0.0 -1.0
1.00135803223e-05 1.0
0.0366141796112 -1.0
0.0729281902313 -1.0
0.123701095581 -1.0
0.16289305687 1.0
0.192445039749 -1.0
0.212593078613 -1.0
0.23375916481 -1.0
0.233770132065 1.0
0.253430128098 -1.0
0.273165225983 -1.0
0.273524045944 1.0
0.293108224869 -1.0
0.313194036484 -1.0
0.333653211594 -1.0
0.333662033081 1.0
0.356620073318 -1.0
0.382129192352 -1.0
0.435310125351 -1.0
0.474857091904 1.0
0.494525194168 -1.0
0.53733420372 -1.0
0.580276012421 -1.0
0.584297180176 -1.0
0.584304094315 1.0
0.640429019928 -1.0
0.692537069321 -1.0
0.712873220444 -1.0
0.713192224503 1.0
0.732828140259 -1.0
0.78564119339 -1.0
0.78884601593 -1.0
0.788871049881 1.0
0.805331230164 -1.0
0.824827194214 -1.0
0.845461130142 -1.0
0.845867156982 1.0
0.87527012825 -1.0
0.895589113235 -1.0
0.918465137482 -1.0
0.918473005295 1.0
0.940105199814 -1.0
0.959839105606 -1.0
1.0203192234 -1.0
1.02256011963 -1.0
1.05887413025 1.0
1.07858204842 -1.0
1.13450813293 -1.0
1.15463709831 -1.0
1.15464901924 1.0
1.16318416595 -1.0
1.16357421875 -1.0
1.16408205032 -1.0
1.16408920288 1.0
1.17445111275 -1.0
1.23224020004 -1.0
1.25115704536 -1.0
1.25579619408 -1.0
1.25581622124 1.0
1.25752019882 -1.0
1.25772404671 -1.0
1.27122712135 -1.0
1.27123713493 1.0
1.29103016853 -1.0
1.34180617332 -1.0
1.34195613861 1.0
1.34202718735 -1.0
1.34282517433 -1.0
1.34342622757 -1.0
1.34371900558 -1.0
1.3447201252 -1.0
1.34472703934 1.0
1.34473419189 -1.0
1.35061502457 -1.0
1.36139822006 -1.0
1.38311719894 -1.0
1.38313817978 1.0
1.38955116272 -1.0
1.40269804001 -1.0
1.44463419914 -1.0
1.44506216049 1.0
1.44538807869 -1.0
1.44580006599 -1.0
1.44665908813 -1.0
1.4466650486 1.0
1.44690513611 -1.0
1.44714307785 -1.0
1.44742822647 -1.0
1.46439218521 -1.0
1.46440005302 1.0
1.47088623047 -1.0
1.47125220299 -1.0
1.48407816887 -1.0
1.51993703842 -1.0
1.51994609833 1.0
1.52055907249 -1.0
1.52205514908 -1.0
1.52215719223 1.0
1.53958821297 -1.0
1.54055118561 -1.0
1.56030201912 -1.0
1.56031107903 1.0
1.56031823158 -1.0
1.56076216698 -1.0
1.56162905693 -1.0
1.58072805405 -1.0
1.58073616028 1.0
1.61024522781 -1.0
1.61067700386 -1.0
1.61106419563 -1.0
1.61107110977 1.0
1.61154413223 -1.0
1.61226415634 -1.0
1.6300702095 -1.0
1.63007903099 1.0
1.6303601265 -1.0
1.63085508347 -1.0
1.63147902489 -1.0
1.63152003288 1.0
1.65744113922 -1.0
1.69477105141 -1.0
1.71485304832 -1.0
1.71517920494 1.0
1.73480606079 -1.0
1.79439115524 -1.0
1.8145210743 -1.0
1.81484818459 1.0
1.85888409615 -1.0
1.91630601883 -1.0
1.9722661972 -1.0
2.01169800758 -1.0
2.01206707954 1.0
2.03655600548 -1.0
2.08883118629 -1.0
2.14640212059 -1.0
2.18287205696 1.0
2.20262503624 -1.0
2.22453904152 -1.0
2.28276801109 -1.0
2.28313302994 1.0
2.30925703049 -1.0
2.34070515633 -1.0
2.40037417412 -1.0
2.40038609505 1.0
2.41451621056 -1.0
2.45661401749 -1.0
2.47052502632 -1.0
2.47125720978 1.0
2.49098014832 -1.0
2.5483481884 -1.0
2.56796121597 -1.0
2.57041811943 -1.0
2.57079005241 1.0
2.61522006989 -1.0
2.67451310158 -1.0
2.70893907547 -1.0
2.74687123299 1.0
2.7667131424 -1.0
2.82456111908 -1.0
2.82475614548 -1.0
2.88445615768 -1.0
2.9990940094 -1.0
2.99948120117 1.0
3.01909613609 -1.0
3.0764131546 -1.0
3.09667420387 -1.0
3.09706616402 1.0
3.12391400337 -1.0
3.1523911953 -1.0
3.172301054 -1.0
3.21087622643 1.0
3.27257108688 -1.0
3.29330205917 -1.0
3.35256719589 -1.0
3.35258102417 1.0
3.35560107231 -1.0
3.40859603882 -1.0
3.41484713554 -1.0
3.47246813774 -1.0
3.48346805573 -1.0
3.48385715485 1.0
3.50376915932 -1.0
3.60247612 -1.0
3.65834403038 -1.0
3.69486808777 1.0
4.28468108177 -1.0
4.34449720383 -1.0
4.34450912476 1.0
4.36405515671 -1.0
4.36438512802 -1.0
4.42067217827 -1.0
4.49754619598 -1.0
4.51751708984 -1.0
4.64116215706 -1.0
4.67887306213 1.0
4.69833612442 -1.0
4.91801214218 -1.0
5.23068118095 -1.0
5.23070907593 1.0
5.49269509315 -1.0
5.49270415306 1.0
5.49271011353 -1.0
5.51225614548 -1.0
6.49390816689 -1.0
6.51453900337 -1.0
15.0903642178 -1.0
15.0903961658 1.0
15.2457640171 -1.0
16.0967760086 -1.0
