0.0 -1.0
1.28746032715e-05 1.0
0.00528693199158 -1.0
0.0147960186005 -1.0
0.0349988937378 -1.0
0.0446870326996 1.0
0.0642158985138 -1.0
0.0952320098877 -1.0
0.152036905289 -1.0
0.153873920441 -1.0
0.193424940109 1.0
0.193651914597 -1.0
0.213004827499 -1.0
0.250756978989 -1.0
0.250766992569 1.0
0.270190000534 -1.0
0.2748670578 -1.0
0.285464048386 -1.0
0.305042028427 -1.0
0.341421842575 1.0
0.352057933807 -1.0
0.364264011383 -1.0
0.383940935135 -1.0
0.384002923965 1.0
0.430896997452 -1.0
0.489001989365 -1.0
0.489084005356 1.0
0.542521953583 -1.0
0.562118053436 -1.0
0.621086835861 -1.0
0.621417999268 1.0
0.668930053711 -1.0
0.722997903824 -1.0
0.745434999466 -1.0
0.745846033096 1.0
0.765588998795 -1.0
0.824178934097 -1.0
0.832963943481 -1.0
0.869442939758 1.0
0.880173921585 -1.0
0.936239004135 -1.0
0.937629938126 -1.0
0.996204853058 -1.0
1.01689791679 1.0
1.02670097351 -1.0
1.07613801956 -1.0
1.13593387604 -1.0
1.19218993187 -1.0
1.21494102478 -1.0
1.21575784683 1.0
1.24425292015 -1.0
1.29825997353 -1.0
1.35614085197 -1.0
1.35616183281 1.0
1.35732793808 -1.0
1.36587285995 -1.0
1.38556194305 -1.0
1.46950387955 -1.0
1.46957683563 1.0
1.46972489357 -1.0
1.4779188633 -1.0
1.48935389519 -1.0
1.52944302559 1.0
1.54024887085 -1.0
1.54894089699 -1.0
1.59696292877 -1.0
1.59697699547 -1.0
1.63342905045 1.0
1.65319490433 -1.0
1.676019907 -1.0
1.76234197617 -1.0
1.76241183281 1.0
1.83011484146 -1.0
1.85297298431 -1.0
1.87356901169 -1.0
1.90230894089 -1.0
1.90235900879 1.0
1.92194890976 -1.0
1.98113799095 -1.0
1.99129700661 -1.0
2.00067687035 -1.0
2.00070405006 1.0
2.02035593987 -1.0
2.08049201965 -1.0
2.08051300049 1.0
2.10040187836 -1.0
2.12621593475 -1.0
2.17684197426 -1.0
2.21342396736 1.0
2.23322987556 -1.0
2.28129601479 -1.0
2.34019684792 -1.0
2.47896790504 -1.0
2.47971987724 1.0
2.5364010334 -1.0
2.54677605629 -1.0
2.59221696854 -1.0
2.59223103523 1.0
2.64826989174 -1.0
2.67350101471 -1.0
2.85488700867 -1.0
2.92092394829 -1.0
2.96543884277 1.0
3.04733204842 -1.0
3.07897806168 -1.0
3.10074305534 -1.0
3.1011660099 1.0
3.1207408905 -1.0
3.14508700371 -1.0
3.16516590118 -1.0
3.16561102867 1.0
3.22425103188 -1.0
3.22578001022 -1.0
3.24573802948 -1.0
3.30493283272 -1.0
3.34142994881 1.0
3.36099696159 -1.0
3.42030096054 -1.0
3.43978786469 -1.0
3.443557024 -1.0
3.4814350605 1.0
3.50302100182 -1.0
3.56472206116 -1.0
3.62427783012 -1.0
3.79472303391 -1.0
3.79531788826 1.0
3.85230588913 -1.0
3.90835905075 -1.0
4.0274720192 -1.0
4.0770778656 -1.0
4.07747793198 1.0
4.11995005608 -1.0
4.18713498116 -1.0
4.24438691139 -1.0
4.25470304489 -1.0
4.25725793839 1.0
4.27850294113 -1.0
4.30885791779 -1.0
4.36844205856 -1.0
4.38879084587 -1.0
4.42541098595 1.0
4.4815928936 -1.0
4.54031395912 -1.0
4.72281098366 -1.0
4.78049087524 -1.0
4.78051304817 1.0
4.83644890785 -1.0
4.96355485916 -1.0
5.07726502419 -1.0
5.07772183418 1.0
5.11498188972 -1.0
5.13893985748 -1.0
5.22096204758 1.0
5.24069905281 -1.0
5.27619886398 -1.0
5.27681994438 1.0
5.33644199371 -1.0
5.57025790215 -1.0
5.59043502808 -1.0
5.59441304207 -1.0
5.63343405724 1.0
5.64860200882 -1.0
5.86127996445 -1.0
5.99065804482 -1.0
6.05711984634 1.0
6.07673788071 -1.0
6.07698202133 -1.0
6.09649801254 -1.0
6.13343095779 1.0
6.13653492928 -1.0
6.15291905403 -1.0
6.15611886978 -1.0
6.15612792969 1.0
6.175770998 -1.0
6.20789599419 -1.0
6.28047394753 -1.0
6.29996395111 -1.0
6.74229383469 -1.0
6.74290895462 1.0
6.76262688637 -1.0
6.7821419239 -1.0
6.94213891029 -1.0
7.05750584602 1.0
7.06789398193 -1.0
7.07716798782 -1.0
7.08741593361 -1.0
7.08780384064 1.0
7.14454603195 -1.0
7.15387105942 -1.0
7.17394304276 -1.0
7.24097585678 -1.0
7.24098706245 1.0
7.26050305367 -1.0
7.35820889473 -1.0
7.45945501328 -1.0
7.46007990837 1.0
7.4798848629 -1.0
7.49947786331 -1.0
7.76093196869 -1.0
8.00913500786 -1.0
8.00915503502 1.0
8.07701992989 -1.0
8.07724285126 -1.0
8.07763385773 1.0
8.11673283577 -1.0
8.17687106133 -1.0
8.29504704475 -1.0
8.31709504128 -1.0
8.31759095192 -1.0
8.31810688972 1.0
8.36897802353 -1.0
8.42863583565 -1.0
8.45333695412 -1.0
8.47359490395 -1.0
8.66444087029 -1.0
8.70143485069 1.0
8.72094583511 -1.0
8.74105501175 -1.0
8.74107003212 1.0
8.76109194756 -1.0
8.97378396988 -1.0
9.13127994537 -1.0
9.31639289856 -1.0
9.31641387939 1.0
10.0767240524 -1.0
10.0780160427 -1.0
10.0784180164 1.0
10.1268210411 -1.0
10.1848628521 -1.0
10.3252470493 -1.0
15.8043880463 -1.0
15.804420948 1.0
15.9289619923 -1.0
15.9484319687 -1.0
31.0558068752 1.0
31.0753879547 -1.0
31.0754849911 -1.0
31.075494051 1.0
31.0757188797 -1.0
31.0950329304 -1.0
