0.0 -1.0
2.31266021729e-05 1.0
0.0200669765472 -1.0
0.103451013565 -1.0
0.191447973251 -1.0
0.192260026932 1.0
0.251027107239 -1.0
0.284878015518 -1.0
0.343199968338 -1.0
0.343210935593 1.0
0.370549917221 -1.0
0.499494075775 -1.0
0.53573513031 -1.0
0.536167144775 1.0
0.595072984695 -1.0
0.614674091339 -1.0
0.670918941498 -1.0
0.671308994293 1.0
0.726999998093 -1.0
0.782161951065 -1.0
0.796247005463 -1.0
0.81591296196 -1.0
0.855263948441 1.0
0.875216960907 -1.0
0.899383068085 -1.0
0.899760961533 -1.0
0.899780988693 1.0
0.918944120407 -1.0
0.959056138992 -1.0
0.95906496048 1.0
0.975075006485 -1.0
0.994843006134 -1.0
1.0511341095 -1.0
1.05115199089 1.0
1.0713031292 -1.0
1.11431193352 -1.0
1.15275001526 -1.0
1.15276098251 1.0
1.1663749218 -1.0
1.16690206528 -1.0
1.17230796814 -1.0
1.17231607437 1.0
1.19189190865 -1.0
1.21367692947 -1.0
1.23365998268 -1.0
1.2340400219 1.0
1.24279713631 -1.0
1.25363707542 -1.0
1.25608801842 -1.0
1.25662899017 -1.0
1.25665211678 1.0
1.25717401505 -1.0
1.25758194923 -1.0
1.26250505447 -1.0
1.26251411438 1.0
1.27568101883 -1.0
1.29524302483 -1.0
1.3319940567 -1.0
1.33200907707 1.0
1.34522294998 -1.0
1.35192203522 -1.0
1.38389801979 -1.0
1.38390898705 1.0
1.3839161396 -1.0
1.40358710289 -1.0
1.43358707428 -1.0
1.43386793137 -1.0
1.43401908875 1.0
1.43415904045 -1.0
1.43465399742 -1.0
1.43466305733 1.0
1.45372796059 -1.0
1.47329711914 -1.0
1.47331309319 -1.0
1.51063013077 -1.0
1.51065206528 1.0
1.5246360302 -1.0
1.52573895454 -1.0
1.52576494217 1.0
1.52642607689 -1.0
1.52718997002 -1.0
1.53051996231 -1.0
1.53061294556 1.0
1.54471206665 -1.0
1.54574513435 -1.0
1.56416010857 -1.0
1.5645160675 -1.0
1.56452298164 1.0
1.56542396545 -1.0
1.56543207169 -1.0
1.58500814438 -1.0
1.60011291504 -1.0
1.60013413429 1.0
1.60471606255 -1.0
1.61191701889 -1.0
1.61330699921 -1.0
1.61333608627 1.0
1.61983704567 -1.0
1.62439703941 -1.0
1.68328404427 -1.0
1.73894095421 -1.0
1.75899505615 -1.0
1.75902199745 1.0
1.76027393341 -1.0
1.81509995461 -1.0
1.85698008537 -1.0
1.9430410862 -1.0
1.97923707962 1.0
1.99884390831 -1.0
2.02103495598 -1.0
2.0411491394 -1.0
2.04116892815 1.0
2.07769012451 -1.0
2.11910700798 -1.0
2.17448806763 -1.0
2.17491292953 1.0
2.19836401939 -1.0
2.32112503052 -1.0
2.42865991592 -1.0
2.42913198471 1.0
2.48734498024 -1.0
2.71682906151 -1.0
2.73690104485 -1.0
2.75636100769 -1.0
3.01445508003 1.0
3.03400611877 -1.0
3.0343170166 -1.0
3.05430912971 -1.0
3.11118793488 -1.0
3.11120700836 1.0
3.16722512245 -1.0
3.20020604134 -1.0
3.25883507729 -1.0
3.25884914398 1.0
3.27899909019 -1.0
3.48992013931 -1.0
3.51023197174 -1.0
3.51024007797 1.0
3.52978205681 -1.0
3.59076809883 -1.0
3.67591691017 -1.0
3.71572899818 -1.0
3.71573591232 1.0
3.73563599586 -1.0
4.03061199188 -1.0
4.03085303307 -1.0
4.03126502037 1.0
4.08733010292 -1.0
4.1566400528 -1.0
4.17658400536 -1.0
4.2561340332 -1.0
4.25614905357 1.0
4.27564692497 -1.0
4.32580900192 -1.0
4.34603691101 -1.0
4.36577701569 -1.0
4.39520192146 -1.0
4.43524813652 1.0
4.45490503311 -1.0
4.4946410656 -1.0
4.5789000988 -1.0
4.57892608643 1.0
4.59852099419 -1.0
4.74977397919 -1.0
4.75017809868 1.0
4.80755901337 -1.0
4.98031902313 -1.0
5.00039196014 -1.0
5.0200510025 -1.0
5.02007007599 1.0
5.03963804245 -1.0
5.04015111923 -1.0
5.06159806252 -1.0
5.11934113503 -1.0
5.135627985 -1.0
5.17526602745 1.0
5.21678209305 -1.0
5.25599694252 -1.0
5.25600600243 1.0
5.25608205795 -1.0
5.27568101883 -1.0
5.36026406288 -1.0
5.54595303535 -1.0
5.56575202942 -1.0
5.70748400688 -1.0
5.70791697502 1.0
5.72803592682 -1.0
5.74815106392 -1.0
5.85954713821 -1.0
5.98720812798 -1.0
6.01041412354 1.0
6.03015398979 -1.0
6.03046798706 -1.0
6.08745312691 -1.0
6.08895111084 -1.0
6.1090400219 -1.0
6.1097381115 -1.0
6.11228108406 1.0
6.13247299194 -1.0
6.1524951458 -1.0
6.17224097252 -1.0
6.17270112038 1.0
6.23140001297 -1.0
6.25630402565 -1.0
6.25927805901 -1.0
6.29922795296 1.0
6.31547808647 -1.0
6.33510112762 -1.0
7.03037309647 -1.0
7.03073310852 -1.0
7.03074812889 1.0
7.06731510162 -1.0
7.12350010872 -1.0
7.12574195862 -1.0
7.16323113441 1.0
8.2038640976 -1.0
8.22385001183 -1.0
8.22386693954 1.0
8.24368691444 -1.0
8.58751511574 -1.0
8.88715600967 -1.0
9.01048398018 1.0
9.03004312515 -1.0
9.03090500832 -1.0
9.07900309563 -1.0
9.07939505577 1.0
9.13576602936 -1.0
9.16623902321 -1.0
9.22355508804 -1.0
9.22387909889 1.0
9.24343514442 -1.0
9.35980701447 -1.0
9.38010001183 -1.0
9.399725914 -1.0
9.48665213585 -1.0
9.52326107025 1.0
9.54600691795 -1.0
9.61065006256 -1.0
10.0107390881 1.0
10.0303149223 -1.0
10.0309920311 -1.0
10.0520620346 -1.0
10.052380085 1.0
10.0958681107 -1.0
15.7490041256 -1.0
15.7688639164 -1.0
15.7688779831 1.0
15.8380310535 -1.0
