0.0 -1.0
0.000831127166748 1.0
0.0454130172729 -1.0
0.101778030396 -1.0
0.132748126984 -1.0
0.132760047913 1.0
0.191371917725 -1.0
0.206928014755 -1.0
0.247385978699 -1.0
0.247392892838 1.0
0.252810955048 -1.0
0.265779972076 -1.0
0.310395002365 -1.0
0.331425905228 -1.0
0.331470966339 1.0
0.351226091385 -1.0
0.374516963959 -1.0
0.394104003906 -1.0
0.394119977951 1.0
0.451366901398 -1.0
0.455044031143 -1.0
0.507380008698 -1.0
0.513866901398 -1.0
0.513900995255 1.0
0.525702953339 -1.0
0.533520936966 -1.0
0.570244073868 1.0
0.571336984634 -1.0
0.589739084244 -1.0
0.615534067154 -1.0
0.658246040344 1.0
0.677784919739 -1.0
0.67987203598 -1.0
0.699503898621 -1.0
0.702414035797 1.0
0.746392011642 -1.0
0.749939918518 -1.0
0.769484996796 -1.0
0.829919099808 -1.0
0.82995390892 1.0
0.874104976654 -1.0
0.882651090622 -1.0
0.902369976044 -1.0
0.942245006561 1.0
0.961754083633 -1.0
1.01938295364 -1.0
1.01939892769 1.0
1.07577109337 -1.0
1.16231608391 1.0
1.18994092941 -1.0
1.18996191025 -1.0
1.19507694244 -1.0
1.22850298882 -1.0
1.22889900208 1.0
1.24583911896 -1.0
1.2874379158 -1.0
1.31345796585 -1.0
1.31350898743 1.0
1.33307909966 -1.0
1.37728404999 -1.0
1.40905189514 -1.0
1.4094889164 1.0
1.46751594543 -1.0
4.24830889702 -1.0
4.26845312119 -1.0
5.18303894997 -1.0
5.18305301666 1.0
5.20267295837 -1.0
5.20309591293 -1.0
5.22807812691 -1.0
5.25883793831 -1.0
5.25922012329 1.0
5.315721035 -1.0
5.44010305405 -1.0
5.46069598198 -1.0
5.48014307022 -1.0
5.65536904335 -1.0
5.65603208542 1.0
5.67572402954 -1.0
5.73178696632 -1.0
5.74339294434 -1.0
5.8017039299 -1.0
5.80171394348 1.0
5.8240981102 -1.0
5.82435011864 -1.0
5.88371491432 -1.0
5.95140600204 -1.0
5.95190501213 1.0
6.00776004791 -1.0
6.02495789528 -1.0
6.18820905685 -1.0
6.18824100494 1.0
6.20771694183 -1.0
6.24799895287 -1.0
6.24802708626 1.0
6.2591149807 -1.0
6.30405497551 -1.0
6.33391809464 -1.0
6.37009596825 -1.0
6.40990304947 1.0
6.42967009544 -1.0
6.58418297768 -1.0
6.5848031044 1.0
6.64744901657 -1.0
6.66706490517 -1.0
6.79556298256 -1.0
6.95313310623 -1.0
7.03929305077 1.0
7.07464504242 -1.0
7.17688512802 -1.0
7.18547105789 -1.0
7.18549704552 1.0
7.2054131031 -1.0
7.26388001442 -1.0
7.29454112053 -1.0
7.31467008591 -1.0
7.68771600723 -1.0
7.72625112534 1.0
9.05215001106 -1.0
9.07243394852 -1.0
9.07245111465 1.0
9.09200906754 -1.0
9.18140411377 -1.0
9.18191504478 -1.0
9.22566008568 -1.0
9.22612905502 1.0
9.27029109001 -1.0
9.47678208351 -1.0
9.85050010681 -1.0
9.85052204132 1.0
10.2370209694 -1.0
10.2964539528 -1.0
10.470400095 -1.0
10.4709899426 1.0
10.4905519485 -1.0
10.5104501247 -1.0
10.7020909786 -1.0
10.8886189461 -1.0
10.8886449337 1.0
11.1134810448 -1.0
11.1336638927 -1.0
11.1622450352 1.0
11.181787014 -1.0
11.1823329926 -1.0
11.233438015 -1.0
11.2923159599 -1.0
11.3115129471 -1.0
11.3502380848 1.0
11.7568929195 -1.0
11.7770860195 -1.0
11.777107954 1.0
11.7967729568 -1.0
11.965898037 -1.0
12.0640919209 -1.0
12.1619160175 1.0
12.181634903 -1.0
12.1819019318 -1.0
12.2017960548 -1.0
12.2382640839 1.0
12.2402780056 -1.0
12.2580170631 -1.0
12.2598760128 -1.0
12.2598850727 1.0
12.2795879841 -1.0
12.3176920414 -1.0
12.3741090298 -1.0
12.3747029305 1.0
12.3946750164 -1.0
12.4151721001 -1.0
12.4749510288 -1.0
12.5365629196 -1.0
12.5742750168 1.0
12.603274107 -1.0
12.62332201 -1.0
12.772840023 -1.0
12.8323409557 -1.0
12.8323569298 1.0
12.8886249065 -1.0
12.9102880955 -1.0
13.0172519684 -1.0
13.1270689964 -1.0
13.1296980381 1.0
13.1497349739 -1.0
13.1921949387 -1.0
13.2125639915 -1.0
13.2125821114 1.0
13.2682600021 -1.0
13.2829790115 -1.0
13.2878360748 -1.0
13.3077449799 -1.0
13.3082289696 1.0
13.345979929 -1.0
13.40893507 -1.0
13.468282938 -1.0
13.4683020115 1.0
13.4871029854 -1.0
13.4878571033 -1.0
13.5472021103 -1.0
13.6154510975 -1.0
13.6542339325 1.0
14.181773901 -1.0
14.1821329594 -1.0
14.1825549603 1.0
14.2404129505 -1.0
15.9491128922 -1.0
17.1814789772 -1.0
17.1819078922 -1.0
17.1819210052 1.0
17.2405519485 -1.0
20.1817729473 -1.0
20.1822750568 -1.0
20.1826319695 1.0
20.2131950855 -1.0
20.273047924 -1.0
20.3509259224 -1.0
30.1613891125 1.0
30.1827020645 -1.0
30.1831030846 -1.0
30.1834900379 1.0
30.2099189758 -1.0
30.2165439129 -1.0
30.2169179916 1.0
30.2585790157 -1.0
30.2591569424 -1.0
30.2735350132 -1.0
30.308811903 -1.0
30.3089449406 1.0
30.3357260227 -1.0
30.357681036 -1.0
30.374243021 1.0
30.4449129105 -1.0
30.4935441017 -1.0
30.4940989017 -1.0
30.5432610512 -1.0
30.543282032 1.0
30.5929009914 -1.0
30.6426229477 -1.0
30.6428010464 -1.0
30.6428279877 1.0
30.6428380013 -1.0
30.6429409981 -1.0
30.6937179565 -1.0
30.6937699318 -1.0
30.693789959 -1.0
30.6938099861 -1.0
30.6938250065 1.0
30.7309670448 -1.0
30.7462449074 -1.0
30.7462830544 1.0
30.7462949753 -1.0
30.7464361191 -1.0
30.7464580536 -1.0
30.7464749813 -1.0
30.7464959621 -1.0
30.7465190887 -1.0
30.7466568947 -1.0
30.7466650009 1.0
30.7467830181 -1.0
30.7469129562 -1.0
30.7471261024 1.0
30.7799460888 -1.0
30.8018500805 -1.0
30.80189991 -1.0
30.8020329475 -1.0
30.8020429611 1.0
30.8020479679 -1.0
30.8021829128 -1.0
30.802200079 -1.0
30.8022201061 -1.0
30.8023359776 -1.0
30.8023428917 1.0
30.8024508953 -1.0
30.8026969433 -1.0
30.8027091026 -1.0
30.8027179241 1.0
30.8028440475 -1.0
30.8029649258 -1.0
30.8029720783 1.0
30.803235054 -1.0
30.8033249378 -1.0
30.8034210205 -1.0
30.803426981 1.0
30.8035180569 -1.0
30.803632021 -1.0
30.8036389351 1.0
30.8038160801 -1.0
30.8305990696 -1.0
30.8306260109 1.0
30.8512949944 -1.0
30.85145998 -1.0
30.8514709473 1.0
30.8595070839 -1.0
30.8595468998 -1.0
30.8595879078 -1.0
30.8599491119 1.0
30.8600671291 -1.0
30.860090971 -1.0
30.8601911068 -1.0
30.8601989746 1.0
30.8602061272 -1.0
30.8604490757 -1.0
30.8605630398 -1.0
30.8605699539 1.0
30.860822916 -1.0
30.8609540462 -1.0
30.8610780239 -1.0
30.861084938 1.0
30.8612070084 -1.0
30.8795669079 -1.0
30.8795781136 1.0
30.9076828957 -1.0
30.9092159271 -1.0
30.9280600548 -1.0
30.9658360481 1.0
30.9854180813 -1.0
30.9858551025 -1.0
31.0059950352 -1.0
31.0060100555 1.0
31.0128920078 -1.0
31.0145540237 -1.0
31.0145590305 -1.0
31.0262010098 -1.0
31.0459480286 -1.0
31.0542509556 1.0
31.0626060963 -1.0
31.1028380394 -1.0
31.1029100418 1.0
32.1804249287 -1.0
36.0925350189 -1.0
36.0925600529 1.0
