0.0 -1.0
0.000195980072021 1.0
0.0463261604309 -1.0
0.0660560131073 -1.0
0.118656158447 1.0
0.121970176697 -1.0
0.177016973495 -1.0
0.195331096649 -1.0
0.23295712471 -1.0
0.232974052429 1.0
0.252753019333 -1.0
0.34576010704 -1.0
0.346042156219 1.0
0.365432977676 -1.0
0.404873132706 -1.0
0.420335054398 -1.0
0.421713113785 -1.0
0.421736955643 1.0
0.428524017334 -1.0
0.441289186478 -1.0
0.507308959961 -1.0
0.508553028107 -1.0
0.508623123169 1.0
0.51592206955 -1.0
0.527042150497 -1.0
0.564836025238 -1.0
0.584423065186 -1.0
0.622251033783 1.0
0.641782045364 -1.0
0.700869083405 -1.0
0.757825136185 -1.0
0.760468006134 1.0
0.780523061752 -1.0
0.787345170975 -1.0
0.79385304451 -1.0
0.801015138626 -1.0
0.801030158997 1.0
0.831680059433 -1.0
0.88879108429 -1.0
0.915260076523 -1.0
0.917323112488 -1.0
0.93692612648 -1.0
0.937510967255 1.0
0.957137107849 -1.0
1.07950305939 -1.0
1.13780808449 -1.0
1.13833212852 1.0
1.19702196121 -1.0
1.24654197693 -1.0
1.26895809174 -1.0
1.26932215691 1.0
1.28888010979 -1.0
1.34587907791 -1.0
1.38228702545 1.0
1.39289903641 -1.0
1.40191602707 -1.0
1.44886517525 -1.0
1.4488761425 1.0
1.4578461647 -1.0
1.50486302376 -1.0
1.51377511024 -1.0
1.55430006981 1.0
1.56099700928 -1.0
1.57383704185 -1.0
1.62083601952 -1.0
1.62084412575 1.0
1.62979102135 -1.0
1.67685818672 -1.0
1.74089813232 -1.0
2.01099896431 -1.0
2.01102304459 1.0
2.09329915047 -1.0
2.11354112625 -1.0
2.28501009941 -1.0
2.28545403481 1.0
2.3449549675 -1.0
2.52752017975 -1.0
2.5478990078 -1.0
2.56754612923 -1.0
2.72916316986 -1.0
2.76627516747 1.0
2.85774803162 -1.0
2.94585895538 -1.0
2.94647908211 1.0
2.96599197388 -1.0
3.24222302437 -1.0
3.26265215874 -1.0
3.28220415115 -1.0
3.33421707153 1.0
3.35405111313 -1.0
3.35447001457 -1.0
3.41304516792 -1.0
3.42879199982 -1.0
3.44903302193 -1.0
3.44905114174 1.0
3.45977401733 -1.0
3.50511312485 -1.0
3.52483010292 -1.0
3.58594107628 -1.0
3.58595705032 1.0
3.71235013008 -1.0
3.83350610733 -1.0
3.91018199921 -1.0
3.91019201279 1.0
4.11019015312 -1.0
4.1405620575 -1.0
4.27096414566 -1.0
4.27098107338 1.0
4.29123806953 -1.0
4.35382604599 -1.0
4.35409498215 -1.0
4.35447907448 1.0
4.38477015495 -1.0
4.42705798149 -1.0
4.59354901314 -1.0
4.59412097931 1.0
4.65312099457 -1.0
4.67296814919 -1.0
4.9156730175 -1.0
5.03751516342 -1.0
5.03753304482 1.0
5.18981313705 -1.0
5.21070599556 -1.0
5.26187300682 -1.0
5.2624361515 1.0
5.28192901611 -1.0
5.28249812126 -1.0
5.30146718025 -1.0
5.32875609398 -1.0
5.33388495445 1.0
5.35400009155 -1.0
5.37485599518 -1.0
5.43412804604 -1.0
5.43414402008 1.0
5.49315714836 -1.0
5.51299715042 -1.0
5.51354813576 -1.0
5.51387810707 1.0
5.5404920578 -1.0
5.56666898727 -1.0
5.58672714233 -1.0
5.62627696991 1.0
5.8587231636 -1.0
5.91719198227 -1.0
5.91720104218 1.0
5.93688201904 -1.0
6.14867401123 -1.0
6.2827911377 -1.0
6.28280210495 1.0
6.30310702324 -1.0
6.35925507545 -1.0
6.46066308022 -1.0
6.48080706596 -1.0
6.48083400726 1.0
6.50160098076 -1.0
6.54761099815 -1.0
6.56766200066 -1.0
6.71496009827 -1.0
6.71557211876 1.0
6.73556113243 -1.0
6.86710596085 -1.0
6.92593097687 -1.0
6.92654204369 1.0
6.94612812996 -1.0
6.9656920433 -1.0
7.10535907745 -1.0
7.2531671524 -1.0
7.25319695473 1.0
7.35335898399 -1.0
7.35354208946 -1.0
7.35396909714 1.0
7.37307405472 -1.0
7.41323399544 -1.0
7.42975401878 -1.0
7.43284702301 -1.0
7.46628212929 1.0
7.67803096771 -1.0
7.69808506966 -1.0
7.69810605049 1.0
7.71764802933 -1.0
7.93186903 -1.0
8.15362501144 -1.0
8.33365917206 1.0
8.35325813293 -1.0
8.35390710831 -1.0
8.38990807533 -1.0
8.39038801193 1.0
8.41642618179 -1.0
8.43879199028 -1.0
8.45922112465 -1.0
8.49828004837 1.0
8.51794910431 -1.0
8.57745099068 -1.0
8.62020897865 -1.0
8.62065696716 1.0
8.64035415649 -1.0
8.88901400566 -1.0
8.9092040062 -1.0
8.92886900902 -1.0
9.15698003769 -1.0
9.19428896904 1.0
9.32258796692 -1.0
9.35388898849 -1.0
9.35389900208 -1.0
9.35427904129 1.0
9.38550901413 -1.0
9.44547796249 -1.0
9.44577002525 -1.0
9.52717900276 -1.0
9.52720403671 1.0
16.0466589928 -1.0
29.332157135 1.0
29.3516860008 -1.0
29.351785183 -1.0
29.3518691063 -1.0
29.371489048 -1.0
