0.0 -1.0
0.039402961731 1.0
0.0589509010315 -1.0
0.118312835693 -1.0
0.126405954361 -1.0
0.183241844177 -1.0
0.183963060379 1.0
0.242251873016 -1.0
0.251266002655 -1.0
0.286951065063 -1.0
0.380583047867 -1.0
0.380599975586 1.0
0.386930942535 -1.0
0.413816928864 -1.0
0.41382598877 1.0
0.446156024933 -1.0
0.446352005005 -1.0
0.532317876816 -1.0
0.5418009758 -1.0
0.590930938721 -1.0
0.624083042145 -1.0
0.624098062515 1.0
0.638870954514 -1.0
0.64361000061 -1.0
0.646297931671 1.0
0.702389955521 -1.0
0.721974849701 -1.0
0.773828983307 -1.0
0.776499986649 1.0
0.78621006012 -1.0
0.796073913574 -1.0
0.847058057785 -1.0
0.86696100235 -1.0
0.872315883636 -1.0
0.872791051865 1.0
0.896981954575 -1.0
0.905446052551 -1.0
0.924926042557 -1.0
0.983038902283 -1.0
0.983094930649 1.0
1.02213597298 -1.0
1.07895088196 -1.0
1.11542701721 1.0
1.13504290581 -1.0
1.18721795082 -1.0
1.18723487854 1.0
1.20716500282 -1.0
1.26623106003 -1.0
1.28604888916 -1.0
1.36437106133 -1.0
1.36482191086 1.0
1.40252900124 -1.0
1.45918297768 -1.0
1.51502799988 -1.0
1.55139088631 1.0
1.5712890625 -1.0
1.62699890137 -1.0
1.68625307083 -1.0
1.87147593498 -1.0
1.87204384804 1.0
1.89162993431 -1.0
1.91140294075 -1.0
2.11274385452 -1.0
2.17093706131 -1.0
2.17523288727 1.0
2.19479894638 -1.0
2.19527196884 -1.0
2.22497987747 -1.0
2.28287100792 -1.0
2.28328084946 1.0
2.30293893814 -1.0
2.32481694221 -1.0
2.34690499306 -1.0
2.34797692299 1.0
2.36749100685 -1.0
2.38891291618 -1.0
2.40887188911 -1.0
2.4092400074 1.0
2.4288110733 -1.0
2.46058988571 -1.0
2.51829004288 -1.0
2.61251592636 -1.0
2.61325597763 1.0
2.63299703598 -1.0
2.69039988518 -1.0
2.74633383751 -1.0
2.80463290215 -1.0
2.84341287613 1.0
2.86315798759 -1.0
2.94719600677 -1.0
3.00309300423 -1.0
3.03941202164 1.0
3.12043404579 -1.0
3.17919206619 -1.0
3.19438290596 -1.0
3.19439697266 1.0
3.2138979435 -1.0
3.27029395103 -1.0
3.35462284088 -1.0
3.37483286858 -1.0
3.48090291023 -1.0
3.51940798759 1.0
4.71975803375 -1.0
4.73993802071 -1.0
4.73994684219 1.0
4.75939297676 -1.0
5.07108998299 -1.0
5.19459486008 -1.0
5.19498205185 -1.0
5.19499397278 1.0
5.21901893616 -1.0
5.27846503258 -1.0
5.27847599983 1.0
5.2979619503 -1.0
5.31158494949 -1.0
5.37098503113 -1.0
5.69074201584 -1.0
5.69076991081 1.0
5.72870397568 -1.0
5.76076984406 -1.0
5.7607820034 1.0
5.79310393333 -1.0
5.85090303421 -1.0
5.85144495964 1.0
5.91047692299 -1.0
5.99858689308 -1.0
6.01874089241 -1.0
6.03840684891 -1.0
6.15754199028 -1.0
6.17465090752 1.0
6.19426393509 -1.0
6.19497203827 -1.0
6.23567795753 -1.0
6.25557684898 -1.0
6.29540801048 1.0
6.31489896774 -1.0
6.33449983597 -1.0
6.33502101898 1.0
6.39070892334 -1.0
6.49657702446 -1.0
6.55458593369 -1.0
6.61059784889 -1.0
6.66029596329 -1.0
6.69942998886 1.0
6.75951385498 -1.0
6.89719796181 -1.0
6.9201529026 -1.0
6.92062091827 1.0
6.95410084724 -1.0
6.98300099373 -1.0
7.04275202751 -1.0
7.10798287392 -1.0
7.10853290558 1.0
7.12820196152 -1.0
7.14778995514 -1.0
7.19453597069 -1.0
7.1948568821 -1.0
7.19521903992 1.0
7.22793292999 -1.0
7.24849295616 -1.0
7.33845186234 -1.0
7.37541604042 1.0
7.39496684074 -1.0
7.47131204605 -1.0
7.53066301346 -1.0
8.10533189774 -1.0
8.10599684715 1.0
8.12657284737 -1.0
8.14612293243 -1.0
8.19563603401 -1.0
8.19599485397 -1.0
8.1963660717 1.0
8.23976302147 -1.0
8.2986998558 -1.0
8.30150794983 -1.0
8.35917806625 -1.0
8.35919904709 1.0
8.43838500977 -1.0
8.54306006432 -1.0
9.17586684227 1.0
9.19534492493 -1.0
9.19572591782 -1.0
9.23296904564 -1.0
9.23354387283 1.0
9.29084086418 -1.0
9.29261088371 -1.0
14.9438118935 -1.0
17.1735320091 1.0
17.1932809353 -1.0
17.1933250427 -1.0
17.1933288574 1.0
17.1935079098 -1.0
17.2130169868 -1.0
