0.0 -1.0
0.0172951221466 1.0
0.0368671417236 -1.0
0.0575921535492 -1.0
0.0997581481934 -1.0
0.099769115448 1.0
0.128880023956 -1.0
0.174772024155 -1.0
0.231053113937 1.0
0.232860088348 -1.0
0.289082050323 -1.0
0.289798021317 -1.0
0.329250097275 1.0
0.345129966736 -1.0
0.349658966064 -1.0
0.401230096817 -1.0
0.401240110397 1.0
0.4230260849 -1.0
0.466387987137 -1.0
0.525474071503 -1.0
0.776608943939 -1.0
0.776970148087 1.0
0.779091119766 -1.0
0.779165029526 -1.0
0.796582937241 -1.0
0.874235153198 -1.0
0.874251127243 1.0
0.878560066223 -1.0
0.893892049789 -1.0
0.894607067108 1.0
0.914227962494 -1.0
0.921689033508 -1.0
0.923784017563 -1.0
0.943293094635 -1.0
0.981292009354 1.0
1.00863695145 -1.0
1.02837109566 -1.0
1.03143310547 1.0
1.08948111534 -1.0
1.09257912636 -1.0
1.10909509659 -1.0
1.12072515488 -1.0
1.12113809586 1.0
1.12883806229 -1.0
1.12887406349 -1.0
1.14041399956 -1.0
1.17720103264 -1.0
1.19694113731 -1.0
1.19737696648 1.0
1.23191714287 -1.0
1.24817895889 -1.0
1.26790904999 -1.0
1.30526995659 1.0
1.33857417107 -1.0
1.39745306969 -1.0
1.47477197647 -1.0
1.47551298141 1.0
1.53324604034 -1.0
1.58923316002 -1.0
1.60980010033 -1.0
1.70748114586 -1.0
1.70791602135 1.0
1.72749209404 -1.0
1.85597515106 -1.0
1.87854909897 -1.0
1.87896108627 1.0
1.93729400635 -1.0
1.986287117 -1.0
2.04539608955 -1.0
2.16389513016 -1.0
2.18437099457 -1.0
2.1843919754 1.0
2.24130797386 -1.0
2.29741811752 -1.0
2.63851809502 -1.0
2.69704794884 -1.0
2.6970641613 1.0
2.71727895737 -1.0
2.73682498932 -1.0
2.87338805199 -1.0
2.91330313683 1.0
3.0683259964 -1.0
3.06894898415 -1.0
3.06934714317 1.0
3.10411095619 -1.0
3.1280579567 -1.0
3.14816713333 -1.0
3.14855098724 1.0
3.19001507759 -1.0
3.21019506454 -1.0
3.26893496513 -1.0
3.26895093918 1.0
3.32543802261 -1.0
3.40778398514 -1.0
3.48555016518 -1.0
3.48613810539 1.0
3.50573515892 -1.0
3.5252699852 -1.0
3.69356799126 -1.0
3.75277805328 -1.0
3.78928494453 1.0
3.86307501793 -1.0
4.06158399582 -1.0
4.06837201118 -1.0
4.06838107109 1.0
4.08804011345 -1.0
4.11393094063 -1.0
4.15256500244 -1.0
4.18928098679 1.0
4.30518603325 -1.0
4.36191105843 -1.0
4.38141798973 -1.0
4.54154396057 -1.0
4.58129000664 1.0
4.7037460804 -1.0
4.90284514427 -1.0
4.92303109169 -1.0
4.96574616432 -1.0
4.9663131237 1.0
4.98585009575 -1.0
5.00589203835 -1.0
5.02713894844 -1.0
5.06891703606 -1.0
5.10526704788 1.0
5.12481594086 -1.0
5.15860199928 -1.0
5.21747708321 -1.0
5.21748709679 1.0
5.23710012436 -1.0
5.23957300186 -1.0
5.29700994492 -1.0
5.35351705551 -1.0
6.04963707924 1.0
6.06941914558 -1.0
6.07008814812 -1.0
6.11333799362 -1.0
6.16953897476 -1.0
6.19440102577 -1.0
6.20862197876 1.0
6.22843313217 -1.0
6.24802708626 -1.0
7.15712809563 -1.0
7.17744803429 -1.0
7.1774699688 1.0
7.19720005989 -1.0
7.50820112228 -1.0
7.79533696175 -1.0
8.04895710945 1.0
8.06867194176 -1.0
8.06886696815 -1.0
8.09016394615 -1.0
8.09050607681 1.0
8.11633515358 -1.0
8.13632202148 -1.0
8.20075416565 -1.0
8.20077514648 1.0
8.25767707825 -1.0
8.27734804153 -1.0
8.28120303154 -1.0
8.31729602814 1.0
8.34114313126 -1.0
8.41408705711 -1.0
8.41467905045 1.0
8.47395515442 -1.0
8.5791220665 -1.0
8.60026311874 -1.0
8.6206741333 -1.0
8.74438095093 -1.0
8.78129410744 1.0
8.86076116562 -1.0
9.01764798164 -1.0
9.03992009163 -1.0
9.04035401344 -1.0
9.04071116447 1.0
9.09017801285 -1.0
9.11085295677 -1.0
9.16984915733 -1.0
9.1698679924 1.0
9.1901371479 -1.0
9.19667005539 -1.0
9.25411605835 -1.0
9.38714408875 -1.0
9.40981698036 -1.0
9.40983104706 1.0
9.46588611603 -1.0
9.48542499542 -1.0
9.56367897987 -1.0
9.65280604362 -1.0
9.68930697441 1.0
9.81389713287 -1.0
9.87285113335 -1.0
10.0488090515 1.0
10.0686070919 -1.0
10.068846941 -1.0
10.1260311604 -1.0
10.1715199947 -1.0
10.1918449402 -1.0
10.7598121166 -1.0
10.7972991467 1.0
14.8379559517 -1.0
15.046931982 1.0
15.0665481091 -1.0
15.0665650368 -1.0
15.0667619705 -1.0
15.086055994 -1.0
15.8114719391 -1.0
15.8114950657 1.0
