0.0 -1.0
1.69277191162e-05 1.0
0.0193109512329 -1.0
0.0560429096222 -1.0
0.137889862061 -1.0
0.158465862274 -1.0
0.158478975296 1.0
0.216076850891 -1.0
0.272563934326 -1.0
0.273047924042 -1.0
0.328804969788 -1.0
0.365244865417 1.0
0.385027885437 -1.0
0.44551897049 -1.0
0.486681938171 -1.0
0.489336013794 1.0
0.509351015091 -1.0
0.53434586525 -1.0
0.59210896492 -1.0
0.645675897598 -1.0
0.645999908447 1.0
0.704170942307 -1.0
0.796655893326 -1.0
0.856096982956 -1.0
0.859153985977 -1.0
0.859184980392 -1.0
0.86204791069 1.0
0.878756999969 -1.0
0.920096874237 -1.0
0.940018892288 -1.0
0.960500001907 -1.0
0.960508823395 1.0
1.01610994339 -1.0
1.03234696388 -1.0
1.07211995125 -1.0
1.08873081207 -1.0
1.08881497383 1.0
1.16014289856 -1.0
1.18264389038 -1.0
1.18300390244 1.0
1.23529887199 -1.0
1.29211091995 -1.0
1.32687401772 -1.0
1.32736492157 1.0
1.38413500786 -1.0
1.53999686241 -1.0
1.54001903534 -1.0
1.55970096588 -1.0
1.59611296654 -1.0
1.59731698036 1.0
1.62272286415 -1.0
1.72899389267 -1.0
1.7295229435 1.0
1.77177882195 -1.0
1.79166388512 -1.0
1.89800286293 -1.0
1.93731284142 1.0
1.9588060379 -1.0
2.01619887352 -1.0
2.72429990768 -1.0
2.74481987953 -1.0
2.74482989311 1.0
2.7643969059 -1.0
2.85171890259 -1.0
2.8716878891 -1.0
2.90052700043 -1.0
3.02127695084 -1.0
3.02129888535 1.0
3.18000984192 -1.0
3.20312595367 -1.0
3.20348596573 1.0
3.24820899963 -1.0
3.30432391167 -1.0
3.30447101593 -1.0
3.32440495491 -1.0
3.36991500854 -1.0
3.37069201469 1.0
3.39032387733 -1.0
3.40987181664 -1.0
3.43486595154 -1.0
3.49278903008 -1.0
3.49280285835 1.0
3.5392999649 -1.0
3.72945594788 -1.0
3.72984695435 1.0
3.78833603859 -1.0
3.80077600479 -1.0
3.82083392143 -1.0
3.90277385712 -1.0
3.9696958065 -1.0
3.97024083138 1.0
3.98969984055 -1.0
4.00930500031 -1.0
4.47653388977 -1.0
4.70918798447 1.0
4.72882199287 -1.0
4.72921490669 -1.0
4.76122283936 -1.0
4.76164197922 1.0
4.82045602798 -1.0
4.87554383278 -1.0
5.17955303192 1.0
5.19884896278 -1.0
5.19920086861 -1.0
5.21842002869 -1.0
5.43031096458 -1.0
5.62463998795 -1.0
5.62466287613 1.0
5.64471888542 -1.0
6.19984483719 -1.0
6.19985389709 1.0
6.21939682961 -1.0
6.3041779995 -1.0
6.44386982918 -1.0
6.44448494911 1.0
6.46391892433 -1.0
6.48341488838 -1.0
6.68653798103 -1.0
6.72820901871 -1.0
6.72864603996 -1.0
6.7290289402 1.0
6.78848099709 -1.0
6.820748806 -1.0
6.84077382088 -1.0
6.89322590828 -1.0
7.1978328228 -1.0
7.19785785675 1.0
7.21792697906 -1.0
7.37674689293 -1.0
7.43290495872 -1.0
7.43292093277 1.0
7.45313191414 -1.0
7.47352600098 -1.0
7.69888687134 -1.0
7.70904493332 1.0
7.72864890099 -1.0
7.72898697853 -1.0
7.75467991829 -1.0
7.7941429615 -1.0
7.83331894875 1.0
7.87880086899 -1.0
7.95357990265 -1.0
7.95414686203 1.0
8.01269888878 -1.0
8.15708804131 -1.0
8.17740297318 -1.0
8.19698596001 -1.0
8.36094903946 -1.0
8.39729785919 1.0
8.52698993683 -1.0
8.72833585739 -1.0
8.72857689857 -1.0
8.72858381271 1.0
8.74832081795 -1.0
8.78477096558 -1.0
8.80434298515 -1.0
8.8047709465 1.0
8.86080503464 -1.0
8.90870881081 -1.0
8.97747302055 -1.0
8.99757385254 -1.0
8.99758601189 1.0
9.01712703705 -1.0
9.17814683914 -1.0
9.28851103783 -1.0
9.40263080597 -1.0
9.4033010006 1.0
9.42291998863 -1.0
9.72901797295 -1.0
9.72964000702 -1.0
9.77517986298 -1.0
9.7756998539 1.0
9.8327460289 -1.0
10.0188338757 -1.0
10.8146038055 -1.0
10.8152298927 1.0
10.8347220421 -1.0
10.854339838 -1.0
11.1979548931 -1.0
11.436604023 -1.0
11.4366288185 1.0
11.7285959721 -1.0
11.7301928997 -1.0
11.7305688858 1.0
11.7497189045 -1.0
11.7891879082 -1.0
11.8088078499 -1.0
11.8688390255 -1.0
11.8773360252 -1.0
11.9173209667 1.0
12.010217905 -1.0
12.0304248333 -1.0
12.0304398537 1.0
12.0501179695 -1.0
12.2263379097 -1.0
12.3595428467 -1.0
12.5305168629 -1.0
12.5305399895 1.0
12.7286219597 -1.0
12.7322509289 -1.0
12.7326619625 1.0
12.7765889168 -1.0
12.8330600262 -1.0
12.914744854 -1.0
13.7076230049 1.0
13.7277669907 -1.0
13.7277848721 1.0
13.7277908325 -1.0
13.7473950386 -1.0
15.4381029606 -1.0
15.5221309662 -1.0
