0.0 -1.0
0.000448942184448 1.0
0.0395040512085 -1.0
0.0593910217285 -1.0
0.117858886719 -1.0
0.154268980026 1.0
0.159920930862 -1.0
0.174324035645 -1.0
0.2192029953 -1.0
0.219213962555 1.0
0.238795042038 -1.0
0.239715099335 -1.0
0.265604019165 -1.0
0.285953044891 -1.0
0.286382913589 1.0
0.328084945679 -1.0
0.375704050064 -1.0
0.435363054276 -1.0
0.435378074646 1.0
0.491277933121 -1.0
0.521198987961 -1.0
0.57529592514 -1.0
0.575304031372 1.0
0.577877998352 -1.0
0.631269931793 -1.0
0.633711099625 -1.0
0.693759918213 -1.0
0.694087028503 1.0
0.723031997681 -1.0
0.770464897156 -1.0
0.833774089813 -1.0
0.835964918137 1.0
0.855979919434 -1.0
0.885515928268 -1.0
0.895061016083 -1.0
0.897660970688 1.0
0.904999017715 -1.0
0.95529794693 -1.0
0.961910963058 -1.0
0.961949110031 1.0
0.973632097244 -1.0
0.973646879196 -1.0
0.974015951157 -1.0
0.981462955475 -1.0
0.984451055527 1.0
1.04338097572 -1.0
1.11000990868 -1.0
1.13296294212 -1.0
1.16367197037 -1.0
1.16411709785 1.0
1.16828393936 -1.0
1.16829299927 -1.0
1.16843891144 -1.0
1.16855502129 -1.0
1.1687040329 -1.0
1.16870903969 1.0
1.16881799698 -1.0
1.1838080883 -1.0
1.25161004066 -1.0
1.25165891647 1.0
1.25665402412 -1.0
1.25667309761 -1.0
1.25693893433 -1.0
1.25716710091 -1.0
1.25718402863 1.0
1.25719308853 -1.0
1.25729107857 -1.0
1.25759196281 -1.0
1.25767207146 -1.0
1.25797009468 -1.0
1.27156209946 -1.0
1.27158808708 1.0
1.27625489235 -1.0
1.27638888359 -1.0
1.33379888535 -1.0
1.33381009102 1.0
1.34618997574 -1.0
1.34623098373 -1.0
1.34633803368 -1.0
1.34635090828 -1.0
1.3464550972 -1.0
1.34647488594 -1.0
1.34647703171 1.0
1.34657597542 -1.0
1.3466091156 -1.0
1.34671092033 -1.0
1.3467540741 -1.0
1.34690093994 -1.0
1.34690690041 1.0
1.34692907333 -1.0
1.347012043 -1.0
1.34712409973 -1.0
1.36580705643 -1.0
1.36594200134 -1.0
1.40227389336 1.0
1.42190098763 -1.0
1.43571996689 -1.0
1.43572998047 -1.0
1.43579506874 -1.0
1.43580889702 1.0
1.43612194061 -1.0
1.43625998497 -1.0
1.43637609482 -1.0
1.43639302254 -1.0
1.43652009964 -1.0
1.43656206131 -1.0
1.43657398224 1.0
1.43754911423 -1.0
1.43755793571 -1.0
1.43756890297 -1.0
1.43757605553 1.0
1.45576310158 -1.0
1.45578408241 -1.0
1.45596599579 -1.0
1.45597195625 1.0
1.51551699638 -1.0
1.52429389954 -1.0
1.52451491356 -1.0
1.5245308876 1.0
1.52575993538 -1.0
1.5259180069 -1.0
1.54451298714 -1.0
1.54452490807 1.0
1.54453492165 -1.0
1.54597902298 -1.0
1.56531405449 -1.0
1.5653231144 1.0
1.56562900543 -1.0
1.56582093239 -1.0
1.61417102814 -1.0
1.61419296265 1.0
1.6145670414 -1.0
1.61554193497 -1.0
1.61555504799 -1.0
1.61616802216 -1.0
1.61617302895 1.0
1.61684799194 -1.0
1.62203788757 -1.0
1.62204408646 1.0
1.63390207291 -1.0
1.63431501389 -1.0
1.65335702896 -1.0
1.77665996552 -1.0
1.77714109421 1.0
1.83545088768 -1.0
1.89146089554 -1.0
1.92480587959 -1.0
1.94489097595 -1.0
1.94490194321 1.0
2.00334000587 -1.0
2.04926609993 -1.0
2.11939311028 -1.0
2.17799210548 -1.0
2.18036293983 1.0
2.20043897629 -1.0
2.23167300224 -1.0
2.26529788971 -1.0
2.26573300362 1.0
2.3149330616 -1.0
2.33495903015 -1.0
2.39143109322 -1.0
2.40497303009 -1.0
2.40543007851 1.0
2.42504000664 -1.0
2.57283210754 -1.0
3.69765496254 -1.0
3.69767999649 1.0
3.7554628849 -1.0
3.7750620842 -1.0
4.00541305542 -1.0
4.04228210449 1.0
4.28168201447 -1.0
4.32094693184 -1.0
4.32129192352 -1.0
4.32164001465 1.0
4.36611294746 -1.0
4.40331101418 -1.0
4.61466503143 -1.0
4.61468911171 1.0
4.67154502869 -1.0
4.70466709137 -1.0
4.70467495918 1.0
4.72419595718 -1.0
4.91891098022 -1.0
4.93887495995 -1.0
4.95836400986 -1.0
5.27607893944 -1.0
5.30215787888 1.0
5.32192707062 -1.0
5.32225108147 -1.0
5.3436589241 -1.0
5.38775491714 -1.0
5.42627596855 1.0
5.54471206665 -1.0
5.68568110466 1.0
5.70529389381 -1.0
5.76368403435 -1.0
5.79782605171 -1.0
5.79827404022 1.0
5.81796193123 -1.0
6.36328196526 -1.0
6.38326787949 -1.0
6.40305399895 -1.0
6.49321699142 -1.0
6.53028202057 1.0
6.59830498695 -1.0
6.70557308197 -1.0
6.70558309555 1.0
6.7253909111 -1.0
6.7437210083 -1.0
6.80372095108 -1.0
6.83839297295 -1.0
6.87827110291 1.0
7.17252588272 -1.0
7.19305109978 -1.0
7.19306588173 1.0
7.21273708344 -1.0
7.32178401947 -1.0
7.32217502594 -1.0
7.35520100594 -1.0
7.35559797287 1.0
7.40387988091 -1.0
7.46171402931 -1.0
7.48152494431 -1.0
7.48153209686 1.0
7.65560698509 -1.0
7.71188497543 -1.0
7.85469698906 -1.0
7.85511088371 1.0
7.87472009659 -1.0
7.89440393448 -1.0
8.05248093605 -1.0
8.16941189766 -1.0
8.16944098473 1.0
8.32413005829 -1.0
8.32456493378 -1.0
8.34465193748 -1.0
8.34672093391 1.0
8.36664295197 -1.0
8.39131498337 -1.0
8.41145992279 -1.0
8.41191601753 1.0
8.45368790627 -1.0
8.49395298958 -1.0
8.55020594597 -1.0
8.55060791969 1.0
8.60804009438 -1.0
8.6227350235 -1.0
8.62774610519 -1.0
8.6870200634 -1.0
8.7262840271 1.0
8.75040507317 -1.0
8.77044510841 -1.0
8.86849403381 -1.0
8.92845606804 -1.0
8.92847108841 1.0
8.98543810844 -1.0
9.06933093071 -1.0
9.12630105019 -1.0
9.16626691818 1.0
9.32198691368 -1.0
9.35479688644 -1.0
9.35521388054 1.0
9.4118270874 -1.0
9.42407798767 -1.0
10.3222661018 -1.0
10.3225250244 -1.0
10.3225328922 1.0
10.3583030701 -1.0
10.4168651104 -1.0
10.4169409275 -1.0
10.4542760849 1.0
15.0313858986 -1.0
15.1211829185 -1.0
16.0527300835 -1.0
16.0527510643 1.0
