0.0 -1.0
1.78813934326e-05 1.0
0.0560259819031 -1.0
0.116729974747 -1.0
0.129828929901 -1.0
0.14939904213 -1.0
0.188119888306 -1.0
0.192327976227 1.0
0.271965026855 -1.0
0.323782920837 -1.0
0.324553012848 1.0
0.384102106094 -1.0
0.439994096756 -1.0
0.645529031754 -1.0
0.707916021347 -1.0
0.707931041718 1.0
0.728401899338 -1.0
0.74445104599 -1.0
0.804020881653 -1.0
0.804039001465 1.0
0.812748908997 -1.0
0.823611021042 -1.0
0.871869087219 -1.0
0.958965063095 1.0
0.967957019806 -1.0
0.978502988815 -1.0
1.00143098831 -1.0
1.03814005852 -1.0
1.03814911842 1.0
1.05769705772 -1.0
1.10015296936 -1.0
1.10016894341 1.0
1.10492491722 -1.0
1.11601996422 -1.0
1.118516922 1.0
1.1199529171 -1.0
1.13815808296 -1.0
1.13964009285 -1.0
1.1399769783 -1.0
1.18490409851 -1.0
1.18536806107 1.0
1.20506501198 -1.0
1.2263109684 -1.0
1.304459095 -1.0
1.30489206314 1.0
1.32459688187 -1.0
1.38411903381 -1.0
1.44007205963 -1.0
1.50454592705 -1.0
1.50457310677 -1.0
1.50463700294 1.0
1.52413010597 -1.0
1.57267189026 -1.0
1.63414692879 -1.0
1.65213108063 -1.0
1.65293097496 1.0
1.67900800705 -1.0
1.67994403839 -1.0
1.69859600067 -1.0
1.77115297318 -1.0
1.80833101273 1.0
1.8280351162 -1.0
1.88385295868 -1.0
1.93991708755 -1.0
1.94246602058 1.0
1.96231007576 -1.0
2.00707602501 -1.0
2.06393098831 -1.0
2.06439900398 1.0
2.12026190758 -1.0
2.27410101891 -1.0
2.2945189476 -1.0
2.31416702271 -1.0
2.42973089218 -1.0
2.43032097816 1.0
2.45001888275 -1.0
2.50817608833 -1.0
2.56260704994 -1.0
2.61997890472 -1.0
2.62256002426 1.0
2.64217090607 -1.0
2.6425409317 -1.0
2.68189501762 -1.0
2.71356606483 -1.0
2.71392989159 1.0
2.74016690254 -1.0
2.95474505424 -1.0
3.17812490463 -1.0
3.21631097794 1.0
3.23595499992 -1.0
3.28817796707 -1.0
3.28818893433 1.0
3.29184389114 -1.0
3.30770301819 -1.0
3.32725811005 -1.0
3.35218000412 -1.0
3.40784406662 -1.0
3.44432497025 1.0
3.4639339447 -1.0
3.51982307434 -1.0
3.62704992294 -1.0
3.62759590149 1.0
3.68476605415 -1.0
3.75628590584 -1.0
3.77656197548 -1.0
3.79639697075 -1.0
3.84591698647 -1.0
3.88432407379 1.0
3.90815711021 -1.0
3.96393299103 -1.0
3.98737597466 -1.0
3.98774909973 -1.0
3.98817205429 1.0
4.01832389832 -1.0
4.07631492615 -1.0
4.25212597847 -1.0
4.25269293785 -1.0
4.25310897827 1.0
4.29180598259 -1.0
4.98734688759 -1.0
4.98783898354 1.0
5.04434609413 -1.0
5.13195300102 -1.0
5.15223789215 -1.0
5.17182588577 -1.0
5.19291305542 1.0
5.21245002747 -1.0
5.21265697479 -1.0
5.23198008537 -1.0
5.23217201233 1.0
5.25184988976 -1.0
5.25234794617 -1.0
5.27248311043 -1.0
5.33202910423 -1.0
5.33205294609 1.0
5.36114192009 -1.0
5.41985797882 -1.0
5.4198820591 1.0
5.49552106857 -1.0
5.55254507065 -1.0
5.72597289085 -1.0
5.72659897804 1.0
5.78568005562 -1.0
5.84438300133 -1.0
5.95587992668 -1.0
6.12972688675 -1.0
6.16834902763 1.0
6.25241398811 -1.0
6.2719540596 -1.0
6.27235388756 -1.0
6.2727189064 1.0
6.3051879406 -1.0
6.32518196106 -1.0
6.38393688202 -1.0
6.38635802269 1.0
6.40588307381 -1.0
6.46384501457 -1.0
6.5206758976 -1.0
9.50030589104 -1.0
9.54034495354 1.0
10.2513639927 -1.0
10.2710459232 -1.0
10.2713570595 -1.0
10.2713708878 1.0
10.328854084 -1.0
10.3312330246 -1.0
10.3515810966 -1.0
10.4178929329 -1.0
10.4185180664 1.0
10.4380919933 -1.0
10.4414670467 -1.0
10.4970040321 -1.0
10.5814919472 -1.0
10.5815179348 1.0
10.7051839828 -1.0
10.9305920601 -1.0
10.9312019348 1.0
10.9509029388 -1.0
11.0335330963 -1.0
11.0546650887 -1.0
11.0742459297 -1.0
11.1253490448 -1.0
11.1643340588 1.0
11.1977410316 -1.0
11.230494976 -1.0
11.2323460579 1.0
11.252010107 -1.0
11.2529480457 -1.0
11.3087201118 -1.0
11.3087460995 1.0
11.311950922 -1.0
11.3284618855 -1.0
11.3482370377 -1.0
11.3699250221 -1.0
11.3704049587 1.0
11.4275150299 -1.0
11.4485180378 -1.0
11.7486178875 -1.0
11.7486441135 1.0
11.8047940731 -1.0
11.8244318962 -1.0
12.066065073 -1.0
12.1043510437 1.0
12.2513310909 -1.0
12.2518830299 -1.0
12.2522909641 1.0
12.309262991 -1.0
12.3247210979 -1.0
12.383975029 -1.0
12.3845129013 1.0
12.404145956 -1.0
12.6036260128 -1.0
12.6600160599 -1.0
14.9998428822 -1.0
14.9998650551 1.0
15.0840299129 -1.0
23.2301220894 1.0
23.2497930527 -1.0
23.2499289513 -1.0
23.2501459122 -1.0
23.2697350979 -1.0
