0.0 -1.0
0.0389220714569 1.0
0.0480411052704 -1.0
0.0497479438782 -1.0
0.0586879253387 -1.0
0.133157968521 -1.0
0.133172988892 1.0
0.155945062637 -1.0
0.187412023544 -1.0
0.18745303154 1.0
0.206858873367 -1.0
0.248106956482 -1.0
0.248115062714 1.0
0.259826898575 -1.0
0.304131984711 -1.0
0.32420706749 -1.0
0.384378910065 -1.0
0.385379076004 1.0
0.425801038742 -1.0
0.473856925964 -1.0
0.530392885208 -1.0
0.541156053543 -1.0
0.541198968887 1.0
0.560831069946 -1.0
0.619970083237 -1.0
0.619978904724 1.0
0.637418031693 -1.0
0.676043987274 -1.0
0.694453954697 -1.0
0.737848043442 -1.0
0.737869024277 1.0
0.796331882477 -1.0
0.862372875214 -1.0
0.882488012314 -1.0
0.918921947479 1.0
0.985725879669 -1.0
1.03258705139 -1.0
1.03260493279 1.0
1.04238390923 -1.0
1.06600308418 -1.0
1.08560609818 -1.0
1.10801196098 -1.0
1.10846209526 1.0
1.13539195061 -1.0
1.19448304176 -1.0
1.25609898567 -1.0
1.25610804558 1.0
1.31212306023 -1.0
1.35161304474 -1.0
1.41063499451 -1.0
1.54680109024 -1.0
1.54682087898 -1.0
1.54685997963 1.0
1.56637501717 -1.0
1.60817408562 -1.0
1.62275409698 -1.0
1.62278008461 1.0
1.63093900681 -1.0
1.64228701591 -1.0
1.64280104637 -1.0
1.6789560318 1.0
1.99548387527 -1.0
1.99568510056 -1.0
1.99607610703 1.0
2.05616593361 -1.0
2.06578588486 -1.0
2.15788888931 -1.0
2.15835094452 1.0
2.17796492577 -1.0
2.39077401161 -1.0
2.41357707977 -1.0
2.41439294815 -1.0
2.4444899559 -1.0
2.44484996796 1.0
2.465321064 -1.0
2.52308988571 -1.0
2.52351689339 1.0
2.57433009148 -1.0
2.63221597672 -1.0
2.65173888206 -1.0
2.71784210205 -1.0
2.71841096878 1.0
2.77626395226 -1.0
2.79819393158 -1.0
2.91157102585 -1.0
2.95095396042 1.0
2.98642396927 -1.0
3.03217291832 -1.0
3.04251909256 -1.0
3.04286599159 1.0
3.06614995003 -1.0
3.08626008034 -1.0
3.14272689819 -1.0
3.17895793915 1.0
3.27160692215 -1.0
3.32824993134 -1.0
3.33412504196 -1.0
3.3922328949 -1.0
3.58901596069 -1.0
3.5898270607 1.0
3.60936808586 -1.0
3.62998509407 -1.0
3.90356707573 -1.0
3.96245908737 -1.0
3.96247196198 1.0
3.98266792297 -1.0
4.00242996216 -1.0
4.00390291214 -1.0
4.0042219162 1.0
4.03341507912 -1.0
4.08094501495 -1.0
4.13853907585 -1.0
4.13854908943 1.0
4.21662402153 -1.0
4.23971796036 -1.0
4.36087703705 -1.0
4.36088895798 1.0
4.42040300369 -1.0
4.88527297974 -1.0
4.90542888641 -1.0
4.90543889999 1.0
4.92491292953 -1.0
4.99363088608 -1.0
4.99394106865 -1.0
5.05232310295 -1.0
5.06400704384 -1.0
5.06437206268 1.0
5.08386898041 -1.0
5.10512089729 -1.0
5.18888998032 -1.0
5.29329109192 -1.0
5.29330897331 1.0
5.31595993042 -1.0
5.34055805206 -1.0
5.34105610847 1.0
5.40052509308 -1.0
5.44062995911 -1.0
5.5031709671 -1.0
5.50360488892 1.0
5.52333498001 -1.0
5.63353204727 -1.0
5.69249510765 -1.0
5.7120718956 1.0
5.73177909851 -1.0
5.7512691021 -1.0
5.75898504257 -1.0
5.89389300346 -1.0
5.93095493317 1.0
5.95062589645 -1.0
6.00842499733 -1.0
6.02831888199 -1.0
6.02870988846 1.0
6.08136296272 -1.0
6.14056301117 -1.0
6.16623091698 -1.0
6.22243189812 -1.0
6.22283291817 1.0
6.28055500984 -1.0
6.33663201332 -1.0
6.38150596619 -1.0
6.50911593437 -1.0
6.54694390297 1.0
6.67000508308 -1.0
6.72875404358 -1.0
6.72876310349 1.0
6.73151302338 -1.0
6.74838709831 -1.0
6.77967596054 -1.0
6.83651900291 -1.0
6.85625100136 -1.0
6.88937306404 -1.0
6.92694807053 1.0
6.95967388153 -1.0
6.99654102325 -1.0
7.01667690277 -1.0
7.01912498474 1.0
7.03868603706 -1.0
7.05927395821 -1.0
7.12529110909 -1.0
7.12576389313 1.0
7.18123698235 -1.0
7.24049091339 -1.0
7.80640387535 -1.0
7.82666707039 -1.0
7.82668495178 1.0
7.84649896622 -1.0
7.93564796448 -1.0
7.99442696571 -1.0
7.99443507195 -1.0
8.03008389473 -1.0
8.03046298027 1.0
8.05009102821 -1.0
8.10645008087 -1.0
8.16904187202 -1.0
8.16906094551 1.0
8.22858810425 -1.0
8.99427103996 -1.0
8.99480104446 -1.0
8.99523210526 1.0
9.01640701294 -1.0
9.07262396812 -1.0
9.18598508835 -1.0
9.65097689629 -1.0
9.65100097656 1.0
9.67105102539 -1.0
9.69056296349 -1.0
9.97442388535 1.0
9.99195289612 -1.0
9.99403500557 -1.0
10.0506339073 -1.0
10.0510640144 1.0
10.0707969666 -1.0
10.1043050289 -1.0
10.1609508991 -1.0
10.1822109222 -1.0
10.2018489838 -1.0
10.2740399837 -1.0
10.310956955 1.0
10.5910170078 -1.0
10.9935750961 -1.0
10.9938480854 -1.0
10.9938540459 1.0
11.0309560299 -1.0
11.0873329639 -1.0
11.1269290447 1.0
15.7294039726 -1.0
15.8137691021 -1.0
15.8334569931 -1.0
15.8334670067 1.0
19.9733660221 1.0
19.9928860664 -1.0
19.9931249619 -1.0
20.0494480133 -1.0
