0.0 -1.0
1.09672546387e-05 1.0
0.0067720413208 -1.0
0.0556900501251 -1.0
0.0645151138306 -1.0
0.100960969925 1.0
0.112915039062 -1.0
0.132511138916 -1.0
0.186052083969 -1.0
0.186867952347 1.0
0.205837011337 -1.0
0.206912994385 -1.0
0.22638297081 -1.0
0.257471084595 -1.0
0.269253015518 1.0
0.270591020584 -1.0
0.288819074631 -1.0
0.289236068726 -1.0
0.28924202919 1.0
0.309617996216 -1.0
0.341454029083 -1.0
0.361400127411 -1.0
0.361631155014 1.0
0.388921976089 -1.0
0.448731184006 -1.0
0.554934978485 -1.0
0.554999113083 1.0
0.563138008118 -1.0
0.574468135834 -1.0
0.57457113266 1.0
0.633198976517 -1.0
0.700464963913 -1.0
0.73985004425 -1.0
0.739870071411 1.0
0.776740074158 -1.0
0.828037977219 -1.0
0.851143121719 -1.0
0.85163807869 1.0
0.908954143524 -1.0
0.921458005905 -1.0
0.965147018433 -1.0
0.980561971664 -1.0
1.01694202423 1.0
1.03656005859 -1.0
1.09244298935 -1.0
1.11530399323 -1.0
1.11566901207 1.0
1.15112805367 -1.0
1.20283508301 -1.0
1.22512507439 -1.0
1.26496005058 1.0
1.28846907616 -1.0
1.29794311523 -1.0
1.29797101021 1.0
1.30853509903 -1.0
1.36465716362 -1.0
1.36551809311 1.0
1.38218712807 -1.0
1.38458800316 -1.0
1.40431213379 -1.0
1.40432214737 1.0
1.42388701439 -1.0
1.48054218292 -1.0
1.53440117836 -1.0
1.57296514511 1.0
1.59252309799 -1.0
1.62194514275 -1.0
1.68054199219 -1.0
1.68105912209 1.0
1.71890711784 -1.0
1.77707195282 -1.0
1.84909200668 -1.0
1.90906906128 -1.0
1.90908408165 1.0
1.92676401138 -1.0
1.96511006355 -1.0
1.99176216125 -1.0
2.04863095284 -1.0
2.08894205093 1.0
2.28805994987 -1.0
2.28850698471 -1.0
2.33083200455 -1.0
2.33137607574 1.0
2.38927507401 -1.0
2.40993499756 -1.0
3.0449090004 -1.0
3.04550600052 1.0
3.06515216827 -1.0
3.08469009399 -1.0
3.28852796555 -1.0
3.28951597214 -1.0
3.29004216194 1.0
3.32629513741 -1.0
3.35205006599 -1.0
3.43366599083 -1.0
3.43367695808 1.0
3.61120915413 -1.0
3.97255206108 -1.0
3.9731631279 1.0
4.02919507027 -1.0
4.20159912109 -1.0
4.22162604332 -1.0
4.24118614197 -1.0
4.26834511757 1.0
4.28789901733 -1.0
4.28848910332 -1.0
4.34936714172 -1.0
4.38810610771 -1.0
4.40822815895 -1.0
4.79194998741 -1.0
4.82896995544 1.0
4.87264513969 -1.0
4.89218306541 -1.0
4.94398117065 -1.0
4.94400000572 1.0
4.96426296234 -1.0
5.23583817482 -1.0
5.23584794998 1.0
5.25562810898 -1.0
5.61895895004 -1.0
5.6391210556 -1.0
5.65879201889 -1.0
6.21644616127 1.0
6.21879911423 -1.0
6.23833799362 -1.0
6.28892707825 -1.0
6.28930211067 -1.0
6.28931117058 1.0
6.32129406929 -1.0
6.35477614403 -1.0
6.39297199249 1.0
6.56669402122 -1.0
6.92956709862 -1.0
6.93026018143 1.0
6.98960804939 -1.0
7.05611395836 -1.0
7.07634115219 -1.0
7.09588909149 -1.0
7.18298816681 -1.0
7.22097301483 1.0
7.28826808929 -1.0
7.2885491848 -1.0
7.3078250885 -1.0
7.30784106255 1.0
7.35702395439 -1.0
7.41346502304 -1.0
7.41733717918 -1.0
7.41791009903 1.0
7.43762898445 -1.0
7.54210209846 -1.0
8.84982013702 -1.0
8.8504140377 1.0
8.86989617348 -1.0
8.88937497139 -1.0
9.1826980114 -1.0
9.26864004135 1.0
9.28815197945 -1.0
9.28891801834 -1.0
9.31091308594 -1.0
9.31133794785 1.0
9.36953401566 -1.0
9.4474670887 -1.0
9.52785396576 -1.0
9.74714016914 -1.0
9.74716210365 1.0
9.76723313332 -1.0
10.211286068 -1.0
10.2313539982 -1.0
10.2313640118 1.0
10.2507600784 -1.0
10.2876679897 -1.0
10.2879900932 -1.0
10.327368021 -1.0
10.3649761677 1.0
10.7458491325 -1.0
10.9817819595 -1.0
11.1561479568 -1.0
11.1561670303 1.0
11.2137231827 -1.0
11.288392067 -1.0
11.2887461185 -1.0
11.2891640663 1.0
11.3144750595 -1.0
11.353826046 -1.0
11.8542070389 -1.0
11.8542320728 1.0
11.9137821198 -1.0
11.9333701134 -1.0
12.0279431343 -1.0
12.0649671555 1.0
12.130022049 -1.0
12.2702820301 -1.0
12.2702960968 1.0
12.2880539894 -1.0
12.2897460461 -1.0
12.3457541466 -1.0
12.3941340446 -1.0
12.39468503 1.0
12.4142000675 -1.0
12.950466156 -1.0
14.9860601425 -1.0
15.0702540874 -1.0
15.0702681541 1.0
31.2865040302 -1.0
31.286563158 -1.0
31.2873551846 -1.0
