0.0 -1.0
1.28746032715e-05 1.0
0.056056022644 -1.0
0.118552923203 -1.0
0.138202905655 -1.0
0.140905857086 -1.0
0.140913963318 1.0
0.20015501976 -1.0
0.275938987732 -1.0
0.331879854202 -1.0
0.372596025467 -1.0
0.372911930084 1.0
0.372946023941 -1.0
0.385587930679 -1.0
0.392590999603 -1.0
0.427356958389 -1.0
0.428133010864 1.0
0.483969926834 -1.0
0.539976835251 -1.0
0.576388835907 -1.0
0.616186857224 -1.0
0.616206884384 1.0
0.635926961899 -1.0
0.668405056 -1.0
0.693387031555 -1.0
0.731868982315 1.0
0.749134063721 -1.0
0.751529932022 -1.0
0.771256923676 -1.0
0.807842969894 1.0
0.812243938446 -1.0
0.833464860916 -1.0
0.853050947189 -1.0
0.853538036346 1.0
0.8853058815 -1.0
0.943928956985 -1.0
0.95094203949 -1.0
0.971379041672 -1.0
0.971387863159 1.0
0.990983963013 -1.0
1.01805400848 -1.0
1.04076385498 -1.0
1.04107093811 1.0
1.06543898582 -1.0
1.12403702736 -1.0
1.14683890343 -1.0
1.14726686478 1.0
1.16803884506 -1.0
1.18770599365 -1.0
1.24400305748 -1.0
1.25234699249 -1.0
1.25520205498 1.0
1.29287195206 -1.0
1.3519320488 -1.0
1.38042998314 -1.0
1.45884895325 -1.0
1.47274804115 -1.0
1.47278690338 1.0
1.4924030304 -1.0
1.55745506287 -1.0
1.55960297585 1.0
1.58048987389 -1.0
1.58071184158 -1.0
1.61117601395 -1.0
1.66281485558 -1.0
1.66572499275 1.0
1.68534588814 -1.0
1.74352192879 -1.0
1.78609704971 -1.0
1.78649401665 1.0
1.84398698807 -1.0
1.95866703987 -1.0
1.97914195061 -1.0
2.89860606194 -1.0
2.91874599457 -1.0
3.00763392448 -1.0
3.00853800774 1.0
3.0282189846 -1.0
3.04802083969 -1.0
3.3602540493 -1.0
3.5595228672 1.0
3.57911801338 -1.0
3.57948803902 -1.0
3.60299706459 -1.0
3.63984799385 1.0
3.65940785408 -1.0
3.71632790565 -1.0
3.76920700073 -1.0
3.80784893036 1.0
3.87608790398 -1.0
3.89631485939 -1.0
4.00101304054 -1.0
4.00177097321 1.0
4.02145791054 -1.0
4.04104495049 -1.0
4.12608098984 -1.0
4.18351483345 -1.0
4.18354296684 1.0
4.20371198654 -1.0
4.22431397438 -1.0
4.22726798058 -1.0
4.26385688782 1.0
4.34751605988 -1.0
4.4260828495 -1.0
4.55941605568 1.0
4.58004784584 -1.0
4.60345697403 -1.0
4.65950083733 -1.0
4.66001605988 1.0
4.69610285759 -1.0
4.81571602821 -1.0
4.87220191956 -1.0
4.95423388481 1.0
4.95577597618 -1.0
4.97382497787 -1.0
4.97414684296 -1.0
4.99356293678 -1.0
5.10754799843 -1.0
5.1438498497 1.0
5.17085003853 -1.0
5.22733783722 -1.0
5.4046869278 -1.0
5.40713691711 1.0
5.42739987373 -1.0
5.42821884155 -1.0
5.48430991173 -1.0
5.48622393608 -1.0
5.50656104088 -1.0
5.56020188332 1.0
5.56271886826 -1.0
5.58027601242 -1.0
5.60019183159 -1.0
5.6315369606 -1.0
5.63194584846 1.0
5.68147087097 -1.0
5.80779790878 -1.0
5.86449098587 -1.0
5.86451101303 1.0
5.88427901268 -1.0
5.97459387779 -1.0
5.97460794449 1.0
5.97461295128 -1.0
5.99412584305 -1.0
6.02933883667 -1.0
6.17832803726 -1.0
6.36404299736 -1.0
6.36463189125 1.0
6.42058897018 -1.0
6.47755789757 -1.0
6.49761390686 -1.0
6.51727104187 -1.0
6.53150892258 -1.0
6.56119585037 1.0
6.58126091957 -1.0
6.60126805305 -1.0
6.65993189812 -1.0
6.66272497177 1.0
6.70828390121 -1.0
6.72831988335 -1.0
6.78434991837 -1.0
6.8392739296 -1.0
6.83977794647 1.0
6.85947203636 -1.0
7.03830385208 -1.0
7.05833601952 -1.0
7.26521396637 -1.0
7.32436585426 -1.0
7.32438993454 1.0
7.38073682785 -1.0
7.49174189568 -1.0
7.57931494713 -1.0
7.57973504066 1.0
7.61740994453 -1.0
7.67888498306 -1.0
7.73270106316 -1.0
7.73330903053 1.0
7.79240298271 -1.0
8.50194501877 -1.0
9.32102704048 -1.0
9.32161903381 1.0
9.34121584892 -1.0
9.36076903343 -1.0
9.5784599781 -1.0
9.57904005051 -1.0
9.57941102982 1.0
9.60040283203 -1.0
9.62169003487 -1.0
9.81739497185 -1.0
9.8174200058 1.0
9.87516784668 -1.0
10.1651129723 -1.0
10.1657178402 1.0
10.2246060371 -1.0
10.3427150249 -1.0
10.3632290363 -1.0
10.3827929497 -1.0
10.5235700607 -1.0
10.5598099232 1.0
10.5794169903 -1.0
10.5797848701 -1.0
10.5802259445 1.0
10.6104259491 -1.0
10.6395578384 -1.0
10.6593010426 -1.0
10.6958520412 1.0
10.8051848412 -1.0
11.5810239315 -1.0
11.5810420513 1.0
11.6260619164 -1.0
11.6755669117 -1.0
11.7118458748 1.0
15.2895278931 -1.0
16.5537250042 -1.0
16.6384868622 -1.0
16.6385068893 1.0
21.5776789188 -1.0
33.5578379631 1.0
33.6142609119 -1.0
