0.0 -1.0
0.191767930984 1.0
0.21163892746 -1.0
0.247211933136 -1.0
0.303930044174 -1.0
0.303947925568 1.0
0.323479890823 -1.0
0.381103992462 -1.0
0.381501913071 -1.0
0.417304992676 -1.0
0.417793035507 1.0
0.437469005585 -1.0
0.493572950363 -1.0
0.494449853897 1.0
0.552222967148 -1.0
0.571796894073 -1.0
0.587270021439 -1.0
0.738265991211 -1.0
0.738286972046 1.0
0.8075299263 -1.0
0.864050865173 -1.0
0.874875068665 -1.0
0.875432014465 1.0
0.895356893539 -1.0
0.89538693428 -1.0
0.952043056488 -1.0
0.953552961349 -1.0
0.989933013916 1.0
1.00992798805 -1.0
1.06988787651 -1.0
1.09179806709 -1.0
1.09230589867 -1.0
1.09273695946 1.0
1.11243486404 -1.0
1.13525700569 -1.0
1.15523290634 -1.0
1.1557059288 1.0
1.17532587051 -1.0
1.21658492088 -1.0
1.24270296097 -1.0
1.24314785004 1.0
1.2677989006 -1.0
1.32804298401 -1.0
1.38410997391 -1.0
1.38413190842 1.0
1.40451192856 -1.0
1.43641400337 -1.0
1.49385285378 -1.0
1.5189139843 -1.0
1.5189678669 1.0
1.53852391243 -1.0
1.56083798409 -1.0
1.56085395813 1.0
1.58081293106 -1.0
1.64011287689 -1.0
1.6517188549 -1.0
1.70813703537 -1.0
1.77012205124 -1.0
1.77059793472 1.0
1.79025197029 -1.0
1.84968400002 -1.0
1.98294997215 -1.0
2.02193689346 1.0
2.15633797646 -1.0
2.2039680481 -1.0
2.26014995575 -1.0
2.36169195175 1.0
2.3813149929 -1.0
2.38354086876 -1.0
2.41208386421 -1.0
2.4684278965 -1.0
2.47179389 -1.0
2.50990390778 1.0
2.53143405914 -1.0
2.78867888451 -1.0
3.08479094505 -1.0
3.08481001854 1.0
3.10488700867 -1.0
3.25472688675 -1.0
3.27483892441 -1.0
3.27484989166 1.0
3.29443097115 -1.0
3.38135004044 -1.0
3.38195586205 -1.0
3.41110897064 -1.0
3.41156005859 1.0
3.43127894402 -1.0
3.53235387802 -1.0
3.56392288208 -1.0
3.56394195557 1.0
3.7714869976 -1.0
3.82884407043 -1.0
4.40033197403 1.0
4.41995000839 -1.0
4.42024683952 -1.0
4.43944692612 -1.0
4.87428689003 -1.0
4.87486100197 1.0
4.8945710659 -1.0
4.91423606873 -1.0
5.15319895744 -1.0
5.31357884407 -1.0
5.31360888481 1.0
5.381264925 -1.0
5.38158202171 -1.0
5.38194298744 1.0
5.44037604332 -1.0
5.48801183701 -1.0
5.50829601288 -1.0
5.51351094246 -1.0
5.57238602638 -1.0
5.75964903831 -1.0
5.76017999649 1.0
5.77977991104 -1.0
5.7993118763 -1.0
6.00568890572 -1.0
6.13718605042 -1.0
6.13721489906 1.0
6.24832701683 -1.0
6.2759449482 -1.0
6.27648186684 1.0
6.29609084129 -1.0
6.38290405273 -1.0
6.38337302208 -1.0
6.43123197556 -1.0
6.4317009449 1.0
6.48836898804 -1.0
6.60263085365 -1.0
6.6229288578 -1.0
6.64245390892 -1.0
6.6590359211 -1.0
6.69793486595 1.0
6.93033504486 -1.0
7.05225491524 -1.0
7.19278597832 -1.0
7.19280695915 1.0
7.25256085396 -1.0
7.36257004738 1.0
7.36264705658 1.0
7.38238596916 -1.0
7.38250803947 -1.0
7.38266801834 -1.0
7.40199398994 -1.0
7.40229392052 -1.0
7.41136097908 -1.0
7.44368195534 -1.0
7.44415688515 1.0
7.50055098534 -1.0
7.5092959404 -1.0
8.26009106636 -1.0
8.2607049942 1.0
8.28033304214 -1.0
8.29980397224 -1.0
8.38155198097 -1.0
8.38207697868 -1.0
8.38249206543 1.0
8.41157698631 -1.0
8.45068192482 -1.0
8.52643299103 -1.0
8.52644896507 1.0
8.67606592178 -1.0
8.91219305992 -1.0
8.91280603409 1.0
8.96873402596 -1.0
8.97392296791 -1.0
8.99419593811 -1.0
9.01391100883 -1.0
9.03603792191 -1.0
9.07392787933 1.0
9.0936229229 -1.0
9.14594507217 -1.0
9.36154699326 1.0
9.38145589828 -1.0
9.41353702545 -1.0
9.46751785278 -1.0
9.50593805313 1.0
14.7345938683 -1.0
15.0258069038 -1.0
15.0456080437 -1.0
15.0456149578 1.0
15.0651218891 -1.0
