0.0 -1.0
1.09672546387e-05 1.0
0.0410170555115 -1.0
0.0469760894775 -1.0
0.047532081604 -1.0
0.047728061676 -1.0
0.0491909980774 1.0
0.0600190162659 -1.0
0.0612800121307 -1.0
0.0811100006104 -1.0
0.130659103394 -1.0
0.187982082367 -1.0
0.188040018082 1.0
0.207654953003 -1.0
0.248239994049 -1.0
0.248248100281 1.0
0.263962984085 -1.0
0.303911924362 -1.0
0.320041894913 -1.0
0.384001016617 -1.0
0.384082078934 1.0
0.411091089249 -1.0
0.433571100235 -1.0
0.492244958878 -1.0
0.492259025574 1.0
0.506864070892 -1.0
0.547967910767 -1.0
0.563982963562 -1.0
0.600306987762 1.0
0.603969097137 -1.0
0.660176038742 -1.0
0.684241056442 -1.0
0.704610109329 -1.0
0.704632997513 1.0
0.724610090256 -1.0
0.783989906311 -1.0
0.794447898865 -1.0
0.83228302002 1.0
0.83987402916 -1.0
0.85203909874 -1.0
0.895900011063 -1.0
0.895910024643 1.0
0.944204092026 -1.0
0.98486495018 -1.0
0.984977006912 1.0
0.985002994537 -1.0
1.00392389297 -1.0
1.04397702217 -1.0
1.04398798943 1.0
1.0689599514 -1.0
1.12810993195 -1.0
1.12878298759 -1.0
1.16829204559 1.0
1.29490399361 -1.0
1.31750702858 -1.0
1.37617588043 -1.0
1.46686410904 -1.0
1.46746897697 1.0
1.49173903465 -1.0
1.67692494392 -1.0
1.73595499992 -1.0
1.73596787453 1.0
1.74508190155 -1.0
1.79197096825 -1.0
1.80387997627 -1.0
1.84546089172 -1.0
1.84608101845 1.0
1.87086009979 -1.0
1.89044308662 -1.0
1.94822502136 -1.0
1.95470809937 -1.0
1.95473098755 1.0
1.97598910332 -1.0
2.0099260807 -1.0
2.05092906952 -1.0
2.09230589867 1.0
2.25360202789 -1.0
2.30147790909 -1.0
2.32366704941 -1.0
2.32405304909 1.0
2.3472430706 -1.0
2.36766791344 -1.0
2.41509699821 -1.0
2.41510891914 1.0
2.4721698761 -1.0
2.47282290459 -1.0
2.53223705292 -1.0
2.55228900909 -1.0
2.59227895737 1.0
2.68826198578 -1.0
2.70025610924 1.0
2.7197599411 -1.0
2.71982908249 -1.0
2.73934388161 -1.0
2.7403819561 -1.0
2.74092197418 1.0
2.78430891037 -1.0
2.84264993668 -1.0
2.89995002747 -1.0
2.93628692627 1.0
2.95611596107 -1.0
3.09562897682 -1.0
3.15211892128 -1.0
3.70198988914 1.0
3.72154188156 -1.0
3.72200202942 -1.0
3.74776887894 -1.0
3.80469799042 -1.0
3.83545088768 -1.0
3.8360350132 1.0
3.8556330204 -1.0
3.87509489059 -1.0
4.01585102081 -1.0
4.07182407379 -1.0
4.07183599472 1.0
4.12732601166 -1.0
4.27831792831 -1.0
4.27890992165 1.0
4.29912495613 -1.0
4.7195789814 -1.0
4.7200050354 -1.0
4.74936795235 -1.0
4.74978899956 1.0
4.77930402756 -1.0
4.89355111122 1.0
4.91315197945 -1.0
4.9723379612 -1.0
5.07722496986 -1.0
5.40643692017 -1.0
5.40646696091 1.0
5.4266269207 -1.0
5.4464430809 -1.0
5.64745497704 -1.0
5.68430995941 1.0
5.71941399574 -1.0
5.71983909607 -1.0
5.72022199631 1.0
5.75295209885 -1.0
5.79467701912 -1.0
5.85208487511 -1.0
5.85210394859 1.0
5.91395306587 -1.0
5.91396689415 1.0
5.93348908424 -1.0
6.03747200966 -1.0
6.09277296066 -1.0
6.09324002266 1.0
6.14265608788 -1.0
6.19367909431 -1.0
6.25200796127 -1.0
6.25258493423 1.0
6.30827999115 -1.0
6.72063398361 -1.0
6.72101593018 -1.0
6.78033709526 -1.0
6.79421806335 -1.0
6.79457807541 1.0
6.81438493729 -1.0
6.92242097855 -1.0
7.55855202675 -1.0
7.55924510956 1.0
7.57881593704 -1.0
7.59854698181 -1.0
7.71921300888 -1.0
7.71993899345 -1.0
7.7202808857 1.0
7.75764489174 -1.0
7.81669092178 -1.0
7.83549499512 -1.0
7.94278001785 -1.0
7.9428050518 1.0
8.08592391014 -1.0
8.37711691856 -1.0
8.37770700455 1.0
8.39725899696 -1.0
8.72790598869 -1.0
8.7483561039 -1.0
8.76795601845 -1.0
9.0814230442 -1.0
9.12028193474 1.0
9.26863789558 -1.0
9.45721006393 -1.0
9.45777606964 1.0
9.4775788784 -1.0
9.70500087738 -1.0
9.71987295151 -1.0
9.74023604393 -1.0
9.74066209793 1.0
9.78731203079 -1.0
9.84498810768 -1.0
9.96718406677 -1.0
10.0962660313 -1.0
10.0962779522 1.0
10.1917729378 -1.0
10.2665910721 -1.0
10.69957304 1.0
10.7192349434 -1.0
10.7194709778 -1.0
10.7564361095 -1.0
10.7568778992 1.0
10.8057849407 -1.0
15.4136309624 -1.0
15.7938840389 -1.0
15.7939050198 1.0
15.8141028881 -1.0
27.730727911 -1.0
27.7307479382 1.0
