0.0 -1.0
0.192260026932 1.0
0.212100982666 -1.0
0.313717842102 -1.0
0.334399938583 -1.0
0.334408044815 1.0
0.35388302803 -1.0
0.380894899368 -1.0
0.439270973206 -1.0
0.466557979584 -1.0
0.466565847397 1.0
0.489088058472 -1.0
0.544054031372 -1.0
0.544456958771 1.0
0.599910974503 -1.0
0.743718862534 -1.0
0.763854980469 -1.0
0.941181898117 -1.0
0.961540937424 -1.0
0.961559057236 1.0
0.981070041656 -1.0
1.03764796257 -1.0
1.09605002403 -1.0
1.13377690315 -1.0
1.14643883705 1.0
1.166410923 -1.0
1.19916605949 -1.0
1.25601100922 -1.0
1.26223301888 -1.0
1.2995288372 1.0
1.31906604767 -1.0
1.43388795853 -1.0
1.43448591232 1.0
1.45338487625 -1.0
1.49212193489 -1.0
1.64835190773 -1.0
1.67101597786 -1.0
1.67138004303 1.0
1.72820401192 -1.0
1.76816701889 -1.0
1.82800388336 -1.0
1.93847084045 -1.0
1.99606585503 -1.0
2.10174584389 -1.0
2.10251784325 1.0
2.16004705429 -1.0
2.18011498451 -1.0
2.20906686783 -1.0
2.20944499969 1.0
2.2378718853 -1.0
2.29501390457 -1.0
2.3859808445 -1.0
2.38652396202 1.0
2.40595388412 -1.0
2.46433091164 -1.0
2.55950188637 -1.0
2.60672402382 -1.0
2.60723400116 1.0
2.64341402054 -1.0
2.68119287491 -1.0
2.74099588394 -1.0
2.77950596809 1.0
2.80927085876 -1.0
3.06105089188 -1.0
3.14755988121 1.0
3.16759300232 -1.0
3.21197605133 -1.0
3.26822900772 -1.0
3.31157684326 -1.0
3.35152292252 1.0
3.37099194527 -1.0
3.39158701897 -1.0
3.43333983421 -1.0
3.45309996605 -1.0
3.45310783386 1.0
3.4727139473 -1.0
3.49008584023 -1.0
3.54697585106 -1.0
3.60314583778 -1.0
3.60544896126 1.0
3.62701582909 -1.0
3.65843486786 -1.0
3.70917201042 -1.0
3.70952701569 1.0
3.76811599731 -1.0
3.90941405296 -1.0
3.96819806099 -1.0
4.02461791039 -1.0
4.08124995232 -1.0
4.12352991104 1.0
4.17119693756 -1.0
4.20307683945 -1.0
4.23953104019 1.0
4.25939583778 -1.0
4.31621599197 -1.0
4.35404992104 -1.0
4.37706685066 -1.0
4.37742805481 1.0
4.39712405205 -1.0
4.45509004593 -1.0
4.51230502129 -1.0
4.55168604851 -1.0
4.55210089684 1.0
4.60824084282 -1.0
5.04640102386 -1.0
5.27029395103 -1.0
5.29044985771 -1.0
5.29047298431 1.0
5.31034493446 -1.0
5.50361704826 -1.0
5.58723187447 -1.0
5.71729683876 -1.0
5.71731591225 1.0
5.73734402657 -1.0
6.16642689705 -1.0
6.16683697701 -1.0
6.16726994514 1.0
6.19293785095 -1.0
6.2247569561 -1.0
6.33423686028 -1.0
6.33426499367 1.0
6.3925049305 -1.0
6.41219186783 -1.0
6.546022892 -1.0
6.58354401588 1.0
6.68065285683 -1.0
6.77952885628 -1.0
6.7801630497 1.0
6.80035495758 -1.0
6.8271009922 -1.0
6.87422204018 -1.0
6.92314887047 -1.0
6.95953202248 1.0
6.97922706604 -1.0
7.00223588943 -1.0
7.00266504288 1.0
7.03066587448 -1.0
7.06716585159 -1.0
7.12437391281 -1.0
7.14714097977 1.0
7.16669392586 -1.0
7.16732096672 -1.0
7.22415399551 -1.0
7.28092002869 -1.0
7.36340785027 -1.0
7.36406493187 1.0
7.38357996941 -1.0
7.40308904648 -1.0
7.48887395859 -1.0
7.65358400345 -1.0
7.69154500961 1.0
7.9098470211 -1.0
8.1676299572 -1.0
8.16802787781 -1.0
8.16803884506 1.0
8.18998003006 -1.0
8.21002197266 -1.0
8.2475039959 1.0
8.26715397835 -1.0
14.1458449364 1.0
14.1662399769 -1.0
14.2248730659 -1.0
14.8155429363 -1.0
14.8155648708 1.0
14.8449499607 -1.0
30.1673748493 -1.0
