0.0 -1.0
0.0955820083618 -1.0
0.0955989360809 1.0
0.152011871338 -1.0
0.207968950272 -1.0
0.207976818085 1.0
0.24090886116 -1.0
0.341737985611 -1.0
0.481083869934 -1.0
0.481106996536 1.0
0.503681898117 -1.0
0.53466796875 -1.0
0.535190820694 1.0
0.591991901398 -1.0
0.632634878159 -1.0
0.654933929443 -1.0
0.811146020889 -1.0
0.832882881165 -1.0
0.832911014557 1.0
0.854812860489 -1.0
0.946781873703 -1.0
1.00474691391 -1.0
1.00537085533 1.0
1.02889680862 -1.0
1.0490629673 -1.0
1.1893119812 -1.0
1.2498550415 -1.0
1.25275492668 1.0
1.27605390549 -1.0
1.27606987953 -1.0
1.29816389084 -1.0
1.35857892036 -1.0
1.35911989212 1.0
1.40704298019 -1.0
1.45168590546 -1.0
1.57895803452 -1.0
1.57958388329 1.0
1.62678289413 -1.0
1.64999699593 -1.0
1.6736369133 -1.0
1.67410492897 1.0
1.70999503136 -1.0
1.75009989738 -1.0
1.77010297775 -1.0
1.77286481857 1.0
1.80845403671 -1.0
1.82837891579 -1.0
1.88407492638 -1.0
1.88409495354 1.0
1.91543793678 -1.0
1.9354789257 -1.0
1.99428200722 -1.0
1.99497795105 1.0
2.0524559021 -1.0
2.10809898376 -1.0
2.27119898796 -1.0
2.32809686661 -1.0
2.32811403275 1.0
2.33964180946 -1.0
2.38408184052 -1.0
2.44009900093 -1.0
2.47957491875 -1.0
2.479585886 1.0
2.63127803802 -1.0
2.68028783798 -1.0
2.73067593575 1.0
2.75049996376 -1.0
2.76989603043 -1.0
2.80684304237 1.0
2.80813193321 -1.0
2.82916998863 -1.0
2.85025382042 -1.0
2.85068583488 1.0
2.87013983727 -1.0
2.89147686958 -1.0
2.94813990593 -1.0
3.01104688644 -1.0
3.03116893768 -1.0
3.03117799759 1.0
3.08822798729 -1.0
3.12683296204 -1.0
3.2062048912 -1.0
3.26230502129 -1.0
3.2628698349 1.0
3.28239583969 -1.0
3.54065203667 -1.0
3.56078290939 -1.0
3.58018398285 -1.0
3.73073101044 1.0
3.73105096817 -1.0
3.75015497208 -1.0
3.79036402702 -1.0
3.790776968 1.0
3.81024980545 -1.0
3.84104895592 -1.0
3.86107301712 -1.0
3.93069696426 -1.0
3.93070697784 1.0
3.95319700241 -1.0
3.99354100227 -1.0
3.99393296242 1.0
4.03248596191 -1.0
4.09224081039 -1.0
4.6537759304 -1.0
4.67392396927 -1.0
4.67393493652 1.0
4.6933658123 -1.0
4.74995303154 -1.0
4.74996399879 1.0
4.76425385475 -1.0
4.80826091766 -1.0
4.82244086266 -1.0
4.82284593582 1.0
4.8423948288 -1.0
4.89546298981 -1.0
4.98286294937 -1.0
4.98344182968 1.0
5.00305199623 -1.0
5.01175785065 -1.0
5.06044101715 -1.0
5.06044983864 1.0
5.07989001274 -1.0
5.38403487206 -1.0
5.72875499725 -1.0
5.72997689247 1.0
5.74947285652 -1.0
5.76896882057 -1.0
6.01617097855 -1.0
6.18677401543 -1.0
6.18679189682 1.0
6.35784101486 -1.0
6.37810182571 -1.0
6.73032283783 1.0
6.74990081787 -1.0
6.75017285347 -1.0
6.77613902092 -1.0
6.83279585838 -1.0
6.88690495491 -1.0
6.92686891556 1.0
7.08247184753 -1.0
7.10270380974 -1.0
7.10272288322 1.0
7.12241601944 -1.0
7.75040602684 -1.0
7.7507019043 -1.0
7.80869483948 -1.0
7.8562400341 -1.0
7.85668992996 1.0
7.87639093399 -1.0
7.88219881058 -1.0
8.05605602264 -1.0
8.08301591873 -1.0
8.08302283287 1.0
8.38243198395 -1.0
8.44052696228 -1.0
8.60608196259 -1.0
8.60674881935 1.0
8.62631297112 -1.0
8.64593195915 -1.0
8.74970698357 -1.0
8.74997091293 -1.0
8.75033593178 1.0
8.77289485931 -1.0
8.80646300316 -1.0
8.86254382133 -1.0
8.86255502701 1.0
8.96155285835 -1.0
9.09258890152 -1.0
14.4356458187 -1.0
14.4356658459 1.0
14.4551999569 -1.0
31.1241178513 -1.0
31.1242580414 1.0
31.1821169853 -1.0
