0.0 -1.0
0.00925397872925 -1.0
0.00926494598389 1.0
0.0289258956909 -1.0
0.0291309356689 -1.0
0.0499758720398 -1.0
0.132308006287 -1.0
0.133261919022 1.0
0.189839839935 -1.0
0.209563016891 -1.0
0.229643821716 -1.0
0.250039815903 -1.0
0.250049829483 1.0
0.269846916199 -1.0
0.289592981339 -1.0
0.3091609478 -1.0
0.309630870819 1.0
0.336596012115 -1.0
0.356112003326 -1.0
0.379243850708 -1.0
0.379254817963 1.0
0.406139850616 -1.0
0.426777839661 -1.0
0.426787853241 -1.0
0.427193880081 1.0
0.44598698616 -1.0
0.446351051331 -1.0
0.446847915649 -1.0
0.465855836868 -1.0
0.468535900116 1.0
0.524080991745 -1.0
0.543838024139 -1.0
0.563771009445 -1.0
0.563783884048 1.0
0.601790904999 -1.0
0.602499008179 -1.0
0.615428924561 -1.0
0.621598958969 -1.0
0.622881889343 -1.0
0.622887849808 1.0
0.630802869797 -1.0
0.642563819885 -1.0
0.676864862442 -1.0
0.677299976349 1.0
0.691295862198 -1.0
0.696933031082 -1.0
0.733379840851 -1.0
0.791015863419 -1.0
0.791036844254 1.0
0.815927028656 -1.0
0.875377893448 -1.0
0.931104898453 -1.0
0.933765888214 1.0
0.953282833099 -1.0
1.01208901405 -1.0
1.01254701614 1.0
1.04542398453 -1.0
1.10385489464 -1.0
1.13196587563 -1.0
1.15251302719 -1.0
1.15253281593 1.0
1.21005582809 -1.0
1.29734683037 -1.0
1.29736304283 -1.0
1.33000183105 -1.0
1.33049201965 1.0
1.37011790276 -1.0
1.39274382591 -1.0
1.41577291489 -1.0
1.41623282433 1.0
1.47403001785 -1.0
1.52852988243 -1.0
1.64646482468 -1.0
1.70600891113 -1.0
1.70603203773 1.0
1.74290204048 -1.0
1.79937005043 -1.0
1.85535693169 -1.0
1.89156198502 1.0
1.9476480484 -1.0
1.97041893005 -1.0
2.03004789352 -1.0
2.09460687637 -1.0
2.09506487846 1.0
2.11465001106 -1.0
2.13705301285 -1.0
2.19401693344 -1.0
2.24196481705 -1.0
2.24239802361 1.0
2.2981069088 -1.0
2.31838393211 -1.0
2.3781709671 -1.0
2.38024401665 -1.0
2.38075089455 1.0
2.40032291412 -1.0
2.43313884735 -1.0
2.48569488525 -1.0
2.48615503311 1.0
2.54214692116 -1.0
2.63328790665 -1.0
2.65395402908 -1.0
2.68848586082 -1.0
2.68851304054 1.0
2.74618697166 -1.0
2.80212187767 -1.0
2.83313393593 -1.0
2.94834399223 -1.0
2.98757481575 1.0
3.00798392296 -1.0
3.07203984261 -1.0
3.09400081635 -1.0
3.13158392906 1.0
3.1513068676 -1.0
3.18349885941 -1.0
3.20797586441 -1.0
3.24757885933 1.0
3.29031682014 -1.0
3.31259202957 -1.0
3.33266186714 -1.0
3.33302783966 1.0
3.37284302711 -1.0
3.39499688148 -1.0
3.41631889343 -1.0
3.41670084 1.0
3.46591186523 -1.0
3.50087189674 -1.0
3.52837204933 -1.0
3.52838397026 1.0
3.54790997505 -1.0
3.56764793396 -1.0
3.59054899216 -1.0
3.59056091309 1.0
3.61275696754 -1.0
3.70517396927 -1.0
3.82313585281 -1.0
3.85957098007 1.0
3.88039684296 -1.0
3.93908190727 -1.0
3.99813604355 -1.0
4.44887089729 -1.0
4.44963693619 1.0
4.46925783157 -1.0
4.48897385597 -1.0
4.92253804207 -1.0
5.13382291794 -1.0
5.13384890556 1.0
5.30063486099 -1.0
5.3184659481 -1.0
5.31847786903 1.0
5.33794593811 -1.0
5.37134003639 -1.0
5.37136983871 1.0
5.41196703911 -1.0
5.47424387932 -1.0
5.49378204346 -1.0
5.52165699005 -1.0
5.55959200859 1.0
5.57928299904 -1.0
5.63853096962 -1.0
5.89867091179 -1.0
5.89927697182 1.0
5.91885304451 -1.0
5.9386818409 -1.0
6.21472597122 -1.0
6.27915096283 1.0
6.29869294167 -1.0
6.29908490181 -1.0
6.34535384178 -1.0
6.34586286545 1.0
6.40233802795 -1.0
6.46924090385 -1.0
6.56183886528 -1.0
6.76121091843 -1.0
6.76124000549 1.0
15.0009868145 -1.0
