0.0 -1.0
0.075982093811 -1.0
0.089674949646 -1.0
0.089704990387 1.0
0.0988690853119 -1.0
0.109356880188 -1.0
0.129110097885 -1.0
0.135861873627 -1.0
0.135869026184 1.0
0.155632972717 -1.0
0.218225955963 -1.0
0.238419055939 -1.0
0.258162021637 -1.0
0.327210903168 -1.0
0.365876913071 1.0
0.385704994202 -1.0
0.387258052826 -1.0
0.405306100845 -1.0
0.405330896378 1.0
0.42493891716 -1.0
0.443782091141 -1.0
0.463471889496 -1.0
0.464333057404 1.0
0.510983943939 -1.0
0.531596899033 -1.0
0.563030958176 -1.0
0.601866006851 1.0
0.619442939758 -1.0
0.621748924255 -1.0
0.677473068237 -1.0
0.677525997162 1.0
0.6972219944 -1.0
0.753535032272 -1.0
0.773766040802 -1.0
0.773777961731 1.0
0.795162916183 -1.0
0.854562044144 -1.0
0.865071058273 -1.0
0.901869058609 1.0
0.910573005676 -1.0
0.921519041061 -1.0
0.966557025909 -1.0
0.96656703949 1.0
1.02263689041 -1.0
1.06376791 -1.0
1.12172698975 -1.0
1.17746090889 -1.0
1.17991089821 1.0
1.19951605797 -1.0
1.19980096817 -1.0
1.23389291763 -1.0
1.29063987732 -1.0
1.31730508804 -1.0
1.31775093079 1.0
1.36359405518 -1.0
1.49884104729 -1.0
1.49937987328 1.0
1.55865001678 -1.0
1.63053488731 -1.0
1.68041491508 -1.0
1.79731702805 -1.0
1.81767487526 -1.0
1.8177011013 1.0
1.8371090889 -1.0
1.83839607239 -1.0
1.85651803017 -1.0
1.85654187202 1.0
1.89869499207 -1.0
1.92545294762 -1.0
1.92590999603 1.0
1.94568109512 -1.0
1.97521901131 -1.0
1.99135494232 -1.0
1.99155306816 -1.0
1.9960770607 -1.0
1.99608302116 1.0
2.01097607613 -1.0
2.02546906471 -1.0
2.04487895966 -1.0
2.07352995872 -1.0
2.10984992981 1.0
2.18232488632 -1.0
2.32354092598 -1.0
2.34651589394 -1.0
2.34692406654 1.0
2.40264391899 -1.0
2.47904801369 -1.0
2.49897408485 -1.0
2.52816009521 -1.0
2.58664298058 -1.0
2.58666610718 1.0
2.60644197464 -1.0
2.7538599968 -1.0
2.77390003204 -1.0
2.94892692566 -1.0
3.10104298592 -1.0
3.13787603378 1.0
3.21056103706 -1.0
3.4973180294 -1.0
3.49832010269 -1.0
3.49833297729 1.0
3.54703307152 -1.0
3.60674595833 -1.0
3.62817597389 -1.0
3.66585898399 1.0
3.88584709167 -1.0
3.90589499474 -1.0
3.90590500832 1.0
3.92561197281 -1.0
4.31958794594 -1.0
4.49681210518 -1.0
4.49766397476 -1.0
4.49768590927 1.0
4.54530596733 -1.0
4.56643390656 -1.0
4.60585808754 1.0
4.83065509796 -1.0
4.89103007317 -1.0
5.07165598869 -1.0
5.07221698761 1.0
5.09166789055 -1.0
5.11115789413 -1.0
5.33367609978 -1.0
5.38944888115 -1.0
5.38946199417 1.0
5.49719190598 -1.0
5.49729895592 -1.0
5.51733803749 -1.0
5.51734805107 1.0
5.55662798882 -1.0
5.61490488052 -1.0
5.69733905792 -1.0
5.69796204567 1.0
5.71753096581 -1.0
5.76470398903 -1.0
5.88260388374 -1.0
5.88261294365 1.0
5.90220189095 -1.0
6.4508099556 -1.0
6.47095990181 -1.0
6.47096896172 1.0
6.49042987823 -1.0
6.50998592377 -1.0
6.51044297218 -1.0
6.54354190826 -1.0
6.54391288757 1.0
6.59027910233 -1.0
6.73488688469 -1.0
6.91405010223 -1.0
6.91407489777 1.0
7.08545207977 -1.0
7.14296603203 -1.0
7.16009807587 -1.0
7.16059303284 1.0
7.18054294586 -1.0
7.20027399063 -1.0
7.23686003685 -1.0
7.29350399971 -1.0
7.29351401329 1.0
7.41272807121 -1.0
7.42015910149 -1.0
7.4201669693 1.0
7.47102689743 -1.0
7.4973449707 -1.0
7.49780106544 -1.0
7.49814605713 1.0
7.51087188721 -1.0
7.55495095253 -1.0
7.62902402878 -1.0
7.64896392822 -1.0
7.88257288933 -1.0
8.26530790329 -1.0
8.26533007622 1.0
8.28540492058 -1.0
8.30518507957 -1.0
8.47735500336 1.0
8.49608588219 -1.0
8.49689292908 -1.0
8.49703001976 -1.0
8.4970369339 1.0
8.49721097946 -1.0
8.51669406891 -1.0
8.51734995842 -1.0
8.56259894371 -1.0
8.61471295357 -1.0
8.65386891365 1.0
8.67343401909 -1.0
8.83060097694 -1.0
8.83119797707 1.0
8.88713598251 -1.0
10.2649168968 -1.0
10.2850909233 -1.0
10.3048799038 -1.0
10.4776470661 1.0
10.49720788 -1.0
10.4984760284 -1.0
10.52906394 -1.0
10.5762040615 -1.0
10.6138808727 1.0
10.6334199905 -1.0
10.863722086 -1.0
11.1731340885 -1.0
11.1731660366 1.0
11.2312970161 -1.0
12.3587238789 -1.0
12.3788368702 -1.0
12.3788459301 1.0
12.3984210491 -1.0
12.498415947 -1.0
12.4986450672 -1.0
12.5192968845 -1.0
12.5578620434 1.0
12.5774199963 -1.0
12.6168560982 -1.0
12.65386796 1.0
12.6736140251 -1.0
12.7848289013 -1.0
16.2131478786 -1.0
16.2131810188 1.0
