0.0 -1.0
0.036819934845 1.0
0.0387229919434 -1.0
0.0563988685608 -1.0
0.193772792816 -1.0
0.194609880447 1.0
0.250593900681 -1.0
0.30677986145 -1.0
0.403584003448 -1.0
0.462622880936 -1.0
0.48104596138 -1.0
0.500713825226 -1.0
0.500741004944 1.0
0.504283905029 -1.0
0.520494937897 -1.0
0.524541854858 1.0
0.544523954391 -1.0
0.602197885513 -1.0
0.657764911652 -1.0
0.657804965973 1.0
0.659145832062 -1.0
0.665328979492 -1.0
0.708125829697 1.0
0.728161811829 -1.0
0.783038854599 -1.0
0.783491849899 1.0
0.802985906601 -1.0
0.860473871231 -1.0
0.916341781616 -1.0
0.952824831009 1.0
1.0786178112 -1.0
1.30159687996 -1.0
1.35868883133 -1.0
1.62573695183 -1.0
1.62650299072 1.0
1.64661598206 -1.0
1.66609597206 -1.0
1.73215889931 -1.0
1.73255491257 -1.0
1.73298597336 1.0
1.78918886185 -1.0
1.84687900543 -1.0
1.86309599876 -1.0
1.92151689529 -1.0
1.92153978348 1.0
1.94209384918 -1.0
1.94250798225 -1.0
1.96204781532 -1.0
2.09772586823 -1.0
2.13682079315 1.0
2.19403481483 -1.0
2.23991680145 -1.0
2.32993078232 -1.0
2.32995891571 1.0
2.350055933 -1.0
2.49605584145 -1.0
2.51838183403 -1.0
2.519053936 1.0
2.53869390488 -1.0
2.59499287605 -1.0
2.61460399628 -1.0
2.62725877762 -1.0
2.62772798538 1.0
2.67040896416 -1.0
2.69070696831 -1.0
2.72913479805 -1.0
2.72951078415 1.0
2.74930286407 -1.0
2.76937389374 -1.0
2.78918385506 -1.0
2.78919482231 1.0
2.8162779808 -1.0
2.87243199348 -1.0
2.92581582069 -1.0
2.92657995224 1.0
2.92833089828 -1.0
2.98274588585 -1.0
3.11576986313 -1.0
3.11634993553 1.0
3.18277978897 -1.0
3.23884081841 -1.0
3.3211889267 -1.0
3.46779799461 -1.0
3.50485181808 1.0
3.6515789032 -1.0
3.67410683632 -1.0
3.69501495361 -1.0
3.6954228878 1.0
3.72665500641 -1.0
3.74675893784 -1.0
3.79920387268 -1.0
3.79921579361 1.0
3.82091379166 -1.0
3.86376285553 -1.0
3.88808083534 -1.0
3.92483186722 1.0
3.94440793991 -1.0
4.00029277802 -1.0
4.05886077881 -1.0
4.60332798958 -1.0
4.60394287109 1.0
4.62356495857 -1.0
4.64388179779 -1.0
4.72802591324 -1.0
4.72908377647 -1.0
4.72947692871 1.0
4.77004480362 -1.0
4.79005289078 -1.0
4.84853482246 -1.0
4.84855699539 1.0
4.88922095299 -1.0
5.04853582382 1.0
5.06809687614 -1.0
5.08526778221 -1.0
5.1476418972 -1.0
5.1476547718 1.0
5.16851782799 -1.0
5.72816300392 -1.0
5.7281768322 -1.0
5.72818183899 1.0
5.74780488014 -1.0
5.74993777275 -1.0
5.80526590347 -1.0
5.8057448864 1.0
5.86698889732 -1.0
5.89358997345 -1.0
6.0689599514 -1.0
6.61929678917 -1.0
6.61932682991 1.0
6.63949990273 -1.0
6.65908193588 -1.0
6.71107077599 1.0
6.73108792305 -1.0
6.73156380653 -1.0
6.77039289474 -1.0
6.8270509243 -1.0
6.83945584297 -1.0
6.87683796883 1.0
6.97121191025 -1.0
7.25783777237 -1.0
7.56141591072 -1.0
7.56144094467 1.0
7.58169293404 -1.0
7.79187178612 -1.0
7.81209778786 -1.0
7.81211090088 1.0
7.83188295364 -1.0
8.01777386665 -1.0
8.17163491249 -1.0
8.36023783684 -1.0
8.36027097702 1.0
8.38047194481 -1.0
8.46872878075 -1.0
8.48911499977 -1.0
8.48913598061 1.0
8.50905179977 -1.0
8.56756591797 -1.0
8.64367389679 -1.0
8.67526292801 -1.0
8.6752820015 1.0
8.6973028183 -1.0
8.69803595543 -1.0
8.75924992561 -1.0
8.7592728138 1.0
8.77882599831 -1.0
8.77945899963 -1.0
8.81762695312 -1.0
8.83799695969 -1.0
8.83842682838 1.0
8.89915299416 -1.0
9.58005595207 -1.0
9.58051490784 1.0
9.63935279846 -1.0
9.90391087532 -1.0
9.92559599876 -1.0
9.94513487816 -1.0
10.2291147709 -1.0
10.2688257694 1.0
10.3653287888 -1.0
10.4697818756 -1.0
10.7080349922 1.0
10.7281458378 -1.0
10.7287089825 -1.0
10.7872779369 -1.0
10.9274828434 -1.0
10.9279849529 1.0
10.9476158619 -1.0
11.2916209698 -1.0
15.4500517845 -1.0
15.4728758335 -1.0
15.4729018211 1.0
15.4977278709 -1.0
15.6774978638 -1.0
