0.0 -1.0
0.000555992126465 1.0
0.0459978580475 -1.0
0.0656139850616 -1.0
0.0888519287109 -1.0
0.127249956131 1.0
0.147531986237 -1.0
0.160513877869 -1.0
0.167750835419 -1.0
0.189877033234 1.0
0.247396945953 -1.0
0.251112937927 -1.0
0.303404808044 -1.0
0.306805849075 -1.0
0.307279825211 1.0
0.326764822006 -1.0
0.327220916748 -1.0
0.337116956711 -1.0
0.34055185318 -1.0
0.346679925919 -1.0
0.347096920013 1.0
0.370064973831 -1.0
0.39030790329 -1.0
0.447530031204 -1.0
0.447549819946 1.0
0.503414869308 -1.0
0.587363004684 -1.0
0.704703807831 -1.0
0.830968856812 -1.0
0.833336830139 1.0
0.852939844131 -1.0
0.853286027908 -1.0
0.911604881287 -1.0
1.01465797424 -1.0
1.03474283218 -1.0
1.26175689697 -1.0
1.26239085197 1.0
1.28195381165 -1.0
1.30186295509 -1.0
1.32757282257 -1.0
1.38756084442 -1.0
1.45538496971 -1.0
1.49524497986 1.0
1.60623884201 -1.0
1.81385397911 -1.0
1.83599901199 -1.0
1.8374569416 -1.0
1.8378868103 1.0
1.87412786484 -1.0
1.92419886589 -1.0
1.98377394676 -1.0
2.08321785927 -1.0
2.08397889137 1.0
2.10350084305 -1.0
2.12315487862 -1.0
2.25525403023 -1.0
2.27885198593 -1.0
2.2793469429 1.0
2.29884290695 -1.0
2.35553193092 -1.0
2.36455202103 -1.0
2.37498092651 -1.0
2.40324497223 1.0
2.42278289795 -1.0
2.44278788567 -1.0
2.48493385315 -1.0
2.54273080826 -1.0
2.54329991341 1.0
2.59957289696 -1.0
2.68459200859 -1.0
2.83405399323 -1.0
2.96621990204 -1.0
3.00321984291 1.0
3.27888393402 -1.0
3.27925086021 -1.0
3.27962398529 1.0
3.33169484138 -1.0
3.39163804054 -1.0
3.41538286209 -1.0
4.06927204132 -1.0
4.06929683685 1.0
4.08942604065 -1.0
4.1089258194 -1.0
4.25939083099 1.0
4.27906298637 -1.0
4.27935886383 -1.0
4.3247590065 -1.0
4.37760782242 -1.0
4.41529202461 1.0
4.43484592438 -1.0
4.7113609314 -1.0
4.73683094978 1.0
4.75673794746 -1.0
4.81574201584 -1.0
5.03718996048 -1.0
5.03778886795 1.0
5.05731081963 -1.0
5.11374282837 -1.0
5.13391184807 -1.0
5.15348386765 -1.0
5.18985891342 -1.0
5.22724103928 1.0
5.24685502052 -1.0
5.28234601021 -1.0
5.28271794319 1.0
5.30651187897 -1.0
5.32661890984 -1.0
5.38377189636 -1.0
5.52309298515 -1.0
5.55923986435 1.0
5.57900595665 -1.0
5.59907388687 -1.0
5.59909582138 1.0
5.6187069416 -1.0
5.80129790306 -1.0
5.94703698158 -1.0
6.11695599556 -1.0
6.11698293686 1.0
6.13712787628 -1.0
6.21899485588 -1.0
6.23919582367 -1.0
6.23920583725 1.0
6.25867199898 -1.0
6.27832198143 -1.0
6.27899599075 -1.0
6.29888892174 -1.0
6.33521604538 1.0
6.3546628952 -1.0
6.37466788292 -1.0
6.39719390869 -1.0
6.3976149559 1.0
6.45513701439 -1.0
6.51187396049 -1.0
6.55535793304 -1.0
7.15536689758 -1.0
7.15539097786 1.0
7.17545485497 -1.0
7.45600581169 -1.0
7.4762108326 -1.0
7.47622203827 1.0
7.49582982063 -1.0
7.75554895401 -1.0
7.85526585579 -1.0
7.95537686348 -1.0
7.95540690422 1.0
7.97556900978 -1.0
8.27846002579 -1.0
8.27878594398 -1.0
8.27921581268 1.0
8.29884386063 -1.0
8.31894803047 -1.0
8.37599802017 -1.0
8.37601304054 1.0
8.39548993111 -1.0
8.44419693947 -1.0
8.50680184364 -1.0
8.66121196747 -1.0
8.66123485565 1.0
8.8159058094 -1.0
8.8362569809 -1.0
9.25863981247 1.0
9.27824687958 -1.0
9.27848601341 -1.0
9.29948592186 -1.0
9.32568788528 -1.0
9.36323881149 1.0
10.6046350002 -1.0
10.6644740105 -1.0
10.6644899845 1.0
10.6840548515 -1.0
10.9562859535 -1.0
11.2385849953 -1.0
11.2585940361 1.0
11.2586548328 1.0
11.2782039642 -1.0
11.2782180309 -1.0
11.2784588337 -1.0
11.2784688473 -1.0
11.2784719467 -1.0
11.2980968952 -1.0
11.298489809 -1.0
11.3428459167 -1.0
11.3433430195 1.0
11.4001948833 -1.0
11.4042229652 -1.0
11.5654740334 -1.0
15.0463049412 -1.0
15.0463318825 1.0
