0.0 -1.0
0.00600409507751 -1.0
0.00631809234619 1.0
0.0638160705566 -1.0
0.0806410312653 -1.0
0.140316963196 -1.0
0.192136049271 1.0
0.196221113205 -1.0
0.247874975204 -1.0
0.303959131241 -1.0
0.450417995453 -1.0
0.488627910614 1.0
0.50808596611 -1.0
0.567920923233 -1.0
0.587675094604 -1.0
0.613706111908 -1.0
0.656625032425 1.0
0.695437908173 -1.0
0.715413093567 -1.0
0.731624126434 -1.0
0.731643915176 1.0
0.751148939133 -1.0
0.756459951401 -1.0
0.775939941406 -1.0
0.779000043869 1.0
0.798569917679 -1.0
0.81849193573 -1.0
0.852262973785 -1.0
0.888620138168 1.0
0.909938097 -1.0
0.957528114319 -1.0
0.968192100525 -1.0
1.01682710648 -1.0
1.01688408852 1.0
1.07491993904 -1.0
1.09755992889 -1.0
1.12643504143 -1.0
1.12691307068 1.0
1.1840441227 -1.0
1.49616098404 -1.0
1.52310609818 -1.0
1.53087091446 -1.0
1.54311299324 -1.0
1.65516591072 -1.0
1.65528702736 1.0
1.67513108253 -1.0
1.69714212418 -1.0
1.69715309143 -1.0
1.69749712944 -1.0
1.69788193703 1.0
1.75599598885 -1.0
1.80777406693 -1.0
1.82792711258 -1.0
2.02300691605 -1.0
2.04321694374 -1.0
2.23345112801 -1.0
2.23421192169 1.0
2.25416898727 -1.0
2.27376413345 -1.0
2.5645840168 -1.0
2.67564606667 1.0
2.69512701035 -1.0
2.69555306435 -1.0
2.72842502594 -1.0
2.72883296013 1.0
2.78809809685 -1.0
2.80793094635 -1.0
2.81860208511 -1.0
2.87616896629 -1.0
2.87618398666 1.0
2.9361140728 -1.0
3.02147197723 -1.0
3.09090304375 -1.0
3.09091711044 1.0
3.1127409935 -1.0
3.11318397522 -1.0
3.13323903084 -1.0
3.17261791229 1.0
3.19211697578 -1.0
3.21226501465 -1.0
3.24838209152 -1.0
3.24859499931 1.0
3.26868510246 -1.0
3.32819700241 -1.0
3.41362190247 -1.0
3.47208595276 -1.0
3.6176071167 -1.0
3.61837792397 1.0
3.67608213425 -1.0
3.73209404945 -1.0
3.75210690498 -1.0
3.75254511833 1.0
3.78356313705 -1.0
3.8125 -1.0
3.86819005013 -1.0
3.91420102119 -1.0
3.91473293304 1.0
3.96499013901 -1.0
4.02410507202 -1.0
4.16111898422 -1.0
4.22438693047 -1.0
4.26061892509 1.0
4.3259510994 -1.0
4.38813495636 -1.0
4.53776192665 -1.0
4.53999710083 1.0
4.55956697464 -1.0
4.56000494957 -1.0
4.61629700661 -1.0
4.63579010963 -1.0
4.65591406822 -1.0
4.67628312111 1.0
4.69600105286 -1.0
4.69632411003 -1.0
4.7420129776 -1.0
4.77767801285 -1.0
4.81661510468 1.0
4.99648809433 -1.0
5.01267194748 -1.0
5.01268100739 1.0
5.07240891457 -1.0
5.70137190819 -1.0
5.72150993347 -1.0
5.74117898941 -1.0
5.94249510765 -1.0
5.98063111305 1.0
6.05288791656 -1.0
6.20746994019 -1.0
6.2080540657 1.0
6.22752594948 -1.0
6.50072193146 -1.0
6.52082705498 -1.0
6.54043912888 -1.0
6.67630505562 1.0
6.69578695297 -1.0
6.69625592232 -1.0
6.7381310463 -1.0
6.78915309906 -1.0
6.82861804962 1.0
6.94857597351 -1.0
7.04284310341 -1.0
7.33452105522 -1.0
7.33454203606 1.0
7.39230895042 -1.0
7.69564294815 -1.0
7.69604301453 -1.0
7.69652509689 1.0
7.71611595154 -1.0
7.77234911919 -1.0
7.79190611839 -1.0
7.93175411224 -1.0
7.93228006363 1.0
7.951816082 -1.0
8.0834980011 -1.0
8.25188994408 -1.0
8.33225393295 -1.0
8.33227491379 1.0
8.4467561245 -1.0
8.46680998802 -1.0
8.67735505104 1.0
8.69691300392 -1.0
8.69733190536 -1.0
8.74183797836 -1.0
8.80074810982 -1.0
8.8081009388 -1.0
8.84462499619 1.0
9.03173398972 -1.0
9.05191302299 -1.0
9.05192804337 1.0
9.07156395912 -1.0
9.69631195068 -1.0
9.69672298431 -1.0
9.73970293999 -1.0
9.74013900757 1.0
9.79650902748 -1.0
9.81471300125 -1.0
10.7326741219 -1.0
10.8326511383 -1.0
10.8326690197 1.0
10.9320220947 -1.0
10.9520859718 -1.0
11.0098891258 -1.0
11.0104219913 1.0
11.0300090313 -1.0
11.0495860577 -1.0
11.0849699974 -1.0
11.1442770958 -1.0
11.144297123 1.0
11.2077770233 -1.0
11.26471591 -1.0
11.4519710541 -1.0
11.4525299072 1.0
11.4725649357 -1.0
11.4924650192 -1.0
11.6417961121 -1.0
11.6952629089 -1.0
11.6957409382 -1.0
11.6961331367 1.0
11.7163319588 -1.0
11.7722299099 -1.0
11.772685051 1.0
11.8286600113 -1.0
11.8485150337 -1.0
12.6964011192 -1.0
12.6967999935 -1.0
12.6968090534 1.0
12.740737915 -1.0
12.7963540554 -1.0
12.8326189518 1.0
15.3952419758 -1.0
15.4159030914 -1.0
15.6649401188 -1.0
15.6649720669 1.0
32.6937580109 -1.0
32.7301440239 -1.0
32.7301669121 1.0
32.7497470379 -1.0
