0.0 -1.0
0.000862836837769 1.0
0.0608458518982 -1.0
0.105808973312 -1.0
0.151768922806 -1.0
0.197312831879 -1.0
0.217366933823 -1.0
0.237548828125 -1.0
0.237977981567 1.0
0.27118396759 -1.0
0.286653995514 -1.0
0.287083864212 -1.0
0.288450956345 -1.0
0.291527032852 -1.0
0.29153585434 1.0
0.311784982681 -1.0
0.345572948456 -1.0
0.355708837509 -1.0
0.413744926453 -1.0
0.416542053223 -1.0
0.418643951416 -1.0
0.422605991364 -1.0
0.426470994949 1.0
0.428423881531 -1.0
0.436094999313 -1.0
0.446360826492 -1.0
0.461709976196 -1.0
0.466241836548 -1.0
0.480967998505 -1.0
0.48622584343 -1.0
0.505843877792 -1.0
0.525990962982 -1.0
0.52637386322 1.0
0.535676956177 -1.0
0.546004056931 -1.0
0.569068908691 -1.0
0.621747016907 -1.0
0.62832903862 -1.0
0.661916017532 -1.0
0.661922931671 1.0
0.679360866547 -1.0
0.694967031479 -1.0
0.697769880295 -1.0
0.704541921616 -1.0
0.714918851852 -1.0
0.718318939209 -1.0
0.723785877228 -1.0
0.763602018356 -1.0
0.775598049164 -1.0
0.775627851486 1.0
0.823948860168 -1.0
0.835294961929 -1.0
0.84077501297 -1.0
0.847301959991 -1.0
0.856906890869 -1.0
0.899371862411 -1.0
0.906373977661 -1.0
0.906466007233 1.0
0.963403940201 -1.0
1.15214085579 -1.0
1.17242598534 -1.0
1.17244195938 -1.0
1.1923789978 -1.0
1.31578087807 -1.0
1.31658387184 -1.0
1.34504795074 -1.0
1.38376784325 1.0
1.40386295319 -1.0
1.42389702797 -1.0
1.4875190258 -1.0
1.54345488548 -1.0
1.59951996803 -1.0
1.63528800011 -1.0
1.64963793755 -1.0
1.65530586243 -1.0
1.65531396866 1.0
1.71940994263 -1.0
1.84688305855 -1.0
1.87571597099 -1.0
1.88973498344 -1.0
1.89546394348 -1.0
1.91863799095 -1.0
2.05649089813 -1.0
2.07670998573 -1.0
2.12951588631 -1.0
2.13812685013 -1.0
2.1381509304 1.0
2.15760993958 -1.0
2.2156689167 -1.0
2.24496388435 -1.0
2.27292394638 -1.0
2.2765648365 -1.0
2.29334402084 -1.0
2.29482102394 1.0
2.31446886063 -1.0
2.31485486031 -1.0
2.33514285088 -1.0
2.34720683098 -1.0
2.3476369381 -1.0
2.35609483719 -1.0
2.35627198219 -1.0
2.35666584969 -1.0
2.35667204857 1.0
2.35691404343 -1.0
2.36709594727 -1.0
2.37866401672 -1.0
2.37950801849 -1.0
2.37976884842 -1.0
2.37984800339 1.0
2.38584804535 -1.0
2.38684391975 -1.0
2.38717484474 -1.0
2.40695595741 -1.0
2.4082698822 -1.0
2.42850184441 -1.0
2.49149990082 -1.0
2.60062384605 -1.0
2.71676397324 -1.0
2.75577783585 1.0
2.77840900421 -1.0
3.31546783447 -1.0
3.31577706337 -1.0
3.34944295883 -1.0
3.39719200134 -1.0
3.43575406075 1.0
5.15178704262 -1.0
5.17140483856 -1.0
7.11421990395 -1.0
7.13380694389 -1.0
15.0193419456 -1.0
15.096832037 -1.0
15.0968408585 1.0
23.3134150505 -1.0
23.3134269714 -1.0
23.313603878 -1.0
23.3330519199 -1.0
23.3659870625 -1.0
