0.0 -1.0
0.128078937531 1.0
0.142796993256 -1.0
0.184001922607 -1.0
0.216178894043 -1.0
0.275939941406 -1.0
0.332623004913 -1.0
0.420892000198 -1.0
0.449805021286 -1.0
0.449812889099 1.0
0.463898897171 -1.0
0.469578027725 -1.0
0.497082948685 -1.0
0.506118059158 -1.0
0.506154060364 -1.0
0.525714874268 -1.0
0.536494970322 -1.0
0.536594867706 -1.0
0.536608934402 1.0
0.536714076996 -1.0
0.545641899109 -1.0
0.595941066742 -1.0
0.632477998734 -1.0
0.680732011795 -1.0
0.680764913559 -1.0
0.689364910126 -1.0
0.708921909332 -1.0
0.708947896957 1.0
0.728625059128 -1.0
0.806487083435 -1.0
0.826222896576 -1.0
0.847244024277 -1.0
0.860836982727 -1.0
0.866894006729 -1.0
0.927953004837 -1.0
0.991080999374 -1.0
0.991451025009 1.0
1.01124691963 -1.0
1.06587195396 -1.0
1.07452487946 -1.0
1.07455587387 -1.0
1.09412097931 -1.0
1.15387296677 -1.0
1.18071508408 -1.0
1.20375394821 -1.0
1.20377588272 1.0
1.21169304848 -1.0
1.22344589233 -1.0
1.26150393486 -1.0
1.31433391571 -1.0
1.31434392929 -1.0
1.31483006477 -1.0
1.31491494179 -1.0
1.31503891945 -1.0
1.31759309769 -1.0
1.32154798508 -1.0
1.32158589363 -1.0
1.33713102341 -1.0
1.33719801903 1.0
1.3412270546 -1.0
1.34127902985 -1.0
1.34192800522 -1.0
1.34196686745 -1.0
1.34877204895 -1.0
1.34879302979 -1.0
1.35679507256 -1.0
1.36029100418 -1.0
1.36029887199 -1.0
1.36031508446 1.0
1.36728405952 -1.0
1.36730599403 -1.0
1.36745691299 -1.0
1.3763589859 -1.0
1.37651205063 -1.0
1.42608809471 -1.0
1.43489003181 -1.0
1.43492507935 -1.0
1.45479798317 -1.0
1.46156406403 1.0
1.52023100853 -1.0
1.64941191673 -1.0
1.74510192871 -1.0
1.80154395103 -1.0
4.98070693016 -1.0
4.98071599007 1.0
4.98098397255 -1.0
5.00019788742 -1.0
5.9811809063 -1.0
6.0007750988 -1.0
6.02470493317 -1.0
15.1374220848 -1.0
15.167468071 -1.0
15.1972560883 -1.0
15.1972639561 1.0
17.4636158943 -1.0
17.5214090347 -1.0
