0.0 -1.0
1.09672546387e-05 1.0
0.0120670795441 -1.0
0.0198910236359 -1.0
0.0563859939575 -1.0
0.0848610401154 -1.0
0.129075050354 -1.0
0.187474966049 -1.0
0.189960002899 1.0
0.209692001343 -1.0
0.223138093948 -1.0
0.229338169098 -1.0
0.240139007568 -1.0
0.286870002747 -1.0
0.286877155304 1.0
0.299740076065 -1.0
0.30645608902 -1.0
0.35541510582 -1.0
0.376363039017 -1.0
0.462167024612 -1.0
0.509756088257 -1.0
0.554097175598 -1.0
0.561586141586 -1.0
0.567501068115 -1.0
0.567520141602 1.0
0.57327413559 -1.0
0.587011098862 -1.0
0.620628118515 -1.0
0.679020166397 -1.0
0.679617166519 -1.0
0.738983154297 -1.0
0.738996982574 1.0
0.75640296936 -1.0
0.795175075531 -1.0
0.814009189606 -1.0
0.815387010574 -1.0
0.828809976578 -1.0
0.835211038589 -1.0
0.849411010742 -1.0
0.854912996292 -1.0
0.854937076569 1.0
0.885500192642 -1.0
0.91507601738 -1.0
0.987482070923 -1.0
1.04705309868 -1.0
1.06379508972 -1.0
1.07268309593 -1.0
1.09239506721 -1.0
1.13187909126 1.0
1.18216300011 -1.0
1.22777199745 -1.0
1.25928401947 -1.0
1.27902197838 -1.0
1.30236101151 -1.0
1.33490896225 -1.0
1.33534908295 -1.0
1.33537101746 1.0
1.34231114388 -1.0
1.35448598862 -1.0
1.36405706406 -1.0
1.36554098129 -1.0
1.37197113037 -1.0
1.37224698067 -1.0
1.38381409645 -1.0
1.38382196426 1.0
1.38555502892 -1.0
1.43108510971 -1.0
1.48699808121 -1.0
1.63753914833 -1.0
1.70372605324 -1.0
1.75957012177 -1.0
4.18959307671 1.0
4.20937800407 -1.0
4.22898006439 -1.0
5.20976495743 -1.0
5.21024918556 -1.0
5.2296860218 -1.0
6.19114017487 1.0
6.21074604988 -1.0
6.21087002754 -1.0
6.23048210144 -1.0
14.9683899879 -1.0
15.2126021385 -1.0
15.212854147 -1.0
15.2720229626 -1.0
15.3239519596 -1.0
15.3244621754 1.0
15.3444941044 -1.0
15.5220360756 -1.0
15.9171230793 -1.0
15.9688131809 -1.0
