0.0 -1.0
0.0451378822327 -1.0
0.0834770202637 1.0
0.103193998337 -1.0
0.144812822342 -1.0
0.181893825531 -1.0
0.204264879227 -1.0
0.259955883026 -1.0
0.274986028671 -1.0
0.331068992615 -1.0
0.367460012436 1.0
0.387240886688 -1.0
0.407514810562 -1.0
0.432104825974 -1.0
0.437337875366 -1.0
0.451553821564 -1.0
0.510834932327 -1.0
0.519490003586 -1.0
0.53907084465 -1.0
0.575445890427 1.0
0.594841957092 -1.0
0.632375001907 -1.0
0.692045927048 -1.0
0.713907957077 -1.0
0.762902975082 -1.0
0.763206005096 -1.0
0.770967006683 -1.0
0.770996809006 1.0
0.790428876877 -1.0
0.836542844772 -1.0
0.845257043839 -1.0
0.864679813385 -1.0
0.920581817627 -1.0
0.922894954681 -1.0
0.942849874496 -1.0
0.942907810211 1.0
1.00010204315 -1.0
1.06377482414 -1.0
1.07255196571 -1.0
1.09196400642 -1.0
1.15171790123 -1.0
1.18458485603 -1.0
1.19669795036 1.0
1.21681499481 -1.0
1.23663187027 -1.0
1.25786089897 -1.0
1.29085588455 -1.0
1.29886698723 -1.0
1.29935097694 -1.0
1.31054902077 -1.0
1.31057882309 1.0
1.32047080994 -1.0
1.32105398178 -1.0
1.3212518692 -1.0
1.32209300995 -1.0
1.33022904396 -1.0
1.33023881912 -1.0
1.34073901176 -1.0
1.34074497223 1.0
1.34966993332 -1.0
1.41203689575 -1.0
1.52677202225 -1.0
1.64226484299 -1.0
1.69902586937 -1.0
4.96908903122 1.0
4.98885798454 -1.0
4.98887085915 -1.0
4.98887300491 -1.0
4.98913097382 -1.0
5.008507967 -1.0
5.11515593529 -1.0
5.13492393494 -1.0
6.11665296555 -1.0
6.11667394638 1.0
6.13662695885 -1.0
14.9834778309 -1.0
15.7297339439 -1.0
