0.0 1.0
0.0196528434753 -1.0
0.0651559829712 -1.0
0.0848529338837 -1.0
0.104393005371 -1.0
0.135397911072 -1.0
0.154866933823 -1.0
0.154876947403 1.0
0.158028841019 -1.0
0.174474000931 -1.0
0.194010972977 -1.0
0.273467063904 -1.0
0.285536050797 -1.0
0.329499959946 -1.0
0.341666936874 -1.0
0.360960960388 -1.0
0.368391036987 -1.0
0.368584871292 1.0
0.380665063858 -1.0
0.425530910492 -1.0
0.437710046768 -1.0
0.484952926636 -1.0
0.541657924652 -1.0
0.56205701828 -1.0
0.621604919434 -1.0
0.65805888176 1.0
0.746777057648 -1.0
0.766492843628 -1.0
0.786790847778 -1.0
0.799762010574 -1.0
0.819260835648 -1.0
0.876266002655 -1.0
1.0178899765 1.0
1.04270291328 -1.0
1.10154795647 -1.0
1.20667886734 -1.0
1.26320385933 -1.0
1.27752494812 -1.0
1.2919549942 -1.0
1.29733705521 -1.0
1.34826993942 -1.0
1.374740839 -1.0
1.37476301193 1.0
1.39431786537 -1.0
1.46807003021 -1.0
1.48761487007 -1.0
1.54394602776 -1.0
1.5637140274 -1.0
1.56372284889 1.0
1.62152099609 -1.0
1.64097094536 -1.0
1.64114403725 -1.0
1.6976518631 -1.0
1.73337388039 -1.0
1.81731390953 -1.0
1.81920099258 -1.0
1.83878397942 -1.0
1.89178800583 -1.0
1.89181685448 1.0
1.91133999825 -1.0
1.96981787682 -1.0
2.00378394127 -1.0
2.06214690208 -1.0
2.07911705971 -1.0
2.09882903099 -1.0
2.13336491585 -1.0
2.13343286514 1.0
2.15659093857 -1.0
2.16586995125 -1.0
2.20781087875 -1.0
2.22152400017 -1.0
2.24127793312 -1.0
2.24130487442 1.0
2.30184483528 -1.0
2.32302904129 -1.0
2.33825993538 -1.0
2.52793002129 -1.0
2.52900886536 -1.0
2.52935600281 -1.0
2.53460597992 -1.0
2.53461289406 1.0
2.54860901833 -1.0
2.60258603096 -1.0
2.61845183372 -1.0
2.62249493599 -1.0
2.67761898041 -1.0
2.67818188667 -1.0
2.67819190025 -1.0
2.67822003365 1.0
2.69777989388 -1.0
2.70678496361 -1.0
2.72634387016 -1.0
2.74591493607 -1.0
2.76539301872 -1.0
3.07256388664 -1.0
3.17269587517 -1.0
3.2750658989 -1.0
3.27508687973 1.0
5.05848288536 -1.0
5.05867791176 -1.0
5.07798290253 -1.0
5.25334191322 -1.0
5.34244084358 -1.0
6.03890800476 1.0
6.05841183662 -1.0
6.05893397331 -1.0
6.05917096138 -1.0
6.07784485817 -1.0
7.05854105949 -1.0
7.05855083466 1.0
7.07800483704 -1.0
7.23883795738 -1.0
15.1930458546 -1.0
16.1642940044 -1.0
16.2532069683 -1.0
16.2727880478 -1.0
