0.0 -1.0
1.09672546387e-05 1.0
0.0199301242828 -1.0
0.0396399497986 -1.0
0.0684950351715 -1.0
0.113613128662 -1.0
0.127030134201 -1.0
0.147232055664 -1.0
0.166871070862 -1.0
0.16709113121 1.0
0.225765943527 -1.0
0.246982097626 -1.0
0.267915010452 -1.0
0.324723005295 -1.0
0.32545208931 -1.0
0.33620095253 -1.0
0.355823993683 -1.0
0.424919128418 -1.0
0.424929141998 1.0
0.444514036179 -1.0
0.502671957016 -1.0
0.522279024124 -1.0
0.542169094086 -1.0
0.561702013016 -1.0
0.58204293251 -1.0
0.601465940475 -1.0
0.604043006897 -1.0
0.604064941406 1.0
0.619342088699 -1.0
0.693104028702 -1.0
0.79399394989 -1.0
0.823704004288 -1.0
0.838416099548 -1.0
0.843492984772 -1.0
0.880708932877 -1.0
0.880717992783 1.0
0.933588981628 -1.0
1.1333360672 -1.0
1.15541601181 -1.0
1.21276807785 -1.0
1.28963899612 -1.0
1.34885311127 -1.0
1.41821503639 -1.0
1.41858100891 1.0
1.47678112984 -1.0
1.50718092918 -1.0
1.5279519558 -1.0
1.5839779377 -1.0
1.58658003807 -1.0
1.60613107681 -1.0
1.60965108871 1.0
1.6449201107 -1.0
1.66021108627 -1.0
1.66453409195 -1.0
1.72262597084 -1.0
1.77495503426 -1.0
1.7749710083 1.0
1.80426692963 -1.0
1.84988713264 -1.0
1.86265897751 -1.0
1.90603613853 -1.0
1.907102108 -1.0
1.90712499619 1.0
1.91867399216 -1.0
1.95260310173 -1.0
1.97281193733 -1.0
1.98032712936 -1.0
1.99482011795 -1.0
1.99983692169 -1.0
2.03687906265 -1.0
2.03909802437 1.0
2.04156112671 -1.0
2.0589621067 -1.0
2.11376714706 -1.0
2.13113903999 -1.0
2.15098810196 -1.0
2.20683002472 -1.0
2.2068810463 1.0
2.2265920639 -1.0
2.30067896843 -1.0
2.30110311508 -1.0
2.30921602249 -1.0
2.31562304497 -1.0
2.32037210464 -1.0
2.4049539566 -1.0
2.40500593185 1.0
2.46881508827 -1.0
2.68362808228 -1.0
2.78831791878 -1.0
2.816822052 -1.0
4.5440659523 1.0
4.56363296509 -1.0
4.56376409531 -1.0
4.58334708214 -1.0
4.74548506737 -1.0
4.83460211754 -1.0
5.56367206573 -1.0
5.56368303299 1.0
5.56391310692 -1.0
5.58352613449 -1.0
6.5642080307 -1.0
6.56442213058 -1.0
6.58383011818 -1.0
6.80814194679 -1.0
16.2406790257 -1.0
16.3156750202 -1.0
16.3156859875 1.0
16.3355441093 -1.0
26.4721930027 -1.0
26.4723529816 -1.0
30.7690479755 -1.0
