0.0 -1.0
1.19209289551e-05 1.0
0.0134360790253 -1.0
0.0561900138855 -1.0
0.0756740570068 -1.0
0.11781001091 -1.0
0.141026973724 -1.0
0.157311916351 -1.0
0.215922117233 -1.0
0.221879959106 -1.0
0.264343976974 1.0
0.277858018875 -1.0
0.283853054047 -1.0
0.296270132065 -1.0
0.31581401825 -1.0
0.335371017456 -1.0
0.339204072952 -1.0
0.35554599762 -1.0
0.375261068344 -1.0
0.382367134094 -1.0
0.383220911026 1.0
0.401854038239 -1.0
0.439949989319 -1.0
0.503304004669 -1.0
0.523021936417 -1.0
0.534407138824 -1.0
0.536765098572 -1.0
0.554119110107 -1.0
0.590322971344 1.0
0.603996038437 -1.0
0.609797000885 -1.0
0.685171127319 -1.0
0.774843931198 -1.0
0.817533969879 -1.0
0.91376709938 -1.0
0.933749914169 -1.0
1.02707791328 -1.0
1.04769206047 -1.0
1.13687992096 -1.0
1.1372821331 1.0
1.15683102608 -1.0
1.15931010246 -1.0
1.18120193481 -1.0
1.20087003708 -1.0
1.25788092613 -1.0
1.29850697517 -1.0
1.29851794243 1.0
1.33505511284 -1.0
1.39200806618 -1.0
1.42968511581 -1.0
1.46125006676 -1.0
1.48096299171 -1.0
1.55034899712 -1.0
1.57000613213 -1.0
1.58908700943 -1.0
1.58911800385 1.0
1.59332203865 -1.0
1.63990592957 -1.0
1.6594851017 -1.0
1.67841792107 -1.0
1.69831705093 -1.0
1.73606300354 -1.0
1.73608398438 1.0
1.74915909767 -1.0
1.79206299782 -1.0
1.84810900688 -1.0
1.9186770916 -1.0
1.98343896866 -1.0
1.98346710205 -1.0
2.00313997269 -1.0
2.02528309822 -1.0
2.02530312538 -1.0
2.02534604073 1.0
2.03362894058 -1.0
2.04483509064 -1.0
2.09696698189 -1.0
2.10264897346 -1.0
2.12277793884 -1.0
2.12501096725 -1.0
2.13449811935 -1.0
2.13453912735 1.0
2.1541030407 -1.0
2.19156193733 -1.0
2.21018004417 -1.0
2.26518702507 -1.0
2.35437297821 -1.0
5.08833813667 -1.0
5.08836102486 1.0
5.10792398453 -1.0
5.38647198677 -1.0
5.47587203979 -1.0
6.05105900764 -1.0
6.05107593536 1.0
6.05108213425 -1.0
6.0514690876 -1.0
6.07071208954 -1.0
7.0511701107 -1.0
7.07078099251 -1.0
7.22316503525 -1.0
15.483590126 -1.0
15.5979099274 -1.0
16.4846849442 -1.0
16.484705925 1.0
