0.0 -1.0
1.31130218506e-05 1.0
0.0587651729584 -1.0
0.0782392024994 -1.0
0.11752820015 -1.0
0.134800195694 -1.0
0.154254198074 -1.0
0.154663085938 -1.0
0.154670000076 1.0
0.174454212189 -1.0
0.226221084595 -1.0
0.271066188812 -1.0
0.306161165237 -1.0
0.325649023056 -1.0
0.325657129288 -1.0
0.330192089081 -1.0
0.333863019943 -1.0
0.345188140869 -1.0
0.383031129837 1.0
0.386870145798 -1.0
0.423174142838 -1.0
0.442804098129 -1.0
0.507433176041 -1.0
0.535979032516 -1.0
0.542692184448 -1.0
0.555843114853 -1.0
0.555868148804 1.0
0.575681209564 -1.0
0.618895053864 -1.0
0.645228147507 -1.0
0.734898090363 -1.0
0.866957187653 -1.0
0.867928028107 -1.0
0.868249177933 1.0
0.927000045776 -1.0
1.05237603188 -1.0
1.07267618179 -1.0
1.13096213341 -1.0
1.20835208893 -1.0
1.2452352047 -1.0
1.26486706734 -1.0
1.36288499832 -1.0
1.41271901131 -1.0
1.44834113121 -1.0
1.45198321342 1.0
1.4690861702 -1.0
1.47931408882 -1.0
1.49905705452 -1.0
1.50990414619 -1.0
1.53795719147 -1.0
1.594810009 -1.0
1.62623906136 -1.0
1.62625002861 1.0
1.68306517601 -1.0
1.70264410973 -1.0
1.7468931675 -1.0
1.80260419846 -1.0
1.83056712151 -1.0
1.84406399727 -1.0
1.8500649929 -1.0
1.85642814636 -1.0
1.8564620018 1.0
1.8760201931 -1.0
1.92030715942 -1.0
1.92034220695 -1.0
1.93768715858 -1.0
1.9399189949 -1.0
1.95920205116 -1.0
1.95921611786 1.0
1.95931816101 -1.0
1.95964598656 -1.0
1.99316906929 -1.0
1.99318003654 -1.0
2.00884413719 -1.0
2.01275706291 -1.0
2.07495713234 -1.0
2.13130116463 -1.0
2.13751912117 -1.0
2.1375451088 1.0
2.15707015991 -1.0
2.19336009026 -1.0
2.2129240036 -1.0
2.2708940506 -1.0
2.35330700874 -1.0
5.22782421112 1.0
5.24716305733 -1.0
5.24743318558 -1.0
5.26686501503 -1.0
6.24782013893 -1.0
6.24809217453 -1.0
6.26749610901 -1.0
7.24866199493 -1.0
7.24867510796 1.0
7.26833105087 -1.0
7.47369408607 -1.0
15.6769831181 -1.0
15.7659580708 -1.0
15.7854101658 -1.0
