0.0 -1.0
1.19209289551e-05 1.0
0.0199608802795 -1.0
0.0838589668274 -1.0
0.0881319046021 -1.0
0.122324943542 -1.0
0.140048027039 -1.0
0.17995095253 -1.0
0.179957866669 1.0
0.205236911774 -1.0
0.206171035767 -1.0
0.216899871826 -1.0
0.236348867416 -1.0
0.295842885971 -1.0
0.305974006653 -1.0
0.325877904892 -1.0
0.364152908325 -1.0
0.389142990112 -1.0
0.389185905457 1.0
0.395139932632 -1.0
0.409018993378 -1.0
0.428472042084 -1.0
0.487969875336 -1.0
0.495891094208 -1.0
0.509960889816 -1.0
0.51681804657 -1.0
0.546530008316 -1.0
0.585556030273 1.0
0.600668907166 -1.0
0.605042934418 -1.0
0.61793589592 -1.0
0.637495994568 -1.0
0.664901971817 -1.0
0.666563034058 -1.0
0.684484004974 -1.0
0.747838973999 -1.0
0.76914191246 -1.0
0.805542945862 1.0
0.993407011032 -1.0
1.1210770607 -1.0
1.17997193336 -1.0
1.23056793213 -1.0
1.28801608086 -1.0
1.33957099915 -1.0
1.39593601227 -1.0
1.39594602585 1.0
1.45209407806 -1.0
1.5115339756 -1.0
1.58719801903 -1.0
1.59942102432 -1.0
1.60069799423 -1.0
1.60671806335 -1.0
1.61262106895 1.0
1.63816595078 -1.0
1.66153693199 -1.0
1.72932291031 -1.0
1.79599690437 -1.0
1.81554603577 -1.0
1.81833100319 -1.0
1.81865787506 1.0
1.87610602379 -1.0
1.92061090469 -1.0
1.94534397125 -1.0
1.96517395973 -1.0
1.99430894852 -1.0
1.99462389946 -1.0
1.99604797363 -1.0
2.00954198837 -1.0
2.00956106186 1.0
2.01400399208 -1.0
2.03434205055 -1.0
2.06869006157 -1.0
2.07062792778 -1.0
2.08372592926 -1.0
2.08987808228 -1.0
2.0899720192 1.0
2.0901119709 -1.0
2.13430094719 -1.0
2.13559794426 -1.0
2.14592409134 -1.0
2.14919400215 -1.0
2.1580350399 -1.0
2.17760300636 -1.0
2.18395996094 1.0
2.24024486542 -1.0
2.28555989265 -1.0
2.33784198761 -1.0
2.34506607056 -1.0
2.37004303932 -1.0
2.38972902298 -1.0
2.42465901375 -1.0
2.42469096184 1.0
2.44410705566 -1.0
2.56035804749 -1.0
4.65888905525 -1.0
4.65917086601 -1.0
4.67835092545 -1.0
4.83769202232 -1.0
4.83770704269 1.0
4.92669391632 -1.0
5.66122293472 -1.0
5.66123795509 -1.0
5.6884970665 -1.0
6.6394739151 1.0
6.67656707764 -1.0
7.65933394432 -1.0
7.67891693115 -1.0
7.83147406578 -1.0
12.4732010365 -1.0
12.4739489555 -1.0
12.4743430614 1.0
12.5328030586 -1.0
12.5466489792 -1.0
12.5667419434 -1.0
13.4905998707 -1.0
16.2443420887 -1.0
16.3257060051 -1.0
16.3454959393 -1.0
