0.0 1.0
0.00315690040588 -1.0
0.012326002121 -1.0
0.0195498466492 -1.0
0.0477018356323 -1.0
0.107107877731 -1.0
0.114303827286 -1.0
0.126601934433 -1.0
0.126610994339 1.0
0.146217823029 -1.0
0.189447879791 -1.0
0.209075927734 -1.0
0.229775905609 -1.0
0.318763971329 -1.0
0.318996906281 1.0
0.338570833206 -1.0
0.383026838303 -1.0
0.385675907135 -1.0
0.401589870453 -1.0
0.405334949493 -1.0
0.408198833466 -1.0
0.424983978271 -1.0
0.457669973373 -1.0
0.457683801651 1.0
0.477275848389 -1.0
0.518956899643 -1.0
0.57910990715 -1.0
0.585152864456 -1.0
0.624137878418 -1.0
0.636489868164 -1.0
0.643826961517 -1.0
0.647776842117 1.0
0.663832902908 -1.0
0.675009965897 -1.0
0.69452881813 -1.0
0.771307945251 -1.0
0.908576965332 -1.0
0.955197811127 -1.0
0.967676877975 -1.0
1.00398278236 1.0
1.02368879318 -1.0
1.04375100136 -1.0
1.12425780296 -1.0
1.14449191093 -1.0
1.2305150032 -1.0
1.25040483475 -1.0
1.25228381157 -1.0
1.27172994614 -1.0
1.37510585785 1.0
1.40505385399 -1.0
1.42713594437 -1.0
1.48727488518 -1.0
1.50685381889 -1.0
1.50933694839 -1.0
1.53862786293 -1.0
1.58463597298 -1.0
1.58466291428 1.0
1.59556388855 -1.0
1.61528897285 -1.0
1.67542099953 -1.0
1.68790888786 -1.0
1.73131895065 -1.0
1.73132896423 1.0
1.75101399422 -1.0
1.76856994629 -1.0
1.76921987534 -1.0
1.77720689774 -1.0
1.78896594048 -1.0
1.84314990044 -1.0
1.84360194206 -1.0
1.85752487183 -1.0
1.85755181313 1.0
1.85794091225 -1.0
1.86270689964 -1.0
1.88237380981 -1.0
1.91788482666 -1.0
1.91790390015 -1.0
1.93743491173 -1.0
1.94436788559 -1.0
1.94437599182 1.0
1.94462180138 -1.0
1.95512580872 -1.0
1.96398997307 -1.0
2.0112349987 -1.0
2.02095079422 -1.0
2.02100491524 1.0
2.0241317749 -1.0
2.0672519207 -1.0
2.08053684235 -1.0
2.10014486313 -1.0
2.15919780731 -1.0
2.19065785408 -1.0
2.22800183296 1.0
2.24764084816 -1.0
2.30945396423 -1.0
2.38441991806 -1.0
2.39885187149 -1.0
2.40409493446 -1.0
2.48824477196 -1.0
5.2937169075 1.0
5.31371998787 -1.0
5.3141617775 -1.0
5.33354091644 -1.0
5.51667690277 -1.0
5.60563778877 -1.0
6.29464292526 1.0
6.31389594078 -1.0
6.31437683105 -1.0
6.31438183784 -1.0
6.33344578743 -1.0
7.31395888329 -1.0
7.33369588852 -1.0
7.48982977867 -1.0
15.8600158691 -1.0
15.8600389957 1.0
15.9490838051 -1.0
15.9687769413 -1.0
16.0385959148 -1.0
