0.0 -1.0
1.19209289551e-05 1.0
0.00389099121094 -1.0
0.0196778774261 -1.0
0.0392570495605 -1.0
0.102144002914 -1.0
0.117830038071 -1.0
0.138082027435 -1.0
0.157687902451 -1.0
0.188019037247 -1.0
0.188034057617 1.0
0.2077460289 -1.0
0.246016979218 -1.0
0.265919923782 -1.0
0.288359880447 -1.0
0.337578058243 -1.0
0.338728904724 1.0
0.345582962036 -1.0
0.397279024124 -1.0
0.401586055756 -1.0
0.409582853317 -1.0
0.422380924225 -1.0
0.441936016083 -1.0
0.482063055038 -1.0
0.497732877731 -1.0
0.533997058868 1.0
0.553470849991 -1.0
0.594794034958 -1.0
0.613852977753 -1.0
0.623569011688 -1.0
0.643247842789 -1.0
0.682093858719 -1.0
0.702116966248 -1.0
0.741999864578 1.0
0.754142999649 -1.0
0.761517047882 -1.0
0.865205049515 -1.0
0.922155857086 -1.0
0.978178977966 -1.0
1.01111006737 -1.0
1.11660194397 1.0
1.15381288528 -1.0
1.21023201942 -1.0
1.29676795006 -1.0
1.35422897339 -1.0
1.44790291786 -1.0
1.50613188744 -1.0
1.58162403107 -1.0
1.61875391006 -1.0
1.62282705307 -1.0
1.64278888702 -1.0
1.68200683594 1.0
1.70181083679 -1.0
1.7244348526 -1.0
1.74919295311 -1.0
1.7500500679 -1.0
1.75603604317 -1.0
1.75614190102 -1.0
1.75644183159 -1.0
1.7570810318 1.0
1.76871991158 -1.0
1.77454400063 -1.0
1.79430699348 -1.0
1.81390500069 -1.0
1.86804485321 -1.0
1.92550802231 -1.0
1.93331384659 1.0
1.9566450119 -1.0
1.97624802589 -1.0
2.03385806084 -1.0
2.0602118969 -1.0
2.06878900528 -1.0
2.06881403923 1.0
2.06923890114 -1.0
2.07087206841 -1.0
2.07241988182 -1.0
2.07975196838 -1.0
2.09619092941 -1.0
2.09670305252 -1.0
2.0992808342 -1.0
2.15621590614 -1.0
2.15748691559 -1.0
2.15750789642 1.0
2.17700600624 -1.0
2.21204400063 -1.0
2.21343994141 -1.0
2.21360301971 -1.0
2.21382403374 -1.0
2.23171186447 -1.0
2.2618470192 -1.0
2.2618598938 1.0
2.28140687943 -1.0
2.31635093689 -1.0
2.32090592384 -1.0
2.33589506149 -1.0
2.34814500809 -1.0
2.35770487785 -1.0
2.36795306206 -1.0
2.40599799156 1.0
2.42218184471 -1.0
2.42554402351 -1.0
2.56268906593 -1.0
2.61480784416 -1.0
2.67358088493 -1.0
4.95112991333 1.0
4.97034597397 -1.0
4.97065186501 -1.0
4.98986983299 -1.0
5.97075200081 -1.0
5.97089004517 -1.0
5.99076604843 -1.0
6.97079586983 -1.0
6.97080397606 1.0
6.99055099487 -1.0
7.17935490608 -1.0
7.31958794594 -1.0
15.3397710323 -1.0
16.2705068588 -1.0
16.416684866 -1.0
16.4665138721 -1.0
16.466531992 1.0
