0.0 -1.0
1.31130218506e-05 1.0
0.0058069229126 -1.0
0.0067241191864 -1.0
0.0195870399475 -1.0
0.0391719341278 -1.0
0.0977261066437 -1.0
0.114154100418 -1.0
0.130800962448 -1.0
0.131127119064 1.0
0.151664018631 -1.0
0.164619922638 -1.0
0.178646087646 -1.0
0.184283971786 -1.0
0.244100093842 -1.0
0.26821398735 -1.0
0.320050001144 -1.0
0.325831890106 -1.0
0.325855016708 1.0
0.332255125046 -1.0
0.345576047897 -1.0
0.390089988708 -1.0
0.445710897446 -1.0
0.466171979904 -1.0
0.505789995193 -1.0
0.506144046783 1.0
0.517328977585 -1.0
0.525737047195 -1.0
0.54002404213 -1.0
0.541635036469 -1.0
0.545599937439 -1.0
0.610455989838 -1.0
0.669785022736 -1.0
0.690169095993 -1.0
0.730150938034 1.0
0.749924898148 -1.0
0.844651937485 -1.0
0.902811050415 -1.0
0.986911058426 -1.0
1.11569499969 -1.0
1.13234996796 -1.0
1.13268399239 1.0
1.18985700607 -1.0
1.27441596985 -1.0
1.29426002502 -1.0
1.41707205772 -1.0
1.43708896637 -1.0
1.55852890015 -1.0
1.57851195335 -1.0
1.59271597862 -1.0
1.59329009056 -1.0
1.61297297478 -1.0
1.63285398483 -1.0
1.63643407822 1.0
1.69366788864 -1.0
1.7062330246 -1.0
1.73594808578 -1.0
1.73623895645 -1.0
1.7547109127 -1.0
1.75572800636 -1.0
1.81384110451 -1.0
1.8471570015 -1.0
1.8861489296 1.0
1.905782938 -1.0
1.92090892792 -1.0
1.92550802231 -1.0
1.96593499184 -1.0
1.99121809006 -1.0
2.02690505981 -1.0
2.02726101875 -1.0
2.02781605721 -1.0
2.02783703804 1.0
2.02895689011 -1.0
2.0297460556 -1.0
2.04097509384 -1.0
2.04648804665 -1.0
2.09036898613 -1.0
2.10040402412 -1.0
2.10569405556 -1.0
2.15083193779 -1.0
2.15086007118 1.0
2.17038011551 -1.0
2.1755399704 -1.0
2.17754602432 -1.0
2.19304895401 -1.0
2.19508600235 -1.0
2.19521808624 -1.0
2.19625091553 -1.0
2.1966919899 -1.0
2.21471309662 -1.0
2.21477794647 1.0
2.23444390297 -1.0
2.28507804871 -1.0
2.30474090576 -1.0
2.33466792107 -1.0
2.35425209999 -1.0
2.39415407181 1.0
2.39803409576 -1.0
2.41754603386 -1.0
2.43067097664 -1.0
2.48095107079 -1.0
2.48960494995 -1.0
2.51621103287 -1.0
2.53576397896 -1.0
2.57414102554 1.0
2.61252999306 -1.0
2.66246294975 -1.0
2.66974306107 -1.0
4.54201793671 -1.0
4.56182408333 -1.0
4.78141403198 -1.0
4.83103299141 -1.0
4.83104610443 1.0
5.50448489189 -1.0
5.50553703308 -1.0
5.52399206161 -1.0
7.50507807732 -1.0
7.50509905815 1.0
7.52459311485 -1.0
7.71369504929 -1.0
16.1525990963 -1.0
16.205149889 -1.0
16.2546820641 -1.0
16.3048141003 -1.0
