0.0 -1.0
0.00313305854797 -1.0
0.00315189361572 1.0
0.0272240638733 -1.0
0.095232963562 -1.0
0.124783992767 -1.0
0.144444942474 -1.0
0.19128203392 -1.0
0.193681001663 1.0
0.241142988205 -1.0
0.260876893997 -1.0
0.308913946152 -1.0
0.319694042206 -1.0
0.342068910599 -1.0
0.36203289032 -1.0
0.382412910461 -1.0
0.387070894241 -1.0
0.402001857758 -1.0
0.402009963989 1.0
0.429655075073 -1.0
0.487644910812 -1.0
0.545386075974 -1.0
0.604022026062 -1.0
0.635775089264 -1.0
0.635789871216 1.0
0.647827863693 -1.0
0.655282974243 -1.0
0.693343877792 -1.0
0.705769062042 -1.0
0.749434947968 -1.0
0.763589859009 -1.0
0.853542089462 -1.0
0.853596925735 1.0
0.913358926773 -1.0
0.969424962997 -1.0
0.995553970337 -1.0
1.14342594147 -1.0
1.2014439106 -1.0
1.28140497208 -1.0
1.28178286552 1.0
1.33739089966 -1.0
1.42566800117 -1.0
1.48545789719 -1.0
1.5676279068 -1.0
1.59018087387 -1.0
1.59050989151 -1.0
1.60183501244 -1.0
1.60232186317 -1.0
1.61003303528 -1.0
1.6503739357 -1.0
1.65038490295 1.0
1.70947694778 -1.0
1.71228694916 -1.0
1.74174404144 -1.0
1.76123094559 -1.0
1.76191902161 -1.0
1.78134894371 -1.0
1.82551002502 -1.0
1.8552069664 -1.0
1.85524201393 1.0
1.90283608437 -1.0
1.9120528698 -1.0
1.92237496376 -1.0
1.96544194221 -1.0
1.99766492844 -1.0
1.99769687653 1.0
2.01631498337 -1.0
2.01709008217 -1.0
2.03267002106 -1.0
2.03657698631 -1.0
2.06237602234 -1.0
2.14149999619 -1.0
2.17001485825 -1.0
2.17002391815 1.0
2.17070007324 -1.0
2.17139291763 -1.0
2.17169594765 -1.0
2.17223405838 -1.0
2.17390394211 -1.0
2.180975914 -1.0
2.18958997726 -1.0
2.2242910862 -1.0
2.22594499588 -1.0
2.2262198925 -1.0
2.22623586655 1.0
2.24396491051 -1.0
2.28162503242 -1.0
2.31263494492 -1.0
2.31371593475 -1.0
2.31426095963 -1.0
2.31555485725 -1.0
2.31557297707 1.0
2.33208394051 -1.0
2.36173987389 -1.0
2.3812918663 -1.0
2.44552588463 -1.0
2.51078701019 -1.0
2.57167887688 -1.0
2.62792992592 -1.0
4.96458506584 1.0
4.98414707184 -1.0
4.98446202278 -1.0
5.00367999077 -1.0
5.31426095963 -1.0
5.36429190636 -1.0
5.96498298645 1.0
6.08832192421 -1.0
6.08834290504 -1.0
6.1081199646 -1.0
6.98478507996 -1.0
7.00438094139 -1.0
7.20430088043 -1.0
15.4894719124 -1.0
15.633671999 -1.0
15.6336929798 1.0
15.6881718636 -1.0
16.5838549137 -1.0
