0.0 -1.0
1.90734863281e-05 1.0
0.0524032115936 -1.0
0.10887503624 -1.0
0.167258024216 -1.0
0.173117160797 -1.0
0.176942110062 -1.0
0.192828178406 -1.0
0.197305202484 -1.0
0.212373018265 -1.0
0.219499111176 1.0
0.232005119324 -1.0
0.278940200806 -1.0
0.335034132004 -1.0
0.345488071442 -1.0
0.376308202744 -1.0
0.396213054657 -1.0
0.396234035492 1.0
0.454973220825 -1.0
0.466631174088 -1.0
0.511023044586 -1.0
0.518554210663 -1.0
0.525589227676 -1.0
0.546454191208 -1.0
0.546464204788 1.0
0.546810150146 -1.0
0.602958202362 -1.0
0.605527162552 -1.0
0.623001098633 -1.0
0.62869811058 -1.0
0.642578125 -1.0
0.680249214172 -1.0
0.737649202347 -1.0
0.737764120102 1.0
0.771467208862 -1.0
0.785396099091 -1.0
0.804934024811 -1.0
0.834685087204 -1.0
0.854333162308 -1.0
0.871961116791 -1.0
0.891742229462 -1.0
0.920435190201 -1.0
0.920450210571 1.0
0.940935134888 -1.0
1.05852818489 -1.0
1.11742115021 -1.0
1.14627313614 -1.0
1.16609501839 -1.0
1.22699713707 -1.0
1.22701501846 1.0
1.23690319061 -1.0
1.28302502632 -1.0
1.47509217262 -1.0
1.53106117249 -1.0
1.55115413666 -1.0
1.55160307884 1.0
1.57677102089 -1.0
1.60407400131 -1.0
1.6630730629 -1.0
1.68903708458 -1.0
1.7456741333 -1.0
1.80311322212 -1.0
1.86156606674 -1.0
1.86200714111 1.0
1.89629602432 -1.0
1.89678907394 -1.0
1.91632914543 -1.0
1.93603301048 -1.0
2.00916218758 -1.0
2.03697013855 -1.0
2.04042506218 1.0
2.05659914017 -1.0
2.08661603928 -1.0
2.10646414757 -1.0
2.17664718628 -1.0
2.19137811661 -1.0
2.19618201256 -1.0
2.19901013374 1.0
2.23150110245 -1.0
2.28713011742 -1.0
2.29460000992 -1.0
2.30675411224 -1.0
2.34514522552 -1.0
2.35374116898 -1.0
2.36132407188 1.0
2.41909623146 -1.0
2.44137907028 -1.0
2.49739813805 -1.0
2.50314307213 -1.0
2.52280402184 -1.0
2.57544016838 -1.0
2.58182621002 -1.0
2.58185911179 1.0
2.58232522011 -1.0
2.5834031105 -1.0
2.58897519112 -1.0
2.59310507774 -1.0
2.60281419754 -1.0
2.62226700783 -1.0
2.6292321682 -1.0
2.62925815582 1.0
2.6317050457 -1.0
2.63950300217 -1.0
2.64224219322 -1.0
2.68041706085 -1.0
2.73743200302 -1.0
2.73885512352 -1.0
2.75734400749 -1.0
2.76321101189 -1.0
2.76509714127 -1.0
2.76511621475 1.0
2.76577711105 -1.0
2.76892518997 -1.0
2.77711820602 -1.0
2.82313203812 -1.0
2.87842917442 -1.0
2.91794419289 1.0
2.96501708031 -1.0
3.0311191082 -1.0
3.12039518356 -1.0
3.17740416527 -1.0
3.23367404938 -1.0
4.73918604851 1.0
4.75876712799 -1.0
4.7590200901 -1.0
4.77829313278 -1.0
5.09083604813 -1.0
5.14119100571 -1.0
5.74002408981 1.0
5.75945019722 -1.0
5.75959801674 -1.0
5.77904510498 -1.0
6.76067614555 -1.0
6.76091814041 -1.0
6.78034901619 -1.0
7.76072716713 -1.0
7.76073908806 1.0
7.78037023544 -1.0
7.96952104568 -1.0
16.3046631813 -1.0
16.3566792011 -1.0
16.4067380428 -1.0
16.4585940838 -1.0
