0.0 1.0
0.0196850299835 -1.0
0.0789189338684 -1.0
0.134994029999 -1.0
0.152338981628 -1.0
0.172292947769 -1.0
0.22490811348 -1.0
0.268066167831 -1.0
0.268115997314 1.0
0.284353971481 -1.0
0.31637096405 -1.0
0.337037086487 -1.0
0.364706993103 -1.0
0.384326934814 -1.0
0.423624038696 -1.0
0.459742069244 1.0
0.48380112648 -1.0
0.532181024551 -1.0
0.580661058426 -1.0
0.609845161438 -1.0
0.6830971241 -1.0
0.714951038361 -1.0
0.715301036835 1.0
0.771059989929 -1.0
0.806859016418 -1.0
0.863379001617 -1.0
0.894564151764 -1.0
0.951176166534 -1.0
0.98593211174 -1.0
1.06944394112 -1.0
1.07341599464 -1.0
1.07343697548 1.0
1.09371709824 -1.0
1.12126111984 -1.0
1.1212849617 -1.0
1.14097714424 -1.0
1.16889095306 -1.0
1.16923594475 -1.0
1.16970300674 -1.0
1.16971707344 1.0
1.18898200989 -1.0
1.18945813179 -1.0
1.21649312973 -1.0
1.21677112579 -1.0
1.23642110825 -1.0
1.29904007912 -1.0
1.40182995796 -1.0
1.45927500725 -1.0
1.45936799049 1.0
4.95108604431 -1.0
4.95130205154 -1.0
4.97071909904 -1.0
5.95146512985 -1.0
14.9286789894 -1.0
15.0098619461 -1.0
15.0098741055 1.0
