0.0 -1.0
1.00135803223e-05 1.0
0.0294740200043 -1.0
0.0800759792328 -1.0
0.100285053253 -1.0
0.13387298584 -1.0
0.153593063354 -1.0
0.163110017776 -1.0
0.182734966278 -1.0
0.195941925049 1.0
0.215677976608 -1.0
0.235244989395 -1.0
0.287113904953 -1.0
0.291137933731 -1.0
0.31071305275 -1.0
0.346329927444 -1.0
0.381582021713 -1.0
0.401568889618 -1.0
0.408658027649 1.0
0.43043589592 -1.0
0.492611885071 -1.0
0.544229030609 -1.0
0.563817977905 -1.0
0.600125074387 -1.0
0.619696855545 -1.0
0.628754854202 -1.0
0.628778934479 1.0
0.649898052216 -1.0
0.709410905838 -1.0
0.721657991409 -1.0
0.819849014282 -1.0
0.907597064972 -1.0
0.961422920227 -1.0
0.961433887482 1.0
1.01229596138 -1.0
1.15593504906 -1.0
1.21345996857 -1.0
1.26936507225 -1.0
1.29892206192 -1.0
1.35726094246 -1.0
1.44044399261 -1.0
1.47201395035 -1.0
1.50955700874 1.0
1.51201605797 -1.0
1.52924704552 -1.0
1.61626696587 -1.0
1.61672496796 -1.0
1.61702299118 -1.0
1.6278898716 -1.0
1.62895107269 1.0
1.63579106331 -1.0
1.64862298965 -1.0
1.7052628994 -1.0
1.72601795197 -1.0
1.7852408886 -1.0
1.80849504471 -1.0
1.81031489372 -1.0
1.84960508347 1.0
1.86537790298 -1.0
1.86954498291 -1.0
1.88232207298 -1.0
1.88327503204 -1.0
1.88912200928 -1.0
1.90565395355 -1.0
1.92567801476 -1.0
2.01249289513 -1.0
2.01255488396 1.0
2.04245305061 -1.0
2.04281687737 -1.0
2.04419398308 -1.0
2.04487490654 -1.0
2.04544591904 -1.0
2.0458920002 -1.0
2.04647397995 -1.0
2.06203985214 -1.0
2.06273603439 -1.0
2.06274390221 1.0
2.08245396614 -1.0
2.09357595444 -1.0
2.10197806358 -1.0
2.12155008316 -1.0
2.16000986099 -1.0
2.18077087402 -1.0
2.19460391998 -1.0
2.19585895538 -1.0
2.19667887688 -1.0
2.19675993919 1.0
2.19769906998 -1.0
2.19870400429 -1.0
2.19898104668 -1.0
2.20622396469 -1.0
2.21430897713 -1.0
2.21610689163 -1.0
2.2537548542 -1.0
2.31331205368 -1.0
2.33416700363 -1.0
2.33421802521 1.0
2.38750600815 -1.0
2.44498586655 -1.0
2.50140285492 -1.0
3.51667094231 -1.0
3.56689786911 -1.0
3.69400596619 -1.0
3.69402599335 1.0
3.74422597885 -1.0
4.55349802971 -1.0
4.57316708565 -1.0
4.8043050766 -1.0
4.85667085648 -1.0
5.49412298203 1.0
5.51372098923 -1.0
5.51398801804 -1.0
5.51442790031 -1.0
5.53335094452 -1.0
6.51385092735 -1.0
7.51434087753 -1.0
7.51434898376 1.0
7.53384900093 -1.0
7.73133802414 -1.0
15.9400129318 -1.0
15.9903008938 -1.0
16.0099110603 -1.0
16.0800368786 -1.0
