0.0 -1.0
0.0398812294006 1.0
0.0534601211548 -1.0
0.0818700790405 -1.0
0.141515016556 -1.0
0.149873018265 -1.0
0.205102205276 -1.0
0.263488054276 -1.0
0.319822072983 -1.0
0.359878063202 1.0
0.37904715538 -1.0
0.379086017609 -1.0
0.379394054413 -1.0
0.386696100235 -1.0
0.398954153061 -1.0
0.465451002121 -1.0
0.481711149216 -1.0
0.541514158249 -1.0
0.541533231735 1.0
0.544594049454 -1.0
0.597587108612 -1.0
0.603045225143 -1.0
0.60342001915 -1.0
0.665391206741 -1.0
0.68245100975 -1.0
0.730645179749 -1.0
0.730666160583 1.0
0.811768054962 -1.0
0.86950802803 -1.0
0.906729221344 -1.0
0.991482019424 -1.0
1.03335309029 -1.0
1.05322122574 -1.0
1.0914721489 -1.0
1.12790107727 1.0
1.14776110649 -1.0
1.18340802193 -1.0
1.20286607742 -1.0
1.22288322449 -1.0
1.23382520676 -1.0
1.23449802399 -1.0
1.24234700203 -1.0
1.24236917496 1.0
1.27084422112 -1.0
1.27929520607 -1.0
1.28184819221 -1.0
1.29050302505 -1.0
1.30154800415 -1.0
1.30155706406 1.0
1.32008719444 -1.0
1.3574681282 -1.0
1.37694120407 -1.0
1.49566102028 -1.0
1.55152511597 -1.0
4.99663901329 1.0
5.015843153 -1.0
5.01619410515 -1.0
5.01651215553 -1.0
5.03557300568 -1.0
6.01630401611 -1.0
15.7869820595 -1.0
15.8327071667 -1.0
15.8709402084 -1.0
15.8709490299 1.0
