0.0 -1.0
1.4066696167e-05 1.0
0.0514929294586 -1.0
0.108337879181 -1.0
0.127758026123 -1.0
0.185805082321 -1.0
0.209852933884 -1.0
0.265783071518 -1.0
0.302242040634 1.0
0.308388948441 -1.0
0.364584922791 -1.0
0.364899873734 -1.0
0.393991947174 -1.0
0.394160985947 -1.0
0.413661956787 -1.0
0.437413930893 -1.0
0.488347053528 -1.0
0.488357067108 1.0
0.498579978943 -1.0
0.544424057007 -1.0
0.600136995316 -1.0
0.601352930069 -1.0
0.601377010345 -1.0
0.620980024338 -1.0
0.640537977219 -1.0
0.660183906555 -1.0
0.662914991379 1.0
0.665406942368 -1.0
0.679756879807 -1.0
0.720396995544 -1.0
0.772330999374 -1.0
0.861502885818 -1.0
0.861530065536 -1.0
0.861593008041 -1.0
0.909556865692 -1.0
0.909631967545 -1.0
0.909651041031 1.0
0.992582082748 -1.0
0.996398925781 -1.0
1.04459285736 -1.0
1.10461592674 -1.0
1.1261100769 -1.0
1.1261510849 -1.0
1.12631893158 -1.0
1.18600797653 -1.0
1.18604493141 1.0
1.18624186516 -1.0
1.18635392189 -1.0
1.20571088791 -1.0
1.25244808197 -1.0
1.26217293739 -1.0
1.27350497246 1.0
1.29318189621 -1.0
1.31709694862 -1.0
1.3738489151 -1.0
1.43203091621 -1.0
1.43270802498 -1.0
1.43273806572 -1.0
1.45253896713 -1.0
1.48035502434 -1.0
1.48040103912 -1.0
1.48040699959 1.0
1.48054289818 -1.0
1.48054790497 -1.0
1.48069286346 -1.0
1.48080301285 -1.0
1.48095202446 -1.0
1.50001788139 -1.0
1.52845692635 -1.0
1.52847003937 -1.0
1.52892589569 -1.0
1.52893185616 1.0
1.54831886292 -1.0
1.5759909153 -1.0
1.57635307312 -1.0
1.59580397606 -1.0
1.66051506996 -1.0
1.76220607758 -1.0
1.8328230381 -1.0
1.87027192116 1.0
1.88988089561 -1.0
4.93191289902 -1.0
4.93219304085 -1.0
4.95142388344 -1.0
5.91293001175 1.0
5.93223905563 -1.0
5.93243193626 -1.0
5.93253898621 -1.0
5.95170688629 -1.0
15.1541030407 -1.0
15.2020359039 -1.0
15.2215189934 -1.0
