0.0 1.0
0.0197978019714 -1.0
0.0393018722534 -1.0
0.131402015686 -1.0
0.151716947556 -1.0
0.171504974365 -1.0
0.21507692337 -1.0
0.235183954239 -1.0
0.250694990158 -1.0
0.292591810226 -1.0
0.295940876007 1.0
0.315518856049 -1.0
0.371918916702 -1.0
0.405702829361 -1.0
0.435716867447 -1.0
0.45613193512 -1.0
0.493894815445 -1.0
0.597839832306 -1.0
0.659979820251 -1.0
0.698796987534 1.0
0.719141960144 -1.0
0.728894948959 -1.0
0.748781919479 -1.0
0.812332868576 -1.0
0.844033956528 -1.0
0.86413192749 -1.0
0.940001010895 -1.0
0.988478899002 -1.0
0.997956037521 1.0
1.01762390137 -1.0
1.02149987221 -1.0
1.03717780113 -1.0
1.08885884285 -1.0
1.11734199524 -1.0
1.13697886467 -1.0
1.16578197479 -1.0
1.18538498878 -1.0
1.21392393112 -1.0
1.21414494514 -1.0
1.21415495872 1.0
1.23354101181 -1.0
1.23364496231 -1.0
1.24842500687 -1.0
1.26848101616 -1.0
1.3078520298 -1.0
1.36393284798 -1.0
1.46414685249 -1.0
1.4938018322 -1.0
1.53078699112 1.0
1.55043697357 -1.0
4.94617390633 -1.0
4.94636201859 -1.0
4.96640896797 -1.0
5.94592189789 -1.0
14.7215969563 -1.0
14.7216219902 1.0
14.7897918224 -1.0
15.7885630131 -1.0
