0.0 -1.0
1.31130218506e-05 1.0
0.0198600292206 -1.0
0.0904231071472 -1.0
0.149690151215 -1.0
0.169531106949 -1.0
0.21346116066 -1.0
0.233911991119 -1.0
0.241112947464 -1.0
0.279119968414 1.0
0.289602041245 -1.0
0.323662042618 -1.0
0.343491077423 -1.0
0.39678311348 -1.0
0.416442155838 -1.0
0.464890956879 1.0
0.490483045578 -1.0
0.510497093201 -1.0
0.553097963333 -1.0
0.566691160202 -1.0
0.593469142914 -1.0
0.596915960312 -1.0
0.598150968552 1.0
0.616649150848 -1.0
0.619420051575 -1.0
0.639109134674 -1.0
0.667250156403 -1.0
0.676045179367 -1.0
0.695738077164 -1.0
0.750647068024 -1.0
0.80858707428 -1.0
0.847128152847 1.0
0.855380058289 -1.0
0.866784095764 -1.0
0.899767160416 -1.0
0.919352054596 -1.0
0.921461105347 -1.0
0.941055059433 -1.0
0.97125005722 -1.0
1.01110911369 1.0
1.08663105965 -1.0
1.19828915596 -1.0
1.25365304947 -1.0
1.33212399483 -1.0
1.39003109932 -1.0
1.49978303909 -1.0
1.55761313438 -1.0
1.58326005936 1.0
1.61870718002 -1.0
1.67785000801 -1.0
1.74428105354 -1.0
1.79656004906 -1.0
1.81727814674 -1.0
1.83678412437 -1.0
1.89162802696 -1.0
1.89498996735 -1.0
1.89900016785 1.0
1.95783901215 -1.0
1.99633407593 -1.0
2.05492305756 -1.0
2.06935095787 -1.0
2.14394617081 -1.0
2.16340899467 -1.0
2.1668651104 1.0
2.18379497528 -1.0
2.2257540226 -1.0
2.25244402885 -1.0
2.2557079792 -1.0
2.27217316628 -1.0
2.30605101585 -1.0
2.30606198311 1.0
2.30868315697 -1.0
2.31034803391 -1.0
2.31376504898 -1.0
2.31624007225 -1.0
2.32087612152 -1.0
2.32567501068 -1.0
2.32608413696 -1.0
2.32908511162 -1.0
2.34588098526 -1.0
2.35315108299 -1.0
2.36598396301 -1.0
2.3659901619 1.0
2.37908411026 -1.0
2.3839199543 -1.0
2.38478517532 -1.0
2.38587808609 -1.0
2.40212917328 -1.0
2.40561199188 -1.0
2.43624210358 -1.0
2.43974995613 -1.0
2.4595990181 -1.0
2.47537517548 -1.0
2.47538113594 1.0
2.4949669838 -1.0
2.5481159687 -1.0
2.55072498322 -1.0
2.60980606079 -1.0
2.62147307396 -1.0
2.63145208359 -1.0
2.63383197784 -1.0
2.64075899124 -1.0
2.64078617096 1.0
2.64105296135 -1.0
2.64476394653 -1.0
2.64826798439 -1.0
2.66059708595 -1.0
2.66777706146 -1.0
2.68047404289 -1.0
2.70109295845 -1.0
2.73912811279 1.0
2.75044417381 -1.0
2.75866007805 -1.0
2.80595302582 -1.0
2.80872011185 -1.0
2.81474399567 -1.0
2.90648818016 -1.0
2.95023417473 -1.0
3.01073718071 -1.0
3.05112600327 1.0
5.12836503983 -1.0
5.18591213226 -1.0
5.39791607857 -1.0
5.52396798134 -1.0
6.107858181 1.0
6.12759399414 -1.0
6.12781500816 -1.0
6.12800502777 -1.0
6.14750504494 -1.0
7.12844204903 -1.0
7.12845301628 1.0
7.14794516563 -1.0
7.3870639801 -1.0
15.634608984 -1.0
16.6237370968 -1.0
16.7501530647 -1.0
16.8238220215 -1.0
