0.0 -1.0
0.0379230976105 1.0
0.0490550994873 -1.0
0.0575530529022 -1.0
0.107646942139 -1.0
0.168783903122 -1.0
0.214816093445 -1.0
0.250358104706 -1.0
0.250366926193 1.0
0.287657976151 -1.0
0.307368993759 -1.0
0.360843896866 -1.0
0.420763015747 -1.0
0.435296058655 -1.0
0.455279111862 -1.0
0.503804922104 -1.0
0.507081985474 -1.0
0.507103919983 1.0
0.527179002762 -1.0
0.536255121231 -1.0
0.555776119232 -1.0
0.59668803215 -1.0
0.613573074341 -1.0
0.613652944565 1.0
0.63643693924 -1.0
0.640844106674 -1.0
0.653341054916 -1.0
0.655987024307 -1.0
0.712762117386 -1.0
0.727412939072 -1.0
0.727438926697 1.0
0.747298002243 -1.0
0.801660060883 -1.0
0.805655002594 -1.0
0.812623023987 -1.0
0.825407028198 -1.0
0.889270067215 -1.0
0.889939069748 -1.0
0.922939062119 -1.0
0.94376707077 -1.0
0.985923051834 1.0
1.00544691086 -1.0
1.11754608154 -1.0
1.26510500908 -1.0
1.32874393463 -1.0
1.36584210396 -1.0
1.42516613007 -1.0
1.45922994614 -1.0
1.45950102806 1.0
1.51700091362 -1.0
1.55247592926 -1.0
1.67296910286 -1.0
1.70219898224 -1.0
1.72204589844 -1.0
1.78503704071 -1.0
1.78505110741 1.0
1.79693412781 -1.0
1.84116101265 -1.0
1.85519194603 -1.0
1.85829210281 -1.0
1.87776112556 -1.0
1.92199206352 -1.0
1.94156002998 -1.0
1.94160604477 1.0
1.99516010284 -1.0
2.06075501442 -1.0
2.06840705872 -1.0
2.11715912819 -1.0
2.13677000999 -1.0
2.17503595352 -1.0
2.21393203735 1.0
2.22988390923 -1.0
2.23259592056 -1.0
2.23415708542 -1.0
2.23528003693 -1.0
2.23878908157 -1.0
2.24107789993 -1.0
2.24294900894 -1.0
2.25377607346 -1.0
2.28599500656 -1.0
2.28602099419 1.0
2.30422210693 -1.0
2.30543494225 -1.0
2.34970402718 -1.0
2.35280990601 -1.0
2.3572409153 -1.0
2.35919308662 -1.0
2.36303400993 -1.0
2.36424708366 -1.0
2.36962103844 -1.0
2.36962795258 1.0
2.40588712692 -1.0
2.40897512436 -1.0
2.41395807266 -1.0
2.42228102684 -1.0
2.42554211617 -1.0
2.43506097794 -1.0
2.43628501892 -1.0
2.44046497345 -1.0
2.44047093391 1.0
2.45595598221 -1.0
2.48344111443 -1.0
2.48512911797 -1.0
2.50524401665 -1.0
2.50700807571 -1.0
2.52711105347 -1.0
2.60918498039 -1.0
2.60924291611 1.0
2.66899704933 -1.0
2.66910505295 -1.0
2.72651004791 -1.0
2.73329806328 -1.0
2.74218297005 -1.0
2.7461669445 -1.0
2.76158094406 -1.0
2.81549501419 -1.0
2.87362289429 -1.0
2.87366509438 1.0
2.88811612129 -1.0
2.89338803291 -1.0
3.02549505234 -1.0
5.12742400169 -1.0
5.18605303764 -1.0
5.40103507042 -1.0
5.40106391907 1.0
5.52437806129 -1.0
6.1258919239 -1.0
6.12591004372 1.0
6.12607192993 -1.0
6.12629795074 -1.0
6.14563393593 -1.0
7.12626004219 -1.0
7.1459031105 -1.0
7.38048195839 -1.0
16.4644811153 -1.0
16.5454931259 -1.0
16.618393898 -1.0
16.6184120178 1.0
16.638313055 -1.0
