0.0 -1.0
1.50203704834e-05 1.0
0.0856418609619 -1.0
0.14568400383 -1.0
0.149071931839 -1.0
0.160206794739 -1.0
0.172317028046 -1.0
0.239440917969 -1.0
0.253803014755 1.0
0.273527860641 -1.0
0.329666852951 -1.0
0.364400863647 -1.0
0.423914909363 -1.0
0.443990945816 -1.0
0.474889993668 -1.0
0.494458913803 -1.0
0.494468927383 1.0
0.553701877594 -1.0
0.565080881119 -1.0
0.582388877869 -1.0
0.602000951767 -1.0
0.620628833771 -1.0
0.625636816025 -1.0
0.640225887299 -1.0
0.676379919052 1.0
0.685837984085 -1.0
0.741461992264 -1.0
0.761035919189 -1.0
0.826627969742 -1.0
0.852157831192 -1.0
0.900427818298 -1.0
0.908185958862 -1.0
0.908213853836 1.0
0.910481929779 -1.0
0.917500972748 -1.0
0.918444871902 -1.0
0.928406000137 -1.0
0.981886863708 -1.0
0.99875998497 -1.0
1.03830480576 -1.0
1.16072201729 -1.0
1.1734688282 1.0
1.22976088524 -1.0
1.28712201118 -1.0
1.34592199326 -1.0
1.41519284248 -1.0
1.47380185127 -1.0
1.50847482681 -1.0
1.59404301643 -1.0
1.61871790886 -1.0
1.67874598503 -1.0
1.71815180779 -1.0
1.73312783241 -1.0
1.73319101334 1.0
1.73797488213 -1.0
1.84621286392 -1.0
1.90577697754 -1.0
1.94375491142 -1.0
2.0018248558 -1.0
2.01581692696 -1.0
2.05238485336 1.0
2.0897128582 -1.0
2.10943698883 -1.0
2.1698179245 -1.0
2.18219590187 -1.0
2.18490099907 -1.0
2.20465183258 -1.0
2.24440288544 1.0
2.26217985153 -1.0
2.26418590546 -1.0
2.26774191856 -1.0
2.27357792854 -1.0
2.2761259079 -1.0
2.28017091751 -1.0
2.2838640213 -1.0
2.30958294868 -1.0
2.30959296227 1.0
2.31530594826 -1.0
2.32915282249 -1.0
2.3540790081 -1.0
2.38813185692 -1.0
2.39439487457 -1.0
2.39556598663 -1.0
2.39757585526 -1.0
2.407766819 -1.0
2.42611098289 -1.0
2.42612886429 1.0
2.44584488869 -1.0
2.50581789017 -1.0
2.52772092819 -1.0
2.54399895668 -1.0
2.54575991631 -1.0
2.56361579895 -1.0
2.61766886711 -1.0
2.6198348999 -1.0
2.61986279488 1.0
2.69068694115 -1.0
2.71034002304 -1.0
2.71691584587 -1.0
2.79516100883 -1.0
2.81178998947 -1.0
2.83274483681 -1.0
2.83275198936 -1.0
2.8691599369 -1.0
2.8692278862 1.0
2.89065289497 -1.0
2.92119288445 -1.0
2.94166302681 -1.0
2.96126580238 -1.0
5.1422829628 -1.0
5.14229202271 1.0
5.14239096642 -1.0
5.16278100014 -1.0
5.41594481468 -1.0
5.54508280754 -1.0
6.14166498184 -1.0
6.1416759491 1.0
6.14189291 -1.0
6.1421380043 -1.0
6.16152000427 -1.0
7.14298701286 -1.0
7.16268801689 -1.0
7.58316993713 -1.0
15.6124658585 -1.0
16.5715219975 -1.0
16.6982448101 -1.0
16.698266983 1.0
16.7716729641 -1.0
