0.0 -1.0
3.00407409668e-05 1.0
0.00634503364563 -1.0
0.021665096283 -1.0
0.0274620056152 -1.0
0.0802919864655 -1.0
0.0939869880676 -1.0
0.136084079742 -1.0
0.136096000671 1.0
0.179995059967 -1.0
0.23605799675 -1.0
0.246581077576 -1.0
0.292114973068 -1.0
0.315032958984 -1.0
0.315045118332 1.0
0.367928028107 -1.0
0.408153057098 -1.0
0.441689014435 -1.0
0.461400032043 -1.0
0.494794130325 -1.0
0.514806985855 -1.0
0.519260168076 -1.0
0.519272089005 1.0
0.537083148956 -1.0
0.538885116577 -1.0
0.588402986526 -1.0
0.638568162918 -1.0
0.660573005676 -1.0
0.680056095123 -1.0
0.718467950821 1.0
0.728590011597 -1.0
0.738044023514 -1.0
0.772164106369 -1.0
0.792984962463 -1.0
0.800404071808 -1.0
0.806880950928 -1.0
0.812694072723 -1.0
0.850448131561 1.0
0.85218501091 -1.0
0.879914045334 -1.0
0.99606013298 -1.0
1.05484604836 -1.0
1.12031507492 -1.0
1.12455606461 -1.0
1.32341909409 -1.0
1.3245639801 1.0
1.34427595139 -1.0
1.41737103462 -1.0
1.43746900558 -1.0
1.51676893234 -1.0
1.53675198555 -1.0
1.5947329998 -1.0
1.65009307861 -1.0
1.67110705376 -1.0
1.76820707321 -1.0
1.80732893944 -1.0
1.82602500916 -1.0
1.82608509064 1.0
1.84332895279 -1.0
1.84554815292 -1.0
1.84576416016 -1.0
1.86915612221 -1.0
1.88877606392 -1.0
1.93597412109 -1.0
1.94933795929 -1.0
1.9533059597 -1.0
1.96878695488 -1.0
1.96879911423 1.0
2.00889205933 -1.0
2.03219199181 -1.0
2.08824515343 -1.0
2.10792207718 -1.0
2.11023616791 -1.0
2.11920809746 -1.0
2.13879108429 -1.0
2.19855308533 -1.0
2.19862103462 1.0
2.24721598625 -1.0
2.27710795403 -1.0
2.27938199043 -1.0
2.28429508209 -1.0
2.28702902794 -1.0
2.28968405724 -1.0
2.29684495926 -1.0
2.29686903954 1.0
2.30910897255 -1.0
2.31687998772 -1.0
2.36522698402 -1.0
2.36829996109 -1.0
2.38459515572 -1.0
2.38824701309 -1.0
2.41309309006 -1.0
2.4210729599 -1.0
2.43211913109 -1.0
2.43544816971 -1.0
2.43553996086 1.0
2.44115114212 -1.0
2.44511795044 -1.0
2.45144414902 -1.0
2.45502996445 -1.0
2.45774698257 -1.0
2.46091103554 -1.0
2.46378111839 -1.0
2.46455693245 -1.0
2.46741199493 -1.0
2.48083114624 1.0
2.4839630127 -1.0
2.48745298386 -1.0
2.50749206543 -1.0
2.53319716454 -1.0
2.55263996124 -1.0
2.61006808281 -1.0
2.67217707634 -1.0
2.70532393456 -1.0
2.70546913147 1.0
2.72495603561 -1.0
2.77828216553 -1.0
2.78189110756 -1.0
2.80181694031 -1.0
2.84598612785 -1.0
2.85109114647 -1.0
2.8710269928 -1.0
2.87107300758 1.0
2.99690103531 -1.0
5.0743560791 -1.0
5.13234400749 -1.0
5.34504795074 -1.0
5.47164702415 -1.0
5.47166705132 1.0
6.07496500015 -1.0
6.07515096664 -1.0
6.07515907288 -1.0
6.09489011765 -1.0
7.07510995865 -1.0
7.07513308525 1.0
7.09468412399 -1.0
7.33060407639 -1.0
16.4248640537 -1.0
16.4974970818 -1.0
16.5170960426 -1.0
16.5876581669 -1.0
30.4919929504 -1.0
30.492027998 1.0
