0.0 -1.0
8.10623168945e-06 1.0
0.0169200897217 -1.0
0.0254080295563 -1.0
0.0455100536346 -1.0
0.102291107178 -1.0
0.140568971634 -1.0
0.173494100571 -1.0
0.216765165329 -1.0
0.216777086258 1.0
0.26377415657 -1.0
0.26500415802 -1.0
0.284413099289 -1.0
0.334823131561 -1.0
0.394631147385 -1.0
0.433614015579 -1.0
0.497287988663 -1.0
0.526473999023 -1.0
0.526520013809 1.0
0.546051979065 -1.0
0.583997011185 -1.0
0.640108108521 -1.0
0.700386047363 -1.0
0.872336149216 -1.0
0.915066003799 -1.0
0.930408000946 -1.0
0.930456161499 1.0
0.950124979019 -1.0
0.974922180176 -1.0
1.02553200722 -1.0
1.08422613144 -1.0
1.0978269577 -1.0
1.10641098022 -1.0
1.12592411041 -1.0
1.13694214821 -1.0
1.15632510185 -1.0
1.16023802757 1.0
1.17973709106 -1.0
1.18789100647 -1.0
1.19943213463 -1.0
1.23063611984 -1.0
1.25371909142 -1.0
1.26119804382 -1.0
1.26139998436 -1.0
1.26266813278 -1.0
1.26962208748 -1.0
1.27332615852 -1.0
1.27333402634 1.0
1.28410196304 -1.0
1.28460502625 -1.0
1.2915790081 -1.0
1.2930150032 -1.0
1.30402302742 -1.0
1.34403300285 -1.0
1.34404206276 1.0
1.40009307861 -1.0
1.56667709351 -1.0
1.65877699852 -1.0
1.69315505028 -1.0
5.25519514084 -1.0
6.25664114952 -1.0
14.8445851803 -1.0
14.8446221352 1.0
14.9233520031 -1.0
19.1660940647 -1.0
19.166118145 -1.0
19.1661219597 -1.0
19.1661369801 -1.0
19.1857190132 -1.0
