0.0 -1.0
1.4066696167e-05 1.0
0.0173699855804 -1.0
0.0201280117035 -1.0
0.0726389884949 -1.0
0.133361101151 -1.0
0.145170211792 -1.0
0.165491104126 -1.0
0.185650110245 -1.0
0.196128129959 -1.0
0.196309089661 1.0
0.252840995789 -1.0
0.29257106781 -1.0
0.354532003403 -1.0
0.420662164688 -1.0
0.480859994888 -1.0
0.548947095871 -1.0
0.58802819252 -1.0
0.610299110413 -1.0
0.610330104828 1.0
0.618185043335 -1.0
0.624243974686 -1.0
0.628825187683 -1.0
0.630478143692 -1.0
0.640086174011 -1.0
0.660498142242 -1.0
0.677429199219 -1.0
0.68060708046 -1.0
0.730940103531 1.0
0.788707017899 -1.0
0.795137166977 -1.0
0.851835012436 -1.0
0.872575998306 -1.0
0.892707109451 -1.0
0.893843173981 -1.0
0.91253900528 -1.0
0.912557125092 1.0
0.932017087936 -1.0
0.972741127014 -1.0
0.988270044327 -1.0
1.0180170536 -1.0
1.02747917175 -1.0
1.04739999771 -1.0
1.08426213264 1.0
1.08467411995 -1.0
1.1037311554 -1.0
1.19352912903 -1.0
1.26673316956 -1.0
1.33043313026 -1.0
1.36016917229 -1.0
1.41757011414 -1.0
1.47542309761 -1.0
1.51857709885 1.0
1.57678508759 -1.0
1.61845302582 -1.0
1.67585802078 -1.0
1.71213412285 -1.0
1.73164010048 -1.0
1.79589319229 -1.0
1.83862709999 -1.0
1.83863806725 1.0
1.89676117897 -1.0
1.91804218292 -1.0
1.93329906464 -1.0
1.95117902756 -1.0
1.95329999924 -1.0
2.02484703064 -1.0
2.02821302414 1.0
2.08477902412 -1.0
2.14127516747 -1.0
2.15356111526 -1.0
2.21180009842 -1.0
2.21901607513 -1.0
2.22345614433 -1.0
2.22592306137 -1.0
2.23148298264 -1.0
2.23150420189 1.0
2.25108909607 -1.0
2.28147411346 -1.0
2.29102110863 -1.0
2.29941606522 -1.0
2.30019402504 -1.0
2.30097913742 -1.0
2.33093905449 1.0
2.34656214714 -1.0
2.36143898964 -1.0
2.36623001099 -1.0
2.37225008011 -1.0
2.39205813408 -1.0
2.39272809029 -1.0
2.4116590023 -1.0
2.44549608231 -1.0
2.4642970562 -1.0
2.46430301666 1.0
2.48383307457 -1.0
2.48532414436 -1.0
2.49641609192 -1.0
2.50064206123 -1.0
2.50537705421 -1.0
2.51024699211 -1.0
2.52985310555 -1.0
2.56825113297 1.0
2.59108114243 -1.0
2.65681600571 -1.0
2.69884800911 -1.0
2.71093416214 -1.0
2.73048019409 -1.0
2.76581311226 -1.0
2.78010702133 -1.0
2.78542113304 -1.0
2.82698011398 -1.0
2.86424708366 1.0
2.88376402855 -1.0
2.99396705627 -1.0
5.10050702095 -1.0
5.10132813454 -1.0
5.12375712395 -1.0
5.12412309647 1.0
5.16269516945 -1.0
5.16638803482 -1.0
5.22102403641 -1.0
5.43289399147 -1.0
5.55997014046 -1.0
6.08082008362 1.0
6.1003370285 -1.0
6.10069918633 -1.0
6.14444708824 -1.0
6.16270899773 -1.0
6.20122718811 -1.0
6.2206401825 -1.0
6.28315615654 -1.0
6.32026600838 1.0
7.16306209564 -1.0
7.1826171875 -1.0
7.41880011559 -1.0
15.9683420658 -1.0
16.9233670235 -1.0
17.0497550964 -1.0
17.0497701168 1.0
17.1225180626 -1.0
