0.0 1.0
0.00915694236755 -1.0
0.0125420093536 -1.0
0.020674943924 -1.0
0.0405349731445 -1.0
0.0971598625183 -1.0
0.107095956802 -1.0
0.10946393013 1.0
0.129207849503 -1.0
0.186779975891 -1.0
0.218539953232 -1.0
0.238636016846 -1.0
0.294325828552 -1.0
0.294334888458 1.0
0.35343003273 -1.0
0.393430948257 -1.0
0.451792955399 -1.0
0.471832990646 -1.0
0.50136089325 -1.0
0.53255200386 -1.0
0.532722949982 1.0
0.5532579422 -1.0
0.581028938293 -1.0
0.59135389328 -1.0
0.601308822632 -1.0
0.665036916733 -1.0
0.66849899292 -1.0
0.727684020996 -1.0
0.748311042786 -1.0
0.748342990875 1.0
0.779441833496 -1.0
0.794862031937 -1.0
0.797157049179 -1.0
0.800689935684 -1.0
0.815623998642 -1.0
0.841467857361 -1.0
0.852126836777 -1.0
0.860949039459 -1.0
0.917171001434 -1.0
0.970362901688 -1.0
1.00800490379 1.0
1.02784204483 -1.0
1.05786991119 -1.0
1.07481884956 -1.0
1.17217683792 -1.0
1.22952103615 -1.0
1.30886602402 -1.0
1.43653583527 -1.0
1.45710492134 -1.0
1.53092885017 -1.0
1.53177905083 1.0
1.55157899857 -1.0
1.62478804588 -1.0
1.64452695847 -1.0
1.71312403679 -1.0
1.72008395195 -1.0
1.72692489624 -1.0
1.72696590424 1.0
1.73282885551 -1.0
1.73475003242 -1.0
1.74665999413 -1.0
1.8411090374 -1.0
1.84442996979 -1.0
1.87483286858 -1.0
1.93323397636 -1.0
1.96730494499 -1.0
2.02910685539 -1.0
2.09317803383 -1.0
2.13200998306 1.0
2.15184283257 -1.0
2.15715885162 -1.0
2.16265892982 -1.0
2.16665697098 -1.0
2.17177605629 -1.0
2.22598099709 -1.0
2.22602105141 1.0
2.22827887535 -1.0
2.24855089188 -1.0
2.2803030014 -1.0
2.2821419239 -1.0
2.28507399559 -1.0
2.29067397118 -1.0
2.29196095467 -1.0
2.29204082489 1.0
2.29557704926 -1.0
2.30016589165 -1.0
2.30063700676 -1.0
2.31378889084 -1.0
2.31399393082 -1.0
2.31534695625 -1.0
2.31835699081 -1.0
2.31975793839 -1.0
2.37313604355 -1.0
2.4093978405 -1.0
2.42723798752 -1.0
2.42725396156 1.0
2.44688987732 -1.0
2.49322390556 -1.0
2.50383996964 -1.0
2.58375787735 -1.0
2.59459805489 -1.0
2.60579490662 -1.0
2.61463403702 -1.0
2.65199804306 1.0
2.66531395912 -1.0
2.66742682457 -1.0
2.67181396484 -1.0
2.72119402885 -1.0
2.77863693237 -1.0
2.84532094002 -1.0
2.90403604507 -1.0
2.9453189373 1.0
3.08210587502 -1.0
3.0894048214 -1.0
3.11083483696 -1.0
3.15931487083 -1.0
3.23271083832 -1.0
3.33294200897 -1.0
5.09222388268 1.0
5.11213898659 -1.0
5.16936802864 -1.0
5.38117694855 -1.0
5.50704288483 -1.0
6.09262895584 1.0
6.11205387115 -1.0
6.11239790916 -1.0
6.1320309639 -1.0
8.11188292503 -1.0
8.13282895088 -1.0
8.36250686646 -1.0
16.5231189728 -1.0
16.5231430531 1.0
16.5958669186 -1.0
16.6166288853 -1.0
16.6688249111 -1.0
