0.0 -1.0
0.000411987304688 1.0
0.020238161087 -1.0
0.075865983963 -1.0
0.134499073029 -1.0
0.144591093063 -1.0
0.203855991364 -1.0
0.238909006119 -1.0
0.249997138977 -1.0
0.306391000748 -1.0
0.306408166885 1.0
0.326387166977 -1.0
0.39966917038 -1.0
0.458403110504 -1.0
0.469093084335 -1.0
0.491084098816 -1.0
0.504927158356 -1.0
0.510746002197 -1.0
0.530202150345 -1.0
0.533879995346 -1.0
0.553470134735 -1.0
0.557377099991 1.0
0.576923131943 -1.0
0.635910987854 -1.0
0.698427200317 -1.0
0.713348150253 -1.0
0.754435062408 -1.0
0.811866998672 -1.0
0.844663143158 -1.0
0.844680070877 1.0
0.864282131195 -1.0
0.883922100067 -1.0
0.94656920433 -1.0
1.01963806152 -1.0
1.02805399895 -1.0
1.04755616188 -1.0
1.09524798393 -1.0
1.10413002968 -1.0
1.10417413712 1.0
1.16271114349 -1.0
1.23634600639 -1.0
1.24494314194 -1.0
1.26450014114 -1.0
1.32391619682 -1.0
1.33598613739 1.0
1.35555505753 -1.0
1.375041008 -1.0
1.42734718323 -1.0
1.48686814308 -1.0
1.48762702942 -1.0
1.49538016319 -1.0
1.49592399597 -1.0
1.50716114044 -1.0
1.50717115402 1.0
1.52678513527 -1.0
1.56912398338 -1.0
1.57010698318 -1.0
1.57046103477 -1.0
1.57112908363 -1.0
1.57618808746 -1.0
1.57642006874 -1.0
1.58980798721 -1.0
1.58983898163 1.0
1.6307990551 -1.0
1.68657898903 -1.0
2.39135909081 -1.0
2.44808506966 -1.0
5.06083297729 1.0
5.0806350708 -1.0
5.08066105843 -1.0
5.08066320419 -1.0
5.08115911484 -1.0
5.10053920746 -1.0
6.0803630352 -1.0
6.10128211975 -1.0
9.93396520615 1.0
9.95362210274 -1.0
9.95364117622 -1.0
9.95364308357 -1.0
15.9194531441 -1.0
15.9695429802 -1.0
15.9893200397 -1.0
16.0116121769 -1.0
