0.0 1.0
0.013876914978 -1.0
0.0138840675354 1.0
0.019700050354 -1.0
0.0560140609741 1.0
0.0697989463806 -1.0
0.0698080062866 1.0
0.125966072083 -1.0
0.150470018387 1.0
0.210006952286 -1.0
0.214905023575 1.0
0.27384185791 -1.0
1.14968395233 -1.0
1.14996790886 1.0
1.17047405243 -1.0
1.17066001892 1.0
1.19020986557 -1.0
1.22429299355 -1.0
1.22430992126 1.0
1.24390506744 -1.0
1.24529695511 1.0
1.25892996788 -1.0
1.26477789879 -1.0
1.26480197906 1.0
1.28440499306 -1.0
1.28528690338 1.0
1.34230494499 -1.0
1.51638197899 -1.0
1.51679897308 1.0
1.53641891479 -1.0
1.53643894196 1.0
1.55622792244 -1.0
1.71512389183 1.0
1.73488998413 -1.0
1.73490691185 1.0
1.73555207253 -1.0
1.77200603485 1.0
1.79451084137 -1.0
1.79452085495 1.0
1.81397104263 -1.0
1.82792901993 -1.0
1.82793688774 1.0
1.90107297897 1.0
1.90737891197 -1.0
1.90738606453 1.0
1.92676591873 -1.0
1.92677593231 1.0
1.96438384056 -1.0
1.96439290047 1.0
2.00689506531 -1.0
2.0220310688 -1.0
2.02204394341 1.0
2.04150986671 -1.0
2.07999396324 1.0
2.09956789017 -1.0
2.09960603714 1.0
2.1487019062 -1.0
2.14874792099 1.0
2.16841888428 -1.0
2.16847801208 1.0
2.17264199257 1.0
2.19253087044 -1.0
2.19253993034 1.0
2.21253204346 -1.0
2.21255397797 1.0
2.23341202736 -1.0
2.23342299461 1.0
2.25992202759 -1.0
2.25993299484 1.0
2.27956104279 -1.0
2.27957201004 1.0
2.29914999008 -1.0
2.29915904999 1.0
2.35445189476 -1.0
2.35446190834 1.0
2.37390303612 -1.0
2.37446594238 1.0
2.42341589928 -1.0
2.46001386642 1.0
2.47969985008 -1.0
2.48033285141 1.0
2.52005004883 -1.0
2.52007293701 1.0
2.56433701515 -1.0
2.56445384026 1.0
2.59948992729 -1.0
2.59980797768 1.0
2.65820288658 -1.0
2.71616506577 1.0
2.72414302826 -1.0
2.7639799118 1.0
2.774132967 -1.0
2.78345298767 -1.0
2.78386187553 1.0
2.80704283714 -1.0
2.80705285072 1.0
2.83964800835 -1.0
2.83966398239 1.0
2.88640093803 -1.0
2.88912892342 1.0
2.90853905678 -1.0
2.90854692459 1.0
2.95136904716 -1.0
2.98800086975 1.0
3.01327896118 -1.0
3.01366400719 1.0
3.02402901649 -1.0
3.02405500412 1.0
3.03315997124 -1.0
3.03316783905 1.0
3.09008288383 -1.0
3.33828186989 -1.0
3.34074902534 1.0
3.36016988754 -1.0
3.38399791718 -1.0
3.3842010498 1.0
3.4038670063 -1.0
3.4399960041 1.0
3.44249200821 -1.0
3.44250488281 1.0
3.45952987671 -1.0
3.45953702927 1.0
3.48957705498 -1.0
3.48958492279 1.0
3.5173740387 -1.0
3.51739001274 1.0
3.6300868988 -1.0
3.63010406494 1.0
4.21644997597 -1.0
4.21647191048 1.0
4.23602986336 -1.0
4.23604893684 1.0
4.25709795952 1.0
4.31412005424 -1.0
4.99151587486 1.0
4.99187684059 1.0
5.01159405708 -1.0
5.01160502434 1.0
5.01198291779 -1.0
5.03104805946 -1.0
5.13400793076 -1.0
5.17199802399 1.0
5.19191503525 -1.0
5.19192790985 1.0
5.19282197952 1.0
5.2124478817 -1.0
5.2124569416 1.0
5.23207402229 -1.0
5.28164696693 -1.0
5.31999492645 1.0
5.44877696037 1.0
5.46844291687 -1.0
5.51673102379 -1.0
5.51674485207 1.0
5.5174870491 -1.0
5.51749587059 1.0
5.53624987602 -1.0
5.53625798225 1.0
5.67505788803 -1.0
5.67507100105 1.0
5.68511795998 -1.0
5.68512487411 1.0
5.69461202621 -1.0
5.69461989403 1.0
5.69484686852 1.0
5.69535088539 1.0
5.71441292763 -1.0
5.71442389488 1.0
5.71500992775 -1.0
5.73403000832 -1.0
5.75146389008 -1.0
5.75393986702 -1.0
5.75396704674 1.0
5.75966000557 -1.0
5.75966691971 1.0
5.77350306511 -1.0
5.81199598312 1.0
5.83171796799 -1.0
5.83176803589 1.0
5.83366084099 -1.0
5.83368206024 1.0
5.83740997314 -1.0
5.8374350071 1.0
5.8523709774 -1.0
5.85243296623 1.0
5.87190890312 -1.0
5.87193393707 1.0
5.90957593918 -1.0
5.9097430706 -1.0
5.90976500511 1.0
5.91955900192 -1.0
5.91956686974 1.0
5.92041802406 -1.0
5.92952394485 -1.0
5.92953085899 1.0
5.94529700279 1.0
5.98407006264 -1.0
5.98408889771 1.0
5.98506784439 -1.0
5.98509001732 1.0
5.98989105225 -1.0
5.98991394043 1.0
6.00377488136 -1.0
6.00378394127 1.0
6.02336907387 -1.0
6.05999398232 1.0
6.06243801117 -1.0
6.06246590614 1.0
6.06600403786 -1.0
6.06602787971 1.0
6.06611299515 -1.0
6.07467198372 -1.0
6.07469391823 1.0
6.07479596138 1.0
6.07943701744 -1.0
6.11600089073 1.0
6.13035607338 -1.0
6.13641095161 -1.0
6.13644099236 1.0
6.1367430687 -1.0
6.13676285744 1.0
6.13699388504 -1.0
6.1370010376 1.0
6.13746190071 -1.0
6.13747096062 1.0
6.13755989075 1.0
6.15596795082 -1.0
6.19447684288 -1.0
6.19599795341 1.0
6.21589994431 -1.0
6.21595788002 1.0
6.21987104416 -1.0
6.21989703178 1.0
6.22774100304 -1.0
6.23531699181 -1.0
6.23532390594 1.0
6.28926992416 -1.0
6.28930401802 1.0
6.29153800011 -1.0
6.29156303406 1.0
6.29181098938 -1.0
6.29182600975 1.0
6.29418897629 -1.0
6.29421186447 1.0
6.29608607292 -1.0
6.29609298706 1.0
6.30134487152 -1.0
6.30144000053 1.0
6.30889105797 -1.0
6.34799599648 1.0
6.36231899261 -1.0
6.36785507202 -1.0
6.36789894104 1.0
6.36866188049 -1.0
6.36868405342 1.0
6.36990499496 -1.0
6.36992096901 1.0
6.3705739975 -1.0
6.37057900429 1.0
6.38744997978 -1.0
6.38747501373 1.0
6.41209793091 -1.0
6.41212201118 1.0
6.44330096245 -1.0
6.44337391853 1.0
6.44489884377 -1.0
6.44492006302 1.0
6.44502091408 -1.0
6.44618296623 -1.0
6.44622302055 1.0
6.44912290573 -1.0
6.44914388657 1.0
6.45324206352 -1.0
6.45324993134 1.0
6.4631459713 -1.0
6.46315383911 1.0
6.52103590965 -1.0
6.52165603638 -1.0
6.52167701721 1.0
6.52613401413 -1.0
6.5319340229 -1.0
6.53194093704 1.0
6.5411260128 -1.0
6.57999300957 1.0
6.60008406639 -1.0
6.60012507439 1.0
6.6003780365 -1.0
6.60039687157 1.0
6.60135102272 -1.0
6.60136795044 1.0
6.60390305519 -1.0
6.60409092903 1.0
6.60411500931 -1.0
6.60450100899 1.0
6.60590004921 -1.0
6.6073179245 -1.0
6.60733890533 1.0
6.6096599102 -1.0
6.60968089104 1.0
6.62042403221 -1.0
6.62466001511 -1.0
6.62467002869 1.0
6.68233203888 -1.0
6.68853092194 -1.0
6.72800993919 1.0
6.93892192841 -1.0
6.94607496262 -1.0
6.94609999657 1.0
6.96567201614 -1.0
6.965695858 1.0
6.99183487892 1.0
6.99208307266 1.0
6.99225687981 1.0
7.01144099236 -1.0
7.01144886017 1.0
7.01166701317 -1.0
7.01167106628 -1.0
7.02021193504 -1.0
7.02098107338 -1.0
7.02100205421 1.0
7.04095101357 -1.0
7.07999396324 1.0
7.09954595566 -1.0
7.09963393211 1.0
7.12273287773 -1.0
7.12275886536 1.0
7.58529090881 -1.0
7.58531403542 1.0
7.62278485298 -1.0
7.62279701233 1.0
7.7625079155 -1.0
7.76252484322 1.0
7.76264691353 1.0
7.76840591431 -1.0
7.76843500137 1.0
7.78210902214 -1.0
7.81851792336 -1.0
7.81999993324 1.0
7.83698391914 -1.0
7.83699297905 1.0
7.83969783783 -1.0
7.83970499039 1.0
7.84052705765 -1.0
7.84053397179 1.0
7.8590528965 -1.0
7.85906004906 1.0
7.8788459301 -1.0
7.87885284424 1.0
7.91539692879 -1.0
7.91540884972 1.0
7.91586089134 -1.0
7.9158680439 1.0
7.92555999756 -1.0
7.92557096481 1.0
7.93510699272 -1.0
7.93511390686 1.0
7.98840689659 -1.0
7.9884159565 1.0
7.99257397652 1.0
7.99355888367 -1.0
7.99357795715 1.0
7.99995493889 -1.0
7.99997901917 1.0
8.00779104233 -1.0
8.00788092613 1.0
8.02729105949 -1.0
8.02730107307 1.0
8.04737591743 -1.0
8.06584501266 -1.0
8.07668304443 -1.0
8.07671093941 1.0
8.09627604485 -1.0
8.13598203659 1.0
8.4410378933 -1.0
8.44106292725 1.0
11.9927558899 1.0
11.993005991 1.0
12.0141508579 -1.0
12.0141599178 1.0
12.0706448555 -1.0
15.4889068604 -1.0
15.4889349937 1.0
15.5381519794 -1.0
15.5381660461 1.0
36.5171408653 -1.0
36.5171649456 1.0
36.9371008873 -1.0
36.9371199608 1.0
37.5869560242 -1.0
37.586977005 1.0
