0.0 -1.0
2.19345092773e-05 1.0
0.00552105903625 -1.0
0.0424561500549 1.0
0.0602490901947 -1.0
0.060259103775 1.0
0.061977148056 -1.0
0.0620059967041 1.0
0.112035989761 -1.0
0.112086057663 1.0
0.112993955612 1.0
0.172318935394 -1.0
0.214312076569 -1.0
0.236642122269 1.0
0.263543128967 -1.0
0.263554096222 1.0
0.320605039597 -1.0
0.320613145828 1.0
0.325720071793 -1.0
0.362472057343 1.0
0.376266956329 -1.0
0.396880149841 -1.0
0.397113084793 1.0
0.426706075668 -1.0
0.47044801712 1.0
0.48997592926 -1.0
0.490006923676 1.0
0.514388084412 1.0
0.532351016998 -1.0
0.570459127426 1.0
0.572291135788 -1.0
0.572299003601 1.0
0.590018033981 -1.0
0.626471996307 1.0
0.628247022629 -1.0
0.685142040253 -1.0
0.685426950455 1.0
0.704910039902 -1.0
0.746464967728 1.0
0.807692050934 -1.0
0.807737112045 1.0
0.837142944336 -1.0
0.837172985077 1.0
0.839851140976 1.0
0.856606960297 -1.0
0.896440029144 -1.0
0.896455049515 1.0
0.909971952438 -1.0
0.910017967224 1.0
0.916167974472 -1.0
0.95446896553 1.0
0.989448070526 -1.0
0.98951292038 1.0
0.992532968521 1.0
1.04833698273 -1.0
1.09887194633 -1.0
1.11976504326 -1.0
1.11979103088 1.0
1.13922810555 -1.0
1.17843604088 1.0
1.19335412979 -1.0
1.19798994064 -1.0
1.19801211357 1.0
1.33572506905 -1.0
1.33581209183 1.0
1.52127504349 -1.0
1.55847096443 1.0
1.57812595367 -1.0
1.57935404778 1.0
1.59889006615 -1.0
2.4476621151 -1.0
2.48647809029 1.0
2.50683808327 -1.0
2.50686907768 1.0
2.50772309303 1.0
2.52927303314 -1.0
2.52928209305 1.0
2.55084300041 -1.0
3.49944210052 -1.0
3.50481200218 -1.0
3.50484013557 1.0
3.52451515198 -1.0
3.56246614456 1.0
3.62781596184 -1.0
3.62783312798 1.0
3.64128303528 -1.0
3.64128899574 1.0
3.6475019455 -1.0
3.64750909805 1.0
3.64770412445 1.0
3.64817810059 1.0
3.66710495949 -1.0
3.66711497307 1.0
3.66767406464 -1.0
3.68192410469 -1.0
3.71183109283 -1.0
3.71184206009 1.0
3.71203899384 1.0
3.71742892265 -1.0
3.71745014191 1.0
3.73124909401 -1.0
3.766518116 -1.0
3.76652812958 1.0
3.78610110283 -1.0
3.79637694359 -1.0
3.79638600349 1.0
3.81592106819 -1.0
3.8544690609 1.0
3.86826705933 -1.0
3.86828899384 1.0
3.87514305115 -1.0
3.87515115738 1.0
3.8946621418 -1.0
3.89468812943 1.0
3.8991150856 1.0
3.91407203674 -1.0
3.91982412338 -1.0
3.91983413696 1.0
3.93930912018 -1.0
3.94916510582 -1.0
3.94917297363 1.0
3.95822310448 -1.0
3.95823001862 1.0
3.96886706352 -1.0
3.96897792816 1.0
3.9904460907 -1.0
3.99046492577 1.0
3.99485492706 -1.0
3.99487495422 1.0
4.01038503647 -1.0
4.02157402039 -1.0
4.02158093452 1.0
4.0288040638 -1.0
4.02882504463 1.0
4.04133415222 -1.0
4.07845401764 1.0
4.09799695015 -1.0
4.09802794456 1.0
4.10649394989 -1.0
4.10651993752 1.0
4.11182808876 -1.0
4.1118350029 1.0
4.11772608757 -1.0
4.11785006523 1.0
4.14693403244 -1.0
4.14698815346 1.0
4.14749693871 -1.0
4.14751815796 1.0
4.16680598259 -1.0
4.16685605049 1.0
4.16698503494 1.0
4.17894411087 -1.0
4.17896699905 1.0
4.18644595146 -1.0
4.18656206131 -1.0
4.1865670681 1.0
4.18715500832 -1.0
4.18717503548 1.0
4.20635795593 -1.0
4.22715902328 -1.0
4.22716593742 1.0
4.24663710594 -1.0
4.25529003143 -1.0
4.25529909134 1.0
4.25754904747 -1.0
4.25757002831 1.0
4.2657790184 -1.0
4.27477693558 -1.0
4.27478504181 1.0
4.2967209816 -1.0
4.30357098579 -1.0
4.30358314514 1.0
4.32325601578 -1.0
4.36244010925 1.0
4.39238500595 -1.0
4.39240098 -1.0
4.39244198799 1.0
4.39332914352 -1.0
4.39334893227 1.0
4.39344000816 1.0
4.39608812332 -1.0
4.39611005783 1.0
4.39618611336 -1.0
4.40055298805 -1.0
4.40056014061 1.0
4.41195511818 -1.0
4.41198396683 1.0
4.45036005974 -1.0
4.45038104057 1.0
4.45090603828 -1.0
4.45092797279 1.0
4.45598697662 -1.0
4.45600914955 1.0
4.46249699593 -1.0
4.46250510216 1.0
4.46983003616 -1.0
4.46994709969 1.0
4.52606296539 -1.0
4.52785611153 -1.0
4.52787613869 1.0
4.52838397026 -1.0
4.52840304375 1.0
4.52866005898 -1.0
4.52866697311 1.0
4.53209614754 -1.0
4.53949999809 -1.0
4.53952002525 1.0
4.54738712311 -1.0
4.58647704124 1.0
4.60642910004 -1.0
4.60644006729 -1.0
4.6064620018 1.0
4.60743808746 -1.0
4.60746192932 1.0
4.61095809937 -1.0
4.6109650135 1.0
4.61592292786 -1.0
4.61604595184 1.0
4.61632108688 -1.0
4.62596511841 -1.0
4.62597298622 1.0
4.67259907722 -1.0
4.67260813713 1.0
4.68238306046 -1.0
4.68408703804 -1.0
4.68411111832 1.0
4.68675804138 -1.0
4.68681502342 1.0
4.69483804703 -1.0
4.69484615326 1.0
4.70366597176 -1.0
4.74243593216 1.0
4.83509612083 -1.0
4.83514904976 1.0
4.88600802422 -1.0
4.92245101929 1.0
4.99971103668 -1.0
5.0053050518 -1.0
5.00534510612 1.0
5.00537705421 1.0
5.00559306145 1.0
5.00588107109 1.0
5.02531099319 -1.0
5.02533102036 -1.0
5.02534103394 1.0
5.04490995407 -1.0
5.2477850914 -1.0
5.24841213226 -1.0
5.24843502045 1.0
5.25309801102 -1.0
5.25312495232 1.0
5.25425696373 -1.0
5.25426506996 1.0
5.25982093811 -1.0
5.25982713699 1.0
5.26791906357 -1.0
5.30646896362 1.0
5.32631206512 -1.0
5.32632303238 -1.0
5.32633209229 -1.0
5.32635903358 1.0
5.33386993408 -1.0
5.33387804031 1.0
5.33399796486 1.0
5.34580898285 -1.0
5.38245797157 1.0
5.38554000854 -1.0
5.40185594559 -1.0
5.40188193321 1.0
6.0052189827 1.0
6.00549602509 1.0
6.02508497238 -1.0
6.02509999275 1.0
6.08075714111 -1.0
6.1982049942 -1.0
6.19822406769 1.0
10.0059709549 1.0
10.0062699318 1.0
10.0254840851 -1.0
10.0254919529 1.0
10.0256829262 -1.0
10.044916153 -1.0
15.655878067 -1.0
15.6559040546 1.0
15.7554180622 -1.0
15.7554380894 1.0
15.7752561569 -1.0
15.7752640247 1.0
34.4880149364 -1.0
34.4880399704 1.0
34.6036930084 -1.0
34.6037089825 1.0
