0.0 -1.0
1.4066696167e-05 1.0
0.0386838912964 -1.0
0.0386979579926 1.0
0.0675840377808 -1.0
0.105916976929 1.0
0.125566959381 -1.0
0.125576972961 1.0
0.15380191803 -1.0
0.153810024261 1.0
0.203793048859 1.0
0.26261806488 -1.0
0.262628078461 1.0
0.264171123505 -1.0
0.301911115646 1.0
0.318737983704 -1.0
0.318758010864 1.0
0.32164311409 -1.0
0.361903905869 1.0
0.374800920486 -1.0
0.374816894531 1.0
0.430751085281 -1.0
0.479208946228 -1.0
0.517910003662 1.0
0.545943975449 -1.0
0.546262025833 1.0
0.60303902626 -1.0
0.633138895035 -1.0
0.646061897278 -1.0
0.646088123322 1.0
0.665963888168 -1.0
0.713905096054 1.0
0.733391046524 -1.0
0.733450889587 1.0
0.736201047897 1.0
0.752902984619 -1.0
0.789910078049 1.0
0.794685125351 -1.0
0.79469203949 1.0
0.827502965927 -1.0
0.865909099579 1.0
1.05866193771 -1.0
1.05873799324 1.0
1.08739089966 -1.0
1.08741211891 1.0
1.08756399155 1.0
1.14760994911 -1.0
1.37025403976 -1.0
1.41790103912 1.0
1.43800592422 -1.0
1.43803811073 1.0
1.43917393684 1.0
1.45867300034 -1.0
2.2610681057 -1.0
2.30110692978 1.0
2.32083201408 -1.0
2.32086110115 1.0
2.32191801071 1.0
2.34157896042 -1.0
2.34160995483 1.0
2.36136007309 -1.0
2.62322711945 -1.0
2.63566589355 -1.0
2.63570094109 1.0
2.6553580761 -1.0
2.69390892982 1.0
2.79448699951 -1.0
2.79451012611 1.0
2.80678606033 -1.0
2.80679702759 1.0
2.81430792809 -1.0
2.81431388855 1.0
2.8145430088 1.0
2.81504297256 1.0
2.83401489258 -1.0
2.83402895927 1.0
2.83460092545 -1.0
2.85376811028 -1.0
2.87112903595 -1.0
2.87148189545 -1.0
2.87150406837 1.0
2.88411402702 -1.0
2.88414096832 1.0
2.89096307755 -1.0
2.92990493774 1.0
2.94980812073 -1.0
2.94981908798 1.0
2.95063710213 -1.0
2.95064711571 1.0
2.9539000988 -1.0
2.95390796661 1.0
2.95400500298 1.0
2.9692299366 -1.0
3.00590896606 1.0
3.01097893715 -1.0
3.0254380703 -1.0
3.0254919529 1.0
3.03017091751 -1.0
3.03019499779 1.0
3.037514925 -1.0
3.0375430584 1.0
3.04506397247 -1.0
3.04508805275 1.0
3.06526207924 1.0
3.10140705109 -1.0
3.10142612457 1.0
3.10321593285 -1.0
3.10324311256 1.0
3.10778307915 -1.0
3.10780405998 1.0
3.1209590435 -1.0
3.12096905708 1.0
3.14055800438 -1.0
3.1779088974 1.0
3.18053007126 -1.0
3.18057107925 1.0
3.1853249073 -1.0
3.18535089493 1.0
3.18561601639 -1.0
3.19189095497 -1.0
3.19191408157 1.0
3.19768095016 -1.0
3.19770693779 1.0
3.25753092766 -1.0
3.257584095 1.0
3.25809311867 -1.0
3.2581179142 1.0
3.26183795929 -1.0
3.26753401756 -1.0
3.26755595207 1.0
3.27736210823 -1.0
3.27738690376 1.0
3.27746295929 1.0
3.3331720829 -1.0
3.33520412445 -1.0
3.33523011208 1.0
3.33904409409 -1.0
3.33906793594 1.0
3.35498309135 -1.0
3.39390993118 1.0
3.41339612007 -1.0
3.41344404221 1.0
3.41416811943 -1.0
3.41419005394 1.0
3.41504812241 -1.0
3.41514205933 1.0
3.41806292534 -1.0
3.41808700562 1.0
3.42368888855 -1.0
3.42371201515 1.0
3.43290805817 -1.0
3.46991300583 1.0
3.4709239006 -1.0
3.48973798752 -1.0
3.48979401588 1.0
3.49046993256 -1.0
3.49049091339 1.0
3.49124193192 -1.0
3.49125909805 1.0
3.491355896 1.0
3.49149894714 -1.0
3.49196100235 -1.0
3.49197292328 1.0
3.50969791412 -1.0
3.54591202736 1.0
3.55169200897 -1.0
3.58784604073 -1.0
3.58790493011 1.0
3.61439990997 -1.0
3.61445307732 1.0
3.62436008453 -1.0
3.62436795235 1.0
3.62964892387 -1.0
3.6296749115 1.0
3.6340880394 -1.0
3.6341240406 1.0
3.63661193848 -1.0
3.64498806 -1.0
3.64501190186 1.0
3.65421390533 -1.0
3.65424108505 1.0
3.67849898338 -1.0
3.67854905128 1.0
3.67890691757 -1.0
3.67892599106 1.0
3.68199205399 -1.0
3.68200993538 1.0
3.68210411072 1.0
3.69824695587 -1.0
3.71727395058 -1.0
3.71733498573 1.0
3.7206890583 -1.0
3.72079491615 1.0
3.72831892967 -1.0
3.72834300995 1.0
3.73682498932 -1.0
3.767827034 -1.0
3.76784801483 1.0
3.77271699905 -1.0
3.77274894714 1.0
3.78753995895 -1.0
3.79665112495 -1.0
3.79666090012 1.0
3.81648206711 -1.0
3.81664204597 1.0
3.83637309074 -1.0
3.83643507957 1.0
3.83668398857 -1.0
3.83676505089 1.0
3.84401702881 -1.0
3.84404492378 1.0
3.85704112053 -1.0
3.85705494881 1.0
3.86911511421 -1.0
3.86915802956 1.0
3.87574601173 -1.0
3.87682700157 -1.0
3.87683796883 1.0
3.89632606506 -1.0
3.93391299248 1.0
3.95352196693 -1.0
3.95765209198 -1.0
3.95768094063 1.0
3.97722005844 -1.0
3.97728490829 1.0
4.33959794044 -1.0
4.33962106705 1.0
4.34499311447 -1.0
4.34500408173 1.0
4.35917901993 -1.0
4.35918712616 1.0
4.40940093994 -1.0
4.4094209671 1.0
4.42131590843 -1.0
4.42132592201 1.0
4.42910790443 -1.0
4.42911410332 1.0
4.48508095741 -1.0
4.48510193825 1.0
4.48540711403 -1.0
4.48541402817 1.0
4.49199104309 -1.0
4.492000103 1.0
4.50461006165 -1.0
4.50462007523 1.0
4.53563904762 -1.0
4.53565692902 1.0
4.60398006439 -1.0
4.60399007797 1.0
4.60979795456 -1.0
4.60980606079 1.0
4.61400103569 -1.0
4.61400699615 1.0
4.61409497261 1.0
4.61430597305 -1.0
4.62353491783 -1.0
4.62355899811 1.0
4.64295506477 -1.0
4.64296293259 1.0
4.64599609375 -1.0
4.64601612091 1.0
4.65293002129 -1.0
4.66267609596 -1.0
4.6626830101 1.0
5.0029540062 1.0
5.00321292877 1.0
5.0227599144 -1.0
5.02276992798 1.0
5.07913208008 -1.0
5.08928203583 -1.0
5.09552693367 -1.0
5.09555006027 1.0
5.11497402191 -1.0
5.15390706062 1.0
6.00364995003 1.0
6.02314090729 -1.0
9.00456500053 1.0
9.00481104851 1.0
9.02430796623 -1.0
9.02432799339 1.0
9.02447891235 -1.0
9.0448141098 -1.0
16.0190970898 -1.0
16.0191230774 1.0
16.0492610931 -1.0
16.0492749214 1.0
18.1282091141 1.0
18.1282639503 1.0
18.160656929 -1.0
18.160681963 1.0
18.1770560741 -1.0
18.177079916 1.0
33.214261055 -1.0
33.2142820358 1.0
33.4441490173 -1.0
33.4441709518 1.0
34.3338339329 -1.0
34.3338611126 1.0
