0.0 -1.0
0.0385959148407 1.0
0.0495939254761 1.0
0.0549509525299 -1.0
0.0549600124359 1.0
0.0581159591675 -1.0
0.0581388473511 1.0
0.0746519565582 -1.0
0.0778119564056 -1.0
0.114581823349 1.0
0.134254932404 -1.0
0.170600891113 1.0
0.19008898735 -1.0
0.190840005875 1.0
0.247061014175 -1.0
0.248360872269 1.0
0.303533792496 -1.0
0.303551912308 1.0
0.32350897789 -1.0
0.32367181778 1.0
0.382967948914 -1.0
0.412199020386 -1.0
0.412496805191 1.0
0.432101964951 -1.0
0.470598936081 1.0
0.521945953369 -1.0
0.558614015579 1.0
0.569088935852 -1.0
0.569113969803 -1.0
0.569124937057 1.0
0.578532934189 -1.0
0.57855796814 1.0
0.671013832092 -1.0
0.671052932739 1.0
0.673719882965 1.0
0.690658807755 -1.0
0.730604887009 1.0
0.730985879898 -1.0
0.730997800827 1.0
0.750808000565 -1.0
0.807727813721 -1.0
0.846602916718 1.0
0.86633181572 -1.0
0.902619838715 1.0
0.944986820221 -1.0
0.945086956024 -1.0
0.945118904114 -1.0
0.945125818253 1.0
0.945140838623 1.0
1.04334783554 -1.0
1.04339194298 1.0
1.04974579811 -1.0
1.06285381317 -1.0
1.06288194656 1.0
1.12838101387 1.0
1.14787578583 -1.0
1.40844082832 -1.0
1.40846180916 1.0
1.40857982635 1.0
1.42791795731 -1.0
1.42794394493 -1.0
1.4473400116 1.0
1.46690487862 -1.0
2.45053982735 -1.0
2.49062395096 1.0
2.51015591621 -1.0
2.51016688347 1.0
2.51104593277 1.0
2.53065299988 -1.0
2.53066182137 1.0
2.55043792725 -1.0
3.51378083229 -1.0
3.52524781227 -1.0
3.52527284622 1.0
3.52539396286 -1.0
3.544880867 -1.0
3.54488897324 1.0
3.65443992615 -1.0
3.66014194489 -1.0
3.6601498127 1.0
3.67005181313 -1.0
3.67025089264 1.0
3.67080402374 1.0
3.67956185341 -1.0
3.68974590302 -1.0
3.68975687027 1.0
3.69044685364 -1.0
3.70940184593 -1.0
3.70975494385 1.0
3.73050689697 -1.0
3.73317694664 -1.0
3.73320198059 -1.0
3.73320484161 1.0
3.75269579887 -1.0
3.75270295143 1.0
3.76139783859 -1.0
3.76145482063 -1.0
3.76146197319 1.0
3.77249979973 -1.0
3.81062984467 1.0
3.81617498398 -1.0
3.81618380547 1.0
3.81619000435 -1.0
3.81619381905 1.0
3.83038401604 -1.0
3.83039188385 1.0
3.8498609066 -1.0
3.8498749733 1.0
3.88925695419 -1.0
3.88926482201 1.0
3.89788794518 -1.0
3.89793586731 -1.0
3.8979549408 1.0
3.90872192383 -1.0
3.90879297256 1.0
3.91573381424 -1.0
3.91580700874 -1.0
3.91582083702 1.0
3.92072200775 1.0
3.9283080101 -1.0
3.96660995483 1.0
3.96669387817 -1.0
3.96670389175 1.0
3.98368000984 -1.0
3.98372888565 1.0
3.98607993126 -1.0
3.9860868454 1.0
3.98609185219 -1.0
4.02259898186 1.0
4.02312994003 -1.0
4.02313780785 1.0
4.04215788841 -1.0
4.04221582413 1.0
4.04997491837 -1.0
4.05000090599 1.0
4.0618698597 -1.0
4.0619328022 1.0
4.07330989838 -1.0
4.07333397865 1.0
4.08150100708 -1.0
4.08156991005 1.0
4.11313700676 -1.0
4.11319088936 1.0
4.11455893517 -1.0
4.11460089684 1.0
4.12566184998 -1.0
4.12568187714 1.0
4.12577486038 1.0
4.12585997581 -1.0
4.13271093369 -1.0
4.13273596764 1.0
4.14875483513 -1.0
4.14877891541 1.0
4.1524438858 -1.0
4.15253090858 1.0
4.18924093246 -1.0
4.19659900665 -1.0
4.19662189484 1.0
4.21214079857 -1.0
4.21570682526 -1.0
4.21571397781 1.0
4.21627998352 -1.0
4.21628689766 1.0
4.21650695801 -1.0
4.21651101112 -1.0
4.21651387215 1.0
4.22213602066 -1.0
4.22214078903 1.0
4.2359919548 -1.0
4.2745950222 1.0
4.2808868885 -1.0
4.28094100952 1.0
4.29431891441 -1.0
4.29433679581 -1.0
4.29435586929 1.0
4.29511880875 -1.0
4.2951259613 1.0
4.2983109951 -1.0
4.29833388329 1.0
4.30009293556 -1.0
4.30024790764 1.0
4.31379199028 -1.0
4.35059785843 1.0
4.35684490204 -1.0
4.35687398911 1.0
4.37007498741 -1.0
4.37010097504 1.0
4.37043190002 -1.0
4.37045288086 1.0
4.37401294708 -1.0
4.37401890755 1.0
4.38054680824 -1.0
4.3805539608 1.0
4.38962578773 -1.0
4.38964700699 1.0
4.38973593712 1.0
4.42647790909 -1.0
4.4272840023 -1.0
4.42730498314 1.0
4.44676685333 -1.0
4.45100879669 -1.0
4.45101690292 1.0
4.45644783974 -1.0
4.45646882057 1.0
4.45654988289 1.0
4.46212387085 -1.0
4.47046494484 -1.0
4.4705119133 1.0
4.4981110096 -1.0
4.50490999222 -1.0
4.5049328804 1.0
4.50897288322 -1.0
4.50897884369 1.0
4.50915694237 -1.0
4.52463293076 -1.0
4.52467298508 1.0
4.52480101585 -1.0
4.52654385567 -1.0
4.52655100822 1.0
4.53057098389 -1.0
4.54588985443 -1.0
4.5458958149 1.0
4.61418700218 -1.0
4.6147069931 -1.0
4.61472988129 1.0
4.61769890785 -1.0
4.61770486832 1.0
4.619328022 -1.0
4.61944079399 1.0
4.62666988373 -1.0
4.626693964 1.0
4.63191199303 -1.0
4.63193678856 1.0
4.63412499428 -1.0
4.65317988396 -1.0
4.65319299698 1.0
4.65794086456 -1.0
4.67295384407 -1.0
4.67296385765 1.0
5.04488492012 -1.0
5.04503893852 1.0
5.04611492157 -1.0
5.06479096413 -1.0
5.06481599808 1.0
5.14687490463 -1.0
5.15285181999 -1.0
5.15287899971 1.0
5.15338897705 -1.0
5.15339994431 1.0
5.15755701065 -1.0
5.15757584572 1.0
5.15828585625 -1.0
5.15829181671 1.0
5.17262887955 -1.0
5.17266392708 1.0
5.2226588726 -1.0
5.22335195541 -1.0
5.22336101532 1.0
5.22488594055 -1.0
5.22490501404 1.0
5.22566795349 -1.0
5.22576498985 1.0
5.23448681831 -1.0
5.23453783989 1.0
5.24292397499 -1.0
5.27374792099 -1.0
5.2737557888 1.0
5.28886079788 1.0
5.289083004 1.0
5.29338097572 -1.0
5.30859184265 -1.0
5.30861186981 1.0
5.36719894409 -1.0
6.28936600685 1.0
6.30880188942 -1.0
10.2903490067 1.0
10.2906138897 1.0
10.3203878403 -1.0
10.3203969002 1.0
10.320401907 -1.0
10.3401248455 -1.0
14.9666519165 -1.0
15.0066030025 1.0
15.9436678886 -1.0
15.9436910152 1.0
16.0563910007 -1.0
16.0564038754 1.0
34.5280678272 -1.0
34.5280900002 1.0
