0.0 -1.0
2.121925354e-05 1.0
0.0311231613159 -1.0
0.0311470031738 1.0
0.0624980926514 -1.0
0.0753221511841 1.0
0.0825190544128 -1.0
0.0948951244354 -1.0
0.0949280261993 1.0
0.132127046585 -1.0
0.133268117905 1.0
0.152778148651 -1.0
0.188890218735 1.0
0.205707073212 1.0
0.248158216476 -1.0
0.250905990601 1.0
0.295468091965 -1.0
0.332887172699 1.0
0.351232051849 -1.0
0.352431058884 -1.0
0.352454185486 1.0
0.372064113617 -1.0
0.372112989426 1.0
0.372752189636 1.0
0.396023988724 -1.0
0.396269083023 1.0
0.452307224274 -1.0
0.454112052917 -1.0
0.492873191833 1.0
0.553326129913 -1.0
0.553687095642 1.0
0.5840280056 -1.0
0.620897054672 1.0
0.692124128342 -1.0
0.707002162933 -1.0
0.707045078278 1.0
0.726455211639 -1.0
0.726508140564 1.0
0.81359910965 -1.0
0.81366610527 1.0
0.816444158554 1.0
0.872552156448 -1.0
0.872572183609 1.0
0.881313085556 -1.0
0.892251014709 -1.0
0.920904159546 1.0
1.05458712578 -1.0
1.09292411804 1.0
1.11390209198 -1.0
1.11397314072 1.0
1.15740418434 -1.0
1.15742611885 1.0
1.41257214546 -1.0
1.41259121895 1.0
1.43218517303 -1.0
1.43219304085 1.0
1.44971704483 1.0
1.47052621841 -1.0
2.31689310074 -1.0
2.35690402985 1.0
2.37680602074 -1.0
2.37681818008 1.0
2.3776781559 1.0
2.39718413353 -1.0
2.39719319344 1.0
2.41677212715 -1.0
3.39070105553 -1.0
3.39488315582 -1.0
3.39491605759 1.0
3.41451716423 -1.0
3.45288515091 1.0
3.56960916519 -1.0
3.56963205338 1.0
3.57030415535 -1.0
3.57031202316 1.0
3.58930706978 -1.0
3.58932304382 1.0
3.58959412575 1.0
3.59010720253 1.0
3.60924911499 -1.0
3.60926699638 1.0
3.60971522331 -1.0
3.62879014015 -1.0
3.6349542141 -1.0
3.63755607605 -1.0
3.63757920265 1.0
3.6453101635 -1.0
3.64554810524 1.0
3.65719199181 -1.0
3.69689822197 1.0
3.70446610451 -1.0
3.71648621559 -1.0
3.71650719643 1.0
3.71832799911 -1.0
3.71833610535 1.0
3.72341513634 -1.0
3.72342419624 1.0
3.7360560894 -1.0
3.73606705666 1.0
3.79064512253 -1.0
3.79066419601 1.0
3.7911272049 -1.0
3.79114508629 1.0
3.79120802879 1.0
3.81021904945 -1.0
3.84851908684 -1.0
3.84853506088 1.0
3.86487317085 -1.0
3.86492609978 1.0
3.86804699898 -1.0
3.86913704872 -1.0
3.86914420128 1.0
3.87733316422 -1.0
3.87736105919 1.0
3.88861012459 -1.0
3.88872599602 1.0
3.93882107735 -1.0
3.94030213356 -1.0
3.94032716751 1.0
3.94077420235 -1.0
3.94079518318 1.0
3.94893717766 -1.0
3.94894719124 1.0
3.96021819115 -1.0
3.99690818787 1.0
4.01646113396 -1.0
4.0165309906 1.0
4.02094316483 -1.0
4.0209851265 1.0
4.02552103996 -1.0
4.02552819252 1.0
4.03606414795 -1.0
4.0361571312 1.0
4.09400010109 -1.0
4.09406399727 1.0
4.09463500977 -1.0
4.09466004372 1.0
4.09499311447 -1.0
4.09501314163 1.0
4.09510207176 1.0
4.10523819923 -1.0
4.10524606705 1.0
4.11360216141 -1.0
4.15290117264 1.0
4.15351510048 -1.0
4.17344903946 -1.0
4.17350721359 1.0
4.17599511147 -1.0
4.17602109909 1.0
4.17635607719 -1.0
4.17636299133 1.0
4.17646503448 1.0
4.18124198914 -1.0
4.19297909737 -1.0
4.19298815727 1.0
4.21249008179 -1.0
4.24890899658 1.0
4.26051807404 -1.0
4.26057815552 1.0
4.26266121864 -1.0
4.26268720627 1.0
4.2650411129 -1.0
4.26512598991 1.0
4.26519608498 -1.0
4.26521015167 1.0
4.26850318909 -1.0
4.30489611626 1.0
4.32459402084 -1.0
4.3246691227 1.0
4.32783699036 -1.0
4.32786607742 1.0
4.32825517654 -1.0
4.32966303825 -1.0
4.32968521118 1.0
4.33101415634 -1.0
4.33102107048 1.0
4.33940601349 -1.0
4.33944511414 1.0
4.34424519539 -1.0
4.34432411194 1.0
4.4034371376 -1.0
4.40351104736 1.0
4.40405106544 -1.0
4.4040760994 1.0
4.40429711342 -1.0
4.40431308746 1.0
4.40439915657 1.0
4.41438698769 -1.0
4.41441822052 1.0
4.42292499542 -1.0
4.46060109138 -1.0
4.46086907387 1.0
4.48019909859 -1.0
4.48024201393 1.0
4.48038005829 1.0
4.48098015785 -1.0
4.48098802567 1.0
4.48106813431 -1.0
4.4877371788 -1.0
4.48774409294 1.0
4.5072081089 -1.0
4.54489612579 1.0
4.55784010887 -1.0
4.55789017677 1.0
4.55805301666 1.0
4.55856108665 -1.0
4.56156611443 -1.0
4.56158804893 1.0
4.56499004364 -1.0
4.56772112846 -1.0
4.56773114204 1.0
4.58742713928 -1.0
4.58744812012 1.0
4.63755822182 -1.0
4.63808917999 -1.0
4.63811302185 1.0
4.65748119354 -1.0
4.69689416885 1.0
4.71671414375 -1.0
4.71678113937 1.0
4.87487411499 -1.0
4.87496614456 1.0
4.88289117813 -1.0
4.89519119263 -1.0
4.89522314072 1.0
4.90397500992 1.0
4.90434408188 1.0
4.924077034 -1.0
4.92408919334 1.0
4.98082208633 -1.0
5.164686203 -1.0
5.16548919678 -1.0
5.16551399231 1.0
5.16624903679 -1.0
5.16625809669 1.0
5.17173504829 -1.0
5.17176413536 1.0
5.18535900116 -1.0
5.18538117409 1.0
5.24170708656 -1.0
5.2423491478 -1.0
5.2423582077 1.0
5.24704909325 -1.0
5.2470831871 1.0
5.24717903137 1.0
5.25691199303 -1.0
5.25692200661 1.0
5.26201510429 -1.0
5.26712107658 -1.0
5.26712918282 1.0
5.28676819801 -1.0
5.29255104065 -1.0
5.29257917404 1.0
5.31199407578 -1.0
5.34889411926 1.0
5.90450000763 1.0
5.90476202965 1.0
5.92430710793 -1.0
5.92431807518 1.0
5.98100113869 -1.0
9.90582108498 1.0
9.90605020523 1.0
9.92536211014 -1.0
9.9253821373 1.0
9.92562818527 -1.0
9.94515514374 -1.0
15.3536281586 -1.0
15.3536481857 1.0
15.377767086 -1.0
15.3777761459 1.0
15.3974301815 -1.0
15.3974380493 1.0
15.4373171329 -1.0
15.4373240471 1.0
28.5224421024 1.0
28.5424230099 -1.0
34.4037871361 -1.0
34.4038162231 1.0
34.6376800537 -1.0
34.6377031803 1.0
34.8746671677 -1.0
34.8746881485 1.0
