0.0 -1.0
2.19345092773e-05 1.0
0.0317449569702 -1.0
0.0322530269623 1.0
0.0852890014648 -1.0
0.0864069461823 1.0
0.118613958359 -1.0
0.118633031845 1.0
0.13175201416 -1.0
0.138177871704 -1.0
0.138222932816 1.0
0.157797813416 -1.0
0.194980859756 1.0
0.214758872986 -1.0
0.228096008301 1.0
0.248121023178 -1.0
0.248446941376 1.0
0.274716854095 -1.0
0.283094882965 1.0
0.303313970566 -1.0
0.342998981476 1.0
0.36269402504 -1.0
0.363618850708 1.0
0.420001983643 -1.0
0.44020485878 -1.0
0.440560817719 1.0
0.460084915161 -1.0
0.499014854431 1.0
0.515996932983 -1.0
0.518901824951 -1.0
0.51893901825 1.0
0.5386698246 -1.0
0.538734912872 1.0
0.541443824768 1.0
0.600020885468 -1.0
0.600044965744 1.0
0.620721817017 -1.0
0.65900182724 1.0
0.67862701416 -1.0
0.692255020142 -1.0
0.692307949066 1.0
0.711024999619 -1.0
0.71174788475 -1.0
0.711753845215 1.0
1.06063485146 -1.0
1.06066298485 1.0
1.09521484375 -1.0
1.09523582458 1.0
1.0998878479 1.0
1.1560549736 -1.0
1.83961486816 -1.0
1.87899494171 1.0
1.90977287292 -1.0
1.90979790688 1.0
1.91073298454 1.0
1.93026399612 -1.0
1.93028688431 1.0
1.94134402275 -1.0
1.97899985313 1.0
1.98819303513 -1.0
1.98821282387 1.0
2.00776600838 -1.0
2.78972792625 -1.0
2.78975200653 1.0
2.86297702789 -1.0
2.86299991608 1.0
2.89426088333 -1.0
2.89428281784 1.0
2.9260058403 -1.0
2.9260289669 1.0
2.94557285309 -1.0
2.94559502602 1.0
2.94882583618 -1.0
2.94883489609 1.0
2.96489787102 -1.0
2.9649169445 1.0
2.96502995491 -1.0
2.96503782272 1.0
2.98459100723 -1.0
2.98460698128 1.0
2.99007201195 -1.0
2.9900829792 1.0
3.00495386124 -1.0
3.00496983528 1.0
3.005245924 1.0
3.00570082664 1.0
3.02270293236 -1.0
3.02276182175 1.0
3.02459788322 -1.0
3.02476382256 -1.0
3.02477097511 1.0
3.02543497086 -1.0
3.04293394089 -1.0
3.04301381111 1.0
3.04433894157 -1.0
3.07442784309 -1.0
3.07445597649 1.0
3.07490682602 -1.0
3.07492995262 1.0
3.092015028 -1.0
3.09203100204 1.0
3.09405899048 -1.0
3.10208892822 -1.0
3.10209798813 1.0
3.10807681084 -1.0
3.10811281204 1.0
3.10831594467 -1.0
3.10890984535 -1.0
3.10891699791 1.0
3.11111092567 -1.0
3.11120581627 1.0
3.11161994934 -1.0
3.11164093018 1.0
3.12175989151 -1.0
3.12180304527 1.0
3.13116288185 -1.0
3.13117599487 1.0
3.13423895836 -1.0
3.13459086418 -1.0
3.13459801674 1.0
3.14127993584 -1.0
3.14395904541 -1.0
3.14396595955 1.0
3.16347503662 -1.0
3.17121195793 -1.0
3.17122793198 1.0
3.17328596115 -1.0
3.17384386063 -1.0
3.17385101318 1.0
3.17621803284 -1.0
3.17632603645 1.0
3.17776584625 -1.0
3.1786339283 -1.0
3.17865395546 1.0
3.17958903313 -1.0
3.17959594727 1.0
3.18090701103 -1.0
3.19105696678 -1.0
3.19110894203 1.0
3.19361782074 -1.0
3.19362688065 1.0
3.19363188744 -1.0
3.19363689423 1.0
3.19388484955 -1.0
3.19389081001 1.0
3.19539093971 -1.0
3.19539690018 1.0
3.19592285156 -1.0
3.19593095779 1.0
3.19842886925 -1.0
3.1984360218 1.0
3.21097302437 -1.0
3.21098899841 1.0
3.21114492416 1.0
3.21137499809 -1.0
3.21139192581 1.0
3.21333599091 -1.0
3.2158370018 -1.0
3.21584296227 1.0
3.22921991348 -1.0
3.22923803329 1.0
3.22938394547 -1.0
3.22939991951 1.0
3.23494195938 -1.0
3.23495292664 1.0
3.23527693748 -1.0
3.23786687851 -1.0
3.23787403107 1.0
3.24041104317 -1.0
3.24110889435 -1.0
3.24112892151 1.0
3.24251794815 -1.0
3.24325585365 -1.0
3.24326395988 1.0
3.24930691719 -1.0
3.24933195114 1.0
3.25489282608 -1.0
3.25490498543 1.0
3.25742697716 -1.0
3.26025390625 -1.0
3.26027703285 1.0
3.26054692268 -1.0
3.26114296913 -1.0
3.2611489296 1.0
3.26352190971 -1.0
3.26382493973 -1.0
3.26383090019 1.0
3.2640209198 -1.0
3.26408982277 1.0
3.27975201607 -1.0
3.27977204323 1.0
3.29940390587 -1.0
3.29941892624 1.0
3.36027002335 -1.0
3.36568689346 -1.0
3.40300393105 1.0
3.47382092476 -1.0
3.5110039711 1.0
3.54870891571 -1.0
3.58700799942 1.0
3.62305498123 -1.0
3.66301298141 1.0
3.74139881134 -1.0
3.77900481224 1.0
3.81796884537 -1.0
3.81852984428 -1.0
3.81855297089 1.0
3.83691096306 -1.0
3.83759689331 -1.0
3.83760499954 1.0
3.83800888062 -1.0
3.83804297447 1.0
3.84752583504 -1.0
3.8476498127 -1.0
3.84766292572 1.0
3.85785984993 -1.0
3.85791492462 1.0
3.88074183464 -1.0
3.88081097603 1.0
3.91296195984 -1.0
3.95098280907 1.0
4.11549401283 -1.0
4.15500593185 1.0
4.18907284737 -1.0
4.19012999535 -1.0
4.19015598297 1.0
4.20956397057 -1.0
4.20963191986 1.0
4.36169886589 -1.0
4.361784935 1.0
4.38134002686 -1.0
4.38417291641 -1.0
4.38421082497 1.0
4.39017891884 -1.0
4.390198946 1.0
4.39415192604 -1.0
4.3941628933 1.0
4.3977189064 -1.0
4.39790797234 -1.0
4.3979139328 1.0
4.40539383888 -1.0
4.40543699265 1.0
4.41230392456 -1.0
4.42059087753 -1.0
4.42063784599 1.0
4.42563581467 -1.0
4.4256708622 1.0
4.42722582817 -1.0
4.42724895477 1.0
4.42731404305 1.0
4.44533896446 -1.0
4.44684290886 -1.0
4.45746397972 -1.0
4.45753192902 1.0
4.47542095184 -1.0
4.47697496414 -1.0
4.47698187828 1.0
4.51272082329 -1.0
4.55098390579 1.0
4.57132387161 -1.0
4.61098694801 1.0
5.34413790703 1.0
5.34439182281 1.0
5.34457182884 1.0
5.34471487999 1.0
5.363904953 -1.0
5.36391496658 1.0
5.36430883408 -1.0
5.42082691193 -1.0
9.34479284286 1.0
9.3450050354 1.0
9.3643758297 -1.0
9.36439585686 1.0
9.36475300789 -1.0
9.38401794434 -1.0
15.9502689838 -1.0
15.9503009319 1.0
15.9699029922 -1.0
15.9699089527 1.0
33.7406308651 -1.0
33.7406580448 1.0
33.8104498386 -1.0
33.8104729652 1.0
34.1401548386 -1.0
34.1401748657 1.0
