0.0 -1.0
9.05990600586e-06 1.0
0.0108659267426 -1.0
0.0475730895996 1.0
0.0566670894623 -1.0
0.0566730499268 1.0
0.0610198974609 -1.0
0.0673658847809 -1.0
0.0673890113831 1.0
0.0761051177979 -1.0
0.0995221138 -1.0
0.0995490550995 1.0
0.100444078445 1.0
0.119425058365 -1.0
0.155571937561 1.0
0.157098054886 -1.0
0.17518901825 -1.0
0.175221920013 1.0
0.242571115494 -1.0
0.24338388443 1.0
0.270581007004 -1.0
0.270592927933 1.0
0.328602075577 -1.0
0.328618049622 1.0
0.348066091537 -1.0
0.376713991165 -1.0
0.415590047836 1.0
0.435127973557 -1.0
0.471577882767 1.0
0.493674993515 1.0
0.526520013809 -1.0
0.563586950302 1.0
0.58305811882 -1.0
0.583348989487 1.0
0.609517097473 -1.0
0.647614955902 1.0
0.66739988327 -1.0
0.667762041092 1.0
0.724589109421 -1.0
0.773555994034 -1.0
0.773619890213 1.0
0.793272018433 -1.0
0.796045064926 1.0
0.852725028992 -1.0
0.852745056152 1.0
0.894100904465 -1.0
0.894166946411 1.0
0.977205038071 -1.0
0.979635953903 1.0
1.03702497482 -1.0
1.07960796356 -1.0
1.11688303947 -1.0
1.11690211296 1.0
1.13685202599 -1.0
1.17560195923 1.0
1.18145895004 -1.0
1.18234395981 1.0
1.19595098495 -1.0
1.23559403419 1.0
1.24063491821 -1.0
1.3260409832 -1.0
1.32611608505 1.0
1.97739195824 -1.0
1.97741293907 1.0
2.01685905457 -1.0
2.01686906815 1.0
2.01769900322 1.0
2.03740000725 -1.0
2.03740906715 1.0
2.04856610298 -1.0
2.0875890255 1.0
2.09690999985 -1.0
2.09692001343 1.0
2.11646199226 -1.0
2.24102091789 -1.0
2.24103808403 1.0
2.31334590912 -1.0
2.31336307526 1.0
2.31681108475 -1.0
2.31681895256 1.0
2.3329539299 -1.0
2.33296108246 1.0
2.34778094292 -1.0
2.34778904915 1.0
2.34810805321 -1.0
2.34811401367 1.0
2.35254001617 -1.0
2.35254907608 1.0
2.35273194313 1.0
2.35321307182 1.0
2.37231111526 -1.0
2.37232494354 1.0
2.37279891968 -1.0
2.3820040226 -1.0
2.41148090363 -1.0
2.41152596474 1.0
2.41156101227 -1.0
2.41727304459 -1.0
2.41727995872 1.0
2.4175260067 -1.0
2.41760897636 -1.0
2.41761398315 1.0
2.4180688858 -1.0
2.41915893555 -1.0
2.41916394234 1.0
2.41927409172 -1.0
2.43160295486 -1.0
2.4316110611 1.0
2.45282888412 -1.0
2.45306897163 -1.0
2.45307588577 1.0
2.45321393013 -1.0
2.45660495758 -1.0
2.45661091805 1.0
2.45670199394 1.0
2.45741009712 -1.0
2.45756196976 -1.0
2.45756793022 1.0
2.45960998535 -1.0
2.46080803871 -1.0
2.46081590652 1.0
2.46093606949 -1.0
2.46662402153 -1.0
2.46662902832 1.0
2.4667570591 -1.0
2.47252988815 -1.0
2.47253608704 1.0
2.47256803513 -1.0
2.48400998116 -1.0
2.48401808739 1.0
2.48402500153 -1.0
2.48413205147 -1.0
2.48413705826 1.0
2.4842479229 -1.0
2.48426699638 -1.0
2.48428297043 1.0
2.48504710197 -1.0
2.48506999016 1.0
2.4892270565 -1.0
2.489839077 -1.0
2.48984599113 1.0
2.49002790451 -1.0
2.49222493172 -1.0
2.49223208427 1.0
2.50394511223 -1.0
2.50400400162 1.0
2.50946092606 -1.0
2.510461092 -1.0
2.51048398018 1.0
2.51078891754 -1.0
2.5219540596 -1.0
2.52197599411 1.0
2.52356100082 -1.0
2.52690291405 -1.0
2.52692198753 1.0
2.52744197845 -1.0
2.53493189812 -1.0
2.534938097 1.0
2.53528809547 -1.0
2.54141306877 -1.0
2.54141902924 1.0
2.54193902016 -1.0
2.54641795158 -1.0
2.54642510414 1.0
2.54648995399 1.0
2.55399703979 -1.0
2.55402088165 1.0
2.56551504135 -1.0
2.5655400753 1.0
2.56583809853 -1.0
2.58485198021 -1.0
2.58486199379 1.0
2.58572793007 -1.0
2.58574795723 1.0
2.58582806587 1.0
2.59935808182 -1.0
2.59936594963 1.0
2.60442399979 -1.0
2.61388707161 -1.0
2.61390399933 1.0
2.63348698616 -1.0
2.64112901688 -1.0
2.64114999771 1.0
2.64290904999 -1.0
2.64293289185 1.0
2.64601993561 -1.0
2.64602589607 1.0
2.64680409431 -1.0
2.64734601974 -1.0
2.64735102654 1.0
2.64840602875 -1.0
2.64876389503 -1.0
2.64877009392 1.0
2.64884209633 1.0
2.64976406097 -1.0
2.64977788925 1.0
2.65131497383 -1.0
2.6513299942 1.0
2.65238809586 -1.0
2.66112995148 -1.0
2.66115689278 1.0
2.66277909279 -1.0
2.6627869606 1.0
2.66589593887 -1.0
2.6659040451 1.0
2.66709804535 -1.0
2.66710400581 1.0
2.66747808456 -1.0
2.66849398613 -1.0
2.66850090027 1.0
2.66955494881 -1.0
2.66956305504 1.0
2.67203998566 -1.0
2.67206501961 1.0
2.6774430275 -1.0
2.67745304108 1.0
2.68061590195 -1.0
2.68106889725 -1.0
2.68107700348 1.0
2.68653702736 -1.0
2.72359395027 1.0
2.7287209034 -1.0
2.72873091698 1.0
2.74324989319 -1.0
2.74329209328 1.0
2.76318311691 -1.0
2.79959511757 1.0
2.81922888756 -1.0
2.85559391975 1.0
2.87517094612 -1.0
2.91161298752 1.0
2.93138790131 -1.0
2.96760296822 1.0
2.98703193665 -1.0
3.02358293533 1.0
3.04325699806 -1.0
3.07959294319 1.0
3.0992000103 -1.0
3.13561201096 1.0
3.14533400536 -1.0
3.1457400322 -1.0
3.14576005936 1.0
3.14715909958 -1.0
3.14867591858 -1.0
3.14869594574 1.0
3.14956593513 -1.0
3.15008592606 -1.0
3.15009188652 1.0
3.15503811836 -1.0
3.15505290031 1.0
3.16553592682 -1.0
3.16556191444 1.0
3.16637611389 -1.0
3.17446303368 -1.0
3.17446994781 1.0
3.17583990097 -1.0
3.17586898804 1.0
3.1762650013 -1.0
3.17682290077 -1.0
3.176831007 1.0
3.17690396309 1.0
3.17702007294 -1.0
3.17732310295 -1.0
3.17734193802 1.0
3.19385695457 -1.0
3.23159694672 1.0
3.23271489143 -1.0
3.23272395134 1.0
3.24927806854 -1.0
3.25114703178 -1.0
3.25117206573 1.0
3.25242996216 -1.0
3.27499389648 -1.0
3.27503800392 1.0
3.9390540123 -1.0
3.93907690048 1.0
3.96863508224 -1.0
3.96864891052 1.0
3.9727230072 -1.0
3.97272992134 1.0
3.98809099197 -1.0
3.98809790611 1.0
5.37562799454 1.0
5.37585806847 1.0
5.39593410492 -1.0
5.39594507217 1.0
5.45309495926 -1.0
6.37628793716 1.0
6.39625000954 -1.0
6.39625906944 1.0
6.41581606865 -1.0
8.37737798691 1.0
8.37761211395 1.0
8.39710903168 -1.0
8.39711809158 1.0
8.39712309837 -1.0
8.41717505455 -1.0
15.438076973 -1.0
15.4381110668 1.0
15.4889760017 -1.0
15.4889860153 1.0
15.5387461185 -1.0
15.5387599468 1.0
32.6473760605 -1.0
32.6474010944 1.0
32.8302628994 -1.0
32.830288887 1.0
33.1460831165 -1.0
33.1461129189 1.0
