0.0 1.0
0.0195271968842 -1.0
0.215879201889 -1.0
0.215910196304 1.0
0.216260194778 1.0
0.236535072327 -1.0
0.943966150284 -1.0
0.980466127396 1.0
1.01861405373 -1.0
1.01863622665 1.0
1.01945209503 1.0
1.0390059948 -1.0
1.92765712738 -1.0
1.96451115608 1.0
2.02069807053 -1.0
2.02072310448 1.0
2.02161002159 1.0
2.02682518959 1.0
2.04019904137 -1.0
2.04111003876 -1.0
2.04111909866 1.0
2.04660916328 -1.0
2.06053519249 -1.0
2.27173805237 1.0
2.27685308456 1.0
2.29140615463 -1.0
2.29141616821 1.0
2.29658508301 -1.0
2.30241513252 -1.0
2.34051704407 1.0
2.34827423096 -1.0
2.34828901291 1.0
2.36007499695 -1.0
2.3600871563 1.0
2.36779308319 -1.0
2.36780118942 1.0
2.37936401367 -1.0
2.37962818146 -1.0
2.37965321541 1.0
2.40660905838 -1.0
2.40751600266 -1.0
2.40752410889 1.0
2.42713403702 -1.0
2.46451616287 1.0
2.48401212692 -1.0
2.48403406143 1.0
2.48403906822 -1.0
2.48404312134 1.0
2.50366020203 -1.0
2.50366902351 1.0
2.503895998 1.0
2.51749300957 1.0
2.53093409538 -1.0
2.53094911575 1.0
2.55086612701 -1.0
2.55087804794 1.0
2.56345510483 -1.0
2.60052514076 1.0
2.60855317116 -1.0
2.69212818146 -1.0
2.69214820862 1.0
2.7646920681 -1.0
2.76751708984 1.0
2.76754617691 -1.0
2.76796317101 -1.0
2.76799607277 1.0
2.77131700516 -1.0
2.77132511139 1.0
2.78714418411 -1.0
2.80146718025 -1.0
2.80148220062 1.0
2.80184316635 -1.0
2.80249214172 -1.0
2.80250120163 1.0
2.80279111862 -1.0
2.80400919914 -1.0
2.80401515961 1.0
2.80449700356 -1.0
2.80452919006 1.0
2.82123112679 -1.0
2.83352613449 -1.0
2.8335351944 1.0
2.83506417274 -1.0
2.8350880146 1.0
2.83677411079 -1.0
2.83678102493 1.0
2.83690404892 1.0
2.84003210068 -1.0
2.84159016609 -1.0
2.84159612656 1.0
2.85324001312 -1.0
2.85326600075 1.0
2.85475802422 -1.0
2.85476517677 1.0
2.86337208748 -1.0
2.86338210106 1.0
2.86369514465 -1.0
2.86370205879 1.0
2.86779522896 -1.0
2.87302803993 -1.0
2.87304711342 1.0
2.8743262291 -1.0
2.87433314323 1.0
2.87767100334 -1.0
2.8776781559 1.0
2.8835542202 -1.0
2.88356113434 1.0
2.89382910728 -1.0
2.8990650177 -1.0
2.89908719063 1.0
2.90380501747 -1.0
2.90381503105 1.0
2.90642309189 -1.0
2.90787005424 -1.0
2.9078772068 1.0
2.91181206703 -1.0
2.91183710098 1.0
2.91192412376 1.0
2.913159132 -1.0
2.91688799858 -1.0
2.91689515114 1.0
2.91866922379 -1.0
2.92475008965 -1.0
2.92475700378 1.0
2.92544817924 -1.0
2.92667222023 -1.0
2.92667913437 1.0
2.927516222 -1.0
2.92753720284 1.0
2.93224215508 -1.0
2.93225216866 1.0
2.93363809586 -1.0
2.93366503716 1.0
2.93406200409 -1.0
2.93406820297 1.0
2.93437409401 -1.0
2.9343931675 1.0
2.93967700005 -1.0
2.93995404243 -1.0
2.9399600029 1.0
2.94034218788 -1.0
2.94406914711 -1.0
2.94407701492 1.0
2.94463300705 -1.0
2.94466900826 1.0
2.94928002357 -1.0
2.94928717613 1.0
2.95310020447 -1.0
2.95310711861 1.0
2.95543813705 -1.0
2.95545911789 1.0
2.95868802071 -1.0
2.95905900002 -1.0
2.9590651989 1.0
2.96346211433 -1.0
2.96404099464 -1.0
2.96404719353 1.0
2.96429300308 -1.0
2.96739006042 -1.0
2.96739912033 1.0
2.9678041935 -1.0
2.97225618362 -1.0
2.97226405144 1.0
2.97288322449 -1.0
2.97290110588 1.0
2.97307920456 -1.0
2.9734621048 -1.0
2.97346806526 1.0
2.97477412224 -1.0
2.97479605675 1.0
2.97638511658 -1.0
2.97639417648 1.0
2.97904014587 -1.0
2.98044109344 -1.0
2.98045015335 1.0
2.98296117783 -1.0
2.98680114746 -1.0
2.98681020737 1.0
2.99140810966 -1.0
2.99143218994 1.0
2.99387001991 -1.0
2.99389410019 1.0
2.99625205994 -1.0
2.99626207352 1.0
3.00624704361 -1.0
3.00634503365 1.0
3.026720047 -1.0
3.06166911125 -1.0
3.0616850853 1.0
3.08128619194 -1.0
3.12051510811 1.0
3.14011311531 -1.0
3.14018917084 1.0
3.32112622261 -1.0
3.36051702499 1.0
3.38034105301 -1.0
3.41650819778 1.0
3.4689412117 -1.0
3.50849509239 1.0
3.72890806198 -1.0
3.72892808914 1.0
3.76380300522 -1.0
3.76381516457 1.0
3.79905509949 -1.0
3.79906415939 1.0
3.83144402504 -1.0
3.83145999908 1.0
3.8689391613 -1.0
3.86894822121 1.0
8.21639299393 1.0
8.21669912338 1.0
8.23648810387 -1.0
8.23650217056 1.0
8.29270005226 -1.0
8.43365621567 1.0
8.43370914459 1.0
8.45336413383 -1.0
8.45338320732 1.0
8.45338821411 -1.0
8.45339012146 -1.0
8.47288107872 -1.0
8.47358703613 -1.0
8.47359609604 1.0
8.47403502464 1.0
8.50694918633 -1.0
8.50743508339 1.0
8.56475615501 -1.0
8.58890104294 -1.0
8.58925700188 1.0
8.60880422592 -1.0
8.6485311985 1.0
8.69096922874 -1.0
8.69098711014 1.0
8.6938431263 1.0
8.73392605782 -1.0
8.73393821716 1.0
8.75350809097 -1.0
8.75351715088 1.0
8.79088521004 -1.0
8.79089403152 1.0
8.84881901741 -1.0
8.92035913467 -1.0
8.92073202133 1.0
8.94024419785 -1.0
8.98946118355 -1.0
8.98952817917 1.0
8.99258899689 1.0
9.02510309219 -1.0
9.02512717247 1.0
9.06059217453 -1.0
9.06060600281 1.0
9.09707117081 -1.0
9.09708118439 1.0
9.15283918381 -1.0
9.15286302567 1.0
9.1980240345 -1.0
9.23650622368 1.0
9.25621819496 -1.0
9.25632405281 1.0
9.27607011795 -1.0
9.27613902092 1.0
9.29816222191 -1.0
9.29819011688 1.0
9.29905319214 1.0
9.32518005371 -1.0
9.32520008087 1.0
9.36702418327 -1.0
9.40451812744 1.0
9.42416501045 -1.0
9.42422699928 1.0
9.43092823029 1.0
9.4898250103 -1.0
9.48984217644 1.0
9.49384307861 -1.0
9.53250622749 1.0
9.54906320572 -1.0
9.55205821991 -1.0
9.55293321609 1.0
9.59768414497 -1.0
9.59807515144 1.0
9.65682411194 -1.0
9.65684509277 1.0
9.71304416656 -1.0
9.74986815453 -1.0
9.75023007393 1.0
9.79978704453 -1.0
9.80025100708 1.0
9.85163712502 -1.0
9.8517100811 1.0
9.90266513824 -1.0
9.90606808662 1.0
9.96486401558 -1.0
9.96488022804 1.0
9.99810600281 -1.0
10.0365240574 1.0
10.0596702099 -1.0
10.0597310066 1.0
10.0791790485 -1.0
10.0792222023 1.0
10.1221971512 -1.0
10.1222450733 1.0
14.590075016 1.0
14.5903220177 1.0
14.6103692055 -1.0
14.6103889942 1.0
14.6696882248 -1.0
15.590441227 1.0
15.6100502014 -1.0
15.6100611687 1.0
15.6294651031 -1.0
15.7702522278 -1.0
15.7702770233 1.0
21.4300160408 1.0
21.4495210648 -1.0
21.565529108 -1.0
21.565557003 1.0
21.56569314 1.0
21.5851740837 -1.0
24.2835631371 -1.0
24.3205111027 1.0
25.2163681984 -1.0
25.216394186 1.0
32.7933940887 -1.0
32.7934141159 1.0
32.8743171692 -1.0
32.8743400574 1.0
32.9119930267 -1.0
32.912003994 1.0
