0.0 -1.0
0.230626106262 1.0
0.250513076782 -1.0
0.406222105026 -1.0
0.406531095505 1.0
0.42614197731 -1.0
0.538944005966 -1.0
0.53898692131 1.0
0.541707038879 1.0
0.56129193306 -1.0
0.561300039291 1.0
0.568450927734 -1.0
0.60755109787 1.0
0.616313934326 -1.0
0.616326093674 1.0
0.627381086349 -1.0
0.663552045822 1.0
0.675290107727 -1.0
0.675307035446 1.0
0.6951649189 -1.0
0.772732019424 -1.0
0.772742033005 1.0
0.772964954376 1.0
0.792527914047 -1.0
0.792535066605 1.0
0.811057090759 -1.0
0.811084032059 1.0
0.819321870804 1.0
0.839179992676 -1.0
0.83919095993 1.0
0.847862005234 -1.0
0.88171505928 1.0
0.89523100853 -1.0
0.895240068436 1.0
0.914697885513 -1.0
0.918185949326 -1.0
0.955569028854 1.0
0.975054979324 -1.0
0.975240945816 1.0
1.0047929287 -1.0
1.02410101891 1.0
1.05334496498 -1.0
1.05463910103 1.0
1.10125088692 -1.0
1.10125994682 1.0
1.14956188202 -1.0
1.18756699562 1.0
1.19777798653 -1.0
1.20736193657 -1.0
1.20738506317 1.0
1.20829510689 1.0
1.22703289986 -1.0
1.26355290413 1.0
1.26714110374 -1.0
1.28344893456 -1.0
1.28431105614 1.0
1.30514788628 -1.0
1.34358596802 1.0
1.36435198784 -1.0
1.36438989639 1.0
1.39900302887 -1.0
1.39903593063 1.0
1.42070794106 -1.0
1.4595720768 1.0
1.48021507263 -1.0
1.51956987381 1.0
1.53918004036 -1.0
1.57558488846 1.0
1.59607100487 -1.0
1.59678602219 1.0
1.65564393997 -1.0
1.84683609009 1.0
1.86721301079 -1.0
2.12201094627 -1.0
2.15959000587 1.0
2.17921710014 -1.0
2.17924690247 1.0
2.18011689186 1.0
2.19875597954 -1.0
2.19906806946 1.0
2.19964694977 -1.0
2.199655056 1.0
2.21973490715 -1.0
2.21974301338 -1.0
2.42213106155 -1.0
2.42247891426 1.0
2.44233894348 -1.0
2.44234800339 1.0
2.46186494827 -1.0
2.46189403534 1.0
2.49076700211 -1.0
2.49326491356 1.0
2.55133509636 -1.0
2.55134701729 1.0
2.57199001312 -1.0
2.63301110268 -1.0
2.63307189941 1.0
2.65755009651 -1.0
2.66037893295 1.0
2.68030500412 -1.0
2.6803150177 1.0
2.70550298691 -1.0
2.74357700348 1.0
2.75541591644 -1.0
2.75542807579 1.0
2.76345396042 -1.0
2.76346206665 1.0
2.78302097321 -1.0
2.78302788734 -1.0
2.78306102753 1.0
2.80290699005 -1.0
2.80293703079 1.0
2.80312299728 1.0
2.85932993889 -1.0
2.93484902382 -1.0
2.9715719223 1.0
2.99157810211 -1.0
3.03159093857 1.0
3.11625099182 -1.0
3.15556693077 1.0
3.19328403473 -1.0
3.23158407211 1.0
3.33940792084 -1.0
3.34159588814 -1.0
3.3416249752 1.0
3.36167907715 -1.0
3.36170887947 1.0
3.40247607231 -1.0
3.40250301361 1.0
3.40599608421 -1.0
3.40602207184 1.0
3.412307024 -1.0
3.41233491898 1.0
3.41256999969 1.0
3.42048001289 1.0
3.42308187485 -1.0
3.43198490143 -1.0
3.43199491501 1.0
3.44049692154 -1.0
3.45170688629 -1.0
3.47717499733 -1.0
3.47842597961 -1.0
3.47844910622 1.0
3.49012589455 -1.0
3.4901509285 1.0
3.49810409546 -1.0
3.53557491302 1.0
3.55498695374 -1.0
3.55501699448 1.0
3.56818008423 -1.0
3.56820392609 1.0
3.57448601723 -1.0
3.57451200485 1.0
3.60308909416 -1.0
3.60311889648 1.0
3.60813808441 -1.0
3.60816597939 1.0
3.61293101311 -1.0
3.61295199394 1.0
3.62286806107 -1.0
3.62288999557 1.0
3.64240288734 -1.0
3.6424279213 1.0
3.64528393745 -1.0
3.64530491829 1.0
3.66217088699 -1.0
3.66219687462 1.0
3.66227698326 1.0
3.68776202202 -1.0
3.69128608704 -1.0
3.69131088257 1.0
3.7114379406 -1.0
3.71144604683 -1.0
3.7114739418 1.0
3.71157097816 1.0
3.71369409561 -1.0
3.71370196342 1.0
3.73092508316 -1.0
3.76731300354 -1.0
3.76755094528 1.0
3.77240991592 -1.0
3.77244210243 1.0
3.78699803352 -1.0
3.78702497482 1.0
3.78902196884 -1.0
3.78904604912 1.0
3.79305410385 -1.0
3.79308104515 1.0
3.80645990372 -1.0
3.80649209023 1.0
3.83226394653 -1.0
3.83229804039 1.0
3.83237099648 1.0
3.84412097931 -1.0
3.84417390823 1.0
3.85213804245 -1.0
3.87159705162 -1.0
3.87162399292 1.0
3.87971687317 -1.0
3.87975502014 1.0
3.89108109474 -1.0
3.92299199104 -1.0
3.92300105095 1.0
3.92321610451 -1.0
3.941437006 -1.0
3.9414639473 1.0
3.9424290657 -1.0
3.95193600655 -1.0
3.95194292068 1.0
3.97151303291 -1.0
4.01157188416 1.0
4.01990699768 -1.0
4.01993107796 1.0
4.02307105064 -1.0
4.02318096161 1.0
4.02483201027 -1.0
4.02485489845 1.0
4.02524709702 -1.0
4.02526807785 1.0
4.03119087219 -1.0
4.0622959137 -1.0
4.06230807304 1.0
4.0684530735 -1.0
4.06847810745 1.0
4.07637405396 -1.0
4.08178591728 -1.0
4.08179402351 1.0
4.0976998806 -1.0
4.0977230072 1.0
4.09841895103 -1.0
4.10151696205 -1.0
4.10152292252 1.0
4.10510492325 -1.0
4.10514092445 1.0
4.12110805511 -1.0
4.12120509148 1.0
4.14256691933 -1.0
4.15429997444 -1.0
4.15432095528 1.0
4.17102909088 -1.0
4.17139291763 -1.0
4.17140007019 1.0
4.17376899719 -1.0
4.17545890808 -1.0
4.17547297478 1.0
4.18109297752 -1.0
4.18111205101 1.0
4.19535803795 -1.0
4.23063206673 -1.0
4.23064088821 1.0
4.24918603897 -1.0
4.25020909309 -1.0
4.25021600723 1.0
4.25559687614 -1.0
4.25562000275 1.0
4.26120305061 -1.0
4.26120996475 1.0
4.26964688301 -1.0
4.26973009109 1.0
4.28657603264 -1.0
4.28659892082 1.0
4.28971195221 -1.0
4.28980708122 1.0
4.30940389633 -1.0
4.3109600544 -1.0
4.3109960556 1.0
4.33063292503 -1.0
4.34984493256 -1.0
4.34985303879 1.0
4.36933088303 -1.0
4.40757393837 1.0
4.42693591118 -1.0
4.42696595192 1.0
4.4956600666 -1.0
4.53555107117 1.0
4.56469297409 -1.0
4.60357904434 1.0
4.62963104248 -1.0
4.63294887543 -1.0
4.63297700882 1.0
4.63334798813 -1.0
4.63335490227 1.0
4.63403391838 -1.0
4.63657593727 -1.0
4.63659596443 1.0
4.63894701004 -1.0
4.63895606995 1.0
4.65244102478 -1.0
4.65246796608 1.0
4.6719789505 -1.0
4.67204499245 1.0
4.67211794853 1.0
4.7080180645 -1.0
4.70952510834 -1.0
4.7095489502 1.0
4.71260905266 -1.0
4.71263098717 1.0
4.71829104424 -1.0
4.71830010414 1.0
4.72968792915 -1.0
4.75059604645 -1.0
4.75060391426 1.0
4.77052807808 -1.0
4.80755209923 1.0
4.82748198509 -1.0
4.82752203941 1.0
5.15707302094 1.0
5.21545004845 -1.0
5.21547603607 1.0
5.2350230217 -1.0
6.15759396553 1.0
6.17699408531 -1.0
6.17700409889 1.0
6.19667696953 -1.0
7.15835499763 1.0
7.15861296654 1.0
7.17798709869 -1.0
7.17800402641 1.0
7.17841696739 -1.0
7.19778490067 -1.0
8.15849304199 1.0
8.1781680584 -1.0
8.17818188667 1.0
8.19755887985 -1.0
8.30943489075 -1.0
8.30945491791 1.0
16.2911100388 -1.0
16.2911329269 1.0
16.3338820934 -1.0
16.3339030743 1.0
16.3791160583 -1.0
16.379128933 1.0
33.5322630405 -1.0
33.5322799683 1.0
33.751789093 -1.0
33.7518119812 1.0
