0.0 -1.0
3.2901763916e-05 1.0
0.0194931030273 -1.0
0.019504070282 1.0
0.0788390636444 -1.0
0.0942449569702 -1.0
0.0949659347534 1.0
0.150964021683 -1.0
0.20534491539 -1.0
0.205621004105 1.0
0.262876987457 -1.0
0.262885093689 1.0
0.277757883072 -1.0
0.316483974457 1.0
0.318979024887 -1.0
0.345491886139 1.0
0.364546060562 -1.0
0.40286898613 -1.0
0.402883052826 1.0
0.422292947769 -1.0
0.422626018524 1.0
0.478955984116 -1.0
0.483875989914 -1.0
0.483917951584 1.0
0.509762048721 -1.0
0.509798049927 1.0
0.512434959412 1.0
0.529181003571 -1.0
0.529190063477 -1.0
0.529216051102 1.0
0.548799991608 -1.0
0.548816919327 1.0
0.586221933365 -1.0
0.586235046387 1.0
0.624594926834 -1.0
0.62463092804 1.0
0.644063949585 -1.0
0.649970054626 -1.0
0.649991989136 1.0
0.670420885086 -1.0
0.708483934402 1.0
0.727967023849 -1.0
0.728003978729 1.0
0.997898101807 -1.0
0.997916936874 1.0
1.03802204132 -1.0
1.0380320549 1.0
1.03890705109 1.0
1.09488296509 -1.0
1.81304502487 -1.0
1.85251092911 1.0
1.8891749382 -1.0
1.88919210434 1.0
1.89005804062 1.0
1.90874695778 -1.0
1.90950703621 -1.0
1.90951490402 1.0
1.92901802063 -1.0
1.92902803421 1.0
1.94857287407 -1.0
2.15758109093 -1.0
2.19650387764 1.0
2.21620607376 -1.0
2.21622395515 1.0
2.23654007912 -1.0
2.2365489006 1.0
2.25688409805 -1.0
2.25689601898 1.0
2.25741100311 -1.0
2.25741887093 1.0
2.27640891075 -1.0
2.27642893791 1.0
2.2891690731 -1.0
2.28917694092 1.0
2.29591703415 -1.0
2.29592299461 1.0
2.2961499691 1.0
2.29666590691 1.0
2.31565308571 -1.0
2.31566405296 -1.0
2.31567001343 1.0
2.31607890129 -1.0
2.31609892845 1.0
2.33514308929 -1.0
2.36532902718 -1.0
2.36533808708 1.0
2.3658618927 -1.0
2.36587095261 1.0
2.36612010002 -1.0
2.36612796783 1.0
2.36623001099 1.0
2.37429499626 -1.0
2.38503909111 -1.0
2.38506293297 1.0
2.4071290493 -1.0
2.40767097473 -1.0
2.40769410133 1.0
2.42149710655 -1.0
2.42152190208 1.0
2.42725396156 -1.0
2.42734599113 1.0
2.43404507637 -1.0
2.43406891823 1.0
2.4391169548 -1.0
2.43913698196 1.0
2.44692587852 -1.0
2.45450997353 -1.0
2.45451688766 1.0
2.45483493805 -1.0
2.45485591888 1.0
2.45889592171 -1.0
2.45891499519 1.0
2.46821904182 -1.0
2.46873807907 -1.0
2.46875691414 1.0
2.47336506844 -1.0
2.47364091873 -1.0
2.47364807129 1.0
2.47393393517 -1.0
2.48065590858 -1.0
2.48066306114 1.0
2.48073601723 1.0
2.48265695572 -1.0
2.48800301552 -1.0
2.48801088333 1.0
2.48885297775 -1.0
2.48887395859 1.0
2.49306988716 -1.0
2.49308896065 1.0
2.4957139492 -1.0
2.49571990967 1.0
2.49744296074 -1.0
2.4978749752 -1.0
2.49788093567 1.0
2.5004029274 -1.0
2.50114297867 -1.0
2.50115203857 1.0
2.50240802765 -1.0
2.5077059269 -1.0
2.50771093369 1.0
2.50847697258 -1.0
2.50849604607 1.0
2.5113530159 -1.0
2.51254892349 -1.0
2.51255393028 1.0
2.51413488388 -1.0
2.51415395737 1.0
2.52009391785 -1.0
2.52033805847 -1.0
2.52034401894 1.0
2.52079200745 -1.0
2.52079892159 1.0
2.52192687988 -1.0
2.52194309235 1.0
2.52429389954 -1.0
2.52429890633 1.0
2.5303850174 -1.0
2.5341489315 -1.0
2.53415703773 1.0
2.5344851017 -1.0
2.53450489044 1.0
2.5376470089 -1.0
2.53788208961 -1.0
2.53788900375 1.0
2.54052710533 -1.0
2.54053401947 1.0
2.54574203491 -1.0
2.54576206207 1.0
2.54703307152 1.0
2.54788398743 -1.0
2.54907202721 -1.0
2.54909992218 1.0
2.54935288429 -1.0
2.54997491837 -1.0
2.54998207092 1.0
2.55332708359 -1.0
2.55386304855 -1.0
2.55386996269 1.0
2.55427193642 -1.0
2.55428910255 1.0
2.56016898155 -1.0
2.56017589569 1.0
2.56043195724 -1.0
2.56044697762 1.0
2.5669939518 -1.0
2.56731700897 -1.0
2.56732487679 1.0
2.57981610298 -1.0
2.57982587814 1.0
2.58881306648 -1.0
2.59846806526 -1.0
2.59847688675 1.0
2.59887290001 -1.0
2.59946203232 -1.0
2.5994720459 1.0
2.63043999672 -1.0
2.63661408424 1.0
2.6561820507 -1.0
2.65638804436 1.0
2.67593693733 -1.0
2.71250295639 1.0
2.7354080677 -1.0
2.77250790596 1.0
2.79694104195 -1.0
2.83651399612 1.0
2.87147903442 -1.0
2.90851092339 1.0
2.93974900246 -1.0
2.97652101517 1.0
2.97853088379 -1.0
2.99604201317 -1.0
2.99606990814 1.0
3.01078796387 -1.0
3.01081800461 1.0
3.01576900482 -1.0
3.01578903198 1.0
3.01922607422 -1.0
3.01924991608 1.0
3.02260994911 -1.0
3.02263402939 1.0
3.02603197098 -1.0
3.02603888512 1.0
3.02699398994 -1.0
3.0279519558 -1.0
3.02795791626 1.0
3.03478002548 -1.0
3.03508901596 -1.0
3.03509497643 1.0
3.0352909565 -1.0
3.03530192375 1.0
3.0382130146 -1.0
3.04344010353 -1.0
3.04345703125 1.0
3.0472099781 -1.0
3.04728603363 1.0
3.04772591591 -1.0
3.04774308205 1.0
3.05479097366 -1.0
3.07453298569 -1.0
3.07456207275 1.0
3.09406304359 -1.0
3.0941529274 1.0
3.11366510391 -1.0
3.15250587463 1.0
3.17215490341 -1.0
3.17222809792 1.0
3.19173598289 -1.0
3.19176506996 1.0
3.88144207001 -1.0
3.88146400452 1.0
3.91384100914 -1.0
3.91385698318 1.0
3.95319604874 -1.0
3.95320892334 1.0
3.97891306877 -1.0
3.97892808914 1.0
3.9987449646 -1.0
3.99876308441 1.0
4.99828004837 1.0
4.99855494499 1.0
4.99884605408 1.0
5.01835298538 -1.0
5.01836299896 1.0
5.03791809082 -1.0
5.99826192856 1.0
6.05535292625 -1.0
6.05536603928 1.0
6.0749130249 -1.0
6.12629199028 -1.0
6.1263051033 1.0
7.99832606316 1.0
7.99857401848 1.0
8.01835203171 -1.0
8.01836490631 1.0
8.01854109764 -1.0
8.03806591034 -1.0
15.4747130871 -1.0
15.474750042 1.0
15.4966750145 -1.0
15.4966828823 1.0
15.5303919315 -1.0
15.5304009914 1.0
15.5641870499 -1.0
15.5641949177 1.0
32.7263860703 -1.0
32.7264070511 1.0
32.9325358868 -1.0
32.9325580597 1.0
32.998707056 -1.0
32.9987230301 1.0
