0.0 -1.0
1.09672546387e-05 1.0
0.0561928749084 -1.0
0.161494016647 -1.0
0.161828994751 1.0
0.219954967499 -1.0
0.219965934753 1.0
0.243960857391 -1.0
0.24418091774 1.0
0.247416973114 -1.0
0.247442960739 1.0
0.263811826706 -1.0
0.30153799057 1.0
0.321137905121 -1.0
0.32116985321 1.0
0.324538946152 1.0
0.384004831314 -1.0
0.384024858475 1.0
0.401214838028 -1.0
0.437552928925 1.0
0.440018892288 -1.0
0.440027952194 1.0
0.457984924316 -1.0
0.458026885986 1.0
0.477596998215 -1.0
0.477623939514 1.0
0.491734981537 -1.0
0.497330904007 -1.0
0.497362852097 1.0
0.532596826553 -1.0
0.532650947571 1.0
0.700486898422 -1.0
0.737530946732 1.0
1.12145781517 -1.0
1.1214799881 1.0
1.16057300568 -1.0
1.16058397293 1.0
1.1622979641 1.0
1.2200729847 -1.0
1.9560379982 -1.0
1.99752879143 1.0
2.01711583138 -1.0
2.01713085175 1.0
2.01802802086 1.0
2.03683996201 -1.0
2.037514925 -1.0
2.03752183914 1.0
2.05772781372 -1.0
2.05774593353 1.0
2.0777759552 -1.0
2.41019201279 -1.0
2.43135690689 -1.0
2.43138980865 1.0
2.44285488129 -1.0
2.44358801842 -1.0
2.44359493256 1.0
2.45116496086 -1.0
2.45251202583 -1.0
2.4525179863 1.0
2.45645880699 -1.0
2.45648193359 1.0
2.47194981575 -1.0
2.49623990059 -1.0
2.49624681473 1.0
2.49686980247 -1.0
2.49902892113 -1.0
2.49904084206 1.0
2.49931979179 -1.0
2.50821900368 -1.0
2.50824093819 1.0
2.51569080353 -1.0
2.51849794388 -1.0
2.51850581169 1.0
2.51934885979 -1.0
2.51936984062 1.0
2.5194478035 1.0
2.53763580322 -1.0
2.53764486313 1.0
2.53803300858 -1.0
2.5389418602 -1.0
2.53894901276 1.0
2.55023479462 -1.0
2.55049991608 -1.0
2.55051779747 1.0
2.55940794945 -1.0
2.55942893028 1.0
2.56067800522 -1.0
2.56748080254 -1.0
2.56748795509 1.0
2.57668995857 -1.0
2.57671380043 1.0
2.58614301682 -1.0
2.58625102043 1.0
2.58694291115 -1.0
2.59096693993 -1.0
2.59097981453 1.0
2.59721684456 -1.0
2.59976696968 -1.0
2.59978890419 1.0
2.61045694351 -1.0
2.6255338192 -1.0
2.62554001808 1.0
2.63343882561 -1.0
2.63410401344 -1.0
2.63411092758 1.0
2.64257287979 -1.0
2.64517688751 -1.0
2.64518380165 1.0
2.66125893593 -1.0
2.6612830162 1.0
2.66515684128 -1.0
2.66926288605 -1.0
2.66926980019 1.0
2.67183089256 -1.0
2.67184782028 1.0
2.67619180679 -1.0
2.67619991302 1.0
2.67629098892 1.0
2.67921590805 -1.0
2.68167495728 -1.0
2.68169498444 1.0
2.6855340004 -1.0
2.68554091454 1.0
2.68897294998 -1.0
2.68897986412 1.0
2.69418692589 -1.0
2.69422698021 1.0
2.69825291634 -1.0
2.69826102257 1.0
2.69850087166 -1.0
2.6985168457 1.0
2.69882202148 -1.0
2.70251488686 -1.0
2.70253396034 1.0
2.7046380043 -1.0
2.70465302467 1.0
2.70567989349 -1.0
2.70568680763 1.0
2.70613479614 -1.0
2.70862197876 -1.0
2.70862793922 1.0
2.71195292473 -1.0
2.71386599541 -1.0
2.71387195587 1.0
2.71766495705 -1.0
2.71768689156 1.0
2.72804188728 -1.0
2.72805190086 1.0
2.73105287552 -1.0
2.73107385635 1.0
2.74766087532 -1.0
2.74766898155 1.0
2.8045129776 -1.0
2.80452394485 1.0
2.83292984962 -1.0
2.86956691742 1.0
2.90184593201 -1.0
2.94153881073 1.0
2.97041583061 -1.0
3.00516581535 -1.0
3.00517392159 1.0
3.02478599548 -1.0
3.0248208046 1.0
3.03672480583 -1.0
3.04425096512 -1.0
3.04428386688 1.0
3.07152581215 -1.0
3.07155299187 1.0
3.09127998352 -1.0
3.09132289886 1.0
3.10759997368 -1.0
3.11070990562 -1.0
3.11073493958 1.0
3.110891819 1.0
3.14208579063 1.0
3.16151785851 -1.0
3.16153979301 1.0
3.22029995918 -1.0
3.37089800835 -1.0
3.40954089165 1.0
3.43267798424 -1.0
3.43269681931 1.0
3.46102190018 -1.0
3.46102881432 1.0
3.46103596687 -1.0
3.4610388279 1.0
3.47859883308 -1.0
3.47860598564 1.0
3.48056983948 -1.0
3.48057794571 1.0
3.50025081635 -1.0
3.50025987625 1.0
3.53004384041 -1.0
3.53005385399 1.0
3.53063988686 -1.0
3.53064799309 1.0
3.54959392548 -1.0
3.54960083961 1.0
3.57083201408 -1.0
3.5708398819 1.0
3.59393596649 -1.0
3.5939450264 1.0
4.19612789154 -1.0
4.19614696503 1.0
4.22862696648 -1.0
4.22864079475 1.0
4.22865390778 -1.0
4.22865891457 1.0
4.24833583832 -1.0
4.24834394455 1.0
4.26722979546 -1.0
4.26723790169 1.0
4.2683699131 -1.0
4.26837682724 1.0
4.27146196365 -1.0
4.27147388458 1.0
4.27219891548 -1.0
4.27220487595 1.0
4.27344679832 -1.0
4.27345585823 1.0
4.27378702164 -1.0
4.27379488945 1.0
4.27480602264 -1.0
4.27481579781 1.0
4.28694486618 -1.0
4.28695201874 1.0
4.2879049778 -1.0
4.28790998459 1.0
4.28800487518 1.0
4.29238080978 -1.0
4.29240584373 1.0
4.29385781288 -1.0
4.29388093948 1.0
4.30771899223 -1.0
4.30772590637 -1.0
4.34528183937 -1.0
4.34529185295 1.0
4.36509895325 -1.0
4.37008094788 -1.0
4.37008881569 1.0
4.37016487122 1.0
4.37762784958 -1.0
4.39016890526 -1.0
4.39017701149 1.0
4.39026284218 -1.0
5.13425779343 1.0
5.13454985619 1.0
5.15448999405 -1.0
5.1545009613 1.0
5.15515494347 -1.0
5.17403197289 -1.0
15.0834908485 -1.0
15.1215548515 1.0
15.1412079334 -1.0
15.141220808 1.0
33.3665368557 -1.0
33.3665578365 1.0
33.4382579327 -1.0
33.4382679462 1.0
