0.0 -1.0
1.09672546387e-05 1.0
0.0360879898071 -1.0
0.0722351074219 1.0
0.0926871299744 -1.0
0.0927331447601 1.0
0.112272977829 -1.0
0.112282037735 -1.0
0.112308979034 1.0
0.112757921219 1.0
0.183994054794 -1.0
0.210232973099 1.0
0.254249095917 -1.0
0.254434108734 1.0
0.312160015106 -1.0
0.363439083099 1.0
0.42405295372 -1.0
0.540466070175 -1.0
0.580230951309 1.0
0.601731061935 -1.0
0.601741075516 1.0
0.849689006805 -1.0
0.84970998764 1.0
1.261302948 -1.0
1.26132297516 1.0
1.30076599121 -1.0
1.30077505112 1.0
1.301623106 1.0
1.32106399536 -1.0
2.06159210205 -1.0
2.10023999214 1.0
2.13793992996 -1.0
2.1379699707 1.0
2.13884806633 1.0
2.1583750248 -1.0
2.1583840847 1.0
2.15873813629 -1.0
2.19625306129 1.0
2.21641111374 -1.0
2.2164311409 1.0
2.23596096039 -1.0
2.36735606194 -1.0
2.36736607552 1.0
2.43879914284 -1.0
2.43882203102 1.0
2.44051003456 -1.0
2.44051909447 1.0
2.45824408531 -1.0
2.45825099945 1.0
2.46980500221 -1.0
2.46981191635 1.0
2.4778149128 -1.0
2.47783207893 1.0
2.47808098793 1.0
2.47861099243 1.0
2.49769091606 -1.0
2.49770307541 1.0
2.49796795845 -1.0
2.51708197594 -1.0
2.7295191288 1.0
2.74923610687 -1.0
2.74925708771 1.0
2.76886796951 -1.0
2.8289270401 -1.0
2.82925510406 1.0
2.84879207611 -1.0
2.93591403961 -1.0
2.93621993065 1.0
2.95578408241 -1.0
3.00579595566 -1.0
3.04424214363 1.0
3.06383013725 -1.0
3.06384396553 1.0
3.08345413208 -1.0
3.08347392082 1.0
3.11707305908 -1.0
3.11708807945 1.0
3.15332603455 -1.0
3.15333414078 1.0
3.20973205566 -1.0
3.20974898338 1.0
3.20985412598 1.0
3.22959399223 -1.0
3.24035692215 -1.0
3.25837802887 -1.0
3.25840306282 1.0
3.25863194466 -1.0
3.27286195755 -1.0
3.27287006378 1.0
3.27467894554 -1.0
3.27817702293 -1.0
3.27818512917 1.0
3.2781920433 -1.0
3.27819800377 -1.0
3.27821803093 1.0
3.28303003311 -1.0
3.28303694725 1.0
3.29763507843 -1.0
3.30807805061 -1.0
3.30808591843 1.0
3.32368302345 -1.0
3.32396006584 -1.0
3.32396602631 1.0
3.32753705978 -1.0
3.32921099663 -1.0
3.32925701141 1.0
3.33719801903 -1.0
3.33720612526 1.0
3.34761309624 -1.0
3.34806895256 -1.0
3.3480861187 1.0
3.34861302376 -1.0
3.34870100021 1.0
3.36089491844 -1.0
3.36818909645 -1.0
3.36821508408 1.0
3.37071895599 -1.0
3.37074303627 1.0
3.37391495705 -1.0
3.37393712997 1.0
3.37461614609 -1.0
3.37462306023 1.0
3.38765501976 -1.0
3.39268803596 -1.0
3.39269399643 1.0
3.39341211319 -1.0
3.39343094826 1.0
3.39674592018 -1.0
3.39965510368 -1.0
3.3996720314 1.0
3.39975905418 1.0
3.40892601013 -1.0
3.40893292427 1.0
3.40910696983 -1.0
3.40954709053 -1.0
3.40955400467 1.0
3.4122159481 -1.0
3.41678309441 -1.0
3.41680312157 1.0
3.41986298561 -1.0
3.41987204552 1.0
3.42042613029 -1.0
3.42532801628 -1.0
3.42534208298 1.0
3.42579197884 -1.0
3.42581105232 1.0
3.43631505966 -1.0
3.44141101837 -1.0
3.44142103195 1.0
3.44192004204 -1.0
3.44194102287 1.0
3.44621014595 -1.0
3.44622302055 1.0
3.45081400871 -1.0
3.45099806786 -1.0
3.45100402832 1.0
3.45106005669 1.0
3.4542760849 -1.0
3.45429897308 1.0
3.45822691917 -1.0
3.4582490921 1.0
3.46101403236 -1.0
3.46977901459 -1.0
3.46978592873 1.0
3.48077607155 -1.0
3.48113298416 -1.0
3.48113894463 1.0
3.48927903175 -1.0
3.50203299522 -1.0
3.50203895569 1.0
3.50584602356 -1.0
3.50679802895 -1.0
3.50681710243 1.0
3.50687193871 1.0
3.51769900322 -1.0
3.51870107651 -1.0
3.51871800423 1.0
3.52156209946 -1.0
3.52366113663 -1.0
3.52366805077 1.0
3.52801799774 -1.0
3.52976202965 -1.0
3.52977013588 1.0
3.53078603745 -1.0
3.53080606461 1.0
3.53087902069 1.0
3.53794503212 -1.0
3.53850412369 -1.0
3.53851103783 1.0
3.54316306114 -1.0
3.55526995659 -1.0
3.55527901649 1.0
3.55573010445 -1.0
3.55574798584 1.0
3.55926394463 -1.0
3.55928397179 1.0
3.56066513062 -1.0
3.56067204475 1.0
3.57138109207 -1.0
3.57170414925 -1.0
3.57171106339 1.0
3.57472300529 -1.0
3.57481098175 1.0
3.58445692062 -1.0
3.58448791504 1.0
3.58867406845 -1.0
3.58870196342 1.0
3.5932071209 -1.0
3.59321498871 1.0
3.59425210953 -1.0
3.59433293343 1.0
3.59734511375 -1.0
3.59737014771 1.0
3.60470604897 -1.0
3.60531806946 -1.0
3.6053249836 1.0
3.61382293701 -1.0
3.61596608162 -1.0
3.61598801613 1.0
3.62409210205 -1.0
3.62411808968 1.0
3.62494492531 -1.0
3.62495398521 1.0
3.62506914139 1.0
3.63565707207 -1.0
3.67223000526 1.0
3.6843290329 -1.0
3.69228601456 -1.0
3.69236493111 1.0
3.98588299751 -1.0
3.98590397835 1.0
4.05681800842 -1.0
4.05683112144 1.0
4.06348609924 -1.0
4.06349897385 1.0
4.07627892494 -1.0
4.07628703117 1.0
5.1207909584 1.0
5.14092993736 -1.0
8.1220600605 1.0
8.14503407478 -1.0
9.12209510803 1.0
9.15110993385 -1.0
14.5882220268 -1.0
14.588244915 1.0
14.6102471352 -1.0
14.610255003 1.0
32.9603729248 -1.0
32.9603960514 1.0
33.2045941353 -1.0
33.2046151161 1.0
33.2989249229 -1.0
33.2989349365 1.0
33.3394241333 -1.0
33.3394360542 1.0
33.375731945 -1.0
33.3757410049 1.0
