0.0 -1.0
0.0489771366119 -1.0
0.0493221282959 1.0
0.112215995789 -1.0
0.112236976624 1.0
0.132781028748 -1.0
0.132816076279 -1.0
0.132841110229 1.0
0.132986068726 -1.0
0.170930147171 1.0
0.187083005905 1.0
0.188997983932 -1.0
0.190687179565 -1.0
0.190710067749 1.0
0.194065093994 1.0
0.214580059052 -1.0
0.214589118958 1.0
0.272221088409 -1.0
0.278797149658 -1.0
0.300295114517 1.0
0.320044994354 -1.0
0.331858158112 -1.0
0.334412097931 -1.0
0.33443903923 -1.0
0.334444046021 1.0
0.354159116745 -1.0
0.354166984558 1.0
0.358120203018 -1.0
0.373854160309 -1.0
0.373861074448 1.0
0.427000999451 -1.0
0.466910123825 1.0
0.600664138794 -1.0
0.638910055161 1.0
1.01208519936 -1.0
1.01210713387 1.0
1.05045104027 -1.0
1.05046415329 1.0
1.05170416832 1.0
1.10810208321 -1.0
1.80300402641 -1.0
1.84294509888 1.0
1.87563300133 -1.0
1.87564516068 1.0
1.8764591217 1.0
1.89516806602 -1.0
1.89598703384 -1.0
1.8959941864 1.0
1.91554808617 -1.0
1.9155561924 1.0
1.93527913094 -1.0
2.24372005463 -1.0
2.25646519661 -1.0
2.25648903847 1.0
2.25663304329 -1.0
2.27090907097 -1.0
2.2709171772 1.0
2.27128601074 -1.0
2.27599215508 -1.0
2.27599906921 1.0
2.2776901722 -1.0
2.27830219269 -1.0
2.27830815315 1.0
2.2784512043 -1.0
2.29593110085 -1.0
2.29594016075 1.0
2.30124402046 -1.0
2.30133008957 -1.0
2.30133414268 1.0
2.30158209801 -1.0
2.302765131 -1.0
2.30277204514 1.0
2.3029191494 -1.0
2.30295109749 -1.0
2.3029551506 1.0
2.31506919861 -1.0
2.31549310684 -1.0
2.31550002098 1.0
2.31567001343 -1.0
2.31711101532 -1.0
2.31711912155 1.0
2.31721401215 1.0
2.31764411926 -1.0
2.31774902344 -1.0
2.31776309013 1.0
2.32099509239 -1.0
2.32109498978 -1.0
2.3211081028 1.0
2.32263207436 -1.0
2.32270407677 -1.0
2.32270908356 1.0
2.33507919312 -1.0
2.33673715591 -1.0
2.34962511063 -1.0
2.34963202477 1.0
2.34995603561 -1.0
2.36759400368 -1.0
2.36760210991 1.0
2.3680870533 -1.0
2.36815905571 -1.0
2.36816310883 1.0
2.36901402473 -1.0
2.37127614021 -1.0
2.37128210068 1.0
2.3714389801 -1.0
2.37185502052 -1.0
2.37185907364 1.0
2.37195801735 1.0
2.3720061779 -1.0
2.37202215195 1.0
2.37345314026 -1.0
2.37471604347 -1.0
2.37473702431 1.0
2.37489819527 -1.0
2.37598419189 -1.0
2.37599015236 1.0
2.37697505951 -1.0
2.38722801208 -1.0
2.38723516464 1.0
2.38739800453 -1.0
2.38763308525 -1.0
2.38763809204 1.0
2.38776111603 -1.0
2.38782119751 -1.0
2.38782501221 1.0
2.38795804977 -1.0
2.39114117622 -1.0
2.39116120338 1.0
2.40371918678 -1.0
2.4037270546 1.0
2.40410709381 -1.0
2.40548920631 -1.0
2.40551114082 1.0
2.40584611893 -1.0
2.40585207939 1.0
2.40628814697 -1.0
2.40630102158 1.0
2.40786004066 -1.0
2.41089200974 -1.0
2.41089701653 1.0
2.41291618347 -1.0
2.41302704811 -1.0
2.41303110123 1.0
2.41653609276 -1.0
2.41655898094 1.0
2.41821813583 -1.0
2.4182240963 1.0
2.43080401421 -1.0
2.43081212044 1.0
2.43480706215 -1.0
2.43483114243 1.0
2.43637609482 -1.0
2.43676900864 -1.0
2.43677520752 1.0
2.43899416924 -1.0
2.43901205063 1.0
2.44196605682 -1.0
2.44197201729 1.0
2.4429371357 -1.0
2.44295620918 1.0
2.44631314278 -1.0
2.44679117203 -1.0
2.44679713249 1.0
2.44789218903 -1.0
2.44839906693 -1.0
2.44840407372 1.0
2.45026803017 -1.0
2.4502761364 1.0
2.45489597321 -1.0
2.45491409302 1.0
2.46562719345 -1.0
2.46604418755 -1.0
2.46605014801 1.0
2.46995520592 -1.0
2.5069231987 1.0
2.50912308693 -1.0
2.50914597511 1.0
2.50920510292 1.0
2.52658319473 -1.0
2.56292319298 1.0
2.56824612617 -1.0
2.58234500885 -1.0
2.58237314224 1.0
2.68511915207 -1.0
2.72293019295 1.0
2.76482820511 -1.0
2.80292415619 1.0
2.82239317894 -1.0
2.84468603134 -1.0
2.84473204613 1.0
2.84521698952 -1.0
2.86412715912 -1.0
2.86413598061 1.0
2.86666107178 -1.0
2.88356518745 -1.0
2.88357305527 1.0
2.89589118958 -1.0
2.90300416946 -1.0
2.90301012993 1.0
2.90318107605 1.0
2.9225871563 -1.0
2.9226000309 1.0
2.94213914871 -1.0
2.94214916229 1.0
2.96154212952 -1.0
3.12701702118 -1.0
3.16691017151 1.0
3.19734621048 -1.0
3.20142507553 -1.0
3.20145010948 1.0
3.22098207474 -1.0
3.22100710869 1.0
3.23094010353 -1.0
3.23102498055 -1.0
3.23103713989 1.0
3.24053001404 -1.0
3.24055600166 1.0
3.24063110352 1.0
3.26004219055 -1.0
3.26072311401 -1.0
3.29785299301 -1.0
3.29786300659 1.0
3.29832315445 -1.0
3.31733512878 -1.0
3.3173429966 1.0
3.36732816696 -1.0
3.40692400932 1.0
3.42629909515 -1.0
3.46292805672 1.0
3.94502305984 -1.0
3.94504308701 1.0
3.9769821167 -1.0
3.97699117661 1.0
3.97755002975 -1.0
3.97755813599 1.0
3.99642705917 -1.0
3.99643397331 1.0
4.00870108604 -1.0
4.00870919228 1.0
4.01463603973 -1.0
4.01464319229 1.0
4.01507401466 -1.0
4.01507997513 1.0
4.01634812355 -1.0
4.01635503769 1.0
4.01691198349 -1.0
4.01692008972 1.0
4.01733899117 -1.0
4.01734519005 1.0
4.02888917923 -1.0
4.02889609337 1.0
4.03572201729 -1.0
4.03573012352 1.0
4.03582811356 1.0
4.04185414314 -1.0
4.04189014435 1.0
4.0484790802 -1.0
4.04914116859 -1.0
4.04916000366 1.0
4.05510520935 -1.0
4.09225010872 -1.0
4.09493613243 1.0
4.11451411247 -1.0
4.11458802223 1.0
4.13482999802 -1.0
4.13485813141 1.0
4.1543211937 -1.0
4.18084716797 -1.0
4.18087100983 1.0
4.18163704872 -1.0
4.20051407814 -1.0
4.20052313805 1.0
4.72864317894 1.0
4.72891402245 1.0
4.74814510345 -1.0
4.74815320969 1.0
4.74850320816 -1.0
4.76759004593 -1.0
15.1715791225 -1.0
15.1716032028 1.0
15.2017891407 -1.0
15.2018051147 1.0
33.1311681271 -1.0
33.1311891079 1.0
33.2016031742 -1.0
33.2016282082 1.0
