0.0 -1.0
0.0374689102173 1.0
0.0493459701538 -1.0
0.0493540763855 1.0
0.105421066284 -1.0
0.131530046463 -1.0
0.131578922272 1.0
0.168169021606 -1.0
0.168209075928 1.0
0.188085079193 -1.0
0.188091993332 1.0
0.188520908356 1.0
0.226475000381 -1.0
0.226669073105 1.0
0.28543305397 -1.0
0.403568983078 -1.0
0.449491024017 1.0
0.984123945236 -1.0
0.984145879745 1.0
1.02123808861 -1.0
1.02124595642 1.0
1.02239894867 1.0
1.04185199738 -1.0
1.8053150177 -1.0
1.84548091888 1.0
1.87758994102 -1.0
1.87761092186 1.0
1.87850499153 1.0
1.88398694992 1.0
1.89808392525 -1.0
1.89809703827 1.0
1.90340995789 -1.0
1.91761493683 -1.0
1.91842007637 -1.0
1.91867899895 1.0
1.97751402855 -1.0
1.97753286362 1.0
1.99717307091 -1.0
2.12074494362 -1.0
2.12994408607 1.0
2.1494910717 -1.0
2.14949989319 1.0
2.16912293434 -1.0
2.1703748703 1.0
2.17391586304 -1.0
2.1860730648 -1.0
2.18610191345 1.0
2.19210195541 -1.0
2.20560193062 -1.0
2.20560908318 1.0
2.21450185776 -1.0
2.21452403069 1.0
2.22517704964 -1.0
2.22539496422 1.0
2.24575901031 -1.0
2.24577093124 1.0
2.28438901901 -1.0
2.28440093994 1.0
2.34155201912 -1.0
2.34156107903 1.0
2.36385297775 -1.0
2.36401391029 1.0
2.42155408859 -1.0
2.46704792976 -1.0
2.50547885895 1.0
2.53633308411 -1.0
2.57346987724 1.0
2.61055707932 -1.0
2.6494820118 1.0
2.67611098289 -1.0
2.713504076 1.0
2.73071193695 -1.0
2.73122501373 -1.0
2.73124408722 1.0
2.73290991783 -1.0
2.73293399811 1.0
2.74372005463 -1.0
2.74409103394 -1.0
2.744109869 1.0
2.74447798729 -1.0
2.75225305557 -1.0
2.75225806236 1.0
2.7750980854 -1.0
2.77514505386 1.0
2.77801990509 -1.0
2.77993798256 -1.0
2.77995991707 1.0
2.78003406525 1.0
2.78181195259 -1.0
2.78222203255 -1.0
2.78224301338 1.0
2.78396701813 -1.0
2.78397393227 1.0
2.78450298309 -1.0
2.79459500313 -1.0
2.79460191727 1.0
2.79956293106 -1.0
2.80909085274 -1.0
2.80911588669 1.0
2.81252193451 -1.0
2.81278800964 -1.0
2.81279397011 1.0
2.81409907341 -1.0
2.81427288055 1.0
2.84528398514 -1.0
2.87498497963 -1.0
2.87499308586 1.0
2.89441394806 -1.0
2.93347406387 1.0
2.95301985741 -1.0
2.95308685303 1.0
2.98775196075 -1.0
3.02549004555 1.0
3.13632798195 -1.0
3.17347288132 1.0
3.21677088737 -1.0
3.22903108597 -1.0
3.22905707359 1.0
3.23117089272 -1.0
3.23117899895 1.0
3.24863290787 -1.0
3.24865889549 1.0
3.27018904686 -1.0
3.2702190876 1.0
3.2706990242 -1.0
3.27072095871 1.0
3.27276206017 -1.0
3.27909898758 -1.0
3.27911305428 1.0
3.27947187424 -1.0
3.27949285507 1.0
3.28190398216 -1.0
3.28229498863 -1.0
3.28230190277 1.0
3.28381490707 -1.0
3.28416705132 -1.0
3.28417205811 1.0
3.28975987434 -1.0
3.28977799416 1.0
3.3093559742 -1.0
3.30937886238 1.0
3.30992102623 -1.0
3.30995702744 1.0
3.32902503014 -1.0
3.32911801338 1.0
3.33197307587 -1.0
3.33199596405 1.0
3.34259986877 -1.0
3.34261798859 1.0
3.34269595146 1.0
3.34366893768 -1.0
3.34367895126 1.0
3.34792304039 -1.0
3.34854102135 -1.0
3.34854888916 1.0
3.34855389595 -1.0
3.34995388985 -1.0
3.34996008873 1.0
3.35275006294 -1.0
3.35277199745 1.0
3.35803294182 -1.0
3.35805392265 1.0
3.361068964 -1.0
3.3610830307 1.0
3.3648109436 -1.0
3.36481785774 1.0
3.36659693718 -1.0
3.36661887169 1.0
3.36787891388 -1.0
3.36846899986 -1.0
3.36847496033 1.0
3.36947703362 -1.0
3.37653803825 -1.0
3.37655997276 1.0
3.38437199593 -1.0
3.38437986374 1.0
3.38488698006 -1.0
3.38489508629 1.0
3.38563203812 -1.0
3.38639903069 -1.0
3.38640403748 1.0
3.38703393936 -1.0
3.38721394539 -1.0
3.38722801208 1.0
3.38751292229 -1.0
3.39445495605 -1.0
3.39446187019 1.0
3.39494085312 -1.0
3.39496088028 1.0
3.3960609436 -1.0
3.40745687485 -1.0
3.4074640274 1.0
3.40967798233 -1.0
3.40970206261 1.0
3.41179203987 -1.0
3.41179990768 1.0
3.41468501091 -1.0
3.4152200222 -1.0
3.41522598267 1.0
3.41890692711 -1.0
3.42010688782 -1.0
3.4201130867 1.0
3.42278599739 -1.0
3.4233250618 -1.0
3.42333197594 1.0
3.42422389984 -1.0
3.42471694946 -1.0
3.42472290993 1.0
3.42633295059 -1.0
3.42634105682 1.0
3.42709589005 -1.0
3.42710089684 -1.0
3.42710494995 1.0
3.42734599113 -1.0
3.42735099792 1.0
3.42805886269 -1.0
3.42930603027 -1.0
3.42932605743 1.0
3.43166399002 -1.0
3.43166995049 1.0
3.44469499588 -1.0
3.44552397728 -1.0
3.445540905 1.0
3.44656395912 -1.0
3.44658303261 1.0
3.45012497902 -1.0
3.45014286041 1.0
3.4663040638 -1.0
3.50548291206 1.0
3.52498888969 -1.0
3.5250248909 1.0
3.54617595673 -1.0
3.58548307419 1.0
3.60143494606 -1.0
3.60490202904 -1.0
3.60492491722 1.0
3.63815999031 -1.0
3.63819003105 1.0
3.65761804581 -1.0
3.69747805595 1.0
5.12077498436 1.0
5.17821788788 -1.0
8.12239193916 1.0
8.12262988091 1.0
8.14182901382 -1.0
8.14184498787 1.0
8.14235496521 -1.0
8.16148686409 -1.0
14.622426033 -1.0
14.6224589348 1.0
14.6420390606 -1.0
14.6420459747 1.0
29.8572530746 1.0
29.8767559528 -1.0
29.8771190643 -1.0
29.8771290779 1.0
29.877532959 1.0
29.9083869457 -1.0
29.9088380337 1.0
29.9537448883 -1.0
29.993514061 1.0
32.7109639645 -1.0
32.7109959126 1.0
32.8184149265 -1.0
32.8184380531 1.0
33.1459128857 -1.0
33.1459329128 1.0
33.212982893 -1.0
33.2130069733 1.0
33.3294260502 -1.0
33.3294510841 1.0
