0.0 -1.0
1.90734863281e-05 1.0
0.000509977340698 1.0
0.056813955307 -1.0
0.198039054871 -1.0
0.198338985443 1.0
0.257158994675 -1.0
0.257169961929 1.0
0.271947860718 -1.0
0.313225984573 -1.0
0.314082860947 1.0
0.517273902893 -1.0
0.554108858109 1.0
0.962755918503 -1.0
0.962785005569 1.0
1.00880408287 -1.0
1.00882697105 1.0
1.00982189178 1.0
1.02953600883 -1.0
1.79426002502 -1.0
1.8380959034 1.0
1.86064696312 -1.0
1.86066889763 1.0
1.86156702042 1.0
1.88167285919 -1.0
1.88168501854 1.0
1.89308190346 -1.0
1.93008494377 1.0
1.94097495079 -1.0
1.94099092484 1.0
1.96070098877 -1.0
2.25528407097 -1.0
2.25530791283 1.0
2.27677893639 -1.0
2.27679586411 1.0
2.2907230854 -1.0
2.29073905945 1.0
2.29630804062 -1.0
2.29631400108 1.0
2.3126308918 -1.0
2.31263899803 1.0
2.3160469532 -1.0
2.31605386734 1.0
2.33574485779 -1.0
2.33575797081 1.0
2.35553002357 -1.0
2.35554289818 1.0
2.35555005074 -1.0
2.35555195808 1.0
2.37521195412 -1.0
2.37523007393 1.0
2.38176608086 -1.0
2.38177585602 1.0
2.39024996758 -1.0
2.39025902748 1.0
2.39478588104 -1.0
2.39479207993 1.0
2.41685009003 -1.0
2.41686296463 1.0
2.41773796082 -1.0
2.41774606705 1.0
2.4183049202 -1.0
2.41831088066 1.0
2.43627691269 -1.0
2.43631601334 1.0
2.43640208244 1.0
2.45089292526 -1.0
2.45093297958 1.0
2.4556889534 -1.0
2.4558339119 -1.0
2.49145507812 -1.0
2.49147295952 1.0
2.49844694138 -1.0
2.51096200943 -1.0
2.51097202301 1.0
2.53289294243 -1.0
2.53357386589 -1.0
2.53358101845 1.0
2.55307602882 -1.0
2.5586938858 -1.0
2.55871391296 1.0
2.57771205902 -1.0
2.57837486267 -1.0
2.5783829689 1.0
2.57838892937 -1.0
2.615639925 -1.0
2.61565899849 1.0
2.63505196571 -1.0
2.63515901566 1.0
2.65047907829 -1.0
2.65086507797 -1.0
2.65088605881 1.0
2.65465402603 -1.0
2.65466189384 1.0
2.67409491539 -1.0
2.67780804634 -1.0
2.67782902718 1.0
2.69153499603 -1.0
2.69226193428 -1.0
2.69227099419 1.0
2.69740104675 -1.0
2.7052628994 -1.0
2.70526885986 1.0
2.71466803551 -1.0
2.72481393814 -1.0
2.72481989861 1.0
2.72649598122 -1.0
2.72651386261 1.0
2.73807907104 -1.0
2.73808693886 1.0
2.74426102638 -1.0
2.76400208473 -1.0
2.76400995255 1.0
2.76570987701 -1.0
2.76572990417 1.0
2.76924991608 -1.0
2.76925587654 1.0
2.76934790611 1.0
2.77291989326 -1.0
2.77318787575 -1.0
2.77319288254 1.0
2.78351902962 -1.0
2.8036699295 -1.0
2.80368590355 1.0
2.81616997719 -1.0
2.81649708748 -1.0
2.81650304794 1.0
2.81905603409 -1.0
2.82335305214 -1.0
2.82335996628 1.0
2.83805990219 -1.0
2.83995103836 -1.0
2.83997392654 1.0
2.84194087982 -1.0
2.84194803238 1.0
2.84287405014 -1.0
2.85367393494 -1.0
2.85368108749 1.0
2.85376501083 1.0
2.86550188065 -1.0
2.86552500725 1.0
2.87347197533 -1.0
2.89476299286 -1.0
2.89477491379 1.0
2.89557504654 -1.0
2.90414190292 -1.0
2.90414905548 1.0
2.90465092659 -1.0
2.90467190742 1.0
2.90654206276 -1.0
2.90656399727 1.0
2.91051197052 -1.0
2.91387605667 -1.0
2.91388201714 1.0
2.9147028923 -1.0
2.91472506523 1.0
2.91784191132 -1.0
2.92395496368 -1.0
2.9239730835 1.0
2.92425394058 -1.0
2.92425894737 1.0
2.92543506622 -1.0
2.92618298531 -1.0
2.9261879921 1.0
2.92619395256 -1.0
2.92625308037 1.0
2.93419408798 -1.0
2.93745303154 -1.0
2.93747186661 1.0
2.9425330162 -1.0
2.94520902634 -1.0
2.9452290535 1.0
2.9568259716 -1.0
2.97686290741 -1.0
2.97687101364 1.0
2.99645495415 -1.0
2.99664497375 1.0
2.99709796906 1.0
3.0166580677 -1.0
3.01666998863 1.0
3.07336497307 -1.0
3.07337903976 1.0
3.09295296669 -1.0
3.24741792679 1.0
3.30501008034 -1.0
3.30502104759 1.0
3.34516501427 -1.0
3.37909507751 -1.0
3.37910604477 1.0
3.37981390953 -1.0
3.37983393669 1.0
3.39664697647 -1.0
3.39665389061 1.0
3.39690804482 1.0
3.39846587181 -1.0
3.43810391426 1.0
3.44445705414 -1.0
3.44447302818 1.0
3.45803999901 -1.0
3.45805191994 1.0
3.45816898346 1.0
3.51698803902 -1.0
3.53251290321 -1.0
3.57010102272 1.0
3.5898399353 -1.0
3.58986186981 1.0
3.60949206352 -1.0
3.6095058918 1.0
3.64191603661 -1.0
3.64192986488 1.0
3.66146993637 -1.0
3.6614818573 1.0
3.68087887764 -1.0
3.68088698387 1.0
4.23705101013 -1.0
4.23707509041 1.0
4.27636504173 -1.0
4.27637600899 1.0
4.31398701668 -1.0
4.31400489807 1.0
4.34255194664 -1.0
4.34256291389 1.0
4.34494304657 -1.0
4.34494996071 1.0
4.34525108337 -1.0
4.34525895119 1.0
4.36206102371 -1.0
4.36207008362 1.0
4.37646007538 -1.0
4.37647485733 1.0
4.37927293777 -1.0
4.37928009033 1.0
4.37973690033 -1.0
4.37974405289 1.0
4.38191890717 -1.0
4.3819270134 1.0
4.38193202019 -1.0
4.38193488121 1.0
4.42245602608 -1.0
4.42247200012 1.0
4.42398500443 -1.0
4.42399287224 1.0
4.42407202721 1.0
4.42574501038 -1.0
4.42576909065 1.0
4.43783307076 -1.0
4.43830990791 -1.0
4.43831706047 1.0
4.44214892387 -1.0
4.44376993179 -1.0
4.47522091866 -1.0
4.47524690628 1.0
4.49486494064 -1.0
4.53410387039 1.0
5.10641407967 1.0
5.16522502899 -1.0
9.10706996918 1.0
9.10732793808 1.0
9.12661886215 -1.0
9.12662696838 1.0
9.12686705589 -1.0
9.14627790451 -1.0
15.3363239765 -1.0
15.3363490105 1.0
15.3558340073 -1.0
15.3558430672 1.0
33.3504080772 -1.0
33.3504300117 1.0
