0.0 -1.0
0.173017978668 -1.0
0.173340797424 1.0
0.231948852539 -1.0
0.943714857101 -1.0
0.982661008835 1.0
1.002409935 -1.0
1.00241994858 1.0
1.00332784653 1.0
1.02321887016 -1.0
1.71392297745 -1.0
1.71397995949 -1.0
1.71399593353 1.0
1.76170897484 -1.0
1.79867696762 1.0
1.81825780869 -1.0
1.81826996803 1.0
1.81904482841 1.0
1.82426595688 1.0
1.83799600601 -1.0
1.83870387077 -1.0
1.83871293068 1.0
1.84387898445 -1.0
1.85827684402 -1.0
1.85828495026 1.0
1.87806081772 -1.0
2.06382083893 -1.0
2.06411290169 1.0
2.07455682755 1.0
2.08367300034 -1.0
2.08368086815 1.0
2.09418797493 -1.0
2.10318994522 -1.0
2.10319495201 1.0
2.12270593643 -1.0
2.12638902664 -1.0
2.12655997276 1.0
2.17084002495 -1.0
2.21066594124 1.0
2.23423099518 -1.0
2.23425102234 1.0
2.25386381149 -1.0
2.25387191772 1.0
2.2733438015 -1.0
2.27335000038 1.0
2.2928879261 -1.0
2.29292392731 1.0
2.29651594162 -1.0
2.29655694962 -1.0
2.29656791687 1.0
2.31248879433 -1.0
2.31253600121 1.0
2.31266999245 1.0
2.33224701881 -1.0
2.33524990082 -1.0
2.33527183533 1.0
2.34202480316 -1.0
2.34207582474 -1.0
2.34208989143 1.0
2.34220385551 -1.0
2.34233498573 1.0
2.34996199608 1.0
2.35445690155 -1.0
2.35456395149 -1.0
2.35457801819 1.0
2.35466885567 -1.0
2.35474085808 -1.0
2.35475182533 1.0
2.36333990097 -1.0
2.36334991455 1.0
2.36347794533 -1.0
2.37423181534 -1.0
2.37424302101 1.0
2.38137388229 -1.0
2.38138985634 -1.0
2.38142299652 1.0
2.38260102272 -1.0
2.38316702843 -1.0
2.38317394257 1.0
2.38319396973 -1.0
2.38387489319 -1.0
2.38388681412 1.0
2.38432383537 -1.0
2.38434386253 1.0
2.38561582565 -1.0
2.39378786087 -1.0
2.39380288124 1.0
2.3938229084 -1.0
2.39401698112 -1.0
2.39403390884 1.0
2.3941090107 1.0
2.41270494461 -1.0
2.41274380684 -1.0
2.41275596619 1.0
2.41297101974 -1.0
2.41348981857 -1.0
2.41349601746 1.0
2.41869282722 -1.0
2.41875481606 -1.0
2.41878581047 1.0
2.42129993439 -1.0
2.42201781273 -1.0
2.42202401161 1.0
2.42209100723 -1.0
2.43296098709 -1.0
2.43296694756 1.0
2.4424598217 -1.0
2.44251394272 -1.0
2.44252681732 1.0
2.45238089561 -1.0
2.46913790703 -1.0
2.46914482117 1.0
2.46915102005 -1.0
2.47006297112 -1.0
2.47007203102 1.0
2.47089600563 -1.0
2.47093987465 -1.0
2.47094702721 1.0
2.47339081764 -1.0
2.4734787941 1.0
2.47368383408 -1.0
2.47374987602 -1.0
2.47376298904 1.0
2.47460889816 -1.0
2.47473192215 -1.0
2.47474598885 1.0
2.47506999969 -1.0
2.47508788109 1.0
2.48858785629 -1.0
2.48863792419 -1.0
2.48864388466 1.0
2.4894888401 -1.0
2.48953795433 -1.0
2.48958086967 1.0
2.48962283134 -1.0
2.48982095718 -1.0
2.48982596397 1.0
2.49044084549 -1.0
2.49050498009 -1.0
2.49050784111 1.0
2.50337100029 -1.0
2.50338482857 1.0
2.50342702866 -1.0
2.50374984741 -1.0
2.50376796722 1.0
2.50387787819 -1.0
2.50389289856 1.0
2.50439500809 -1.0
2.50457382202 -1.0
2.50458788872 1.0
2.50469684601 -1.0
2.50479197502 -1.0
2.50480699539 1.0
2.50521492958 -1.0
2.50527191162 -1.0
2.5052819252 1.0
2.50653290749 -1.0
2.50806999207 -1.0
2.50808382034 1.0
2.50819087029 -1.0
2.50988388062 -1.0
2.50988984108 1.0
2.51000189781 -1.0
2.51001787186 1.0
2.51011991501 -1.0
2.52033400536 -1.0
2.52035188675 1.0
2.53018784523 -1.0
2.5302028656 1.0
2.53064489365 -1.0
2.53357291222 -1.0
2.53358387947 1.0
2.53393483162 -1.0
2.53400182724 -1.0
2.53400683403 1.0
2.53984999657 -1.0
2.54995679855 -1.0
2.54996490479 1.0
2.55011987686 -1.0
2.55114293098 -1.0
2.55114889145 1.0
2.5519528389 -1.0
2.55199980736 -1.0
2.55200386047 1.0
2.55459594727 -1.0
2.56907701492 -1.0
2.56908392906 1.0
2.56953787804 -1.0
2.5701789856 -1.0
2.5701918602 1.0
2.57183289528 -1.0
2.57190799713 -1.0
2.57194399834 1.0
2.58881688118 -1.0
2.58916401863 -1.0
2.5891699791 1.0
2.5892829895 -1.0
2.58963179588 -1.0
2.58964300156 1.0
2.60012602806 -1.0
2.60014986992 1.0
2.60928988457 -1.0
2.60939788818 1.0
2.62961888313 -1.0
2.62989592552 -1.0
2.62991786003 1.0
2.6493768692 -1.0
2.68666887283 1.0
2.69674897194 -1.0
2.69711089134 -1.0
2.69712901115 1.0
2.7060790062 -1.0
2.70614981651 1.0
2.735216856 -1.0
2.73524689674 1.0
2.73562002182 -1.0
2.73563981056 1.0
2.74314689636 -1.0
2.74317288399 1.0
2.75465583801 -1.0
2.75467896461 1.0
2.77343988419 -1.0
2.77407097816 -1.0
2.77409601212 1.0
2.78221893311 -1.0
2.78225684166 1.0
2.79344582558 -1.0
2.79347300529 1.0
2.80638384819 -1.0
2.80641102791 1.0
2.80906581879 -1.0
2.80908679962 1.0
2.81277084351 -1.0
2.81279087067 1.0
2.81286501884 1.0
2.83907794952 -1.0
2.83909702301 -1.0
2.83913493156 1.0
2.86043286324 -1.0
2.86057782173 1.0
2.86985588074 -1.0
2.87044692039 -1.0
2.87046694756 1.0
2.87105488777 -1.0
2.87155079842 -1.0
2.87156796455 1.0
2.88033890724 -1.0
2.89373803139 -1.0
2.89374899864 1.0
2.89415383339 -1.0
2.90019488335 -1.0
2.90020298958 1.0
2.91319990158 -1.0
2.95064496994 1.0
2.9689719677 -1.0
2.97021102905 -1.0
2.97023797035 1.0
2.98967289925 -1.0
2.98970794678 1.0
3.04553580284 -1.0
3.08265590668 1.0
3.11822581291 -1.0
3.15464687347 1.0
3.49353194237 -1.0
3.49355483055 1.0
3.53634285927 -1.0
3.53635787964 1.0
3.56556487083 -1.0
3.56558799744 1.0
3.59944295883 -1.0
3.59945702553 1.0
3.61889696121 -1.0
3.61890602112 1.0
5.04077887535 1.0
5.10150384903 -1.0
8.04166603088 1.0
8.04191279411 1.0
8.0611269474 -1.0
8.06113791466 1.0
8.06167984009 -1.0
8.0808968544 -1.0
14.8573248386 -1.0
14.857352972 1.0
14.9055860043 -1.0
14.9055988789 1.0
32.329641819 -1.0
32.3296649456 1.0
32.6565778255 -1.0
32.656596899 1.0
32.7169938087 -1.0
32.7170038223 1.0
32.7368869781 -1.0
32.7368957996 1.0
32.9771418571 -1.0
32.9771649837 1.0
33.4931018353 -1.0
33.4931268692 1.0
