0.0 -1.0
0.193843841553 1.0
0.213423967361 -1.0
0.270190000534 -1.0
0.270406961441 1.0
0.289870977402 -1.0
0.427901983261 -1.0
0.467933893204 1.0
1.00913286209 -1.0
1.00916099548 1.0
1.04290103912 -1.0
1.04290986061 1.0
1.04881596565 1.0
1.06833004951 -1.0
1.82049894333 -1.0
1.8599460125 1.0
1.89194393158 -1.0
1.89195585251 1.0
1.89272284508 1.0
1.89755797386 1.0
1.91154098511 -1.0
1.91236901283 -1.0
1.91237688065 1.0
1.91735291481 -1.0
1.93192505836 -1.0
2.14380884171 1.0
2.16291999817 1.0
2.16329693794 -1.0
2.16330599785 1.0
2.16582393646 -1.0
2.18268585205 -1.0
2.18269300461 1.0
2.21003198624 -1.0
2.24793386459 1.0
2.27025794983 -1.0
2.27027201653 1.0
2.28981900215 -1.0
2.28983283043 1.0
2.42451500893 -1.0
2.42453289032 1.0
2.49627184868 -1.0
2.49628901482 1.0
2.53099298477 -1.0
2.53100085258 1.0
2.55070400238 -1.0
2.55072283745 1.0
2.5644390583 -1.0
2.56444883347 1.0
2.56604599953 -1.0
2.56605291367 1.0
2.57037997246 -1.0
2.5703868866 1.0
2.5876698494 -1.0
2.5876789093 1.0
2.5884540081 -1.0
2.58846187592 1.0
2.5891418457 -1.0
2.58914995193 1.0
2.59000492096 -1.0
2.59001088142 1.0
2.59477996826 -1.0
2.59478783607 1.0
2.60952186584 -1.0
2.60958790779 1.0
2.62621283531 -1.0
2.62625002861 1.0
2.62901592255 -1.0
2.62904191017 1.0
2.6415309906 -1.0
2.64155387878 1.0
2.64184594154 -1.0
2.641933918 1.0
2.64871501923 -1.0
2.65977692604 -1.0
2.65982604027 1.0
2.66520786285 -1.0
2.66521596909 1.0
2.67517185211 -1.0
2.67554783821 -1.0
2.67555499077 1.0
2.67666196823 -1.0
2.67667484283 1.0
2.67942285538 -1.0
2.67943096161 1.0
2.69214487076 -1.0
2.69215488434 1.0
2.69441890717 -1.0
2.69445586205 1.0
2.69891691208 -1.0
2.70651292801 -1.0
2.70653104782 1.0
2.72034597397 -1.0
2.72036504745 1.0
2.72600293159 -1.0
2.72609305382 1.0
2.73597693443 -1.0
2.73599791527 1.0
2.73634386063 -1.0
2.73635983467 1.0
2.74552798271 -1.0
2.76474189758 -1.0
2.76475095749 1.0
2.76539683342 -1.0
2.76541686058 1.0
2.76751184464 -1.0
2.7680709362 -1.0
2.76807689667 1.0
2.77007389069 -1.0
2.77037191391 -1.0
2.7703769207 1.0
2.78350305557 -1.0
2.78354001045 1.0
2.78431606293 -1.0
2.78445601463 1.0
2.79376101494 -1.0
2.7937848568 1.0
2.80224084854 -1.0
2.80270004272 -1.0
2.80270600319 1.0
2.80400800705 -1.0
2.80401492119 1.0
2.80623984337 -1.0
2.80857992172 -1.0
2.80858683586 1.0
2.8090338707 -1.0
2.80905389786 1.0
2.81747794151 -1.0
2.81786203384 -1.0
2.81786799431 1.0
2.82358694077 -1.0
2.84217000008 -1.0
2.84217691422 1.0
2.84277486801 -1.0
2.84280800819 1.0
2.84612298012 -1.0
2.84612989426 1.0
2.85865592957 -1.0
2.85890102386 -1.0
2.85890698433 1.0
2.85897493362 1.0
2.8613679409 -1.0
2.86164593697 -1.0
2.86165094376 -1.0
2.86166906357 1.0
2.86194086075 -1.0
2.86194705963 1.0
2.86846184731 -1.0
2.86847996712 1.0
2.87444496155 -1.0
2.8783249855 -1.0
2.87833094597 1.0
2.8787150383 -1.0
2.87873506546 1.0
2.88119888306 -1.0
2.88120484352 -1.0
2.88120794296 1.0
2.88155293465 -1.0
2.88155889511 1.0
2.90082788467 -1.0
2.90826797485 -1.0
2.90827703476 -1.0
2.90829491615 1.0
2.90835785866 1.0
2.92302703857 -1.0
2.92789006233 -1.0
2.92789697647 1.0
2.92790389061 -1.0
2.92940402031 -1.0
2.92941188812 1.0
2.94196295738 -1.0
2.94748997688 -1.0
2.9474978447 1.0
2.94779491425 1.0
2.96730804443 -1.0
2.96731805801 1.0
3.02401089668 -1.0
3.0240240097 1.0
3.04367184639 -1.0
3.34036493301 -1.0
3.37992405891 1.0
3.3872089386 -1.0
3.38722205162 1.0
3.38791489601 -1.0
3.38792085648 1.0
3.39956998825 -1.0
3.39957785606 1.0
3.40867590904 -1.0
3.40868401527 1.0
3.41912794113 -1.0
3.41913485527 1.0
3.43960785866 -1.0
3.43961501122 1.0
3.44021201134 -1.0
3.44021892548 1.0
3.45906805992 -1.0
3.45907497406 1.0
3.47865200043 -1.0
3.47865891457 1.0
4.12081384659 -1.0
4.12083292007 1.0
4.14631199837 -1.0
4.14631986618 1.0
4.15261793137 -1.0
4.15262389183 1.0
4.16660284996 -1.0
4.16660904884 1.0
4.18060493469 -1.0
4.18061494827 1.0
4.18511199951 -1.0
4.18511891365 1.0
4.18551898003 -1.0
4.18552494049 1.0
4.18625187874 -1.0
4.1862578392 1.0
4.21633696556 -1.0
4.21634697914 1.0
4.21700787544 -1.0
4.21701598167 1.0
4.23578190804 -1.0
4.23579001427 1.0
4.25244402885 -1.0
4.25245094299 1.0
4.25380802155 -1.0
4.25381398201 1.0
4.25522398949 -1.0
4.2552318573 1.0
4.26445388794 -1.0
4.26446199417 1.0
4.27480888367 -1.0
4.27481603622 1.0
4.27491784096 1.0
4.2813038826 -1.0
4.28132605553 1.0
4.29495000839 -1.0
4.29495692253 -1.0
4.29502701759 1.0
4.31462097168 -1.0
4.35192084312 1.0
4.36143684387 -1.0
4.37134695053 -1.0
4.37136888504 1.0
4.40084195137 -1.0
4.40086984634 1.0
4.42043185234 -1.0
4.42820096016 -1.0
4.42822599411 1.0
4.44783687592 -1.0
4.44786095619 1.0
5.02318000793 1.0
5.08019685745 -1.0
8.02369904518 1.0
8.02397704124 1.0
8.0432009697 -1.0
8.04321694374 1.0
8.04348397255 -1.0
8.06288790703 -1.0
14.8120448589 -1.0
14.8120708466 1.0
14.8573439121 -1.0
14.857352972 1.0
32.7546269894 -1.0
32.7546498775 1.0
32.8866078854 -1.0
32.8866229057 1.0
33.3276560307 -1.0
33.3276760578 1.0
33.4042408466 -1.0
33.4042589664 1.0
