0.0 -1.0
0.191487073898 1.0
0.211088895798 -1.0
0.215662002563 -1.0
0.21585893631 1.0
0.272027015686 -1.0
0.500087022781 -1.0
0.538589954376 1.0
1.10889101028 -1.0
1.1089220047 1.0
1.12943506241 -1.0
1.12944889069 1.0
1.14726305008 1.0
1.16679906845 -1.0
1.9742898941 -1.0
2.01056408882 1.0
2.03006100655 -1.0
2.03007388115 1.0
2.0310049057 1.0
2.05049300194 -1.0
2.05050301552 1.0
2.07008600235 -1.0
2.28838801384 1.0
2.30789709091 -1.0
2.38674402237 -1.0
2.38704299927 1.0
2.40665793419 -1.0
2.40878486633 -1.0
2.44053196907 -1.0
2.44054389 1.0
2.46080303192 -1.0
2.46417999268 -1.0
2.46419501305 1.0
2.48377990723 -1.0
2.49619889259 -1.0
2.49621796608 1.0
2.51569986343 -1.0
2.5168659687 -1.0
2.51688098907 1.0
2.53639292717 -1.0
2.53649806976 1.0
2.5524790287 -1.0
2.5530860424 -1.0
2.55310797691 1.0
2.55605006218 -1.0
2.5565059185 -1.0
2.55651402473 1.0
2.5758600235 -1.0
2.59648394585 -1.0
2.59649205208 1.0
2.6161839962 -1.0
2.61628293991 1.0
2.62653708458 -1.0
2.6265630722 1.0
2.6379570961 -1.0
2.67458796501 1.0
2.67923307419 -1.0
2.679240942 1.0
2.6802520752 -1.0
2.68025994301 1.0
2.69427609444 -1.0
2.69428300858 1.0
2.69466996193 -1.0
2.69467997551 1.0
2.71375989914 -1.0
2.71382498741 1.0
2.72719192505 -1.0
2.72724199295 1.0
2.73326206207 -1.0
2.73331308365 1.0
2.75130486488 -1.0
2.75133299828 1.0
2.7525138855 -1.0
2.75292992592 -1.0
2.75293588638 1.0
2.77237701416 -1.0
2.77240490913 1.0
2.8047709465 -1.0
2.8228020668 -1.0
2.82282805443 1.0
2.82295203209 1.0
2.82938194275 -1.0
2.84128808975 -1.0
2.84131407738 1.0
2.84256386757 -1.0
2.87150001526 -1.0
2.87150907516 1.0
2.89108395576 -1.0
2.89717507362 -1.0
2.89718198776 1.0
2.91608595848 -1.0
2.91610908508 1.0
2.91654992104 -1.0
2.91664290428 1.0
2.9331240654 -1.0
2.93314599991 1.0
2.93380498886 -1.0
2.93383002281 1.0
2.93608999252 -1.0
2.97372794151 -1.0
2.97373604774 1.0
2.97382807732 1.0
2.99319291115 -1.0
3.00820398331 -1.0
3.00822901726 1.0
3.01893591881 -1.0
3.01895999908 1.0
3.02761888504 -1.0
3.06154608727 -1.0
3.06155395508 1.0
3.08114886284 -1.0
3.09992003441 -1.0
3.09993004799 1.0
3.11949586868 -1.0
3.13017392159 -1.0
3.13018298149 1.0
3.1498169899 -1.0
3.18657898903 1.0
3.18670392036 -1.0
3.18730807304 -1.0
3.18732905388 1.0
3.20134305954 -1.0
3.20135188103 1.0
3.20633602142 -1.0
3.2063639164 1.0
3.20647406578 1.0
3.21375107765 -1.0
3.21377706528 1.0
3.22587609291 -1.0
3.26258087158 1.0
3.26445388794 -1.0
3.28216791153 -1.0
3.28221702576 1.0
3.35731697083 -1.0
3.35797595978 -1.0
3.35800004005 1.0
3.37750387192 -1.0
3.37752604485 1.0
3.39696288109 -1.0
3.39699101448 1.0
3.41095209122 -1.0
3.41639590263 -1.0
3.41642689705 1.0
3.42865586281 -1.0
3.43611097336 -1.0
3.43613600731 1.0
3.44160199165 -1.0
3.44162201881 1.0
3.45554804802 -1.0
3.45564007759 1.0
3.45567202568 1.0
3.47551393509 -1.0
3.475522995 -1.0
3.47552490234 -1.0
3.47554588318 1.0
3.49726986885 -1.0
3.52360391617 -1.0
3.52361297607 1.0
3.54304695129 -1.0
3.54314398766 1.0
3.5627310276 -1.0
3.59163308144 -1.0
3.59168791771 1.0
3.61116600037 -1.0
3.62019395828 -1.0
3.62020397186 1.0
3.63706493378 -1.0
3.63730502129 1.0
3.6377260685 1.0
3.6396150589 -1.0
3.65740394592 -1.0
3.65741991997 1.0
3.71650886536 -1.0
3.71652293205 1.0
3.73629188538 -1.0
3.88820290565 1.0
3.90787887573 -1.0
3.91998004913 1.0
3.92715287209 -1.0
3.9533560276 -1.0
3.95341992378 1.0
3.97290301323 -1.0
4.00341892242 -1.0
4.00343990326 1.0
4.01808190346 -1.0
4.01852607727 -1.0
4.01853609085 1.0
4.02305197716 -1.0
4.06259202957 1.0
4.0642220974 -1.0
4.06423592567 1.0
4.08222603798 -1.0
4.08223509789 1.0
4.10174703598 -1.0
4.10176205635 1.0
4.16334295273 -1.0
4.16336297989 1.0
4.28969192505 -1.0
4.28971004486 1.0
4.34311199188 -1.0
4.34313988686 1.0
4.75330090523 -1.0
4.75331902504 1.0
4.7666220665 -1.0
4.76663708687 1.0
4.77285599709 -1.0
4.77286505699 1.0
4.7923989296 -1.0
4.7924079895 1.0
4.79305100441 -1.0
4.79306197166 1.0
4.79447889328 -1.0
4.79448604584 1.0
4.80546689034 -1.0
4.80547499657 1.0
4.81185102463 -1.0
4.81185793877 1.0
4.83269691467 -1.0
4.8327050209 1.0
4.84458494186 -1.0
4.84459400177 1.0
4.85209488869 -1.0
4.85210299492 1.0
4.86036491394 -1.0
4.86037397385 1.0
4.86752009392 -1.0
4.86752700806 1.0
4.8676738739 1.0
4.87149000168 -1.0
4.88037395477 -1.0
4.88040208817 1.0
4.89019489288 -1.0
4.89021992683 1.0
4.90079689026 -1.0
4.90328907967 -1.0
4.90330505371 1.0
4.9033870697 1.0
4.92301392555 -1.0
4.92815804482 -1.0
4.92816901207 1.0
4.94764709473 -1.0
4.98658394814 1.0
5.03573393822 1.0
5.09237599373 -1.0
10.0366849899 1.0
10.0369660854 1.0
10.0562839508 -1.0
10.0562999249 1.0
10.0565910339 -1.0
10.075906992 -1.0
14.9081408978 -1.0
14.908176899 1.0
15.0087549686 -1.0
15.0087649822 1.0
33.9599618912 -1.0
33.9599819183 1.0
34.0611519814 -1.0
34.0611820221 1.0
34.8219718933 -1.0
34.8220028877 1.0
34.8601160049 -1.0
34.8601269722 1.0
