0.0 -1.0
0.192729949951 1.0
0.212454795837 -1.0
0.283015966415 -1.0
0.283038854599 1.0
0.283306837082 1.0
0.302838802338 -1.0
0.437785863876 -1.0
0.477546930313 1.0
1.04487681389 -1.0
1.04490280151 1.0
1.06447386742 -1.0
1.06449198723 1.0
1.08251786232 1.0
1.10211181641 -1.0
1.88934993744 -1.0
1.92552280426 1.0
1.94506597519 -1.0
1.94508981705 1.0
1.9461479187 1.0
1.96565580368 -1.0
1.96567082405 1.0
1.98549389839 -1.0
2.20399785042 1.0
2.22366786003 -1.0
2.26979994774 -1.0
2.29236578941 -1.0
2.29241585732 1.0
2.29244279861 -1.0
2.30344080925 -1.0
2.30345487595 1.0
2.30363893509 -1.0
2.3120098114 -1.0
2.31201601028 1.0
2.3122677803 1.0
2.3127758503 1.0
2.31537699699 -1.0
2.31546282768 -1.0
2.3154759407 1.0
2.32679700851 -1.0
2.32687997818 -1.0
2.32690382004 1.0
2.3270919323 -1.0
2.3313999176 -1.0
2.33140897751 1.0
2.33187484741 -1.0
2.33188390732 1.0
2.35096478462 -1.0
2.3581738472 -1.0
2.35819292068 -1.0
2.35821986198 1.0
2.36983990669 -1.0
2.36989283562 -1.0
2.36989879608 1.0
2.37002396584 -1.0
2.37897896767 -1.0
2.37898778915 1.0
2.4100728035 -1.0
2.41989684105 -1.0
2.41990995407 1.0
2.42012786865 -1.0
2.43024396896 -1.0
2.43025588989 1.0
2.43054389954 -1.0
2.43062090874 -1.0
2.43062591553 1.0
2.43939399719 -1.0
2.44725084305 -1.0
2.44725990295 1.0
2.44741201401 -1.0
2.46695494652 -1.0
2.46697187424 1.0
2.46712684631 1.0
2.47042584419 -1.0
2.47049689293 -1.0
2.4705119133 1.0
2.48666286469 -1.0
2.52365684509 -1.0
2.52367591858 1.0
2.52392578125 -1.0
2.53547286987 -1.0
2.53548383713 1.0
2.53559088707 1.0
2.53588700294 -1.0
2.53590893745 1.0
2.54341483116 -1.0
2.55026578903 -1.0
2.55027389526 1.0
2.55044388771 -1.0
2.56339597702 1.0
2.56988692284 -1.0
2.56989884377 1.0
2.58954501152 -1.0
2.59587979317 -1.0
2.59588980675 1.0
2.59603500366 -1.0
2.61542892456 -1.0
2.61544489861 1.0
2.62644791603 -1.0
2.63498497009 -1.0
2.63499593735 1.0
2.64384698868 -1.0
2.64394497871 -1.0
2.64394879341 1.0
2.64691781998 -1.0
2.64699697495 -1.0
2.64701986313 1.0
2.65444278717 -1.0
2.67541980743 -1.0
2.67543387413 1.0
2.67557287216 -1.0
2.67581295967 -1.0
2.67581892014 1.0
2.68927598 -1.0
2.68934392929 -1.0
2.68937087059 1.0
2.69486784935 -1.0
2.72474384308 -1.0
2.72476387024 1.0
2.72517895699 -1.0
2.72527289391 -1.0
2.72527694702 1.0
2.74091982841 -1.0
2.74093985558 -1.0
2.74099183083 1.0
2.74431180954 -1.0
2.74560785294 -1.0
2.74561500549 1.0
2.74573993683 -1.0
2.76531600952 -1.0
2.76532697678 1.0
2.77054691315 -1.0
2.77057790756 -1.0
2.77060985565 1.0
2.77066993713 1.0
2.77076196671 -1.0
2.77997899055 -1.0
2.78000879288 1.0
2.78318691254 -1.0
2.78322601318 -1.0
2.78323888779 1.0
2.7851319313 -1.0
2.79312586784 -1.0
2.79313588142 1.0
2.7990398407 -1.0
2.79914689064 1.0
2.79950690269 -1.0
2.79952788353 1.0
2.81257295609 -1.0
2.82523179054 -1.0
2.82525396347 1.0
2.8396859169 -1.0
2.83970379829 1.0
2.84463882446 -1.0
2.85102987289 -1.0
2.8510389328 1.0
2.86290693283 -1.0
2.86337089539 -1.0
2.86339187622 1.0
2.86900687218 -1.0
2.86901378632 1.0
2.86911678314 1.0
2.87053084373 -1.0
2.8796479702 -1.0
2.87965393066 1.0
2.88916397095 -1.0
2.89825081825 -1.0
2.89825987816 1.0
2.89911794662 -1.0
2.90134692192 -1.0
2.90135979652 1.0
2.91309595108 -1.0
2.91312789917 1.0
2.92083287239 -1.0
2.93250393867 -1.0
2.93253779411 1.0
2.94153594971 -1.0
2.94154596329 1.0
2.95205187798 -1.0
2.95216488838 1.0
2.97241091728 -1.0
2.9966609478 -1.0
2.99672484398 1.0
2.99702191353 1.0
2.99711084366 -1.0
2.99712896347 1.0
3.01616001129 -1.0
3.02953696251 -1.0
3.02955698967 1.0
3.04919481277 -1.0
3.04921483994 1.0
3.06884384155 -1.0
3.10554790497 1.0
3.27546596527 -1.0
3.27553391457 1.0
3.29861783981 -1.0
3.29885983467 -1.0
3.29888081551 1.0
3.31306600571 -1.0
3.31368398666 -1.0
3.31370282173 1.0
3.31378698349 1.0
3.31887078285 -1.0
3.35755181313 1.0
3.37015795708 -1.0
3.37698078156 -1.0
3.37703990936 1.0
3.41045999527 -1.0
3.42284488678 -1.0
3.42289185524 1.0
3.43613696098 -1.0
3.43675994873 -1.0
3.43676781654 1.0
3.44236183167 -1.0
3.44238901138 1.0
3.46193480492 -1.0
3.46196985245 1.0
3.47333097458 -1.0
3.47335290909 1.0
3.48148083687 -1.0
3.48150587082 1.0
3.50109601021 -1.0
3.50115990639 1.0
3.51173400879 -1.0
3.5117919445 1.0
3.52072691917 -1.0
3.52076196671 1.0
3.54042601585 -1.0
3.5404779911 1.0
3.56010985374 -1.0
3.59755396843 1.0
3.60026884079 -1.0
3.60032486916 1.0
3.61713480949 -1.0
3.61719179153 1.0
3.6276948452 -1.0
3.62774896622 1.0
3.63682079315 -1.0
3.63684678078 1.0
3.66425681114 -1.0
3.66431093216 1.0
3.68530297279 -1.0
3.68587899208 -1.0
3.68590188026 1.0
3.70541095734 -1.0
3.70556497574 1.0
3.7056119442 1.0
3.71260690689 -1.0
3.72517299652 -1.0
3.72518587112 -1.0
3.72522997856 1.0
3.9943819046 -1.0
4.0335559845 1.0
4.05331492424 -1.0
4.05333685875 1.0
4.17651391029 -1.0
4.17654395103 1.0
4.28043985367 -1.0
4.28046178818 1.0
4.28068900108 -1.0
4.28069496155 1.0
4.30026388168 -1.0
4.30027985573 1.0
4.69464588165 1.0
4.71479797363 -1.0
8.69494891167 1.0
8.69518494606 1.0
8.71451091766 -1.0
8.71453094482 1.0
8.71471190453 -1.0
8.73411893845 -1.0
15.1973319054 -1.0
15.1973559856 1.0
15.2353649139 -1.0
15.2353727818 1.0
32.5412499905 -1.0
32.5412728786 1.0
33.2587478161 -1.0
33.2587709427 1.0
33.4192678928 -1.0
33.4192898273 1.0
