0.0 -1.0
7.86781311035e-06 1.0
0.00691485404968 -1.0
0.00692391395569 1.0
0.00733590126038 1.0
0.0643639564514 -1.0
0.234586954117 1.0
0.292121887207 -1.0
0.292132854462 1.0
0.348108053207 -1.0
0.440394878387 -1.0
0.440702915192 1.0
0.500290870667 -1.0
0.602355957031 -1.0
0.6393430233 1.0
0.763325929642 -1.0
0.763347864151 1.0
0.921440839767 -1.0
0.921458959579 1.0
1.52465200424 -1.0
1.52466988564 1.0
1.60714483261 -1.0
1.60715603828 1.0
1.60807585716 1.0
1.62780094147 -1.0
2.57832098007 -1.0
2.61535787582 1.0
2.6947388649 -1.0
2.69475984573 1.0
2.69561195374 1.0
2.71434092522 -1.0
2.71546888351 -1.0
2.71547603607 1.0
2.73496198654 -1.0
3.14900803566 -1.0
3.18736100197 1.0
3.2303609848 -1.0
3.23038101196 1.0
3.26709794998 -1.0
3.26711297035 1.0
3.30968403816 -1.0
3.30970001221 1.0
3.32923793793 -1.0
3.3292529583 1.0
3.34538602829 -1.0
3.34539484978 1.0
3.3487508297 -1.0
3.34875702858 1.0
3.34895896912 1.0
3.34945082664 1.0
3.36883997917 -1.0
3.36885404587 1.0
3.36940693855 -1.0
3.38833999634 -1.0
3.42189693451 -1.0
3.42382287979 -1.0
3.423858881 1.0
3.44334602356 -1.0
3.48335886002 1.0
3.49439883232 -1.0
3.49441385269 1.0
3.50302386284 -1.0
3.50303196907 1.0
3.52483201027 -1.0
3.52483987808 1.0
3.52494502068 1.0
3.57100582123 -1.0
3.57175898552 -1.0
3.57177996635 1.0
3.58190393448 -1.0
3.58191084862 1.0
3.58260798454 -1.0
3.59148192406 -1.0
3.59149098396 1.0
3.59984588623 1.0
3.60996484756 -1.0
3.61000704765 1.0
3.61101984978 -1.0
3.64622092247 -1.0
3.64623188972 1.0
3.65213894844 -1.0
3.65216493607 1.0
3.65256404877 -1.0
3.65257096291 1.0
3.65257787704 -1.0
3.66596102715 -1.0
3.66599702835 1.0
3.7251098156 -1.0
3.72512984276 1.0
3.72993803024 -1.0
3.72994804382 1.0
3.7322640419 -1.0
3.73229885101 1.0
3.73239803314 1.0
3.7450158596 -1.0
3.74503898621 1.0
3.74973082542 -1.0
3.74973988533 1.0
3.76115894318 -1.0
3.76116800308 1.0
3.76936292648 -1.0
3.80735588074 1.0
3.80841588974 -1.0
3.80844688416 1.0
3.81843495369 -1.0
3.81846094131 1.0
3.81928992271 -1.0
3.81929588318 1.0
3.81939196587 1.0
3.82077693939 -1.0
3.82190990448 -1.0
3.82192897797 1.0
3.82376790047 -1.0
3.82492589951 -1.0
3.82493185997 1.0
3.8264298439 -1.0
3.82706403732 -1.0
3.82707285881 1.0
3.82815694809 -1.0
3.82816386223 1.0
3.82873487473 -1.0
3.8380818367 -1.0
3.83808994293 1.0
3.83904385567 -1.0
3.83906793594 1.0
3.87642884254 -1.0
3.87644386292 1.0
3.88564896584 -1.0
3.88569283485 1.0
3.88826394081 -1.0
3.88830184937 1.0
3.89014291763 -1.0
3.89015102386 1.0
3.89093184471 -1.0
3.89095687866 1.0
3.89189887047 -1.0
3.89190602303 1.0
3.90416884422 -1.0
3.90417695045 1.0
3.90550494194 -1.0
3.90554094315 1.0
3.92108988762 -1.0
3.92500090599 -1.0
3.92501091957 1.0
3.9316740036 -1.0
3.93169593811 1.0
3.94454693794 -1.0
3.96404099464 -1.0
3.96404886246 1.0
3.98347902298 -1.0
4.02335500717 1.0
4.0452029705 -1.0
4.04526090622 1.0
4.06486082077 -1.0
4.06492781639 1.0
4.13139104843 -1.0
4.13146591187 1.0
4.25313782692 -1.0
4.29137301445 1.0
4.3763730526 -1.0
4.41535997391 1.0
4.45125389099 -1.0
4.48736000061 1.0
5.09233593941 1.0
5.14860486984 -1.0
5.29220294952 -1.0
5.29222393036 1.0
5.32378196716 -1.0
5.32379603386 1.0
5.37964892387 -1.0
5.37966489792 1.0
5.38451004028 -1.0
5.38451695442 1.0
5.38641405106 -1.0
5.38642191887 1.0
5.38840103149 -1.0
5.38840889931 1.0
5.39059901237 -1.0
5.39060902596 1.0
5.39210104942 -1.0
5.39210796356 1.0
5.39960002899 -1.0
5.3996078968 1.0
5.40483593941 -1.0
5.40484404564 1.0
5.40566897392 -1.0
5.40567493439 1.0
5.40576696396 1.0
5.40618681908 -1.0
5.41907501221 -1.0
5.41908288002 1.0
5.42521595955 -1.0
5.42522501945 1.0
5.44013881683 -1.0
5.44017982483 1.0
5.45994901657 -1.0
5.49936485291 1.0
5.5203909874 -1.0
5.52738499641 -1.0
5.52741599083 1.0
5.54695987701 -1.0
5.54701185226 1.0
5.64710402489 -1.0
5.64716887474 1.0
5.68904304504 -1.0
5.72688102722 -1.0
5.7268948555 1.0
5.74638700485 -1.0
5.74643397331 1.0
10.0926580429 1.0
10.0928988457 1.0
10.1124370098 -1.0
10.1124458313 1.0
10.1688268185 -1.0
15.15147686 -1.0
15.1515069008 1.0
15.2030808926 -1.0
15.2030940056 1.0
33.8303108215 -1.0
33.8303408623 1.0
33.9892559052 -1.0
33.9892749786 1.0
