0.0 -1.0
4.38690185547e-05 1.0
0.0506539344788 -1.0
0.0506629943848 1.0
0.106703042984 -1.0
0.224884986877 -1.0
0.225153923035 1.0
0.282671928406 -1.0
0.282683849335 1.0
0.293217897415 -1.0
0.332830905914 1.0
0.3386759758 -1.0
0.605401039124 -1.0
0.605422973633 1.0
0.966753959656 -1.0
0.966773033142 1.0
0.986224889755 -1.0
0.986233949661 1.0
1.00574302673 1.0
1.02540397644 -1.0
1.75007605553 -1.0
1.7888379097 1.0
1.80833888054 -1.0
1.80835294724 1.0
1.80932497978 1.0
1.82884502411 -1.0
1.82885503769 1.0
1.84838104248 -1.0
2.08090090752 -1.0
2.09376597404 -1.0
2.09380292892 1.0
2.11327385902 -1.0
2.13097882271 -1.0
2.13098788261 1.0
2.13451886177 -1.0
2.13503599167 -1.0
2.13504290581 1.0
2.15043497086 -1.0
2.15555691719 -1.0
2.15556383133 1.0
2.15839600563 -1.0
2.15871596336 -1.0
2.15872502327 1.0
2.16068291664 -1.0
2.16140699387 -1.0
2.16141486168 1.0
2.17032504082 -1.0
2.17541193962 -1.0
2.17543387413 1.0
2.17555999756 1.0
2.17835187912 -1.0
2.17835998535 1.0
2.18685603142 -1.0
2.18705201149 -1.0
2.18705797195 1.0
2.19506287575 -1.0
2.19507098198 1.0
2.19532394409 -1.0
2.19607686996 -1.0
2.19609904289 1.0
2.1980009079 -1.0
2.22300601006 -1.0
2.22301602364 1.0
2.22448682785 -1.0
2.22533392906 -1.0
2.2253408432 1.0
2.24250483513 -1.0
2.27075505257 -1.0
2.27078199387 1.0
2.27097296715 -1.0
2.27097892761 1.0
2.27106785774 1.0
2.27162790298 -1.0
2.27286791801 -1.0
2.27288794518 1.0
2.27370595932 -1.0
2.27465295792 -1.0
2.27465987206 1.0
2.27499699593 -1.0
2.28119587898 -1.0
2.28120303154 1.0
2.29427099228 -1.0
2.29428887367 -1.0
2.29430985451 1.0
2.29450583458 1.0
2.29479289055 -1.0
2.30109095573 -1.0
2.30111384392 1.0
2.30283784866 -1.0
2.30371189117 -1.0
2.30373096466 1.0
2.30631303787 -1.0
2.30631995201 1.0
2.31439900398 -1.0
2.31442594528 1.0
2.3158929348 -1.0
2.31590104103 1.0
2.31905198097 -1.0
2.32112789154 -1.0
2.32115602493 1.0
2.32343196869 -1.0
2.3234398365 1.0
2.33262205124 -1.0
2.33395504951 -1.0
2.33396196365 1.0
2.33914494514 -1.0
2.33915400505 1.0
2.33972096443 -1.0
2.3397269249 1.0
2.3423948288 -1.0
2.34924197197 -1.0
2.34926104546 1.0
2.35343289375 -1.0
2.35343885422 1.0
2.36006093025 -1.0
2.36014699936 1.0
2.36861896515 -1.0
2.40484189987 1.0
2.4189209938 -1.0
2.42450904846 -1.0
2.42453789711 1.0
2.61429095268 -1.0
2.65284204483 1.0
2.67239785194 -1.0
2.7088098526 1.0
2.72427797318 -1.0
2.72430491447 1.0
2.72863292694 -1.0
2.72868585587 1.0
2.77093791962 -1.0
2.77096891403 1.0
2.79124999046 -1.0
2.79133296013 1.0
2.79155302048 -1.0
2.81102991104 -1.0
2.81105899811 1.0
2.81124997139 1.0
2.81168484688 1.0
2.83125305176 -1.0
2.83126497269 1.0
2.8868868351 -1.0
2.88689899445 1.0
2.90633797646 -1.0
3.06268882751 1.0
3.08232092857 -1.0
3.0965590477 1.0
3.11611604691 -1.0
3.12553691864 -1.0
3.14086484909 -1.0
3.14089083672 1.0
3.16023302078 -1.0
3.16447591782 -1.0
3.16448497772 1.0
3.1839120388 -1.0
3.22082996368 1.0
3.24041295052 -1.0
3.24042701721 1.0
3.24066185951 1.0
3.29885792732 -1.0
3.31166100502 -1.0
3.34882688522 1.0
3.34981584549 -1.0
3.3498249054 1.0
3.36842703819 -1.0
3.36844086647 1.0
3.63491487503 -1.0
3.63493490219 1.0
3.64753103256 -1.0
3.64754390717 1.0
3.65430402756 -1.0
3.6543109417 1.0
3.69138884544 -1.0
3.69140505791 1.0
3.97809696198 -1.0
3.97811484337 1.0
3.98600697517 -1.0
3.98601388931 1.0
3.99768185616 -1.0
3.99768900871 1.0
4.21445584297 -1.0
4.21447396278 1.0
4.22733092308 -1.0
4.22734189034 1.0
4.23409700394 -1.0
4.23410892487 1.0
4.32225394249 -1.0
4.32226896286 1.0
4.32495903969 -1.0
4.32497882843 1.0
4.33273386955 -1.0
4.33274197578 1.0
4.3343360424 -1.0
4.33434391022 1.0
4.33444905281 -1.0
4.33445191383 1.0
4.33453083038 1.0
4.33625602722 -1.0
4.34185099602 -1.0
4.3418738842 1.0
4.34466505051 -1.0
4.34470200539 1.0
4.354159832 -1.0
4.36032390594 -1.0
4.36033201218 1.0
4.36158299446 -1.0
4.36429905891 -1.0
4.36430597305 1.0
4.37661790848 -1.0
4.38387799263 -1.0
4.38389086723 1.0
5.09564995766 1.0
5.15515303612 -1.0
9.09567594528 1.0
9.09592294693 1.0
9.11519289017 -1.0
9.1152009964 1.0
9.11528897285 -1.0
9.13469386101 -1.0
15.3165588379 -1.0
15.3528318405 1.0
15.3965518475 -1.0
15.3965809345 1.0
34.044962883 -1.0
34.0449829102 1.0
34.1013510227 -1.0
34.1013629436 1.0
34.2637310028 -1.0
34.2637488842 1.0
