0.0 -1.0
1.78813934326e-05 1.0
0.0562760829926 -1.0
0.0562920570374 1.0
0.106873035431 -1.0
0.106904983521 -1.0
0.106942892075 1.0
0.106981039047 -1.0
0.122776985168 -1.0
0.122786045074 1.0
0.142274856567 -1.0
0.145029067993 1.0
0.185883998871 -1.0
0.185901880264 1.0
0.233867883682 -1.0
0.233892917633 -1.0
0.233936071396 1.0
0.234354019165 1.0
0.258251905441 -1.0
0.258266925812 1.0
0.258285045624 -1.0
0.258385896683 -1.0
0.258391857147 1.0
0.277912855148 -1.0
0.315100908279 1.0
0.467089891434 -1.0
0.467377901077 1.0
0.524214029312 -1.0
0.624944925308 -1.0
0.663105010986 1.0
0.810754060745 -1.0
0.847102880478 1.0
1.01026296616 -1.0
1.04711985588 1.0
1.43619394302 -1.0
1.43621492386 1.0
1.51641988754 -1.0
1.51643490791 1.0
1.51735401154 1.0
1.5370850563 -1.0
2.50976896286 -1.0
2.54710507393 1.0
2.62710094452 -1.0
2.62712407112 1.0
2.62801790237 1.0
2.64697098732 -1.0
2.64785695076 -1.0
2.6478638649 1.0
2.66754794121 -1.0
2.66756105423 1.0
2.68715286255 -1.0
3.08043289185 -1.0
3.11911296844 1.0
3.16127896309 -1.0
3.16130185127 1.0
3.19496107101 -1.0
3.19498085976 1.0
3.2419860363 -1.0
3.24200391769 1.0
3.2616109848 -1.0
3.26162290573 1.0
3.27326607704 -1.0
3.27327299118 1.0
3.28115987778 -1.0
3.28116607666 1.0
3.28138208389 1.0
3.28184986115 1.0
3.30093097687 -1.0
3.30095100403 1.0
3.30145192146 -1.0
3.32041501999 -1.0
3.53282499313 1.0
3.55304288864 -1.0
3.5530538559 1.0
3.5725710392 -1.0
3.73385500908 -1.0
3.77110600471 1.0
3.81252098083 -1.0
3.81254005432 1.0
3.87521791458 -1.0
3.87524104118 1.0
3.8948829174 -1.0
3.89489388466 1.0
3.89519786835 1.0
3.91479587555 -1.0
3.95374393463 -1.0
3.99111199379 1.0
4.01066398621 -1.0
4.01068496704 1.0
4.01094293594 1.0
4.0615170002 -1.0
4.07029700279 -1.0
4.07033705711 1.0
4.07098984718 -1.0
4.07101488113 1.0
4.08986186981 -1.0
4.12710404396 1.0
4.142111063 -1.0
4.14213085175 1.0
4.14222407341 -1.0
4.14222788811 1.0
4.14694285393 -1.0
4.14695096016 1.0
4.14703798294 1.0
4.14959692955 -1.0
4.14962005615 1.0
4.16635394096 -1.0
4.20310807228 1.0
4.2044479847 -1.0
4.21974492073 -1.0
4.21980404854 1.0
4.22028493881 -1.0
4.22030687332 1.0
4.2227230072 -1.0
4.22274589539 1.0
4.2228410244 1.0
4.22795891762 -1.0
4.22798585892 1.0
4.2422618866 -1.0
4.27908587456 1.0
4.28045487404 -1.0
4.30049490929 -1.0
4.30056405067 1.0
4.30221700668 -1.0
4.30224704742 1.0
4.30424404144 -1.0
4.30425190926 1.0
4.32013702393 -1.0
4.3202278614 1.0
4.3431968689 -1.0
4.34325504303 1.0
4.37707686424 -1.0
4.3771378994 1.0
4.37749004364 -1.0
4.37751102448 1.0
4.38014388084 -1.0
4.3801510334 1.0
4.38023400307 1.0
4.38069796562 -1.0
4.38070702553 -1.0
4.38072299957 1.0
4.38093686104 -1.0
4.38095498085 1.0
4.38160395622 -1.0
4.38161087036 1.0
4.39716601372 -1.0
4.39723706245 1.0
4.42191100121 -1.0
4.4219250679 1.0
4.44161105156 -1.0
4.45558786392 -1.0
4.45560002327 1.0
4.45865893364 -1.0
4.45868086815 1.0
4.45878887177 1.0
4.46197104454 -1.0
4.46199989319 1.0
4.47531795502 -1.0
4.47533297539 1.0
4.4784860611 -1.0
4.47851586342 1.0
4.51649594307 -1.0
4.51651406288 1.0
4.53565788269 -1.0
4.53570890427 1.0
4.53638291359 -1.0
4.53640604019 1.0
4.53800106049 -1.0
4.53801107407 1.0
4.5387070179 -1.0
4.53872299194 1.0
4.55676388741 -1.0
4.55681300163 1.0
4.55779290199 -1.0
4.55780386925 1.0
4.55838489532 -1.0
4.55839395523 1.0
4.57647895813 -1.0
4.57648801804 1.0
4.61629986763 -1.0
4.61635994911 1.0
4.61647605896 1.0
4.63589787483 -1.0
4.67252492905 -1.0
4.67253804207 1.0
4.694617033 -1.0
4.69466805458 1.0
4.74129891396 -1.0
4.77294588089 -1.0
4.77296185493 1.0
4.79255485535 -1.0
4.83110594749 1.0
5.10795307159 1.0
5.16856694221 -1.0
5.16858696938 1.0
5.17506504059 -1.0
5.1750729084 1.0
5.188133955 -1.0
5.25566697121 -1.0
5.25568604469 1.0
5.30379199982 -1.0
5.30381608009 1.0
9.10891604424 1.0
9.12887001038 -1.0
9.12889385223 1.0
9.14865994453 -1.0
10.1092250347 1.0
10.1286489964 -1.0
10.1286580563 1.0
10.1481339931 -1.0
15.4501368999 -1.0
15.4501619339 1.0
15.4896519184 -1.0
15.489661932 1.0
34.117661953 -1.0
34.1176869869 1.0
34.4093658924 -1.0
34.4093868732 1.0
