0.0 -1.0
0.180516004562 -1.0
0.180798053741 1.0
0.200283050537 -1.0
0.937808990479 -1.0
0.97544002533 1.0
0.995103120804 -1.0
0.995115995407 1.0
0.996043920517 1.0
1.01549696922 -1.0
1.7503080368 -1.0
1.78743815422 1.0
1.80707597733 -1.0
1.80709505081 1.0
1.80804991722 1.0
1.80959415436 1.0
1.82768392563 -1.0
1.82770109177 1.0
1.82943201065 -1.0
1.84733104706 -1.0
2.05915498734 1.0
2.06019592285 1.0
2.07883501053 -1.0
2.07884502411 1.0
2.07968091965 -1.0
2.09826397896 -1.0
2.1450419426 -1.0
2.14517498016 1.0
2.16269302368 -1.0
2.16272497177 1.0
2.16467809677 -1.0
2.20343494415 1.0
2.220058918 -1.0
2.22007513046 1.0
2.22285699844 -1.0
2.22286510468 1.0
2.22307705879 1.0
2.26248502731 -1.0
2.26275396347 1.0
2.30974411964 -1.0
2.30995702744 1.0
2.33034801483 -1.0
2.33053898811 1.0
2.35075998306 -1.0
2.35102796555 1.0
2.37131094933 -1.0
2.37151694298 1.0
2.39141106606 -1.0
2.43143415451 1.0
2.45104193687 -1.0
2.45107102394 1.0
2.47965192795 -1.0
2.47966814041 1.0
2.49925899506 -1.0
2.49926805496 1.0
2.54194307327 -1.0
2.54195404053 1.0
2.55365896225 -1.0
2.55369114876 1.0
2.56143903732 -1.0
2.56146812439 1.0
2.65060400963 -1.0
2.65066695213 1.0
2.69132494926 -1.0
2.7054901123 -1.0
2.7055311203 1.0
2.72503495216 -1.0
2.72510504723 1.0
2.73061299324 -1.0
2.73063802719 1.0
2.732006073 -1.0
2.73202705383 1.0
2.74471306801 -1.0
2.74480104446 1.0
2.74629211426 -1.0
2.74631500244 1.0
2.74804806709 -1.0
2.74859499931 -1.0
2.74860095978 1.0
2.75020194054 -1.0
2.76489400864 -1.0
2.76490402222 1.0
2.77132201195 -1.0
2.77135014534 1.0
2.78016996384 -1.0
2.78088212013 -1.0
2.78088903427 1.0
2.78432607651 -1.0
2.78435397148 1.0
2.78443193436 1.0
2.78831410408 -1.0
2.80408501625 -1.0
2.80411601067 1.0
2.84017300606 -1.0
3.12884998322 -1.0
3.14298701286 -1.0
3.14303994179 1.0
3.16313695908 -1.0
3.16884708405 -1.0
3.16885495186 1.0
3.18843197823 -1.0
3.22743701935 1.0
3.24388003349 -1.0
3.24389004707 1.0
3.24709415436 -1.0
3.24710202217 1.0
3.26023101807 -1.0
3.26024007797 1.0
3.26082015038 -1.0
3.26082992554 1.0
3.26090192795 1.0
3.26115107536 -1.0
3.26171302795 -1.0
3.26173305511 1.0
3.26673913002 -1.0
3.28047299385 -1.0
3.28192591667 -1.0
3.28193211555 1.0
3.28230214119 -1.0
3.28233003616 1.0
3.29792308807 -1.0
3.29818892479 -1.0
3.29819512367 1.0
3.29938197136 -1.0
3.29949212074 1.0
3.29963302612 -1.0
3.29964900017 1.0
3.30151796341 -1.0
3.30570602417 -1.0
3.305727005 1.0
3.31630301476 -1.0
3.31698513031 -1.0
3.31699299812 1.0
3.31995010376 -1.0
3.32523798943 -1.0
3.32524394989 1.0
3.33150410652 -1.0
3.33152699471 1.0
3.34038805962 -1.0
3.34094500542 -1.0
3.34095311165 1.0
3.34218502045 -1.0
3.34328508377 -1.0
3.34329199791 1.0
3.34471011162 -1.0
3.35535812378 -1.0
3.35536694527 1.0
3.36302113533 -1.0
3.36313700676 1.0
3.36350011826 -1.0
3.36351799965 1.0
3.36771607399 -1.0
3.36805105209 -1.0
3.36806893349 1.0
3.37162208557 -1.0
3.37231302261 -1.0
3.37231993675 1.0
3.37496304512 -1.0
3.38208913803 -1.0
3.38211202621 1.0
3.38368797302 -1.0
3.38369703293 1.0
3.40166711807 -1.0
3.43943214417 1.0
3.44019412994 -1.0
3.44765210152 -1.0
3.44796299934 -1.0
3.44797992706 1.0
3.4491109848 -1.0
3.44913291931 1.0
3.44920492172 1.0
3.45027399063 -1.0
3.45029592514 1.0
3.4509871006 -1.0
3.4529531002 -1.0
3.45300102234 1.0
3.45458912849 -1.0
3.45460891724 1.0
3.45551204681 -1.0
3.45619606972 -1.0
3.45620298386 1.0
3.45658707619 -1.0
3.46770215034 -1.0
3.46772408485 1.0
3.46894097328 -1.0
3.46894907951 1.0
3.47052097321 -1.0
3.47052907944 1.0
3.48848104477 -1.0
3.5037150383 -1.0
3.50372314453 1.0
3.52336001396 -1.0
3.52350997925 1.0
3.52959513664 -1.0
3.5296189785 1.0
3.53286099434 -1.0
3.53288197517 1.0
3.54338812828 -1.0
3.54530405998 -1.0
3.5453119278 1.0
3.554708004 -1.0
3.55486893654 -1.0
3.55487513542 1.0
3.56391406059 -1.0
3.56393504143 1.0
3.56472706795 -1.0
3.56480002403 1.0
3.5659930706 -1.0
3.56600999832 1.0
3.56808304787 -1.0
3.56856012344 -1.0
3.5685801506 1.0
3.58423614502 -1.0
3.59254908562 -1.0
3.59255599976 1.0
3.59455013275 -1.0
3.59456896782 1.0
3.6119351387 -1.0
3.65141892433 1.0
5.02422499657 1.0
5.08047914505 -1.0
8.02525115013 1.0
8.02551698685 1.0
8.04473996162 -1.0
8.04475092888 1.0
8.04514503479 -1.0
8.06421208382 -1.0
14.5491409302 -1.0
14.5491709709 1.0
14.5700969696 -1.0
14.570109129 1.0
32.5532131195 -1.0
32.5532369614 1.0
32.6740550995 -1.0
32.6740779877 1.0
33.1269049644 -1.0
33.1269271374 1.0
33.2134699821 -1.0
33.2134809494 1.0
33.2915301323 -1.0
33.29154706 1.0
33.4191579819 -1.0
33.41918993 1.0
