0.0 -1.0
0.230468034744 1.0
0.251340866089 -1.0
0.310914993286 -1.0
0.311163902283 1.0
0.330811023712 -1.0
0.462620973587 -1.0
0.463016986847 1.0
0.482686042786 -1.0
0.540726900101 -1.0
0.579651832581 1.0
0.59937286377 -1.0
0.599383831024 1.0
0.599695920944 1.0
0.61931681633 -1.0
0.634848833084 -1.0
0.634891033173 1.0
0.637607812881 1.0
0.694221019745 -1.0
0.694231987 1.0
0.714188814163 -1.0
0.714669942856 -1.0
0.715001821518 1.0
0.774135828018 -1.0
0.774147987366 1.0
0.793747901917 -1.0
0.888854980469 1.0
0.946171045303 -1.0
0.965282917023 1.0
1.0221760273 -1.0
1.21601986885 -1.0
1.25561881065 1.0
1.27551484108 -1.0
1.27552700043 1.0
1.27641487122 1.0
1.29596400261 -1.0
2.0757188797 -1.0
2.07578492165 1.0
2.07828688622 1.0
2.09784889221 -1.0
2.09786081314 1.0
2.11657500267 -1.0
2.15445995331 -1.0
2.15565395355 1.0
2.16631698608 -1.0
2.16632890701 1.0
2.16696500778 1.0
2.17272400856 1.0
2.17552685738 -1.0
2.18653202057 -1.0
2.18653988838 1.0
2.19233703613 -1.0
2.20609998703 -1.0
2.23821592331 -1.0
2.27564787865 1.0
2.31888484955 -1.0
2.31889891624 1.0
2.31916284561 1.0
2.38227891922 -1.0
2.38228797913 1.0
2.39404702187 -1.0
2.39407896996 1.0
2.40171504021 -1.0
2.40172290802 1.0
2.42880797386 1.0
2.44854688644 -1.0
2.448554039 1.0
2.45397996902 -1.0
2.4916498661 1.0
2.49755501747 -1.0
2.49756503105 1.0
2.5112388134 -1.0
2.54764890671 1.0
2.55436301231 -1.0
2.56743502617 -1.0
2.56754398346 1.0
2.56776189804 1.0
2.62335991859 -1.0
2.62337684631 1.0
2.63998603821 1.0
2.65962791443 -1.0
2.65963482857 1.0
2.66095089912 -1.0
2.66806483269 -1.0
2.66808891296 1.0
2.67639803886 -1.0
2.67694091797 1.0
2.68758392334 -1.0
2.68759703636 1.0
2.70705103874 -1.0
2.736068964 -1.0
2.73623895645 1.0
2.74271798134 -1.0
2.74275493622 1.0
2.74375581741 -1.0
2.74377703667 1.0
2.74846291542 -1.0
2.75588703156 -1.0
2.75589585304 1.0
2.81396484375 -1.0
2.81426000595 -1.0
2.81428098679 1.0
2.8179090023 -1.0
2.81793498993 1.0
2.83442783356 -1.0
2.8716340065 1.0
2.8738899231 1.0
2.88673782349 -1.0
2.89113593102 -1.0
2.8911588192 1.0
2.89407896996 -1.0
2.89410281181 1.0
2.8985979557 -1.0
2.89862394333 1.0
2.91071987152 -1.0
2.91080904007 1.0
2.92751598358 1.0
2.93026590347 -1.0
2.96752285957 -1.0
2.9675359726 1.0
2.97424793243 -1.0
2.97453999519 -1.0
2.97454881668 1.0
2.98711395264 -1.0
2.98712897301 1.0
3.00284385681 -1.0
3.00667500496 -1.0
3.00668287277 1.0
3.04434585571 -1.0
3.04582285881 -1.0
3.04584884644 1.0
3.04963588715 -1.0
3.0496430397 1.0
3.05479598045 -1.0
3.05481982231 1.0
3.06525802612 -1.0
3.10365200043 1.0
3.12329983711 -1.0
3.12331199646 -1.0
3.12334489822 1.0
3.12597584724 -1.0
3.1259829998 1.0
3.13034081459 -1.0
3.13036489487 1.0
3.13044786453 1.0
3.14288496971 -1.0
3.17966794968 1.0
3.18632102013 -1.0
3.18632888794 1.0
3.1987349987 -1.0
3.19877290726 1.0
3.19916987419 -1.0
3.19930195808 -1.0
3.1993060112 1.0
3.20260095596 -1.0
3.20264196396 1.0
3.20745992661 -1.0
3.21894097328 -1.0
3.21894788742 1.0
3.27582383156 -1.0
3.27585291862 1.0
3.27694296837 -1.0
3.27696585655 1.0
3.28100895882 -1.0
3.28101587296 1.0
3.28138589859 -1.0
3.28810286522 -1.0
3.28812384605 1.0
3.28821897507 1.0
3.29536294937 -1.0
3.33163189888 1.0
3.34641695023 -1.0
3.3512468338 -1.0
3.3512840271 1.0
3.35654497147 -1.0
3.35658788681 1.0
3.35703802109 -1.0
3.35705900192 1.0
3.35991382599 -1.0
3.35992097855 1.0
3.37074398994 -1.0
3.37076592445 1.0
3.39186501503 -1.0
3.39188885689 1.0
3.46632385254 -1.0
3.46871089935 -1.0
3.46873402596 1.0
3.47204589844 -1.0
3.47205281258 1.0
3.474421978 -1.0
3.47625899315 -1.0
3.47627997398 1.0
3.47721791267 -1.0
3.47722482681 1.0
3.47732186317 1.0
3.48822188377 -1.0
3.52763700485 1.0
3.53482985497 -1.0
3.53484487534 1.0
3.53824281693 -1.0
3.53825092316 1.0
3.54708886147 -1.0
3.58044290543 -1.0
3.58045101166 1.0
3.59292602539 -1.0
3.59295201302 1.0
3.60012102127 -1.0
3.61288499832 -1.0
3.61291003227 1.0
3.61301898956 1.0
3.61389684677 -1.0
3.61428999901 -1.0
3.61430883408 1.0
3.61455893517 1.0
3.61457204819 -1.0
3.61633396149 -1.0
3.61635494232 1.0
3.63241696358 -1.0
3.6342279911 -1.0
3.63423895836 1.0
3.6537938118 -1.0
3.69164991379 1.0
3.71110987663 -1.0
3.71115994453 1.0
3.71216487885 1.0
3.730686903 -1.0
3.76763796806 1.0
3.77034401894 -1.0
3.78784298897 -1.0
3.78788995743 1.0
3.9161438942 -1.0
3.9173579216 1.0
3.94703602791 -1.0
3.98365187645 1.0
4.03683781624 -1.0
4.04194903374 -1.0
4.04197597504 1.0
4.06182098389 -1.0
4.06186485291 1.0
4.10114383698 -1.0
4.10117983818 1.0
4.11174798012 -1.0
4.11176896095 1.0
4.12066102028 -1.0
4.12068581581 1.0
4.15353798866 -1.0
4.1535718441 1.0
4.16767501831 1.0
4.16971683502 -1.0
4.17304301262 -1.0
4.17306685448 1.0
4.22639799118 -1.0
4.22640895844 1.0
4.24603199959 -1.0
4.65855884552 -1.0
4.69565081596 1.0
4.71546697617 -1.0
4.71547985077 1.0
4.78131103516 -1.0
4.78132200241 1.0
4.78163599968 1.0
4.80114197731 -1.0
4.8114938736 -1.0
4.81152582169 1.0
4.86352801323 -1.0
4.86624503136 1.0
4.88591790199 -1.0
4.88592982292 1.0
4.89383101463 -1.0
4.90562701225 -1.0
4.90566492081 1.0
4.97912788391 -1.0
4.98905587196 -1.0
4.98909282684 1.0
5.00680685043 -1.0
5.0068218708 1.0
5.00876188278 -1.0
5.00885295868 1.0
5.0415430069 -1.0
5.04394984245 1.0
5.05831885338 -1.0
5.05834889412 1.0
5.06342983246 -1.0
5.06352186203 1.0
5.06552696228 -1.0
5.06555104256 1.0
5.08303403854 -1.0
5.11964488029 1.0
5.12578701973 -1.0
5.12582993507 1.0
5.1378428936 -1.0
5.1378698349 1.0
5.1390080452 -1.0
5.13903093338 1.0
5.15846681595 -1.0
5.15851688385 1.0
5.2105948925 -1.0
5.21066904068 1.0
5.21104383469 -1.0
5.21106696129 1.0
5.21829986572 -1.0
5.21832704544 1.0
5.23023700714 -1.0
5.23028993607 1.0
5.28437781334 -1.0
5.28444385529 1.0
5.28697395325 -1.0
5.28809189796 -1.0
5.28811001778 1.0
5.29478096962 -1.0
5.2947909832 1.0
5.2948949337 1.0
5.30384302139 -1.0
5.34364390373 1.0
5.3505179882 -1.0
5.52487397194 -1.0
5.52496004105 1.0
6.07388591766 1.0
6.07424092293 1.0
6.09339594841 -1.0
6.09340381622 1.0
6.09366297722 -1.0
6.11292886734 -1.0
6.29925084114 -1.0
6.29926800728 1.0
8.07486987114 1.0
8.09449982643 -1.0
8.0945110321 1.0
8.11398887634 -1.0
9.07499885559 1.0
9.0752120018 1.0
9.07537484169 1.0
9.07550001144 1.0
9.09457802773 -1.0
9.09459495544 1.0
9.09498095512 -1.0
9.09498596191 -1.0
9.09498786926 -1.0
9.11415481567 -1.0
10.0749418736 1.0
10.0945370197 -1.0
10.0945470333 1.0
10.1142120361 -1.0
10.6206159592 -1.0
10.6206429005 1.0
18.8221409321 -1.0
18.8221628666 1.0
18.8639779091 -1.0
18.8639929295 1.0
18.9062559605 -1.0
18.9062700272 1.0
33.040060997 -1.0
33.0400810242 1.0
34.0529699326 -1.0
34.052989006 1.0
