0.0 -1.0
0.0381019115448 -1.0
0.0386610031128 1.0
0.0960569381714 -1.0
0.135990858078 -1.0
0.17795085907 1.0
0.192143917084 1.0
0.234076976776 -1.0
0.234924793243 1.0
0.292001008987 -1.0
0.292011976242 1.0
0.348029851913 -1.0
0.393102884293 -1.0
0.393394947052 1.0
0.435026884079 -1.0
0.435380935669 1.0
0.492186784744 -1.0
0.556006908417 -1.0
0.593939781189 1.0
0.633246898651 -1.0
0.66656088829 -1.0
0.666576862335 1.0
0.666601896286 -1.0
0.686156988144 -1.0
0.686168909073 1.0
0.689030885696 1.0
0.707381010056 -1.0
0.708585977554 -1.0
0.708594799042 1.0
0.728083848953 -1.0
0.86488699913 -1.0
0.901914834976 1.0
0.934366941452 -1.0
0.973917961121 1.0
1.03753995895 -1.0
1.04116082191 -1.0
1.04118990898 1.0
1.0413107872 -1.0
1.06063079834 -1.0
1.06063890457 1.0
1.06943392754 -1.0
1.08050990105 -1.0
1.08051681519 1.0
1.51646184921 -1.0
1.51648378372 1.0
1.5966219902 -1.0
1.59664177895 1.0
1.59759378433 1.0
1.61713790894 -1.0
2.64273500443 -1.0
2.68193483353 1.0
2.75860190392 -1.0
2.75862288475 1.0
2.75950884819 1.0
2.77831792831 -1.0
2.7790517807 -1.0
2.77905988693 1.0
2.79875087738 -1.0
2.79877090454 1.0
2.81853079796 -1.0
3.2121989727 -1.0
3.24994492531 1.0
3.29260587692 -1.0
3.29262900352 1.0
3.3270637989 -1.0
3.32708597183 1.0
3.37272691727 -1.0
3.37274193764 1.0
3.39236688614 -1.0
3.39237880707 1.0
3.40535187721 -1.0
3.40535998344 1.0
3.4118578434 -1.0
3.41186499596 1.0
3.41210889816 1.0
3.41260695457 1.0
3.43182992935 -1.0
3.4318459034 1.0
3.43220090866 -1.0
3.45134592056 -1.0
3.66298794746 1.0
3.68246984482 -1.0
3.68248295784 1.0
3.70195388794 -1.0
3.90593981743 -1.0
3.94593787193 1.0
3.98641300201 -1.0
3.98643183708 1.0
4.05085587502 -1.0
4.05087399483 1.0
4.05088186264 -1.0
4.05088686943 1.0
4.05111694336 -1.0
4.05112099648 1.0
4.05137896538 1.0
4.07056689262 -1.0
4.07071900368 -1.0
4.10993695259 1.0
4.12956285477 -1.0
4.12957787514 1.0
4.12986493111 1.0
4.14926981926 -1.0
4.20321798325 -1.0
4.22801685333 -1.0
4.22806096077 1.0
4.24755382538 -1.0
4.27105689049 -1.0
4.27108979225 1.0
4.29061484337 -1.0
4.32993793488 1.0
4.33665299416 -1.0
4.33666491508 1.0
4.34958100319 -1.0
4.34959077835 1.0
4.35022878647 -1.0
4.35023593903 1.0
4.35024380684 -1.0
4.35024785995 1.0
4.35253190994 -1.0
4.35254192352 1.0
4.35266685486 1.0
4.35626077652 -1.0
4.36002492905 -1.0
4.36006188393 1.0
4.36912584305 -1.0
4.36975097656 -1.0
4.3697578907 1.0
4.41259884834 -1.0
4.4126188755 1.0
4.42755484581 -1.0
4.43197989464 -1.0
4.43200492859 1.0
4.43220996857 -1.0
4.43611383438 -1.0
4.43612194061 1.0
4.45143198967 -1.0
4.48990797997 1.0
4.50786685944 -1.0
4.50790691376 1.0
4.50871181488 -1.0
4.50873184204 1.0
4.50936388969 -1.0
4.5094408989 1.0
4.50976896286 -1.0
4.50978899002 1.0
4.51015686989 -1.0
4.51065182686 -1.0
4.51067090034 1.0
4.51074290276 1.0
4.51116585732 -1.0
4.5111978054 1.0
4.5124437809 -1.0
4.52756690979 -1.0
4.52759885788 1.0
4.52852797508 -1.0
4.52855181694 1.0
4.52910995483 -1.0
4.52911686897 1.0
4.53519797325 -1.0
4.53520488739 1.0
4.54857993126 -1.0
4.54866695404 1.0
4.58692193031 -1.0
4.58747577667 -1.0
4.58749699593 1.0
4.58759093285 1.0
4.58867788315 -1.0
4.58869600296 1.0
4.59056282043 -1.0
4.59058594704 1.0
4.59271979332 -1.0
4.59272885323 1.0
4.59304380417 -1.0
4.59306192398 1.0
4.6073307991 -1.0
4.60733985901 1.0
4.6073448658 -1.0
4.60734796524 1.0
4.60735177994 -1.0
4.60735678673 1.0
4.64427280426 -1.0
4.64428400993 1.0
4.6649389267 -1.0
4.66500282288 1.0
4.66531896591 -1.0
4.66532492638 1.0
4.68498587608 -1.0
4.68500781059 1.0
4.68527579308 -1.0
4.68528294563 1.0
4.70519185066 -1.0
4.70522594452 1.0
4.7053668499 1.0
4.70539283752 -1.0
4.70541095734 1.0
4.72550392151 -1.0
4.725522995 -1.0
4.72552895546 1.0
4.73827791214 1.0
4.74615883827 -1.0
4.74617791176 1.0
4.76633787155 -1.0
4.76634979248 1.0
4.76645898819 1.0
4.82458496094 -1.0
4.82735085487 -1.0
4.82737994194 1.0
4.85124492645 -1.0
4.88991498947 1.0
4.9093849659 -1.0
4.90942883492 1.0
5.38151097298 -1.0
5.38153386116 1.0
5.46206283569 -1.0
5.46207785606 1.0
5.54107785225 -1.0
5.54109978676 1.0
5.73847579956 1.0
5.73870682716 1.0
5.75795793533 -1.0
5.75796699524 1.0
5.75818991661 -1.0
5.77757883072 -1.0
9.73980689049 1.0
9.7400867939 1.0
9.7593998909 -1.0
9.75940990448 1.0
9.75958180428 -1.0
9.7788848877 -1.0
15.3352899551 -1.0
15.3353259563 1.0
15.4358727932 -1.0
15.4358890057 1.0
15.4698309898 -1.0
15.4698419571 1.0
34.2488799095 -1.0
34.2489008904 1.0
34.4606738091 -1.0
34.4606928825 1.0
