0.0 -1.0
1.4066696167e-05 1.0
0.0274839401245 -1.0
0.027498960495 1.0
0.0855178833008 -1.0
0.0855300426483 1.0
0.0991098880768 -1.0
0.131880998611 -1.0
0.131891965866 1.0
0.151382923126 -1.0
0.151391983032 1.0
0.199730873108 1.0
0.201647043228 -1.0
0.201658010483 1.0
0.221211910248 -1.0
0.221226930618 1.0
0.249631881714 -1.0
0.25057888031 1.0
0.303045034409 -1.0
0.342966079712 1.0
0.362653970718 -1.0
0.398998975754 1.0
0.405591964722 -1.0
0.405634880066 1.0
0.418663978577 -1.0
0.418701887131 1.0
0.451617956161 -1.0
0.451663017273 1.0
0.451850891113 1.0
0.499382972717 -1.0
0.53897190094 1.0
0.600024938583 -1.0
0.600825071335 1.0
0.657440900803 -1.0
0.670855998993 -1.0
0.706971883774 1.0
0.851306915283 1.0
0.870867013931 -1.0
0.898885011673 -1.0
0.899167060852 1.0
0.957544088364 -1.0
0.998123884201 -1.0
0.998490095139 1.0
1.01813387871 -1.0
1.09939098358 -1.0
1.12876701355 -1.0
1.12882995605 1.0
1.14864993095 -1.0
1.1488199234 1.0
1.1686630249 -1.0
1.16867399216 1.0
1.18828892708 -1.0
1.1989440918 -1.0
1.22935605049 -1.0
1.22939586639 1.0
1.24899506569 -1.0
1.25214600563 1.0
1.309486866 -1.0
1.39965200424 -1.0
1.40473604202 -1.0
1.40476703644 1.0
1.42449402809 -1.0
1.43363404274 -1.0
1.43364500999 1.0
1.45334386826 -1.0
1.49101805687 1.0
1.51506090164 -1.0
1.51512908936 1.0
1.53475189209 -1.0
1.53567099571 1.0
1.55557489395 -1.0
2.54077887535 -1.0
2.57899999619 1.0
2.65613293648 -1.0
2.65615701675 1.0
2.65712499619 1.0
2.66472792625 1.0
2.67597699165 -1.0
2.67675900459 -1.0
2.67676901817 1.0
2.68442296982 -1.0
2.69667196274 -1.0
2.69668006897 1.0
2.71641206741 -1.0
2.90759086609 1.0
2.92734503746 -1.0
2.92735600471 1.0
2.94686388969 -1.0
2.94688296318 1.0
2.96751403809 -1.0
3.18805193901 -1.0
3.18836092949 1.0
3.20786190033 -1.0
3.34731197357 -1.0
3.38699603081 1.0
3.46519207954 -1.0
3.46521496773 1.0
3.54315590858 -1.0
3.54316902161 1.0
3.56270599365 -1.0
3.56271505356 1.0
3.6619579792 -1.0
3.66196894646 1.0
3.74212408066 -1.0
3.74214100838 1.0
3.81155991554 -1.0
3.81156897545 1.0
3.8213660717 -1.0
3.82137489319 1.0
3.82521295547 -1.0
3.82522106171 1.0
3.83122491837 -1.0
3.8312330246 1.0
3.89979600906 -1.0
3.89980506897 1.0
3.92101097107 -1.0
3.92101788521 1.0
3.93445301056 -1.0
3.9344599247 1.0
3.93512105942 -1.0
3.93512988091 1.0
3.94046902657 -1.0
3.9404759407 1.0
3.9801170826 -1.0
3.98014307022 1.0
3.98887109756 -1.0
3.9888780117 1.0
4.00021409988 -1.0
4.00024986267 1.0
4.00033807755 1.0
4.01492905617 -1.0
4.01495790482 1.0
4.01520109177 -1.0
4.01520800591 1.0
4.01994299889 -1.0
4.02034807205 -1.0
4.02035403252 1.0
4.03992891312 -1.0
4.05753993988 -1.0
4.05757403374 1.0
4.07704496384 -1.0
4.09336900711 -1.0
4.09338307381 -1.0
4.09340190887 1.0
4.09475398064 -1.0
4.09476208687 1.0
4.09501791 -1.0
4.09502506256 1.0
4.09511208534 1.0
4.09528398514 -1.0
4.11407399178 -1.0
4.11410093307 1.0
4.11441302299 -1.0
4.11441898346 1.0
4.15377688408 -1.0
4.17148399353 -1.0
4.17149496078 1.0
4.17383003235 -1.0
4.17383694649 1.0
4.17431688309 -1.0
4.17459607124 -1.0
4.17460203171 1.0
4.17466497421 1.0
4.17485189438 -1.0
4.17554092407 -1.0
4.17556095123 1.0
4.17647099495 -1.0
4.17672586441 -1.0
4.17673301697 1.0
4.19123387337 -1.0
4.19124102592 1.0
4.19377207756 -1.0
4.19378995895 1.0
4.19428706169 -1.0
4.23100090027 1.0
4.23775887489 -1.0
4.23777294159 1.0
4.26404190063 -1.0
4.26407003403 1.0
4.26414990425 1.0
4.26769590378 -1.0
4.26771593094 1.0
4.26836204529 -1.0
4.26903796196 -1.0
4.26905798912 1.0
4.26954889297 -1.0
4.26955509186 1.0
4.27017903328 -1.0
4.2707130909 -1.0
4.27073407173 1.0
4.27123498917 -1.0
4.27124094963 1.0
4.27163696289 -1.0
4.27164292336 1.0
4.28391098976 -1.0
4.28394889832 1.0
4.28711605072 -1.0
4.2871260643 1.0
4.34238696098 -1.0
4.34243202209 1.0
4.34265208244 1.0
4.36207389832 -1.0
4.3779540062 1.0
4.39768600464 -1.0
4.39770102501 1.0
4.44176888466 -1.0
4.44179105759 1.0
4.46148395538 -1.0
4.46155405045 1.0
4.51776909828 -1.0
4.97628998756 -1.0
5.01501107216 1.0
5.04784703255 -1.0
5.04786205292 1.0
5.05507802963 -1.0
5.05509209633 1.0
5.06742405891 -1.0
5.0674328804 1.0
5.13523101807 -1.0
5.13524508476 1.0
5.21243786812 -1.0
5.21244907379 1.0
5.23187708855 -1.0
5.23188400269 1.0
5.42194390297 1.0
5.42217803001 1.0
5.42235302925 1.0
5.42247509956 1.0
5.44156694412 -1.0
5.44158101082 1.0
5.44184994698 -1.0
5.44197797775 -1.0
5.44333291054 -1.0
5.46132397652 -1.0
5.52205896378 -1.0
5.52206897736 1.0
5.60207509995 -1.0
5.60208797455 1.0
5.68149805069 -1.0
5.68151903152 1.0
5.75966501236 -1.0
5.75968289375 1.0
5.77922391891 -1.0
5.77923202515 1.0
5.80383706093 -1.0
5.80384898186 1.0
5.82351398468 -1.0
5.82352209091 1.0
5.82997393608 -1.0
5.82998299599 1.0
5.83832907677 -1.0
5.83833694458 1.0
5.84318804741 -1.0
5.84319496155 1.0
5.85697197914 -1.0
5.85698008537 1.0
5.85710287094 -1.0
5.85710692406 1.0
5.85741400719 -1.0
5.85741996765 1.0
5.86296892166 -1.0
5.86297798157 1.0
5.86309289932 1.0
5.88263607025 -1.0
5.89851593971 -1.0
5.89856100082 1.0
5.91667890549 -1.0
5.91672897339 1.0
5.91809391975 -1.0
5.95500588417 1.0
5.97457695007 -1.0
5.97462797165 1.0
6.00868988037 -1.0
6.00872707367 1.0
6.02830505371 -1.0
6.02837109566 1.0
6.08955597878 -1.0
6.0896089077 1.0
6.42265987396 1.0
6.48203992844 -1.0
6.48206186295 1.0
6.50184702873 -1.0
6.60037589073 -1.0
6.60039687157 1.0
9.42378497124 1.0
9.42405295372 1.0
9.44337797165 -1.0
9.4433889389 1.0
9.44363689423 -1.0
9.46341609955 -1.0
16.1036860943 -1.0
16.1037020683 1.0
16.1416759491 -1.0
16.1416859627 1.0
16.201775074 -1.0
16.2017929554 1.0
33.916326046 -1.0
33.9163529873 1.0
35.0109419823 -1.0
35.0109610558 1.0
