0.0 -1.0
0.0296099185944 -1.0
0.0299229621887 1.0
0.0881059169769 -1.0
0.222712993622 -1.0
0.244882822037 -1.0
0.304422855377 -1.0
0.364053964615 -1.0
0.365034818649 -1.0
0.403416872025 -1.0
0.460057973862 -1.0
0.526054859161 -1.0
0.526106834412 1.0
0.542958974838 -1.0
0.545711994171 -1.0
0.759177923203 -1.0
0.824428796768 -1.0
0.901975870132 -1.0
0.92413187027 -1.0
0.924551010132 -1.0
0.950259923935 -1.0
1.00814986229 -1.0
1.11091899872 -1.0
1.11137485504 1.0
1.13108181953 -1.0
1.18896985054 -1.0
1.20918393135 -1.0
1.22863101959 -1.0
1.57598495483 -1.0
1.6961607933 -1.0
1.71616888046 -1.0
1.72305488586 -1.0
1.76096391678 1.0
1.77215600014 -1.0
1.89572000504 -1.0
1.91525888443 -1.0
1.93719387054 -1.0
1.93804192543 -1.0
1.99627590179 -1.0
2.00124192238 -1.0
2.02140283585 -1.0
2.06675982475 -1.0
2.1245059967 -1.0
2.12451887131 1.0
2.14465880394 -1.0
2.16435694695 -1.0
2.16460084915 -1.0
2.19593691826 -1.0
2.21602797508 -1.0
2.23885083199 -1.0
2.25890779495 -1.0
2.29694581032 1.0
2.3164908886 -1.0
2.37657594681 -1.0
2.4747979641 -1.0
2.53617596626 -1.0
3.0621509552 -1.0
3.08245396614 -1.0
3.10201096535 -1.0
3.30214285851 -1.0
3.36060500145 -1.0
3.36115098 1.0
3.38069200516 -1.0
3.40017485619 -1.0
3.42191290855 -1.0
3.57456493378 -1.0
3.63228988647 -1.0
3.6452319622 -1.0
3.70460486412 -1.0
3.70511579514 1.0
3.72462296486 -1.0
3.74426579475 -1.0
3.77047085762 -1.0
3.8286588192 -1.0
3.84821486473 -1.0
3.87470388412 -1.0
3.93262195587 -1.0
3.95532894135 -1.0
3.95571184158 1.0
3.9910697937 -1.0
4.04861783981 -1.0
4.08591580391 -1.0
4.14840292931 -1.0
4.16832280159 -1.0
4.19831490517 -1.0
4.35167098045 -1.0
4.40830183029 -1.0
4.40832090378 1.0
4.44930100441 -1.0
4.55177283287 -1.0
4.6085460186 -1.0
4.63115286827 -1.0
4.67232990265 -1.0
4.73232293129 -1.0
5.11635994911 -1.0
5.13277697563 1.0
5.15253996849 -1.0
5.15279889107 -1.0
5.18154501915 -1.0
5.20778894424 -1.0
6.02630591393 -1.0
6.08451581001 -1.0
7.51277279854 -1.0
7.53286600113 -1.0
7.53287696838 1.0
7.55252194405 -1.0
8.00102496147 -1.0
8.15193390846 -1.0
8.15246486664 -1.0
8.17473483086 -1.0
8.22304391861 -1.0
8.36353802681 -1.0
8.36356091499 1.0
8.72137594223 -1.0
8.76186180115 -1.0
8.80971980095 -1.0
8.86864900589 -1.0
8.87057685852 -1.0
8.92868185043 -1.0
8.9291779995 1.0
8.94890499115 -1.0
8.96646690369 -1.0
9.0041539669 -1.0
9.04125595093 -1.0
9.10062980652 -1.0
9.12333893776 -1.0
9.1601498127 -1.0
9.16016197205 1.0
9.180123806 -1.0
9.22383284569 -1.0
9.27957892418 -1.0
9.33667087555 -1.0
9.39264202118 -1.0
9.42448496819 -1.0
10.0358259678 -1.0
10.0363810062 1.0
10.0928118229 -1.0
10.1124999523 -1.0
10.1522729397 -1.0
10.1526799202 -1.0
10.1870348454 -1.0
10.2070789337 -1.0
10.2645568848 -1.0
10.333837986 -1.0
10.3338479996 1.0
10.4930570126 -1.0
10.5528519154 -1.0
10.7010848522 -1.0
10.7212359905 -1.0
10.7407729626 -1.0
10.8964498043 -1.0
11.0391118526 -1.0
11.1327598095 1.0
11.1523778439 -1.0
11.1531918049 -1.0
11.1919817924 -1.0
11.2121078968 -1.0
11.2688558102 -1.0
14.9157049656 -1.0
14.9363508224 -1.0
