0.0 -1.0
1.31130218506e-05 1.0
0.0147519111633 -1.0
0.055783033371 -1.0
0.0810000896454 -1.0
0.0810630321503 -1.0
0.0812170505524 -1.0
0.0941150188446 -1.0
0.102723121643 -1.0
0.102729082108 -1.0
0.253237962723 -1.0
0.311872959137 -1.0
0.311892986298 1.0
0.367970943451 -1.0
0.505649089813 -1.0
0.614152908325 -1.0
0.756510972977 -1.0
0.779757976532 -1.0
0.809427976608 -1.0
0.864356040955 -1.0
0.909957885742 -1.0
0.910526037216 1.0
0.950073957443 -1.0
0.991040945053 -1.0
1.04900193214 -1.0
1.08587098122 -1.0
1.14420008659 -1.0
1.15279603004 -1.0
1.17297410965 -1.0
1.24944710732 -1.0
1.26959896088 -1.0
1.47890710831 -1.0
1.47962999344 1.0
1.49904894829 -1.0
1.51863694191 -1.0
1.6876039505 -1.0
1.8005669117 -1.0
1.92516589165 -1.0
1.92588996887 -1.0
1.94860696793 -1.0
1.97056388855 -1.0
1.97093605995 1.0
1.99057888985 -1.0
2.02657604218 -1.0
2.08230304718 -1.0
2.102602005 -1.0
2.8188829422 -1.0
2.87603712082 -1.0
2.87605595589 1.0
2.89565706253 -1.0
3.06318902969 -1.0
3.17746400833 -1.0
3.35460305214 -1.0
3.37493896484 -1.0
3.56094098091 -1.0
3.58115696907 -1.0
3.60119509697 -1.0
3.7494699955 -1.0
3.78876805305 1.0
3.88770604134 -1.0
3.9237370491 -1.0
3.92432188988 -1.0
3.97414302826 -1.0
4.0321829319 -1.0
4.03798294067 -1.0
4.0968170166 -1.0
4.09741902351 1.0
4.11707997322 -1.0
4.3348429203 -1.0
4.35535097122 -1.0
4.37517905235 -1.0
4.43175506592 -1.0
4.50697398186 -1.0
4.63703799248 -1.0
4.65946412086 -1.0
4.65998506546 -1.0
4.69342303276 -1.0
4.69381904602 1.0
4.74614906311 -1.0
4.80170202255 -1.0
4.86014294624 -1.0
4.87983608246 -1.0
4.89074206352 -1.0
4.92510390282 -1.0
4.94508004189 -1.0
5.00448799133 -1.0
5.00451993942 1.0
5.06416106224 -1.0
5.12806391716 -1.0
5.72135400772 -1.0
9.92410612106 -1.0
9.94386100769 -1.0
9.94416093826 -1.0
9.94453811646 1.0
10.0005939007 -1.0
10.0407650471 -1.0
10.0610160828 -1.0
10.1107270718 -1.0
10.4913349152 -1.0
10.5117309093 -1.0
10.5314979553 -1.0
10.6963129044 -1.0
10.8533349037 -1.0
10.8533530235 1.0
10.9245140553 -1.0
10.9248490334 -1.0
10.9520978928 -1.0
10.9812290668 -1.0
11.040430069 -1.0
14.6802430153 -1.0
14.6802840233 1.0
14.7416388988 -1.0
