0.0 -1.0
3.50475311279e-05 1.0
0.0196220874786 -1.0
0.0793540477753 -1.0
0.102373123169 -1.0
0.14697098732 -1.0
0.159004926682 -1.0
0.165733098984 -1.0
0.178741931915 -1.0
0.240823030472 1.0
0.270668983459 -1.0
0.327284097672 -1.0
0.383317947388 -1.0
0.434991121292 -1.0
0.491263151169 -1.0
0.547384023666 -1.0
0.578199148178 -1.0
0.626358032227 1.0
0.634925127029 -1.0
0.683751106262 -1.0
0.690701007843 -1.0
0.734956979752 -1.0
0.79865694046 -1.0
0.81926202774 -1.0
0.842231988907 -1.0
0.884494066238 -1.0
0.884953022003 1.0
0.904748916626 -1.0
0.928226947784 -1.0
0.94970202446 -1.0
0.969713926315 -1.0
0.98975110054 -1.0
1.02808499336 -1.0
1.05052995682 -1.0
1.05054998398 1.0
1.07000207901 -1.0
1.12718009949 -1.0
1.18670892715 -1.0
1.24357104301 -1.0
1.25904798508 -1.0
1.3193230629 -1.0
1.35761904716 -1.0
1.4161760807 -1.0
1.4551179409 1.0
1.47480106354 -1.0
1.49518895149 -1.0
1.55145001411 -1.0
1.57165002823 -1.0
1.63151907921 -1.0
1.64160895348 -1.0
1.68755102158 -1.0
1.68756604195 1.0
1.69874000549 -1.0
1.74332213402 -1.0
1.79942393303 -1.0
1.81311511993 -1.0
1.833370924 -1.0
1.89079713821 -1.0
1.94729113579 -1.0
1.95157408714 -1.0
1.99217605591 -1.0
1.99219894409 1.0
2.05132102966 -1.0
2.08974409103 -1.0
2.14670610428 -1.0
2.2067630291 -1.0
2.36171913147 -1.0
2.3818359375 -1.0
2.58384203911 -1.0
2.60394906998 -1.0
2.623513937 -1.0
2.6266579628 1.0
2.6462290287 -1.0
2.6469039917 -1.0
2.70368695259 -1.0
2.75292301178 -1.0
2.77298402786 -1.0
2.81329011917 -1.0
2.92459893227 -1.0
3.05695104599 -1.0
3.07939910889 -1.0
3.0805580616 -1.0
3.1137149334 -1.0
3.11410498619 1.0
3.17145299911 -1.0
3.25704693794 -1.0
3.27715611458 -1.0
3.50766897202 -1.0
3.87767910957 -1.0
3.89780807495 -1.0
3.91740894318 -1.0
4.10513901711 -1.0
4.55478191376 -1.0
4.55481100082 1.0
4.64675211906 -1.0
4.68251299858 -1.0
4.71426606178 -1.0
4.77152204514 -1.0
4.79710912704 -1.0
4.81763410568 -1.0
4.9170589447 -1.0
5.15206694603 1.0
5.17185211182 -1.0
5.75547599792 -1.0
5.77571511269 -1.0
5.79532909393 -1.0
6.20917797089 -1.0
6.4518661499 -1.0
6.63019609451 -1.0
6.63020992279 1.0
6.6464869976 -1.0
6.64964413643 -1.0
6.67177891731 -1.0
6.69330191612 -1.0
6.71489095688 -1.0
6.77168512344 -1.0
7.46479701996 -1.0
7.48498797417 -1.0
7.48499798775 1.0
7.50486493111 -1.0
7.64632892609 -1.0
7.64694714546 -1.0
7.67305493355 -1.0
7.69318008423 -1.0
7.75066900253 -1.0
7.82230901718 -1.0
8.0113670826 -1.0
8.01138997078 1.0
8.05472612381 -1.0
8.11180210114 -1.0
8.11563611031 -1.0
8.13194513321 -1.0
8.17482614517 -1.0
8.20848011971 -1.0
8.21153593063 1.0
8.23107600212 -1.0
8.23163414001 -1.0
8.28793597221 -1.0
8.30874800682 -1.0
8.32892394066 -1.0
8.37561106682 -1.0
8.39580106735 -1.0
8.55377197266 -1.0
8.57393598557 -1.0
8.59386110306 -1.0
8.64712715149 -1.0
8.64757013321 1.0
8.67628407478 -1.0
8.70030212402 -1.0
8.75884604454 -1.0
8.8388979435 -1.0
9.03105902672 -1.0
9.64763998985 -1.0
9.64766597748 1.0
9.68488812447 -1.0
9.73254013062 -1.0
15.3710269928 -1.0
15.4959959984 -1.0
21.6248929501 1.0
21.6449899673 -1.0
21.6665370464 -1.0
31.6814711094 -1.0
