0.0 -1.0
1.31130218506e-05 1.0
0.0196430683136 -1.0
0.0377969741821 -1.0
0.0960640907288 -1.0
0.127593994141 -1.0
0.147871017456 -1.0
0.167417049408 -1.0
0.200426101685 -1.0
0.204705953598 -1.0
0.220294952393 -1.0
0.247735023499 1.0
0.254274129868 -1.0
0.273786067963 -1.0
0.344977140427 -1.0
0.403840065002 -1.0
0.42645907402 -1.0
0.484035015106 -1.0
0.530985116959 -1.0
0.550738096237 -1.0
0.550759077072 1.0
0.577402114868 -1.0
0.60441493988 -1.0
0.66007399559 -1.0
0.676003932953 -1.0
0.684744119644 -1.0
0.695662021637 -1.0
0.736040115356 -1.0
0.736048936844 1.0
0.755787134171 -1.0
0.801478147507 -1.0
0.831042051315 -1.0
0.850923061371 -1.0
0.969429016113 -1.0
0.977710962296 -1.0
0.989416122437 -1.0
1.00905394554 -1.0
1.05049800873 -1.0
1.08363199234 1.0
1.10317707062 -1.0
1.12414193153 -1.0
1.12584614754 -1.0
1.1441950798 -1.0
1.16770005226 -1.0
1.2074611187 -1.0
1.22365093231 -1.0
1.26411509514 -1.0
1.27975606918 -1.0
1.2797961235 1.0
1.29933309555 -1.0
1.33616304398 -1.0
1.35579609871 -1.0
1.41174697876 -1.0
1.46760416031 -1.0
1.52362394333 -1.0
1.58056998253 -1.0
1.66708016396 -1.0
1.70404601097 1.0
1.85336494446 -1.0
1.87369799614 -1.0
1.89450407028 -1.0
2.0748591423 -1.0
2.10390710831 -1.0
2.12426805496 -1.0
2.1843290329 -1.0
2.19070005417 -1.0
2.21090292931 -1.0
2.24805116653 1.0
2.26769900322 -1.0
2.29107713699 -1.0
2.34757995605 -1.0
2.4041249752 -1.0
2.40996408463 -1.0
2.42383098602 -1.0
2.44347596169 -1.0
2.47491407394 -1.0
2.47531199455 1.0
2.49496603012 -1.0
2.55211615562 -1.0
2.60818600655 -1.0
2.73576498032 -1.0
2.75665211678 -1.0
2.81643414497 -1.0
2.87636399269 -1.0
2.93953514099 -1.0
3.04663515091 -1.0
3.0840280056 1.0
3.09477615356 -1.0
3.10374712944 -1.0
3.10375595093 -1.0
3.1267080307 -1.0
3.18413496017 -1.0
3.1908891201 -1.0
3.20369195938 -1.0
3.24766016006 -1.0
3.28404211998 1.0
3.30351996422 -1.0
3.32367396355 -1.0
3.36137604713 -1.0
3.39586806297 -1.0
3.4155960083 -1.0
3.43775296211 -1.0
3.49623703957 -1.0
3.5157930851 -1.0
3.54217195511 -1.0
3.58005905151 1.0
3.59967207909 -1.0
3.62751793861 -1.0
3.6472671032 -1.0
3.66674995422 -1.0
3.68657612801 -1.0
3.6887960434 -1.0
3.7066950798 -1.0
3.77631902695 -1.0
3.88965511322 -1.0
3.89524507523 -1.0
3.89526605606 1.0
3.91478800774 -1.0
3.97202396393 -1.0
3.99224710464 -1.0
4.01188898087 -1.0
4.05923700333 -1.0
4.10323500633 -1.0
4.15957403183 -1.0
4.16003012657 1.0
4.18755698204 -1.0
4.20783305168 -1.0
4.23772096634 -1.0
4.29628896713 -1.0
4.3619761467 -1.0
4.38196611404 -1.0
4.6932311058 -1.0
4.71351909637 -1.0
5.16794204712 -1.0
5.1679520607 1.0
5.18751716614 -1.0
5.25916695595 -1.0
5.27928996086 -1.0
5.29893803596 -1.0
5.61367702484 -1.0
5.80264806747 -1.0
6.08794808388 -1.0
6.10336613655 -1.0
6.10760712624 -1.0
6.10762310028 1.0
6.16439914703 -1.0
6.16927599907 -1.0
6.18257904053 -1.0
6.22033309937 -1.0
6.23987102509 -1.0
6.28509712219 -1.0
6.31562209129 -1.0
6.3156311512 1.0
6.44304203987 -1.0
6.46329402924 -1.0
6.50982499123 -1.0
6.53002500534 -1.0
6.54965400696 -1.0
6.5869269371 -1.0
6.65755009651 -1.0
6.67717814445 -1.0
6.67769193649 1.0
6.70934605598 -1.0
6.74048113823 -1.0
6.77224802971 -1.0
6.8318810463 -1.0
6.85482597351 -1.0
6.89328098297 -1.0
6.95247793198 -1.0
7.08473610878 1.0
7.10531711578 -1.0
7.14326405525 -1.0
7.19002914429 -1.0
7.24841403961 -1.0
8.17036604881 -1.0
8.18994402885 -1.0
8.47501802444 -1.0
11.0833499432 1.0
11.1031560898 -1.0
11.122797966 -1.0
11.1231441498 -1.0
11.1807141304 -1.0
11.1809720993 -1.0
11.2009141445 -1.0
11.2887570858 -1.0
11.7508981228 -1.0
11.7514810562 1.0
11.7712731361 -1.0
11.7908091545 -1.0
11.9457061291 -1.0
12.0671401024 -1.0
12.1034779549 -1.0
12.1038291454 -1.0
12.1038351059 1.0
12.1038401127 -1.0
12.1234500408 -1.0
12.1239500046 -1.0
12.1808149815 -1.0
12.2010979652 -1.0
12.2214720249 -1.0
12.2257649899 -1.0
12.2849431038 -1.0
12.5036520958 -1.0
13.0687980652 -1.0
13.0892131329 -1.0
13.0892341137 1.0
13.1087269783 -1.0
13.1093549728 -1.0
13.1413750648 -1.0
13.1863949299 -1.0
13.3023540974 -1.0
13.4341390133 -1.0
13.601774931 -1.0
16.0097210407 -1.0
16.0097391605 1.0
17.0027580261 -1.0
17.1573281288 -1.0
17.3038139343 -1.0
