0.0 -1.0
1.00135803223e-05 1.0
0.0196158885956 -1.0
0.0440838336945 -1.0
0.168221950531 -1.0
0.168255805969 -1.0
0.187930822372 -1.0
0.207518815994 -1.0
0.207968950272 1.0
0.227730989456 -1.0
0.283368825912 -1.0
0.303005933762 -1.0
0.323745012283 -1.0
0.374490976334 -1.0
0.381819009781 -1.0
0.401642799377 -1.0
0.422159910202 -1.0
0.422181844711 1.0
0.479477882385 -1.0
0.480451822281 -1.0
0.489850997925 -1.0
0.499195814133 -1.0
0.509995937347 -1.0
0.521088838577 -1.0
0.540735006332 -1.0
0.599484920502 -1.0
0.647498846054 -1.0
0.647509813309 1.0
0.696856021881 -1.0
0.716594934464 -1.0
0.736596822739 -1.0
0.780775785446 -1.0
0.839432954788 -1.0
0.871932983398 -1.0
0.878763914108 -1.0
0.879173994064 1.0
0.898573875427 -1.0
0.935513019562 -1.0
0.955429792404 -1.0
0.976360797882 -1.0
1.0288670063 -1.0
1.08563780785 -1.0
1.1122469902 -1.0
1.15004682541 1.0
1.16969895363 -1.0
1.18997383118 -1.0
1.23434996605 -1.0
1.23798394203 -1.0
1.25404191017 -1.0
1.29413700104 -1.0
1.35367298126 -1.0
1.35375595093 1.0
1.38430786133 -1.0
1.4434299469 -1.0
1.46039199829 -1.0
1.52030491829 -1.0
1.54327392578 -1.0
1.58712601662 -1.0
1.61507987976 -1.0
1.6540658474 1.0
1.67394185066 -1.0
1.73152494431 -1.0
1.76115298271 -1.0
1.78152894974 -1.0
1.83952188492 -1.0
1.88742685318 -1.0
1.94571185112 -1.0
2.00175189972 -1.0
2.02201890945 -1.0
2.02202796936 1.0
2.08001589775 -1.0
2.09058094025 -1.0
2.14760780334 -1.0
2.16776800156 -1.0
2.18774080276 -1.0
2.20999479294 -1.0
2.23028588295 -1.0
2.25149893761 -1.0
2.25186491013 1.0
2.28587293625 -1.0
2.34164595604 -1.0
2.36183285713 -1.0
2.38202190399 -1.0
2.41945981979 -1.0
2.47228479385 -1.0
2.52975392342 -1.0
2.56604480743 1.0
2.68645596504 -1.0
2.68813681602 -1.0
2.7061560154 -1.0
2.75387978554 -1.0
2.81163883209 -1.0
2.81254887581 -1.0
2.83262300491 -1.0
2.83263087273 1.0
2.84279179573 -1.0
2.89157795906 -1.0
2.98974990845 -1.0
3.0117919445 -1.0
3.11167287827 -1.0
3.16168785095 -1.0
3.21758890152 -1.0
3.2540948391 -1.0
3.28245186806 -1.0
3.28249597549 1.0
3.30208897591 -1.0
3.36165690422 -1.0
3.41973400116 -1.0
3.45320296288 -1.0
3.50975298882 -1.0
3.59931778908 -1.0
3.59932899475 1.0
3.59933495522 -1.0
3.62921285629 -1.0
3.6876540184 -1.0
3.74357485771 -1.0
3.84048080444 -1.0
3.98029494286 -1.0
4.14210796356 1.0
4.14788579941 -1.0
4.16169381142 -1.0
4.16734600067 -1.0
4.219591856 -1.0
4.2392718792 -1.0
4.26396584511 -1.0
4.32371878624 -1.0
4.3538517952 -1.0
4.39004898071 1.0
4.89921283722 -1.0
4.91946387291 -1.0
4.93907499313 -1.0
5.13135695457 -1.0
5.14294886589 -1.0
5.14315080643 -1.0
5.16249799728 -1.0
5.16301393509 -1.0
5.16345500946 1.0
5.19449281693 -1.0
5.24867200851 -1.0
5.30553889275 -1.0
5.3721818924 -1.0
5.43005681038 -1.0
5.45760297775 -1.0
5.45762896538 1.0
5.48409986496 -1.0
5.54164981842 -1.0
5.57199597359 -1.0
5.61198282242 -1.0
6.14349484444 -1.0
6.14350485802 1.0
6.16728997231 -1.0
6.21214580536 -1.0
6.26565384865 -1.0
6.81097388268 -1.0
6.86787796021 -1.0
6.86788988113 1.0
6.88759183884 -1.0
7.12334895134 -1.0
7.14369487762 -1.0
7.14400887489 -1.0
7.16345882416 -1.0
7.1637339592 -1.0
7.19768500328 -1.0
7.23749685287 -1.0
7.29378294945 -1.0
7.2937939167 1.0
7.31693291664 -1.0
7.37613296509 -1.0
7.52693486214 -1.0
7.54724383354 -1.0
7.56676292419 -1.0
7.70199990273 -1.0
7.83694887161 -1.0
8.00603699684 -1.0
8.00606679916 1.0
8.02618098259 -1.0
8.06510090828 -1.0
8.08518695831 -1.0
8.10481190681 -1.0
8.127576828 -1.0
8.18395781517 -1.0
8.18559980392 -1.0
8.20376682281 -1.0
8.22206282616 1.0
8.24184393883 -1.0
8.26206898689 -1.0
8.31181097031 -1.0
8.33199596405 -1.0
8.39051699638 -1.0
8.44974994659 -1.0
9.1612329483 -1.0
9.16147589684 -1.0
9.16190886497 1.0
9.22024798393 -1.0
9.23499584198 -1.0
9.25507879257 -1.0
9.36173987389 -1.0
16.0574479103 -1.0
17.0624678135 -1.0
17.2177169323 -1.0
17.3638579845 -1.0
18.1400768757 1.0
18.1598188877 -1.0
18.1598348618 -1.0
18.1599209309 -1.0
18.1793220043 -1.0
26.1606149673 -1.0
