0.0 -1.0
1.50203704834e-05 1.0
0.00550699234009 -1.0
0.0236020088196 -1.0
0.0251770019531 -1.0
0.110898017883 -1.0
0.130988121033 -1.0
0.146046161652 -1.0
0.189626932144 -1.0
0.209653139114 -1.0
0.210389137268 -1.0
0.210395097733 1.0
0.229165077209 -1.0
0.252033948898 -1.0
0.271662950516 -1.0
0.291249990463 -1.0
0.316936016083 -1.0
0.376080989838 -1.0
0.440262079239 -1.0
0.471539974213 -1.0
0.471548080444 1.0
0.491119146347 -1.0
0.54167509079 -1.0
0.548028945923 -1.0
0.597639083862 -1.0
0.602587938309 -1.0
0.622210979462 -1.0
0.622225046158 1.0
0.681661128998 -1.0
0.70125412941 -1.0
0.719130039215 -1.0
0.752027988434 -1.0
0.787860155106 -1.0
0.808093070984 -1.0
0.908744096756 -1.0
0.931895971298 -1.0
0.932279109955 1.0
0.966624975204 -1.0
1.02568507195 -1.0
1.07877898216 -1.0
1.13773202896 -1.0
1.17967104912 -1.0
1.23768305779 -1.0
1.27543997765 -1.0
1.33195996284 -1.0
1.35188913345 -1.0
1.3519051075 1.0
1.40625405312 -1.0
1.43157911301 -1.0
1.45157003403 -1.0
1.45881104469 -1.0
1.46032309532 -1.0
1.47133994102 -1.0
1.49086594582 -1.0
1.49087500572 1.0
1.49208307266 -1.0
1.54975914955 -1.0
1.56958293915 -1.0
1.59598112106 -1.0
1.64175796509 -1.0
1.74913215637 -1.0
1.90478205681 -1.0
1.93241500854 -1.0
1.93244600296 1.0
1.94717097282 -1.0
1.95196700096 -1.0
1.9556620121 -1.0
1.97172212601 -1.0
2.0072081089 -1.0
2.06579709053 -1.0
2.0785150528 -1.0
2.12188100815 -1.0
2.21018910408 -1.0
2.24843215942 1.0
2.26449203491 -1.0
2.26808094978 -1.0
2.32582402229 -1.0
2.34873199463 -1.0
2.41138911247 -1.0
2.46810603142 -1.0
2.52892804146 -1.0
2.53169894218 1.0
2.55184698105 -1.0
2.60808801651 -1.0
2.6358101368 -1.0
2.66112804413 -1.0
2.69851303101 -1.0
2.75604605675 -1.0
2.81481194496 -1.0
2.81539607048 1.0
2.87386012077 -1.0
2.92988109589 -1.0
2.94543194771 -1.0
2.99697399139 -1.0
3.05165314674 -1.0
3.10982394218 -1.0
3.11596798897 -1.0
3.13586616516 -1.0
3.19384098053 -1.0
3.19663214684 -1.0
3.19956803322 1.0
3.22001600266 -1.0
3.2482881546 -1.0
3.30594801903 -1.0
3.33553504944 -1.0
3.35564494133 -1.0
3.41205215454 -1.0
3.46993803978 -1.0
3.4712460041 -1.0
3.50843000412 1.0
3.5258409977 -1.0
3.52803301811 -1.0
3.5841281414 -1.0
3.64197993279 -1.0
3.75597310066 -1.0
3.90264010429 -1.0
3.92232513428 -1.0
3.92586112022 -1.0
3.94584202766 -1.0
3.97615408897 1.0
3.98553109169 -1.0
3.99566411972 -1.0
4.01544308662 -1.0
4.049036026 -1.0
4.06872916222 -1.0
4.10988497734 -1.0
4.12938809395 -1.0
4.16588616371 -1.0
4.20441794395 1.0
4.22983813286 -1.0
4.38934016228 -1.0
4.41279602051 -1.0
4.43261504173 -1.0
4.45249009132 -1.0
4.54526305199 -1.0
4.55892801285 -1.0
4.57862210274 -1.0
4.63802695274 -1.0
4.63810801506 1.0
4.76295208931 -1.0
4.82200598717 -1.0
4.99626111984 -1.0
4.9965429306 -1.0
5.02307605743 -1.0
5.06959915161 -1.0
5.12605309486 -1.0
5.1455719471 -1.0
5.14646196365 -1.0
5.16005206108 1.0
5.18015408516 -1.0
5.19863414764 -1.0
5.23801398277 -1.0
5.25615715981 -1.0
5.27706313133 -1.0
5.6181499958 -1.0
5.77244305611 -1.0
5.97644209862 1.0
5.99686002731 -1.0
5.99736404419 -1.0
6.05407714844 -1.0
6.05492401123 -1.0
6.07493805885 -1.0
6.18311405182 -1.0
6.20321393013 -1.0
6.21341896057 -1.0
6.26206493378 -1.0
6.42930793762 -1.0
6.42932796478 1.0
6.56659412384 -1.0
6.73885393143 -1.0
6.75908899307 -1.0
6.99746799469 -1.0
6.99829411507 -1.0
7.04303693771 -1.0
7.09972405434 -1.0
7.13643312454 1.0
7.15598511696 -1.0
7.18505811691 -1.0
7.24214196205 -1.0
7.3505051136 -1.0
7.45229816437 -1.0
7.55501103401 -1.0
7.55502104759 1.0
7.57512593269 -1.0
7.61336302757 -1.0
7.67021012306 -1.0
7.67200398445 -1.0
7.68973708153 -1.0
7.72811198235 -1.0
7.77496504784 -1.0
7.97677397728 1.0
7.99672794342 -1.0
7.99713993073 -1.0
8.05416703224 -1.0
8.07202601433 -1.0
8.09198713303 -1.0
8.18442201614 -1.0
8.23021602631 -1.0
9.00032305717 -1.0
9.00082111359 -1.0
9.00118899345 1.0
9.05395007133 -1.0
9.11026215553 -1.0
9.18133997917 -1.0
9.20106315613 -1.0
9.22125101089 -1.0
9.48492503166 -1.0
16.8899300098 -1.0
17.8910541534 -1.0
17.8910739422 1.0
18.0452809334 -1.0
18.1918039322 -1.0
28.9945840836 -1.0
28.9945960045 -1.0
29.0518400669 -1.0
