0.0 -1.0
0.0155391693115 -1.0
0.0164051055908 1.0
0.075973033905 -1.0
0.0781891345978 -1.0
0.122617006302 -1.0
0.142299175262 -1.0
0.184689998627 -1.0
0.215984106064 -1.0
0.245702981949 -1.0
0.267398118973 -1.0
0.269098043442 1.0
0.288587093353 -1.0
0.308184146881 -1.0
0.357880115509 -1.0
0.377624034882 -1.0
0.399363040924 -1.0
0.431968212128 -1.0
0.485498189926 -1.0
0.485849142075 1.0
0.505789995193 -1.0
0.534312009811 -1.0
0.596337080002 -1.0
0.60219502449 -1.0
0.652087211609 -1.0
0.684714078903 -1.0
0.740572214127 -1.0
0.741463184357 1.0
0.773482084274 -1.0
0.819689035416 -1.0
0.842899084091 -1.0
0.863753080368 -1.0
0.920176029205 -1.0
0.938342094421 -1.0
1.00863099098 -1.0
1.06499314308 -1.0
1.10486698151 1.0
1.12439012527 -1.0
1.206605196 -1.0
1.22901916504 -1.0
1.23151302338 -1.0
1.25160098076 -1.0
1.30828499794 -1.0
1.32798099518 -1.0
1.36486721039 1.0
1.3682320118 -1.0
1.38450217247 -1.0
1.38796901703 -1.0
1.40782117844 -1.0
1.45372509956 -1.0
1.46585202217 -1.0
1.48574399948 -1.0
1.50616812706 -1.0
1.52581119537 -1.0
1.52582812309 1.0
1.55667710304 -1.0
1.57617616653 -1.0
1.59683418274 -1.0
1.65654706955 -1.0
1.68452000618 -1.0
1.74052810669 -1.0
1.80010819435 -1.0
1.84082198143 -1.0
1.84383916855 1.0
1.86337900162 -1.0
1.88400602341 -1.0
1.92027711868 -1.0
1.95492815971 -1.0
1.97540807724 -1.0
2.03244018555 -1.0
2.09208703041 -1.0
2.09210109711 1.0
2.11217212677 -1.0
2.15538620949 -1.0
2.17549705505 -1.0
2.22144198418 -1.0
2.2412571907 -1.0
2.28465604782 -1.0
2.3407189846 -1.0
2.34335613251 1.0
2.36325716972 -1.0
2.40759921074 -1.0
2.46441817284 -1.0
2.47123908997 -1.0
2.52810907364 -1.0
2.63649606705 -1.0
2.68351507187 -1.0
2.74417901039 -1.0
2.80025911331 -1.0
2.85612511635 -1.0
2.89686703682 1.0
2.91981601715 -1.0
2.9765920639 -1.0
2.99671220779 -1.0
3.00722098351 -1.0
3.05630707741 -1.0
3.06490707397 -1.0
3.1577501297 -1.0
3.22048401833 -1.0
3.2230591774 1.0
3.2430741787 -1.0
3.27094817162 -1.0
3.32840514183 -1.0
3.38817405701 -1.0
3.40898418427 -1.0
3.42906117439 -1.0
3.46408820152 -1.0
3.48962903023 -1.0
3.49004912376 1.0
3.52759003639 -1.0
3.54763007164 -1.0
3.60427713394 -1.0
3.72920799255 -1.0
3.7893140316 -1.0
4.46493816376 -1.0
4.46536397934 -1.0
4.4657189846 1.0
4.49741101265 -1.0
4.54386901855 -1.0
4.92787504196 -1.0
4.98444604874 -1.0
8.44242811203 1.0
8.46226501465 -1.0
8.46227812767 -1.0
8.48183608055 -1.0
15.2646331787 -1.0
15.3107511997 -1.0
15.3581252098 -1.0
