0.0 -1.0
0.048248052597 -1.0
0.0482580661774 1.0
0.0482721328735 -1.0
0.0704569816589 -1.0
0.0705800056458 -1.0
0.0902180671692 -1.0
0.194406032562 -1.0
0.194422006607 -1.0
0.196285963058 1.0
0.255650997162 -1.0
0.275327920914 -1.0
0.322454929352 -1.0
0.349946975708 -1.0
0.363234996796 -1.0
0.363335132599 -1.0
0.371865987778 -1.0
0.422096014023 -1.0
0.446906089783 1.0
0.46649813652 -1.0
0.523621082306 -1.0
0.539644002914 -1.0
0.559492111206 -1.0
0.579129934311 -1.0
0.635637044907 -1.0
0.711596012115 -1.0
0.729955911636 -1.0
0.787735939026 -1.0
0.788326978683 1.0
0.847590923309 -1.0
0.865011930466 -1.0
0.865055084229 -1.0
0.884650945663 -1.0
0.904317140579 -1.0
0.955687999725 -1.0
0.975664138794 -1.0
0.976061105728 1.0
1.00739908218 -1.0
1.04602813721 -1.0
1.05152106285 -1.0
1.06620812416 -1.0
1.08596992493 -1.0
1.10885906219 -1.0
1.16774702072 -1.0
1.22258901596 -1.0
1.22260403633 1.0
1.24230504036 -1.0
1.26188993454 -1.0
1.28194904327 -1.0
1.30347895622 -1.0
1.32356309891 -1.0
1.36082792282 -1.0
1.36172294617 -1.0
1.36176300049 -1.0
1.36575007439 -1.0
1.36575698853 1.0
1.38136506081 -1.0
1.43646001816 -1.0
1.49568414688 -1.0
1.53263998032 -1.0
1.61528611183 -1.0
1.67166399956 -1.0
1.67910313606 -1.0
1.70393395424 -1.0
1.70398211479 1.0
1.72375607491 -1.0
1.78372311592 -1.0
1.78453803062 -1.0
1.86256814003 -1.0
1.91971993446 -1.0
1.97967600822 -1.0
2.00237011909 -1.0
2.02778506279 -1.0
2.08369112015 -1.0
2.08370709419 1.0
2.08625507355 -1.0
2.13965702057 -1.0
2.14366698265 -1.0
2.18336606026 -1.0
2.23971796036 -1.0
2.26027011871 -1.0
2.30154299736 -1.0
2.32200813293 -1.0
2.35999703407 1.0
2.37949895859 -1.0
2.43967914581 -1.0
2.45459198952 -1.0
2.51166391373 -1.0
2.54683899879 -1.0
2.60370612144 -1.0
2.71341896057 -1.0
2.86856508255 -1.0
2.87366509438 -1.0
2.89325404167 -1.0
2.89604496956 1.0
2.91560411453 -1.0
2.93515992165 -1.0
2.99962306023 -1.0
3.0199110508 -1.0
3.03956604004 -1.0
3.10362291336 -1.0
3.15953612328 -1.0
3.17494392395 -1.0
3.19450306892 -1.0
3.19458699226 1.0
3.25177693367 -1.0
3.27184700966 -1.0
3.27235412598 -1.0
3.3280479908 -1.0
3.38221907616 -1.0
3.43991208076 -1.0
3.51911997795 -1.0
3.51915502548 1.0
3.52881598473 -1.0
3.53867101669 -1.0
3.57584905624 -1.0
3.59548711777 -1.0
3.65166807175 -1.0
3.6748239994 -1.0
3.82242107391 -1.0
3.82248401642 1.0
3.84207701683 -1.0
3.90012192726 -1.0
4.11195707321 -1.0
4.13225197792 -1.0
4.15171694756 -1.0
4.2320599556 -1.0
4.23242211342 -1.0
4.27521204948 -1.0
4.27564406395 1.0
4.32249999046 -1.0
4.3795671463 -1.0
4.53110599518 -1.0
4.60729503632 -1.0
4.6679289341 -1.0
5.14493608475 1.0
5.16466212273 -1.0
5.16486597061 -1.0
5.18416404724 -1.0
5.23202705383 -1.0
5.23240399361 -1.0
5.25240492821 -1.0
5.27529501915 -1.0
5.33195114136 -1.0
5.35163402557 -1.0
5.39952397346 -1.0
5.4360229969 1.0
5.4555990696 -1.0
5.47913193703 -1.0
5.54365897179 -1.0
5.64459395409 -1.0
5.68361496925 -1.0
5.70372200012 -1.0
6.14527797699 1.0
6.16487503052 -1.0
6.23167490959 -1.0
6.23207211494 -1.0
6.27729892731 -1.0
6.33330512047 -1.0
6.3532409668 -1.0
6.41199612617 -1.0
6.49944496155 -1.0
6.59845113754 -1.0
6.59847712517 1.0
6.78764510155 -1.0
6.80788302422 -1.0
6.89570212364 -1.0
6.91587805748 -1.0
6.93546414375 -1.0
6.96078109741 -1.0
7.02527213097 -1.0
7.04927611351 -1.0
7.04928398132 1.0
7.07254505157 -1.0
7.10997700691 -1.0
7.16528511047 -1.0
7.16710710526 -1.0
7.22402310371 -1.0
7.22403311729 1.0
7.24397206306 -1.0
7.24546599388 -1.0
7.27430701256 -1.0
7.31240200996 -1.0
7.33249807358 -1.0
7.39206790924 -1.0
7.39986014366 -1.0
7.45567703247 -1.0
7.53141903877 -1.0
7.56800913811 1.0
8.16585707664 -1.0
8.18548297882 -1.0
8.23148298264 -1.0
8.23198413849 -1.0
8.28736805916 -1.0
8.34423303604 -1.0
8.37148094177 -1.0
8.40800213814 1.0
8.47268104553 -1.0
11.2319469452 -1.0
11.2516000271 -1.0
11.2521839142 -1.0
11.2914850712 -1.0
11.3482301235 -1.0
11.3880090714 1.0
11.4076199532 -1.0
14.2298009396 -1.0
14.2300739288 -1.0
14.2885570526 -1.0
16.1380629539 -1.0
16.3489670753 1.0
16.3686299324 -1.0
17.1291561127 -1.0
17.2835950851 -1.0
17.4360461235 -1.0
30.2296090126 -1.0
