0.0 1.0
0.00818705558777 -1.0
0.0195689201355 -1.0
0.0641520023346 -1.0
0.0865430831909 -1.0
0.170591115952 -1.0
0.228310108185 -1.0
0.284862041473 -1.0
0.290278911591 -1.0
0.348331928253 -1.0
0.371426105499 -1.0
0.372136116028 1.0
0.428554058075 -1.0
0.462397098541 -1.0
0.547771930695 -1.0
0.611613988876 -1.0
0.643852949142 -1.0
0.700382947922 -1.0
0.700403928757 1.0
0.720490932465 -1.0
0.740535974503 -1.0
0.762767076492 -1.0
0.78297996521 -1.0
0.802940130234 -1.0
0.839194059372 -1.0
0.859050989151 -1.0
0.891911029816 -1.0
0.891932964325 1.0
0.912261009216 -1.0
1.21460103989 -1.0
1.27237510681 -1.0
1.29201006889 -1.0
1.41569805145 -1.0
1.54401302338 -1.0
1.64852499962 -1.0
1.64855504036 1.0
1.66866993904 -1.0
1.78436398506 -1.0
1.80468511581 -1.0
1.82425093651 -1.0
1.87781190872 -1.0
1.8978369236 -1.0
1.95561408997 -1.0
1.95844197273 1.0
1.97891402245 -1.0
2.03627204895 -1.0
2.07626390457 -1.0
2.09643411636 -1.0
2.49415302277 -1.0
2.51423692703 -1.0
2.67203402519 -1.0
2.69226098061 -1.0
2.71183490753 -1.0
2.83609890938 -1.0
2.93347597122 -1.0
2.93349695206 1.0
3.03349304199 -1.0
3.05648899078 -1.0
3.05688309669 -1.0
3.09515810013 -1.0
3.15234398842 -1.0
3.15388202667 -1.0
3.17381691933 -1.0
3.30004906654 -1.0
3.32039403915 -1.0
3.32041501999 1.0
3.33999800682 -1.0
3.36857509613 -1.0
3.42819309235 -1.0
3.44770598412 -1.0
3.66741609573 -1.0
3.70159196854 -1.0
3.74746799469 -1.0
3.78398799896 1.0
4.70851993561 -1.0
4.72813200951 -1.0
4.7283809185 -1.0
4.7504799366 -1.0
4.80847191811 -1.0
4.87322092056 -1.0
4.95672297478 1.0
4.9764881134 -1.0
4.97677206993 -1.0
4.99653291702 -1.0
5.35773611069 -1.0
5.3779759407 -1.0
5.39759492874 -1.0
5.50436496735 -1.0
5.6051530838 -1.0
5.60517191887 1.0
5.66709113121 -1.0
5.66737413406 -1.0
5.69670295715 -1.0
5.74218702316 -1.0
5.80075597763 -1.0
5.99939012527 -1.0
6.01949810982 -1.0
6.01950907707 1.0
6.03927397728 -1.0
6.30095410347 -1.0
6.44129705429 -1.0
6.46088600159 -1.0
6.48337006569 -1.0
6.48379898071 -1.0
6.54058694839 -1.0
6.59034991264 -1.0
6.61061811447 -1.0
6.79504990578 -1.0
6.79552292824 1.0
6.81509399414 -1.0
6.99316000938 -1.0
7.01329994202 -1.0
7.03300690651 -1.0
7.19115209579 -1.0
7.31478309631 -1.0
7.42358803749 -1.0
7.44625592232 -1.0
7.44678807259 -1.0
7.44717001915 1.0
7.47973203659 -1.0
7.53673100471 -1.0
7.59363698959 -1.0
7.61382508278 -1.0
7.66753411293 -1.0
7.66771602631 -1.0
7.68851208687 -1.0
7.74472808838 -1.0
7.78948998451 -1.0
7.81005096436 -1.0
7.81007194519 1.0
7.86867904663 -1.0
7.96297001839 -1.0
8.10487699509 -1.0
8.26543211937 -1.0
8.28551101685 -1.0
8.45170307159 -1.0
8.47176504135 -1.0
8.49124407768 -1.0
8.63507795334 -1.0
8.66765594482 -1.0
8.66917204857 -1.0
8.66957497597 1.0
8.70508408546 -1.0
8.75457501411 -1.0
8.81176304817 -1.0
8.86755108833 -1.0
8.92489600182 -1.0
9.66800904274 -1.0
9.66869997978 -1.0
9.72906303406 -1.0
9.75952291489 -1.0
9.76002502441 1.0
9.77966690063 -1.0
9.84754300117 -1.0
9.90620112419 -1.0
9.92636203766 -1.0
9.94600510597 -1.0
10.1374940872 -1.0
10.3043339252 -1.0
10.5654120445 -1.0
10.565433979 1.0
10.5855519772 -1.0
10.6675539017 -1.0
10.6678380966 -1.0
10.7248950005 -1.0
10.8292660713 -1.0
10.8493850231 -1.0
11.132338047 -1.0
11.2946610451 -1.0
11.2952620983 1.0
11.3148031235 -1.0
11.334307909 -1.0
11.4691650867 -1.0
11.584676981 -1.0
11.6679229736 -1.0
11.6682770252 -1.0
11.6893019676 -1.0
11.6897490025 1.0
11.7408349514 -1.0
11.7997310162 -1.0
15.4693720341 -1.0
15.5158641338 -1.0
28.6460940838 1.0
28.6657259464 -1.0
28.6659429073 -1.0
28.7221310139 -1.0
