0.0 -1.0
2.09808349609e-05 1.0
0.046746969223 -1.0
0.10324215889 -1.0
0.195765972137 -1.0
0.279818058014 -1.0
0.3917491436 -1.0
0.449542045593 -1.0
0.507621049881 -1.0
0.527549028397 -1.0
0.528278112411 1.0
0.58567404747 -1.0
0.615494966507 -1.0
0.636606931686 -1.0
0.656327009201 -1.0
0.720483064651 -1.0
0.748345136642 -1.0
0.773756980896 -1.0
0.773782014847 1.0
0.829586982727 -1.0
0.849794149399 -1.0
0.869854927063 -1.0
0.927057027817 -1.0
0.953542947769 -1.0
0.999220132828 -1.0
1.27826809883 -1.0
1.27873802185 1.0
1.33768606186 -1.0
2.48837709427 -1.0
2.50903296471 -1.0
2.52867293358 -1.0
2.77944898605 -1.0
2.87810015678 -1.0
3.00192403793 -1.0
3.02222895622 -1.0
3.0222389698 1.0
3.04178094864 -1.0
3.0784201622 -1.0
3.10161995888 -1.0
3.13829493523 -1.0
3.19771504402 -1.0
3.23619198799 -1.0
3.25614714622 -1.0
3.39781808853 -1.0
3.41806197166 -1.0
3.43783998489 -1.0
3.47874403 1.0
3.4858520031 -1.0
3.49849009514 -1.0
3.54322910309 -1.0
3.56308197975 -1.0
3.56361508369 -1.0
3.62156915665 -1.0
3.7141289711 -1.0
3.73435211182 -1.0
3.73735404015 1.0
3.75721216202 -1.0
3.79323196411 -1.0
3.83608794212 -1.0
3.88917207718 -1.0
3.93221211433 -1.0
3.98350811005 -1.0
4.02873897552 -1.0
4.03151607513 1.0
4.04336714745 -1.0
4.08977508545 -1.0
4.09917807579 -1.0
4.12334609032 -1.0
4.18177509308 -1.0
4.90025115013 -1.0
4.92043805122 -1.0
4.98718500137 -1.0
4.98719406128 1.0
5.00670814514 -1.0
5.59746313095 -1.0
5.61755299568 -1.0
5.63718414307 -1.0
5.84368801117 -1.0
5.9874560833 -1.0
6.00778412819 -1.0
6.03272008896 -1.0
6.17961096764 -1.0
6.17962503433 1.0
6.23795413971 -1.0
6.49858808517 -1.0
6.498898983 -1.0
6.5287361145 -1.0
6.64010906219 -1.0
6.69793605804 -1.0
6.69794797897 1.0
6.71774196625 -1.0
7.07484412193 -1.0
7.25966095924 -1.0
7.40501093864 -1.0
7.42798900604 -1.0
7.42825698853 -1.0
7.45370697975 -1.0
7.4858789444 -1.0
7.485902071 1.0
7.5060801506 -1.0
7.5541510582 -1.0
7.58142399788 -1.0
7.62775611877 -1.0
7.65480399132 -1.0
7.71509504318 -1.0
7.71798706055 1.0
7.73791909218 -1.0
7.76538109779 -1.0
7.82318615913 -1.0
7.87482094765 -1.0
7.93413996696 -1.0
8.01321315765 -1.0
8.07003903389 -1.0
8.0720770359 -1.0
8.11149406433 1.0
8.12703108788 -1.0
8.14283514023 -1.0
8.19907093048 -1.0
8.25805997849 -1.0
8.49928712845 -1.0
8.50073409081 -1.0
8.53297710419 -1.0
8.59013414383 -1.0
8.60308098793 -1.0
8.62372303009 -1.0
8.62373113632 1.0
8.64334797859 -1.0
8.65232801437 -1.0
8.77729701996 -1.0
8.92717909813 -1.0
8.94839215279 -1.0
9.00616002083 -1.0
9.39211297035 -1.0
9.41244101524 -1.0
9.41245007515 1.0
9.43208694458 -1.0
9.49903702736 -1.0
9.49927997589 -1.0
9.52957606316 -1.0
9.5701341629 -1.0
9.62702393532 -1.0
9.69300913811 -1.0
9.82028508186 -1.0
9.82030916214 1.0
9.87831997871 -1.0
9.96127700806 -1.0
9.98136806488 -1.0
10.0013411045 -1.0
10.0616080761 -1.0
10.1192700863 -1.0
10.4993231297 -1.0
10.5012569427 -1.0
10.5012731552 1.0
10.5376889706 -1.0
10.5847611427 -1.0
11.499117136 -1.0
11.5582449436 -1.0
11.5588510036 -1.0
11.5592570305 1.0
11.5788390636 -1.0
12.5378501415 -1.0
15.2622430325 -1.0
15.3087370396 -1.0
15.3282871246 -1.0
19.4772279263 1.0
19.4971530437 -1.0
19.4971649647 -1.0
19.4971730709 -1.0
19.517647028 -1.0
