0.0 -1.0
0.0371210575104 1.0
0.0567679405212 -1.0
0.112981081009 -1.0
0.168612957001 -1.0
0.229166030884 -1.0
0.287734031677 -1.0
0.344763040543 -1.0
0.381763935089 -1.0
0.382137060165 1.0
0.401834964752 -1.0
0.466193914413 -1.0
0.524943113327 -1.0
0.540020942688 -1.0
0.540048122406 -1.0
0.547115087509 -1.0
0.604835987091 -1.0
0.605334043503 1.0
0.624586105347 -1.0
0.664813995361 -1.0
0.680968046188 -1.0
0.703551054001 -1.0
0.760890960693 -1.0
0.789969921112 -1.0
0.842653989792 -1.0
0.842685937881 -1.0
0.842730045319 1.0
0.849004030228 -1.0
0.888658046722 -1.0
0.904901027679 -1.0
0.978187084198 -1.0
0.998084068298 -1.0
1.03692293167 -1.0
1.03714299202 1.0
1.07998299599 -1.0
1.10685706139 -1.0
1.25635790825 -1.0
1.27897000313 -1.0
1.33700108528 -1.0
1.39685201645 -1.0
1.42162203789 -1.0
1.48176002502 -1.0
1.58851504326 -1.0
1.58899688721 1.0
1.64570999146 -1.0
1.66816306114 -1.0
1.71898889542 -1.0
1.75337600708 -1.0
1.81306099892 -1.0
1.85100603104 -1.0
1.87250995636 -1.0
1.93928003311 -1.0
1.97676205635 -1.0
2.03320288658 -1.0
2.08842802048 -1.0
2.08892989159 1.0
2.11139011383 -1.0
2.16876792908 -1.0
2.22532892227 -1.0
2.23050498962 -1.0
2.28501796722 -1.0
2.28947901726 -1.0
2.3410320282 -1.0
2.34868311882 -1.0
2.34925293922 1.0
2.40495300293 -1.0
2.45569801331 -1.0
2.47639203072 -1.0
2.56292700768 -1.0
2.65576291084 -1.0
2.67585992813 -1.0
2.92588806152 -1.0
2.98506689072 -1.0
2.98509001732 1.0
3.00465011597 -1.0
3.00537490845 -1.0
3.06513500214 -1.0
3.12838506699 -1.0
3.14885997772 -1.0
3.32635807991 -1.0
3.35320806503 -1.0
4.26718997955 -1.0
4.26793003082 1.0
4.32521796227 -1.0
4.34479689598 -1.0
4.59429693222 -1.0
4.74883389473 -1.0
4.91589188576 -1.0
4.93672204018 -1.0
4.97700405121 -1.0
4.97748398781 -1.0
4.97810602188 1.0
5.02616906166 -1.0
5.08518910408 -1.0
5.1416079998 -1.0
5.14177703857 -1.0
5.1417798996 -1.0
5.16155600548 -1.0
5.81878805161 -1.0
5.8389570713 -1.0
5.85855388641 -1.0
5.95654702187 1.0
5.97611498833 -1.0
5.97675800323 -1.0
6.01883912086 -1.0
6.0777220726 -1.0
6.08754897118 -1.0
6.16500806808 -1.0
6.30074000359 -1.0
6.43685793877 -1.0
6.43742990494 1.0
6.45718789101 -1.0
6.54410004616 -1.0
6.56422996521 -1.0
6.58398294449 -1.0
6.64058089256 -1.0
6.69742202759 -1.0
6.76317405701 -1.0
6.78551292419 -1.0
6.78614902496 -1.0
6.78659796715 1.0
6.83178400993 -1.0
6.88932299614 -1.0
6.94942498207 -1.0
6.96714806557 -1.0
6.97823596001 -1.0
6.99786496162 -1.0
7.05416202545 -1.0
7.074395895 -1.0
7.11315488815 1.0
7.1332321167 -1.0
7.19286608696 -1.0
7.24934792519 -1.0
7.59554004669 -1.0
7.61559009552 -1.0
7.63513898849 -1.0
7.69877696037 -1.0
7.79681992531 -1.0
7.83134198189 -1.0
7.83135008812 1.0
7.85351610184 -1.0
7.85409808159 -1.0
7.88630700111 -1.0
7.93068003654 -1.0
7.98929595947 -1.0
8.00878405571 -1.0
8.00920009613 -1.0
8.06091690063 -1.0
8.06152510643 1.0
8.11730909348 -1.0
8.13448905945 -1.0
8.68841910362 -1.0
8.70845293999 -1.0
8.72796797752 -1.0
8.8475189209 -1.0
8.96121692657 -1.0
8.96124005318 1.0
8.97664093971 -1.0
8.98088312149 -1.0
9.00214195251 -1.0
9.06152796745 -1.0
9.0713570118 -1.0
9.12871694565 -1.0
15.7976090908 -1.0
15.8438289165 -1.0
15.8438401222 1.0
21.9239590168 -1.0
21.9443359375 -1.0
23.9747989178 -1.0
23.9748110771 -1.0
23.9748139381 -1.0
23.9750349522 -1.0
23.9944999218 -1.0
