0.0 -1.0
9.05990600586e-06 1.0
0.0197069644928 -1.0
0.0380320549011 -1.0
0.03830909729 -1.0
0.0913729667664 -1.0
0.0988409519196 -1.0
0.147326946259 -1.0
0.20351600647 -1.0
0.210566043854 1.0
0.216550111771 -1.0
0.250950098038 -1.0
0.270518064499 -1.0
0.299753904343 -1.0
0.359565019608 -1.0
0.43128490448 -1.0
0.490192890167 -1.0
0.518378019333 -1.0
0.518634080887 1.0
0.575422048569 -1.0
0.601579904556 -1.0
0.659003973007 -1.0
0.703435897827 -1.0
0.718022108078 -1.0
0.759825944901 -1.0
0.777976036072 -1.0
0.778007984161 1.0
0.797646999359 -1.0
0.855413913727 -1.0
0.873823881149 -1.0
0.911468982697 -1.0
0.929961919785 -1.0
0.965085983276 -1.0
1.01301908493 -1.0
1.05939793587 -1.0
1.05941009521 1.0
1.11539506912 -1.0
1.12880897522 -1.0
1.1943860054 -1.0
1.23485898972 -1.0
1.31560301781 -1.0
1.33622908592 -1.0
1.35465788841 -1.0
1.41818594933 -1.0
1.47438192368 -1.0
1.51446890831 1.0
1.53415203094 -1.0
1.55570006371 -1.0
1.61540198326 -1.0
1.82880306244 -1.0
1.84926605225 -1.0
1.87911391258 -1.0
1.94011497498 -1.0
2.15038704872 -1.0
2.22897696495 -1.0
2.24890208244 -1.0
2.24954295158 1.0
2.26900696754 -1.0
2.32768011093 -1.0
2.34726500511 -1.0
2.41121697426 -1.0
2.46998596191 -1.0
2.49022507668 -1.0
2.5363919735 -1.0
2.64139294624 1.0
2.65367603302 -1.0
2.67316794395 -1.0
2.69427800179 -1.0
2.70431303978 -1.0
2.71649098396 -1.0
2.736109972 -1.0
2.75583291054 -1.0
2.75584506989 1.0
2.77640199661 -1.0
2.83400607109 -1.0
2.87737607956 -1.0
2.89009690285 -1.0
2.91078209877 -1.0
2.93637609482 -1.0
2.99550890923 -1.0
3.03449606895 -1.0
3.08325791359 -1.0
3.08406400681 1.0
3.10674405098 -1.0
3.13510489464 -1.0
3.19011092186 -1.0
3.19410204887 -1.0
3.21375203133 -1.0
3.23615098 -1.0
3.39113497734 -1.0
3.64229011536 1.0
3.66256904602 -1.0
3.69975399971 -1.0
3.75966095924 -1.0
3.78463292122 -1.0
3.99251890182 -1.0
4.0126619339 -1.0
4.01267004013 1.0
4.03221988678 -1.0
4.18450307846 -1.0
4.31094193459 -1.0
4.33995008469 -1.0
4.3601899147 -1.0
4.49579310417 -1.0
4.51532888412 -1.0
4.60446691513 -1.0
4.60502505302 1.0
4.6245470047 -1.0
4.64401197433 -1.0
4.66366791725 -1.0
4.66438007355 -1.0
4.70802092552 -1.0
4.75673103333 -1.0
5.00430202484 -1.0
5.15353798866 -1.0
5.15355491638 1.0
5.19600892067 -1.0
5.25769996643 -1.0
5.49695491791 -1.0
5.51649808884 -1.0
5.53005290031 -1.0
5.58799791336 -1.0
5.60016298294 -1.0
5.60757899284 -1.0
5.63847899437 1.0
5.66204309464 -1.0
5.66251993179 -1.0
5.71382403374 -1.0
5.77175498009 -1.0
5.8018450737 -1.0
5.85864591599 -1.0
5.86119389534 1.0
5.88079190254 -1.0
5.88128995895 -1.0
5.93559002876 -1.0
5.99427509308 -1.0
6.05197405815 -1.0
6.07645988464 -1.0
6.13593292236 -1.0
6.26266598701 -1.0
6.32019090652 -1.0
6.32019996643 1.0
6.37583303452 -1.0
6.44455003738 -1.0
6.49817490578 -1.0
6.55592393875 -1.0
6.57117295265 -1.0
6.66381001472 -1.0
6.6644949913 -1.0
6.71292996407 -1.0
6.71337509155 1.0
6.733481884 -1.0
6.77579092979 -1.0
7.31280088425 -1.0
7.37237596512 -1.0
7.39214706421 -1.0
7.49769306183 -1.0
7.49770188332 1.0
7.51777911186 -1.0
7.56389594078 -1.0
7.6605360508 -1.0
7.66205310822 -1.0
7.68024110794 -1.0
7.74000000954 -1.0
7.7423388958 -1.0
7.76253604889 -1.0
7.81976389885 -1.0
7.85848402977 1.0
7.8781580925 -1.0
7.89838290215 -1.0
8.010668993 -1.0
8.03083109856 -1.0
8.08793091774 -1.0
8.11640906334 -1.0
8.19628190994 -1.0
8.24574303627 -1.0
8.24576497078 1.0
8.30400896072 -1.0
8.34336805344 -1.0
8.38706493378 -1.0
8.43131303787 -1.0
8.4901099205 -1.0
8.66232991219 -1.0
8.66282391548 1.0
8.69244408607 -1.0
8.74675607681 -1.0
9.66310310364 -1.0
9.71805095673 -1.0
9.77634596825 -1.0
9.88781404495 -1.0
9.9264550209 1.0
10.6604011059 -1.0
10.6604130268 -1.0
16.4462399483 -1.0
16.4924750328 -1.0
16.5142269135 -1.0
16.5388579369 -1.0
18.6434540749 1.0
18.6633520126 -1.0
18.6636819839 -1.0
18.6967339516 -1.0
18.7435569763 -1.0
