0.0 -1.0
0.000702857971191 1.0
0.0593819618225 -1.0
0.139179944992 -1.0
0.181130886078 -1.0
0.237133979797 -1.0
0.295407056808 -1.0
0.305384874344 -1.0
0.315180063248 -1.0
0.334953069687 -1.0
0.371849060059 1.0
0.391360998154 -1.0
0.411335945129 -1.0
0.43963599205 -1.0
0.448184013367 -1.0
0.451859951019 -1.0
0.459207057953 -1.0
0.49867606163 -1.0
0.528156042099 -1.0
0.5482878685 -1.0
0.548644065857 1.0
0.568618059158 -1.0
0.574640989304 -1.0
0.5799908638 -1.0
0.594173908234 -1.0
0.61367893219 -1.0
0.643012046814 -1.0
0.663143873215 -1.0
0.686122894287 -1.0
0.718204975128 -1.0
0.718215942383 1.0
0.77540397644 -1.0
0.831613063812 -1.0
0.836891889572 -1.0
0.861769914627 -1.0
0.919461011887 -1.0
0.939416885376 -1.0
0.969429016113 -1.0
1.01005506516 -1.0
1.04786992073 1.0
1.06246495247 -1.0
1.06759786606 -1.0
1.11948394775 -1.0
1.17546105385 -1.0
1.19221901894 -1.0
1.23228788376 -1.0
1.29168796539 -1.0
1.29169893265 1.0
1.34748697281 -1.0
1.43317699432 -1.0
1.53224205971 -1.0
1.59152889252 -1.0
1.61391592026 -1.0
1.61439490318 -1.0
1.64727497101 -1.0
1.70358204842 -1.0
1.7098300457 -1.0
1.72999000549 -1.0
1.8633658886 -1.0
1.86406993866 1.0
1.88376903534 -1.0
1.90361595154 -1.0
1.93111586571 -1.0
1.93155288696 -1.0
1.95782899857 -1.0
1.97797083855 -1.0
2.00960206985 -1.0
2.06156992912 -1.0
2.09985494614 1.0
2.11942005157 -1.0
2.18518900871 -1.0
2.25653886795 -1.0
2.31541395187 -1.0
2.37137794495 -1.0
2.42732405663 -1.0
2.48360085487 -1.0
2.49326205254 -1.0
2.49379587173 1.0
2.51377797127 -1.0
2.53394198418 -1.0
2.59252405167 -1.0
2.65144205093 -1.0
2.70760202408 -1.0
2.73015284538 -1.0
2.73131489754 -1.0
2.77299404144 -1.0
2.83166384697 -1.0
2.91219687462 1.0
2.932076931 -1.0
2.9323489666 -1.0
2.96921896935 -1.0
2.98937392235 -1.0
3.03609085083 -1.0
3.93010997772 -1.0
3.93012285233 1.0
3.96839189529 -1.0
4.02767300606 -1.0
4.04782390594 -1.0
4.31996703148 -1.0
4.47787094116 -1.0
4.67213201523 -1.0
4.67266988754 1.0
4.69236588478 -1.0
4.93054890633 -1.0
4.9309129715 -1.0
4.98035883904 -1.0
5.00768685341 -1.0
5.06782793999 -1.0
5.08746695518 -1.0
5.16167092323 -1.0
5.18568706512 1.0
5.20526003838 -1.0
5.22481584549 -1.0
5.36141705513 -1.0
5.48970794678 -1.0
5.54778194427 -1.0
5.79342103004 -1.0
5.81358790398 -1.0
5.8332259655 -1.0
5.91155290604 1.0
5.93125605583 -1.0
5.93279004097 -1.0
5.96986198425 -1.0
6.02794504166 -1.0
6.03201985359 -1.0
6.09501194954 -1.0
6.20566296577 -1.0
6.22545599937 -1.0
6.23018598557 -1.0
6.23019194603 1.0
6.29625988007 -1.0
6.35585594177 -1.0
6.93254089355 -1.0
6.93274188042 -1.0
6.97053289413 -1.0
7.02786397934 -1.0
7.02917385101 -1.0
7.04951095581 -1.0
7.04951786995 1.0
7.06917190552 -1.0
7.09081888199 -1.0
7.20718884468 -1.0
7.31500387192 -1.0
7.46748399734 -1.0
7.52384901047 -1.0
7.63720488548 -1.0
7.65751194954 -1.0
7.65752291679 1.0
7.67724990845 -1.0
7.80559802055 -1.0
7.92818403244 -1.0
7.93172383308 -1.0
7.94771194458 -1.0
7.98106384277 -1.0
8.00788283348 -1.0
8.04785895348 1.0
8.06736803055 -1.0
8.24390888214 -1.0
8.93099188805 -1.0
8.93146586418 -1.0
8.96758794785 -1.0
9.02401089668 -1.0
9.02845287323 -1.0
9.06786704063 1.0
14.698456049 -1.0
20.9318778515 -1.0
20.9326820374 -1.0
20.9530558586 -1.0
20.9740059376 -1.0
20.9740240574 -1.0
20.9943299294 -1.0
20.9943599701 1.0
21.0144338608 -1.0
21.0346419811 -1.0
21.0550479889 -1.0
21.0753450394 -1.0
21.0955369473 -1.0
21.0955519676 1.0
21.1159160137 -1.0
21.1363589764 -1.0
21.1568620205 -1.0
21.1773748398 -1.0
21.1979060173 -1.0
21.1980969906 1.0
21.2183730602 -1.0
21.2389278412 -1.0
21.2594618797 -1.0
21.2801198959 -1.0
21.3011639118 -1.0
21.301213026 -1.0
21.3225419521 -1.0
21.3225588799 1.0
21.3436100483 -1.0
21.3643169403 -1.0
21.3644709587 -1.0
21.3853230476 -1.0
21.4062950611 -1.0
21.4272758961 -1.0
21.4483969212 -1.0
21.4484159946 1.0
21.4698450565 -1.0
21.4909629822 -1.0
21.511868 -1.0
21.533233881 -1.0
21.5543138981 -1.0
21.5543398857 -1.0
21.5548698902 1.0
21.5745258331 -1.0
21.6334438324 -1.0
21.6460499763 -1.0
21.6619269848 -1.0
21.6620428562 1.0
21.6790938377 -1.0
21.6809589863 -1.0
21.7110569477 -1.0
21.7116918564 -1.0
21.7152659893 -1.0
21.7484869957 -1.0
21.7485070229 -1.0
21.7485120296 1.0
21.7617888451 -1.0
21.8111820221 -1.0
21.8216290474 -1.0
21.8545849323 -1.0
21.8550138474 -1.0
21.8556690216 1.0
21.8888208866 -1.0
21.8888368607 -1.0
21.9000430107 -1.0
21.9224529266 -1.0
21.9491028786 -1.0
21.9495708942 -1.0
21.9554309845 -1.0
21.9998879433 -1.0
21.9998979568 1.0
21.9999029636 -1.0
22.0491650105 -1.0
22.0502920151 -1.0
22.0994188786 -1.0
