0.0 -1.0
1.00135803223e-05 1.0
0.0199279785156 -1.0
0.0339000225067 -1.0
0.0535650253296 -1.0
0.0735418796539 -1.0
0.127236843109 -1.0
0.129703998566 -1.0
0.184432029724 -1.0
0.195162057877 -1.0
0.208431005478 1.0
0.264452934265 -1.0
0.283165931702 -1.0
0.34180188179 -1.0
0.400454998016 -1.0
0.409510850906 -1.0
0.612660884857 -1.0
0.662440061569 -1.0
0.68262386322 -1.0
0.742868900299 -1.0
0.743200063705 1.0
0.762753009796 -1.0
0.781028985977 -1.0
0.818559885025 -1.0
0.868250846863 -1.0
0.895732879639 -1.0
0.952507019043 -1.0
0.980655908585 -1.0
1.0343568325 -1.0
1.03688287735 1.0
1.03786301613 -1.0
1.09250497818 -1.0
1.10362100601 -1.0
1.12342405319 -1.0
1.14307904243 -1.0
1.17575883865 -1.0
1.23253583908 -1.0
1.27099394798 -1.0
1.31025290489 1.0
1.3298869133 -1.0
1.35356092453 -1.0
1.37351989746 -1.0
1.42988204956 -1.0
1.48878788948 -1.0
1.51091694832 -1.0
1.69784402847 -1.0
1.72023487091 -1.0
1.72059988976 1.0
1.74039006233 -1.0
1.80069899559 -1.0
1.80452489853 -1.0
1.82462692261 -1.0
1.900151968 -1.0
1.9200899601 -1.0
2.52287197113 -1.0
2.54338693619 -1.0
2.56309199333 -1.0
2.65648388863 -1.0
2.67658400536 -1.0
2.67659401894 1.0
2.69630289078 -1.0
2.75826883316 -1.0
2.7588968277 -1.0
2.79583787918 -1.0
2.85270285606 -1.0
2.86007785797 -1.0
2.91776585579 -1.0
2.96480202675 -1.0
3.00314688683 -1.0
3.00315499306 1.0
3.16536688805 -1.0
3.18590402603 -1.0
3.2404499054 -1.0
3.29786300659 -1.0
3.32138490677 -1.0
3.34161186218 -1.0
3.34248304367 -1.0
3.34297990799 1.0
3.36341404915 -1.0
3.39029383659 -1.0
3.4500939846 -1.0
3.50886893272 -1.0
3.57433700562 -1.0
3.76036596298 -1.0
3.76119399071 -1.0
3.79825186729 1.0
3.81675505638 -1.0
3.81781482697 -1.0
3.83673501015 -1.0
3.85701704025 -1.0
3.90265488625 -1.0
3.92283987999 -1.0
3.98073601723 -1.0
4.00359988213 -1.0
4.06182289124 -1.0
4.08185791969 -1.0
4.17098593712 -1.0
4.17156291008 1.0
4.19136500359 -1.0
4.2109348774 -1.0
4.25510191917 -1.0
4.349807024 -1.0
4.40601396561 -1.0
4.46478104591 -1.0
4.75885391235 -1.0
4.75954294205 -1.0
4.81678390503 -1.0
4.84118795395 -1.0
4.84167504311 1.0
4.86247587204 -1.0
4.98382091522 -1.0
5.19860291481 -1.0
5.19861602783 -1.0
5.19861793518 -1.0
5.20933294296 -1.0
5.25838303566 -1.0
5.27794003487 -1.0
5.50695300102 -1.0
5.50697684288 1.0
5.56522893906 -1.0
5.71368193626 -1.0
5.73388195038 -1.0
5.75878286362 -1.0
5.75943398476 -1.0
5.8019888401 -1.0
5.86083602905 -1.0
5.93712592125 -1.0
5.97425794601 1.0
6.1988799572 -1.0
6.1991019249 -1.0
6.2184138298 -1.0
6.56858205795 -1.0
6.58861994743 -1.0
6.60832095146 -1.0
6.73969697952 1.0
6.76047205925 -1.0
6.76151800156 -1.0
6.796241045 -1.0
6.82585597038 -1.0
6.8818500042 -1.0
6.94259595871 -1.0
7.09752202034 -1.0
7.09810900688 1.0
7.15701293945 -1.0
7.16128587723 -1.0
7.18144392967 -1.0
7.20106887817 -1.0
7.22199702263 -1.0
7.28732800484 -1.0
7.31190800667 -1.0
7.36896896362 -1.0
7.55850291252 -1.0
7.55906891823 1.0
7.57875490189 -1.0
7.59843993187 -1.0
7.75757789612 -1.0
7.75783491135 -1.0
7.81714987755 -1.0
7.84238600731 -1.0
7.86257505417 -1.0
7.96033000946 -1.0
7.96317791939 1.0
7.98350286484 -1.0
8.01391792297 -1.0
8.05118203163 -1.0
8.10903191566 -1.0
8.29372501373 -1.0
8.93579602242 -1.0
8.95591902733 -1.0
8.95592689514 1.0
8.97576999664 -1.0
9.10561704636 -1.0
9.2325398922 -1.0
9.39758586884 -1.0
9.41847300529 -1.0
9.73716688156 -1.0
9.7579498291 -1.0
9.7589058876 -1.0
9.79825305939 1.0
9.81718802452 -1.0
9.83716702461 -1.0
9.8731648922 -1.0
9.90501403809 -1.0
9.96188592911 -1.0
10.0285210609 -1.0
10.0482709408 -1.0
10.0482809544 1.0
10.7598659992 -1.0
10.8173320293 -1.0
10.8205919266 -1.0
10.8410439491 -1.0
10.9613339901 -1.0
15.5629689693 -1.0
15.6035840511 -1.0
15.6035988331 1.0
15.6233658791 -1.0
17.7557430267 -1.0
17.7557618618 -1.0
17.7559468746 -1.0
17.7752649784 -1.0
