0.0 -1.0
0.000277996063232 1.0
0.0595729351044 -1.0
0.144011974335 -1.0
0.182863950729 -1.0
0.202702045441 -1.0
0.263427972794 -1.0
0.303004026413 -1.0
0.362309932709 -1.0
0.362789869308 1.0
0.411466836929 -1.0
0.427811861038 -1.0
0.430996894836 -1.0
0.466094017029 -1.0
0.485697984695 -1.0
0.517065048218 -1.0
0.539299964905 -1.0
0.559242010117 -1.0
0.559572935104 1.0
0.579243898392 -1.0
0.599206924438 -1.0
0.62170791626 -1.0
0.650974988937 -1.0
0.710149049759 -1.0
0.767488956451 -1.0
0.824162006378 -1.0
0.93289899826 -1.0
0.933326005936 1.0
0.99152302742 -1.0
1.27539801598 -1.0
1.2953619957 -1.0
1.91879487038 -1.0
1.94072389603 -1.0
1.9602599144 -1.0
2.06095504761 -1.0
2.11384797096 -1.0
2.17462992668 -1.0
2.2300028801 -1.0
2.33686804771 -1.0
2.33690404892 1.0
2.38069391251 -1.0
2.40074300766 -1.0
2.46776103973 -1.0
2.51794886589 -1.0
2.52020788193 -1.0
2.57958698273 -1.0
2.61430597305 -1.0
2.63441205025 -1.0
2.6577808857 -1.0
2.6582429409 1.0
2.69285488129 -1.0
2.73549699783 -1.0
2.7916970253 -1.0
2.85825681686 -1.0
2.87856984138 -1.0
3.2778968811 -1.0
3.29804992676 -1.0
3.3176138401 -1.0
3.49194788933 -1.0
3.51786994934 -1.0
3.51829004288 -1.0
3.51871204376 1.0
3.54398202896 -1.0
3.56407403946 -1.0
3.61992788315 -1.0
3.63659000397 -1.0
3.63972902298 -1.0
3.70841288567 -1.0
3.82029485703 -1.0
3.84770703316 -1.0
3.84772491455 1.0
4.00968503952 -1.0
4.15794086456 -1.0
4.17798399925 -1.0
4.36731290817 -1.0
4.38770198822 -1.0
4.40742301941 -1.0
4.51801395416 -1.0
4.51860785484 -1.0
4.51902103424 1.0
4.54986286163 -1.0
4.56992483139 -1.0
4.62611293793 -1.0
4.68220090866 -1.0
4.83914589882 -1.0
4.89580488205 -1.0
5.01303601265 -1.0
5.03318190575 -1.0
5.03320503235 1.0
5.05287003517 -1.0
5.0939078331 -1.0
5.11563801765 -1.0
5.16051292419 -1.0
5.21805286407 -1.0
5.24035000801 -1.0
5.24086904526 -1.0
5.29929804802 -1.0
5.35641598701 -1.0
5.40357995033 -1.0
5.42370486259 -1.0
5.4985909462 1.0
5.50273990631 -1.0
5.5185239315 -1.0
5.53821182251 -1.0
5.59614300728 -1.0
5.60531783104 -1.0
5.62545800209 -1.0
5.68965291977 -1.0
5.74614095688 -1.0
5.80397295952 -1.0
5.85726284981 -1.0
5.85770392418 1.0
5.91621494293 -1.0
5.96758389473 -1.0
6.0407679081 -1.0
6.09813904762 -1.0
6.12064599991 -1.0
6.1516559124 -1.0
6.19084692001 -1.0
6.19131588936 1.0
6.24797487259 -1.0
6.51894593239 -1.0
6.51931285858 -1.0
6.55188393593 -1.0
6.59606194496 -1.0
6.89308691025 -1.0
6.95220589638 -1.0
6.95223283768 1.0
6.97202897072 -1.0
7.06609296799 -1.0
7.20004200935 -1.0
7.36638998985 -1.0
7.38640785217 -1.0
7.51792597771 -1.0
7.51827287674 -1.0
7.56407189369 -1.0
7.5645198822 1.0
7.62413787842 -1.0
7.99498701096 -1.0
8.01496100426 -1.0
8.03449296951 -1.0
8.15051794052 -1.0
8.25305199623 -1.0
8.39783382416 -1.0
8.51768684387 -1.0
8.51885986328 -1.0
8.51886701584 1.0
8.54091286659 -1.0
8.56118488312 -1.0
8.61801695824 -1.0
15.2488539219 -1.0
15.2889249325 -1.0
