0.0 -1.0
0.00512290000916 -1.0
0.00515794754028 1.0
0.0249700546265 -1.0
0.0572500228882 -1.0
0.116302967072 -1.0
0.18324804306 -1.0
0.240242004395 -1.0
0.291544914246 -1.0
0.29156088829 1.0
0.296998023987 -1.0
0.347634077072 -1.0
0.367202997208 -1.0
0.462857961655 -1.0
0.536875963211 -1.0
0.595623016357 -1.0
0.604318857193 -1.0
0.652023077011 -1.0
0.660806894302 -1.0
0.661158084869 1.0
0.708437919617 -1.0
0.728414058685 -1.0
0.780274868011 -1.0
0.800005912781 -1.0
0.819732904434 -1.0
0.839709043503 -1.0
0.859490871429 -1.0
0.859498977661 1.0
0.888776063919 -1.0
0.908351898193 -1.0
0.954213857651 -1.0
0.995347976685 -1.0
1.01232194901 -1.0
1.03763699532 -1.0
1.05764198303 -1.0
1.07824397087 -1.0
1.09798407555 -1.0
1.13674688339 1.0
1.15643000603 -1.0
1.29746603966 -1.0
1.35562896729 -1.0
1.65964388847 -1.0
1.68002605438 -1.0
1.71245002747 -1.0
1.73446297646 -1.0
1.73483395576 1.0
1.76233887672 -1.0
1.8140130043 -1.0
1.91134905815 -1.0
2.06821584702 -1.0
2.08798098564 -1.0
2.16173195839 -1.0
2.18196105957 -1.0
2.18196892738 1.0
2.2019739151 -1.0
2.23971295357 -1.0
2.25929784775 -1.0
2.28894805908 -1.0
2.34772992134 -1.0
2.36737585068 -1.0
2.43176698685 -1.0
2.49228286743 -1.0
2.55573391914 -1.0
2.55627799034 1.0
2.57602286339 -1.0
2.6322619915 -1.0
2.65190792084 -1.0
2.65261602402 -1.0
2.68394899368 -1.0
2.7266190052 -1.0
2.74679708481 -1.0
2.80377101898 -1.0
2.8037879467 1.0
2.84535098076 -1.0
2.85383486748 -1.0
2.86554098129 -1.0
2.90957307816 -1.0
3.50852489471 -1.0
3.5677959919 -1.0
3.58743906021 -1.0
3.68090391159 -1.0
3.69218206406 1.0
3.71183300018 -1.0
3.71235585213 -1.0
3.75546693802 -1.0
3.81182599068 -1.0
3.81615900993 -1.0
3.87250494957 -1.0
3.97577595711 -1.0
3.99602794647 -1.0
4.28769993782 -1.0
4.28829193115 1.0
4.30870389938 -1.0
4.33016991615 -1.0
4.38667488098 -1.0
4.49052786827 -1.0
4.51130485535 -1.0
4.6850540638 -1.0
4.70546793938 -1.0
4.72508907318 -1.0
4.72624897957 -1.0
4.72668385506 1.0
4.76824092865 -1.0
4.82803606987 -1.0
4.86336302757 -1.0
4.92023491859 -1.0
4.96906304359 -1.0
4.96907901764 -1.0
4.97615504265 -1.0
5.01276993752 1.0
5.02788686752 -1.0
5.12416386604 -1.0
5.14465999603 -1.0
5.39683103561 -1.0
5.41704797745 -1.0
5.43672704697 -1.0
5.5410490036 -1.0
5.60041499138 -1.0
5.65419387817 -1.0
5.65421485901 1.0
5.67729997635 -1.0
5.67758893967 -1.0
5.71306300163 -1.0
5.73302292824 -1.0
5.79192900658 -1.0
5.8023250103 -1.0
5.81151103973 -1.0
5.83114290237 -1.0
5.93904995918 -1.0
5.93962192535 1.0
5.95920586586 -1.0
5.96009898186 -1.0
5.96922206879 -1.0
6.01593089104 -1.0
6.03548908234 -1.0
6.05593299866 -1.0
6.11244988441 -1.0
6.18885803223 -1.0
6.19144201279 1.0
6.21158695221 -1.0
6.26797699928 -1.0
6.29890394211 -1.0
6.35599899292 -1.0
6.89489388466 -1.0
6.91498494148 -1.0
7.20193099976 -1.0
7.26034498215 -1.0
7.28070998192 -1.0
7.28072500229 1.0
7.30047392845 -1.0
7.59515786171 -1.0
7.71222400665 -1.0
7.71255397797 -1.0
7.7463889122 -1.0
7.76656007767 -1.0
7.87779307365 -1.0
7.87780690193 1.0
7.97028398514 -1.0
8.02815294266 -1.0
8.20854496956 -1.0
8.22863793373 -1.0
8.24861502647 -1.0
8.38385987282 -1.0
8.48575186729 -1.0
8.52104687691 -1.0
8.52106404305 1.0
8.71260786057 -1.0
8.71286296844 -1.0
8.77226686478 -1.0
8.84397697449 -1.0
8.86431407928 -1.0
9.07396888733 -1.0
15.4959480762 -1.0
15.5469498634 -1.0
15.54697299 1.0
15.5667450428 -1.0
21.7110700607 -1.0
21.711083889 -1.0
21.7110869884 -1.0
21.711097002 -1.0
21.7306129932 -1.0
28.7112529278 -1.0
