0.0 1.0
5.3882598877e-05 -1.0
0.0161070823669 -1.0
0.0198829174042 -1.0
0.0556380748749 -1.0
0.0819818973541 -1.0
0.140471935272 -1.0
0.140498876572 1.0
0.163399934769 -1.0
0.223685979843 -1.0
0.268434047699 -1.0
0.279492855072 -1.0
0.324136972427 -1.0
0.344342947006 -1.0
0.38004899025 -1.0
0.380056858063 1.0
0.399636983871 -1.0
0.428336858749 -1.0
0.448468923569 -1.0
0.473232030869 -1.0
0.517395973206 -1.0
0.537042856216 -1.0
0.596046924591 -1.0
1.3237888813 -1.0
1.32450699806 1.0
1.3456029892 -1.0
1.36514902115 -1.0
1.49687790871 -1.0
1.61803603172 -1.0
1.74434494972 -1.0
1.76657390594 -1.0
1.767152071 -1.0
1.80120801926 -1.0
1.80161786079 1.0
1.86013102531 -1.0
1.9366440773 -1.0
1.95687508583 -1.0
2.01620388031 -1.0
2.03572893143 -1.0
2.25942206383 -1.0
2.26736092567 -1.0
2.28699398041 -1.0
2.33142089844 -1.0
2.33187603951 1.0
2.38821005821 -1.0
2.39196205139 -1.0
2.51303386688 -1.0
2.7137029171 -1.0
2.91477799416 -1.0
2.93571805954 -1.0
3.10114502907 -1.0
3.1213259697 -1.0
3.12134003639 1.0
3.14078807831 -1.0
3.2668159008 -1.0
3.26712608337 -1.0
3.28725004196 -1.0
3.34374690056 -1.0
3.39760804176 -1.0
3.45577001572 -1.0
3.49199199677 1.0
3.55707097054 -1.0
3.61644005775 -1.0
3.71365785599 -1.0
3.73394703865 -1.0
3.75408792496 -1.0
3.81224799156 -1.0
3.87175703049 -1.0
4.24795603752 1.0
4.26788592339 -1.0
4.26855492592 -1.0
4.28810095787 -1.0
4.32827806473 -1.0
4.34769487381 -1.0
4.36767697334 -1.0
4.40005707741 -1.0
4.4224998951 -1.0
4.45999097824 1.0
4.47953295708 -1.0
4.50641107559 -1.0
4.56440401077 -1.0
4.62398505211 -1.0
4.64405703545 -1.0
5.12213587761 -1.0
5.39977407455 -1.0
5.41991591454 -1.0
5.41992497444 1.0
5.43944907188 -1.0
5.62771296501 -1.0
5.75387787819 -1.0
5.87850093842 -1.0
5.89871501923 -1.0
6.26831197739 -1.0
6.26868796349 -1.0
6.30546593666 -1.0
6.30587506294 1.0
6.35699391365 -1.0
6.76198887825 -1.0
6.82059288025 -1.0
6.84033107758 -1.0
6.94524908066 -1.0
7.07160687447 -1.0
7.23338294029 -1.0
7.23340201378 1.0
7.25355100632 -1.0
7.27305293083 -1.0
7.27344894409 -1.0
7.3023109436 -1.0
7.36074590683 -1.0
7.36519885063 -1.0
7.38029289246 -1.0
7.42374491692 -1.0
7.42375898361 1.0
7.44385886192 -1.0
7.46948003769 -1.0
7.49206995964 -1.0
7.527780056 -1.0
7.58460998535 -1.0
7.6251680851 -1.0
7.64524102211 -1.0
8.5234708786 -1.0
8.52349495888 1.0
8.58066105843 -1.0
8.60021686554 -1.0
8.8246679306 -1.0
8.92399501801 -1.0
8.9436249733 -1.0
8.96387290955 -1.0
9.10621786118 -1.0
9.10684299469 1.0
9.12646102905 -1.0
9.14606285095 -1.0
9.26643300056 -1.0
9.2668390274 -1.0
9.28701496124 -1.0
9.34363794327 -1.0
9.3632349968 -1.0
9.40000891685 1.0
9.40078496933 -1.0
9.47932195663 -1.0
9.50163698196 -1.0
9.50207686424 -1.0
9.52311301231 -1.0
9.58070993423 -1.0
9.5877840519 -1.0
9.64488506317 -1.0
9.64762592316 -1.0
9.77889800072 -1.0
9.77950787544 1.0
9.83676099777 -1.0
9.89284300804 -1.0
9.94970703125 -1.0
10.0826869011 -1.0
10.2519350052 -1.0
10.2669019699 -1.0
10.3117609024 -1.0
10.3688669205 -1.0
10.3850650787 -1.0
10.3855729103 1.0
10.4052610397 -1.0
10.499106884 -1.0
15.1240918636 -1.0
15.1480619907 -1.0
