0.0 -1.0
1.62124633789e-05 1.0
0.0166280269623 -1.0
0.0166640281677 -1.0
0.0168361663818 -1.0
0.0560150146484 -1.0
0.0769081115723 -1.0
0.13592505455 -1.0
0.147608041763 -1.0
0.192000150681 -1.0
0.205501079559 -1.0
0.206027984619 1.0
0.206569194794 -1.0
0.206609010696 -1.0
0.225676059723 -1.0
0.246474027634 -1.0
0.246647119522 -1.0
0.303916215897 -1.0
0.30557012558 -1.0
0.352979183197 -1.0
0.40980219841 -1.0
0.412166118622 1.0
0.432511091232 -1.0
0.485377073288 -1.0
0.543925046921 -1.0
0.647073030472 -1.0
0.704077005386 -1.0
0.716510057449 -1.0
0.774742126465 -1.0
0.832980155945 -1.0
0.892328023911 -1.0
0.892351150513 1.0
0.912092208862 -1.0
0.912646055222 -1.0
0.972038984299 -1.0
0.974670171738 -1.0
1.00975108147 -1.0
1.02949714661 -1.0
1.07200407982 -1.0
1.09164309502 -1.0
1.12673306465 -1.0
1.16969013214 -1.0
1.2099711895 1.0
1.22985219955 -1.0
1.27672815323 -1.0
1.3212621212 -1.0
1.3651201725 -1.0
1.42162418365 -1.0
1.4799990654 -1.0
1.52181601524 -1.0
1.52414798737 1.0
1.54496407509 -1.0
1.60412406921 -1.0
1.61825299263 -1.0
1.67613720894 -1.0
1.73918318748 -1.0
1.79609704018 -1.0
1.94572806358 -1.0
2.00237298012 -1.0
2.06014299393 -1.0
2.09299898148 -1.0
2.13397812843 1.0
2.20871114731 -1.0
2.2847430706 -1.0
2.34996819496 -1.0
2.42458105087 -1.0
2.58354210854 -1.0
2.6072781086 -1.0
2.66422319412 -1.0
2.71035218239 -1.0
2.71083307266 1.0
2.73049616814 -1.0
2.86881613731 -1.0
2.8693010807 -1.0
2.89604306221 -1.0
2.91621208191 -1.0
2.97613215446 -1.0
3.0516409874 -1.0
3.1095430851 -1.0
3.12978720665 -1.0
3.12980413437 1.0
3.14946103096 -1.0
3.31073498726 -1.0
3.40261816978 -1.0
3.51464509964 -1.0
3.53474211693 -1.0
3.8699400425 -1.0
3.87036013603 -1.0
3.90291500092 -1.0
3.9480111599 -1.0
3.98596405983 1.0
4.02178502083 -1.0
4.08023118973 -1.0
4.10000801086 -1.0
4.20722413063 -1.0
4.3430891037 -1.0
4.41045713425 -1.0
4.41105508804 1.0
4.43066811562 -1.0
4.57993817329 -1.0
4.60053420067 -1.0
4.62021803856 -1.0
4.73690104485 -1.0
4.83260607719 -1.0
4.87165212631 -1.0
4.87167811394 -1.0
4.92040705681 -1.0
4.92090821266 1.0
4.97115206718 -1.0
4.99346017838 -1.0
5.01372098923 -1.0
5.06970906258 -1.0
5.10708999634 -1.0
5.16429805756 -1.0
5.18409109116 -1.0
5.30634498596 -1.0
5.30692005157 1.0
5.36427402496 -1.0
5.42075514793 -1.0
5.48411917686 -1.0
5.61650800705 -1.0
5.78296709061 -1.0
5.84029698372 -1.0
5.86948513985 -1.0
5.86989712715 -1.0
5.91635799408 -1.0
5.91685605049 1.0
5.93639802933 -1.0
5.99591398239 -1.0
6.05237102509 -1.0
6.87026000023 -1.0
6.8710911274 -1.0
6.90177321434 -1.0
6.93502616882 -1.0
8.84739899635 1.0
8.85032606125 -1.0
8.8670539856 -1.0
9.33873200417 -1.0
9.38206505775 -1.0
9.42399907112 -1.0
9.46819019318 -1.0
9.50594806671 1.0
9.52559018135 -1.0
9.86959409714 -1.0
9.90814304352 -1.0
9.94581103325 -1.0
14.6134421825 -1.0
14.6134650707 1.0
14.7033061981 -1.0
