0.0 -1.0
0.109160900116 -1.0
0.109177112579 -1.0
0.109215974808 1.0
0.109252929688 -1.0
0.168107032776 -1.0
0.190609931946 -1.0
0.210333108902 -1.0
0.245820045471 -1.0
0.287486076355 -1.0
0.296499967575 -1.0
0.296535968781 -1.0
0.296544075012 1.0
0.304188013077 -1.0
0.336412906647 -1.0
0.336420059204 -1.0
0.579577922821 -1.0
0.600155115128 -1.0
0.619704008102 -1.0
0.976183891296 -1.0
1.03220009804 -1.0
1.03221392632 1.0
1.05462908745 -1.0
1.05493497849 -1.0
1.07664895058 -1.0
1.1355779171 -1.0
1.13945508003 -1.0
1.15934896469 -1.0
1.24781489372 -1.0
1.26818203926 -1.0
1.28772711754 -1.0
1.33027601242 -1.0
1.33078503609 1.0
1.35042500496 -1.0
1.3585999012 -1.0
1.40756392479 -1.0
1.43797206879 -1.0
1.52713704109 -1.0
1.54947304726 -1.0
1.55011296272 -1.0
1.60759305954 -1.0
1.66050004959 -1.0
1.66116309166 1.0
1.71944904327 -1.0
1.8281879425 -1.0
1.88416004181 -1.0
1.94355392456 -1.0
2.04254007339 -1.0
2.13576197624 -1.0
2.16879200935 -1.0
2.1887691021 -1.0
2.18919301033 1.0
2.21466898918 -1.0
2.23428010941 -1.0
2.29173994064 -1.0
2.40936994553 -1.0
2.4681429863 -1.0
2.52762794495 -1.0
2.58361101151 -1.0
2.58728003502 -1.0
2.64412999153 -1.0
2.68052697182 1.0
2.70034193993 -1.0
2.72285890579 -1.0
2.75142002106 -1.0
2.77173900604 -1.0
2.82820701599 -1.0
2.89162492752 -1.0
2.92699790001 -1.0
2.98394989967 -1.0
2.98452401161 1.0
3.04356312752 -1.0
3.0996029377 -1.0
3.12926697731 -1.0
3.17159199715 -1.0
3.18811798096 -1.0
3.23274302483 -1.0
3.25289702415 -1.0
3.35144090652 -1.0
3.38852906227 1.0
3.40856099129 -1.0
3.46799492836 -1.0
3.72216105461 -1.0
3.74277806282 -1.0
3.76230192184 -1.0
3.82187008858 -1.0
3.88353896141 -1.0
3.90312504768 -1.0
3.90560698509 1.0
3.9252140522 -1.0
3.92551207542 -1.0
3.96708989143 -1.0
4.00816392899 -1.0
4.06780695915 -1.0
4.13588404655 -1.0
4.13634800911 -1.0
4.18036603928 -1.0
4.23994493484 -1.0
4.79181408882 -1.0
4.82849311829 1.0
4.85779690742 -1.0
4.87827301025 -1.0
4.89801597595 -1.0
5.01176595688 -1.0
5.101334095 -1.0
5.12776398659 -1.0
5.12779712677 1.0
5.15298199654 -1.0
5.17492198944 -1.0
5.23178601265 -1.0
5.28086090088 -1.0
5.30512094498 -1.0
5.33412194252 -1.0
6.12036705017 -1.0
6.12089490891 1.0
6.18018293381 -1.0
6.19972896576 -1.0
6.42966604233 -1.0
6.53759503365 -1.0
6.56074500084 -1.0
6.58084511757 -1.0
7.13606095314 -1.0
7.13628292084 -1.0
7.1367161274 1.0
7.17075490952 -1.0
7.21752595901 -1.0
7.38383603096 -1.0
7.44397807121 -1.0
7.46373510361 -1.0
7.61423707008 -1.0
7.78320908546 -1.0
7.78323197365 1.0
7.9184319973 -1.0
7.93860602379 -1.0
8.13639092445 -1.0
8.13686394691 -1.0
8.19593405724 -1.0
8.29656100273 -1.0
8.31666111946 -1.0
8.38123393059 -1.0
8.71943807602 -1.0
8.71946501732 1.0
8.73981499672 -1.0
8.76022195816 -1.0
8.89800810814 -1.0
9.07006907463 -1.0
9.13631105423 -1.0
9.13747310638 -1.0
9.13787603378 1.0
9.15881800652 -1.0
9.19452691078 -1.0
9.27244400978 -1.0
9.32276296616 -1.0
9.38006305695 -1.0
9.38471889496 -1.0
9.39959192276 -1.0
9.42454004288 1.0
9.44424200058 -1.0
9.47237896919 -1.0
10.1357541084 -1.0
10.1359100342 -1.0
10.1555140018 -1.0
10.1568078995 -1.0
10.1571888924 1.0
10.1858830452 -1.0
10.2250239849 -1.0
15.0085139275 -1.0
15.0282850266 -1.0
