0.0 -1.0
0.00240397453308 1.0
0.0589318275452 -1.0
0.0714228153229 -1.0
0.115264892578 -1.0
0.128396987915 -1.0
0.150874853134 -1.0
0.287029981613 -1.0
0.360294818878 -1.0
0.360370874405 1.0
0.41910982132 -1.0
0.459472894669 -1.0
0.479990005493 -1.0
0.53907585144 -1.0
0.561295032501 -1.0
0.624783039093 -1.0
0.652096033096 -1.0
0.652544021606 1.0
0.701309919357 -1.0
0.746084928513 -1.0
0.766346931458 -1.0
0.785842895508 -1.0
0.84312582016 -1.0
0.9524538517 -1.0
1.08175396919 -1.0
1.32313704491 -1.0
1.32371091843 1.0
1.34328389168 -1.0
1.53196287155 -1.0
1.55228686333 -1.0
1.57228398323 -1.0
1.98617100716 -1.0
2.00667285919 -1.0
2.21343302727 -1.0
2.34895992279 -1.0
2.36923980713 -1.0
2.36926198006 1.0
2.38907599449 -1.0
2.47424888611 -1.0
2.48136496544 -1.0
2.53939986229 -1.0
2.59079694748 -1.0
2.6238348484 -1.0
2.68330287933 -1.0
2.68332386017 1.0
2.70288395882 -1.0
2.72718501091 -1.0
2.78334403038 -1.0
2.84388804436 -1.0
2.86517691612 -1.0
2.88546299934 -1.0
2.88650393486 -1.0
2.95138692856 -1.0
3.01203799248 -1.0
3.01205992699 1.0
3.02482485771 -1.0
3.07138681412 -1.0
3.08338785172 -1.0
3.11238384247 -1.0
3.49161982536 -1.0
3.49209499359 1.0
3.55985283852 -1.0
3.63316702843 -1.0
3.68224000931 -1.0
4.32252597809 -1.0
4.37926793098 -1.0
4.39883184433 -1.0
4.47537398338 -1.0
4.47619485855 -1.0
4.47664999962 1.0
4.5353679657 -1.0
4.55309700966 -1.0
4.57343196869 -1.0
4.60346889496 -1.0
4.7065179348 -1.0
4.7693169117 -1.0
4.97788500786 -1.0
5.03530883789 -1.0
5.11135482788 -1.0
5.11193394661 1.0
5.13158297539 -1.0
5.15137195587 -1.0
5.17101502419 -1.0
5.22858095169 -1.0
5.30907392502 -1.0
5.32974791527 -1.0
5.36336803436 -1.0
5.45596981049 1.0
5.47572183609 -1.0
5.47594094276 -1.0
5.53547883034 -1.0
5.57849287987 -1.0
5.59877681732 -1.0
5.76630091667 -1.0
6.04940986633 -1.0
6.08300685883 -1.0
6.11601400375 -1.0
6.2434220314 -1.0
6.2796318531 1.0
6.35847783089 -1.0
6.47606992722 -1.0
6.47632694244 -1.0
6.51190185547 -1.0
6.52837896347 -1.0
6.5874569416 -1.0
6.58748197556 1.0
6.60706281662 -1.0
6.66076302528 -1.0
6.73205780983 -1.0
6.75246500969 -1.0
6.7720208168 -1.0
6.93934702873 -1.0
7.11966490746 -1.0
7.2383248806 -1.0
7.2383480072 1.0
7.25850892067 -1.0
7.40830492973 -1.0
7.42855286598 -1.0
7.44821691513 -1.0
7.47480893135 -1.0
7.47535085678 -1.0
7.50904083252 -1.0
7.56728482246 -1.0
7.56780004501 1.0
7.60961890221 -1.0
7.63162302971 -1.0
7.69124889374 -1.0
7.74761199951 -1.0
7.80125188828 -1.0
7.82136487961 -1.0
8.0009868145 -1.0
8.02099394798 -1.0
8.35524487495 -1.0
8.37563896179 -1.0
8.37565803528 1.0
8.39511799812 -1.0
8.47504281998 -1.0
8.47554683685 -1.0
8.53553581238 -1.0
8.65387892723 -1.0
8.67396187782 -1.0
8.71064400673 -1.0
8.81697487831 -1.0
8.90612792969 -1.0
8.90667200089 1.0
8.96360087395 -1.0
9.73306298256 -1.0
9.75338482857 -1.0
9.77314996719 -1.0
9.79668784142 -1.0
9.94244503975 -1.0
10.091794014 -1.0
10.2844119072 -1.0
10.4549918175 1.0
10.4749498367 -1.0
10.5070199966 -1.0
10.5636928082 -1.0
10.5730278492 -1.0
15.2463679314 -1.0
15.3118829727 -1.0
15.4536089897 1.0
15.4733018875 -1.0
15.4733219147 -1.0
15.4928708076 -1.0
30.4752409458 -1.0
30.4753758907 -1.0
30.4753830433 1.0
30.4885399342 -1.0
30.4885749817 -1.0
30.4959158897 -1.0
30.515349865 -1.0
30.5215718746 -1.0
30.5215818882 -1.0
30.5218520164 -1.0
30.5545918941 -1.0
30.554612875 1.0
