0.0 -1.0
2.00271606445e-05 1.0
0.00857210159302 -1.0
0.0558681488037 -1.0
0.0714771747589 -1.0
0.110217094421 -1.0
0.241514205933 -1.0
0.321637153625 -1.0
0.379944086075 -1.0
0.379961013794 1.0
0.420615196228 -1.0
0.482916116714 -1.0
0.539026021957 -1.0
0.561477184296 -1.0
0.591553211212 -1.0
0.647927999496 -1.0
0.693288087845 -1.0
0.721737146378 -1.0
0.722506046295 1.0
0.779865026474 -1.0
0.837671041489 -1.0
0.86573600769 -1.0
0.959233045578 -1.0
1.09046506882 -1.0
1.11043405533 -1.0
1.13336205482 -1.0
1.13382220268 1.0
1.15357708931 -1.0
1.19037413597 -1.0
1.21584010124 -1.0
1.37288117409 -1.0
1.43188714981 -1.0
1.46206021309 -1.0
1.48240709305 -1.0
1.50206518173 -1.0
1.68074011803 -1.0
1.71931004524 1.0
1.83633708954 -1.0
1.89554405212 -1.0
1.91586518288 -1.0
2.03890800476 -1.0
2.05946803093 -1.0
2.0791311264 -1.0
2.09877300262 -1.0
2.09926319122 -1.0
2.11957216263 -1.0
2.11999821663 1.0
2.14986515045 -1.0
2.20801019669 -1.0
2.22752714157 -1.0
2.25049519539 -1.0
2.27048420906 -1.0
2.31213998795 -1.0
2.32687020302 -1.0
2.34720301628 -1.0
2.36595821381 -1.0
2.36639213562 1.0
2.41081500053 -1.0
2.43099212646 -1.0
2.51576304436 -1.0
2.57202506065 -1.0
2.57512021065 -1.0
2.62800216675 -1.0
2.63095498085 -1.0
2.68755316734 -1.0
2.72728300095 1.0
2.75955319405 -1.0
2.81901597977 -1.0
2.87610006332 -1.0
3.09176206589 -1.0
3.12320208549 -1.0
3.14336800575 -1.0
3.20014214516 -1.0
3.20016312599 1.0
3.22401309013 -1.0
3.24691319466 -1.0
3.26708221436 -1.0
3.3230881691 -1.0
3.38010120392 -1.0
3.40584802628 -1.0
3.40633106232 1.0
3.46420502663 -1.0
3.53205108643 -1.0
3.59205007553 -1.0
3.64804911613 -1.0
3.65756201744 -1.0
3.74121904373 -1.0
3.80877017975 -1.0
3.86821603775 -1.0
4.07139420509 1.0
4.09096813202 -1.0
4.09130501747 -1.0
4.14636206627 -1.0
4.20453500748 -1.0
4.25416398048 -1.0
4.60668802261 -1.0
4.62749099731 -1.0
4.64727306366 -1.0
4.79420399666 -1.0
4.83130216599 1.0
4.916629076 -1.0
5.07637500763 -1.0
5.09106302261 -1.0
5.09581899643 -1.0
5.15215110779 -1.0
5.17164301872 -1.0
5.18434000015 -1.0
5.18434810638 1.0
5.22271203995 -1.0
5.24549603462 -1.0
5.30443000793 -1.0
5.35077619553 -1.0
5.41365504265 -1.0
5.45901203156 -1.0
5.47925710678 -1.0
6.07116317749 1.0
6.09070014954 -1.0
6.09114098549 -1.0
6.12476205826 -1.0
6.1846370697 -1.0
6.19038319588 -1.0
6.26415014267 -1.0
6.28446507454 -1.0
6.30412912369 -1.0
6.46891307831 -1.0
6.50730204582 1.0
6.66136002541 -1.0
6.92681002617 -1.0
6.94714403152 -1.0
7.09112620354 -1.0
7.09157919884 -1.0
7.11164212227 -1.0
7.14662504196 -1.0
7.14665007591 1.0
7.20461821556 -1.0
7.22423505783 -1.0
7.27628302574 -1.0
7.3349711895 -1.0
7.38581418991 -1.0
7.57557106018 -1.0
8.0943710804 -1.0
8.09476900101 -1.0
8.09477806091 1.0
8.15237021446 -1.0
8.25635313988 -1.0
8.27641606331 -1.0
8.56184911728 -1.0
14.8474810123 -1.0
14.8695580959 -1.0
