0.0 -1.0
1.31130218506e-05 1.0
0.0110890865326 -1.0
0.0583391189575 -1.0
0.0752210617065 -1.0
0.0974819660187 -1.0
0.0974900722504 -1.0
0.233042955399 -1.0
0.428446054459 -1.0
0.486371040344 -1.0
0.486387014389 1.0
0.542428970337 -1.0
0.657597064972 -1.0
0.716748952866 -1.0
0.757097005844 -1.0
0.814548969269 -1.0
0.88682103157 -1.0
0.944858074188 -1.0
0.9475440979 1.0
0.967897176743 -1.0
1.0067961216 -1.0
1.06940102577 -1.0
1.12656712532 -1.0
1.12673997879 -1.0
1.16271996498 -1.0
1.18677210808 -1.0
1.18717098236 1.0
1.21921110153 -1.0
1.27894210815 -1.0
1.2858710289 -1.0
1.33850908279 -1.0
1.34521412849 -1.0
1.39443612099 -1.0
1.40555405617 -1.0
1.42554616928 -1.0
1.42978310585 -1.0
1.43017506599 1.0
1.44970917702 -1.0
1.47178196907 -1.0
1.52883911133 -1.0
1.56646895409 -1.0
1.62363505363 -1.0
1.68259000778 -1.0
1.81407809258 -1.0
1.87042617798 -1.0
1.87044000626 1.0
1.9264550209 -1.0
1.97958707809 -1.0
1.99973011017 -1.0
2.10298204422 -1.0
2.25811100006 -1.0
2.31446909904 -1.0
2.38879013062 -1.0
2.40960812569 -1.0
2.42752099037 -1.0
2.46504616737 1.0
2.46650004387 -1.0
2.48619794846 -1.0
2.49441504478 -1.0
2.55263400078 -1.0
2.71570897102 -1.0
2.82124495506 -1.0
2.92676997185 -1.0
2.9493329525 -1.0
2.94977402687 1.0
2.98095417023 -1.0
3.03532409668 -1.0
3.09462809563 -1.0
3.32013916969 -1.0
3.32053995132 -1.0
3.34891200066 -1.0
3.38097810745 -1.0
3.77229714394 -1.0
3.77232003212 1.0
3.83067917824 -1.0
3.85037207603 -1.0
3.95184111595 -1.0
4.07392001152 -1.0
4.26435613632 -1.0
4.28462505341 -1.0
4.30166506767 1.0
4.32125210762 -1.0
4.3226890564 -1.0
4.38262200356 -1.0
4.38545417786 -1.0
4.40548110008 -1.0
4.46268796921 -1.0
4.48233604431 -1.0
4.48456311226 -1.0
4.54071903229 -1.0
4.60530495644 -1.0
4.6053249836 1.0
4.66269207001 -1.0
4.66951608658 -1.0
4.68956303596 -1.0
4.70917415619 -1.0
4.72656917572 -1.0
4.78456807137 -1.0
4.84070515633 -1.0
4.86310100555 -1.0
4.86345696449 1.0
4.92267894745 -1.0
5.03955316544 -1.0
5.09872508049 -1.0
5.1546959877 -1.0
5.32057905197 -1.0
5.3787651062 -1.0
5.47776317596 -1.0
5.53472900391 -1.0
6.38704514503 -1.0
6.4071521759 -1.0
6.7849521637 -1.0
6.82105302811 1.0
7.89660596848 -1.0
7.91689515114 -1.0
7.93646001816 -1.0
8.32041096687 -1.0
8.3209400177 -1.0
8.37890410423 -1.0
8.47884702682 -1.0
8.69612407684 -1.0
8.69614696503 1.0
8.94550800323 -1.0
8.96568012238 -1.0
9.3045899868 -1.0
9.32485103607 -1.0
9.3444211483 -1.0
9.60267901421 -1.0
9.76813602448 -1.0
9.79259109497 -1.0
9.79260110855 1.0
9.81287002563 -1.0
9.90044903755 -1.0
9.9227001667 -1.0
9.92298316956 -1.0
9.95392894745 -1.0
10.0110471249 -1.0
10.2134931087 -1.0
10.234349966 -1.0
10.3206810951 -1.0
10.3213131428 -1.0
10.321680069 1.0
10.3790900707 -1.0
10.4240460396 -1.0
10.4441211224 -1.0
10.4555521011 -1.0
10.5151891708 -1.0
10.5349459648 -1.0
10.6007959843 -1.0
10.6565871239 -1.0
10.7798001766 -1.0
10.9018249512 -1.0
10.9018490314 1.0
11.320453167 -1.0
11.320800066 -1.0
11.3579640388 -1.0
11.4151649475 -1.0
11.4224491119 -1.0
14.3149471283 -1.0
14.3153800964 1.0
14.3349130154 -1.0
15.0761771202 -1.0
15.1328160763 -1.0
15.3187160492 -1.0
15.3187990189 -1.0
15.3189239502 -1.0
15.3384170532 -1.0
