0.0 -1.0
1.90734863281e-05 1.0
0.0133690834045 -1.0
0.0562269687653 -1.0
0.0714540481567 -1.0
0.071839094162 -1.0
0.119522094727 -1.0
0.141484975815 -1.0
0.161586046219 -1.0
0.161596059799 1.0
0.219912052155 -1.0
0.237983942032 -1.0
0.279978990555 -1.0
0.312245130539 -1.0
0.378660917282 -1.0
0.400982141495 -1.0
0.449213027954 -1.0
0.46952009201 -1.0
0.469535112381 1.0
0.527987003326 -1.0
0.553010940552 -1.0
0.58438205719 -1.0
0.591414928436 -1.0
0.636325120926 -1.0
0.647984027863 -1.0
0.669596910477 -1.0
0.68550491333 -1.0
0.749516010284 -1.0
0.758767127991 -1.0
0.759279966354 -1.0
0.792225122452 1.0
0.880065917969 -1.0
0.913645982742 -1.0
1.52169394493 -1.0
1.54211997986 -1.0
1.55955195427 -1.0
1.55956196785 1.0
1.56156396866 -1.0
1.59306502342 -1.0
1.62602806091 -1.0
1.71770310402 -1.0
1.730905056 -1.0
1.8374350071 -1.0
1.84894514084 -1.0
1.97992801666 -1.0
1.97994399071 1.0
2.00204610825 -1.0
2.00245094299 -1.0
2.02212095261 -1.0
2.06016993523 -1.0
2.0797419548 -1.0
2.09984993935 -1.0
2.13003492355 -1.0
2.13043999672 1.0
2.16447401047 -1.0
2.18454504013 -1.0
2.23584008217 -1.0
2.28658604622 -1.0
2.33668494225 -1.0
2.39615702629 -1.0
2.51958298683 1.0
2.53953313828 -1.0
2.57415890694 -1.0
2.63225412369 -1.0
2.70757508278 -1.0
3.71277213097 -1.0
3.73286890984 -1.0
3.75244498253 -1.0
4.02431106567 -1.0
4.06423807144 1.0
4.18603301048 -1.0
4.43768501282 -1.0
4.45797801018 -1.0
4.53922104836 -1.0
4.54117012024 -1.0
4.60243010521 -1.0
4.6381790638 -1.0
4.65837597847 -1.0
4.81737112999 -1.0
4.85652208328 1.0
5.13813400269 -1.0
5.16357707977 -1.0
5.22027802467 -1.0
5.2401099205 -1.0
5.33243703842 -1.0
5.44809103012 -1.0
5.55317306519 1.0
5.61473798752 -1.0
5.61475491524 -1.0
5.63516402245 -1.0
5.68090510368 -1.0
5.70062112808 -1.0
5.8810479641 -1.0
5.9012670517 -1.0
5.901293993 1.0
5.92085003853 -1.0
5.92768096924 -1.0
5.98433613777 -1.0
6.07405495644 -1.0
6.18793296814 -1.0
6.38206505775 -1.0
6.40392112732 -1.0
6.40429711342 -1.0
6.43518996239 -1.0
6.4762840271 -1.0
6.47670006752 1.0
6.53254508972 -1.0
6.67211413383 -1.0
6.69248104095 -1.0
6.71212792397 -1.0
6.93066000938 -1.0
7.11690497398 -1.0
7.15733003616 -1.0
7.40345907211 -1.0
7.40404200554 1.0
7.42440104485 -1.0
7.5403881073 -1.0
7.54082298279 -1.0
7.60139012337 -1.0
7.75903701782 -1.0
7.77920913696 -1.0
8.09783506393 -1.0
8.15608692169 -1.0
8.17637610435 -1.0
8.17639398575 1.0
8.19597291946 -1.0
8.47768497467 -1.0
8.54016900063 -1.0
8.54056596756 -1.0
8.5965321064 -1.0
8.64420199394 -1.0
8.66431307793 -1.0
8.83539390564 -1.0
8.83542513847 1.0
8.85510706902 -1.0
8.91259598732 -1.0
9.05208992958 -1.0
9.07249403 -1.0
9.09204697609 -1.0
9.24627614021 -1.0
9.36491799355 -1.0
9.46012210846 -1.0
9.46014404297 1.0
9.48023509979 -1.0
9.540184021 -1.0
9.54063391685 -1.0
9.5826010704 -1.0
9.64070796967 -1.0
9.69931101799 -1.0
9.7194879055 -1.0
9.73919391632 -1.0
10.0005810261 -1.0
10.0402491093 1.0
10.1243231297 -1.0
10.5398199558 -1.0
10.5402951241 -1.0
10.5839190483 -1.0
10.6408319473 -1.0
10.662637949 -1.0
11.520993948 1.0
11.540938139 -1.0
11.5432980061 -1.0
11.5981500149 -1.0
11.6567969322 -1.0
11.6739640236 -1.0
12.5401389599 -1.0
12.5404679775 -1.0
12.5409209728 1.0
12.5822629929 -1.0
12.6409509182 -1.0
12.6491010189 -1.0
15.3397989273 -1.0
15.3633589745 -1.0
20.518419981 1.0
20.539509058 -1.0
20.5395429134 -1.0
20.5593020916 -1.0
