0.0 -1.0
2.50339508057e-05 1.0
0.0315389633179 -1.0
0.0512731075287 -1.0
0.112029075623 -1.0
0.136059999466 -1.0
0.204410076141 -1.0
0.220731973648 -1.0
0.223989963531 -1.0
0.23985004425 1.0
0.296056985855 -1.0
0.331691980362 -1.0
0.372400045395 -1.0
0.396320104599 -1.0
0.452178001404 -1.0
0.453417062759 -1.0
0.510189056396 -1.0
0.532647132874 -1.0
0.533128976822 -1.0
0.559896945953 -1.0
0.560346126556 1.0
0.616112947464 -1.0
0.710183143616 -1.0
0.734529972076 -1.0
0.754548072815 -1.0
0.783720016479 -1.0
0.835282087326 -1.0
0.868477106094 -1.0
0.92437505722 -1.0
0.935429096222 -1.0
0.973909139633 1.0
0.996512174606 -1.0
1.0479259491 -1.0
1.05350399017 -1.0
1.10411810875 -1.0
1.12435102463 -1.0
1.15894508362 -1.0
1.15940403938 1.0
1.21026515961 -1.0
1.26813817024 -1.0
1.3256289959 -1.0
1.38193798065 -1.0
1.44011616707 -1.0
1.45910811424 -1.0
1.5214650631 -1.0
1.54426217079 -1.0
1.57687401772 -1.0
1.57733106613 1.0
1.63213205338 -1.0
1.69222307205 -1.0
1.75922107697 -1.0
1.81612205505 -1.0
1.87258911133 -1.0
1.93493103981 -1.0
2.07026004791 -1.0
2.30090498924 -1.0
2.41853499413 -1.0
2.41901803017 1.0
2.47629094124 -1.0
2.49595999718 -1.0
2.62374210358 -1.0
2.73459100723 -1.0
2.73517799377 -1.0
2.75626516342 -1.0
2.77631497383 -1.0
2.83348417282 -1.0
2.86991095543 1.0
2.95423817635 -1.0
3.0122051239 -1.0
3.11208295822 -1.0
3.13219094276 -1.0
3.15188503265 -1.0
3.2618689537 -1.0
3.36304616928 -1.0
3.50150799751 -1.0
3.52365398407 -1.0
3.52468705177 -1.0
3.52508401871 1.0
3.5527780056 -1.0
3.60635495186 -1.0
3.66427707672 -1.0
3.73408198357 -1.0
3.73476099968 -1.0
3.75919699669 -1.0
3.80406594276 -1.0
4.52342510223 -1.0
4.52344703674 1.0
4.5804901123 -1.0
4.60001111031 -1.0
4.72139310837 -1.0
4.73292016983 -1.0
4.77763414383 -1.0
4.79760503769 -1.0
4.82761001587 -1.0
4.82802200317 1.0
4.87355613708 -1.0
4.92951416969 -1.0
5.04255604744 -1.0
5.10045313835 -1.0
5.14379811287 -1.0
5.16376900673 -1.0
5.18337702751 -1.0
5.18339109421 1.0
5.19736504555 -1.0
5.24040412903 -1.0
5.25343394279 -1.0
5.34191298485 -1.0
5.40046405792 -1.0
5.43514609337 -1.0
5.49252510071 -1.0
5.53528094292 -1.0
5.63907694817 -1.0
5.6779050827 1.0
5.69743704796 -1.0
5.71999597549 -1.0
5.73994898796 -1.0
5.76746106148 -1.0
5.82457113266 -1.0
5.82914996147 -1.0
5.88041496277 -1.0
5.88042402267 1.0
5.90231013298 -1.0
5.96043515205 -1.0
5.96356511116 -1.0
6.62302017212 -1.0
6.64311313629 -1.0
6.6628370285 -1.0
6.73486113548 -1.0
6.73523902893 -1.0
6.73557114601 1.0
6.79256701469 -1.0
6.79381203651 -1.0
6.81405997276 -1.0
6.81638503075 -1.0
6.8989470005 -1.0
6.92424511909 -1.0
7.12795901299 -1.0
7.1844701767 -1.0
7.24101495743 -1.0
7.24144911766 1.0
7.26094102859 -1.0
7.28053808212 -1.0
7.35331106186 -1.0
7.43078494072 -1.0
7.49077010155 -1.0
7.73319411278 -1.0
7.73359894753 -1.0
7.7607460022 -1.0
7.76110315323 1.0
7.80931401253 -1.0
15.5021300316 -1.0
15.52800107 -1.0
