0.0 -1.0
0.00274991989136 1.0
0.0619659423828 -1.0
0.0712559223175 -1.0
0.11776304245 -1.0
0.130705118179 -1.0
0.132667064667 -1.0
0.16522192955 -1.0
0.170372962952 -1.0
0.184969902039 -1.0
0.185007095337 1.0
0.225816011429 -1.0
0.281778097153 -1.0
0.337826967239 -1.0
0.349757909775 -1.0
0.433157920837 -1.0
0.465559005737 -1.0
0.521807909012 -1.0
0.559159040451 -1.0
0.681824922562 -1.0
0.684309959412 1.0
0.704763889313 -1.0
0.724857091904 -1.0
0.782896995544 -1.0
0.808429002762 -1.0
0.830441951752 -1.0
0.850446939468 -1.0
0.883594036102 -1.0
0.88401889801 1.0
0.903594017029 -1.0
0.929838895798 -1.0
0.986107110977 -1.0
0.996397018433 -1.0
1.04182910919 -1.0
1.09464907646 -1.0
1.1177508831 -1.0
1.17390203476 -1.0
1.18823003769 -1.0
1.18871307373 1.0
1.24591493607 -1.0
1.29123091698 -1.0
1.35016989708 -1.0
1.45338106155 -1.0
1.51014304161 -1.0
1.56615400314 -1.0
1.57016205788 -1.0
1.6511349678 -1.0
1.70723700523 -1.0
1.72952890396 -1.0
1.72996091843 1.0
1.77692699432 -1.0
1.81191802025 -1.0
1.86999988556 -1.0
1.92594909668 -1.0
1.9464058876 -1.0
1.96682500839 -1.0
2.0228369236 -1.0
2.023624897 1.0
2.08201599121 -1.0
2.08950996399 -1.0
2.13831806183 -1.0
2.14730596542 -1.0
2.26112794876 -1.0
2.32304096222 -1.0
2.38224291801 -1.0
2.43794798851 -1.0
2.56003308296 -1.0
2.60731697083 1.0
2.69578099251 -1.0
2.8570599556 -1.0
2.87744688988 -1.0
2.9029610157 -1.0
2.92251610756 -1.0
2.9230260849 -1.0
2.95351409912 -1.0
2.95400190353 1.0
2.99244189262 -1.0
3.06658697128 -1.0
3.1261138916 -1.0
3.14576005936 -1.0
3.27571797371 -1.0
3.39106893539 -1.0
3.51597595215 -1.0
3.53622889519 -1.0
3.88282704353 1.0
3.90247988701 -1.0
3.9028339386 -1.0
3.96215891838 -1.0
4.02769088745 -1.0
4.04818296432 -1.0
4.23292398453 -1.0
4.25311303139 -1.0
4.31069588661 -1.0
4.38183808327 -1.0
4.48916006088 -1.0
4.64322805405 -1.0
4.64325094223 1.0
4.66339612007 -1.0
4.90382909775 -1.0
4.90460300446 -1.0
4.94677901268 -1.0
4.96677589417 -1.0
5.01399493217 -1.0
5.07013297081 -1.0
5.13786911964 1.0
5.15761995316 -1.0
5.20361208916 -1.0
5.43663597107 -1.0
5.53962898254 -1.0
5.55974292755 -1.0
5.8509991169 -1.0
5.87115597725 -1.0
5.89069604874 -1.0
5.89070391655 1.0
5.91028499603 -1.0
5.9107670784 -1.0
5.95704007149 -1.0
5.97714495659 -1.0
6.03486990929 -1.0
6.05440807343 -1.0
6.07408595085 -1.0
6.0746319294 1.0
6.13430094719 -1.0
6.72841191292 -1.0
6.74866890907 -1.0
6.76835989952 -1.0
6.89060091972 -1.0
6.904088974 -1.0
6.94699811935 -1.0
6.96709489822 -1.0
6.99321508408 -1.0
6.99369812012 1.0
7.01331806183 -1.0
7.0710310936 -1.0
7.15335297585 -1.0
7.21034789085 -1.0
7.90287089348 -1.0
7.9036989212 -1.0
7.94824409485 -1.0
7.9487259388 1.0
8.00640106201 -1.0
8.10423111916 -1.0
8.87690591812 -1.0
8.89711308479 -1.0
8.91683197021 -1.0
8.91721391678 -1.0
8.94290590286 -1.0
9.00238704681 -1.0
9.08528804779 -1.0
9.12333106995 1.0
9.19798588753 -1.0
9.4666249752 -1.0
9.48869895935 -1.0
14.6733160019 -1.0
14.7107689381 -1.0
