0.0 -1.0
0.156097888947 -1.0
0.156418800354 1.0
0.17675280571 -1.0
0.177692890167 -1.0
0.231829881668 -1.0
0.289313793182 -1.0
0.292618989944 -1.0
0.315391778946 -1.0
0.36471581459 -1.0
0.415271997452 -1.0
0.422119855881 -1.0
0.422143936157 1.0
0.455315828323 -1.0
0.485067844391 -1.0
0.504786968231 -1.0
0.544486999512 -1.0
0.565844774246 -1.0
0.625383853912 -1.0
0.645679950714 -1.0
0.646143913269 1.0
0.697891950607 -1.0
0.805311918259 -1.0
0.90268778801 -1.0
0.922704935074 -1.0
0.944405794144 -1.0
0.96434879303 -1.0
0.964681863785 1.0
0.995186805725 -1.0
1.05456185341 -1.0
1.07455182076 -1.0
1.13393783569 -1.0
1.19901394844 -1.0
1.25828790665 -1.0
1.28749489784 -1.0
1.34605383873 -1.0
1.3962957859 -1.0
1.39686179161 1.0
1.4541258812 -1.0
1.47015094757 -1.0
1.51344490051 -1.0
1.56873488426 -1.0
1.6261677742 -1.0
1.68640899658 -1.0
1.74549794197 -1.0
1.82401895523 -1.0
1.84840679169 -1.0
1.84878993034 1.0
1.90548682213 -1.0
1.90667796135 -1.0
1.96548891068 -1.0
1.96804285049 -1.0
1.98836684227 -1.0
2.0457508564 -1.0
2.07071781158 -1.0
2.29765677452 -1.0
2.35765886307 -1.0
2.35767793655 1.0
2.37727379799 -1.0
2.58924794197 -1.0
2.69870591164 -1.0
2.86546492577 -1.0
2.88752293587 -1.0
2.88840079308 -1.0
2.94553494453 -1.0
2.94555687904 1.0
2.94648694992 -1.0
2.96511387825 -1.0
2.97064995766 -1.0
3.0221247673 -1.0
3.03056788445 -1.0
3.04194188118 -1.0
3.05295681953 -1.0
3.09058880806 1.0
3.10175991058 -1.0
3.12130999565 -1.0
3.13421988487 -1.0
3.27397489548 -1.0
3.3375248909 -1.0
3.35700392723 -1.0
3.4274559021 -1.0
3.90194296837 -1.0
3.9026529789 -1.0
3.90266299248 1.0
3.9284799099 -1.0
3.96250081062 -1.0
4.04658079147 -1.0
4.06618499756 -1.0
4.12567591667 -1.0
4.73136997223 -1.0
4.73202896118 1.0
4.75184488297 -1.0
4.77143287659 -1.0
4.88559794426 -1.0
4.90218281746 -1.0
4.94326496124 -1.0
4.96313500404 -1.0
4.9659049511 -1.0
5.00669384003 -1.0
5.04658985138 1.0
5.06619882584 -1.0
5.09307599068 -1.0
5.14999079704 -1.0
5.17985582352 -1.0
5.19986796379 -1.0
5.27320384979 -1.0
5.29365777969 -1.0
5.29366993904 1.0
5.31319594383 -1.0
5.37134099007 -1.0
5.4302418232 -1.0
5.48976993561 -1.0
5.65645480156 -1.0
5.71374678612 -1.0
5.77044177055 -1.0
5.86076998711 -1.0
5.90277385712 -1.0
5.94587278366 -1.0
5.94627380371 1.0
5.97282195091 -1.0
6.03017783165 -1.0
6.12292981148 -1.0
6.18179678917 -1.0
6.32339692116 -1.0
6.38193678856 -1.0
6.41048598289 -1.0
6.47165894508 -1.0
6.5105919838 1.0
6.5314347744 -1.0
6.55467391014 -1.0
6.61093878746 -1.0
6.66995596886 -1.0
6.6937417984 -1.0
6.75419688225 -1.0
6.86430692673 -1.0
6.92600798607 -1.0
6.9481139183 -1.0
6.94849085808 1.0
6.97010993958 -1.0
7.02629780769 -1.0
7.04657387733 -1.0
7.10621380806 -1.0
7.16623783112 -1.0
7.90151286125 -1.0
7.90192079544 -1.0
7.94662594795 -1.0
7.94671988487 1.0
8.00601387024 -1.0
8.90193295479 -1.0
8.90230894089 -1.0
8.95705986023 -1.0
9.01394891739 -1.0
9.04387283325 -1.0
9.90160989761 -1.0
9.90188288689 -1.0
9.90226578712 1.0
9.93876600266 -1.0
9.99025392532 -1.0
14.677713871 -1.0
14.6989607811 -1.0
20.8805527687 1.0
20.9003798962 -1.0
20.9202868938 -1.0
