0.0 -1.0
1.47819519043e-05 1.0
0.0559558868408 -1.0
0.0802438259125 -1.0
0.162121772766 -1.0
0.203634977341 -1.0
0.203668832779 -1.0
0.203769922256 -1.0
0.220230817795 -1.0
0.223541975021 -1.0
0.279846906662 -1.0
0.296440839767 -1.0
0.296879768372 1.0
0.355976819992 -1.0
0.381140947342 -1.0
0.438612937927 -1.0
0.511598825455 -1.0
0.575219869614 -1.0
0.598013877869 -1.0
0.620023965836 -1.0
0.620581865311 1.0
0.640527963638 -1.0
0.66276884079 -1.0
0.683309793472 -1.0
0.725614786148 -1.0
0.745662927628 -1.0
0.790256977081 -1.0
0.819999933243 -1.0
0.820008993149 1.0
0.859872817993 -1.0
0.906271934509 -1.0
0.926244974136 -1.0
0.955366849899 -1.0
0.975475788116 -1.0
0.997759819031 -1.0
1.01780891418 -1.0
1.05507183075 1.0
1.07482886314 -1.0
1.13084578514 -1.0
1.18805599213 -1.0
1.33166885376 -1.0
1.35199284554 -1.0
1.41189789772 -1.0
1.93770980835 -1.0
1.95777988434 -1.0
1.97739577293 -1.0
2.06097793579 -1.0
2.06148290634 1.0
2.08139300346 -1.0
2.1010928154 -1.0
2.2088727951 -1.0
2.31055283546 -1.0
2.39910888672 -1.0
2.44794487953 -1.0
2.51055383682 -1.0
2.58498191833 -1.0
2.58499789238 1.0
2.60711789131 -1.0
2.60754680634 -1.0
2.64511179924 -1.0
2.69607996941 -1.0
2.75618195534 -1.0
2.91413784027 -1.0
2.91459488869 -1.0
2.93458390236 -1.0
2.93494987488 1.0
2.99218082428 -1.0
3.01183891296 -1.0
3.03718590736 -1.0
3.09637880325 -1.0
3.13680481911 -1.0
3.25184679031 -1.0
3.31068181992 -1.0
3.41669297218 -1.0
3.43681693077 -1.0
3.7520608902 -1.0
3.75255084038 1.0
3.77217197418 -1.0
3.7917239666 -1.0
3.91486883163 -1.0
3.91533684731 -1.0
3.97213983536 -1.0
3.9834959507 -1.0
4.00348997116 -1.0
4.07029080391 -1.0
4.18340182304 -1.0
4.2092359066 -1.0
4.2092499733 1.0
4.30950093269 -1.0
4.32966780663 -1.0
4.58452486992 -1.0
4.60499095917 -1.0
4.62460589409 -1.0
4.88378000259 -1.0
4.91486883163 -1.0
4.91522192955 -1.0
4.94453191757 -1.0
4.94492197037 1.0
4.97921085358 -1.0
5.03868484497 -1.0
5.10045790672 -1.0
5.14578199387 -1.0
5.19834184647 -1.0
5.19835495949 1.0
5.24358677864 -1.0
5.30275297165 -1.0
5.32632184029 -1.0
5.35508179665 -1.0
5.39923977852 -1.0
5.4563908577 -1.0
5.48443388939 -1.0
5.48487591743 1.0
5.50498890877 -1.0
5.51693487167 -1.0
5.56429386139 -1.0
5.57484984398 -1.0
5.63070988655 -1.0
5.65415978432 -1.0
5.71144080162 -1.0
5.76819181442 -1.0
5.846544981 -1.0
5.8470389843 1.0
5.90417289734 -1.0
5.92462992668 -1.0
5.95364785194 -1.0
5.98925590515 -1.0
6.25922679901 -1.0
6.31640291214 -1.0
6.31641578674 1.0
6.33616781235 -1.0
6.45090293884 -1.0
6.55277299881 -1.0
6.59439682961 -1.0
6.91626000404 -1.0
6.91689491272 -1.0
6.97648286819 -1.0
7.03469085693 -1.0
7.03519678116 1.0
7.05506277084 -1.0
7.23626494408 -1.0
14.6712927818 -1.0
14.7495779991 -1.0
