0.0 1.0
0.0179550647736 -1.0
0.0202310085297 -1.0
0.0740599632263 -1.0
0.265933036804 -1.0
0.321981906891 -1.0
0.342988967896 -1.0
0.3432700634 1.0
0.384433031082 -1.0
0.440079927444 -1.0
0.444775104523 -1.0
0.448268890381 -1.0
0.465193033218 -1.0
0.483404874802 1.0
0.506206035614 -1.0
0.558171987534 -1.0
0.617383956909 -1.0
0.629852056503 -1.0
0.637024879456 -1.0
0.643774986267 -1.0
0.65695309639 -1.0
0.656980991364 1.0
0.759402990341 -1.0
0.821173906326 -1.0
0.87962603569 -1.0
0.903516054153 -1.0
0.935321092606 -1.0
0.960478067398 -1.0
0.981909036636 -1.0
0.98260807991 1.0
1.00286889076 -1.0
1.05874204636 -1.0
1.07877588272 -1.0
1.09881496429 -1.0
1.15708589554 -1.0
1.18226790428 -1.0
1.1826980114 1.0
1.2081348896 -1.0
1.23896789551 -1.0
1.29569602013 -1.0
1.34283709526 -1.0
1.40208506584 -1.0
1.48304891586 -1.0
1.50707006454 -1.0
1.54957008362 -1.0
1.55007100105 1.0
1.60608506203 -1.0
1.62103295326 -1.0
1.67804503441 -1.0
1.75960993767 -1.0
2.07604289055 -1.0
2.09712910652 -1.0
2.116740942 -1.0
2.23568797112 -1.0
2.37522101402 -1.0
2.37524199486 1.0
2.40644788742 -1.0
2.42672896385 -1.0
2.44626688957 -1.0
2.54781794548 -1.0
2.56851410866 -1.0
2.59712600708 -1.0
2.72123003006 -1.0
2.88658595085 -1.0
2.88661003113 1.0
2.97211503983 -1.0
3.03022003174 -1.0
3.05048298836 -1.0
3.07020688057 -1.0
3.07056903839 -1.0
3.13009500504 -1.0
3.1640329361 -1.0
3.18441200256 -1.0
3.39582109451 -1.0
3.4320089817 1.0
3.4755179882 -1.0
3.62881088257 -1.0
3.83423995972 -1.0
3.85441398621 -1.0
4.06082105637 -1.0
4.06164598465 -1.0
4.11823987961 -1.0
4.17870092392 -1.0
4.19875097275 -1.0
4.31578207016 -1.0
4.35202002525 1.0
4.67630410194 -1.0
4.69655203819 -1.0
4.71619391441 -1.0
4.89278292656 -1.0
5.04067897797 -1.0
5.05924701691 -1.0
5.06028389931 -1.0
5.06029105186 1.0
5.09359788895 -1.0
5.14658594131 -1.0
5.19578003883 -1.0
5.24303102493 -1.0
6.10771799088 -1.0
6.10774493217 1.0
6.14694809914 -1.0
6.19979310036 -1.0
6.37527799606 -1.0
6.51761198044 -1.0
6.69022703171 -1.0
6.69024610519 1.0
6.75036096573 -1.0
7.05959796906 -1.0
7.05996108055 -1.0
7.11496400833 -1.0
7.17440891266 -1.0
7.20832300186 -1.0
7.2841219902 -1.0
7.28473091125 1.0
7.30533695221 -1.0
7.32511997223 -1.0
7.48769903183 -1.0
7.59122991562 -1.0
7.67013788223 -1.0
7.69043707848 -1.0
7.76626801491 -1.0
7.78676891327 -1.0
7.78678393364 1.0
7.8063249588 -1.0
7.87671494484 -1.0
7.93566799164 -1.0
7.96837902069 -1.0
7.99082303047 -1.0
7.99110007286 -1.0
8.04055094719 1.0
8.04455089569 -1.0
8.06027388573 -1.0
8.06483197212 -1.0
8.12255001068 -1.0
8.14222192764 -1.0
8.15764594078 -1.0
8.18730306625 -1.0
8.2466199398 -1.0
8.26624703407 -1.0
8.29908895493 -1.0
8.29911088943 1.0
8.35845899582 -1.0
8.37869787216 -1.0
8.45465707779 -1.0
8.51757407188 -1.0
8.57454800606 -1.0
8.794039011 -1.0
8.8142580986 -1.0
8.83378887177 -1.0
9.05919504166 -1.0
9.06002998352 -1.0
9.06039905548 1.0
9.0984389782 -1.0
9.15568900108 -1.0
9.21477007866 -1.0
9.21751189232 -1.0
9.29168200493 -1.0
9.52092909813 -1.0
10.0392310619 1.0
10.0589449406 -1.0
10.0591630936 -1.0
10.092304945 -1.0
10.1484630108 -1.0
14.820595026 -1.0
14.8443820477 -1.0
14.9029109478 -1.0
14.9029350281 1.0
14.959002018 -1.0
