0.0 -1.0
1.69277191162e-05 1.0
0.0197188854218 -1.0
0.0536639690399 -1.0
0.0809459686279 -1.0
0.100722074509 -1.0
0.157711029053 -1.0
0.1774559021 -1.0
0.24924492836 -1.0
0.255280971527 -1.0
0.255290031433 1.0
0.275016069412 -1.0
0.280356884003 -1.0
0.299958944321 -1.0
0.342217922211 -1.0
0.359280109406 -1.0
0.369302034378 -1.0
0.388956069946 -1.0
0.408586025238 -1.0
0.423187971115 -1.0
0.459661960602 1.0
0.478980064392 -1.0
0.47939991951 -1.0
0.495260000229 -1.0
0.498943090439 -1.0
0.52884888649 -1.0
0.528886079788 -1.0
0.529041051865 -1.0
0.54855799675 -1.0
0.568401098251 -1.0
0.571415901184 1.0
0.591068029404 -1.0
0.614486932755 -1.0
0.670921087265 -1.0
0.670963048935 -1.0
0.671401977539 -1.0
0.689188957214 -1.0
0.691456079483 -1.0
0.726074934006 -1.0
0.726099967957 1.0
0.785619974136 -1.0
1.01215791702 -1.0
1.032351017 -1.0
1.0519630909 -1.0
1.24774003029 -1.0
1.39708304405 -1.0
1.4216439724 -1.0
1.44183707237 -1.0
1.44184803963 1.0
1.46150803566 -1.0
1.59602189064 -1.0
1.61772108078 -1.0
1.61820292473 -1.0
1.62191009521 -1.0
1.62230205536 -1.0
1.63823509216 -1.0
1.69499111176 -1.0
1.69522690773 -1.0
1.69570994377 1.0
1.69911193848 -1.0
1.73222303391 -1.0
1.73907804489 -1.0
1.79795694351 -1.0
1.820125103 -1.0
1.86193799973 -1.0
1.87665700912 -1.0
1.9099919796 -1.0
1.91566705704 1.0
1.99854588509 -1.0
2.0320019722 -1.0
2.03773498535 -1.0
2.05779194832 -1.0
2.06486701965 -1.0
2.07738804817 -1.0
2.12150406837 -1.0
2.20354700089 -1.0
2.20356798172 1.0
2.25034999847 -1.0
2.33010101318 -1.0
2.45287299156 -1.0
2.60704803467 -1.0
2.60779595375 -1.0
2.64307188988 -1.0
2.64355301857 1.0
2.66319990158 -1.0
2.68558907509 -1.0
2.70606589317 -1.0
2.76329898834 -1.0
2.8218228817 -1.0
2.83679389954 -1.0
2.85672903061 -1.0
3.61491990089 -1.0
3.61539793015 1.0
3.63506293297 -1.0
3.65461111069 -1.0
3.78941202164 -1.0
3.89387702942 -1.0
4.03271007538 -1.0
4.05289196968 -1.0
4.2121090889 -1.0
4.23231005669 -1.0
4.23232603073 1.0
4.2520160675 -1.0
4.39305996895 -1.0
4.50469994545 -1.0
4.60664010048 -1.0
4.60690689087 -1.0
4.63813400269 -1.0
4.69432210922 -1.0
4.69732904434 1.0
4.71735405922 -1.0
4.73809790611 -1.0
4.79816508293 -1.0
4.852257967 -1.0
4.91118001938 -1.0
4.93172097206 -1.0
4.99654388428 -1.0
5.01614809036 -1.0
5.32539105415 -1.0
5.32592391968 1.0
5.34566497803 -1.0
5.36547398567 -1.0
5.6074359417 -1.0
5.60782599449 -1.0
5.6424279213 -1.0
5.68258595467 -1.0
5.73928308487 -1.0
5.80160188675 -1.0
5.80162405968 1.0
5.86749196053 -1.0
5.92602396011 -1.0
5.9386100769 -1.0
5.95867109299 -1.0
5.97946190834 -1.0
5.99721193314 -1.0
5.99905991554 -1.0
6.04390001297 -1.0
6.08366107941 1.0
6.11209893227 -1.0
6.16214203835 -1.0
6.18329596519 -1.0
6.38437199593 -1.0
6.4421069622 -1.0
6.49812293053 -1.0
6.58354592323 -1.0
6.60913109779 -1.0
6.60959410667 1.0
6.66606807709 -1.0
6.68233108521 -1.0
6.73193502426 -1.0
6.82337808609 -1.0
6.91850709915 -1.0
6.97834396362 -1.0
7.09596991539 -1.0
7.15414905548 -1.0
7.21011710167 -1.0
7.27183794975 -1.0
7.31566810608 1.0
7.37491393089 -1.0
7.48184895515 -1.0
7.60734701157 -1.0
7.63739490509 -1.0
7.69444394112 -1.0
7.69949197769 -1.0
8.58781099319 1.0
8.60737299919 -1.0
8.60806393623 -1.0
8.65946507454 -1.0
8.71830391884 -1.0
8.75287604332 -1.0
15.4058680534 -1.0
15.468695879 -1.0
