0.0 -1.0
2.69412994385e-05 1.0
0.0129940509796 -1.0
0.0560169219971 -1.0
0.072429895401 -1.0
0.0887310504913 -1.0
0.0925369262695 -1.0
0.118844032288 -1.0
0.119205951691 1.0
0.120707035065 -1.0
0.139026880264 -1.0
0.229620933533 -1.0
0.288562059402 -1.0
0.348007917404 -1.0
0.463371992111 -1.0
0.520426988602 -1.0
0.52324795723 1.0
0.580010890961 -1.0
0.580862045288 -1.0
0.639960050583 -1.0
0.641067028046 -1.0
0.691757917404 -1.0
0.712213993073 -1.0
0.713712930679 -1.0
0.71409201622 1.0
0.746232032776 -1.0
0.765588998795 -1.0
0.766644001007 -1.0
0.808619976044 -1.0
0.830944061279 -1.0
0.830952882767 1.0
0.888153076172 -1.0
0.910093069077 -1.0
0.96809387207 -1.0
1.01106786728 -1.0
1.03123188019 -1.0
1.05084300041 -1.0
1.12421607971 -1.0
1.12426996231 1.0
1.14404606819 -1.0
1.20959091187 -1.0
1.22933888435 -1.0
1.22957897186 -1.0
1.31024289131 -1.0
1.34882998466 1.0
1.36837697029 -1.0
1.442964077 -1.0
1.44368505478 -1.0
1.4632499218 -1.0
1.49177694321 1.0
1.50163006783 -1.0
1.51150798798 -1.0
1.51152586937 -1.0
1.52251791954 -1.0
1.53129005432 -1.0
1.58004593849 -1.0
1.61875009537 -1.0
1.6188120842 1.0
1.7109348774 -1.0
1.71096086502 -1.0
1.71669101715 -1.0
1.73143792152 -1.0
1.73971509933 -1.0
1.7523059845 -1.0
1.75428700447 -1.0
1.75429391861 1.0
1.77301597595 -1.0
1.79299998283 -1.0
1.81493186951 -1.0
1.81494498253 1.0
1.81668686867 -1.0
1.834815979 -1.0
1.89216995239 -1.0
1.91754007339 -1.0
2.01147699356 -1.0
2.04434204102 1.0
2.06386899948 -1.0
2.08351802826 -1.0
2.12302899361 -1.0
2.12304997444 -1.0
2.12803387642 -1.0
2.12804293633 1.0
2.14324307442 -1.0
2.14350986481 -1.0
2.14756894112 -1.0
2.20012998581 -1.0
2.21041488647 -1.0
2.21042609215 1.0
2.22123408318 -1.0
2.23036789894 -1.0
2.31215906143 -1.0
2.31219005585 -1.0
2.33251094818 -1.0
2.35242891312 -1.0
2.35243797302 1.0
2.35244894028 -1.0
2.37219500542 -1.0
2.37313008308 -1.0
2.37313890457 1.0
2.41117286682 -1.0
2.41120409966 -1.0
2.43131494522 -1.0
2.48826503754 -1.0
2.61222195625 -1.0
2.61225390434 1.0
2.62175798416 -1.0
2.63211202621 -1.0
2.6515750885 -1.0
2.70873594284 -1.0
2.71163201332 -1.0
2.7289750576 -1.0
2.72898292542 1.0
2.78825998306 -1.0
2.90339899063 -1.0
2.91170787811 -1.0
2.91226696968 1.0
2.93123292923 -1.0
2.95075488091 -1.0
3.01177191734 -1.0
3.06854200363 -1.0
3.12205386162 -1.0
3.14195394516 -1.0
3.14201307297 1.0
3.21192097664 -1.0
3.23268699646 -1.0
3.26857209206 -1.0
3.2882630825 -1.0
3.31092786789 -1.0
4.99817609787 1.0
5.02013897896 -1.0
5.07632708549 -1.0
5.1544470787 -1.0
6.01926589012 -1.0
6.0192759037 1.0
6.03900408745 -1.0
8.02025794983 -1.0
8.02046608925 -1.0
8.03992295265 -1.0
8.99913597107 1.0
9.01978588104 -1.0
9.01986503601 -1.0
9.03952693939 -1.0
15.6119959354 -1.0
