0.0 -1.0
0.177603006363 -1.0
0.177619934082 1.0
0.197438955307 -1.0
0.462055921555 -1.0
0.476224899292 -1.0
0.481605052948 -1.0
0.49213385582 1.0
0.495682954788 -1.0
0.496968984604 -1.0
0.503355979919 -1.0
0.509989023209 -1.0
0.529505968094 -1.0
0.587653875351 -1.0
0.740574836731 1.0
0.760108947754 -1.0
0.760830879211 -1.0
0.779644012451 -1.0
0.779651880264 1.0
0.799170017242 -1.0
0.859323978424 -1.0
0.961436986923 -1.0
1.06530094147 -1.0
1.07679390907 -1.0
1.08487606049 -1.0
1.08489084244 1.0
1.09649896622 -1.0
1.09751796722 -1.0
1.104418993 -1.0
1.10468006134 -1.0
1.10803699493 -1.0
1.1080429554 1.0
1.11628985405 -1.0
1.1238758564 -1.0
1.1239669323 -1.0
1.12817192078 -1.0
1.13111186028 -1.0
1.13390994072 -1.0
1.13391494751 1.0
1.13576984406 -1.0
1.13884186745 -1.0
1.14089798927 -1.0
1.14341688156 -1.0
1.14615392685 -1.0
1.16312098503 -1.0
1.16313695908 1.0
1.17463088036 -1.0
1.18058800697 -1.0
1.18271493912 -1.0
1.18630194664 -1.0
1.19297504425 -1.0
1.19789385796 -1.0
1.19790196419 1.0
1.19807291031 -1.0
1.20424389839 -1.0
1.20426487923 1.0
1.20569300652 -1.0
1.21814203262 -1.0
1.21866703033 -1.0
1.27556586266 -1.0
1.29497385025 -1.0
1.46086502075 -1.0
1.47236990929 -1.0
1.47237992287 1.0
1.48025393486 -1.0
1.4931139946 -1.0
1.49501800537 -1.0
1.49626088142 -1.0
1.49965190887 -1.0
1.50310492516 -1.0
1.51290392876 -1.0
1.5129339695 1.0
1.51880002022 -1.0
1.52450990677 -1.0
1.52675700188 -1.0
1.53017997742 -1.0
1.53090596199 -1.0
1.53248286247 -1.0
1.5324909687 1.0
1.53510189056 -1.0
1.53836798668 -1.0
1.5389649868 -1.0
1.54406189919 -1.0
1.54495882988 -1.0
1.5451529026 -1.0
1.54967284203 -1.0
1.54968094826 1.0
1.55211305618 -1.0
1.5545539856 -1.0
1.55635905266 -1.0
1.561398983 -1.0
1.56350302696 -1.0
1.56559586525 -1.0
1.5714328289 -1.0
1.57144999504 1.0
1.57408595085 -1.0
1.57586884499 -1.0
1.57813191414 -1.0
1.58289790154 -1.0
1.5955889225 -1.0
1.59559988976 1.0
1.59739494324 -1.0
1.60259103775 -1.0
1.61572885513 -1.0
1.6717209816 -1.0
1.72771000862 -1.0
1.82508206367 1.0
1.84486293793 -1.0
1.86108493805 -1.0
1.86669993401 1.0
1.88101196289 -1.0
1.88634991646 -1.0
1.94010996819 -1.0
1.95754384995 -1.0
1.97734189034 -1.0
2.0586400032 -1.0
2.11567187309 -1.0
2.115680933 1.0
2.16321086884 -1.0
2.21256685257 -1.0
2.25904893875 -1.0
2.36474490166 -1.0
2.49176383018 -1.0
2.53162693977 1.0
2.55111289024 -1.0
7.23611402512 -1.0
7.25578403473 -1.0
8.17700004578 -1.0
8.17703104019 1.0
8.19662189484 -1.0
8.19743490219 -1.0
8.25608897209 -1.0
8.27560186386 -1.0
8.28165888786 -1.0
8.34015583992 -1.0
8.35741996765 -1.0
8.39562106133 1.0
8.56222701073 -1.0
8.58217287064 -1.0
8.91959905624 -1.0
8.94195199013 -1.0
8.94195985794 1.0
8.9613699913 -1.0
9.10979986191 -1.0
9.12969994545 -1.0
9.17360806465 -1.0
9.17376303673 -1.0
9.19334888458 -1.0
9.27660393715 -1.0
9.31561398506 1.0
9.36008000374 -1.0
9.38128185272 -1.0
9.53528404236 -1.0
9.5561709404 -1.0
9.57578992844 -1.0
9.60605287552 -1.0
9.60631203651 1.0
9.66428184509 -1.0
9.68385004997 -1.0
9.74846196175 -1.0
9.80826687813 -1.0
9.84341883659 -1.0
9.84667205811 1.0
9.88474297523 -1.0
9.90759205818 -1.0
9.96418690681 -1.0
10.0130879879 -1.0
10.0189938545 -1.0
10.0516560078 1.0
10.0712740421 -1.0
10.0964348316 -1.0
10.1158900261 -1.0
10.1433160305 -1.0
10.143324852 1.0
10.1886260509 -1.0
10.2003419399 -1.0
10.2206189632 -1.0
10.2279088497 -1.0
10.2279360294 1.0
10.2284588814 -1.0
10.2406058311 -1.0
10.2601268291 -1.0
10.2942938805 -1.0
10.2954189777 -1.0
10.2957370281 -1.0
10.3140978813 -1.0
10.3141160011 1.0
10.3628568649 -1.0
10.4010038376 -1.0
10.4191598892 -1.0
10.4530758858 -1.0
10.4531199932 1.0
11.1739468575 -1.0
11.2324140072 -1.0
11.4477128983 -1.0
11.4479169846 1.0
11.4673879147 -1.0
11.4870140553 -1.0
11.6847629547 -1.0
11.7050340176 -1.0
11.7675969601 -1.0
11.975055933 -1.0
12.1557350159 1.0
12.1757040024 -1.0
12.1785969734 -1.0
12.2368328571 -1.0
12.2542798519 -1.0
12.2741758823 -1.0
12.3855788708 -1.0
15.5646948814 1.0
15.5842869282 -1.0
15.5845358372 -1.0
15.6049609184 -1.0
16.173281908 -1.0
16.1732988358 -1.0
16.1734428406 -1.0
16.1842720509 -1.0
16.1842830181 1.0
16.2406919003 -1.0
17.5848798752 -1.0
25.9751470089 -1.0
26.0312738419 -1.0
26.5999488831 -1.0
26.599971056 1.0
26.619645834 -1.0
