0.0 -1.0
2.19345092773e-05 1.0
0.0567920207977 -1.0
0.0644359588623 -1.0
0.112769126892 -1.0
0.134490013123 -1.0
0.189049005508 -1.0
0.243566989899 1.0
0.246865987778 -1.0
0.300899982452 -1.0
0.302653074265 -1.0
0.357042074203 -1.0
0.362821102142 -1.0
0.399154901505 1.0
0.412846088409 -1.0
0.468841075897 -1.0
0.512111902237 -1.0
0.512141942978 -1.0
0.512270927429 -1.0
0.53196811676 -1.0
0.54398393631 -1.0
0.544023990631 -1.0
0.55162191391 -1.0
0.551645040512 1.0
0.573379039764 -1.0
0.573445081711 -1.0
0.573489904404 -1.0
0.57819890976 -1.0
0.578288078308 -1.0
0.580286979675 -1.0
0.581592082977 -1.0
0.581624984741 -1.0
0.581645965576 1.0
0.583188056946 -1.0
0.584810972214 -1.0
0.593184947968 -1.0
0.597927093506 -1.0
0.617695093155 -1.0
0.649149894714 -1.0
0.687144994736 1.0
0.729700088501 -1.0
0.753047943115 -1.0
0.753062963486 -1.0
0.763767004013 -1.0
0.773327112198 -1.0
0.779283046722 -1.0
0.7844851017 -1.0
0.78456902504 -1.0
0.790563106537 -1.0
0.790621995926 -1.0
0.790637016296 1.0
0.79691696167 -1.0
0.796979904175 -1.0
0.798842906952 -1.0
0.806327104568 -1.0
0.806517124176 -1.0
0.816203117371 -1.0
0.818857908249 -1.0
0.82000207901 -1.0
0.823131084442 -1.0
0.823137998581 1.0
0.826539039612 -1.0
0.826954126358 -1.0
0.828418970108 -1.0
0.836391925812 -1.0
0.843490123749 -1.0
0.846204996109 -1.0
0.846224069595 1.0
0.846684932709 -1.0
0.848824977875 -1.0
0.851300001144 -1.0
0.855221033096 -1.0
0.857789039612 -1.0
0.857798099518 1.0
0.859679937363 -1.0
0.860249996185 -1.0
0.863533973694 -1.0
0.866303920746 -1.0
0.868417978287 -1.0
0.869996070862 -1.0
0.877331018448 -1.0
0.87792301178 -1.0
0.877943992615 1.0
0.889447927475 -1.0
0.909481048584 -1.0
0.929112911224 -1.0
0.936369895935 -1.0
0.936625957489 1.0
0.993140935898 -1.0
1.04817295074 -1.0
1.07610011101 -1.0
1.07723212242 -1.0
1.07997894287 -1.0
1.08374810219 -1.0
1.08656191826 -1.0
1.09003996849 -1.0
1.090061903 1.0
1.09317493439 -1.0
1.09319090843 -1.0
1.0965089798 -1.0
1.09931111336 -1.0
1.10183310509 -1.0
1.1018409729 1.0
1.10370397568 -1.0
1.10693693161 -1.0
1.10988593102 -1.0
1.11254000664 -1.0
1.11569690704 -1.0
1.1157040596 1.0
1.11608695984 -1.0
1.11734199524 -1.0
1.11888790131 -1.0
1.13027596474 -1.0
1.13581109047 -1.0
1.14778089523 -1.0
1.1556661129 -1.0
1.15569090843 1.0
1.16635799408 -1.0
1.17521905899 -1.0
1.17769789696 -1.0
1.19474291801 -1.0
1.2015941143 -1.0
1.20575594902 -1.0
1.20578193665 1.0
1.20814394951 -1.0
1.21140694618 -1.0
1.2156419754 -1.0
1.22148895264 -1.0
1.22924304008 -1.0
1.24118208885 -1.0
1.24120092392 1.0
1.24120593071 -1.0
1.27042293549 -1.0
1.27252101898 -1.0
1.29026293755 -1.0
1.29318094254 -1.0
1.29482793808 -1.0
1.29484605789 1.0
1.30133390427 -1.0
1.31269407272 -1.0
1.33238101006 -1.0
1.36916208267 -1.0
1.38325595856 -1.0
1.38331890106 1.0
1.38905310631 -1.0
1.40895295143 -1.0
1.42853808403 -1.0
1.48496603966 -1.0
1.49680805206 -1.0
1.53512191772 1.0
1.54921793938 -1.0
1.55476999283 -1.0
1.60493803024 -1.0
1.61069703102 -1.0
1.63039112091 -1.0
1.65004611015 -1.0
1.65005993843 1.0
1.67198991776 -1.0
1.6965880394 -1.0
1.70793890953 -1.0
1.71640706062 -1.0
1.71695590019 1.0
1.736109972 -1.0
1.77291893959 -1.0
1.79261994362 -1.0
1.84164690971 -1.0
1.85072803497 -1.0
1.87962794304 -1.0
1.87965202332 1.0
1.93692302704 -1.0
1.98072600365 -1.0
2.03687405586 -1.0
2.04314398766 -1.0
2.09291291237 -1.0
2.10223412514 1.0
2.13815689087 -1.0
2.20066404343 -1.0
2.24600195885 -1.0
2.26565408707 -1.0
2.30970907211 -1.0
2.32269310951 -1.0
2.32272005081 1.0
2.34228897095 -1.0
5.3033618927 -1.0
5.3033759594 1.0
5.32288789749 -1.0
6.34122395515 -1.0
6.36079597473 -1.0
7.30419301987 -1.0
7.30420804024 1.0
7.30421304703 -1.0
7.32489299774 -1.0
8.256264925 -1.0
8.25644397736 -1.0
8.30412602425 -1.0
8.324436903 -1.0
15.0891730785 -1.0
15.0891969204 1.0
15.1227331161 -1.0
15.156099081 -1.0
