0.0 -1.0
1.8835067749e-05 1.0
0.0196158885956 -1.0
0.0578029155731 -1.0
0.128906011581 -1.0
0.186994791031 -1.0
0.206728935242 -1.0
0.242879867554 1.0
0.273986816406 -1.0
0.327660799026 -1.0
0.358207941055 -1.0
0.442582845688 -1.0
0.442911863327 1.0
0.455612897873 -1.0
0.462463855743 -1.0
0.485044956207 -1.0
0.489478826523 -1.0
0.491065979004 1.0
0.49539899826 -1.0
0.496387004852 -1.0
0.504626989365 -1.0
0.510725021362 -1.0
0.522291898727 -1.0
0.530280828476 -1.0
0.560124874115 -1.0
0.594935894012 -1.0
0.614542007446 -1.0
0.617120981216 1.0
0.675318002701 -1.0
0.727658987045 -1.0
0.755992889404 -1.0
0.76031088829 -1.0
0.760324954987 1.0
0.769603013992 -1.0
0.775661945343 -1.0
0.779928922653 -1.0
0.783168792725 -1.0
0.788328886032 -1.0
0.791836023331 -1.0
0.791842937469 1.0
0.792909860611 -1.0
0.795166015625 -1.0
0.799412965775 -1.0
0.802003860474 -1.0
0.803457021713 -1.0
0.805890798569 -1.0
0.806185007095 -1.0
0.80619096756 1.0
0.817592859268 -1.0
0.818962812424 -1.0
0.821285009384 -1.0
0.828087806702 -1.0
0.828578948975 -1.0
0.828585863113 1.0
0.828858852386 -1.0
0.834250926971 -1.0
0.836436986923 -1.0
0.838035821915 -1.0
0.838490009308 -1.0
0.839924812317 -1.0
0.858247995377 -1.0
0.858274936676 1.0
0.877951860428 -1.0
0.897590875626 -1.0
0.95073390007 -1.0
1.00735783577 -1.0
1.00738501549 1.0
1.04131388664 -1.0
1.05360388756 -1.0
1.06106996536 -1.0
1.08473396301 -1.0
1.09620189667 -1.0
1.1044049263 -1.0
1.10441279411 1.0
1.15604090691 -1.0
1.1693918705 -1.0
1.17393183708 -1.0
1.17456579208 -1.0
1.17561602592 -1.0
1.17562389374 1.0
1.18476295471 -1.0
1.19006991386 -1.0
1.19323801994 -1.0
1.19513201714 -1.0
1.20145583153 -1.0
1.21469497681 -1.0
1.21600985527 -1.0
1.21602487564 1.0
1.23562788963 -1.0
1.25194382668 -1.0
1.27139997482 -1.0
1.28669381142 -1.0
1.30650401115 -1.0
1.33281683922 -1.0
1.35244202614 -1.0
1.3589618206 -1.0
1.3589849472 1.0
1.36321902275 -1.0
1.36502599716 -1.0
1.36661982536 -1.0
1.36736392975 -1.0
1.3710258007 -1.0
1.37213301659 -1.0
1.37407684326 -1.0
1.3740978241 1.0
1.37591791153 -1.0
1.37856984138 -1.0
1.38160991669 -1.0
1.38445091248 -1.0
1.38820385933 -1.0
1.39008998871 -1.0
1.39157795906 -1.0
1.39487290382 -1.0
1.39488101006 1.0
1.3983027935 -1.0
1.39987802505 -1.0
1.40219688416 -1.0
1.40306997299 -1.0
1.41455602646 -1.0
1.41513681412 1.0
1.43488383293 -1.0
1.45261287689 -1.0
1.46631193161 -1.0
1.48614001274 -1.0
1.48673391342 -1.0
1.49540686607 -1.0
1.49541401863 1.0
1.5061879158 -1.0
1.56320691109 -1.0
1.56461596489 -1.0
1.59399390221 -1.0
1.65137696266 -1.0
1.65306591988 1.0
1.68376493454 -1.0
1.6954460144 -1.0
1.70336198807 -1.0
1.72289085388 -1.0
1.74885797501 -1.0
1.7928519249 -1.0
1.79286694527 1.0
1.85201501846 -1.0
1.85224580765 -1.0
1.91062784195 -1.0
1.94660782814 -1.0
2.01120185852 -1.0
2.0564198494 -1.0
2.05646800995 1.0
2.09548091888 -1.0
2.09549498558 -1.0
2.15526795387 -1.0
2.17133688927 -1.0
2.23441386223 -1.0
2.25392699242 -1.0
2.25395798683 1.0
2.46839880943 -1.0
2.48810696602 -1.0
4.9973449707 1.0
5.01724386215 -1.0
5.07587790489 -1.0
7.01755094528 -1.0
7.046875 -1.0
7.99793887138 1.0
8.01741695404 -1.0
8.03692293167 -1.0
15.2691488266 -1.0
15.3029129505 -1.0
15.3225519657 -1.0
15.3438680172 -1.0
15.3438739777 1.0
