0.0 -1.0
0.000454902648926 1.0
0.0309870243073 -1.0
0.0896649360657 -1.0
0.14587688446 -1.0
0.187830924988 -1.0
0.245434999466 -1.0
0.250717878342 1.0
0.251502990723 -1.0
0.309218883514 -1.0
0.309658050537 -1.0
0.365334033966 -1.0
0.377907991409 -1.0
0.408494949341 -1.0
0.41897892952 -1.0
0.419010877609 1.0
0.427989959717 -1.0
0.440052032471 -1.0
0.442517995834 -1.0
0.443654060364 -1.0
0.444671869278 -1.0
0.446007013321 -1.0
0.447463035583 -1.0
0.447469949722 -1.0
0.447489976883 1.0
0.448374986649 -1.0
0.459672927856 -1.0
0.466901063919 -1.0
0.468350887299 -1.0
0.468894958496 1.0
0.469840049744 -1.0
0.486335039139 -1.0
0.48948097229 -1.0
0.545333862305 -1.0
0.601777076721 -1.0
0.641465902328 -1.0
0.657894849777 -1.0
0.661105871201 -1.0
0.661113977432 1.0
0.669542074203 -1.0
0.680639028549 -1.0
0.68065404892 -1.0
0.680943012238 -1.0
0.682191848755 -1.0
0.682379007339 -1.0
0.692569971085 -1.0
0.694140911102 -1.0
0.694182872772 1.0
0.697712898254 -1.0
0.698890924454 -1.0
0.700257062912 -1.0
0.700527906418 -1.0
0.703716039658 -1.0
0.714580059052 -1.0
0.717861890793 -1.0
0.717885017395 1.0
0.718616008759 -1.0
0.719960927963 -1.0
0.723362922668 -1.0
0.724685907364 -1.0
0.732972860336 -1.0
0.73476099968 -1.0
0.73681807518 -1.0
0.737166881561 -1.0
0.738353967667 -1.0
0.738358974457 1.0
0.740087032318 -1.0
0.742858886719 -1.0
0.749289035797 -1.0
0.758728027344 -1.0
0.76233792305 -1.0
0.762863874435 -1.0
0.765174865723 -1.0
0.765954017639 -1.0
0.769312858582 -1.0
0.769317865372 1.0
0.770040035248 -1.0
0.776809930801 -1.0
0.780998945236 -1.0
0.782427072525 -1.0
0.787930965424 -1.0
0.802128076553 -1.0
0.802278995514 1.0
0.821749925613 -1.0
0.82276892662 -1.0
0.877557039261 -1.0
0.89795589447 -1.0
0.952658891678 -1.0
0.952990055084 1.0
0.99593091011 -1.0
1.02143001556 -1.0
1.02548098564 -1.0
1.0282099247 -1.0
1.03270792961 -1.0
1.03271603584 1.0
1.04098200798 -1.0
1.04130887985 -1.0
1.04397988319 -1.0
1.05461192131 -1.0
1.05502605438 -1.0
1.05897092819 -1.0
1.05897808075 1.0
1.06076097488 -1.0
1.06436395645 -1.0
1.07102108002 -1.0
1.07256793976 -1.0
1.08398103714 -1.0
1.08399796486 -1.0
1.09156894684 -1.0
1.09157705307 1.0
1.09394288063 -1.0
1.095277071 -1.0
1.09934401512 -1.0
1.10665297508 -1.0
1.11102890968 -1.0
1.11150598526 -1.0
1.11151385307 1.0
1.11626386642 -1.0
1.11690688133 -1.0
1.12160301208 -1.0
1.13102197647 -1.0
1.15188288689 -1.0
1.1948158741 -1.0
1.19486689568 1.0
1.19853496552 -1.0
1.20092105865 -1.0
1.21005988121 -1.0
1.21865487099 -1.0
1.22039794922 -1.0
1.22040390968 1.0
1.22125792503 -1.0
1.22265100479 -1.0
1.22375488281 -1.0
1.22869586945 -1.0
1.23814797401 -1.0
1.27419996262 1.0
1.28136706352 -1.0
1.29152488708 -1.0
1.29366993904 -1.0
1.33565497398 -1.0
1.33629584312 1.0
1.34640884399 -1.0
1.35520100594 -1.0
1.37265396118 -1.0
1.37461185455 -1.0
1.41263794899 -1.0
1.43224787712 -1.0
1.46938490868 -1.0
1.46939897537 1.0
1.48370885849 -1.0
1.48910307884 -1.0
1.50867986679 -1.0
1.55080485344 -1.0
1.6094520092 -1.0
1.64389801025 -1.0
1.64419388771 1.0
1.70138001442 -1.0
1.74878692627 -1.0
1.76828193665 -1.0
1.78799200058 -1.0
1.80753898621 -1.0
1.80774593353 1.0
1.81368899345 -1.0
1.8272690773 -1.0
1.86048698425 -1.0
1.91796708107 -1.0
1.93504095078 -1.0
1.93756103516 -1.0
1.98466801643 -1.0
1.98473095894 1.0
2.05450606346 -1.0
2.06864786148 -1.0
2.0800280571 -1.0
2.0882499218 -1.0
2.10775494576 -1.0
2.16545200348 -1.0
4.91921496391 1.0
4.93866491318 -1.0
4.93888902664 -1.0
4.95825695992 -1.0
5.93916106224 -1.0
6.93923807144 -1.0
6.9392478466 1.0
6.95886087418 -1.0
7.93957805634 -1.0
7.95916700363 -1.0
8.82768201828 -1.0
13.7844798565 1.0
13.8041200638 -1.0
13.804240942 -1.0
13.8177819252 -1.0
15.67248106 -1.0
15.7441780567 -1.0
