0.0 -1.0
0.0696868896484 -1.0
0.0699999332428 1.0
0.0896019935608 -1.0
0.109200000763 -1.0
0.166590929031 -1.0
0.166608810425 -1.0
0.166677951813 -1.0
0.217324972153 -1.0
0.222607851028 -1.0
0.240355014801 -1.0
0.24036693573 1.0
0.259953975677 -1.0
0.295189857483 -1.0
0.322017908096 -1.0
0.322036981583 -1.0
0.32221198082 -1.0
0.328454971313 -1.0
0.340070962906 -1.0
0.422616958618 -1.0
0.422683000565 1.0
0.429912805557 -1.0
0.429957866669 -1.0
0.431963920593 -1.0
0.436424970627 -1.0
0.436558008194 -1.0
0.442337989807 -1.0
0.446195840836 -1.0
0.446238994598 -1.0
0.460548877716 1.0
0.461539983749 -1.0
0.461563825607 -1.0
0.461709976196 -1.0
0.461843967438 -1.0
0.47523188591 -1.0
0.481292963028 -1.0
0.500970840454 -1.0
0.50098490715 1.0
0.51025390625 -1.0
0.557420015335 -1.0
0.590513944626 -1.0
0.610306024551 -1.0
0.616696834564 -1.0
0.616703987122 -1.0
0.616865873337 -1.0
0.616873025894 1.0
0.630249977112 -1.0
0.673516988754 -1.0
0.686816930771 -1.0
0.707561969757 -1.0
0.731680870056 -1.0
0.731688976288 1.0
0.73407292366 -1.0
0.734212875366 -1.0
0.743630886078 -1.0
0.746857881546 -1.0
0.748597860336 -1.0
0.751550912857 -1.0
0.754426002502 -1.0
0.766747951508 -1.0
0.766773939133 1.0
0.771396875381 -1.0
0.7746489048 -1.0
0.778767824173 -1.0
0.787006855011 -1.0
0.787025928497 1.0
0.79363489151 -1.0
0.795404911041 -1.0
0.796252965927 -1.0
0.8161008358 -1.0
0.817003011703 1.0
0.830129861832 -1.0
0.837102890015 -1.0
0.837514877319 -1.0
0.838901996613 -1.0
0.84811091423 -1.0
0.856665849686 -1.0
0.862911939621 -1.0
0.88266992569 -1.0
0.88312292099 1.0
0.941471815109 -1.0
0.951700925827 -1.0
0.997004032135 -1.0
0.997409820557 -1.0
0.997741937637 -1.0
0.998114824295 -1.0
0.998474836349 -1.0
0.998485803604 1.0
0.999019861221 -1.0
1.00343298912 -1.0
1.00350785255 -1.0
1.0036919117 -1.0
1.01202392578 -1.0
1.01686191559 -1.0
1.01764893532 -1.0
1.01766991615 1.0
1.01780581474 -1.0
1.01826190948 -1.0
1.01898884773 -1.0
1.02125883102 -1.0
1.02310585976 -1.0
1.02311182022 1.0
1.02342796326 -1.0
1.031883955 -1.0
1.03692483902 -1.0
1.0379178524 -1.0
1.03871893883 -1.0
1.03914880753 -1.0
1.04208087921 -1.0
1.04209494591 1.0
1.05736899376 -1.0
1.05849981308 -1.0
1.07833099365 -1.0
1.09796380997 -1.0
1.11881303787 -1.0
1.11903500557 1.0
1.13389182091 -1.0
1.13948488235 -1.0
1.14860391617 -1.0
1.14869999886 -1.0
1.15995883942 -1.0
1.19579100609 -1.0
1.19596385956 1.0
1.21560502052 -1.0
1.27472400665 -1.0
1.31284499168 -1.0
1.32483100891 -1.0
1.32486581802 1.0
1.32780385017 -1.0
1.33057999611 -1.0
1.3508169651 -1.0
1.3808529377 -1.0
1.38339281082 -1.0
1.38573980331 -1.0
1.38575482368 1.0
1.40057086945 -1.0
1.43723082542 -1.0
1.4523088932 -1.0
1.45713591576 -1.0
1.47705984116 -1.0
1.47707080841 1.0
1.49676680565 -1.0
1.52079391479 -1.0
1.5406229496 -1.0
1.57422399521 -1.0
1.61855196953 -1.0
1.63814401627 -1.0
1.67502999306 1.0
1.69325089455 -1.0
1.69463682175 -1.0
1.71198987961 -1.0
1.72884893417 -1.0
1.73215103149 -1.0
1.74839687347 -1.0
1.74841189384 1.0
1.76847600937 -1.0
1.78039693832 -1.0
1.78847002983 -1.0
1.83384680748 -1.0
1.89072585106 -1.0
1.94666790962 -1.0
1.94703888893 1.0
1.98178291321 -1.0
2.03889989853 -1.0
2.08879184723 -1.0
5.27172398567 1.0
5.29149889946 -1.0
5.34994888306 -1.0
6.29201698303 -1.0
6.3117878437 -1.0
7.27255487442 1.0
7.29185581207 -1.0
7.29273986816 -1.0
7.31154990196 -1.0
15.200371027 -1.0
