0.0 -1.0
0.115792989731 -1.0
0.115912914276 1.0
0.14480304718 -1.0
0.181467056274 -1.0
0.221560955048 -1.0
0.2961769104 -1.0
0.342091083527 -1.0
0.362339019775 -1.0
0.399595975876 1.0
0.439769029617 -1.0
0.465924978256 -1.0
0.528007030487 -1.0
0.557080984116 -1.0
0.579060077667 -1.0
0.579127073288 1.0
0.584748983383 -1.0
0.599035024643 -1.0
0.600053071976 -1.0
0.604523897171 -1.0
0.615409851074 -1.0
0.615867853165 -1.0
0.61777305603 1.0
0.618967056274 -1.0
0.631145000458 -1.0
0.63939499855 -1.0
0.656211853027 -1.0
0.659246921539 -1.0
0.65925693512 1.0
0.84831404686 -1.0
0.860607862473 -1.0
0.868402004242 -1.0
0.874170064926 -1.0
0.888869047165 -1.0
0.88888001442 1.0
0.89751791954 -1.0
0.908904075623 -1.0
0.967825889587 -1.0
1.0505130291 -1.0
1.06372404099 -1.0
1.06397604942 -1.0
1.06437397003 -1.0
1.0643799305 1.0
1.07452106476 -1.0
1.08422493935 -1.0
1.08424305916 -1.0
1.10477805138 -1.0
1.1268389225 -1.0
1.14661693573 -1.0
1.14821696281 -1.0
1.14822506905 1.0
1.15455889702 -1.0
1.15475487709 -1.0
1.15855002403 -1.0
1.1684858799 -1.0
1.17446208 -1.0
1.17448306084 1.0
1.17700004578 -1.0
1.17830586433 -1.0
1.19469094276 -1.0
1.19470500946 1.0
1.19528007507 -1.0
1.24044585228 -1.0
1.29977798462 -1.0
1.44608187675 -1.0
1.45779800415 -1.0
1.46092796326 -1.0
1.46375393867 -1.0
1.46375989914 1.0
1.46394491196 -1.0
1.46702289581 -1.0
1.47887897491 -1.0
1.48198103905 -1.0
1.4843609333 -1.0
1.48745393753 -1.0
1.48746204376 1.0
1.49897885323 -1.0
1.50186085701 -1.0
1.50410795212 -1.0
1.50700092316 -1.0
1.5070168972 1.0
1.51954698563 -1.0
1.52195286751 -1.0
1.52377700806 -1.0
1.57986998558 -1.0
1.59081888199 -1.0
1.59107899666 -1.0
1.59641885757 -1.0
1.59644985199 1.0
1.59672999382 -1.0
1.61079406738 -1.0
1.61663007736 -1.0
1.61748290062 1.0
1.63732099533 -1.0
1.65801787376 -1.0
1.75315904617 -1.0
1.77423501015 -1.0
1.83201599121 -1.0
1.84328603745 -1.0
1.86810588837 1.0
1.87386989594 -1.0
1.89370703697 -1.0
1.89583706856 -1.0
1.91572284698 -1.0
1.95481491089 -1.0
1.98516392708 -1.0
1.98518586159 1.0
2.00612092018 -1.0
2.00974988937 -1.0
2.029556036 -1.0
2.06518292427 -1.0
2.08060503006 -1.0
2.08511304855 -1.0
2.09994697571 -1.0
2.0999610424 1.0
2.11983394623 -1.0
2.17934393883 -1.0
2.18884205818 -1.0
2.1990468502 -1.0
2.23559999466 1.0
2.23582696915 -1.0
2.24755692482 -1.0
2.25547194481 -1.0
2.26159286499 -1.0
2.27512192726 -1.0
2.31990289688 -1.0
2.31992506981 1.0
2.3312048912 -1.0
2.34805893898 -1.0
2.35084199905 -1.0
2.35502696037 -1.0
2.37046289444 -1.0
2.40791296959 -1.0
2.44699788094 -1.0
2.44733786583 1.0
2.46690988541 -1.0
2.5626180172 -1.0
2.56612300873 -1.0
2.58603405952 -1.0
2.64816784859 -1.0
2.6482219696 1.0
2.70793485641 -1.0
2.76345992088 -1.0
2.84693408012 -1.0
2.90394186974 -1.0
2.90648603439 -1.0
4.99615693092 1.0
5.01606488228 -1.0
5.07221293449 -1.0
7.01626801491 -1.0
8.01657986641 -1.0
15.659924984 -1.0
15.6599500179 1.0
15.6864728928 -1.0
