0.0 -1.0
1.19209289551e-05 1.0
0.0196478366852 -1.0
0.0429458618164 -1.0
0.102499961853 -1.0
0.104471921921 -1.0
0.161381959915 -1.0
0.181285858154 -1.0
0.181529045105 1.0
0.238532066345 -1.0
0.293976068497 -1.0
0.328408956528 -1.0
0.328652858734 -1.0
0.348223924637 -1.0
0.36917591095 -1.0
0.434748888016 -1.0
0.434780836105 -1.0
0.434813022614 1.0
0.443384885788 -1.0
0.443436861038 -1.0
0.446177959442 -1.0
0.446223974228 -1.0
0.446285009384 -1.0
0.454804897308 -1.0
0.464642047882 1.0
0.470826864243 -1.0
0.470955848694 -1.0
0.473825931549 -1.0
0.473844051361 -1.0
0.473958015442 -1.0
0.474705934525 -1.0
0.480277061462 -1.0
0.480291843414 1.0
0.486145019531 -1.0
0.500004053116 -1.0
0.519692897797 -1.0
0.557924032211 -1.0
0.61039185524 -1.0
0.630120038986 -1.0
0.631788015366 -1.0
0.631794929504 1.0
0.645231962204 -1.0
0.651622056961 -1.0
0.667312860489 -1.0
0.687139034271 -1.0
0.73493885994 -1.0
0.73494887352 1.0
0.7544028759 -1.0
0.774029970169 -1.0
0.795269966125 -1.0
0.823627948761 -1.0
0.832670927048 -1.0
0.838963031769 -1.0
0.838979005814 1.0
0.843209028244 -1.0
0.845375061035 -1.0
0.853469848633 -1.0
0.856652021408 -1.0
0.858790874481 -1.0
0.858803033829 -1.0
0.861217975616 -1.0
0.861222982407 1.0
0.865161895752 -1.0
0.873259067535 -1.0
0.876554965973 -1.0
0.878982067108 -1.0
0.878989934921 1.0
0.881221055984 -1.0
0.88136100769 -1.0
0.885264873505 -1.0
0.892808914185 -1.0
0.896332025528 -1.0
0.896723031998 1.0
0.915703058243 -1.0
0.916646003723 -1.0
0.929327011108 -1.0
0.932002067566 -1.0
0.93520283699 -1.0
0.935212850571 1.0
0.93931889534 -1.0
0.950685977936 -1.0
0.954673051834 -1.0
1.01036190987 -1.0
1.04669094086 -1.0
1.04673600197 1.0
1.05342292786 -1.0
1.05595397949 -1.0
1.05794596672 -1.0
1.06009602547 -1.0
1.06329298019 -1.0
1.06593799591 -1.0
1.06594491005 1.0
1.066177845 -1.0
1.06763696671 -1.0
1.07014083862 -1.0
1.07199883461 -1.0
1.07753300667 -1.0
1.08095383644 -1.0
1.08151483536 -1.0
1.08153486252 1.0
1.08532786369 -1.0
1.0859348774 -1.0
1.08820104599 -1.0
1.09027791023 -1.0
1.09286785126 -1.0
1.09744405746 -1.0
1.0974509716 1.0
1.0996940136 -1.0
1.10108590126 -1.0
1.10211491585 -1.0
1.10531401634 -1.0
1.10549998283 -1.0
1.11252498627 -1.0
1.11324501038 -1.0
1.11325192451 1.0
1.11603498459 -1.0
1.1164598465 -1.0
1.12026000023 -1.0
1.12176084518 -1.0
1.12418603897 -1.0
1.12509202957 -1.0
1.12624502182 -1.0
1.12625193596 1.0
1.12778091431 -1.0
1.13235187531 -1.0
1.14043593407 -1.0
1.147742033 -1.0
1.15984392166 -1.0
1.16178798676 -1.0
1.17216992378 -1.0
1.17218804359 1.0
1.18211293221 -1.0
1.21945691109 -1.0
1.23904085159 -1.0
1.2980389595 -1.0
1.31752204895 -1.0
1.3735370636 -1.0
1.37434983253 1.0
1.39327096939 -1.0
1.41346788406 -1.0
1.42284584045 -1.0
1.47007083893 -1.0
1.4814119339 -1.0
1.4899148941 -1.0
1.48992204666 1.0
1.50380802155 -1.0
1.50981998444 -1.0
1.52972602844 -1.0
1.56319904327 -1.0
1.59222984314 -1.0
1.6243288517 -1.0
1.65577697754 -1.0
1.65578484535 1.0
1.67591905594 -1.0
1.70075798035 -1.0
1.71686506271 -1.0
1.72025585175 -1.0
1.73988604546 -1.0
1.77075099945 -1.0
1.79013085365 -1.0
1.86599683762 -1.0
1.86604404449 1.0
1.88547706604 -1.0
2.58709096909 -1.0
4.96047401428 1.0
4.98092603683 -1.0
5.00047206879 -1.0
6.01836800575 -1.0
6.96087193489 1.0
6.98037600517 -1.0
6.9806098938 -1.0
6.98092103004 -1.0
7.00012087822 -1.0
15.3872089386 -1.0
15.4213788509 -1.0
15.4554319382 -1.0
15.455450058 1.0
