0.0 -1.0
0.00546097755432 -1.0
0.0054669380188 1.0
0.0642330646515 -1.0
0.0839691162109 -1.0
0.102046966553 -1.0
0.122139930725 -1.0
0.179230928421 -1.0
0.179248094559 1.0
0.236247062683 -1.0
0.299305915833 -1.0
0.302237987518 -1.0
0.302432060242 -1.0
0.310559034348 -1.0
0.311110973358 -1.0
0.312582015991 -1.0
0.317785024643 -1.0
0.317794084549 1.0
0.321851015091 -1.0
0.342975139618 -1.0
0.357031106949 -1.0
0.373795032501 -1.0
0.376814126968 -1.0
0.376820087433 1.0
0.436264038086 -1.0
0.500353097916 -1.0
0.514727115631 -1.0
0.514820098877 -1.0
0.52135014534 -1.0
0.522499084473 -1.0
0.522519111633 1.0
0.522897005081 -1.0
0.525856971741 -1.0
0.534541130066 -1.0
0.547099113464 -1.0
0.554492950439 -1.0
0.577600002289 -1.0
0.577606916428 1.0
0.597722053528 -1.0
0.631860017776 -1.0
0.685878038406 -1.0
0.713314056396 -1.0
0.767703056335 -1.0
0.774400949478 -1.0
0.774410009384 1.0
0.776186943054 -1.0
0.776386976242 -1.0
0.77706193924 -1.0
0.780005931854 -1.0
0.793076992035 -1.0
0.793920040131 -1.0
0.808213949203 -1.0
0.808434009552 -1.0
0.823094129562 -1.0
0.823117017746 1.0
0.827851057053 -1.0
0.828272104263 -1.0
0.828438043594 -1.0
0.828712940216 -1.0
0.830493927002 -1.0
0.835232019424 -1.0
0.835628032684 -1.0
0.842911958694 -1.0
0.842931985855 1.0
0.848143100739 -1.0
0.848470926285 -1.0
0.855679035187 -1.0
0.860602140427 -1.0
0.875375986099 -1.0
0.87538599968 1.0
0.875757932663 -1.0
0.886528015137 -1.0
0.887927055359 -1.0
0.895192146301 -1.0
0.911245107651 -1.0
0.930704116821 -1.0
0.931087017059 1.0
0.950930118561 -1.0
0.951328039169 -1.0
0.966292142868 -1.0
1.00818395615 -1.0
1.00819611549 1.0
1.0280649662 -1.0
1.0830271244 -1.0
1.08915805817 -1.0
1.09087395668 -1.0
1.09134912491 -1.0
1.09179496765 -1.0
1.09488892555 -1.0
1.09514713287 -1.0
1.0968439579 -1.0
1.09685111046 1.0
1.09709501266 -1.0
1.09765100479 -1.0
1.10136198997 -1.0
1.10344195366 -1.0
1.10896801949 -1.0
1.10897612572 1.0
1.11017608643 -1.0
1.11105298996 -1.0
1.1151099205 -1.0
1.11672401428 -1.0
1.11697006226 -1.0
1.11697697639 1.0
1.11736893654 -1.0
1.12137103081 -1.0
1.12300300598 -1.0
1.12854409218 -1.0
1.13086605072 -1.0
1.13088607788 1.0
1.13495492935 -1.0
1.13693094254 -1.0
1.15065002441 -1.0
1.15681004524 -1.0
1.17303013802 -1.0
1.17717695236 -1.0
1.17718505859 1.0
1.18748211861 -1.0
1.19668102264 -1.0
1.20250892639 -1.0
1.21670198441 -1.0
1.27627110481 -1.0
1.28912496567 -1.0
1.34853196144 -1.0
1.35570311546 -1.0
1.35596108437 1.0
1.3900039196 -1.0
1.40268206596 -1.0
1.41063213348 -1.0
1.41274094582 -1.0
1.42939114571 -1.0
1.43044304848 1.0
1.43233203888 -1.0
1.48699212074 -1.0
1.51258897781 -1.0
1.54171991348 -1.0
1.55372405052 -1.0
1.56129407883 -1.0
1.56130313873 1.0
1.60028910637 -1.0
1.65643405914 -1.0
1.67695212364 -1.0
1.73636698723 -1.0
1.7398891449 -1.0
1.79276108742 -1.0
1.79276990891 1.0
1.82888197899 -1.0
1.86462497711 -1.0
1.8799071312 -1.0
1.88437700272 -1.0
1.89314103127 -1.0
1.90427899361 -1.0
1.92383599281 -1.0
1.94685506821 -1.0
1.94686198235 1.0
1.96638607979 -1.0
2.05177402496 -1.0
2.07422399521 -1.0
2.13781094551 -1.0
2.16474699974 -1.0
2.20354509354 1.0
2.27717900276 -1.0
2.29761791229 -1.0
5.20470404625 -1.0
6.16727995872 -1.0
7.14789509773 1.0
7.16752314568 -1.0
7.16765093803 -1.0
7.18721199036 -1.0
15.4079759121 -1.0
15.4721560478 -1.0
