0.0 -1.0
0.0711250305176 -1.0
0.0714330673218 1.0
0.127659082413 -1.0
0.146217107773 -1.0
0.18398308754 -1.0
0.190462112427 -1.0
0.204387903214 -1.0
0.240487098694 1.0
0.247820138931 -1.0
0.282752037048 -1.0
0.288245916367 -1.0
0.288764953613 -1.0
0.295881986618 -1.0
0.295892000198 1.0
0.301589012146 -1.0
0.302053928375 -1.0
0.302477121353 -1.0
0.329484939575 -1.0
0.329941034317 1.0
0.330770015717 -1.0
0.337551116943 -1.0
0.349678993225 -1.0
0.358356952667 -1.0
0.367756128311 -1.0
0.369364976883 -1.0
0.40118098259 -1.0
0.440491914749 1.0
0.460209131241 -1.0
0.460701942444 -1.0
0.465124130249 -1.0
0.479882001877 -1.0
0.524753093719 -1.0
0.524761915207 1.0
0.536090135574 -1.0
0.555896043777 -1.0
0.580210924149 -1.0
0.599941968918 -1.0
0.625845909119 -1.0
0.626521110535 1.0
0.649718999863 -1.0
0.66224694252 -1.0
0.663861989975 -1.0
0.664026975632 -1.0
0.679120063782 -1.0
0.679551124573 -1.0
0.682080030441 -1.0
0.692781925201 -1.0
0.694463014603 -1.0
0.694488048553 1.0
0.705599069595 -1.0
0.710426092148 -1.0
0.711410045624 -1.0
0.713207960129 -1.0
0.714348077774 -1.0
0.717565059662 -1.0
0.717586040497 1.0
0.71962594986 -1.0
0.72553396225 -1.0
0.730843067169 -1.0
0.733252048492 -1.0
0.735209941864 -1.0
0.735217094421 1.0
0.737544059753 -1.0
0.752418994904 -1.0
0.757228136063 -1.0
0.767493963242 -1.0
0.767522096634 1.0
0.773443937302 -1.0
0.777914047241 -1.0
0.788859128952 -1.0
0.808514118195 -1.0
0.828319072723 -1.0
0.877825021744 -1.0
0.909516096115 -1.0
0.909534931183 1.0
0.922199010849 -1.0
0.922641038895 -1.0
0.929179906845 -1.0
0.937918901443 -1.0
0.948812007904 -1.0
0.948903083801 1.0
0.949651956558 -1.0
0.953022003174 -1.0
0.961723089218 -1.0
0.968588113785 -1.0
1.00716590881 -1.0
1.0236260891 -1.0
1.02363491058 1.0
1.04319000244 -1.0
1.06281304359 -1.0
1.06716394424 -1.0
1.09622812271 -1.0
1.11623001099 -1.0
1.1237680912 -1.0
1.12377595901 1.0
1.14349508286 -1.0
1.15909790993 -1.0
1.1698589325 -1.0
1.17376804352 -1.0
1.17397499084 -1.0
1.17876601219 -1.0
1.1858420372 -1.0
1.19057011604 -1.0
1.19826602936 -1.0
1.19827413559 1.0
1.20401191711 -1.0
1.2118871212 -1.0
1.21716308594 -1.0
1.21748900414 -1.0
1.2174949646 1.0
1.21773600578 -1.0
1.21804499626 -1.0
1.21923804283 -1.0
1.23499798775 -1.0
1.2351269722 -1.0
1.23772907257 -1.0
1.24481105804 -1.0
1.25824809074 -1.0
1.25827908516 1.0
1.26446294785 -1.0
1.26774597168 -1.0
1.26818799973 -1.0
1.26921510696 -1.0
1.27019810677 -1.0
1.27825713158 -1.0
1.27827906609 1.0
1.28111195564 -1.0
1.28157806396 -1.0
1.28280711174 -1.0
1.28390908241 -1.0
1.28428506851 -1.0
1.28789591789 -1.0
1.29850292206 -1.0
1.30395007133 -1.0
1.30395913124 1.0
1.32404994965 -1.0
1.33367705345 -1.0
1.34421396255 -1.0
1.35322403908 -1.0
1.38815903664 -1.0
1.42489004135 -1.0
1.45039606094 -1.0
1.45042991638 1.0
1.46999001503 -1.0
1.49567103386 -1.0
1.51561999321 -1.0
1.53572297096 -1.0
1.55572891235 -1.0
1.55573892593 1.0
1.56495809555 -1.0
1.57533502579 -1.0
1.59535098076 -1.0
1.6317949295 -1.0
1.65144610405 -1.0
1.66710710526 -1.0
1.68664908409 -1.0
1.68701291084 1.0
1.72579312325 -1.0
1.77717494965 -1.0
1.82925510406 -1.0
1.87894296646 -1.0
1.92990398407 -1.0
1.93017792702 1.0
1.9497821331 -1.0
1.96471595764 -1.0
1.98448705673 -1.0
2.04420113564 -1.0
2.10120105743 -1.0
2.13646697998 -1.0
2.17648506165 1.0
2.19607400894 -1.0
4.92482709885 -1.0
4.94447612762 -1.0
5.86861300468 1.0
5.88893508911 -1.0
5.88905310631 -1.0
5.88927292824 -1.0
5.90860795975 -1.0
6.88836812973 -1.0
7.88819503784 -1.0
7.88821601868 1.0
7.90801095963 -1.0
15.6637840271 -1.0
15.7312560081 -1.0
