0.0 -1.0
0.000346899032593 1.0
0.019987821579 -1.0
0.0526688098907 -1.0
0.063040971756 -1.0
0.07275390625 -1.0
0.118479967117 -1.0
0.176811933517 -1.0
0.176882982254 1.0
0.230625867844 -1.0
0.250309944153 -1.0
0.282938957214 -1.0
0.303323984146 -1.0
0.36154794693 -1.0
0.373957872391 -1.0
0.412889957428 1.0
0.432816982269 -1.0
0.493004798889 -1.0
0.506289958954 -1.0
0.56521987915 -1.0
0.624446868896 -1.0
0.624778985977 1.0
0.651984930038 -1.0
0.657711982727 -1.0
0.661733865738 -1.0
0.662258863449 -1.0
0.663569927216 -1.0
0.673593997955 -1.0
0.677563905716 -1.0
0.677590847015 1.0
0.697354793549 -1.0
0.722484827042 -1.0
0.759650945663 -1.0
0.867370843887 -1.0
0.867443799973 1.0
0.929433822632 -1.0
0.943287849426 -1.0
0.968726873398 -1.0
0.989921808243 -1.0
1.04868388176 -1.0
1.04875588417 1.0
1.05883693695 -1.0
1.06174182892 -1.0
1.06362295151 -1.0
1.06829500198 -1.0
1.06963586807 -1.0
1.06965684891 1.0
1.07038593292 -1.0
1.07902884483 -1.0
1.08198690414 -1.0
1.08423781395 -1.0
1.0903069973 -1.0
1.0988919735 -1.0
1.09890079498 1.0
1.10198283195 -1.0
1.10444498062 -1.0
1.12420988083 -1.0
1.146296978 -1.0
1.1463329792 1.0
1.15669798851 -1.0
1.16616392136 -1.0
1.16916584969 -1.0
1.18591499329 -1.0
1.18593192101 1.0
1.18721079826 -1.0
1.23775291443 -1.0
1.32986688614 -1.0
1.38868379593 -1.0
1.43718981743 -1.0
1.43721079826 1.0
1.44396400452 -1.0
1.49300098419 -1.0
1.49647593498 -1.0
1.5009059906 -1.0
1.51257801056 -1.0
1.53259396553 -1.0
1.54539489746 -1.0
1.5456969738 1.0
1.56741786003 -1.0
1.62503480911 -1.0
1.65861487389 -1.0
1.7507147789 -1.0
1.75167584419 -1.0
1.7551138401 -1.0
1.75515198708 1.0
1.75843596458 -1.0
1.7594909668 -1.0
1.76203680038 -1.0
1.77885699272 -1.0
1.7788939476 -1.0
1.77889990807 -1.0
1.77890181541 -1.0
1.7789080143 1.0
1.79898285866 -1.0
1.83757090569 -1.0
1.85490894318 -1.0
1.85796380043 -1.0
1.85798096657 -1.0
1.85963797569 -1.0
1.86293101311 -1.0
1.86560487747 -1.0
1.86585187912 1.0
1.87035894394 -1.0
1.87301492691 -1.0
1.881690979 -1.0
1.88648986816 -1.0
1.89804577827 -1.0
1.90969800949 -1.0
1.98089694977 -1.0
1.98091697693 -1.0
1.9809319973 -1.0
1.98098278046 1.0
2.00485992432 -1.0
2.05466198921 -1.0
2.06383180618 -1.0
2.09673690796 -1.0
2.09675383568 -1.0
2.09770488739 1.0
2.14690184593 -1.0
2.16240096092 -1.0
2.16649484634 -1.0
2.18693089485 -1.0
2.18695783615 1.0
2.20663189888 -1.0
2.26555681229 -1.0
2.32536101341 -1.0
2.35060596466 -1.0
2.40526986122 -1.0
2.41992497444 1.0
2.43947386742 -1.0
2.45926094055 -1.0
2.4977478981 -1.0
2.52101492882 -1.0
2.52103686333 -1.0
2.54712581635 -1.0
2.58189082146 -1.0
2.58191490173 1.0
2.60222578049 -1.0
2.64422893524 -1.0
2.6641099453 -1.0
2.67127799988 -1.0
2.69101285934 -1.0
2.72891783714 1.0
2.73306083679 -1.0
2.75030183792 -1.0
2.79460287094 -1.0
2.85337781906 -1.0
2.87635588646 -1.0
2.87678599358 1.0
2.89722180367 -1.0
2.95702791214 -1.0
2.99186587334 -1.0
3.14559292793 -1.0
4.93837189674 1.0
4.95831799507 -1.0
5.01727986336 -1.0
5.082228899 -1.0
5.93897795677 1.0
5.95830178261 -1.0
5.95855784416 -1.0
5.95870399475 -1.0
5.97787189484 -1.0
6.9585878849 -1.0
7.93920898438 1.0
7.95977783203 -1.0
7.95995783806 -1.0
7.98055481911 -1.0
8.95954084396 -1.0
8.97987389565 -1.0
15.5790557861 -1.0
15.6314539909 -1.0
15.6314718723 1.0
15.6514258385 -1.0
15.6836709976 -1.0
