0.0 -1.0
1.00135803223e-05 1.0
0.0111119747162 -1.0
0.0583250522614 -1.0
0.0684189796448 -1.0
0.079253911972 -1.0
0.124361991882 -1.0
0.144538879395 -1.0
0.144548892975 1.0
0.188387870789 -1.0
0.20814204216 -1.0
0.241379022598 -1.0
0.266664028168 -1.0
0.294172048569 -1.0
0.294180870056 1.0
0.314148902893 -1.0
0.358867883682 -1.0
0.372539043427 -1.0
0.411206007004 -1.0
0.438680887222 1.0
0.458234071732 -1.0
0.49800491333 -1.0
0.516422986984 -1.0
0.572551965714 -1.0
0.657142877579 -1.0
0.660337924957 -1.0
0.660363912582 1.0
0.664340019226 -1.0
0.664619922638 -1.0
0.676872014999 -1.0
0.679250955582 -1.0
0.680033922195 -1.0
0.681403875351 -1.0
0.681426048279 1.0
0.692700862885 -1.0
0.696860074997 -1.0
0.707633972168 -1.0
0.707643985748 1.0
0.719853878021 -1.0
0.722044944763 -1.0
0.727151870728 -1.0
0.760842084885 -1.0
0.818211078644 -1.0
0.958311080933 -1.0
0.971498966217 -1.0
0.971567869186 -1.0
0.981729984283 -1.0
0.98175406456 1.0
0.983326911926 -1.0
0.994740962982 -1.0
1.00084996223 -1.0
1.00126695633 -1.0
1.00304603577 -1.0
1.00305294991 1.0
1.00362491608 -1.0
1.00431895256 -1.0
1.00676298141 -1.0
1.02293992043 -1.0
1.05590605736 -1.0
1.06116008759 -1.0
1.06524586678 -1.0
1.0652680397 1.0
1.0667579174 -1.0
1.06771707535 -1.0
1.06819295883 -1.0
1.06960391998 -1.0
1.0716919899 -1.0
1.07587885857 -1.0
1.0758869648 1.0
1.08489608765 -1.0
1.08670592308 -1.0
1.08773708344 -1.0
1.08927106857 -1.0
1.13409495354 -1.0
1.13410305977 1.0
1.15811800957 -1.0
1.17277288437 -1.0
1.17772293091 -1.0
1.1785800457 1.0
1.19752693176 -1.0
1.19840502739 -1.0
1.25220489502 -1.0
1.27200889587 -1.0
1.30071187019 -1.0
1.30072593689 1.0
1.3262898922 -1.0
1.3780939579 -1.0
1.43820595741 -1.0
1.43934607506 -1.0
1.44058585167 -1.0
1.44060707092 1.0
1.45876502991 -1.0
1.46078205109 -1.0
1.52140188217 -1.0
1.55607390404 -1.0
1.56697297096 -1.0
1.56699895859 1.0
1.56787490845 -1.0
1.56869292259 -1.0
1.57279086113 -1.0
1.57604789734 -1.0
1.58315205574 -1.0
1.58317399025 1.0
1.58371090889 -1.0
1.58395600319 -1.0
1.58593797684 -1.0
1.5887799263 -1.0
1.59052801132 -1.0
1.59575104713 -1.0
1.59576106071 1.0
1.60479402542 -1.0
1.60586595535 -1.0
1.61135005951 -1.0
1.6120839119 -1.0
1.61348485947 -1.0
1.61600494385 -1.0
1.61601305008 -1.0
1.61601805687 1.0
1.61602687836 -1.0
1.61619186401 -1.0
1.61868095398 -1.0
1.62068486214 -1.0
1.62420797348 -1.0
1.63564801216 -1.0
1.665776968 -1.0
1.66778802872 -1.0
1.6678109169 1.0
1.67000198364 -1.0
1.67045092583 -1.0
1.67129898071 -1.0
1.67185592651 -1.0
1.67657899857 -1.0
1.67659687996 1.0
1.68020391464 -1.0
1.68552494049 -1.0
1.73115897179 -1.0
1.73508000374 -1.0
1.74461507797 -1.0
1.76412200928 -1.0
1.76413106918 1.0
1.78373289108 -1.0
1.82617807388 -1.0
1.85788202286 -1.0
1.86856794357 -1.0
1.87089395523 -1.0
1.88828492165 -1.0
1.88872885704 1.0
1.89061403275 -1.0
1.90827703476 -1.0
1.97332906723 -1.0
2.00436806679 -1.0
2.06217908859 -1.0
2.06415200233 -1.0
2.06445288658 1.0
2.11459994316 -1.0
2.16302585602 -1.0
2.1745569706 -1.0
2.1827480793 -1.0
2.24218893051 -1.0
2.24221801758 1.0
2.25102591515 -1.0
2.28927588463 -1.0
2.30830788612 -1.0
2.34618091583 -1.0
2.36438703537 -1.0
2.36443686485 1.0
2.37966990471 -1.0
2.3841650486 -1.0
2.40379095078 -1.0
2.46060395241 -1.0
2.5016849041 -1.0
2.50169587135 1.0
2.52973103523 -1.0
2.58851790428 -1.0
2.6443939209 -1.0
2.66423106194 -1.0
2.70271492004 -1.0
2.74079489708 1.0
2.76031899452 -1.0
2.81669807434 -1.0
5.32787489891 1.0
5.34716486931 -1.0
5.36678099632 -1.0
6.34760189056 -1.0
6.40702986717 -1.0
7.32786893845 1.0
7.34750199318 -1.0
7.34773397446 -1.0
7.36745405197 -1.0
8.34830307961 -1.0
8.34831285477 1.0
8.34831786156 -1.0
8.36801886559 -1.0
15.2892549038 -1.0
16.2805020809 -1.0
16.4251348972 -1.0
16.4771699905 -1.0
