0.0 -1.0
1.19209289551e-05 1.0
0.0329759120941 -1.0
0.0524590015411 -1.0
0.106462001801 -1.0
0.126167058945 -1.0
0.143080949783 -1.0
0.16259598732 -1.0
0.162799119949 1.0
0.223140954971 -1.0
0.22811794281 -1.0
0.282027006149 -1.0
0.284285068512 -1.0
0.303798913956 -1.0
0.303823947906 1.0
0.360238075256 -1.0
0.431762933731 -1.0
0.512841939926 -1.0
0.524140119553 -1.0
0.524171113968 1.0
0.53246307373 -1.0
0.542324066162 -1.0
0.546068906784 -1.0
0.548458099365 -1.0
0.553640127182 -1.0
0.56117606163 -1.0
0.598065137863 -1.0
0.598076105118 1.0
0.617612123489 -1.0
0.648818969727 -1.0
0.685934066772 -1.0
0.700647115707 -1.0
0.705440044403 -1.0
0.711785078049 -1.0
0.711792945862 1.0
0.731439113617 -1.0
0.788447141647 -1.0
0.808298110962 -1.0
0.82293510437 -1.0
0.822943925858 1.0
0.842428922653 -1.0
0.862075090408 -1.0
0.867021083832 -1.0
0.869570970535 -1.0
0.871676921844 -1.0
0.876714944839 -1.0
0.887638092041 -1.0
0.887649059296 -1.0
0.887670993805 1.0
0.894336938858 -1.0
0.89553809166 -1.0
0.898740053177 -1.0
0.902427911758 -1.0
0.905261993408 -1.0
0.907371997833 -1.0
0.907377958298 1.0
0.907540082932 -1.0
0.912369966507 -1.0
0.91398692131 -1.0
0.918275117874 -1.0
0.919620037079 -1.0
0.919626951218 1.0
0.921518087387 -1.0
0.922013998032 -1.0
0.92723608017 -1.0
0.929645061493 -1.0
0.932244062424 -1.0
0.932934045792 -1.0
0.93294095993 1.0
0.936676025391 -1.0
0.945616006851 -1.0
0.946753025055 -1.0
0.957150936127 -1.0
0.966334104538 -1.0
0.969773054123 -1.0
0.969780921936 1.0
0.988618135452 -1.0
0.989352941513 -1.0
1.04612994194 -1.0
1.04816699028 -1.0
1.05685210228 -1.0
1.05687713623 1.0
1.06794214249 -1.0
1.09577608109 -1.0
1.11566901207 -1.0
1.1159119606 -1.0
1.11836409569 -1.0
1.1183719635 1.0
1.12092614174 -1.0
1.12341809273 -1.0
1.12500905991 -1.0
1.12960600853 -1.0
1.13319611549 -1.0
1.13500499725 -1.0
1.13501310349 1.0
1.13544511795 -1.0
1.13600492477 -1.0
1.14067292213 -1.0
1.14378213882 -1.0
1.14781403542 -1.0
1.14782214165 1.0
1.14938497543 -1.0
1.15412712097 -1.0
1.15507292747 -1.0
1.15590190887 -1.0
1.15853309631 -1.0
1.16127300262 -1.0
1.16128206253 1.0
1.16486811638 -1.0
1.16596412659 -1.0
1.16900205612 -1.0
1.17221307755 -1.0
1.17278504372 -1.0
1.17565107346 -1.0
1.1822681427 -1.0
1.18227601051 1.0
1.19167709351 -1.0
1.20174098015 -1.0
1.21129894257 -1.0
1.22121191025 -1.0
1.23126602173 -1.0
1.23127698898 1.0
1.25123095512 -1.0
1.2734041214 -1.0
1.29310798645 -1.0
1.32161903381 -1.0
1.34117507935 -1.0
1.34173202515 1.0
1.35484409332 -1.0
1.35989999771 -1.0
1.3613679409 -1.0
1.36618208885 -1.0
1.38097906113 -1.0
1.38098597527 1.0
1.40046691895 -1.0
1.4135260582 -1.0
1.41562104225 -1.0
1.42009711266 -1.0
1.43971204758 -1.0
1.46584606171 -1.0
1.4659011364 1.0
1.52216410637 -1.0
1.54407095909 -1.0
1.56403708458 -1.0
1.59635210037 -1.0
1.59665298462 1.0
1.61634397507 -1.0
1.65231013298 -1.0
1.65667104721 -1.0
1.67217803001 -1.0
1.69970703125 -1.0
1.71716094017 1.0
1.73688197136 -1.0
1.76532196999 -1.0
1.79626607895 -1.0
1.80759191513 -1.0
1.82647800446 -1.0
1.82715296745 -1.0
1.87764406204 -1.0
1.88961601257 -1.0
1.88962697983 1.0
1.90909790993 -1.0
1.94318604469 -1.0
2.00420713425 -1.0
2.06250810623 -1.0
2.12109899521 -1.0
2.1211681366 1.0
4.4183909893 -1.0
4.43803811073 -1.0
5.38168501854 -1.0
5.38170099258 1.0
5.38190793991 -1.0
5.40136003494 -1.0
7.38328099251 -1.0
7.38350200653 -1.0
7.40277791023 -1.0
15.0570371151 -1.0
16.0304260254 -1.0
16.030452013 1.0
16.0640051365 -1.0
22.2019119263 -1.0
22.2019679546 -1.0
22.2019751072 1.0
22.2024319172 -1.0
22.2215769291 -1.0
