0.0 -1.0
0.0374081134796 1.0
0.0523009300232 -1.0
0.0568959712982 -1.0
0.0786669254303 -1.0
0.104393959045 -1.0
0.161082983017 -1.0
0.197407007217 1.0
0.21696305275 -1.0
0.287347078323 -1.0
0.304088115692 -1.0
0.359325885773 -1.0
0.361334085464 -1.0
0.419312953949 -1.0
0.453922986984 -1.0
0.493402004242 1.0
0.513343095779 -1.0
0.561026096344 -1.0
0.616914987564 -1.0
0.659078121185 -1.0
0.659198999405 -1.0
0.659368991852 -1.0
0.659492969513 1.0
0.661958932877 -1.0
0.662036895752 -1.0
0.662164926529 -1.0
0.662199020386 -1.0
0.662343978882 -1.0
0.668183088303 -1.0
0.673136949539 -1.0
0.678910017014 -1.0
0.679006099701 -1.0
0.679012060165 1.0
0.679161071777 -1.0
0.679326057434 -1.0
0.710752010345 -1.0
0.771354913712 -1.0
0.793930053711 -1.0
0.793980121613 1.0
0.902585029602 -1.0
0.925143957138 -1.0
0.98349404335 -1.0
1.03946089745 -1.0
1.0513010025 -1.0
1.05193209648 -1.0
1.05312609673 -1.0
1.0531539917 1.0
1.06275200844 -1.0
1.06633591652 -1.0
1.07131195068 -1.0
1.07168197632 -1.0
1.07170510292 1.0
1.07560706139 -1.0
1.0803899765 -1.0
1.08058190346 -1.0
1.09086894989 -1.0
1.0918109417 -1.0
1.15370893478 -1.0
1.1537270546 -1.0
1.15376996994 1.0
1.15443301201 -1.0
1.1624379158 -1.0
1.16609096527 -1.0
1.16869497299 -1.0
1.16976690292 -1.0
1.16977500916 1.0
1.1713950634 -1.0
1.17174696922 -1.0
1.17257595062 -1.0
1.17350006104 -1.0
1.17351293564 -1.0
1.17429995537 -1.0
1.18008303642 -1.0
1.18009209633 1.0
1.18193888664 -1.0
1.19322490692 -1.0
1.21280694008 -1.0
1.2128200531 1.0
1.21426296234 -1.0
1.23265504837 -1.0
1.34567904472 -1.0
1.4491019249 -1.0
1.44913005829 1.0
1.46402692795 -1.0
1.46882104874 -1.0
1.47572898865 -1.0
1.49527597427 -1.0
1.50470805168 -1.0
1.50474405289 1.0
1.51523089409 -1.0
1.5349149704 -1.0
1.75606203079 -1.0
1.75642299652 -1.0
1.75811290741 -1.0
1.75857305527 1.0
1.76240491867 -1.0
1.76442909241 -1.0
1.76472091675 -1.0
1.77647089958 -1.0
1.77803397179 -1.0
1.78234696388 -1.0
1.78235793114 1.0
1.78467106819 -1.0
1.79634594917 -1.0
1.85538506508 -1.0
1.85991406441 -1.0
1.86210989952 -1.0
1.86474704742 -1.0
1.86602902412 -1.0
1.86603689194 1.0
1.86622190475 -1.0
1.86643695831 -1.0
1.86716794968 -1.0
1.88194298744 -1.0
1.8846309185 -1.0
1.88463807106 1.0
1.88584804535 -1.0
1.9234058857 -1.0
1.95166802406 -1.0
1.97931408882 -1.0
1.99888396263 -1.0
2.05565690994 -1.0
2.05568909645 1.0
2.05706095695 -1.0
2.06060791016 -1.0
2.07245898247 -1.0
2.07656693459 -1.0
2.07705593109 1.0
2.09676504135 -1.0
2.15540599823 -1.0
2.32792806625 -1.0
2.34740996361 -1.0
2.34981989861 -1.0
2.34999394417 1.0
2.38062596321 -1.0
2.43950605392 -1.0
2.45211291313 -1.0
2.5013461113 -1.0
2.5539829731 -1.0
2.60218191147 -1.0
2.64139795303 1.0
2.66097307205 -1.0
2.69856190681 -1.0
2.74741697311 -1.0
2.76440000534 -1.0
2.7644329071 1.0
2.76564311981 -1.0
2.76692700386 -1.0
2.80347204208 -1.0
2.84445500374 -1.0
2.87627005577 -1.0
3.43890690804 -1.0
3.49062204361 -1.0
3.53340101242 1.0
3.55331802368 -1.0
3.58135700226 -1.0
3.72630596161 -1.0
4.04189491272 -1.0
4.04191708565 1.0
4.09964394569 -1.0
4.11495399475 -1.0
4.13501501083 -1.0
4.2133140564 -1.0
4.28841710091 -1.0
4.28843092918 1.0
4.30824804306 -1.0
4.55699801445 -1.0
5.28838396072 -1.0
5.28859496117 -1.0
5.30799198151 -1.0
6.26965308189 1.0
6.28934192657 -1.0
6.30891108513 -1.0
8.29872298241 -1.0
8.29898905754 -1.0
8.33045601845 -1.0
9.27107810974 1.0
9.29066300392 -1.0
9.31025290489 -1.0
15.8729879856 -1.0
16.0260219574 -1.0
16.078179121 -1.0
