0.0 -1.0
0.00855684280396 -1.0
0.0508589744568 1.0
0.0705268383026 -1.0
0.117330789566 -1.0
0.120229959488 -1.0
0.137041807175 -1.0
0.173232793808 -1.0
0.17324590683 1.0
0.187158823013 -1.0
0.192899942398 -1.0
0.230501890182 -1.0
0.284484863281 -1.0
0.342506885529 -1.0
0.368441820145 1.0
0.415165901184 -1.0
0.491245985031 -1.0
0.510914802551 -1.0
0.587131023407 -1.0
0.593953847885 -1.0
0.593966007233 1.0
0.598596811295 -1.0
0.604744911194 -1.0
0.606974840164 -1.0
0.610997915268 -1.0
0.613586902618 -1.0
0.619674921036 -1.0
0.619922876358 -1.0
0.626438856125 -1.0
0.626446008682 1.0
0.651616811752 -1.0
0.671110868454 -1.0
0.687747001648 -1.0
0.688052892685 1.0
0.744007825851 -1.0
0.895360946655 -1.0
0.900921821594 -1.0
0.903222799301 -1.0
0.908987998962 -1.0
0.913093805313 -1.0
0.91312289238 1.0
0.920562982559 -1.0
0.924801826477 -1.0
0.944530010223 -1.0
1.00027990341 -1.0
1.00189185143 -1.0
1.00856399536 -1.0
1.00858783722 1.0
1.00994801521 -1.0
1.0102148056 -1.0
1.01348400116 -1.0
1.01720380783 -1.0
1.02029800415 -1.0
1.02162194252 -1.0
1.02832198143 -1.0
1.02832984924 1.0
1.03821587563 -1.0
1.04782485962 -1.0
1.08864092827 -1.0
1.09141588211 -1.0
1.09684896469 -1.0
1.09687280655 1.0
1.09731197357 -1.0
1.09814095497 -1.0
1.09866786003 -1.0
1.09932184219 -1.0
1.09951400757 -1.0
1.10020494461 -1.0
1.10845589638 -1.0
1.10847997665 1.0
1.11103582382 -1.0
1.12789392471 -1.0
1.14745497704 -1.0
1.14775085449 -1.0
1.14775896072 1.0
1.16736984253 -1.0
1.20109081268 -1.0
1.24961090088 -1.0
1.29137396812 -1.0
1.32386279106 -1.0
1.32416796684 1.0
1.34262681007 -1.0
1.34523296356 -1.0
1.36563181877 -1.0
1.39435100555 -1.0
1.39435982704 1.0
1.41134095192 -1.0
1.41488981247 -1.0
1.42622685432 -1.0
1.44628000259 -1.0
1.46387290955 -1.0
1.48354101181 -1.0
1.51805686951 -1.0
1.51807689667 1.0
1.53787279129 -1.0
1.57604193687 -1.0
1.62731790543 -1.0
1.63226485252 -1.0
1.64735579491 -1.0
1.72417092323 -1.0
1.72425794601 1.0
1.74374699593 -1.0
1.83975791931 -1.0
1.89608597755 -1.0
1.89804792404 -1.0
1.89807581902 1.0
1.89855885506 -1.0
1.90298485756 -1.0
1.90401387215 -1.0
1.90560388565 -1.0
1.90730881691 -1.0
1.91471481323 -1.0
1.91635680199 -1.0
1.91761898994 -1.0
1.91762685776 1.0
1.92257189751 -1.0
1.97611379623 -1.0
2.00024199486 -1.0
2.00025892258 -1.0
2.00224590302 -1.0
2.00277495384 -1.0
2.00536084175 -1.0
2.00538301468 1.0
2.00627493858 -1.0
2.01117181778 -1.0
2.01992201805 -1.0
2.04020380974 -1.0
2.07618498802 -1.0
2.07887601852 1.0
2.09591794014 -1.0
2.09843492508 -1.0
2.10312700272 -1.0
2.11883187294 -1.0
2.12531590462 -1.0
2.1253259182 1.0
2.14486694336 -1.0
2.19455981255 -1.0
2.19548296928 -1.0
2.19583201408 -1.0
2.19638991356 1.0
2.2020368576 -1.0
2.20240283012 -1.0
2.21306586266 -1.0
2.22200393677 -1.0
2.22388696671 -1.0
2.24166584015 -1.0
2.28860592842 -1.0
2.28923392296 1.0
2.32026982307 -1.0
2.38009285927 -1.0
2.4360909462 -1.0
2.46642684937 -1.0
2.46643590927 1.0
2.49365282059 -1.0
2.50433492661 -1.0
2.52398586273 -1.0
2.56012201309 -1.0
2.59206080437 -1.0
2.62478780746 -1.0
2.62498283386 1.0
2.68404698372 -1.0
2.68755197525 -1.0
2.71878385544 -1.0
2.77621984482 -1.0
2.80171084404 -1.0
2.80191397667 1.0
2.82703185081 -1.0
2.8840739727 -1.0
2.89327979088 -1.0
2.94413900375 -1.0
2.95176386833 -1.0
3.00176882744 -1.0
3.00178384781 1.0
3.01782083511 -1.0
3.02229690552 -1.0
3.09401798248 -1.0
3.12421798706 -1.0
3.14422678947 -1.0
3.2027528286 -1.0
3.22323083878 -1.0
3.22328186035 1.0
3.29954886436 -1.0
4.30019187927 -1.0
4.32038879395 -1.0
4.51633691788 -1.0
5.24154090881 1.0
5.26114392281 -1.0
5.26143693924 -1.0
5.28063488007 -1.0
6.26195693016 -1.0
6.26196599007 1.0
6.26273298264 -1.0
6.28149795532 -1.0
6.43189787865 -1.0
7.26227092743 -1.0
7.28174901009 -1.0
8.24297499657 1.0
8.28585386276 -1.0
8.28870582581 -1.0
8.30800485611 -1.0
9.26297593117 -1.0
15.1064088345 -1.0
16.1173408031 -1.0
16.2708218098 -1.0
16.2708508968 1.0
