0.0 -1.0
1.09672546387e-05 1.0
0.0536830425262 -1.0
0.0743210315704 -1.0
0.132889032364 -1.0
0.156374931335 -1.0
0.156383991241 1.0
0.176019906998 -1.0
0.231623888016 -1.0
0.258641958237 -1.0
0.307626008987 -1.0
0.317682027817 -1.0
0.378257036209 -1.0
0.378311872482 1.0
0.397964954376 -1.0
0.402715921402 -1.0
0.405803918839 -1.0
0.410712003708 -1.0
0.411849975586 -1.0
0.42019200325 -1.0
0.422513008118 -1.0
0.428917884827 -1.0
0.428926944733 1.0
0.43560385704 -1.0
0.448703050613 -1.0
0.451138019562 -1.0
0.460985898972 -1.0
0.460996866226 1.0
0.470664024353 -1.0
0.48278594017 -1.0
0.50265789032 -1.0
0.539964914322 -1.0
0.560469865799 -1.0
0.616176843643 -1.0
0.616814851761 -1.0
0.616837978363 1.0
0.620622873306 -1.0
0.636433839798 -1.0
0.673806905746 -1.0
0.674118995667 1.0
0.693356990814 -1.0
0.7060110569 -1.0
0.713552951813 -1.0
0.735862970352 -1.0
0.737315893173 -1.0
0.737349033356 1.0
0.739974021912 -1.0
0.745944976807 -1.0
0.749438047409 -1.0
0.755318880081 -1.0
0.760773897171 -1.0
0.768310070038 -1.0
0.775080919266 -1.0
0.781514883041 -1.0
0.794699907303 -1.0
0.794714927673 1.0
0.810855865479 -1.0
0.811706066132 -1.0
0.814349889755 -1.0
0.822685956955 -1.0
0.834715843201 -1.0
0.842251062393 -1.0
0.853162050247 -1.0
0.863116025925 -1.0
0.863229036331 1.0
0.882701873779 -1.0
0.886138916016 -1.0
0.888823986053 -1.0
0.899818897247 -1.0
0.900824069977 -1.0
0.906116008759 -1.0
0.907767057419 -1.0
0.912703990936 -1.0
0.913562059402 -1.0
0.926460981369 -1.0
0.926467895508 1.0
0.934769868851 -1.0
0.936236858368 -1.0
0.946136951447 -1.0
0.948237895966 -1.0
0.949565887451 -1.0
0.967922925949 -1.0
0.968854904175 -1.0
0.968862056732 1.0
0.969274997711 -1.0
0.9789249897 -1.0
0.988640069962 -1.0
0.988795042038 1.0
0.99920296669 -1.0
1.00249290466 -1.0
1.00856089592 -1.0
1.01895499229 -1.0
1.02345705032 -1.0
1.02834796906 -1.0
1.02835583687 1.0
1.0393948555 -1.0
1.04905200005 -1.0
1.08430099487 -1.0
1.09557700157 -1.0
1.10393285751 -1.0
1.10677695274 -1.0
1.10691189766 -1.0
1.12368392944 -1.0
1.12418198586 -1.0
1.12418889999 1.0
1.13680696487 -1.0
1.14374089241 -1.0
1.19574904442 -1.0
1.25219702721 -1.0
1.26569199562 -1.0
1.26571702957 1.0
1.27774500847 -1.0
1.28163385391 -1.0
1.28383898735 -1.0
1.28526687622 -1.0
1.28672194481 -1.0
1.29327702522 -1.0
1.29338383675 1.0
1.30480790138 -1.0
1.31505489349 -1.0
1.31602406502 -1.0
1.32857298851 -1.0
1.32875490189 -1.0
1.33109903336 -1.0
1.33467793465 -1.0
1.33468794823 1.0
1.33612704277 -1.0
1.33717894554 -1.0
1.33854484558 -1.0
1.33937597275 -1.0
1.34152984619 -1.0
1.34581494331 -1.0
1.35304784775 -1.0
1.35748195648 -1.0
1.3602540493 -1.0
1.36026191711 1.0
1.37168002129 -1.0
1.37810492516 -1.0
1.37968087196 -1.0
1.38052606583 -1.0
1.38242101669 -1.0
1.39232587814 -1.0
1.39899587631 -1.0
1.39900588989 1.0
1.40027999878 -1.0
1.40409088135 -1.0
1.40661406517 -1.0
1.41032195091 -1.0
1.42366290092 -1.0
1.43387889862 -1.0
1.44239997864 -1.0
1.44676494598 -1.0
1.45357203484 -1.0
1.4559738636 -1.0
1.45598196983 1.0
1.45782804489 -1.0
1.46131706238 -1.0
1.46152305603 -1.0
1.46483802795 -1.0
1.46743488312 -1.0
1.4692928791 -1.0
1.47451496124 -1.0
1.47453999519 1.0
1.47564196587 -1.0
1.48384904861 -1.0
1.5034840107 -1.0
1.51086807251 -1.0
1.51500988007 -1.0
1.5230178833 -1.0
1.52433395386 -1.0
1.52670001984 -1.0
1.52671194077 1.0
1.52683901787 -1.0
1.54417896271 -1.0
1.56423401833 -1.0
1.62369704247 -1.0
1.64388585091 -1.0
1.70122694969 -1.0
1.70135998726 1.0
1.72100186348 -1.0
1.77583098412 -1.0
1.79569005966 -1.0
1.79569888115 1.0
1.79928183556 -1.0
1.82792687416 -1.0
1.84772205353 -1.0
1.86728191376 -1.0
1.8870549202 -1.0
1.9067709446 -1.0
1.90678286552 1.0
1.94972205162 -1.0
1.98048591614 -1.0
2.03366303444 -1.0
2.06858301163 -1.0
2.0687930584 -1.0
2.08851289749 -1.0
2.12644696236 -1.0
2.12668204308 1.0
2.14684486389 -1.0
2.14741492271 -1.0
2.16699290276 -1.0
2.18309903145 -1.0
2.20268988609 -1.0
2.26081705093 -1.0
2.26091003418 1.0
2.28024291992 -1.0
2.31980800629 -1.0
2.37449502945 -1.0
4.99201893806 -1.0
4.99204587936 1.0
5.0117058754 -1.0
5.20304298401 -1.0
5.95436406136 -1.0
5.95437288284 1.0
5.95499801636 -1.0
5.95500302315 -1.0
5.97401690483 -1.0
6.95486688614 -1.0
7.95471286774 -1.0
7.95489501953 -1.0
7.97477889061 -1.0
14.9735889435 -1.0
14.9736139774 1.0
15.9768898487 -1.0
16.1291809082 -1.0
