0.0 -1.0
0.00995278358459 -1.0
0.0103669166565 1.0
0.0463309288025 -1.0
0.101208925247 -1.0
0.103028774261 -1.0
0.153294801712 -1.0
0.201777935028 -1.0
0.201790809631 1.0
0.260065793991 -1.0
0.26700592041 -1.0
0.316082000732 -1.0
0.322855949402 -1.0
0.372179985046 -1.0
0.372189998627 1.0
0.378979921341 -1.0
0.428062915802 -1.0
0.442973852158 -1.0
0.500784873962 -1.0
0.566956996918 -1.0
0.615355968475 -1.0
0.626871824265 -1.0
0.626899957657 1.0
0.627686977386 -1.0
0.638098955154 -1.0
0.646443843842 -1.0
0.666085958481 -1.0
0.685968875885 -1.0
0.685978889465 1.0
0.702376842499 -1.0
0.713449001312 -1.0
0.724732875824 -1.0
0.733032941818 -1.0
0.78403377533 -1.0
0.7840487957 1.0
0.791101932526 -1.0
0.840126991272 -1.0
0.896310806274 -1.0
0.955998897552 -1.0
1.00358891487 -1.0
1.01251292229 -1.0
1.01253890991 1.0
1.01661896706 -1.0
1.0205078125 -1.0
1.02095484734 -1.0
1.03254699707 -1.0
1.03726577759 -1.0
1.03727889061 1.0
1.04107689857 -1.0
1.05247282982 -1.0
1.06751799583 -1.0
1.07241082191 -1.0
1.1053378582 -1.0
1.11307191849 -1.0
1.11310577393 1.0
1.11523795128 -1.0
1.1161968708 -1.0
1.11718893051 -1.0
1.11820578575 -1.0
1.11865878105 -1.0
1.11887788773 -1.0
1.12505578995 -1.0
1.1250629425 1.0
1.12586593628 -1.0
1.13311386108 -1.0
1.14465379715 -1.0
1.14613485336 1.0
1.16535496712 -1.0
1.16584181786 -1.0
1.18739700317 -1.0
1.20956993103 -1.0
1.29580998421 -1.0
1.31611084938 -1.0
1.31636190414 1.0
1.35174298286 -1.0
1.41581392288 -1.0
1.44060587883 -1.0
1.44063997269 1.0
1.46020293236 -1.0
1.51899194717 -1.0
1.62486982346 -1.0
1.62586784363 -1.0
1.62797188759 -1.0
1.62798976898 1.0
1.63114595413 -1.0
1.63209080696 -1.0
1.63345694542 -1.0
1.63594484329 -1.0
1.6359539032 1.0
1.64499497414 -1.0
1.64621686935 -1.0
1.64680600166 -1.0
1.66487193108 -1.0
1.69976997375 -1.0
1.69979381561 1.0
1.75630283356 -1.0
1.81216192245 -1.0
1.81329584122 -1.0
1.87106180191 -1.0
1.89100885391 -1.0
1.91985988617 -1.0
1.91986989975 1.0
1.97612690926 -1.0
1.99590778351 -1.0
2.00310277939 -1.0
2.01577281952 -1.0
2.02557778358 -1.0
2.02689695358 -1.0
2.02758383751 -1.0
2.02821183205 -1.0
2.02821993828 1.0
2.02864289284 -1.0
2.03034877777 -1.0
2.03259277344 -1.0
2.03470277786 -1.0
2.03558278084 -1.0
2.03739285469 -1.0
2.04290795326 -1.0
2.04293680191 1.0
2.04892992973 -1.0
2.05241990089 -1.0
2.05538392067 -1.0
2.05580282211 -1.0
2.06434392929 -1.0
2.07533597946 -1.0
2.07678580284 -1.0
2.08890485764 -1.0
2.09100699425 -1.0
2.09101486206 1.0
2.09635686874 -1.0
2.11602687836 -1.0
2.12322688103 -1.0
2.12520885468 -1.0
2.12744379044 -1.0
2.14281392097 -1.0
2.17936778069 1.0
2.18412184715 -1.0
2.19928979874 -1.0
2.22791194916 -1.0
2.28825378418 -1.0
2.28827190399 1.0
2.31920194626 -1.0
2.31976485252 -1.0
2.33943200111 -1.0
2.39622688293 -1.0
2.40761590004 -1.0
2.43257689476 -1.0
2.45198082924 -1.0
2.47925591469 1.0
2.50242590904 -1.0
2.56030893326 -1.0
2.61620378494 -1.0
2.61941289902 -1.0
2.67217278481 -1.0
2.67218780518 1.0
2.6788828373 -1.0
2.72830581665 -1.0
2.73531985283 -1.0
2.78832483292 -1.0
2.79891896248 -1.0
2.83536076546 1.0
2.84974789619 -1.0
2.85499691963 -1.0
2.87479281425 -1.0
2.9352619648 -1.0
2.93924880028 -1.0
3.00295186043 -1.0
3.00302195549 1.0
3.02259588242 -1.0
3.0601849556 -1.0
4.93292999268 -1.0
4.95249986649 -1.0
5.19185400009 -1.0
5.19188189507 1.0
5.93337678909 -1.0
5.93374681473 -1.0
5.95299291611 -1.0
6.91421294212 1.0
6.93380999565 -1.0
6.9533829689 -1.0
7.93393683434 -1.0
7.95386981964 -1.0
8.93410897255 -1.0
8.9341199398 1.0
8.9536948204 -1.0
14.9291148186 -1.0
15.9306838512 -1.0
16.3173408508 -1.0
