0.0 1.0
0.0138971805573 -1.0
0.0196270942688 -1.0
0.070023059845 -1.0
0.0895960330963 -1.0
0.11033821106 -1.0
0.111750125885 1.0
0.129840135574 -1.0
0.170032024384 -1.0
0.187558174133 -1.0
0.226042032242 -1.0
0.244067192078 -1.0
0.271383047104 -1.0
0.271419048309 1.0
0.290996074677 -1.0
0.330062150955 -1.0
0.347575187683 -1.0
0.386362075806 -1.0
0.402050018311 -1.0
0.402105093002 1.0
0.42164516449 -1.0
0.490364074707 -1.0
0.54109120369 -1.0
0.643233060837 -1.0
0.658021211624 -1.0
0.65806221962 1.0
0.659405231476 -1.0
0.677975177765 -1.0
0.703257083893 -1.0
0.742345094681 -1.0
0.744363069534 1.0
0.749983072281 -1.0
0.760812044144 -1.0
0.764031171799 -1.0
0.816925048828 -1.0
0.874207019806 -1.0
0.929613113403 -1.0
0.930015087128 1.0
0.949789047241 -1.0
0.959179162979 -1.0
0.96555519104 -1.0
0.969347000122 -1.0
1.01469302177 1.0
1.03845405579 -1.0
1.06647205353 -1.0
1.06785702705 -1.0
1.06963300705 -1.0
1.08614110947 -1.0
1.09744119644 -1.0
1.10576200485 -1.0
1.14399909973 1.0
1.15408706665 -1.0
1.1557841301 -1.0
1.16359901428 -1.0
1.18613004684 -1.0
1.20802211761 -1.0
1.25270199776 -1.0
1.29198503494 1.0
1.31161808968 -1.0
1.34092617035 -1.0
1.35189700127 -1.0
1.35731816292 -1.0
1.35732412338 1.0
1.36049509048 -1.0
1.36309409142 -1.0
1.3827021122 -1.0
1.43980002403 -1.0
1.44628620148 -1.0
1.45180416107 -1.0
1.45183801651 1.0
1.45414113998 -1.0
1.45598316193 -1.0
1.45965218544 -1.0
1.46603918076 -1.0
1.4715590477 -1.0
1.47159004211 1.0
1.47386813164 -1.0
1.47941803932 -1.0
1.48596906662 -1.0
1.49119710922 -1.0
1.49390912056 -1.0
1.51360702515 -1.0
1.51500201225 -1.0
1.51500821114 1.0
1.53450202942 -1.0
1.53884220123 -1.0
1.54945611954 -1.0
1.5500972271 1.0
1.55260014534 -1.0
1.55862116814 -1.0
1.56973409653 -1.0
1.56995606422 -1.0
1.58957314491 -1.0
1.60912513733 -1.0
1.6479871273 1.0
1.66750502586 -1.0
1.72619819641 -1.0
1.83690309525 -1.0
1.84855604172 -1.0
1.84950399399 -1.0
1.8538620472 -1.0
1.8538711071 1.0
1.85592412949 -1.0
1.8565030098 -1.0
1.85730910301 -1.0
1.85819220543 -1.0
1.8583741188 -1.0
1.86830306053 -1.0
1.86832714081 1.0
1.86936211586 -1.0
1.8735461235 -1.0
1.87562513351 -1.0
1.87689208984 -1.0
1.88157010078 -1.0
1.88742303848 -1.0
1.88743114471 1.0
1.88837313652 -1.0
1.88915109634 -1.0
1.89258313179 -1.0
1.8932030201 -1.0
1.89544010162 -1.0
1.89545512199 1.0
1.91883516312 -1.0
1.93917918205 -1.0
1.94018507004 -1.0
1.94236803055 -1.0
1.94480919838 -1.0
1.94574713707 1.0
1.95984506607 -1.0
1.96968913078 -1.0
1.98933601379 -1.0
2.04618406296 -1.0
2.05805802345 -1.0
2.06913614273 -1.0
2.08920812607 -1.0
2.14619922638 -1.0
2.14621019363 1.0
2.20225000381 -1.0
2.22186923027 -1.0
2.26024317741 -1.0
2.33439302444 -1.0
2.36321401596 -1.0
2.36323618889 1.0
2.3832051754 -1.0
2.43976020813 -1.0
2.49817800522 -1.0
2.53253817558 -1.0
2.58517003059 -1.0
2.58536720276 1.0
2.63787508011 -1.0
2.67171907425 -1.0
2.69118714333 -1.0
2.74764204025 -1.0
2.7543900013 -1.0
2.76619005203 -1.0
2.76661419868 1.0
2.76746821404 -1.0
2.82238101959 -1.0
2.84634613991 -1.0
2.89419317245 -1.0
2.96147108078 -1.0
2.96177315712 1.0
2.98099708557 -1.0
3.01825618744 -1.0
4.26547408104 -1.0
4.28551912308 -1.0
4.51392817497 -1.0
5.24587607384 1.0
5.26564216614 -1.0
5.26600623131 -1.0
5.26601099968 -1.0
5.2854411602 -1.0
5.44046020508 -1.0
5.44061517715 1.0
5.46031403542 -1.0
6.26631903648 -1.0
6.26659607887 -1.0
6.28599309921 -1.0
6.43441700935 -1.0
7.24658513069 1.0
7.2662050724 -1.0
8.26677703857 -1.0
8.26703715324 -1.0
8.28646206856 -1.0
15.3274931908 -1.0
15.3794741631 -1.0
15.3794970512 1.0
15.3989810944 -1.0
15.4315550327 -1.0
