0.0 -1.0
1.00135803223e-05 1.0
0.0199010372162 -1.0
0.128335952759 -1.0
0.128411054611 -1.0
0.174113035202 -1.0
0.19207406044 -1.0
0.194672107697 1.0
0.211628913879 -1.0
0.233921051025 -1.0
0.25085401535 -1.0
0.250996112823 -1.0
0.251136064529 -1.0
0.274374961853 -1.0
0.274383068085 1.0
0.302443027496 -1.0
0.359940052032 -1.0
0.365306138992 -1.0
0.421452999115 -1.0
0.421751976013 -1.0
0.421756982803 1.0
0.423881053925 -1.0
0.441262960434 -1.0
0.479216098785 -1.0
0.498809099197 -1.0
0.504562139511 1.0
0.524167060852 -1.0
0.552355051041 -1.0
0.572062015533 -1.0
0.611935138702 -1.0
0.629245042801 -1.0
0.703486919403 -1.0
0.703541040421 1.0
0.723037958145 -1.0
0.755917072296 -1.0
0.814346075058 -1.0
0.88587808609 -1.0
0.90038394928 -1.0
0.905420064926 -1.0
0.90544295311 1.0
0.946735143661 -1.0
0.980512142181 -1.0
0.996576070786 -1.0
0.996999025345 -1.0
0.997004985809 1.0
0.998282909393 -1.0
1.01643610001 -1.0
1.01678109169 -1.0
1.03607606888 -1.0
1.03627705574 -1.0
1.07353401184 1.0
1.09212303162 -1.0
1.11207509041 -1.0
1.18490004539 -1.0
1.1962621212 -1.0
1.19627714157 1.0
1.19628596306 -1.0
1.20460796356 -1.0
1.22003912926 -1.0
1.22436904907 -1.0
1.2677090168 -1.0
1.3241379261 -1.0
1.3241519928 1.0
1.335750103 -1.0
1.34366607666 -1.0
1.40130496025 -1.0
1.44985604286 -1.0
1.45715999603 -1.0
1.48863601685 -1.0
1.48901391029 -1.0
1.48903298378 1.0
1.49099993706 -1.0
1.49416804314 -1.0
1.50858306885 -1.0
1.50884795189 -1.0
1.50885796547 -1.0
1.50886201859 1.0
1.5107319355 -1.0
1.51260614395 -1.0
1.51346898079 -1.0
1.51543807983 -1.0
1.51647996902 -1.0
1.51648712158 1.0
1.52856612206 -1.0
1.53026413918 -1.0
1.53213000298 -1.0
1.55019712448 -1.0
1.58457303047 -1.0
1.58461093903 1.0
1.59377908707 -1.0
1.59703302383 -1.0
1.60338497162 -1.0
1.60425806046 -1.0
1.6120660305 -1.0
1.6316640377 -1.0
1.63178110123 1.0
1.65159606934 -1.0
1.65218901634 -1.0
1.69338107109 -1.0
1.69339513779 1.0
1.71295213699 -1.0
1.73244094849 -1.0
1.75141596794 -1.0
1.78120613098 -1.0
1.80346894264 -1.0
1.80595707893 1.0
1.86401295662 -1.0
1.87837791443 -1.0
1.88886713982 -1.0
1.89276814461 -1.0
1.89591002464 -1.0
1.89638209343 -1.0
1.89729905128 -1.0
1.89730906487 1.0
1.89853000641 -1.0
1.89872312546 -1.0
1.89952301979 -1.0
1.89978909492 -1.0
1.90868902206 -1.0
1.91258907318 -1.0
1.91259598732 1.0
1.91584610939 -1.0
1.91601896286 -1.0
1.91713404655 -1.0
1.93945598602 -1.0
1.97272610664 -1.0
1.97275590897 1.0
1.99231696129 -1.0
1.99433994293 -1.0
1.99728894234 -1.0
1.99896502495 -1.0
2.00004911423 -1.0
2.00132894516 -1.0
2.00212001801 -1.0
2.00260090828 1.0
2.00268507004 -1.0
2.00463891029 -1.0
2.00636410713 -1.0
2.01430702209 -1.0
2.01697707176 -1.0
2.0169839859 1.0
2.01859402657 -1.0
2.02414512634 -1.0
2.02901411057 -1.0
2.03817009926 -1.0
2.07752513885 1.0
2.08038806915 -1.0
2.0975151062 -1.0
2.10035896301 -1.0
2.11706399918 -1.0
2.15605306625 -1.0
2.17312407494 -1.0
2.20951890945 1.0
2.27297592163 -1.0
2.27998399734 -1.0
2.29248404503 -1.0
2.35210895538 -1.0
2.35211896896 1.0
2.37176394463 -1.0
2.39139509201 -1.0
2.42341399193 -1.0
2.47999596596 -1.0
2.53280711174 -1.0
2.53282904625 1.0
2.58454608917 -1.0
2.61952710152 -1.0
2.6391890049 -1.0
2.69745993614 -1.0
2.71017599106 -1.0
2.71728801727 -1.0
2.71732211113 1.0
2.79984712601 -1.0
2.8329539299 -1.0
2.85279393196 -1.0
2.90931797028 -1.0
2.97927594185 -1.0
2.97956895828 1.0
3.03744292259 -1.0
3.04210114479 -1.0
5.22846007347 -1.0
5.22888803482 -1.0
5.24804711342 -1.0
5.35167694092 -1.0
5.35169005394 1.0
5.5514190197 -1.0
6.22903108597 -1.0
6.22903990746 1.0
6.22927093506 -1.0
6.22938108444 -1.0
6.24885511398 -1.0
7.22867107391 -1.0
7.24842596054 -1.0
7.48766613007 -1.0
8.20969200134 1.0
8.22927713394 -1.0
8.22948312759 -1.0
8.24891209602 -1.0
15.6995999813 -1.0
15.7534549236 -1.0
15.7732260227 -1.0
15.8041391373 -1.0
15.8041479588 1.0
