0.0 -1.0
0.000402927398682 1.0
0.035896062851 -1.0
0.054829120636 -1.0
0.0744659900665 -1.0
0.095155954361 -1.0
0.153033018112 -1.0
0.172935962677 -1.0
0.172986030579 1.0
0.232623100281 -1.0
0.247586965561 -1.0
0.308779001236 -1.0
0.37039899826 -1.0
0.393239974976 -1.0
0.501579046249 -1.0
0.501937150955 1.0
0.560879945755 -1.0
0.587984085083 -1.0
0.639348983765 -1.0
0.645532131195 -1.0
0.791573047638 -1.0
0.794354915619 1.0
0.814669132233 -1.0
0.834169149399 -1.0
0.927938938141 -1.0
0.96671295166 -1.0
0.969830989838 -1.0
0.978193044662 -1.0
0.984974145889 -1.0
0.984983921051 1.0
0.986629009247 -1.0
0.989768981934 -1.0
1.00168704987 1.0
1.01962304115 -1.0
1.03921699524 -1.0
1.04246497154 -1.0
1.15132713318 -1.0
1.25144410133 1.0
1.25890207291 -1.0
1.27104306221 -1.0
1.27221608162 -1.0
1.2792301178 -1.0
1.2804210186 -1.0
1.29083704948 -1.0
1.36655497551 -1.0
1.36662912369 1.0
1.36805891991 -1.0
1.37546896935 -1.0
1.37656998634 -1.0
1.37742900848 -1.0
1.37931704521 -1.0
1.38640594482 -1.0
1.3881509304 -1.0
1.38817095757 1.0
1.39529013634 -1.0
1.39745593071 -1.0
1.44470000267 -1.0
1.46514296532 -1.0
1.465487957 -1.0
1.46549391747 1.0
1.46818900108 -1.0
1.4721019268 -1.0
1.47269201279 -1.0
1.4730360508 -1.0
1.47370910645 1.0
1.4842479229 -1.0
1.48479700089 -1.0
1.49334597588 -1.0
1.50469613075 -1.0
1.55278205872 -1.0
1.55279898643 1.0
1.57265901566 -1.0
1.6001329422 -1.0
1.61998510361 -1.0
1.65940308571 -1.0
1.67674803734 -1.0
1.71675395966 -1.0
1.71676707268 1.0
1.74458503723 -1.0
1.76413106918 -1.0
1.79291009903 -1.0
1.86509108543 -1.0
1.86659097672 -1.0
1.8666241169 1.0
1.86904406548 -1.0
1.87242603302 -1.0
1.87309098244 -1.0
1.87629508972 -1.0
1.87800502777 -1.0
1.87801194191 1.0
1.87898302078 -1.0
1.88329005241 -1.0
1.88503909111 -1.0
1.88631892204 -1.0
1.88859009743 -1.0
1.89013695717 -1.0
1.8901591301 1.0
1.89251804352 -1.0
1.89333605766 -1.0
1.89377498627 -1.0
1.89448308945 -1.0
1.90514612198 -1.0
1.94479393959 -1.0
1.9657959938 -1.0
1.9728410244 -1.0
1.97287893295 1.0
1.97659397125 -1.0
1.98359298706 -1.0
1.98786401749 -1.0
1.98854804039 -1.0
1.98897194862 1.0
1.99231696129 -1.0
1.99256801605 -1.0
1.99637794495 -1.0
2.00729012489 -1.0
2.01605892181 -1.0
2.01667809486 1.0
2.03601002693 -1.0
2.0557410717 -1.0
2.07340312004 -1.0
2.0776951313 -1.0
2.07993292809 -1.0
2.08509898186 -1.0
2.09750294685 -1.0
2.16543602943 -1.0
2.20516014099 1.0
2.21351695061 -1.0
2.22495412827 -1.0
2.272783041 -1.0
2.29244208336 -1.0
2.3624060154 -1.0
2.3624689579 1.0
2.38237500191 -1.0
2.38631296158 -1.0
2.4447889328 -1.0
2.50075602531 -1.0
2.50077295303 1.0
2.55727100372 -1.0
2.58528614044 -1.0
2.60668897629 -1.0
2.62652397156 -1.0
2.65730595589 -1.0
2.65731811523 1.0
2.67672991753 -1.0
2.67926502228 -1.0
2.77401709557 -1.0
2.83297204971 -1.0
2.85860514641 -1.0
2.87317204475 -1.0
2.87823200226 -1.0
2.87825298309 1.0
2.97499012947 -1.0
2.98700594902 -1.0
2.99454092979 -1.0
2.99783205986 -1.0
2.99785709381 1.0
3.00912904739 -1.0
3.01423597336 -1.0
3.05278205872 -1.0
4.93053793907 -1.0
4.95023608208 -1.0
5.17678594589 -1.0
5.17680692673 1.0
5.93111801147 -1.0
5.93138098717 -1.0
5.95065903664 -1.0
6.93163013458 -1.0
6.93165397644 1.0
6.95255804062 -1.0
7.93197894096 -1.0
7.93223905563 -1.0
7.95155000687 -1.0
8.93199491501 -1.0
8.93200993538 1.0
8.95151305199 -1.0
14.8777971268 -1.0
15.8899490833 -1.0
16.0407660007 -1.0
