0.0 -1.0
0.00884079933167 -1.0
0.00884985923767 1.0
0.0283849239349 -1.0
0.0389728546143 -1.0
0.0465149879456 -1.0
0.0471019744873 -1.0
0.0593338012695 -1.0
0.0781879425049 -1.0
0.0792059898376 -1.0
0.0793609619141 -1.0
0.0793659687042 1.0
0.111437797546 -1.0
0.124128818512 -1.0
0.124369859695 -1.0
0.131150007248 -1.0
0.151139974594 -1.0
0.206983804703 -1.0
0.207002878189 1.0
0.263503789902 -1.0
0.265116930008 -1.0
0.475301980972 -1.0
0.480257987976 -1.0
0.485654830933 -1.0
0.485673904419 1.0
0.485924005508 -1.0
0.495796918869 -1.0
0.506766796112 -1.0
0.522680997849 -1.0
0.536404848099 -1.0
0.536431789398 1.0
0.575917005539 -1.0
0.592644929886 -1.0
0.601620912552 -1.0
0.606106996536 -1.0
0.607321977615 -1.0
0.614869832993 -1.0
0.671237945557 -1.0
0.766027927399 -1.0
0.768189907074 1.0
0.774451971054 -1.0
0.779651880264 -1.0
0.7878677845 -1.0
0.807689905167 -1.0
0.828029870987 -1.0
0.834007978439 -1.0
0.834602832794 -1.0
0.834850788116 1.0
0.853549003601 -1.0
0.891306877136 -1.0
0.911002874374 -1.0
0.911012887955 -1.0
0.930897951126 -1.0
0.939316987991 -1.0
0.939596891403 1.0
0.960073947906 -1.0
1.01941800117 -1.0
1.06408381462 -1.0
1.07887482643 -1.0
1.10867190361 -1.0
1.14725494385 1.0
1.18283581734 -1.0
1.26671600342 -1.0
1.28115987778 -1.0
1.28421187401 -1.0
1.28608894348 -1.0
1.28671884537 -1.0
1.28672480583 1.0
1.28763198853 -1.0
1.2891099453 -1.0
1.29431080818 -1.0
1.30139684677 -1.0
1.30410480499 -1.0
1.32097291946 -1.0
1.34016799927 -1.0
1.3407998085 -1.0
1.34552192688 -1.0
1.34555697441 1.0
1.34714794159 -1.0
1.35169196129 -1.0
1.35742688179 -1.0
1.35906791687 -1.0
1.35907483101 1.0
1.36041283607 -1.0
1.36980986595 -1.0
1.37377500534 -1.0
1.37485289574 -1.0
1.37629079819 -1.0
1.37963080406 -1.0
1.38366293907 -1.0
1.38593888283 -1.0
1.38763785362 -1.0
1.38764500618 1.0
1.38834691048 -1.0
1.39008998871 -1.0
1.39946889877 -1.0
1.41924595833 -1.0
1.41988587379 1.0
1.43936681747 -1.0
1.43989491463 -1.0
1.44134879112 -1.0
1.49552297592 -1.0
1.51581978798 -1.0
1.60932993889 -1.0
1.62173295021 -1.0
1.6217648983 1.0
1.62711000443 -1.0
1.6320309639 -1.0
1.63258695602 -1.0
1.63372778893 -1.0
1.63507986069 -1.0
1.63912200928 -1.0
1.64144396782 -1.0
1.64145183563 1.0
1.6414577961 -1.0
1.64218997955 -1.0
1.64296078682 -1.0
1.64381480217 -1.0
1.64482593536 -1.0
1.64605879784 -1.0
1.64606499672 1.0
1.65217399597 -1.0
1.66141486168 -1.0
1.66322088242 -1.0
1.67969298363 -1.0
1.68133378029 -1.0
1.68519997597 -1.0
1.69170999527 -1.0
1.69178080559 -1.0
1.69178700447 1.0
1.6928229332 -1.0
1.69319581985 -1.0
1.69346094131 -1.0
1.69456481934 -1.0
1.69493293762 -1.0
1.69731497765 -1.0
1.70048284531 -1.0
1.70049190521 1.0
1.70282793045 -1.0
1.70307588577 -1.0
1.70511388779 -1.0
1.70593500137 -1.0
1.70811700821 -1.0
1.70812487602 1.0
1.71146583557 -1.0
1.71234488487 -1.0
1.72000598907 -1.0
1.72696185112 -1.0
1.73974895477 -1.0
1.76583480835 -1.0
1.78530597687 -1.0
1.78578090668 1.0
1.80890488625 -1.0
1.81510281563 -1.0
1.83603787422 -1.0
1.86786198616 -1.0
1.89355683327 -1.0
1.92236185074 -1.0
1.92263484001 1.0
1.94779586792 -1.0
2.0003619194 -1.0
2.05945682526 -1.0
2.07635593414 -1.0
2.11632990837 -1.0
2.11633682251 1.0
2.13555288315 -1.0
2.17557692528 -1.0
2.19361400604 -1.0
2.23188996315 -1.0
2.25147891045 -1.0
2.2519299984 -1.0
2.25193595886 1.0
2.27167701721 -1.0
2.32783198357 -1.0
2.33293390274 -1.0
2.38083100319 -1.0
2.43193078041 -1.0
2.43224000931 -1.0
2.43896484375 -1.0
2.43898582458 1.0
2.4391849041 -1.0
2.49288797379 -1.0
2.49670100212 -1.0
2.50437283516 -1.0
2.51652693748 -1.0
2.55089879036 -1.0
2.57053494453 -1.0
2.57059383392 1.0
2.59085392952 -1.0
2.62637495995 -1.0
2.6536989212 -1.0
2.71200799942 -1.0
2.73723483086 -1.0
2.77523493767 1.0
2.79474401474 -1.0
5.20093679428 -1.0
5.20095992088 1.0
5.22214388847 -1.0
6.23590397835 -1.0
8.19926190376 -1.0
8.19936394691 -1.0
8.21893501282 -1.0
14.7425048351 -1.0
14.7425358295 1.0
14.7837018967 -1.0
14.8141498566 -1.0
14.8345749378 -1.0
16.0050139427 -1.0
16.0974349976 -1.0
16.0974538326 1.0
16.1170268059 -1.0
