0.0 -1.0
1.4066696167e-05 1.0
0.0277309417725 -1.0
0.0619111061096 -1.0
0.118227005005 -1.0
0.151572942734 -1.0
0.209448099136 -1.0
0.250308036804 -1.0
0.25048494339 1.0
0.305989980698 -1.0
0.310857057571 -1.0
0.362006902695 -1.0
0.369755029678 -1.0
0.448395967484 -1.0
0.469528913498 -1.0
0.505887031555 1.0
0.591481924057 -1.0
0.622482061386 -1.0
0.629034042358 -1.0
0.629199981689 -1.0
0.642236948013 -1.0
0.642374992371 -1.0
0.648685932159 -1.0
0.663167953491 1.0
0.681932926178 -1.0
0.682018041611 -1.0
0.682877063751 -1.0
0.689245939255 -1.0
0.689314126968 -1.0
0.691929101944 -1.0
0.697488069534 -1.0
0.697494983673 1.0
0.697508096695 -1.0
0.697588920593 -1.0
0.702719926834 -1.0
0.737148046494 -1.0
0.756614923477 -1.0
0.793898105621 -1.0
0.793952941895 -1.0
0.794080018997 -1.0
0.796808004379 1.0
0.854047060013 -1.0
0.910181045532 -1.0
0.920817136765 -1.0
0.936841964722 -1.0
0.943164110184 -1.0
0.943248987198 -1.0
0.943264007568 1.0
0.956480026245 -1.0
0.992619991302 -1.0
0.992644071579 -1.0
0.992743968964 -1.0
1.01236701012 -1.0
1.03344511986 -1.0
1.03346896172 -1.0
1.04031896591 -1.0
1.04044008255 -1.0
1.0405189991 -1.0
1.04052400589 1.0
1.04231905937 -1.0
1.04234409332 -1.0
1.04240894318 -1.0
1.04250907898 -1.0
1.04259800911 -1.0
1.05320596695 -1.0
1.05323600769 -1.0
1.05973792076 -1.0
1.05989789963 -1.0
1.05990290642 1.0
1.07284402847 -1.0
1.08119606972 -1.0
1.08437204361 -1.0
1.08440995216 -1.0
1.08454990387 -1.0
1.0867331028 -1.0
1.08687210083 -1.0
1.08845806122 -1.0
1.08853292465 -1.0
1.08853697777 1.0
1.08864593506 -1.0
1.09407305717 -1.0
1.09414696693 -1.0
1.09800410271 -1.0
1.10090994835 -1.0
1.10397291183 -1.0
1.10539793968 -1.0
1.10540509224 1.0
1.12367391586 -1.0
1.14264297485 -1.0
1.144769907 -1.0
1.14899802208 -1.0
1.15318608284 -1.0
1.15364193916 1.0
1.15506410599 -1.0
1.16060209274 -1.0
1.16222810745 -1.0
1.17326903343 -1.0
1.19329500198 -1.0
1.19823002815 -1.0
1.1984500885 1.0
1.24040412903 -1.0
1.27224898338 -1.0
1.33453512192 -1.0
1.36850810051 -1.0
1.40452313423 -1.0
1.40487408638 1.0
1.42437791824 -1.0
1.4488120079 -1.0
1.50612401962 -1.0
1.51965212822 -1.0
1.53243207932 -1.0
1.53301000595 -1.0
1.53303098679 1.0
1.53705692291 -1.0
1.53982496262 -1.0
1.54800009727 -1.0
1.5493080616 -1.0
1.55122900009 -1.0
1.55169391632 -1.0
1.55170202255 1.0
1.55199790001 -1.0
1.58325600624 -1.0
1.58383011818 -1.0
1.58546209335 -1.0
1.58717012405 -1.0
1.5872900486 -1.0
1.58906292915 -1.0
1.59254312515 -1.0
1.59255194664 1.0
1.59281802177 -1.0
1.59876704216 -1.0
1.60376310349 -1.0
1.65060091019 -1.0
1.66901397705 -1.0
1.6690621376 1.0
1.68798494339 -1.0
1.68902802467 -1.0
1.69323205948 -1.0
1.71331906319 -1.0
1.74262690544 -1.0
1.74809098244 -1.0
1.74983501434 -1.0
1.74985694885 1.0
1.75250506401 -1.0
1.75345802307 -1.0
1.75967693329 -1.0
1.76267290115 -1.0
1.77514100075 -1.0
1.78429913521 -1.0
1.78469395638 1.0
1.78808403015 -1.0
1.79011392593 -1.0
1.79476690292 -1.0
1.83901596069 -1.0
1.84501600266 -1.0
1.8538339138 -1.0
1.87178707123 -1.0
1.8718059063 1.0
1.89163208008 -1.0
1.92855906487 -1.0
1.93471813202 -1.0
1.9481780529 -1.0
1.98041510582 -1.0
2.03385090828 -1.0
2.05412697792 -1.0
2.05414199829 1.0
2.11014509201 -1.0
2.13557910919 -1.0
2.15968799591 -1.0
2.17928409576 -1.0
2.23017907143 -1.0
2.23018813133 1.0
2.23740100861 -1.0
2.25688290596 -1.0
2.2765750885 -1.0
2.30838012695 -1.0
2.36658406258 -1.0
2.36659693718 1.0
2.4221560955 -1.0
2.42439508438 -1.0
2.47935795784 -1.0
2.48519301414 -1.0
2.49897193909 -1.0
2.55812907219 -1.0
2.61413908005 -1.0
2.62053894997 -1.0
2.65784811974 1.0
2.67743611336 -1.0
2.68245005608 -1.0
2.70278501511 -1.0
2.72508907318 -1.0
2.74496102333 -1.0
2.74957799911 -1.0
2.76927113533 -1.0
2.76929712296 1.0
2.83254790306 -1.0
2.92174601555 -1.0
2.98219013214 -1.0
3.00987195969 -1.0
4.96809196472 1.0
4.98816609383 -1.0
5.04638290405 -1.0
5.98760294914 -1.0
5.98761200905 1.0
5.98795008659 -1.0
6.00721311569 -1.0
7.99098396301 -1.0
7.99099898338 -1.0
8.01061010361 -1.0
8.98913502693 -1.0
10.4344620705 1.0
10.4540169239 -1.0
10.4541211128 -1.0
10.4736149311 -1.0
10.4749510288 -1.0
10.5055890083 -1.0
10.5060169697 1.0
10.5291719437 -1.0
11.4517090321 -1.0
11.51080513 -1.0
15.3068299294 -1.0
15.306855917 1.0
15.4275989532 -1.0
15.4614260197 -1.0
20.4549889565 -1.0
20.4550330639 1.0
20.455039978 -1.0
20.4748370647 -1.0
20.4750909805 -1.0
20.5314939022 -1.0
20.6499149799 -1.0
20.6700451374 -1.0
20.8071660995 -1.0
20.8270750046 -1.0
20.8658480644 1.0
20.9949250221 -1.0
21.0734989643 -1.0
21.452119112 -1.0
21.4521410465 1.0
21.5121951103 -1.0
21.6458399296 -1.0
26.8284900188 -1.0
26.8480489254 -1.0
40.4513440132 -1.0
40.5128600597 -1.0
40.5128741264 1.0
40.5329120159 -1.0
