0.0 -1.0
0.0369489192963 1.0
0.0454630851746 -1.0
0.0569610595703 -1.0
0.101524114609 -1.0
0.130932092667 -1.0
0.189516067505 -1.0
0.223340034485 -1.0
0.260977983475 1.0
0.296617984772 -1.0
0.306401014328 -1.0
0.312804937363 -1.0
0.316100120544 -1.0
0.316426992416 -1.0
0.317372083664 -1.0
0.336406946182 -1.0
0.336417913437 1.0
0.33688211441 -1.0
0.345648050308 -1.0
0.349447011948 -1.0
0.360502958298 -1.0
0.365113973618 -1.0
0.367705106735 -1.0
0.367715120316 1.0
0.387377023697 -1.0
0.416501045227 -1.0
0.468894004822 -1.0
0.472460031509 -1.0
0.475286006927 1.0
0.517457008362 -1.0
0.53154706955 -1.0
0.535923957825 -1.0
0.537142038345 -1.0
0.556833982468 -1.0
0.556843042374 -1.0
0.557006120682 1.0
0.560796022415 -1.0
0.576493024826 -1.0
0.580639123917 -1.0
0.600259065628 -1.0
0.657572984695 -1.0
0.659270048141 -1.0
0.671191930771 -1.0
0.690719127655 -1.0
0.692765951157 -1.0
0.692786931992 1.0
0.712301015854 -1.0
0.748027086258 -1.0
0.749078035355 -1.0
0.754822969437 -1.0
0.756006002426 -1.0
0.758105993271 -1.0
0.758114099503 1.0
0.762186050415 -1.0
0.76774597168 -1.0
0.768974065781 -1.0
0.774511098862 -1.0
0.775907993317 -1.0
0.776029109955 1.0
0.778167009354 -1.0
0.787734985352 -1.0
0.788907051086 -1.0
0.794325113297 -1.0
0.796868085861 -1.0
0.796878099442 1.0
0.813964128494 -1.0
0.828948020935 -1.0
0.844294071198 -1.0
0.848696947098 -1.0
0.849757909775 1.0
0.868712902069 -1.0
0.888296127319 -1.0
0.909379005432 -1.0
0.932997941971 -1.0
0.989634990692 -1.0
1.03833699226 -1.0
1.04824495316 -1.0
1.04827213287 1.0
1.05036091805 -1.0
1.05164694786 -1.0
1.05234909058 -1.0
1.05312395096 -1.0
1.05565094948 -1.0
1.05592608452 1.0
1.05918002129 -1.0
1.06040406227 -1.0
1.06368708611 -1.0
1.0643620491 -1.0
1.06496405602 -1.0
1.06631207466 -1.0
1.0680539608 -1.0
1.06839394569 -1.0
1.07156205177 -1.0
1.07156896591 1.0
1.07210993767 -1.0
1.07249999046 -1.0
1.07272696495 -1.0
1.07436203957 -1.0
1.07543206215 -1.0
1.07658100128 -1.0
1.07659006119 1.0
1.07764291763 -1.0
1.08357810974 -1.0
1.08540511131 -1.0
1.08605694771 -1.0
1.08745503426 -1.0
1.08986902237 -1.0
1.08987498283 1.0
1.09219193459 -1.0
1.09637093544 -1.0
1.09814190865 -1.0
1.09834504128 -1.0
1.09869003296 -1.0
1.10114812851 -1.0
1.11047697067 -1.0
1.11050105095 1.0
1.11239004135 -1.0
1.11808300018 -1.0
1.12066102028 -1.0
1.16081905365 -1.0
1.21765708923 -1.0
1.26784896851 -1.0
1.29986596107 -1.0
1.3000869751 1.0
1.31135106087 -1.0
1.3197259903 -1.0
1.32033205032 -1.0
1.32192611694 -1.0
1.34002113342 -1.0
1.35457992554 -1.0
1.35966300964 -1.0
1.35967206955 1.0
1.36418104172 -1.0
1.37931108475 -1.0
1.43093395233 -1.0
1.46032190323 -1.0
1.47995209694 -1.0
1.48445391655 -1.0
1.5044400692 -1.0
1.51151895523 -1.0
1.52449703217 -1.0
1.52452611923 1.0
1.52809000015 -1.0
1.54405498505 -1.0
1.55982303619 -1.0
1.56010103226 -1.0
1.56095790863 -1.0
1.56367707253 -1.0
1.56369900703 1.0
1.58019113541 -1.0
1.63766908646 -1.0
1.66874504089 -1.0
1.68868708611 -1.0
1.69016194344 -1.0
1.74976801872 -1.0
1.76314091682 -1.0
1.79053497314 -1.0
1.79056596756 1.0
1.81742310524 -1.0
1.83684802055 -1.0
1.86238193512 -1.0
1.87698602676 -1.0
1.8770070076 1.0
1.88809800148 -1.0
1.89647197723 -1.0
1.91617894173 -1.0
1.91665697098 -1.0
1.95297598839 1.0
1.97271609306 -1.0
1.99224495888 -1.0
2.01443099976 -1.0
2.02327013016 -1.0
2.03454303741 -1.0
2.0679910183 1.0
2.08480191231 -1.0
2.11157011986 -1.0
2.13130903244 -1.0
2.16995811462 -1.0
2.18859410286 -1.0
2.20814394951 -1.0
2.20822310448 1.0
2.28886604309 -1.0
4.24815106392 -1.0
4.26775598526 -1.0
5.24786901474 -1.0
5.24787712097 1.0
5.26771497726 -1.0
7.24887704849 -1.0
7.26844191551 -1.0
8.24982595444 -1.0
11.8862369061 1.0
11.9060709476 -1.0
11.9060900211 -1.0
11.9060931206 -1.0
11.9256339073 -1.0
11.926582098 -1.0
11.9818909168 -1.0
12.0423491001 -1.0
12.0942840576 -1.0
12.1329739094 1.0
12.1526269913 -1.0
12.1792120934 -1.0
12.1986711025 -1.0
15.7295019627 -1.0
15.7620279789 -1.0
15.7620360851 1.0
15.9024159908 -1.0
15.9220631123 -1.0
15.9856491089 -1.0
16.005161047 -1.0
16.8313241005 -1.0
16.8314640522 1.0
16.8509509563 -1.0
17.1730611324 -1.0
18.1731879711 -1.0
18.1930909157 -1.0
