0.0 -1.0
1.90734863281e-05 1.0
0.019700050354 -1.0
0.0760600566864 -1.0
0.191161155701 -1.0
0.251559019089 -1.0
0.307435035706 -1.0
0.324060201645 -1.0
0.445669174194 -1.0
0.445690155029 1.0
0.456420183182 -1.0
0.460032224655 -1.0
0.465660095215 -1.0
0.465786218643 -1.0
0.480574131012 -1.0
0.485953092575 -1.0
0.496143102646 1.0
0.504974126816 -1.0
0.505434989929 -1.0
0.517160177231 -1.0
0.522557020187 -1.0
0.530553102493 -1.0
0.530578136444 1.0
0.536855220795 -1.0
0.572658061981 -1.0
0.594049215317 -1.0
0.719150066376 -1.0
0.738921165466 -1.0
0.739396095276 1.0
0.745767116547 -1.0
0.758835077286 -1.0
0.768489122391 -1.0
0.778303146362 -1.0
0.779395103455 -1.0
0.779888153076 -1.0
0.779895067215 1.0
0.784526109695 -1.0
0.7881731987 -1.0
0.792631149292 -1.0
0.796037197113 -1.0
0.798012018204 -1.0
0.799749135971 -1.0
0.799773216248 1.0
0.835890054703 -1.0
0.866358995438 -1.0
0.870803117752 -1.0
0.876529216766 -1.0
0.881108045578 -1.0
0.889041185379 -1.0
0.889067173004 1.0
0.891206026077 -1.0
0.892933130264 -1.0
0.896242141724 -1.0
0.897639036179 -1.0
0.899030208588 -1.0
0.900231122971 -1.0
0.902867078781 -1.0
0.909446001053 -1.0
0.909555196762 1.0
0.911015033722 -1.0
0.913458108902 -1.0
0.914757013321 -1.0
0.915566205978 -1.0
0.935425043106 -1.0
0.955359220505 -1.0
0.955377101898 1.0
0.974973201752 -1.0
1.01463699341 -1.0
1.03418207169 -1.0
1.06556010246 -1.0
1.11933612823 -1.0
1.11935520172 1.0
1.14004802704 -1.0
1.1627972126 -1.0
1.16854810715 -1.0
1.17615818977 -1.0
1.18465399742 -1.0
1.18824005127 -1.0
1.20346999168 -1.0
1.20349001884 1.0
1.20388412476 -1.0
1.20479416847 -1.0
1.20972108841 -1.0
1.21505618095 -1.0
1.22305703163 -1.0
1.24206709862 -1.0
1.24302411079 -1.0
1.26212000847 -1.0
1.26213002205 1.0
1.26285409927 -1.0
1.26357412338 -1.0
1.26456809044 -1.0
1.26563119888 -1.0
1.2690141201 -1.0
1.28173112869 -1.0
1.29602408409 -1.0
1.29685211182 -1.0
1.29687404633 1.0
1.29890108109 -1.0
1.30077505112 -1.0
1.30123806 -1.0
1.30388712883 -1.0
1.30429506302 -1.0
1.32367515564 -1.0
1.32368421555 1.0
1.32508301735 -1.0
1.32522320747 -1.0
1.32577419281 -1.0
1.3306350708 -1.0
1.33303308487 -1.0
1.33316421509 -1.0
1.33596920967 -1.0
1.33764815331 -1.0
1.34193706512 -1.0
1.34195804596 1.0
1.34318304062 -1.0
1.34938812256 -1.0
1.35292005539 -1.0
1.35337209702 -1.0
1.35478711128 -1.0
1.35615420341 -1.0
1.35698699951 -1.0
1.35716605186 -1.0
1.35717201233 1.0
1.35734200478 -1.0
1.36905002594 -1.0
1.37626504898 -1.0
1.39601707458 -1.0
1.41237616539 -1.0
1.41663002968 -1.0
1.42128610611 -1.0
1.43648004532 -1.0
1.43648600578 1.0
1.46759605408 -1.0
1.51973819733 -1.0
1.55536222458 -1.0
1.60567307472 -1.0
1.60572314262 1.0
1.60584402084 -1.0
1.61174702644 -1.0
1.61446499825 -1.0
1.66421699524 -1.0
1.67075419426 -1.0
1.67079305649 1.0
1.69043207169 -1.0
1.7106461525 -1.0
1.73841714859 -1.0
1.78483510017 -1.0
1.84390521049 -1.0
1.84391713142 1.0
1.84437608719 -1.0
1.89990210533 -1.0
1.90262508392 -1.0
1.9424932003 -1.0
1.95860099792 -1.0
1.95883512497 1.0
1.97860121727 -1.0
1.9938390255 -1.0
2.03650212288 -1.0
2.05198907852 -1.0
2.0573182106 -1.0
2.09503102303 1.0
2.11175704002 -1.0
2.15160322189 -1.0
2.16951417923 -1.0
2.17040920258 -1.0
2.20763802528 -1.0
2.22295403481 -1.0
2.22299718857 1.0
2.24328422546 -1.0
2.27833199501 -1.0
2.33451509476 -1.0
2.34973716736 -1.0
2.37020015717 -1.0
2.3705060482 1.0
2.39607000351 -1.0
2.4021821022 -1.0
2.42272520065 -1.0
2.49420809746 -1.0
5.12501716614 -1.0
5.1250371933 1.0
5.18381309509 -1.0
7.10312414169 -1.0
8.1028380394 -1.0
8.10314822197 -1.0
8.12242221832 -1.0
14.7951231003 -1.0
14.8346970081 1.0
