0.0 -1.0
0.192072868347 1.0
0.211853027344 -1.0
0.387583971024 -1.0
0.40771484375 -1.0
0.612845897675 -1.0
0.696991920471 -1.0
0.703170061111 -1.0
0.707629919052 -1.0
0.707640886307 1.0
0.713021993637 -1.0
0.716651916504 -1.0
0.736283063889 -1.0
0.739384889603 1.0
0.750205993652 -1.0
0.755333900452 -1.0
0.755931854248 -1.0
0.757641077042 -1.0
0.759006977081 -1.0
0.761318922043 -1.0
0.769757986069 -1.0
0.769778013229 1.0
0.777250051498 -1.0
0.835788965225 -1.0
0.949229001999 -1.0
0.951133012772 -1.0
0.95195889473 -1.0
0.952412843704 -1.0
0.970998048782 -1.0
0.991059064865 1.0
0.99210691452 -1.0
1.00854992867 -1.0
1.02851390839 -1.0
1.05333805084 -1.0
1.0972340107 -1.0
1.09745788574 1.0
1.11740493774 -1.0
1.17589402199 -1.0
1.23190188408 -1.0
1.27777290344 -1.0
1.31573486328 -1.0
1.3163049221 1.0
1.33608102798 -1.0
1.35913705826 -1.0
1.36677885056 -1.0
1.36887598038 -1.0
1.36932992935 -1.0
1.37360191345 -1.0
1.37371301651 -1.0
1.37432599068 -1.0
1.37630391121 -1.0
1.37884688377 -1.0
1.37886595726 1.0
1.37925195694 -1.0
1.37927389145 -1.0
1.38865494728 -1.0
1.39909291267 -1.0
1.42079401016 -1.0
1.42284488678 -1.0
1.42332601547 -1.0
1.42582297325 -1.0
1.42583990097 1.0
1.42671394348 -1.0
1.42781090736 -1.0
1.43128085136 -1.0
1.43247890472 -1.0
1.44054794312 -1.0
1.45572805405 -1.0
1.45573687553 1.0
1.45866298676 -1.0
1.45889306068 -1.0
1.46072793007 -1.0
1.46179795265 -1.0
1.46717405319 -1.0
1.47122907639 -1.0
1.47419190407 -1.0
1.47434687614 1.0
1.47519302368 -1.0
1.47688603401 -1.0
1.4776558876 -1.0
1.48000597954 -1.0
1.48002886772 1.0
1.48227190971 -1.0
1.49432206154 -1.0
1.49454402924 -1.0
1.49639892578 -1.0
1.55168294907 -1.0
1.55582094193 -1.0
1.57119488716 -1.0
1.57120299339 1.0
1.62792396545 -1.0
1.67074394226 -1.0
1.7042798996 -1.0
1.70521903038 -1.0
1.70862293243 -1.0
1.7102189064 -1.0
1.71318387985 -1.0
1.71328401566 1.0
1.71649289131 -1.0
1.71942901611 -1.0
1.71961188316 -1.0
1.7219748497 -1.0
1.7238919735 -1.0
1.72516989708 -1.0
1.72846102715 -1.0
1.72846698761 1.0
1.73369789124 -1.0
1.73423790932 -1.0
1.73558688164 -1.0
1.73604202271 -1.0
1.73678207397 -1.0
1.73702788353 -1.0
1.73703503609 1.0
1.73913788795 -1.0
1.74085497856 -1.0
1.74141907692 -1.0
1.74159502983 -1.0
1.74324393272 -1.0
1.74353098869 -1.0
1.74592804909 -1.0
1.74806499481 -1.0
1.74807095528 1.0
1.74834084511 -1.0
1.75391197205 -1.0
1.75523304939 -1.0
1.75570201874 -1.0
1.75662994385 -1.0
1.75665402412 1.0
1.75843286514 -1.0
1.75876784325 -1.0
1.76013088226 -1.0
1.7603058815 -1.0
1.76536798477 -1.0
1.78678607941 -1.0
1.79225707054 -1.0
1.7923078537 1.0
1.80656099319 -1.0
1.81289386749 -1.0
1.8262219429 -1.0
1.8443210125 -1.0
1.84565997124 -1.0
1.85060286522 -1.0
1.86518192291 -1.0
1.86520195007 1.0
1.89423584938 -1.0
1.91408705711 -1.0
1.93680906296 -1.0
1.95666503906 -1.0
1.95667386055 1.0
2.01569890976 -1.0
2.02677607536 -1.0
2.07180786133 -1.0
2.0837469101 -1.0
2.12790989876 -1.0
2.12792086601 1.0
2.13581800461 -1.0
2.18391704559 -1.0
2.19193100929 -1.0
2.20384502411 -1.0
2.22391200066 -1.0
2.25876903534 -1.0
2.25895905495 1.0
2.31208205223 -1.0
2.35869789124 -1.0
2.38303685188 -1.0
2.40263986588 -1.0
2.45586585999 -1.0
2.46018505096 -1.0
2.46023988724 1.0
2.46882295609 -1.0
2.47074890137 -1.0
2.47881507874 -1.0
2.47988390923 -1.0
2.50521707535 -1.0
2.51142406464 -1.0
2.52519106865 -1.0
2.52521705627 1.0
2.56184887886 -1.0
2.59632706642 -1.0
2.67011094093 -1.0
2.70154094696 -1.0
5.01859903336 1.0
5.07600688934 -1.0
8.04039001465 -1.0
8.04069590569 -1.0
8.06034302711 -1.0
14.8732919693 -1.0
14.9287128448 -1.0
14.9287259579 1.0
