0.0 -1.0
0.0127749443054 -1.0
0.0128049850464 1.0
0.0324649810791 -1.0
0.0889899730682 -1.0
0.151151895523 -1.0
0.156553983688 -1.0
0.193368911743 1.0
0.207139015198 -1.0
0.215464830399 -1.0
0.228551864624 -1.0
0.236317873001 -1.0
0.24847984314 -1.0
0.248877048492 -1.0
0.268108844757 -1.0
0.268508911133 1.0
0.32736492157 -1.0
0.401478052139 -1.0
0.459075927734 -1.0
0.579082012177 -1.0
0.587219953537 -1.0
0.674629926682 -1.0
0.764658927917 -1.0
0.764734983444 1.0
0.768985033035 -1.0
0.784528970718 -1.0
0.786123991013 -1.0
0.793064832687 -1.0
0.794551849365 1.0
0.80423283577 -1.0
0.815698862076 -1.0
0.848304986954 -1.0
0.848531961441 -1.0
0.867910861969 -1.0
0.87682890892 -1.0
0.88768696785 -1.0
0.887694835663 1.0
0.943745851517 -1.0
1.00326085091 -1.0
1.06588888168 -1.0
1.08576583862 -1.0
1.09507989883 -1.0
1.09510803223 1.0
1.12109303474 -1.0
1.13218092918 -1.0
1.13438487053 -1.0
1.13497304916 -1.0
1.1410908699 -1.0
1.15246486664 -1.0
1.15258383751 1.0
1.16003489494 -1.0
1.17217683792 -1.0
1.17592597008 -1.0
1.17611289024 -1.0
1.18916797638 -1.0
1.19580793381 -1.0
1.19592189789 1.0
1.20211791992 -1.0
1.21549105644 -1.0
1.2195649147 -1.0
1.23743605614 -1.0
1.23918294907 -1.0
1.2393758297 -1.0
1.23973798752 -1.0
1.23974394798 1.0
1.24196791649 -1.0
1.25920391083 -1.0
1.27350997925 -1.0
1.27358794212 -1.0
1.27403187752 -1.0
1.28475189209 -1.0
1.29355692863 -1.0
1.30193591118 -1.0
1.30194401741 1.0
1.30259394646 -1.0
1.32151293755 -1.0
1.32303285599 -1.0
1.32304787636 1.0
1.3428850174 -1.0
1.39907503128 -1.0
1.4294860363 -1.0
1.44954991341 -1.0
1.50540590286 -1.0
1.5253880024 -1.0
1.5540368557 1.0
1.5736310482 -1.0
1.60984683037 -1.0
1.62119483948 -1.0
1.62155604362 -1.0
1.62156295776 1.0
1.62232089043 -1.0
1.62413787842 -1.0
1.62491488457 -1.0
1.62937498093 -1.0
1.64739084244 -1.0
1.64884185791 -1.0
1.64884901047 1.0
1.64919996262 -1.0
1.64921188354 -1.0
1.6506319046 -1.0
1.65112400055 -1.0
1.65277099609 -1.0
1.67023897171 -1.0
1.67981100082 -1.0
1.67981886864 1.0
1.69956994057 -1.0
1.70707798004 -1.0
1.70810294151 -1.0
1.70852684975 -1.0
1.71974396706 -1.0
1.71984195709 -1.0
1.72011590004 1.0
1.72624588013 -1.0
1.72662496567 -1.0
1.73475503922 -1.0
1.73523783684 -1.0
1.75241589546 -1.0
1.75442886353 -1.0
1.75653290749 -1.0
1.75654006004 1.0
1.7638759613 -1.0
1.77603983879 -1.0
1.79252696037 -1.0
1.79565501213 -1.0
1.85551095009 -1.0
1.85894298553 -1.0
1.89737391472 1.0
1.91521191597 -1.0
1.91681289673 -1.0
1.93684387207 -1.0
1.99517393112 -1.0
1.99756288528 -1.0
2.02006697655 -1.0
2.03179383278 -1.0
2.03992700577 -1.0
2.03995394707 1.0
2.04529190063 -1.0
2.05735898018 -1.0
2.05946087837 -1.0
2.07629394531 -1.0
2.09524798393 -1.0
2.09597086906 -1.0
2.09597992897 1.0
2.10876584053 -1.0
2.11545205116 -1.0
2.12232589722 -1.0
2.1328098774 -1.0
2.14189505577 -1.0
2.16155695915 -1.0
2.18573594093 -1.0
2.18577384949 1.0
2.2053809166 -1.0
2.24537587166 -1.0
2.27741885185 -1.0
2.36197805405 -1.0
2.36222290993 1.0
2.40133094788 -1.0
2.4611518383 -1.0
2.47519087791 -1.0
2.49474287033 -1.0
2.54005599022 -1.0
2.54007792473 1.0
2.56007599831 -1.0
2.61916899681 -1.0
2.68063092232 -1.0
2.7755188942 -1.0
2.83204603195 -1.0
2.8744199276 -1.0
2.9046330452 -1.0
2.90468597412 1.0
2.9145720005 -1.0
2.92443203926 -1.0
2.9348218441 -1.0
2.95464897156 -1.0
3.01358699799 -1.0
3.01359605789 1.0
3.22329092026 -1.0
3.32466602325 -1.0
3.40015602112 -1.0
3.40085601807 -1.0
3.40801882744 -1.0
3.40802502632 1.0
3.42105102539 -1.0
3.42788100243 -1.0
3.44066286087 -1.0
3.50975704193 -1.0
3.63501501083 -1.0
3.63502693176 1.0
5.2306368351 -1.0
7.2324090004 -1.0
8.23267889023 -1.0
8.25223898888 -1.0
9.21381282806 1.0
9.23340201378 -1.0
9.23350691795 -1.0
9.25323700905 -1.0
15.3362679482 -1.0
26.5033040047 -1.0
26.890365839 -1.0
26.8903889656 1.0
26.9100759029 -1.0
