0.0 -1.0
1.4066696167e-05 1.0
0.0571339130402 -1.0
0.100080013275 -1.0
0.100116968155 -1.0
0.100181102753 -1.0
0.100872039795 -1.0
0.120567083359 -1.0
0.140800952911 -1.0
0.289577007294 -1.0
0.309607982635 -1.0
0.309911966324 1.0
0.369113922119 -1.0
0.394648075104 -1.0
0.509797096252 -1.0
0.652816057205 -1.0
0.652894973755 -1.0
0.653039932251 -1.0
0.653054952621 1.0
0.673759937286 -1.0
0.673866987228 -1.0
0.67401099205 -1.0
0.704133033752 -1.0
0.704153060913 1.0
0.737055063248 -1.0
0.737083911896 -1.0
0.737143993378 -1.0
0.738788127899 -1.0
0.73917889595 -1.0
0.739520072937 -1.0
0.740006923676 -1.0
0.758023023605 -1.0
0.75803899765 1.0
0.758306026459 -1.0
0.826565980911 -1.0
0.885147094727 -1.0
0.909655094147 -1.0
0.953581094742 -1.0
0.953618049622 1.0
0.954092979431 -1.0
1.01311612129 -1.0
1.04172897339 -1.0
1.05653810501 -1.0
1.05703806877 -1.0
1.06109309196 -1.0
1.06154608727 -1.0
1.08286809921 -1.0
1.08288311958 1.0
1.1004319191 -1.0
1.10057497025 -1.0
1.10261702538 -1.0
1.1216571331 -1.0
1.1231200695 -1.0
1.13944911957 -1.0
1.14258098602 -1.0
1.1427090168 -1.0
1.14271497726 1.0
1.14495396614 -1.0
1.15599107742 -1.0
1.15678191185 -1.0
1.15734410286 -1.0
1.15784907341 -1.0
1.15786910057 1.0
1.15955996513 -1.0
1.16235494614 -1.0
1.16371893883 -1.0
1.18334197998 -1.0
1.21473193169 -1.0
1.21494793892 -1.0
1.23223090172 -1.0
1.23251008987 -1.0
1.23251605034 1.0
1.23271012306 -1.0
1.2330019474 -1.0
1.23450112343 -1.0
1.23531103134 -1.0
1.23533201218 1.0
1.25289297104 -1.0
1.25482392311 -1.0
1.30909109116 -1.0
1.32884407043 -1.0
1.3593120575 -1.0
1.35961198807 1.0
1.41719889641 -1.0
1.44820213318 -1.0
1.49823498726 -1.0
1.53516411781 -1.0
1.58357596397 -1.0
1.5859439373 -1.0
1.59794306755 -1.0
1.59795212746 1.0
1.59824109077 -1.0
1.5985159874 -1.0
1.59907007217 -1.0
1.60245394707 -1.0
1.6031730175 -1.0
1.60433101654 -1.0
1.60435009003 1.0
1.61101007462 -1.0
1.61832308769 -1.0
1.61873912811 -1.0
1.61934399605 -1.0
1.62047696114 -1.0
1.62084197998 -1.0
1.62086105347 1.0
1.62305903435 -1.0
1.64160490036 -1.0
1.66124010086 -1.0
1.68285512924 -1.0
1.68305492401 -1.0
1.70301699638 -1.0
1.70358800888 -1.0
1.70360898972 1.0
1.71277689934 -1.0
1.71559691429 -1.0
1.71832299232 -1.0
1.72084999084 -1.0
1.72185397148 -1.0
1.72193908691 1.0
1.72313904762 -1.0
1.72444200516 -1.0
1.74263691902 -1.0
1.76533102989 -1.0
1.78484201431 -1.0
1.793405056 -1.0
1.81290197372 -1.0
1.82660198212 -1.0
1.82661294937 1.0
1.84646892548 -1.0
1.8876490593 -1.0
1.97340393066 -1.0
1.99412608147 -1.0
1.99431490898 1.0
2.05354094505 -1.0
2.057254076 -1.0
2.06128811836 -1.0
2.06129813194 -1.0
2.07721090317 -1.0
2.079185009 -1.0
2.0969440937 -1.0
2.09734892845 1.0
2.09921312332 -1.0
2.10142302513 -1.0
2.11696004868 -1.0
2.14304804802 -1.0
2.16269803047 -1.0
2.16939997673 -1.0
2.18883895874 -1.0
2.24525690079 -1.0
2.24526810646 1.0
2.30135607719 -1.0
2.37052893639 -1.0
2.42921710014 -1.0
2.47183799744 -1.0
2.52943706512 -1.0
2.53684091568 -1.0
2.57752108574 -1.0
2.57755112648 1.0
2.59725403786 -1.0
2.63801908493 -1.0
2.65470790863 -1.0
2.6971590519 -1.0
2.6971681118 1.0
2.73355197906 -1.0
2.79337406158 -1.0
2.81819105148 -1.0
2.84138298035 -1.0
2.89758706093 -1.0
2.89759802818 1.0
2.90299606323 -1.0
2.95338511467 -1.0
2.96411299706 -1.0
2.99942612648 -1.0
3.01965808868 -1.0
3.08462309837 -1.0
3.1271340847 1.0
3.20852804184 -1.0
3.29782295227 -1.0
3.31917309761 -1.0
3.38448596001 -1.0
3.47037601471 -1.0
3.47046303749 1.0
3.49133896828 -1.0
5.16602706909 -1.0
8.12952804565 -1.0
8.12954092026 1.0
8.1298699379 -1.0
8.1491150856 -1.0
9.13078808784 -1.0
9.15061712265 -1.0
15.3985800743 -1.0
