0.00221514701843 -1.0
0.00222396850586 1.0
0.0107731819153 -1.0
0.0387091636658 -1.0
0.0583531856537 -1.0
0.0831160545349 -1.0
0.141411066055 -1.0
0.152259111404 -1.0
0.173326015472 -1.0
0.193062067032 -1.0
0.248872041702 -1.0
0.277538061142 -1.0
0.277547121048 1.0
0.297203063965 -1.0
0.316882133484 -1.0
0.365076065063 -1.0
0.42141699791 -1.0
0.425805091858 -1.0
0.441841125488 -1.0
0.484862089157 -1.0
0.505331993103 -1.0
0.561285972595 -1.0
0.574871063232 -1.0
0.63330411911 -1.0
0.686414003372 -1.0
0.686784982681 1.0
0.706560134888 -1.0
0.765588998795 -1.0
0.881180047989 -1.0
0.905862092972 -1.0
0.926246166229 -1.0
0.94587802887 -1.0
0.965948104858 -1.0
0.986011981964 -1.0
0.986402988434 1.0
1.03017902374 -1.0
1.04359197617 -1.0
1.05059218407 -1.0
1.11353707314 -1.0
1.13524198532 -1.0
1.16852617264 -1.0
1.18105196953 -1.0
1.20088911057 -1.0
1.25041007996 -1.0
1.25045514107 1.0
1.25797009468 -1.0
1.258852005 -1.0
1.27896308899 -1.0
1.32740902901 -1.0
1.38547611237 -1.0
1.42219114304 -1.0
1.51764702797 -1.0
1.56682705879 -1.0
1.5669260025 1.0
1.59170913696 -1.0
1.91932296753 -1.0
1.97768807411 -1.0
1.99768400192 -1.0
2.1341240406 -1.0
2.15432810783 -1.0
2.21368813515 -1.0
2.23347115517 -1.0
2.24338912964 -1.0
2.40347599983 -1.0
2.40349817276 1.0
2.4922940731 -1.0
2.51558804512 -1.0
2.53598403931 -1.0
2.54242610931 -1.0
2.55603599548 -1.0
2.61283612251 -1.0
2.66953706741 -1.0
2.69746804237 -1.0
2.73716211319 1.0
2.83292007446 -1.0
3.12605118752 -1.0
3.14736008644 -1.0
3.14745116234 -1.0
3.16708016396 -1.0
3.1862411499 -1.0
3.52674818039 -1.0
3.58042502403 -1.0
3.58087205887 1.0
3.63786411285 -1.0
3.71098303795 -1.0
3.73252606392 -1.0
3.84307312965 -1.0
4.00724411011 -1.0
4.17612409592 -1.0
4.30102396011 -1.0
4.3206641674 -1.0
4.34103798866 -1.0
4.36560511589 -1.0
4.36561918259 1.0
4.38520503044 -1.0
4.89019012451 -1.0
4.94990897179 -1.0
4.97038197517 -1.0
4.9899699688 -1.0
5.05953907967 -1.0
5.07933616638 -1.0
5.13699197769 -1.0
5.15718507767 -1.0
5.20157814026 1.0
5.21411418915 -1.0
5.22136211395 -1.0
5.22307610512 -1.0
5.2343981266 -1.0
5.24090719223 -1.0
5.25517201424 -1.0
5.29442811012 -1.0
5.46544003487 -1.0
5.52179098129 -1.0
5.63143014908 -1.0
5.63172411919 1.0
5.68964600563 -1.0
5.83520698547 -1.0
5.89457607269 -1.0
5.90430212021 -1.0
5.9608271122 -1.0
5.98914217949 -1.0
6.00914001465 -1.0
6.05816602707 -1.0
6.06874108315 -1.0
6.17083096504 -1.0
6.23566317558 1.0
6.25531315804 -1.0
6.27578997612 -1.0
6.33447003365 -1.0
6.4165520668 -1.0
6.43350601196 -1.0
6.43640017509 -1.0
6.49963998795 -1.0
6.51914095879 -1.0
7.06377601624 -1.0
7.08341097832 -1.0
7.08365702629 -1.0
7.12117218971 1.0
7.14138817787 -1.0
7.72184300423 -1.0
8.05509114265 -1.0
11.25704813 -1.0
11.2766649723 -1.0
11.851580143 -1.0
12.017359972 -1.0
12.0371820927 -1.0
13.6014859676 -1.0
13.6015081406 1.0
15.3806300163 -1.0
15.4900231361 -1.0
15.5179560184 -1.0
30.7425940037 -1.0
30.7623941898 -1.0
