0.0244219303131 -1.0
0.0244319438934 1.0
0.0840880870819 -1.0
0.0980060100555 -1.0
0.128721952438 -1.0
0.148261070251 -1.0
0.149010896683 -1.0
0.192388057709 -1.0
0.25091791153 -1.0
0.270477056503 -1.0
0.290199995041 -1.0
0.317749977112 -1.0
0.355369091034 1.0
0.37501502037 -1.0
0.432337999344 -1.0
0.466799974442 -1.0
0.523113965988 -1.0
0.54354596138 -1.0
0.732826948166 -1.0
0.79211807251 -1.0
0.964603900909 -1.0
1.06548094749 -1.0
1.08792901039 -1.0
1.09315299988 -1.0
1.0935280323 1.0
1.11329293251 -1.0
1.17229104042 -1.0
1.25874090195 -1.0
1.25916004181 -1.0
1.31612706184 -1.0
1.32591700554 -1.0
1.38293099403 -1.0
1.4029378891 -1.0
1.41514992714 -1.0
1.47210502625 -1.0
1.47894787788 -1.0
1.49869894981 -1.0
1.53537988663 1.0
1.71019887924 -1.0
1.76847505569 -1.0
1.92039489746 -1.0
2.12103891373 -1.0
2.25770998001 -1.0
2.2755510807 -1.0
2.30815887451 -1.0
2.49149298668 -1.0
2.67488598824 -1.0
2.71139407158 1.0
2.79409503937 -1.0
2.85626292229 -1.0
2.87581110001 -1.0
3.49259996414 -1.0
3.53550100327 -1.0
3.55103492737 -1.0
3.55601501465 -1.0
3.57567596436 -1.0
3.63835787773 -1.0
3.69560098648 -1.0
3.70653009415 -1.0
3.70653796196 1.0
3.71196508408 -1.0
3.71527910233 -1.0
3.73190689087 -1.0
3.75144696236 -1.0
3.80633091927 -1.0
3.81595110893 -1.0
3.86436200142 -1.0
3.87489199638 -1.0
3.89446496964 -1.0
3.92322087288 -1.0
3.92322897911 1.0
3.98045396805 -1.0
4.11079406738 -1.0
4.16854691505 -1.0
4.31869506836 -1.0
4.37638497353 -1.0
4.49741888046 -1.0
4.55501103401 -1.0
4.57701301575 -1.0
4.71027803421 -1.0
4.82183694839 -1.0
4.95023989677 -1.0
4.987377882 1.0
5.06032991409 -1.0
5.1248819828 -1.0
5.13985991478 -1.0
5.15961909294 -1.0
5.24698996544 -1.0
5.26657795906 -1.0
5.28874993324 -1.0
5.33727192879 -1.0
5.33728003502 1.0
5.33940005302 -1.0
5.3743429184 -1.0
5.39432096481 -1.0
5.51986098289 -1.0
5.63839793205 -1.0
5.69646906853 -1.0
5.74785399437 -1.0
5.82591104507 -1.0
6.25844597816 -1.0
6.31791400909 1.0
6.33763289452 -1.0
6.5613629818 -1.0
10.337649107 -1.0
10.3572499752 -1.0
10.6217839718 -1.0
10.8350720406 -1.0
11.0178050995 -1.0
11.3426599503 -1.0
11.5276629925 -1.0
15.1181879044 -1.0
15.1182069778 1.0
15.2147800922 -1.0
15.428757906 -1.0
32.2572009563 -1.0
