0.0105860233307 -1.0
0.0467998981476 1.0
0.049947977066 -1.0
0.0674819946289 -1.0
0.105232954025 -1.0
0.125231981277 -1.0
0.182533025742 -1.0
0.202131986618 -1.0
0.259145975113 -1.0
0.302088975906 -1.0
0.318461894989 -1.0
0.354784965515 1.0
0.358253955841 -1.0
0.438434839249 -1.0
0.528846025467 -1.0
0.529724836349 -1.0
0.565354824066 -1.0
0.622349977493 -1.0
0.67715382576 -1.0
0.733932971954 -1.0
0.744372844696 -1.0
0.787171840668 -1.0
0.806551933289 -1.0
0.856741905212 -1.0
0.922439813614 -1.0
0.922472000122 1.0
0.926182031631 -1.0
0.926195859909 -1.0
0.942047834396 -1.0
0.981933832169 -1.0
0.998637914658 -1.0
1.03805303574 -1.0
1.09391188622 -1.0
1.11339998245 -1.0
1.16619181633 -1.0
1.17035889626 -1.0
1.17038488388 1.0
1.23463988304 -1.0
1.26236891747 -1.0
1.28199481964 -1.0
1.44339084625 -1.0
1.46304392815 -1.0
1.52208089828 -1.0
1.54175281525 -1.0
2.0159778595 -1.0
2.07866001129 -1.0
2.07948994637 1.0
2.0991358757 -1.0
2.11863899231 -1.0
2.18259000778 -1.0
2.20261693001 -1.0
2.29773592949 -1.0
2.29775500298 -1.0
2.31730294228 -1.0
2.3178358078 -1.0
2.34708786011 -1.0
2.34850382805 -1.0
2.35082983971 -1.0
2.35083794594 1.0
2.41015386581 -1.0
2.4299249649 -1.0
2.60207796097 -1.0
2.65877890587 -1.0
2.83467698097 -1.0
2.89417695999 -1.0
3.02026987076 -1.0
3.03912401199 -1.0
3.05879998207 -1.0
3.09819793701 -1.0
3.17439293861 -1.0
3.17440390587 -1.0
3.19394993782 -1.0
3.20643186569 -1.0
3.20645403862 1.0
3.21379303932 -1.0
3.32674694061 -1.0
3.34184002876 -1.0
3.34644389153 -1.0
3.36833786964 -1.0
3.37378191948 -1.0
3.38807892799 -1.0
3.44607782364 -1.0
3.65136384964 -1.0
3.85677886009 -1.0
3.85679888725 1.0
4.06037902832 -1.0
4.30369901657 -1.0
5.00631189346 -1.0
5.00676393509 -1.0
5.02583885193 -1.0
6.00735402107 -1.0
6.00736284256 1.0
6.00744485855 -1.0
6.00768303871 -1.0
6.0269048214 -1.0
8.10950899124 -1.0
9.00847697258 -1.0
9.02809596062 -1.0
9.1555249691 -1.0
9.32106184959 -1.0
9.34063386917 -1.0
15.9207048416 -1.0
15.9872839451 -1.0
21.0489208698 1.0
21.1187288761 -1.0
21.136318922 -1.0
21.8205029964 -1.0
