0.00744795799255 -1.0
0.00746011734009 1.0
0.0646190643311 -1.0
0.124279975891 -1.0
0.128675937653 -1.0
0.180690050125 -1.0
0.240240097046 -1.0
0.253195047379 -1.0
0.301867961884 -1.0
0.360415935516 -1.0
0.393582105637 -1.0
0.393597126007 1.0
0.44512796402 -1.0
0.560869932175 -1.0
0.612591981888 -1.0
0.618313074112 -1.0
0.638222932816 -1.0
0.698487043381 -1.0
0.756294965744 -1.0
0.783143043518 -1.0
0.840366125107 -1.0
0.856719970703 -1.0
0.95636510849 -1.0
0.959149122238 1.0
1.00558900833 -1.0
1.05277705193 -1.0
1.07563710213 -1.0
1.17684912682 -1.0
1.2331829071 -1.0
1.23539590836 -1.0
1.2735490799 -1.0
1.29323005676 -1.0
1.29333496094 1.0
1.3526930809 -1.0
1.36050105095 -1.0
1.66310191154 -1.0
2.01911211014 -1.0
2.21971893311 -1.0
2.32520508766 -1.0
2.34764909744 -1.0
2.36732006073 -1.0
4.02893996239 -1.0
4.21752691269 -1.0
4.21754908562 1.0
4.23798894882 -1.0
4.2567961216 -1.0
4.27695798874 -1.0
4.31128692627 -1.0
4.33100795746 -1.0
4.37629508972 -1.0
4.40679097176 -1.0
4.42032909393 -1.0
4.42657113075 -1.0
4.44946408272 -1.0
4.46944308281 -1.0
4.46996307373 1.0
4.52858805656 -1.0
4.5492310524 -1.0
4.58679008484 -1.0
4.64447307587 -1.0
5.31471204758 -1.0
5.33474993706 -1.0
5.35507202148 -1.0
5.36464810371 -1.0
5.42056393623 -1.0
5.43075704575 -1.0
5.45982408524 -1.0
5.47941207886 -1.0
5.48141002655 -1.0
5.51859712601 1.0
5.53826498985 -1.0
5.55781292915 -1.0
5.57753491402 -1.0
5.68662405014 -1.0
5.71894907951 -1.0
5.95327496529 -1.0
6.22462010384 -1.0
6.23289299011 -1.0
6.24431014061 -1.0
6.24431800842 1.0
6.26747107506 -1.0
6.34445500374 -1.0
6.36402392387 -1.0
6.38360691071 -1.0
6.45768404007 -1.0
6.47757005692 -1.0
6.56869292259 -1.0
6.65150713921 -1.0
7.06313991547 -1.0
7.27944898605 -1.0
7.27947306633 1.0
11.0896470547 -1.0
11.2767419815 -1.0
11.3653941154 -1.0
11.3849270344 -1.0
12.1440639496 -1.0
12.454210043 -1.0
12.4751479626 -1.0
15.9137020111 -1.0
16.0114979744 -1.0
16.0115249157 1.0
