0.0460641384125 -1.0
0.0460810661316 1.0
0.0472369194031 -1.0
0.0473699569702 -1.0
0.0669739246368 -1.0
0.126023054123 -1.0
0.143681049347 -1.0
0.16507101059 -1.0
0.233768939972 -1.0
0.233788967133 -1.0
0.294053077698 -1.0
0.331948041916 -1.0
0.394560098648 1.0
0.434091091156 -1.0
0.455778121948 -1.0
0.514119148254 -1.0
0.533470153809 -1.0
0.63340306282 -1.0
0.726876974106 -1.0
0.734188079834 -1.0
0.794034004211 -1.0
0.813648939133 -1.0
0.933654069901 -1.0
0.934034109116 1.0
0.953612089157 -1.0
1.03367900848 -1.0
1.03369998932 -1.0
1.03376102448 -1.0
1.14389014244 -1.0
1.16356706619 -1.0
1.16634106636 -1.0
1.18604397774 -1.0
1.23420214653 -1.0
1.25386810303 -1.0
1.31422615051 -1.0
1.43359303474 -1.0
1.53328299522 -1.0
1.53334498405 1.0
1.55285596848 -1.0
1.63161492348 -1.0
1.69030499458 -1.0
1.71408009529 -1.0
1.73266506195 -1.0
1.77013611794 -1.0
1.7897040844 -1.0
2.33319711685 -1.0
2.43356609344 -1.0
2.45413708687 -1.0
2.45414710045 1.0
2.47374296188 -1.0
2.53373003006 -1.0
2.55342197418 -1.0
2.55371403694 -1.0
2.63492107391 -1.0
2.65479803085 -1.0
2.7056479454 -1.0
2.72518205643 -1.0
2.73217892647 -1.0
2.93400406837 -1.0
2.93402695656 1.0
3.03311610222 -1.0
3.09026312828 -1.0
3.23281908035 -1.0
3.25298404694 -1.0
3.43464612961 -1.0
3.45461010933 -1.0
3.47406601906 -1.0
3.63220310211 -1.0
3.73486399651 -1.0
3.7943789959 -1.0
3.83075809479 1.0
3.83286213875 -1.0
3.85042715073 -1.0
4.14611697197 -1.0
4.33335900307 -1.0
4.3531730175 -1.0
4.44408011436 -1.0
4.53336906433 -1.0
4.55339312553 -1.0
4.63212800026 -1.0
4.67072892189 1.0
4.73295903206 -1.0
5.23258709908 -1.0
5.43302702904 -1.0
5.45377802849 -1.0
5.45427799225 -1.0
5.47512197495 -1.0
6.45427703857 -1.0
6.47382497787 -1.0
9.43495512009 1.0
9.45465707779 -1.0
9.47429704666 -1.0
9.53489995003 -1.0
9.73568606377 -1.0
9.93369698524 -1.0
10.0329699516 -1.0
10.5329380035 -1.0
15.3319251537 -1.0
16.3330199718 -1.0
