0.0459659099579 -1.0
0.0476858615875 1.0
0.0923669338226 -1.0
0.112187862396 -1.0
0.170033931732 -1.0
0.189720869064 -1.0
0.211220026016 -1.0
0.24461388588 -1.0
0.264456987381 -1.0
0.302077054977 -1.0
0.325597047806 -1.0
0.32662987709 -1.0
0.338806867599 -1.0
0.339772939682 1.0
0.346821069717 -1.0
0.399460077286 -1.0
0.404407978058 -1.0
0.456238985062 -1.0
0.476152896881 -1.0
0.538016080856 -1.0
0.607215881348 -1.0
0.666061878204 -1.0
0.704325914383 -1.0
0.736795902252 -1.0
0.847220897675 -1.0
1.01659607887 -1.0
1.0166490078 1.0
1.03625202179 -1.0
1.09881496429 -1.0
1.11906599998 -1.0
1.22849607468 -1.0
1.29131698608 -1.0
1.41055107117 -1.0
1.4224998951 -1.0
1.43115901947 -1.0
1.45077800751 -1.0
1.54360604286 -1.0
1.54600000381 1.0
1.56559586525 -1.0
1.58530092239 -1.0
1.8242020607 -1.0
2.33120107651 -1.0
2.37084007263 -1.0
2.38714408875 -1.0
2.39160609245 -1.0
2.40682387352 -1.0
2.40735197067 -1.0
2.45021986961 -1.0
2.45022988319 1.0
2.46983003616 -1.0
2.51290988922 -1.0
2.55853486061 -1.0
2.57093405724 -1.0
2.59069490433 -1.0
2.64197206497 -1.0
2.66281509399 -1.0
2.70124793053 -1.0
2.7214820385 -1.0
2.96152997017 -1.0
2.98180890083 -1.0
3.18684792519 -1.0
3.18713998795 1.0
3.20674109459 -1.0
3.29036402702 -1.0
3.3102710247 -1.0
3.38312602043 -1.0
3.43927001953 -1.0
3.45879006386 -1.0
3.46116995811 -1.0
3.54035401344 -1.0
3.58159399033 -1.0
3.60128903389 -1.0
3.60147500038 -1.0
3.60148096085 1.0
3.63424396515 -1.0
3.81824207306 -1.0
3.92762994766 -1.0
3.98713994026 -1.0
4.00701808929 -1.0
4.02005600929 -1.0
4.02655100822 -1.0
4.05113506317 -1.0
4.05245304108 -1.0
4.07100987434 -1.0
4.07103490829 1.0
4.09085607529 -1.0
4.22329807281 -1.0
4.25203204155 -1.0
4.27150607109 -1.0
4.41033506393 -1.0
4.59494590759 -1.0
4.84055685997 -1.0
4.98113393784 -1.0
4.98114395142 1.0
4.98115086555 -1.0
5.00068306923 -1.0
5.1252849102 -1.0
5.98013401031 -1.0
5.98062801361 -1.0
5.99963402748 -1.0
8.98113703728 -1.0
9.00102186203 -1.0
9.50522899628 -1.0
9.70621800423 -1.0
9.70623898506 1.0
9.83743691444 -1.0
9.95232796669 -1.0
10.2056908607 -1.0
10.4070880413 -1.0
15.0501539707 -1.0
15.9928069115 -1.0
16.0892500877 -1.0
16.108987093 -1.0
