0.00175499916077 -1.0
0.0174169540405 -1.0
0.0174260139465 1.0
0.0761239528656 -1.0
0.101238965988 -1.0
0.123042106628 -1.0
0.296262979507 -1.0
0.345769166946 -1.0
0.404101133347 -1.0
0.442484140396 -1.0
0.539505004883 -1.0
0.564390182495 -1.0
0.624093055725 -1.0
0.690541028976 -1.0
0.789432048798 -1.0
0.793178081512 1.0
0.812932014465 -1.0
0.872298002243 -1.0
0.944482088089 -1.0
1.05108594894 -1.0
1.06184315681 -1.0
1.08164310455 -1.0
1.16862297058 -1.0
1.33232903481 -1.0
1.64192199707 -1.0
1.84410715103 -1.0
1.94458794594 -1.0
1.9446079731 1.0
1.96720194817 -1.0
1.98675704002 -1.0
2.53433799744 -1.0
2.59112095833 -1.0
2.60836100578 -1.0
2.60846614838 -1.0
2.61061310768 -1.0
2.61167097092 -1.0
2.63176703453 -1.0
2.71662211418 -1.0
2.84305596352 1.0
2.8628590107 -1.0
2.88232302666 -1.0
2.90655016899 -1.0
2.93698215485 -1.0
2.93711996078 -1.0
2.99628710747 -1.0
3.01113700867 -1.0
3.05137515068 -1.0
3.06721711159 -1.0
3.0673391819 1.0
3.08736801147 -1.0
3.10700297356 -1.0
3.12972903252 -1.0
3.18743014336 -1.0
3.27407598495 -1.0
3.30303406715 -1.0
3.32284116745 -1.0
3.38035106659 -1.0
3.45484209061 -1.0
3.51278209686 -1.0
3.64011502266 -1.0
3.69664502144 -1.0
3.74894404411 -1.0
3.78757309914 1.0
3.87380003929 -1.0
3.94356608391 -1.0
4.0287129879 -1.0
4.08755612373 -1.0
4.13760900497 -1.0
4.20213913918 -1.0
4.20329117775 -1.0
4.22324204445 -1.0
4.22354102135 -1.0
4.38519597054 -1.0
4.4932911396 -1.0
4.49619603157 -1.0
4.49622297287 1.0
4.51710915565 -1.0
4.53496217728 -1.0
4.53771805763 -1.0
4.58119297028 -1.0
4.6181230545 -1.0
4.70533394814 -1.0
4.7643289566 -1.0
4.81357216835 -1.0
4.99599504471 -1.0
5.29131007195 -1.0
5.31489515305 1.0
5.33498597145 -1.0
5.33513212204 -1.0
5.35460805893 -1.0
5.62256598473 -1.0
9.33509612083 -1.0
9.35478210449 -1.0
9.55236101151 -1.0
9.75141596794 -1.0
10.7229700089 -1.0
10.9298219681 -1.0
10.9298551083 1.0
11.0453629494 -1.0
15.3139791489 -1.0
15.3854091167 -1.0
