0.0211930274963 -1.0
0.0212409496307 1.0
0.0621709823608 -1.0
0.0905630588531 -1.0
0.158443927765 -1.0
0.21545290947 -1.0
0.303550004959 -1.0
0.321295022964 -1.0
0.360219955444 -1.0
0.396557092667 -1.0
0.434952974319 1.0
0.466512918472 -1.0
0.498234033585 -1.0
0.555473089218 -1.0
0.671477079391 -1.0
0.727488040924 -1.0
0.756731033325 -1.0
0.843573093414 -1.0
0.863590955734 -1.0
0.883288860321 -1.0
0.963542938232 -1.0
0.963552951813 1.0
1.01954007149 -1.0
1.07502293587 -1.0
1.13482189178 -1.0
1.15098500252 -1.0
1.17058992386 -1.0
1.19655990601 -1.0
1.22927808762 -1.0
1.2489669323 -1.0
1.39434194565 -1.0
1.45852398872 -1.0
1.48098897934 -1.0
1.48099994659 1.0
1.50055193901 -1.0
2.03275108337 -1.0
2.09109401703 -1.0
2.11147809029 -1.0
2.13128805161 -1.0
2.16476607323 -1.0
2.18432497978 -1.0
2.2037460804 -1.0
2.22387599945 -1.0
2.26367306709 -1.0
2.33823895454 -1.0
2.33826208115 1.0
2.35271787643 -1.0
2.35841202736 -1.0
2.36324596405 -1.0
2.36890006065 -1.0
2.37801194191 -1.0
2.41981887817 -1.0
2.47570300102 -1.0
2.71685004234 -1.0
2.73663592339 -1.0
2.90912604332 -1.0
2.9094350338 1.0
2.92896509171 -1.0
3.09475398064 -1.0
3.23410987854 -1.0
3.2481970787 -1.0
3.25397396088 -1.0
3.2734708786 -1.0
3.30357909203 -1.0
3.46831488609 -1.0
3.46862101555 -1.0
3.48801994324 -1.0
3.48802900314 1.0
3.6330280304 -1.0
3.63649392128 -1.0
3.65616393089 -1.0
3.67599892616 -1.0
3.69561004639 -1.0
4.14992594719 -1.0
4.31845903397 -1.0
4.48038506508 -1.0
4.64522600174 -1.0
4.64524507523 1.0
5.02210998535 -1.0
5.04196286201 -1.0
6.02215504646 -1.0
6.02234601974 -1.0
6.04165101051 -1.0
8.89221596718 -1.0
9.01086807251 -1.0
9.02283406258 -1.0
9.02284193039 1.0
9.03044199944 -1.0
9.08007788658 -1.0
9.8567609787 -1.0
10.0555510521 -1.0
15.5503509045 -1.0
15.618874073 -1.0
15.6538720131 -1.0
