0.0389080047607 -1.0
0.0389168262482 1.0
0.0515968799591 -1.0
0.0947029590607 -1.0
0.150717020035 -1.0
0.16553401947 -1.0
0.203889846802 -1.0
0.20395898819 -1.0
0.222239017487 -1.0
0.282937049866 -1.0
0.28822183609 -1.0
0.338726997375 -1.0
0.338733911514 1.0
0.351529836655 -1.0
0.365949869156 -1.0
0.366003036499 -1.0
0.385778903961 -1.0
0.390450000763 -1.0
0.405972003937 -1.0
0.425619840622 -1.0
0.462712049484 -1.0
1.00046300888 -1.0
1.02104282379 -1.0
1.04091286659 -1.0
1.06143784523 1.0
1.08131504059 -1.0
1.10098791122 -1.0
1.49917387962 -1.0
1.52778100967 -1.0
1.52795600891 -1.0
1.54777097702 -1.0
1.55904483795 -1.0
1.57879185677 -1.0
1.59637403488 -1.0
1.60082602501 -1.0
1.60658884048 -1.0
1.60663700104 -1.0
1.6066968441 -1.0
1.62045502663 -1.0
1.64031004906 -1.0
1.64032483101 1.0
1.69878101349 -1.0
1.71843385696 -1.0
1.80988788605 -1.0
1.82941198349 -1.0
1.90312385559 -1.0
1.92371702194 -1.0
1.94400191307 -1.0
2.00685787201 -1.0
2.10064792633 -1.0
2.1319630146 -1.0
2.15182900429 -1.0
2.19083786011 -1.0
2.20725989342 -1.0
2.2072789669 1.0
2.20728492737 -1.0
2.21036982536 -1.0
2.22989082336 -1.0
2.39709687233 -1.0
2.40468001366 -1.0
2.41692495346 -1.0
2.42439389229 -1.0
2.42442202568 -1.0
2.44393801689 -1.0
2.49571585655 -1.0
2.52883005142 -1.0
2.52884602547 1.0
2.548432827 -1.0
2.58686089516 -1.0
2.69591498375 -1.0
2.94402194023 -1.0
3.19749403 -1.0
5.20302891731 -1.0
7.20396900177 -1.0
8.10171198845 -1.0
8.11711788177 -1.0
8.11712789536 1.0
8.12175703049 -1.0
8.19577097893 -1.0
8.20438599586 -1.0
8.22404789925 -1.0
15.0620028973 -1.0
15.1185028553 -1.0
