0.00246691703796 1.0
0.0055820941925 -1.0
0.0603001117706 -1.0
0.0712809562683 -1.0
0.116306066513 -1.0
0.172385931015 -1.0
0.187184095383 -1.0
0.244334936142 -1.0
0.255893945694 -1.0
0.276041984558 -1.0
0.295325994492 -1.0
0.295614957809 -1.0
0.298336029053 1.0
0.356373071671 -1.0
0.360706090927 -1.0
0.412395000458 -1.0
0.420753955841 -1.0
0.439466953278 -1.0
0.4594810009 -1.0
0.459490060806 -1.0
0.76188993454 -1.0
0.781593084335 -1.0
0.820332050323 -1.0
1.36065506935 -1.0
1.38026404381 -1.0
1.38028407097 1.0
1.52461910248 -1.0
1.58238601685 -1.0
1.6018640995 -1.0
1.62430810928 -1.0
1.64400696754 -1.0
2.02447009087 -1.0
2.081594944 -1.0
2.33784413338 -1.0
2.34227705002 -1.0
2.34228491783 1.0
2.35775208473 -1.0
2.37783694267 -1.0
2.37784409523 -1.0
2.40095996857 -1.0
2.42083907127 -1.0
2.65240001678 -1.0
4.13767504692 -1.0
4.15828299522 -1.0
4.15910196304 -1.0
4.3897330761 1.0
4.42527508736 -1.0
4.44523596764 -1.0
4.45734500885 -1.0
4.46476411819 -1.0
4.52064609528 -1.0
4.54016804695 -1.0
4.82540512085 -1.0
4.84553313255 -1.0
4.89121103287 -1.0
4.91111493111 -1.0
4.92824697495 -1.0
4.96604704857 1.0
4.98592591286 -1.0
5.00548505783 -1.0
5.04551291466 -1.0
5.12976503372 -1.0
5.13000106812 -1.0
5.14955091476 -1.0
5.34864497185 -1.0
5.36841797829 -1.0
6.93153691292 -1.0
6.93156313896 1.0
6.93201398849 -1.0
6.947920084 -1.0
6.95086693764 -1.0
6.95134091377 -1.0
6.9513630867 -1.0
6.97095298767 -1.0
6.99043798447 -1.0
7.01019191742 -1.0
7.01020407677 -1.0
7.05005097389 1.0
7.45354413986 -1.0
7.72978305817 -1.0
10.1300420761 -1.0
10.6266920567 -1.0
10.7382330894 -1.0
10.758079052 -1.0
10.7776670456 -1.0
11.1304109097 -1.0
11.1304209232 1.0
11.149944067 -1.0
12.8273730278 -1.0
15.5766201019 -1.0
15.5966889858 -1.0
15.6163539886 -1.0
