0.0123438835144 -1.0
0.012363910675 -1.0
0.0123789310455 1.0
0.0177879333496 -1.0
0.0780048370361 -1.0
0.0832378864288 -1.0
0.134246826172 -1.0
0.142374992371 -1.0
0.160339832306 -1.0
0.160358905792 -1.0
0.161620855331 -1.0
0.179939985275 -1.0
0.237932920456 -1.0
0.277091026306 -1.0
0.334249019623 -1.0
0.430280923843 1.0
0.473747014999 -1.0
1.13398194313 -1.0
1.1433968544 -1.0
1.15584087372 -1.0
1.24307584763 -1.0
1.28033995628 -1.0
1.57326197624 -1.0
1.60382890701 -1.0
1.62356495857 -1.0
1.63335490227 -1.0
1.63336396217 1.0
1.65312600136 -1.0
1.68634581566 -1.0
1.68677282333 -1.0
1.69243884087 -1.0
1.70665788651 -1.0
1.7266638279 -1.0
1.78605103493 -1.0
1.88467001915 -1.0
1.90452098846 -1.0
2.00619602203 -1.0
2.02596497536 -1.0
2.27679491043 -1.0
2.27709102631 1.0
2.2966709137 -1.0
2.37698101997 -1.0
2.40997481346 -1.0
2.42957782745 -1.0
2.43134188652 -1.0
2.57372283936 -1.0
3.51063489914 -1.0
3.97365689278 -1.0
3.97549295425 -1.0
3.97638201714 -1.0
3.9931409359 -1.0
3.99314785004 1.0
4.0127158165 -1.0
4.19190788269 -1.0
4.20350384712 -1.0
4.20725798607 -1.0
4.21154284477 -1.0
4.23144483566 -1.0
4.23168492317 -1.0
4.57339787483 -1.0
4.79602694511 -1.0
4.79605293274 1.0
5.15582680702 -1.0
7.37418293953 -1.0
8.15453195572 -1.0
8.37578201294 -1.0
8.39563798904 -1.0
8.41523003578 -1.0
9.15477180481 -1.0
9.17436885834 -1.0
10.3748478889 -1.0
10.374876976 1.0
15.2706849575 -1.0
15.3484959602 -1.0
