0.0154161453247 -1.0
0.0154321193695 1.0
0.0568730831146 -1.0
0.0765430927277 -1.0
0.0963001251221 -1.0
0.153593063354 -1.0
0.17430305481 -1.0
0.233376026154 -1.0
0.275245189667 -1.0
0.365357160568 -1.0
0.40816617012 -1.0
0.445842027664 1.0
0.473539113998 -1.0
0.53377699852 -1.0
0.712364196777 -1.0
0.769116163254 -1.0
0.885567188263 -1.0
0.913333177567 -1.0
0.973437070847 -1.0
1.03350901604 -1.0
1.07975101471 -1.0
1.09994602203 -1.0
1.15546798706 -1.0
1.15752220154 -1.0
1.15754413605 1.0
1.18359398842 -1.0
1.29083704948 -1.0
1.49585914612 -1.0
1.55351114273 -1.0
2.41032218933 -1.0
2.57714009285 -1.0
2.74131011963 -1.0
2.79738211632 -1.0
2.7974011898 1.0
2.81690120697 -1.0
3.86743116379 -1.0
3.89356017113 -1.0
3.89849901199 -1.0
3.91319513321 -1.0
3.91408419609 -1.0
3.93355917931 -1.0
4.03251218796 -1.0
4.08958101273 -1.0
4.10981106758 -1.0
4.16504812241 -1.0
4.16507101059 1.0
4.18469715118 -1.0
4.19792699814 -1.0
4.20298314095 -1.0
4.2226691246 -1.0
4.28153610229 -1.0
4.36257410049 -1.0
4.40722799301 -1.0
4.42137217522 -1.0
4.44124817848 -1.0
4.9393119812 -1.0
4.95912313461 -1.0
5.06920218468 1.0
5.08848118782 -1.0
5.08893609047 -1.0
5.10802602768 -1.0
5.16741299629 -1.0
5.18720817566 -1.0
5.35410118103 -1.0
5.41345000267 -1.0
5.56680512428 -1.0
5.59001302719 -1.0
5.6164150238 -1.0
5.61681699753 -1.0
5.63681697845 -1.0
5.7011961937 -1.0
5.70121598244 1.0
5.71909403801 -1.0
5.72088813782 -1.0
5.9221830368 -1.0
6.10005998611 -1.0
6.10789513588 -1.0
6.15758919716 -1.0
6.3917760849 -1.0
6.43642115593 -1.0
6.4364361763 1.0
6.55831599236 -1.0
6.57792210579 -1.0
6.7223751545 -1.0
6.74215912819 -1.0
6.88775205612 -1.0
7.09079813957 -1.0
7.80600810051 -1.0
7.97100114822 -1.0
11.069945097 1.0
11.0895290375 -1.0
11.109224081 -1.0
11.5139870644 -1.0
11.6791031361 -1.0
11.8443381786 -1.0
12.4083662033 -1.0
13.0022060871 -1.0
15.5681211948 -1.0
15.6106891632 -1.0
15.6377270222 -1.0
15.6377351284 1.0
15.6572270393 -1.0
