0.0090970993042 -1.0
0.0250329971313 -1.0
0.025041103363 1.0
0.0449991226196 -1.0
0.104110002518 -1.0
0.123767137527 -1.0
0.143316984177 -1.0
0.18275809288 -1.0
0.200804948807 -1.0
0.243350028992 -1.0
0.262961149216 -1.0
0.30056810379 1.0
0.306751966476 -1.0
0.320086956024 -1.0
0.362775087357 -1.0
0.376554012299 -1.0
0.434787034988 -1.0
0.554662942886 -1.0
0.61140704155 -1.0
0.725789070129 -1.0
0.75367808342 -1.0
0.814806938171 -1.0
0.870840072632 -1.0
0.924106121063 -1.0
1.04491615295 -1.0
1.04496693611 1.0
1.0725979805 -1.0
1.14080309868 -1.0
1.16070914268 -1.0
1.30616116524 -1.0
1.54785609245 -1.0
1.60417914391 -1.0
2.01008605957 -1.0
2.17379903793 -1.0
2.29662895203 1.0
2.3162150383 -1.0
2.33596014977 -1.0
2.3382101059 -1.0
2.39887905121 -1.0
2.94322800636 -1.0
3.00013709068 -1.0
3.02060198784 -1.0
3.02072095871 -1.0
3.02571201324 -1.0
3.0297460556 -1.0
3.04075312614 -1.0
3.07897114754 -1.0
3.0789899826 1.0
3.08332204819 -1.0
3.09871506691 -1.0
3.15494394302 -1.0
3.27127313614 -1.0
3.27414703369 -1.0
3.27810811996 -1.0
3.29793000221 -1.0
3.37100195885 -1.0
3.54549407959 -1.0
3.56567001343 -1.0
3.73459815979 -1.0
3.79104304314 -1.0
3.86540102959 -1.0
3.88689804077 -1.0
3.88692307472 1.0
3.90667700768 -1.0
3.94708895683 -1.0
3.96435403824 -1.0
4.15083503723 -1.0
4.33730006218 -1.0
4.36913204193 -1.0
4.38897800446 -1.0
4.46805906296 -1.0
4.49249696732 -1.0
4.54276514053 -1.0
4.54280495644 1.0
4.55260205269 -1.0
4.57220101357 -1.0
4.59209394455 -1.0
4.6513569355 -1.0
4.70691108704 -1.0
4.76897311211 -1.0
5.03281903267 -1.0
5.05230402946 -1.0
5.22577404976 -1.0
5.22579312325 1.0
5.3923740387 -1.0
6.03364109993 -1.0
6.0336561203 -1.0
6.0532181263 -1.0
9.03357410431 -1.0
9.05361199379 -1.0
10.0544960499 -1.0
10.220386982 -1.0
10.7378461361 -1.0
10.7378640175 1.0
10.9026539326 -1.0
11.0669209957 -1.0
15.2067079544 -1.0
15.3151979446 -1.0
