0.00345015525818 -1.0
0.0401651859283 1.0
0.0462560653687 -1.0
0.0597560405731 -1.0
0.102331161499 -1.0
0.1285572052 -1.0
0.308465003967 -1.0
0.328643083572 -1.0
0.386320114136 -1.0
0.471827030182 -1.0
0.530300140381 -1.0
0.638229131699 -1.0
0.638534069061 1.0
0.694267988205 -1.0
0.711944103241 -1.0
0.770313024521 -1.0
0.772161006927 -1.0
0.789113044739 -1.0
0.791553020477 -1.0
0.850362062454 -1.0
0.906291007996 -1.0
0.971856117249 -1.0
0.975714206696 -1.0
0.975829124451 -1.0
0.985134124756 -1.0
0.98644900322 -1.0
0.992190122604 -1.0
0.992197036743 1.0
1.0503950119 -1.0
1.10808300972 -1.0
1.30711007118 -1.0
1.30766606331 -1.0
1.33489203453 -1.0
1.37874913216 -1.0
1.43850708008 -1.0
1.57414197922 -1.0
1.77353811264 -1.0
1.79421806335 -1.0
1.79422712326 1.0
1.79423213005 -1.0
1.81373214722 -1.0
2.13442111015 -1.0
2.15453505516 -1.0
2.23143720627 -1.0
2.32616710663 -1.0
2.42291712761 -1.0
2.79374098778 -1.0
2.88325500488 -1.0
2.95408821106 -1.0
2.97362709045 -1.0
2.97881698608 -1.0
2.97882509232 1.0
3.03843903542 -1.0
3.42484498024 -1.0
3.53350520134 -1.0
3.53879618645 -1.0
3.55217218399 -1.0
3.55389118195 -1.0
3.55481600761 -1.0
3.57376599312 -1.0
3.57655620575 -1.0
3.57657909393 1.0
3.59610319138 -1.0
3.65447807312 -1.0
3.65538716316 -1.0
3.7139480114 -1.0
3.7335190773 -1.0
3.8051431179 -1.0
3.82463312149 -1.0
3.88547515869 -1.0
3.90526413918 -1.0
4.02455615997 -1.0
4.04433012009 -1.0
4.11576104164 -1.0
4.15219712257 1.0
4.17298412323 -1.0
4.23034119606 -1.0
4.23175311089 -1.0
4.25129103661 -1.0
4.25374007225 -1.0
4.27337002754 -1.0
4.33173918724 -1.0
4.45054411888 -1.0
4.50803399086 -1.0
4.51267313957 -1.0
4.53220319748 -1.0
4.53227806091 1.0
4.5517821312 -1.0
4.56985616684 -1.0
4.57135009766 -1.0
4.64309215546 -1.0
4.69738507271 -1.0
4.90292406082 -1.0
4.90294003487 -1.0
4.9648141861 -1.0
5.08449602127 -1.0
5.13240218163 1.0
5.20200419426 -1.0
5.27760505676 -1.0
5.27763605118 -1.0
5.29740905762 -1.0
6.27714920044 -1.0
6.2970790863 -1.0
6.3173661232 -1.0
9.24893903732 -1.0
9.25778412819 1.0
9.31497812271 -1.0
10.2582440376 -1.0
10.2780230045 -1.0
10.2977471352 -1.0
10.3289539814 -1.0
10.3879191875 -1.0
10.4458661079 -1.0
15.1362500191 -1.0
15.1754140854 -1.0
15.1965801716 -1.0
