0.0295259952545 -1.0
0.029531955719 1.0
0.0649299621582 -1.0
0.12242102623 -1.0
0.170089960098 -1.0
0.189666986465 -1.0
0.249523878098 -1.0
0.303973913193 -1.0
0.357734918594 -1.0
0.378406047821 -1.0
0.406933069229 -1.0
0.407207965851 1.0
0.465631961823 -1.0
0.682740926743 -1.0
0.871212005615 -1.0
0.965029001236 -1.0
1.00734210014 -1.0
1.05895709991 -1.0
1.10301589966 -1.0
1.12629795074 -1.0
1.14591193199 -1.0
1.44739103317 -1.0
1.48612999916 1.0
1.50667500496 -1.0
1.52718687057 -1.0
1.54403591156 -1.0
1.56099200249 -1.0
1.58071494102 -1.0
1.63765192032 -1.0
1.76538801193 -1.0
1.76571393013 -1.0
1.76586008072 -1.0
1.77120709419 -1.0
1.77137088776 1.0
1.77864789963 -1.0
1.78558588028 -1.0
1.79840707779 -1.0
1.86986398697 -1.0
1.89497709274 -1.0
1.95369291306 -1.0
1.96381306648 -1.0
2.02171492577 -1.0
2.09772992134 -1.0
2.14943289757 -1.0
2.2072019577 -1.0
2.24612689018 1.0
2.29186296463 -1.0
2.42101788521 -1.0
2.47879099846 -1.0
2.5002720356 -1.0
2.54099202156 -1.0
2.54511904716 -1.0
2.54669904709 -1.0
2.55858206749 -1.0
2.64138507843 -1.0
2.66658401489 -1.0
2.73747992516 -1.0
2.73754906654 1.0
2.76059389114 -1.0
2.81790089607 -1.0
2.82856988907 -1.0
3.00095391273 -1.0
3.16062307358 -1.0
3.34472107887 -1.0
4.99147701263 -1.0
4.99148607254 1.0
4.99170708656 -1.0
5.01139187813 -1.0
7.99216294289 -1.0
7.99923586845 -1.0
8.05007004738 -1.0
8.09611701965 -1.0
8.14000296593 -1.0
8.30590391159 -1.0
9.09237194061 -1.0
14.9241290092 -1.0
14.9442310333 -1.0
14.9442400932 1.0
