0.0319871902466 -1.0
0.0320031642914 1.0
0.070995092392 -1.0
0.0933790206909 -1.0
0.155997037888 -1.0
0.221009969711 -1.0
0.333631038666 -1.0
0.392784118652 -1.0
0.452146053314 -1.0
0.480183124542 -1.0
0.480834007263 -1.0
0.50041103363 -1.0
0.556153059006 -1.0
0.556231021881 1.0
0.611566066742 -1.0
0.669253110886 -1.0
0.728181123734 -1.0
0.784029006958 -1.0
0.800487995148 -1.0
0.856765031815 -1.0
0.933564186096 -1.0
0.934075117111 -1.0
0.93446803093 -1.0
0.935856103897 -1.0
0.935863018036 1.0
0.942291021347 -1.0
0.942469120026 -1.0
0.954933166504 -1.0
0.955113172531 -1.0
0.977001190186 -1.0
1.00062704086 -1.0
1.0404381752 -1.0
1.05711603165 -1.0
1.06060004234 -1.0
1.08034205437 -1.0
1.09980916977 -1.0
1.10270810127 1.0
1.14612317085 -1.0
1.14828705788 -1.0
1.14927315712 -1.0
1.1689760685 -1.0
1.16992115974 -1.0
1.22808814049 -1.0
1.25369906425 -1.0
1.2545800209 -1.0
1.25506806374 -1.0
1.25518417358 1.0
1.25596404076 -1.0
1.25632309914 -1.0
1.25685214996 -1.0
1.27563810349 -1.0
1.27596211433 -1.0
1.27700805664 -1.0
1.27725505829 -1.0
1.33621907234 -1.0
1.36302614212 -1.0
1.36423397064 -1.0
1.36488008499 -1.0
1.36649298668 -1.0
1.36694598198 -1.0
1.36696600914 1.0
1.36718416214 -1.0
1.36800312996 -1.0
1.37072300911 -1.0
1.38408517838 -1.0
1.38651609421 -1.0
1.38731217384 -1.0
1.38732910156 -1.0
1.38757896423 -1.0
1.44417500496 -1.0
1.4686691761 -1.0
1.4686870575 -1.0
1.46872615814 1.0
1.46903896332 -1.0
1.47045707703 -1.0
1.47112298012 -1.0
1.47133398056 -1.0
1.49022817612 -1.0
1.49226498604 -1.0
1.54993009567 -1.0
1.694024086 -1.0
1.72138810158 -1.0
1.74132013321 -1.0
1.75335216522 -1.0
1.75336098671 1.0
1.77249598503 -1.0
1.77435016632 -1.0
1.78100609779 -1.0
1.79472398758 -1.0
1.83217096329 -1.0
1.83959197998 -1.0
1.85175919533 -1.0
1.8962700367 -1.0
1.91534805298 -1.0
1.93509411812 -1.0
1.98404216766 -1.0
1.98406410217 1.0
2.00357413292 -1.0
2.02333498001 -1.0
2.16448903084 -1.0
2.18530011177 -1.0
2.30071306229 -1.0
2.36026906967 -1.0
2.43384814262 -1.0
2.46971607208 -1.0
2.48920106888 -1.0
2.52815103531 -1.0
2.5485830307 -1.0
2.56826496124 -1.0
2.62445402145 -1.0
2.65057897568 -1.0
2.6506061554 1.0
2.67012906075 -1.0
2.70820903778 -1.0
2.72832012177 -1.0
2.74308300018 -1.0
2.74785518646 -1.0
2.76042819023 -1.0
2.76950097084 -1.0
2.83232712746 -1.0
2.8735871315 -1.0
2.93223810196 -1.0
2.95210313797 -1.0
2.99731898308 -1.0
3.03664708138 1.0
3.06803417206 -1.0
3.36714911461 -1.0
3.49950218201 -1.0
5.02733016014 -1.0
6.02717113495 -1.0
8.027780056 -1.0
8.04726815224 -1.0
8.20978999138 -1.0
8.29515600204 -1.0
8.29517698288 1.0
8.41214203835 -1.0
8.43170619011 -1.0
9.24138903618 -1.0
15.1199331284 -1.0
