0.0302329063416 1.0
0.0348129272461 -1.0
0.0522789955139 -1.0
0.0561239719391 -1.0
0.0757720470428 -1.0
0.149075984955 -1.0
0.267605066299 -1.0
0.353390932083 -1.0
0.497627973557 -1.0
0.555516958237 -1.0
0.581758022308 -1.0
0.581996917725 1.0
0.633908987045 -1.0
0.690992116928 -1.0
0.692832946777 -1.0
0.802143096924 -1.0
0.808682918549 -1.0
0.828464984894 -1.0
0.914871931076 -1.0
0.934484004974 -1.0
0.957082986832 -1.0
0.960933923721 -1.0
1.0149409771 -1.0
1.07321500778 -1.0
1.11019301414 1.0
1.1296339035 -1.0
1.18591690063 -1.0
1.1925098896 -1.0
1.19252610207 -1.0
1.19267106056 -1.0
1.19278597832 -1.0
1.19280695915 -1.0
1.19290590286 -1.0
1.19295096397 -1.0
1.19921302795 -1.0
1.21199989319 -1.0
1.21206688881 -1.0
1.21222305298 -1.0
1.21233797073 -1.0
1.22180104256 -1.0
1.22180891037 1.0
1.24315309525 -1.0
1.29897403717 -1.0
1.29937005043 -1.0
1.29940795898 -1.0
1.29951000214 -1.0
1.29966306686 -1.0
1.29976606369 -1.0
1.29985404015 -1.0
1.30023908615 -1.0
1.30030894279 -1.0
1.30044698715 -1.0
1.31337499619 -1.0
1.3190639019 -1.0
1.31917595863 -1.0
1.3192961216 -1.0
1.31931304932 -1.0
1.31931900978 1.0
1.31944489479 -1.0
1.31945204735 -1.0
1.37911510468 -1.0
1.40595507622 -1.0
1.40671491623 -1.0
1.40699005127 -1.0
1.40701603889 -1.0
1.40712499619 -1.0
1.40722298622 -1.0
1.40735602379 -1.0
1.40747499466 -1.0
1.40758109093 -1.0
1.41338992119 -1.0
1.41339612007 1.0
1.41356110573 -1.0
1.42707395554 -1.0
1.42708492279 -1.0
1.4475300312 -1.0
1.48293304443 -1.0
1.51260590553 -1.0
1.51335310936 -1.0
1.51396298409 -1.0
1.52045607567 -1.0
1.52071094513 -1.0
1.52111506462 -1.0
1.52131199837 -1.0
1.53448700905 -1.0
1.53451800346 1.0
1.57900595665 -1.0
1.61084794998 -1.0
1.62126803398 -1.0
1.62193012238 -1.0
1.62224197388 -1.0
1.62301707268 -1.0
1.62411403656 -1.0
1.62453508377 -1.0
1.62691092491 -1.0
1.62972998619 -1.0
1.6297390461 1.0
1.64417791367 -1.0
1.64419007301 -1.0
1.64420104027 -1.0
1.66391801834 -1.0
1.68565988541 -1.0
1.71046805382 -1.0
1.71695303917 -1.0
1.71778798103 -1.0
1.71999502182 -1.0
1.72581911087 -1.0
1.72751688957 -1.0
1.72754096985 1.0
1.72840499878 -1.0
1.73638391495 -1.0
1.74864792824 -1.0
1.80704212189 -1.0
1.86582493782 -1.0
1.92007398605 -1.0
1.92201399803 -1.0
1.97524499893 -1.0
1.97526097298 1.0
1.99486207962 -1.0
2.02835011482 -1.0
2.08714103699 -1.0
2.18442106247 -1.0
2.2574570179 -1.0
2.32110691071 -1.0
2.37766909599 -1.0
2.42066311836 -1.0
2.48181295395 -1.0
2.53834891319 -1.0
2.58220911026 1.0
2.6136059761 -1.0
2.73529791832 -1.0
2.77144002914 -1.0
2.79095196724 -1.0
2.91462397575 -1.0
2.95041704178 -1.0
2.98043894768 -1.0
2.9986538887 -1.0
3.00012207031 -1.0
3.01657390594 -1.0
3.0196249485 -1.0
3.01985406876 1.0
3.07915091515 -1.0
3.10198712349 -1.0
3.19975996017 -1.0
3.40631890297 -1.0
3.63637709618 -1.0
4.93648004532 -1.0
4.95752906799 -1.0
5.9372010231 -1.0
5.9567899704 -1.0
7.46493601799 -1.0
7.46496701241 1.0
7.93765711784 -1.0
7.9573340416 -1.0
8.66904902458 -1.0
8.74398899078 -1.0
8.8558139801 -1.0
9.48680591583 -1.0
15.3836181164 -1.0
15.5325210094 -1.0
