0.00703620910645 -1.0
0.00704717636108 1.0
0.0267441272736 -1.0
0.0575041770935 -1.0
0.164482116699 -1.0
0.220691204071 -1.0
0.278997182846 -1.0
0.308997154236 -1.0
0.36882519722 -1.0
0.427052021027 -1.0
0.508209228516 -1.0
0.61612701416 -1.0
0.616470098495 1.0
0.63921713829 -1.0
0.695229053497 -1.0
0.760442018509 -1.0
0.761323213577 -1.0
0.781734228134 -1.0
0.870113134384 -1.0
0.889757156372 -1.0
0.911503076553 -1.0
0.931167125702 -1.0
1.00014805794 -1.0
1.05665016174 -1.0
1.14645504951 -1.0
1.14727902412 -1.0
1.14730811119 1.0
1.1523501873 -1.0
1.15300703049 -1.0
1.1676170826 -1.0
1.25356411934 -1.0
1.25389814377 -1.0
1.25425314903 -1.0
1.25445604324 -1.0
1.25493311882 -1.0
1.27358412743 -1.0
1.27359199524 1.0
1.27359700203 -1.0
1.27392315865 -1.0
1.27450418472 -1.0
1.3299510479 -1.0
1.36050701141 -1.0
1.36127209663 -1.0
1.3614590168 -1.0
1.36208510399 -1.0
1.36750817299 -1.0
1.38073301315 -1.0
1.38077020645 1.0
1.38125705719 -1.0
1.41918206215 -1.0
1.4336681366 -1.0
1.46838712692 -1.0
1.46864509583 -1.0
1.47033810616 -1.0
1.47146606445 -1.0
1.4717130661 -1.0
1.47243404388 -1.0
1.48955512047 -1.0
1.49146509171 -1.0
1.49149012566 -1.0
1.49151110649 1.0
1.54708504677 -1.0
1.56367611885 -1.0
1.57436013222 -1.0
1.57483911514 -1.0
1.57548618317 -1.0
1.57603406906 -1.0
1.57653999329 -1.0
1.57690620422 -1.0
1.57737803459 -1.0
1.58221912384 -1.0
1.59424710274 -1.0
1.59487700462 -1.0
1.59488916397 1.0
1.59593605995 -1.0
1.59689211845 -1.0
1.65114212036 -1.0
1.67073607445 -1.0
1.68141818047 -1.0
1.68226718903 -1.0
1.7019200325 -1.0
1.73917603493 -1.0
1.76103711128 -1.0
1.82311916351 -1.0
1.82313704491 1.0
1.87919616699 -1.0
2.41926002502 -1.0
2.43905806541 -1.0
2.45692110062 -1.0
2.47679018974 -1.0
2.48866009712 -1.0
2.50823521614 -1.0
2.56724309921 -1.0
2.61543917656 -1.0
2.67260408401 -1.0
2.69248700142 -1.0
2.70883822441 1.0
2.72865200043 -1.0
2.73502421379 -1.0
2.78731918335 -1.0
2.79259705544 -1.0
2.83724308014 -1.0
2.86412000656 -1.0
2.9239320755 -1.0
2.99241018295 -1.0
3.05122113228 -1.0
3.09619903564 -1.0
3.15505814552 -1.0
3.19304919243 1.0
3.21330308914 -1.0
3.2776491642 -1.0
3.33115100861 -1.0
3.41005516052 -1.0
3.47020602226 -1.0
4.02397012711 -1.0
4.17213106155 -1.0
4.17980313301 -1.0
4.19171905518 -1.0
4.19172811508 1.0
4.22334599495 -1.0
4.24284505844 -1.0
4.262414217 -1.0
4.28215503693 -1.0
4.29746413231 -1.0
4.30187320709 -1.0
4.32150411606 -1.0
4.3411090374 -1.0
4.34138321877 1.0
4.39932799339 -1.0
4.41307806969 -1.0
4.55458903313 -1.0
5.14884805679 -1.0
5.26631712914 -1.0
5.39369702339 -1.0
5.41322112083 -1.0
8.26992106438 -1.0
8.39397406578 -1.0
9.31249499321 -1.0
9.31251907349 1.0
9.39378499985 -1.0
9.41378903389 -1.0
9.44957304001 -1.0
9.54631209373 -1.0
10.3035461903 -1.0
15.2391881943 -1.0
