0.0132989883423 1.0
0.0182900428772 -1.0
0.0280499458313 -1.0
0.0328171253204 -1.0
0.0530691146851 -1.0
0.0559689998627 -1.0
0.107849121094 -1.0
0.114113092422 -1.0
0.127633094788 -1.0
0.147277116776 -1.0
0.185297966003 1.0
0.204828023911 -1.0
0.261146068573 -1.0
0.306395053864 -1.0
0.308237075806 -1.0
0.316924095154 -1.0
0.362478017807 -1.0
0.378638982773 -1.0
0.39824795723 -1.0
0.456939935684 -1.0
0.582318067551 -1.0
0.583708047867 1.0
0.642254114151 -1.0
0.854197978973 -1.0
0.910546064377 -1.0
0.930778980255 -1.0
0.984359025955 -1.0
1.00424790382 -1.0
1.06698513031 -1.0
1.09573411942 -1.0
1.11540603638 -1.0
1.11565899849 -1.0
1.16298699379 -1.0
1.1728579998 -1.0
1.17553496361 1.0
1.1950750351 -1.0
1.1989030838 -1.0
1.23213100433 -1.0
1.25622797012 -1.0
1.33682894707 -1.0
1.44587302208 -1.0
1.47628498077 -1.0
1.51827192307 -1.0
1.51832795143 1.0
1.58840799332 -1.0
1.66726207733 -1.0
2.10791802406 -1.0
2.2814040184 -1.0
2.43718314171 -1.0
2.49458503723 -1.0
2.5141479969 -1.0
3.31747794151 -1.0
3.37683606148 -1.0
3.37684607506 1.0
3.39724302292 -1.0
3.41687607765 -1.0
3.41803193092 -1.0
3.43782997131 -1.0
3.48287010193 -1.0
3.49781703949 -1.0
3.55449509621 -1.0
3.64760303497 -1.0
3.64761400223 1.0
3.64962911606 -1.0
3.6553800106 -1.0
3.66957497597 -1.0
3.72649407387 -1.0
3.78246593475 -1.0
4.28329205513 -1.0
4.30313897133 -1.0
4.46815395355 -1.0
4.48796105385 -1.0
4.65360593796 -1.0
4.71311092377 -1.0
4.800770998 -1.0
4.80239796638 1.0
4.82049107552 -1.0
4.82201004028 -1.0
4.87688493729 -1.0
4.94498610497 -1.0
4.96468806267 -1.0
4.98430013657 -1.0
5.06341910362 -1.0
5.22883605957 -1.0
5.26679396629 1.0
5.28840613365 -1.0
5.29113507271 -1.0
5.34667301178 -1.0
5.35011696815 -1.0
5.39532208443 -1.0
5.40902900696 -1.0
5.55945110321 -1.0
5.55961108208 1.0
5.57931494713 -1.0
5.59884500504 -1.0
5.8177189827 -1.0
6.01978993416 -1.0
6.28670406342 -1.0
6.28708291054 -1.0
6.30637598038 -1.0
6.44576311111 -1.0
6.61350393295 -1.0
6.7807059288 -1.0
6.78072309494 1.0
10.119658947 -1.0
10.2872579098 -1.0
10.3067770004 -1.0
11.3013350964 -1.0
11.4749550819 -1.0
11.6419510841 -1.0
12.2854800224 -1.0
15.4891381264 -1.0
15.5434660912 -1.0
15.5434889793 1.0
15.5714130402 -1.0
15.591299057 -1.0
