0.0193650722504 -1.0
0.0752959251404 -1.0
0.0753180980682 1.0
0.0949521064758 -1.0
0.0978870391846 -1.0
0.115587949753 -1.0
0.11762213707 -1.0
0.25425696373 -1.0
0.268515110016 -1.0
0.285957098007 -1.0
0.325412988663 -1.0
0.349118947983 -1.0
0.349128961563 1.0
0.35933303833 -1.0
0.405384063721 -1.0
0.425041913986 -1.0
0.458437919617 -1.0
0.46896314621 -1.0
0.478240966797 -1.0
0.517705917358 -1.0
0.537532091141 -1.0
0.580121040344 -1.0
0.606348991394 -1.0
0.606648921967 1.0
0.627207040787 -1.0
0.627215147018 -1.0
0.666261911392 -1.0
0.695982933044 -1.0
0.755212068558 -1.0
0.815401077271 -1.0
0.83597612381 -1.0
0.89032292366 -1.0
0.891902923584 -1.0
0.949510097504 -1.0
0.970876932144 -1.0
0.970915079117 1.0
0.982610940933 -1.0
0.99042391777 -1.0
1.01655912399 -1.0
1.03688192368 -1.0
1.09601998329 -1.0
1.14797711372 -1.0
1.15219807625 -1.0
1.19817900658 -1.0
1.20801711082 -1.0
1.20937299728 1.0
1.26960897446 -1.0
1.37726902962 -1.0
1.42557311058 -1.0
1.43617510796 -1.0
1.45830607414 -1.0
1.49757695198 -1.0
1.64841794968 -1.0
1.65698599815 -1.0
1.66478896141 -1.0
1.67085313797 -1.0
1.67686891556 -1.0
1.68249511719 -1.0
1.68807005882 -1.0
1.6880941391 1.0
1.6932759285 -1.0
1.69786596298 -1.0
1.70937895775 -1.0
1.73768997192 -1.0
1.75752711296 -1.0
1.81231212616 -1.0
1.83277106285 -1.0
2.09938097 -1.0
2.09959793091 1.0
2.12767291069 -1.0
2.18546104431 -1.0
2.22297692299 -1.0
2.23778605461 -1.0
2.23780298233 -1.0
2.24031400681 -1.0
2.2428290844 -1.0
2.29290914536 -1.0
2.34043908119 -1.0
2.35190200806 -1.0
2.38790893555 -1.0
2.38820195198 1.0
2.44660305977 -1.0
2.48044610023 -1.0
2.57683897018 -1.0
2.59670591354 -1.0
2.61013507843 -1.0
2.61662507057 -1.0
2.6364710331 -1.0
2.65630602837 -1.0
2.67586898804 -1.0
2.67799711227 -1.0
2.69763708115 -1.0
2.69766306877 1.0
2.71756696701 -1.0
2.73710608482 -1.0
2.74765110016 -1.0
2.75694012642 -1.0
2.77691411972 -1.0
2.83307409286 -1.0
2.8360080719 -1.0
2.85559105873 -1.0
2.9136030674 -1.0
3.06853413582 -1.0
3.10837197304 1.0
3.12845110893 -1.0
3.20105409622 -1.0
3.25086307526 -1.0
3.25236701965 -1.0
3.25989603996 -1.0
3.27221608162 -1.0
3.28841710091 -1.0
3.30797791481 -1.0
3.34222006798 -1.0
3.36190795898 -1.0
3.43247103691 -1.0
3.43252491951 1.0
3.43773913383 -1.0
3.43776011467 -1.0
3.43812394142 -1.0
3.43823099136 -1.0
3.43854212761 -1.0
3.45230102539 -1.0
3.45744013786 -1.0
3.4938390255 -1.0
3.51915001869 -1.0
3.51983594894 -1.0
3.53963112831 -1.0
3.61238503456 -1.0
3.61243796349 1.0
3.61366605759 -1.0
3.61726212502 -1.0
3.61822199821 -1.0
3.61966609955 -1.0
3.62072896957 -1.0
3.62499094009 -1.0
3.63315200806 -1.0
3.67027497292 -1.0
3.70051312447 -1.0
3.70541810989 -1.0
3.70542407036 1.0
3.72007703781 -1.0
3.79574799538 -1.0
3.79638409615 -1.0
3.80164313316 -1.0
3.8019990921 -1.0
3.80305194855 -1.0
3.80658507347 -1.0
3.8161239624 -1.0
3.85390114784 -1.0
3.88636493683 -1.0
3.88640594482 1.0
3.8913640976 -1.0
3.90595412254 -1.0
3.96577191353 -1.0
3.97876095772 -1.0
3.99178409576 -1.0
3.99834895134 -1.0
3.99896001816 -1.0
4.00078296661 -1.0
4.0189139843 -1.0
4.05635499954 1.0
4.06798005104 -1.0
4.0747449398 -1.0
4.07586097717 -1.0
4.13214492798 -1.0
4.16398501396 -1.0
4.17477011681 -1.0
4.18188905716 -1.0
4.1829791069 -1.0
4.18358111382 -1.0
4.18359708786 1.0
4.18638706207 -1.0
4.20309710503 -1.0
4.24993300438 -1.0
4.26954007149 -1.0
4.29469013214 -1.0
4.31577205658 -1.0
4.34414696693 -1.0
4.35645604134 -1.0
4.3660390377 -1.0
4.36606001854 -1.0
4.36607313156 -1.0
4.36613202095 1.0
4.3707151413 -1.0
4.38570904732 -1.0
4.43444108963 -1.0
4.43446493149 -1.0
4.44413304329 -1.0
4.4457359314 -1.0
4.46831011772 -1.0
5.09014511108 -1.0
5.09017300606 1.0
5.11019492149 -1.0
5.45293498039 -1.0
5.63775205612 -1.0
6.09003210068 -1.0
6.0904071331 -1.0
6.10961103439 -1.0
7.09199094772 -1.0
7.09223794937 -1.0
7.11211109161 -1.0
8.0365281105 -1.0
8.03655195236 1.0
8.09206795692 -1.0
8.09208297729 -1.0
8.11171603203 -1.0
8.11781811714 -1.0
8.17597198486 -1.0
8.28556394577 -1.0
8.39565706253 -1.0
9.05881500244 -1.0
16.110378027 -1.0
16.1103980541 1.0
16.2929639816 -1.0
16.3125340939 -1.0
17.1564669609 -1.0
