0.0414187908173 -1.0
0.0414369106293 1.0
0.061821937561 -1.0
0.120901823044 -1.0
0.129181861877 -1.0
0.149241924286 -1.0
0.221489906311 -1.0
0.277400970459 -1.0
0.286144018173 -1.0
0.304319858551 -1.0
0.311201810837 -1.0
0.324348926544 -1.0
0.412753820419 -1.0
0.432523965836 -1.0
0.432532787323 1.0
0.489445924759 -1.0
0.491670846939 -1.0
0.513412952423 -1.0
0.569445848465 -1.0
0.624423980713 -1.0
0.684607982635 -1.0
0.713668823242 -1.0
0.733419895172 -1.0
0.793615818024 -1.0
0.809631824493 -1.0
0.871169805527 -1.0
0.892669916153 -1.0
0.892692804337 1.0
0.912535905838 -1.0
0.932332992554 -1.0
0.969486951828 -1.0
0.991019010544 -1.0
1.05420088768 -1.0
1.07413983345 -1.0
1.11281585693 -1.0
1.1695098877 -1.0
1.25348496437 -1.0
1.2908809185 1.0
1.31066799164 -1.0
1.36186289787 -1.0
1.3725669384 -1.0
1.42192292213 -1.0
1.43070197105 -1.0
1.4358959198 -1.0
1.43608093262 -1.0
1.45549583435 -1.0
1.47521090508 -1.0
1.51748585701 -1.0
1.53707480431 -1.0
1.53725600243 1.0
1.55695390701 -1.0
1.58074188232 -1.0
1.6257019043 -1.0
1.68252491951 -1.0
1.68266797066 -1.0
1.70958995819 -1.0
1.76562595367 -1.0
1.7849957943 -1.0
1.78693890572 -1.0
1.7869617939 1.0
1.81760287285 -1.0
1.87865281105 -1.0
1.93465399742 -1.0
1.99349093437 -1.0
2.04300498962 -1.0
2.10263895988 -1.0
2.15869498253 -1.0
2.16591501236 -1.0
2.17216682434 -1.0
2.17838788033 -1.0
2.18881988525 -1.0
2.18892002106 -1.0
2.18893480301 1.0
2.18904280663 -1.0
2.1970808506 -1.0
2.19814395905 -1.0
2.21771478653 -1.0
2.23351979256 -1.0
2.25310778618 -1.0
2.25530290604 -1.0
2.25809979439 -1.0
2.25816583633 -1.0
2.27761697769 -1.0
2.31419897079 -1.0
2.32699394226 -1.0
2.32707095146 -1.0
2.3338329792 -1.0
2.37101101875 1.0
2.39078092575 -1.0
2.45186495781 -1.0
2.47197294235 -1.0
2.51142501831 -1.0
2.60670685768 -1.0
2.69318389893 -1.0
2.69321799278 -1.0
2.69337296486 -1.0
2.71310687065 -1.0
2.71616482735 1.0
2.74999094009 -1.0
2.87252998352 -1.0
2.91930580139 -1.0
2.91934585571 -1.0
2.91953897476 -1.0
2.9195959568 -1.0
2.9197177887 -1.0
2.92746782303 -1.0
2.93049693108 -1.0
3.0102918148 -1.0
3.0298678875 -1.0
3.02996492386 1.0
3.05700302124 -1.0
3.10353398323 -1.0
3.10435295105 -1.0
3.10499787331 -1.0
3.10583281517 -1.0
3.12399888039 -1.0
3.14204382896 -1.0
3.16189479828 -1.0
3.24193286896 -1.0
3.26156783104 -1.0
3.26160478592 1.0
3.28839683533 -1.0
3.29176878929 -1.0
3.29225683212 -1.0
3.29282283783 -1.0
3.29706788063 -1.0
3.30810689926 -1.0
3.34968996048 -1.0
3.42962694168 -1.0
3.43106889725 -1.0
3.44940900803 -1.0
3.44950890541 1.0
3.47693991661 -1.0
3.47821998596 -1.0
3.47866392136 -1.0
3.47927880287 -1.0
3.49663186073 -1.0
3.53761601448 -1.0
3.58495283127 -1.0
3.6047668457 -1.0
3.61212992668 -1.0
3.61215400696 1.0
3.61628198624 -1.0
3.62470579147 -1.0
3.65464782715 -1.0
3.66154384613 -1.0
3.66294884682 -1.0
3.67448282242 -1.0
3.6980907917 -1.0
3.71787786484 -1.0
3.77447891235 -1.0
3.79610180855 -1.0
3.79640293121 -1.0
3.7964220047 1.0
3.80279898643 -1.0
3.81586194038 -1.0
3.84342098236 -1.0
3.84366083145 -1.0
3.84513282776 -1.0
3.84849381447 -1.0
3.84952783585 -1.0
3.86371183395 -1.0
3.88195800781 -1.0
3.88212895393 -1.0
3.88213300705 1.0
3.90159296989 -1.0
3.95765590668 -1.0
3.97998285294 -1.0
3.9810898304 -1.0
3.98637580872 -1.0
3.99980187416 -1.0
4.0228369236 -1.0
4.0284178257 -1.0
4.02967786789 -1.0
4.03045201302 -1.0
4.03047084808 1.0
4.03169393539 -1.0
4.04242181778 -1.0
4.08577299118 -1.0
4.14173197746 -1.0
5.09552788734 -1.0
5.09570193291 -1.0
5.11500597 -1.0
6.0957159996 -1.0
6.09572601318 1.0
6.09617686272 -1.0
6.11536598206 -1.0
7.09639000893 -1.0
7.0966258049 -1.0
7.09681892395 -1.0
7.11591100693 -1.0
7.50210094452 -1.0
7.61674380302 -1.0
7.69760799408 -1.0
7.7855489254 -1.0
7.79616785049 -1.0
7.79617595673 1.0
7.80521202087 -1.0
8.64200592041 -1.0
15.7038249969 -1.0
16.7134008408 -1.0
16.8984129429 -1.0
16.9180898666 -1.0
