0.00000000 1    
1.18021585 -1   
1.38345197 1    
1.38362628 -1   
1.53361283 1    
1.53365750 -1   
1.68261584 1    
1.68265463 -1   
1.87687937 -1   
1.94512806 1    
2.03530089 -1   
2.14328594 1    
2.26441829 -1   
2.46117744 1    
2.46940184 -1   
2.60876566 1    
2.61671360 -1   
2.77231803 -1   
2.85488107 1    
3.04234270 1    
3.04272831 -1   
3.20917732 1    
3.20921617 -1   
3.49171632 -1   
3.70180722 1    
3.70305447 1    
3.70341598 1    
3.72876213 1    
3.73687203 -1   
3.89438683 1    
3.89493395 -1   
3.93280584 -1   
4.13265052 1    
4.13294649 -1   
4.32835366 1    
4.32872472 -1   
4.41913780 1    
4.42062937 1    
4.45261851 1    
4.45411154 1    
4.45560936 1    
4.48917230 1    
4.57929114 1    
4.64403627 1    
4.81268912 1    
4.81301673 -1   
5.02209157 -1   
5.22167957 1    
5.22261967 1    
5.53424961 1    
5.53548985 1    
5.53586522 1    
5.72508812 1    
10.13338826 -1   
14.71110028 1    
21.50630046 -1   
25.73726070 -1   
25.88439447 -1   
