0.00000000 -1   
0.23174448 1    
0.23195520 -1   
0.37909577 -1   
0.41011308 1    
0.53945451 1    
0.53949589 -1   
0.59696531 1    
0.72916207 -1   
0.92983949 1    
0.93017149 -1   
1.07700353 1    
1.07741861 -1   
1.30343200 -1   
1.30789627 1    
1.49608515 1    
1.49642989 -1   
1.64585379 -1   
1.82037506 1    
1.82068658 -1   
2.01171813 1    
2.19959070 1    
2.19989449 -1   
2.69771218 1    
2.69922404 1    
2.69958665 1    
2.73817392 -1   
2.76119675 1    
2.88773999 1    
2.88778066 -1   
3.07705264 -1   
3.25948511 1    
3.25978732 -1   
3.44571888 1    
3.44603180 -1   
3.58347436 1    
3.58496380 1    
3.59809126 1    
3.63192381 1    
3.63343967 1    
3.78056086 1    
3.86356184 1    
3.92680716 1    
3.98874428 1    
4.07295506 1    
4.07331442 -1   
4.27313018 -1   
4.56165237 1    
4.56258056 1    
4.82851278 1    
4.82973068 1    
4.83013032 1    
5.01783946 1    
9.26020538 -1   
17.72022868 1    
20.51913063 1    
25.03349598 -1   
25.18215754 -1   
