0.00000000 -1   
0.29349630 -1   
0.36877864 1    
0.44419907 -1   
0.51978273 1    
0.52959232 -1   
0.59257803 -1   
0.69867538 1    
0.93802414 1    
0.93835992 -1   
0.97258596 1    
1.00156851 1    
1.07178398 1    
1.11738447 1    
1.28082713 1    
1.28100541 -1   
1.43814605 1    
1.43818383 -1   
1.60707091 1    
1.60711077 -1   
1.61519788 1    
1.64467826 1    
1.64618826 1    
1.78259071 1    
1.78263737 -1   
1.98788082 1    
1.98822441 -1   
2.20397459 1    
2.44907233 1    
2.44943141 -1   
3.07390995 1    
3.07535222 1    
3.07560454 1    
3.10958215 -1   
3.17455903 1    
3.27113297 1    
3.27117058 -1   
3.47596869 -1   
3.67113199 1    
3.67146083 -1   
3.84362520 1    
3.84398622 -1   
4.03807988 1    
4.03957028 1    
4.03995210 1    
4.13452843 1    
4.13602068 1    
4.22711938 1    
4.35065615 1    
4.37450756 1    
4.44060928 1    
4.55581419 1    
4.55616364 -1   
4.78120593 -1   
5.22638106 1    
5.22731487 1    
5.34184035 1    
5.34330366 1    
5.37692346 1    
5.57836095 1    
9.67183820 -1   
17.98844252 1    
21.81648041 1    
25.60204776 -1   
25.74921039 -1   
