0.00000000 -1   
3.00585244 -1   
3.20965380 1    
3.20985729 -1   
3.35786878 1    
3.35790783 -1   
3.50657218 1    
3.50661276 -1   
3.76439845 1    
3.76455355 -1   
4.00835380 -1   
4.08914855 1    
4.15505212 -1   
4.27529592 1    
4.30172931 -1   
4.51590551 1    
4.51625803 -1   
4.66384735 1    
4.66418601 -1   
4.98277072 1    
4.98426086 1    
4.98464131 1    
5.00898174 -1   
5.03035524 -1   
5.04398952 1    
5.15812410 1    
5.15818530 -1   
5.30567846 1    
5.30572326 -1   
5.49480063 -1   
5.53979933 1    
5.64168625 -1   
5.69038770 1    
5.72589558 1    
5.72622776 -1   
5.77358365 1    
5.77505811 1    
5.78912823 -1   
5.80230689 1    
5.80379265 1    
5.80504300 1    
5.87387938 1    
6.01045192 1    
6.01972331 1    
6.15889403 1    
6.16538550 1    
6.16571801 -1   
6.31358101 -1   
6.62258600 1    
6.62351973 1    
6.73454042 1    
6.73600798 1    
6.77064952 1    
6.97138486 1    
7.00897187 -1   
7.11816780 1    
7.15582110 -1   
7.30357057 1    
7.30391496 -1   
7.46721572 1    
7.46754942 -1   
7.67509585 1    
10.82557657 -1   
11.54055932 -1   
11.90074276 -1   
16.12926432 1    
22.57712393 1    
26.99035891 -1   
27.13815412 -1   
