0.00000000 1    
1.81151208 -1   
2.15626440 1    
2.15646691 -1   
2.30288455 -1   
2.30817045 1    
2.47046496 1    
2.47050084 -1   
2.49400115 1    
2.66192902 -1   
2.80688888 1    
2.84552367 1    
2.85726914 1    
2.87049000 1    
2.87078868 -1   
2.95302663 1    
3.07439385 1    
3.14297025 1    
3.14334465 -1   
3.33753627 -1   
3.34080817 1    
3.48043656 1    
3.50062699 1    
3.50066376 -1   
3.52885604 1    
3.72443027 1    
3.72447337 -1   
3.89651304 1    
3.89685275 -1   
4.09290488 1    
4.27877822 1    
4.27914295 -1   
4.87511498 1    
4.87659912 1    
4.87714649 1    
4.91224399 -1   
4.99826928 1    
5.06059403 1    
5.06064165 -1   
5.24942146 -1   
5.50457248 1    
5.50489076 -1   
5.65607330 1    
5.65644751 -1   
5.95746705 1    
5.95898441 1    
5.95933776 1    
6.08666337 1    
6.08815642 1    
6.14809785 1    
6.26204801 1    
6.30281862 1    
6.37400250 1    
6.44998339 1    
6.45033603 -1   
6.62014161 -1   
7.06062117 1    
7.06154650 1    
7.28897244 1    
7.29019835 1    
7.29057897 1    
7.47827889 1    
11.50528271 -1   
16.85720846 -1   
23.19435278 -1   
24.96345999 1    
24.96363239 -1   
26.29931590 -1   
27.50881154 -1   
27.65660983 -1   
