3.49269279 -1   
3.80166051 1    
3.97635084 1    
3.97676068 -1   
4.15691491 -1   
4.25290593 1    
4.34750109 1    
4.34771565 -1   
4.47620850 1    
4.60965081 -1   
4.70639503 1    
4.80054780 -1   
4.89928745 1    
4.99068522 -1   
5.18586816 -1   
5.34703560 1    
5.54425363 1    
5.54459813 -1   
5.75753874 1    
5.75758071 -1   
6.00361490 -1   
6.33686952 1    
6.33835296 1    
6.33873760 1    
6.37672766 -1   
6.42456464 1    
6.57967644 1    
6.57971956 -1   
6.86711025 -1   
6.99532996 1    
7.11874237 -1   
7.23378344 1    
7.40456071 -1   
7.43623400 1    
7.43747771 1    
7.43910427 1    
7.56216105 1    
7.56365223 1    
7.64948887 1    
7.73681557 1    
7.85561182 1    
7.96668308 1    
8.06015606 1    
8.06053812 -1   
8.42947455 -1   
8.58557940 1    
8.58651305 1    
8.97969718 1    
9.05531260 1    
9.07054796 1    
9.08354039 1    
9.24875740 1    
9.24893439 -1   
10.00688007 -1   
12.76106040 -1   
12.90620219 1    
13.04436561 -1   
19.17011923 1    
24.39850678 -1   
29.09803482 -1   
29.31801404 -1   
