0.00000000 -1   
0.01242913 1    
0.22863391 1    
0.22917914 -1   
0.37841509 -1   
0.41902504 1    
0.52555687 -1   
0.60533576 1    
0.67273435 -1   
0.75272136 1    
0.82014134 -1   
0.89991507 1    
0.96730130 -1   
1.04808178 1    
1.11422339 -1   
1.31590384 1    
1.46306715 1    
1.46342441 -1   
1.65091254 -1   
1.80889447 1    
1.80920491 -1   
1.91503048 1    
1.91620449 1    
1.95808920 1    
1.99253157 -1   
2.00265799 1    
2.01107564 -1   
2.14278430 1    
2.14282503 -1   
2.28929153 -1   
2.34608129 1    
2.53247733 1    
2.53280193 -1   
2.68298107 1    
2.68336271 -1   
2.74026234 1    
2.74175601 1    
2.81597153 1    
2.81743500 1    
2.81895826 1    
2.83253260 1    
2.95988045 1    
2.98137801 1    
3.14006414 1    
3.14043140 -1   
3.33094953 -1   
3.60075151 1    
3.60168685 1    
3.79989887 1    
3.80139443 1    
3.80177518 1    
3.98972687 1    
8.53321892 -1   
12.35786041 1    
12.35804434 -1   
16.96736971 -1   
24.01652675 -1   
24.16729242 -1   
