0.00000000 -1   
0.20462170 1    
0.39149993 1    
0.39201789 -1   
0.54039113 -1   
0.58215756 1    
0.61554010 1    
0.61701121 1    
0.63578242 1    
0.76468141 1    
0.76489071 -1   
0.91341525 -1   
0.93695509 1    
0.97383685 1    
0.99607008 1    
0.99756285 1    
1.12399845 1    
1.12435223 -1   
1.27149133 -1   
1.47211319 -1   
1.48566037 1    
1.67884472 1    
1.67924148 -1   
1.85740546 1    
1.85744465 -1   
2.08774721 -1   
2.28838681 1    
2.28957776 1    
2.28994872 1    
2.32387291 -1   
2.34555224 1    
2.47343201 1    
2.47347177 -1   
2.70362368 -1   
2.75091529 1    
2.89578761 -1   
2.93864324 1    
3.12764443 -1   
3.13134512 1    
3.13281816 1    
3.13321358 1    
3.19155377 1    
3.19278442 1    
3.28062961 1    
3.34345760 1    
3.42802755 1    
3.52710879 1    
3.57437735 1    
3.57472877 -1   
3.88794610 -1   
3.99283567 1    
3.99377350 1    
4.33691172 1    
4.33840039 1    
4.33877606 1    
4.53248846 1    
7.23759902 1    
8.75167958 -1   
12.88536672 1    
13.50255781 1    
13.50274235 -1   
15.47898082 -1   
19.44284791 1    
24.07822069 -1   
24.55172786 -1   
24.69929788 -1   
