0.00000000 -1   
0.21425785 1    
0.21446387 -1   
0.36441874 1    
0.36447772 -1   
0.51417005 1    
0.51421121 -1   
0.75667227 1    
0.75684641 -1   
0.90431096 -1   
1.05677172 1    
1.05708750 -1   
1.23742499 1    
1.23775072 -1   
1.38982808 1    
1.39018998 -1   
1.53824730 1    
1.79557383 -1   
1.80432577 1    
1.95148964 1    
1.95152632 -1   
2.14332933 -1   
2.32627553 1    
2.32658617 -1   
2.44668161 1    
2.44812585 1    
2.47497033 1    
2.49532959 1    
2.50901863 -1   
2.64385643 1    
2.64421217 -1   
2.70328086 -1   
2.79425665 1    
2.98666891 1    
2.98703163 -1   
3.13641542 1    
3.13678055 -1   
3.21142102 1    
3.21293274 1    
3.24143155 1    
3.24289473 1    
3.24414503 1    
3.28599313 1    
3.44705909 1    
3.54675271 1    
3.59372512 1    
3.59405207 -1   
3.78339827 -1   
4.06048843 1    
4.06164616 1    
4.23508620 1    
4.23657453 1    
4.23695428 1    
4.42418276 1    
8.98740756 -1   
15.86179425 1    
16.01019010 1    
16.01034775 -1   
17.80259107 -1   
24.44145773 -1   
24.58924360 -1   
