0.00000000 -1   
0.19078884 1    
0.19099152 -1   
0.33793548 1    
0.33819740 -1   
0.48871045 1    
0.48875016 -1   
0.63803301 1    
0.63835463 -1   
0.68190965 1    
0.71064412 1    
0.72088929 1    
0.73036095 1    
0.78674412 1    
0.78692648 -1   
0.93533458 1    
0.93565370 -1   
0.98223745 1    
0.99073115 1    
1.01122078 1    
1.08617296 1    
1.22505003 -1   
1.23343825 1    
1.38060623 1    
1.38091494 -1   
1.62594311 1    
1.62626317 -1   
1.97649731 1    
2.22540617 -1   
2.38378140 1    
2.38409020 -1   
2.53203491 1    
2.61381241 -1   
2.71990498 1    
2.72951251 -1   
2.76106051 -1   
2.94995497 1    
3.13793571 1    
3.22522644 -1   
3.28499416 1    
3.42586256 -1   
3.43242628 1    
3.57327430 -1   
3.76122145 1    
3.76155264 -1   
3.89907146 1    
3.90055508 1    
3.90868919 1    
3.94553729 -1   
3.95181400 1    
4.09515473 1    
4.09519367 -1   
4.28586977 -1   
4.39342584 1    
4.43454014 -1   
4.58110803 1    
4.58294873 -1   
4.72809078 1    
4.72958054 1    
4.72995545 1    
4.77078939 1    
4.77205900 1    
4.91845648 1    
4.92172743 1    
5.04716123 1    
5.06544277 1    
5.06578942 -1   
5.25783917 -1   
5.52064206 1    
5.52156814 1    
5.71076189 1    
5.71199616 1    
5.71238257 1    
5.90232865 1    
6.40320838 1    
6.40338009 -1   
7.22261573 -1   
10.39409599 -1   
12.46714399 -1   
16.70083158 -1   
21.35692424 -1   
25.79113445 1    
25.91837621 -1   
