0.00000000 -1   
0.14898897 -1   
0.36116354 1    
0.51958307 1    
0.51997736 -1   
0.68793137 -1   
0.71706365 1    
0.75111252 1    
0.77160275 1    
0.79256860 1    
0.93440053 1    
0.96945569 -1   
1.16222427 1    
1.16252812 -1   
1.35016052 1    
1.35050914 -1   
1.53900559 1    
1.53931601 -1   
1.71740207 1    
1.90856014 1    
1.90889912 -1   
2.09937275 -1   
2.24810270 1    
2.24842104 -1   
2.37543547 1    
2.37667399 1    
2.39704717 1    
2.42465332 1    
2.43480094 -1   
2.59327903 1    
2.59365370 -1   
2.64307385 -1   
2.86548652 1    
2.86579918 -1   
3.03847194 1    
3.03882472 -1   
3.09525028 1    
3.09649152 1    
3.16547807 1    
3.16695122 1    
3.16822156 1    
3.18806507 1    
3.29363962 1    
3.33624881 1    
3.48757063 1    
3.48791250 -1   
3.74421315 -1   
3.92154892 1    
3.92248030 1    
4.19962954 1    
4.20085853 1    
4.20123797 1    
4.39143788 1    
8.86621717 -1   
17.67704413 1    
22.98952472 1    
24.41828034 -1   
24.60226098 -1   
