0.00000000 -1   
0.14833206 -1   
0.23080025 1    
0.29570607 -1   
0.37821155 1    
0.44412487 -1   
0.52646542 1    
0.67468386 1    
0.67523582 -1   
0.82340228 -1   
0.87426211 1    
0.90456271 1    
0.93654953 1    
1.05350295 1    
1.05369016 -1   
1.20074150 1    
1.20077947 -1   
1.27759990 1    
1.28734246 1    
1.32382149 1    
1.34996438 1    
1.49816534 1    
1.49849306 -1   
1.69316204 -1   
1.72819056 1    
1.88455222 -1   
2.10072914 1    
2.10105177 -1   
2.50799635 1    
2.53262998 1    
2.53387688 1    
2.56861288 1    
2.60315551 -1   
2.68303075 1    
2.68336009 -1   
2.75104446 -1   
3.08322082 1    
3.08353772 -1   
3.19275736 1    
3.19399755 1    
3.20324553 1    
3.23446477 1    
3.23449496 -1   
3.24572459 1    
3.31893049 1    
3.38319334 1    
3.54062632 1    
3.67347828 1    
3.68674659 1    
3.68706745 -1   
3.87766984 -1   
4.22021732 1    
4.22110879 1    
4.35259483 1    
4.35383561 1    
4.36871056 1    
4.55666117 1    
8.25494503 -1   
9.08388469 -1   
15.32553068 -1   
20.29236844 1    
20.29250230 -1   
22.08963321 -1   
24.58681441 -1   
24.73400417 -1   
