0.00000000 1    
0.97431201 -1   
1.16449982 -1   
1.26447563 1    
1.52066896 1    
1.52104981 -1   
1.76217783 -1   
1.79825426 1    
1.99864018 1    
1.99880225 -1   
2.14691307 -1   
2.24316905 1    
2.29532240 -1   
2.43114573 1    
2.44273779 -1   
2.63543945 1    
2.63575598 -1   
2.83807072 1    
2.83837364 -1   
2.98652898 1    
3.31645932 1    
3.31769899 1    
3.31807049 1    
3.35043557 1    
3.35415119 -1   
3.46547966 1    
3.46577862 -1   
3.54261345 -1   
3.79052834 1    
3.79086125 -1   
3.94327544 1    
3.94364356 -1   
3.96833205 1    
3.96982565 1    
3.99231386 1    
3.99380798 1    
3.99505605 1    
4.09389474 1    
4.24142912 1    
4.24145292 1    
4.38534630 1    
4.38761011 1    
4.38792530 -1   
4.57751922 -1   
4.79760268 1    
4.79829325 1    
5.03052339 1    
5.03171552 1    
5.03209327 1    
5.22029626 1    
9.45714298 -1   
9.79119957 -1   
14.27507223 1    
20.85589845 -1   
25.24151319 -1   
25.38915088 -1   
25.39540454 1    
25.58224065 -1   
