0.00000000 -1   
0.22415441 1    
0.37106028 1    
0.37158276 -1   
0.56803231 1    
0.60059462 1    
0.62082030 1    
0.74278631 -1   
0.74972221 1    
0.88970373 -1   
0.89800487 1    
1.04542023 1    
1.04545018 -1   
1.11928464 1    
1.12052413 1    
1.19520880 1    
1.19523971 -1   
1.20703081 1    
1.34352097 1    
1.34401136 -1   
1.54563178 1    
1.73181985 1    
1.73212686 -1   
1.87914100 -1   
2.03010196 1    
2.03038277 -1   
2.12021107 1    
2.12145183 1    
2.17980579 1    
2.20840987 1    
2.21717488 -1   
2.35677313 1    
2.35709744 -1   
2.40513245 -1   
2.60577868 1    
2.77208872 1    
2.77241565 -1   
2.80060164 1    
2.85930152 1    
2.86078176 1    
2.92029875 -1   
2.95648050 1    
2.95797388 1    
2.95922672 1    
2.99480323 1    
3.23286751 1    
3.42848422 1    
3.42884469 -1   
3.57767572 -1   
3.82273596 1    
3.82367367 1    
4.01267537 1    
4.01412198 1    
4.01449822 1    
4.15080272 1    
4.15096357 -1   
4.20105372 1    
7.08942202 -1   
8.77273441 -1   
15.47286001 -1   
21.61958402 -1   
24.21624892 -1   
24.36330518 -1   
