0.00000000 -1   
0.24825951 1    
0.24846008 -1   
0.39562052 -1   
0.42590730 1    
0.55198866 1    
0.55201997 -1   
0.61148614 1    
0.74420791 -1   
0.90188277 1    
0.90204543 -1   
1.04880011 1    
1.09246007 -1   
1.37039880 -1   
1.49579676 1    
1.64396008 1    
1.64427538 -1   
1.85684191 1    
1.85717059 -1   
2.00529213 1    
2.00561835 -1   
2.15391821 1    
2.50850804 1    
2.50879841 -1   
3.00808061 1    
3.00932342 1    
3.00970489 1    
3.04799209 -1   
3.05330943 1    
3.19637985 1    
3.19641237 -1   
3.38816401 -1   
3.48965364 1    
3.53608649 -1   
3.73559508 1    
3.73596646 -1   
3.83361042 1    
3.83485194 1    
3.88321077 1    
3.89806568 1    
3.89931557 1    
4.04670718 1    
4.06424187 1    
4.19293253 1    
4.26910945 1    
4.33915434 1    
4.33947389 -1   
4.52800579 -1   
4.81209676 1    
4.81299102 1    
4.98870169 1    
4.99019042 1    
4.99057021 1    
5.17852384 1    
9.23733353 -1   
9.49036474 -1   
12.64170633 -1   
16.78183778 -1   
20.85399987 1    
22.58925612 1    
22.58940553 -1   
25.20199210 -1   
25.34935058 -1   
