0.00000000 -1   
0.21657636 1    
0.21676126 -1   
0.36443456 -1   
0.39386507 1    
0.54082682 -1   
0.73196326 -1   
0.73299780 1    
0.77990049 1    
0.78814090 1    
0.81887552 1    
0.88258710 1    
0.88274241 -1   
0.92016414 1    
1.07576445 -1   
1.10771428 1    
1.13031830 1    
1.16391018 1    
1.17366998 1    
1.25288468 1    
1.25322785 -1   
1.27691486 1    
1.44381627 -1   
1.62474726 1    
1.62609349 -1   
1.77467784 1    
1.77498501 -1   
1.92334468 1    
1.92364642 -1   
2.09822415 1    
2.09854039 -1   
2.19782094 1    
2.19930996 1    
2.23931517 1    
2.24828603 1    
2.27161828 -1   
2.39555429 1    
2.46397859 -1   
2.68753581 1    
2.68879967 1    
2.68942622 1    
2.73553277 1    
2.73702267 1    
2.83793897 1    
2.83827702 -1   
2.98607223 1    
3.06786345 -1   
3.23925374 1    
3.48237914 1    
3.48267580 -1   
3.67178106 -1   
3.87662237 1    
3.87769941 1    
4.09650511 1    
4.09774289 1    
4.09837496 1    
4.28705934 1    
11.51410767 1    
15.06649407 -1   
22.68396220 1    
22.68411820 -1   
24.30152072 -1   
24.44961997 -1   
