0.00000000 -1   
0.19627582 1    
0.19647786 -1   
0.34318947 1    
0.34345284 -1   
0.46943749 -1   
0.49269402 1    
0.49272934 -1   
0.64027052 1    
0.64816597 1    
0.66840535 1    
0.66871277 -1   
0.68939123 1    
0.79649218 1    
0.94459450 1    
0.94492493 -1   
1.21893750 1    
1.40583312 1    
1.40617688 -1   
1.55443810 -1   
1.70690288 1    
1.70720043 -1   
1.87905915 1    
1.87938886 -1   
2.02797509 1    
2.02826965 -1   
2.17639317 1    
2.59431102 1    
2.59579926 1    
2.59617642 1    
2.61554106 1    
2.63216835 -1   
2.74508248 1    
2.74537437 -1   
2.82396160 -1   
3.33372957 1    
3.33406591 -1   
3.46205685 1    
3.46354775 1    
3.46479942 1    
3.47079392 1    
3.47229534 1    
3.48421924 1    
3.48423080 -1   
3.63380521 1    
3.82235231 1    
3.82241799 1    
3.97453476 1    
3.97486835 -1   
4.16794831 -1   
4.46373497 1    
4.46467206 1    
4.60615954 1    
4.60764323 1    
4.61227462 1    
4.79972492 1    
9.33497485 -1   
16.13580020 -1   
20.97987686 1    
20.98000098 -1   
21.48070034 -1   
24.83387471 -1   
24.98102167 -1   
