0.00000000 -1   
0.22227740 1    
0.22245676 -1   
0.37193950 1    
0.37197551 -1   
0.52241891 1    
0.52245304 -1   
0.75444643 1    
0.75460422 -1   
0.90333494 -1   
1.05751833 1    
1.05777735 -1   
1.26589916 1    
1.26620391 -1   
1.51828144 1    
1.70616068 1    
1.70648259 -1   
1.85528919 -1   
2.01022496 1    
2.01051503 -1   
2.15989467 1    
2.16023224 -1   
2.30982845 1    
2.31012974 -1   
2.51245882 1    
2.63178183 1    
2.63327385 1    
2.68551877 1    
2.70171564 1    
2.71865101 -1   
2.86821751 -1   
3.24692669 1    
3.24859381 1    
3.24937180 1    
3.25091614 1    
3.25241499 1    
3.36963001 1    
3.36998017 -1   
3.39867616 1    
3.51931007 -1   
3.82213498 1    
4.02326677 1    
4.02359629 -1   
4.17321496 -1   
4.52744474 1    
4.52839682 1    
4.61389785 1    
4.61513309 1    
4.67724015 1    
4.86645366 1    
8.14534527 -1   
12.82456642 1    
19.18016445 1    
21.72496799 1    
21.72512635 -1   
22.81612086 -1   
24.88831797 -1   
25.03773024 -1   
