0.00000000 -1   
0.14818720 -1   
0.21043811 1    
0.35783394 1    
0.35816043 -1   
0.50500269 1    
0.50541661 -1   
0.65491179 1    
0.65494703 -1   
0.76502244 1    
0.80577076 1    
0.80579347 -1   
1.03794373 1    
1.14408773 -1   
1.31353549 1    
1.31383821 -1   
1.48743932 1    
1.48774965 -1   
1.68910107 1    
1.91019710 1    
1.91052024 -1   
2.53760949 1    
2.53797640 -1   
3.16339994 1    
3.16489046 1    
3.16525074 1    
3.19933681 -1   
3.25185243 1    
3.34815487 1    
3.34819183 -1   
3.53895811 -1   
3.74989135 1    
3.75159926 -1   
3.90188860 1    
3.90221177 -1   
4.10284582 1    
4.10412179 1    
4.10472883 1    
4.19928874 1    
4.20078116 1    
4.29163551 1    
4.42816041 1    
4.43903861 1    
4.50539402 1    
4.59059441 1    
4.59096873 -1   
4.74276747 -1   
5.26520878 1    
5.26613638 1    
5.37314046 1    
5.37460690 1    
5.41374185 1    
5.66316070 1    
9.75200618 -1   
13.06283315 1    
17.16915805 -1   
24.57124713 1    
25.68750712 -1   
25.91118253 -1   
