0.00000000 -1   
0.22477601 1    
0.22531342 -1   
0.37480114 -1   
0.40939497 1    
0.59822425 1    
0.59840111 -1   
0.86352799 -1   
0.87081669 1    
1.01193523 -1   
1.05893694 1    
1.16137011 -1   
1.33979741 1    
1.34008620 -1   
1.48795886 1    
1.53437353 -1   
1.70183845 1    
1.86422485 -1   
1.99306360 1    
1.99454663 1    
1.99479833 1    
2.03892975 -1   
2.05433081 -1   
2.07503192 1    
2.14594177 1    
2.14627532 -1   
2.20198045 -1   
2.32871329 1    
2.39013780 -1   
2.53933951 1    
2.53966089 -1   
2.69136455 1    
2.69169274 -1   
2.71791187 1    
2.76813111 1    
2.76935588 1    
2.81060296 1    
2.81210424 1    
2.84201902 1    
2.84204605 -1   
2.99235674 1    
2.99447547 1    
3.14219773 1    
3.29008942 1    
3.33783399 1    
3.33813709 -1   
3.53022343 -1   
3.77828727 1    
3.77922336 1    
3.97017855 1    
3.97143873 1    
3.97181419 1    
4.16649530 1    
8.54003817 -1   
16.53560311 1    
21.55920995 1    
24.19487133 -1   
24.34305918 -1   
