0.00000000 -1   
0.26225651 1    
0.26246863 -1   
0.41169298 1    
0.41210625 -1   
0.56342087 1    
0.56345440 -1   
0.71277486 1    
0.71309254 -1   
0.86241613 1    
0.86259084 -1   
1.01184998 1    
1.01216748 -1   
1.17501004 1    
1.17534580 -1   
1.32466895 1    
1.35672423 -1   
1.50754628 1    
1.50783023 -1   
1.65722765 1    
1.65755412 -1   
2.03076386 1    
2.03109757 -1   
2.06239871 1    
2.06389240 1    
2.17883362 1    
2.18203534 1    
2.21234394 -1   
2.39780877 1    
2.39784655 -1   
2.62307724 1    
2.62432066 1    
2.62467882 1    
2.71001433 1    
2.71127491 1    
2.81444012 1    
2.81476691 -1   
2.96404989 1    
2.96437357 -1   
3.17802521 1    
3.38465943 1    
3.38500161 -1   
3.53460586 -1   
3.77791697 1    
3.77885573 1    
3.93532513 1    
3.93654872 1    
3.93692782 1    
4.12588705 1    
11.62168672 1    
14.26650054 1    
14.26666776 -1   
15.36401922 -1   
18.81566207 1    
21.15806733 1    
24.16663973 -1   
24.31492482 -1   
26.32067413 -1   
