0.00000000 -1   
0.21101107 1    
0.35915496 1    
0.35966985 -1   
0.50901557 -1   
0.55004110 1    
0.57844740 1    
0.59868668 1    
0.60842953 1    
0.72858831 1    
0.72888658 -1   
0.90233828 1    
0.90263127 -1   
1.10424131 1    
1.29362311 1    
1.29392358 -1   
1.47359971 -1   
1.63469216 1    
1.63499080 -1   
1.78435858 1    
1.78464750 -1   
1.93402480 1    
1.93434189 -1   
2.16236817 1    
2.26646602 1    
2.26772867 1    
2.33718199 1    
2.35114630 1    
2.37049552 -1   
2.51988421 -1   
2.84915037 1    
2.85064406 1    
2.85101746 1    
2.89810077 1    
2.89959617 1    
3.04026097 1    
3.04058278 -1   
3.19036907 1    
3.19067546 -1   
3.50454308 1    
3.63195864 1    
3.65223478 1    
3.65257188 -1   
3.80215239 -1   
4.09243813 1    
4.09335717 1    
4.27306247 1    
4.27455583 1    
4.27493509 1    
4.46364456 1    
9.71233128 1    
9.71250464 -1   
13.49490592 1    
19.50870435 -1   
24.48489728 -1   
24.63320595 -1   
