0.00000000 1    
0.00015909 -1   
0.41475819 -1   
2.10918916 -1   
2.30741956 1    
2.30760111 -1   
2.45601782 -1   
2.47765532 1    
2.66652887 1    
2.66701995 -1   
2.81733699 -1   
2.90982374 1    
2.95069949 1    
2.97068886 1    
3.00390364 1    
3.09936805 1    
3.09971963 -1   
3.34632452 1    
3.39869756 1    
3.40644286 1    
3.41932673 -1   
3.42568323 1    
3.54749669 1    
3.69671416 1    
3.69701394 -1   
3.88671414 -1   
3.90899877 1    
4.11858346 -1   
4.31376532 1    
4.31406024 -1   
4.46193760 1    
4.75315243 1    
4.75466943 1    
4.75504031 1    
4.78817929 -1   
4.79487797 1    
4.90342541 1    
4.90373631 -1   
4.93658242 -1   
5.20076568 1    
5.20109839 -1   
5.35274739 1    
5.35306300 -1   
5.39078817 1    
5.39227741 1    
5.44477628 1    
5.44624603 1    
5.44776571 1    
5.50360211 1    
5.65892411 1    
5.77384296 1    
5.80659205 1    
5.80693830 -1   
6.01075052 -1   
6.22630716 1    
6.22724616 1    
6.41545482 1    
6.41671531 1    
6.41707492 1    
6.60629613 1    
11.20149039 -1   
18.87602718 -1   
22.95456425 -1   
26.61743364 -1   
26.76560652 -1   
