0.00000000 -1   
0.23656076 1    
0.23674543 -1   
0.38495334 1    
0.38521700 -1   
0.53547767 1    
0.53551331 -1   
0.78549934 1    
0.78563764 -1   
0.95939674 -1   
1.08280553 1    
1.10823132 -1   
1.25770867 1    
1.25799339 -1   
1.51807542 1    
1.51840694 -1   
1.66798975 1    
1.66832824 -1   
1.88886229 1    
1.95980593 -1   
2.11611893 1    
2.11763109 1    
2.11858471 1    
2.11887495 -1   
2.13460660 1    
2.16180833 -1   
2.26715511 1    
2.31105830 -1   
2.45501590 1    
2.46168409 -1   
2.60370640 1    
2.61138463 -1   
2.70679921 1    
2.72651318 1    
2.72775904 1    
2.73477505 1    
2.73627609 1    
2.73752318 1    
2.76213080 1    
2.76215384 -1   
3.00264215 1    
3.21475296 1    
3.21506892 -1   
3.36445075 -1   
3.59626739 1    
3.59745672 1    
3.79690606 1    
3.79839377 1    
3.79864441 1    
3.98799573 1    
8.23430801 -1   
8.60439080 -1   
12.96604293 -1   
14.47314256 1    
20.96068986 1    
23.83005869 1    
24.00134398 -1   
24.15180465 -1   
