0.00000000 -1   
0.18167178 1    
0.18186905 -1   
0.32934019 1    
0.32986199 -1   
0.36901945 -1   
0.48107050 1    
0.54886904 1    
0.54921747 -1   
0.57135542 1    
0.59309150 1    
0.65505549 1    
0.66655900 1    
0.75330030 -1   
0.81381084 1    
0.90043944 -1   
0.93514878 1    
0.94463623 1    
0.95436299 1    
1.00308084 1    
1.14255188 -1   
1.17433279 1    
1.36268063 -1   
1.55098634 1    
1.55134497 -1   
1.72232807 1    
1.72236592 -1   
1.95311637 -1   
2.12671055 1    
2.12795517 1    
2.12831654 1    
2.16374638 -1   
2.16744273 1    
2.18715753 1    
2.37209739 1    
2.37213531 -1   
2.54034285 1    
2.54038190 -1   
2.69380139 1    
2.69384544 -1   
2.88277982 1    
2.88281823 -1   
2.88426966 1    
2.88464157 1    
2.93650144 1    
2.93774234 1    
3.03339001 1    
3.03868730 1    
3.18513401 1    
3.28030721 1    
3.37387537 1    
3.37426778 -1   
3.56518254 -1   
3.74201886 1    
3.74295453 1    
3.89793204 1    
3.89960950 1    
3.89985968 1    
4.08727522 1    
7.69461426 -1   
14.56669702 1    
23.04408755 1    
24.09988342 -1   
24.24732108 -1   
