0.00000000 -1   
0.11333859 1    
0.26273202 1    
0.41089391 1    
0.41142800 -1   
0.68351287 1    
0.68368742 -1   
0.94482013 -1   
1.03878720 1    
1.09195251 -1   
1.22567892 1    
1.23914288 -1   
1.44280283 1    
1.44310698 -1   
1.59146766 1    
1.59180664 -1   
1.74016395 1    
1.94580410 -1   
2.10142542 1    
2.10172004 -1   
2.11134331 1    
2.11258666 1    
2.17953296 1    
2.22490133 -1   
2.25025328 1    
2.29579139 -1   
2.39750803 1    
2.48715426 -1   
2.68159171 1    
2.79243670 1    
2.79276165 -1   
2.81594293 1    
2.81743219 1    
2.82933397 1    
2.85517083 1    
2.85665816 1    
2.94164645 -1   
3.00377766 1    
3.22971965 1    
3.37337793 1    
3.37588897 1    
3.37629166 -1   
3.52455748 -1   
3.78711559 1    
3.78805107 1    
3.93855308 1    
3.94003888 1    
3.94039842 1    
4.12787348 1    
8.38910132 1    
8.79313404 -1   
13.97308632 -1   
17.18576176 -1   
24.08510767 -1   
24.16442395 -1   
24.24247821 -1   
