3.27926100 1    
3.43644563 1    
3.67446435 -1   
3.67461719 1    
3.84938060 -1   
3.84942415 1    
4.01137376 -1   
4.01141314 1    
4.19502087 -1   
4.22207089 -1   
4.26452797 -1   
4.28362380 1    
4.36303203 -1   
4.37240222 -1   
4.52258253 -1   
4.52288434 1    
4.67258929 1    
4.69937636 -1   
4.86322696 1    
5.00994893 -1   
5.01287091 1    
5.15938267 -1   
5.28420657 1    
5.41963920 -1   
5.45322150 1    
5.56893561 -1   
5.60258456 1    
5.77078743 -1   
5.77108483 1    
5.80042361 -1   
5.92160999 -1   
5.92229397 1    
6.07086525 -1   
6.11503629 1    
6.30198459 -1   
6.30230195 1    
6.45463877 -1   
6.45490132 1    
6.65493003 -1   
6.65642388 -1   
6.65689877 -1   
6.67391873 -1   
6.67541755 -1   
6.82263226 -1   
6.86804531 -1   
6.97152701 -1   
12.30005556 -1   
16.64732024 -1   
16.88393728 -1   
24.51382608 -1   
29.82401822 -1   
31.02920965 1    
31.30549079 1    
31.32198782 -1   
31.32249768 1    
31.49052268 1    
31.50554857 -1   
31.66867511 1    
31.71083241 -1   
31.72132317 -1   
31.75356099 -1   
31.76337496 -1   
31.76805062 -1   
31.87475750 -1   
31.94525054 -1   
31.94557422 1    
32.10870742 -1   
32.10902369 1    
32.30284160 -1   
32.30553159 1    
32.57294013 -1   
32.57326167 1    
32.85752480 -1   
32.85785714 1    
33.06565751 -1   
33.06598600 1    
33.27103468 -1   
33.40061995 -1   
33.47910432 -1   
33.51316296 1    
33.92309584 -1   
33.92392252 1    
34.07754218 1    
34.31294785 -1   
34.31322173 1    
34.52207423 -1   
34.52234042 1    
34.97199361 -1   
35.19909576 -1   
35.20058433 -1   
35.20107999 -1   
35.24431491 -1   
35.24556286 -1   
35.42575720 -1   
