0.00000000 -1   
0.00016294 1    
2.88033795 1    
3.03070567 1    
3.19613245 -1   
3.19642279 1    
3.34681707 -1   
3.53628857 -1   
3.53664418 1    
3.54508989 1    
3.69632257 1    
3.90031612 -1   
3.92246154 1    
4.07288753 -1   
4.07307355 1    
4.22330209 -1   
4.22364740 1    
4.40394722 -1   
4.40428055 1    
4.62781825 -1   
4.92344534 1    
5.07530495 -1   
5.07562716 1    
5.27344272 -1   
5.27372972 1    
5.54229397 -1   
5.73170504 -1   
5.73202070 1    
6.35534528 -1   
6.35566809 1    
6.83525255 -1   
6.86878059 1    
7.24225717 -1   
7.24306938 1    
7.39221155 1    
7.67107547 -1   
7.67133397 1    
7.83947846 -1   
7.83975165 1    
8.08973947 -1   
8.09123119 -1   
8.09161159 -1   
8.13971470 -1   
8.14120290 -1   
8.23665984 -1   
8.27969282 -1   
10.92279623 1    
12.76291262 -1   
12.76324670 1    
18.10387933 -1   
18.29225251 -1   
26.17693053 1    
32.24558063 1    
32.39365289 1    
32.65077336 -1   
32.65100829 1    
32.79868965 -1   
32.79920054 1    
32.79936015 1    
32.95169092 -1   
32.99597864 -1   
32.99602177 1    
33.02595905 -1   
33.03544979 -1   
33.04869570 -1   
33.14299487 -1   
33.18667706 1    
33.29141740 -1   
33.33459239 1    
33.37326353 -1   
33.38100358 -1   
33.40724490 -1   
33.44146799 -1   
33.52548191 1    
33.58948784 -1   
33.72188440 1    
33.92779296 -1   
33.94533205 1    
34.09444902 -1   
34.09475146 1    
34.24386293 -1   
34.24418038 1    
34.42075919 -1   
34.42107464 1    
34.65761901 -1   
35.22049304 -1   
35.25040441 1    
35.60375348 -1   
35.60449951 1    
35.75272183 1    
36.11880218 -1   
36.11910281 1    
36.27045098 -1   
36.27074292 1    
36.70960964 -1   
36.71084398 -1   
36.71122429 -1   
36.76507214 -1   
36.76656628 -1   
36.81929018 -1   
36.89882739 -1   
