0.00000000 -1   
1.81484942 1    
1.96509620 1    
2.02407019 -1   
2.11572625 1    
2.17483681 -1   
2.18467800 1    
2.26639168 1    
2.32948023 -1   
2.41499748 -1   
2.43648732 -1   
2.45097482 -1   
2.47896525 -1   
2.47930722 1    
2.52036134 -1   
2.73774861 -1   
2.73809683 1    
2.89327815 1    
3.05623460 -1   
3.05655461 1    
3.20764591 -1   
3.20797582 1    
3.35832409 -1   
3.35866066 1    
3.55193739 -1   
3.61381597 -1   
3.74351614 -1   
3.77649285 1    
4.12429381 -1   
4.12502972 1    
4.27474118 1    
4.52863486 -1   
4.52893734 1    
4.69628848 -1   
4.69658230 1    
4.90606593 -1   
4.90756357 -1   
4.90794425 -1   
4.92880606 -1   
4.93005083 -1   
5.03826255 -1   
5.07753884 -1   
11.39848390 -1   
14.96442715 -1   
15.12182472 -1   
19.23970992 -1   
19.23980527 1    
26.53856347 -1   
29.15392514 1    
29.36066673 -1   
29.36088964 1    
29.51008350 -1   
29.51035515 1    
29.66733462 -1   
29.66738065 1    
29.84191193 -1   
29.87408214 1    
29.88326941 -1   
29.89351197 -1   
29.92224916 -1   
30.02784979 -1   
30.17854069 -1   
30.17886582 1    
30.36085732 -1   
30.36090148 1    
30.55893644 1    
30.76211061 -1   
30.87417012 1    
30.96649904 -1   
31.08865453 1    
31.13390109 -1   
31.32125170 1    
31.40767247 -1   
31.55691659 -1   
31.55696286 1    
31.84342152 -1   
31.84347126 1    
32.07461325 -1   
32.07465674 1    
32.39926134 -1   
32.39955719 1    
32.54979961 1    
32.73008625 -1   
32.74062951 -1   
32.74212941 -1   
32.74862551 -1   
32.87756056 -1   
32.87879819 -1   
32.89356156 -1   
