0.00000000 1    
1.63741904 1    
1.83951928 -1   
1.83972193 1    
1.98917040 -1   
1.98922591 1    
2.14091831 -1   
2.14096421 1    
2.31424653 -1   
2.35940312 1    
2.37859982 -1   
2.40557994 -1   
2.42106853 -1   
2.51068568 -1   
2.51084376 1    
2.66003417 -1   
2.70144506 1    
2.70540270 -1   
2.73164629 -1   
2.76112815 -1   
2.85032585 -1   
2.99958650 -1   
2.99991677 1    
3.14926767 -1   
3.23365880 1    
3.34089336 -1   
3.54549788 1    
3.69894099 -1   
3.69924908 1    
3.84935340 -1   
3.84964700 1    
4.00051922 -1   
4.00082937 1    
4.20966982 -1   
4.34423658 -1   
4.44144593 -1   
4.47428595 1    
4.97762791 -1   
4.97847295 1    
5.52399777 -1   
5.52430556 1    
5.67352256 1    
6.07473267 -1   
6.07622428 -1   
6.07660344 -1   
6.18442571 -1   
6.18591404 -1   
6.27466527 -1   
6.28561297 -1   
6.42306044 -1   
10.35565835 1    
14.19170005 -1   
16.06287653 -1   
16.21252636 -1   
16.49487826 -1   
16.49505277 1    
19.93018553 1    
24.33040981 1    
28.52799463 -1   
30.34284405 1    
30.49309083 1    
30.55206482 -1   
30.64372088 1    
30.70283144 -1   
30.71267263 1    
30.79438631 1    
30.85747486 -1   
30.94299211 -1   
30.96448196 -1   
30.97896945 -1   
31.00695988 -1   
31.00730186 1    
31.04835597 -1   
31.26574324 -1   
31.26609146 1    
31.42127278 1    
31.58422923 -1   
31.58454924 1    
31.73564054 -1   
31.73597045 1    
31.88631872 -1   
31.88665530 1    
32.07993202 -1   
32.14181061 -1   
32.27151078 -1   
32.30448748 1    
32.65228845 -1   
32.65302435 1    
32.80273581 1    
33.05662950 -1   
33.05693197 1    
33.22428311 -1   
33.22457693 1    
33.43406057 -1   
33.43555820 -1   
33.43593888 -1   
33.45680069 -1   
33.45804546 -1   
33.56625718 -1   
33.60553347 -1   
