0.00000000 1    
0.15983457 -1   
0.16014150 1    
0.30775223 -1   
0.31707811 1    
0.35191958 1    
0.46844796 -1   
0.49854530 -1   
0.55533349 1    
0.64574383 -1   
0.85206644 -1   
0.85239095 1    
1.00058513 1    
1.05959032 -1   
1.24723812 -1   
1.24776651 1    
1.42063328 -1   
1.45177106 -1   
1.49524793 -1   
1.52270623 -1   
1.59954123 -1   
1.59969395 1    
1.77927842 -1   
1.82254133 -1   
1.85878549 -1   
1.87925397 -1   
1.96653281 -1   
2.12822772 -1   
2.12857731 1    
2.65343579 -1   
2.65374435 1    
3.28798982 -1   
3.32123681 1    
3.79220220 -1   
3.79296199 1    
3.94115089 1    
4.30124099 -1   
4.30150589 1    
4.45066453 -1   
4.45096268 1    
4.85557911 -1   
4.85682043 -1   
4.85719056 -1   
4.90654642 -1   
4.90803998 -1   
5.02947374 -1   
5.05450649 -1   
8.29330675 1    
10.28907906 -1   
10.28922670 1    
14.73456767 1    
14.88417298 -1   
15.08031342 -1   
22.24149141 -1   
27.57229265 1    
29.36178160 1    
29.55927523 -1   
29.70743776 -1   
29.70795259 1    
29.92031464 -1   
29.92045753 1    
30.22837234 -1   
30.22868078 1    
30.37701243 1    
30.53146536 -1   
30.53172987 1    
30.68113988 -1   
30.68148239 1    
30.83077703 -1   
30.83107156 1    
31.03617857 -1   
31.06830883 -1   
31.21576196 -1   
31.24722933 1    
31.39517292 1    
31.54613187 -1   
31.54639638 1    
31.58476812 -1   
31.69476215 -1   
31.69543281 1    
31.84294792 -1   
31.89061534 1    
32.03136212 -1   
32.04001540 1    
32.18928458 -1   
32.37716478 -1   
32.37747628 1    
32.42352024 -1   
32.42500957 -1   
32.51571354 -1   
32.51720855 -1   
32.52813687 -1   
32.76636987 -1   
