0.00000000 -1   
0.00015804 1    
1.61214873 1    
1.76746261 -1   
1.76774681 1    
1.91663098 -1   
1.91679807 1    
2.06629599 -1   
2.06633009 1    
2.21679356 -1   
2.21683245 1    
2.41984019 -1   
2.42032829 1    
2.56870425 1    
2.65597252 -1   
2.71736231 1    
2.86759067 -1   
2.86791651 1    
2.90871713 -1   
2.91845595 -1   
2.93919798 -1   
2.95943327 -1   
3.01699448 -1   
3.01713273 1    
3.16641467 -1   
3.16671529 1    
3.22803525 -1   
3.23803452 -1   
3.25826313 -1   
3.31663700 -1   
3.46476264 -1   
4.14885596 -1   
4.14920724 1    
4.68605318 -1   
4.68633505 1    
5.17396207 -1   
5.20764495 1    
5.72012828 -1   
5.72102256 1    
5.86909080 1    
6.27290648 -1   
6.27321622 1    
6.42355123 -1   
6.42384353 1    
6.76875657 -1   
6.76999930 -1   
6.77037997 -1   
6.88444128 -1   
6.88572002 -1   
6.95719257 -1   
7.01036928 -1   
7.10510634 -1   
12.89764127 1    
16.77464330 -1   
16.92279191 -1   
21.27748805 1    
26.48274515 1    
31.03873756 -1   
31.03888357 1    
31.04260702 1    
31.18684216 1    
31.39502555 -1   
31.39519067 1    
31.54493309 -1   
31.54497271 1    
31.69641539 -1   
31.69645237 1    
31.84601675 -1   
31.84629952 1    
31.99593697 -1   
31.99609383 1    
32.14534947 -1   
32.14566062 1    
32.30076085 -1   
32.30108101 1    
32.45042325 -1   
32.48951267 1    
32.64465064 -1   
32.64497259 1    
32.83144615 -1   
32.83148382 1    
33.02005992 1    
33.23372717 -1   
33.61044535 -1   
33.64342065 1    
34.06143956 -1   
34.06224725 1    
34.21059813 1    
34.40980292 -1   
34.41008966 1    
34.58442832 -1   
34.58473587 1    
34.77451235 -1   
34.77571649 -1   
34.77609658 -1   
34.82120083 -1   
34.93713477 -1   
34.94789821 -1   
34.96370337 -1   
