0.00000000 -1   
0.15863973 1    
0.41823294 -1   
0.56813189 -1   
0.56865661 1    
0.72200760 1    
0.76595194 -1   
0.79916253 -1   
0.80763287 -1   
0.91579933 -1   
0.91616910 1    
1.08934467 -1   
1.08963995 1    
1.23901106 -1   
1.23932607 1    
1.40116653 -1   
1.59830827 -1   
1.59862307 1    
1.78863029 1    
1.94360334 -1   
1.94389528 1    
2.04994268 -1   
2.09220680 -1   
2.12582525 1    
2.24019008 -1   
2.31659583 1    
2.47472161 -1   
2.47544005 1    
2.62421566 -1   
2.66485226 1    
2.88506549 -1   
2.88533978 1    
3.04897469 -1   
3.04929526 1    
3.32521941 -1   
3.32670965 -1   
3.32709068 -1   
3.36420257 -1   
3.36544660 -1   
3.43688515 -1   
3.51217221 -1   
7.56682648 1    
11.92639482 -1   
13.33356546 -1   
13.48150123 -1   
19.72937289 1    
24.11940092 -1   
27.53727900 1    
27.73032323 -1   
27.73068896 1    
27.87824199 -1   
27.87891271 1    
28.03766341 -1   
28.03799498 1    
28.18784453 -1   
28.18815055 1    
28.33874349 -1   
28.33908613 1    
28.57983257 -1   
28.84370784 -1   
28.84420131 1    
29.37814695 -1   
29.37865880 1    
29.70004983 -1   
29.75060146 -1   
29.77008213 -1   
29.84803771 -1   
29.88780677 -1   
30.03602723 -1   
30.03620482 1    
30.36498841 -1   
30.41793288 -1   
30.51378346 -1   
30.51714555 -1   
30.66326633 -1   
30.66364031 1    
31.37448913 -1   
31.37479413 1    
32.20070536 -1   
32.23336868 1    
32.93278048 -1   
32.93350339 1    
33.08222676 1    
33.66022151 -1   
33.66049082 1    
33.81086383 -1   
33.81113816 1    
34.40093360 -1   
34.40217419 -1   
34.40254478 -1   
34.52412816 -1   
34.52560175 -1   
34.58911477 -1   
34.64553554 -1   
34.73626217 -1   
