0.00000000 -1   
0.22391641 1    
0.22411126 -1   
0.37207657 1    
0.37261121 -1   
0.37280063 -1   
0.52482656 1    
0.64555593 1    
0.69555183 1    
0.71184082 1    
0.74724309 1    
0.86055211 1    
0.92857126 -1   
1.04617187 1    
1.07683702 -1   
1.19436159 1    
1.22479928 -1   
1.39672077 1    
1.39703319 -1   
1.54613515 1    
1.54644564 -1   
1.73419531 1    
1.76739467 -1   
1.88271499 1    
1.95712104 -1   
2.06575893 1    
2.06952996 1    
2.10554184 -1   
2.21927538 1    
2.25469629 -1   
2.43490757 1    
2.43521635 -1   
2.58739641 1    
2.58770498 -1   
2.73672460 1    
2.73676340 -1   
2.89729609 1    
3.12241041 1    
3.12389780 1    
3.12425672 1    
3.15136999 1    
3.15286465 1    
3.29934860 1    
10.13775220 1    
12.89787875 -1   
12.97537311 1    
13.13101834 1    
15.93431277 -1   
20.35389180 1    
27.23547957 1    
27.39411929 -1   
27.65371250 1    
27.80361145 1    
27.80413618 -1   
27.95748717 -1   
28.00143151 1    
28.03464210 1    
28.04311243 1    
28.15127889 1    
28.15164866 -1   
28.32482424 1    
28.32511952 -1   
28.47449063 1    
28.47480564 -1   
28.63664609 1    
28.83378783 1    
28.83410264 -1   
29.02410985 -1   
29.17908291 1    
29.17937484 -1   
29.28542225 1    
29.32768637 1    
29.36130482 -1   
29.47566965 1    
29.55207540 -1   
29.71020118 1    
29.71091962 -1   
29.85969523 1    
29.90033183 -1   
30.12054506 1    
30.12081935 -1   
30.28445425 1    
30.28477483 -1   
30.56069897 1    
30.56218922 1    
30.56257025 1    
30.59968213 1    
30.60092617 1    
30.67236472 1    
30.74765178 1    
34.80230605 -1   
