0.00000000 1    
0.20663712 -1   
0.20681964 1    
0.35501876 1    
0.38409625 -1   
0.57267362 -1   
0.57319814 1    
0.73705044 1    
0.74433015 -1   
0.78720488 -1   
0.80370046 -1   
0.81293461 -1   
0.89239373 -1   
0.89259776 1    
0.93219395 -1   
1.08283045 1    
1.09427624 -1   
1.12147198 -1   
1.15072639 -1   
1.16896460 -1   
1.27031790 -1   
1.27035713 1    
1.41944015 -1   
1.41976156 1    
1.61682384 -1   
1.73813098 1    
1.81019968 -1   
1.92660301 1    
1.99835874 -1   
2.15871736 1    
2.26261151 -1   
2.41662573 -1   
2.41666425 1    
2.73362209 -1   
2.73366304 1    
2.93730013 -1   
2.93733854 1    
3.41738715 -1   
3.41766421 1    
3.56591569 1    
3.75200796 -1   
3.75350214 -1   
3.75388039 -1   
3.79397967 -1   
3.79548695 -1   
3.93714950 -1   
3.94193978 -1   
10.74247893 1    
13.74916094 -1   
13.94351972 -1   
22.64079398 -1   
28.32114401 1    
28.53191792 -1   
28.53210435 1    
28.68058394 -1   
28.68064482 1    
28.76408988 1    
28.83108304 -1   
28.83112606 1    
28.96632181 -1   
28.97990673 -1   
28.98607536 -1   
29.00329684 -1   
29.00354465 1    
29.01927128 -1   
29.12754623 -1   
29.27574044 -1   
29.27606647 1    
29.46713487 -1   
29.65853318 -1   
29.65885242 1    
29.80711749 1    
30.01816373 -1   
30.01860286 1    
30.20893854 -1   
30.20923700 1    
30.35962077 -1   
30.35995787 1    
30.73707724 -1   
30.77007659 1    
30.89531204 -1   
31.36997010 -1   
31.37070634 1    
31.53926580 1    
31.92072844 -1   
31.92100023 1    
32.19580289 -1   
32.19606796 1    
32.58925426 -1   
32.59048987 -1   
32.59086598 -1   
32.79710788 -1   
32.79864530 -1   
32.95430365 -1   
