0.00000000 1    
0.15148513 -1   
0.15412223 1    
0.30890045 -1   
0.30894055 1    
0.45957040 -1   
0.45960870 1    
0.62921005 -1   
0.62924857 1    
0.77964301 -1   
0.77969488 1    
0.92988065 -1   
0.92991909 1    
1.07919894 -1   
1.40977746 -1   
1.41026852 1    
1.94622659 -1   
1.94672991 1    
2.27253277 -1   
2.31865928 -1   
2.32714055 -1   
2.43109157 -1   
2.45939516 -1   
2.60733313 -1   
2.60749768 1    
2.89290094 -1   
2.89322717 1    
2.98077187 -1   
2.99076497 -1   
3.04421644 -1   
3.23704782 -1   
3.48881228 -1   
3.48911194 1    
4.07089978 -1   
4.10160548 1    
4.68380882 -1   
4.68457354 1    
4.83276325 1    
5.29277438 -1   
5.29305133 1    
5.44970394 -1   
5.44998179 1    
5.87287472 -1   
5.87408901 -1   
5.87448546 -1   
6.03301604 -1   
6.03452315 -1   
6.06228173 -1   
6.22743174 -1   
13.56833520 -1   
15.92846058 -1   
16.14008598 -1   
18.34657007 -1   
21.82508308 -1   
26.16998801 1    
30.31580991 1    
30.38794656 -1   
30.46534497 1    
30.53634788 -1   
30.61325781 1    
30.68450921 -1   
30.76241359 1    
30.83375728 -1   
30.98983193 -1   
30.99001204 1    
31.17818905 1    
31.29117317 -1   
31.32633449 1    
31.47529020 -1   
31.47558102 1    
31.65745079 -1   
31.65777866 1    
31.80786618 -1   
31.80814244 1    
31.95729609 -1   
32.17844333 1    
32.25453768 -1   
32.36698957 1    
32.40249787 -1   
32.51589260 1    
32.66478795 -1   
32.66563194 1    
32.81354037 -1   
32.81378402 1    
32.96213411 1    
33.05113195 -1   
33.11030723 1    
33.24040245 -1   
33.25848938 1    
33.56501503 -1   
33.56625868 -1   
33.56662949 -1   
33.59548945 -1   
33.59696847 -1   
33.65847222 -1   
33.74322578 -1   
