0.00000000 1    
0.20673080 -1   
0.20677022 1    
0.35742364 -1   
0.35746405 1    
0.50983082 -1   
0.50987231 1    
0.66255607 -1   
0.66259695 1    
0.72059180 -1   
0.75584041 -1   
0.76556638 -1   
0.79556708 -1   
0.81315310 -1   
1.01328424 -1   
1.01363062 1    
1.16320679 -1   
1.24707723 1    
1.35161413 -1   
1.50101094 -1   
1.50132256 1    
1.65042401 -1   
1.65134048 1    
1.80159295 -1   
1.80192262 1    
2.03696344 -1   
2.09608973 -1   
2.22575879 -1   
2.25830962 1    
2.58555710 -1   
2.58624256 1    
2.73548530 1    
2.96140382 -1   
2.96171128 1    
3.13733245 -1   
3.13762387 1    
3.30416648 -1   
3.48428545 -1   
3.48576989 -1   
3.48615350 -1   
3.53273054 -1   
3.53424795 -1   
3.68297519 -1   
7.67993829 1    
12.79230490 -1   
13.30473324 1    
13.33375635 -1   
13.50538786 -1   
14.07333258 1    
21.10106633 -1   
27.29253179 -1   
27.29268774 1    
27.79552617 1    
27.95359521 -1   
27.95389181 1    
28.10428354 -1   
28.10432563 1    
28.25469266 -1   
28.25473498 1    
28.40711469 -1   
28.40715400 1    
28.56134882 -1   
28.56138987 1    
28.71191214 -1   
28.71239052 1    
28.86784579 -1   
28.86819326 1    
29.01952130 -1   
29.02004551 1    
29.17316831 -1   
29.24204097 -1   
29.28698870 -1   
29.30949792 -1   
29.36420861 -1   
29.36441171 1    
29.56543700 -1   
29.61807084 -1   
29.62706152 -1   
29.65579422 -1   
29.65612347 1    
29.76391246 -1   
29.96272053 -1   
29.96302363 1    
30.30642821 -1   
30.34192595 1    
30.70696369 -1   
30.70775756 1    
30.86015544 1    
31.08182971 -1   
31.08216008 1    
31.26946998 -1   
31.26973738 1    
31.49948365 -1   
31.49982345 -1   
31.50798337 -1   
31.52797250 -1   
31.54721383 -1   
31.64922176 -1   
31.67411829 -1   
31.79785503 -1   
35.31393117 -1   
