0.00000000 1    
0.07213665 -1   
0.14953505 1    
0.22053796 -1   
0.29744790 1    
0.36869930 -1   
0.44660367 1    
0.51794737 -1   
0.67402202 -1   
0.67420213 1    
0.86237914 1    
0.97536326 -1   
1.01052458 1    
1.15948029 -1   
1.15977110 1    
1.34164087 -1   
1.34196875 1    
1.49205627 -1   
1.49233252 1    
1.64148618 -1   
1.86263341 1    
1.93872777 -1   
2.05117965 1    
2.08668796 -1   
2.20008269 1    
2.34897803 -1   
2.34982202 1    
2.49773045 -1   
2.49797411 1    
2.64632420 1    
2.73532203 -1   
2.79449732 1    
2.92459253 -1   
2.94267947 1    
3.24920512 -1   
3.25044876 -1   
3.25081958 -1   
3.27967954 -1   
3.28115856 -1   
3.34266230 -1   
3.42741587 -1   
8.90507767 -1   
11.74121209 -1   
13.20982827 -1   
13.35776205 -1   
19.48051904 -1   
23.60515803 -1   
26.88014726 1    
27.42090748 1    
27.63359261 -1   
27.63378609 1    
27.78148753 -1   
27.78190434 1    
27.88473820 1    
27.93251030 -1   
27.93255152 1    
28.08674678 -1   
28.08707269 1    
28.12046166 -1   
28.13095552 -1   
28.23762057 -1   
28.27891349 1    
28.42972193 -1   
28.43007867 1    
28.48475889 -1   
28.55172979 -1   
28.58069789 -1   
28.58135262 -1   
28.58138667 1    
28.73046032 -1   
28.88557068 1    
28.93934642 -1   
29.07498035 1    
29.08748201 -1   
29.26685771 1    
29.44454361 -1   
29.44486441 1    
29.63644748 -1   
30.98067399 -1   
30.98082414 1    
33.76628997 -1   
33.79957066 1    
34.16701575 -1   
34.16777336 1    
34.31622808 1    
34.52590678 -1   
34.52616331 1    
34.67528874 -1   
34.67554560 1    
35.06623373 -1   
35.21215567 -1   
35.21363704 -1   
35.21477679 -1   
35.26110657 -1   
35.26237325 -1   
35.40160149 -1   
