0.00000000 1    
1.74784648 1    
1.99604358 -1   
2.00527512 1    
2.14395876 -1   
2.14434085 1    
2.15338566 1    
2.29537530 -1   
2.33650010 -1   
2.33652495 1    
2.37648223 -1   
2.38822019 -1   
2.39794679 -1   
2.48374133 -1   
2.63318527 -1   
2.63350361 1    
2.78136245 -1   
2.78174543 1    
2.93199199 -1   
3.00533655 1    
3.16295469 -1   
3.16326812 1    
3.33900382 -1   
3.33904073 1    
3.52860184 1    
3.73422269 -1   
3.76636793 1    
3.88246677 -1   
4.13998955 -1   
4.14077020 1    
4.28894584 1    
4.55957591 -1   
4.55988904 1    
4.70897667 -1   
4.70927141 1    
4.94126295 -1   
4.94250451 -1   
4.94286768 -1   
4.99448056 -1   
4.99597837 -1   
5.08096482 -1   
5.13073689 -1   
11.15449801 1    
14.98687733 -1   
15.19826062 -1   
21.90475187 1    
28.53338562 -1   
29.15156013 1    
29.38711722 -1   
29.38728780 1    
29.53526024 -1   
29.53567949 1    
29.68577230 -1   
29.68580993 1    
29.91254582 -1   
29.96791270 -1   
30.00066847 -1   
30.02751151 1    
30.04689118 -1   
30.10126915 -1   
30.24962042 -1   
30.24993846 1    
30.39903091 -1   
30.39939043 1    
30.54868252 -1   
30.54899667 1    
30.73859083 -1   
30.73890504 1    
30.88825751 -1   
31.02866060 1    
31.13603850 -1   
31.22025291 1    
31.28425880 -1   
31.36869579 1    
31.53689009 -1   
31.53731508 1    
31.55979133 -1   
31.68645622 -1   
31.68723649 1    
31.83494482 -1   
31.87612282 1    
32.04858216 -1   
32.04887145 1    
32.27368511 -1   
32.27395510 1    
32.45502401 -1   
32.45650686 -1   
32.45686570 -1   
32.48447693 -1   
32.48598416 -1   
32.63268290 -1   
32.66437234 -1   
32.78010022 -1   
