0.00000000 1    
0.26290469 1    
0.47394319 -1   
0.47414553 1    
0.62185156 -1   
0.62225149 1    
0.77260901 -1   
0.77264640 1    
0.93415243 -1   
0.93419003 1    
0.97680778 -1   
0.99701648 -1   
1.01802677 -1   
1.08440538 -1   
1.23360337 -1   
1.23390902 1    
1.42439256 -1   
1.42444508 1    
1.61572915 1    
1.75220788 -1   
1.76389739 1    
1.95556000 1    
1.96256278 -1   
2.10190994 -1   
2.15074753 -1   
2.15111748 1    
2.37957728 1    
2.43729256 -1   
2.57166129 1    
2.71506603 -1   
2.80781659 1    
2.99497235 -1   
3.14400069 -1   
3.14433889 1    
3.45568904 1    
3.48362386 -1   
3.48485963 -1   
3.48525295 -1   
3.50135071 -1   
3.50259918 -1   
3.64881108 -1   
3.81070243 -1   
11.24803664 1    
12.79944238 1    
13.49224739 -1   
13.80555910 -1   
17.09743907 -1   
24.24485499 -1   
27.70944712 1    
27.85895127 1    
27.93197026 -1   
28.00713895 1    
28.08088496 -1   
28.15654359 1    
28.19622089 -1   
28.22823503 -1   
28.35168218 1    
28.37646562 -1   
28.50283541 1    
28.67502310 -1   
28.75940510 -1   
28.76089783 -1   
28.78339292 -1   
28.81965034 1    
28.82293021 -1   
29.03517582 -1   
29.03531464 1    
29.18349599 -1   
29.22791675 1    
29.35181553 -1   
29.36204732 -1   
29.37249557 -1   
29.42624901 -1   
29.42657462 1    
29.52107860 -1   
29.70892942 -1   
29.70922768 1    
30.13687706 -1   
30.17498493 1    
30.61934255 -1   
30.62006403 1    
30.77702454 1    
30.92543781 1    
31.00845484 -1   
31.07461810 1    
31.19693235 -1   
31.22304953 1    
31.41547620 -1   
31.41577081 1    
31.64635530 -1   
31.95034498 -1   
32.01529000 -1   
32.01653082 -1   
32.06327025 -1   
32.09222265 -1   
32.09990861 -1   
35.12887823 -1   
