0.00000000 -1   
1.69739779 1    
1.93340441 -1   
1.93358697 1    
2.08532305 -1   
2.08536580 1    
2.27752655 -1   
2.27757350 1    
2.55700501 1    
2.59825356 -1   
2.70641451 1    
2.78714396 -1   
2.85580236 1    
3.04824765 -1   
3.04857468 1    
3.19744240 -1   
3.19777255 1    
3.34911411 -1   
3.55740211 1    
3.71688796 -1   
3.71716907 1    
3.86630297 -1   
3.91021037 1    
4.05567235 -1   
4.10411897 1    
4.33001572 -1   
4.44687172 -1   
4.47862857 -1   
4.51662426 1    
5.01229070 -1   
5.01305394 1    
5.19572105 1    
5.81168594 -1   
5.81200030 1    
5.98831439 -1   
5.99283189 1    
6.41750011 -1   
6.41898718 -1   
6.41936157 -1   
6.56265905 -1   
6.56390530 -1   
6.61392096 -1   
6.71632500 -1   
6.76356986 -1   
10.05742781 1    
16.39163359 -1   
16.64073876 -1   
18.70431465 -1   
22.57166838 1    
29.08032121 1    
29.21179755 -1   
30.82382291 1    
31.04122640 -1   
31.04143014 1    
31.19694477 1    
31.20037728 -1   
31.38986158 -1   
31.38990484 1    
31.58290049 1    
31.75406257 -1   
31.75436060 1    
31.90472892 -1   
31.90489846 1    
32.05648317 -1   
32.05677928 1    
32.25498659 1    
32.32249242 -1   
32.55910148 -1   
32.55942497 1    
32.72122239 1    
32.87716901 -1   
32.87743122 1    
32.95752755 -1   
33.04766001 -1   
33.07877641 1    
33.20998147 -1   
33.30700067 1    
33.43952531 -1   
33.49853295 1    
33.59326555 -1   
33.81397559 -1   
33.81430923 1    
33.96850823 1    
34.31250247 -1   
34.31399845 -1   
34.31437856 -1   
34.32499562 -1   
34.32649090 -1   
34.32776864 -1   
34.47398015 -1   
