0.00000000 1    
1.04654095 -1   
1.20357502 1    
1.20386855 -1   
1.35198939 1    
1.53886790 1    
1.53917976 -1   
1.68649102 -1   
1.73450054 1    
1.83446346 -1   
1.92064239 1    
1.98180808 -1   
2.06781116 1    
2.12952398 -1   
2.21499932 1    
2.27896888 -1   
2.30982516 1    
2.32231693 1    
2.33982346 1    
2.34956860 1    
2.36313187 1    
2.51057943 1    
2.75619169 1    
2.75653698 -1   
3.09073059 1    
3.09103934 -1   
3.45252764 1    
3.48343092 -1   
3.63086694 -1   
3.83697122 1    
3.83782561 -1   
3.98618397 -1   
4.15788690 1    
4.15814370 -1   
4.35174845 1    
4.35201562 -1   
4.59354699 1    
4.59476106 1    
4.59515846 1    
4.63226592 1    
4.63376521 1    
4.70397750 1    
4.77924502 1    
12.12857863 1    
14.57917051 1    
14.72633660 1    
18.63578105 -1   
18.66358211 1    
22.36880153 -1   
25.94475623 -1   
28.86918855 -1   
29.09984449 1    
29.10001961 -1   
29.24702675 1    
29.24744229 -1   
29.39727157 1    
29.39730842 -1   
29.58192032 1    
29.60894816 1    
29.62069263 1    
29.63843351 1    
29.64960485 -1   
29.75645300 1    
29.83786931 -1   
29.95135198 1    
29.98665209 -1   
30.04921439 1    
30.05093936 1    
30.09816807 1    
30.09931934 1    
30.17448863 -1   
30.26816807 1    
30.40204660 -1   
30.60499650 1    
30.60531025 -1   
30.91400061 -1   
31.07564417 1    
31.10730272 -1   
31.22462027 1    
31.29804628 -1   
31.49775560 1    
31.49805651 -1   
31.59006480 1    
31.64516639 1    
31.65906663 -1   
31.74334862 -1   
31.79681229 1    
31.98720835 1    
31.98750099 -1   
32.17234960 1    
32.17264940 -1   
32.33934277 1    
32.33964216 -1   
32.52714680 1    
32.52718649 -1   
32.81388494 1    
33.03948923 1    
33.04072800 1    
33.04110987 1    
33.15444508 1    
33.15593810 1    
33.22719405 1    
34.64900617 -1   
