0.00000000 1    
2.65570879 1    
2.88393338 -1   
3.03310002 -1   
3.03348842 1    
3.18296564 1    
3.21412521 -1   
3.21437284 -1   
3.24435667 -1   
3.26534355 -1   
3.28560662 -1   
3.36248345 -1   
3.36252173 1    
3.51457535 -1   
3.51489714 1    
3.69472171 -1   
3.69504749 1    
3.84438689 -1   
3.84469455 1    
3.99279867 -1   
4.33536245 1    
4.41553536 -1   
4.52497637 1    
4.56347355 -1   
4.67209455 1    
4.87705004 -1   
4.87735036 1    
5.14831536 -1   
5.18006951 1    
5.29580704 -1   
5.79496704 -1   
5.79572664 1    
5.94289098 1    
6.40917577 -1   
6.40945351 1    
6.63728986 -1   
6.63758858 1    
7.03671755 -1   
7.03693877 -1   
7.15289725 -1   
7.15438960 -1   
7.17061263 -1   
7.18393492 -1   
7.30004406 -1   
7.33031653 -1   
15.93472660 -1   
17.07006453 -1   
17.32918399 -1   
23.97062351 -1   
25.34832703 1    
29.22984276 -1   
30.47812457 -1   
30.47829631 1    
31.29950591 1    
31.44779071 1    
31.49380532 -1   
31.59519929 1    
31.68204326 -1   
31.69186718 1    
31.74384369 1    
31.83070763 -1   
31.92369366 -1   
31.92520734 -1   
31.95467669 -1   
31.95500489 1    
32.01940610 -1   
32.14863801 1    
32.21487672 -1   
32.35245549 -1   
32.35595434 1    
32.36124630 -1   
32.38944531 -1   
32.41616436 -1   
32.50961522 -1   
32.50966892 1    
32.53616165 -1   
32.70057214 1    
32.87086499 -1   
32.87118971 1    
33.06462250 1    
33.09112287 -1   
33.54232910 -1   
33.57896457 1    
33.93283907 -1   
33.93351549 1    
34.08075659 1    
34.35017933 -1   
34.35045498 1    
34.49909637 -1   
34.49937442 1    
34.80804985 -1   
34.80931276 -1   
34.80968867 -1   
34.82828312 -1   
34.82955627 -1   
34.86451279 -1   
34.97503283 -1   
