0.00000000 1    
0.14852850 1    
0.21953248 -1   
0.29592069 1    
0.36668152 -1   
0.44513106 1    
0.48080385 -1   
0.51327681 -1   
0.63500610 1    
0.66053267 -1   
0.78316428 1    
0.80769892 -1   
0.84130866 -1   
0.86204624 -1   
0.95649223 -1   
1.07446360 1    
1.10377828 -1   
1.25094042 -1   
1.25097866 1    
1.40019524 -1   
1.40024429 1    
1.43224712 -1   
1.45847209 -1   
1.48171403 -1   
1.49120280 -1   
1.54792116 -1   
1.54795624 1    
1.69641629 -1   
1.69675488 1    
1.88907431 -1   
1.88934661 1    
2.03747083 -1   
2.28653132 -1   
2.31902015 1    
2.67652970 -1   
2.67733731 1    
2.82449684 1    
3.05516556 -1   
3.05545063 1    
3.21680177 -1   
3.21707257 1    
3.45031887 -1   
3.45158443 -1   
3.45221471 -1   
3.53079594 -1   
3.53204444 -1   
3.58626084 -1   
3.63829616 -1   
8.07737469 1    
13.55944456 -1   
13.76375836 -1   
21.44889043 -1   
27.65477697 1    
27.85946883 -1   
27.85965245 1    
28.00715368 -1   
28.00719618 1    
28.15638515 -1   
28.15642393 1    
28.30970852 -1   
28.31001722 1    
28.45835086 -1   
28.45849225 1    
28.60678385 -1   
28.60708225 1    
28.80815279 -1   
29.09948852 1    
29.24916433 -1   
29.24944892 1    
29.39633645 -1   
29.43871715 1    
29.58298220 -1   
29.58590131 1    
29.81233315 -1   
29.99904156 -1   
29.99933824 1    
32.27461889 -1   
32.30700375 1    
32.74159823 -1   
32.74239917 1    
32.88951745 1    
33.16315847 -1   
33.16347526 1    
33.31183490 -1   
33.31214459 1    
33.58811275 -1   
33.58960914 -1   
33.59027607 -1   
33.67402398 -1   
33.67551344 -1   
33.74747913 -1   
33.77626879 -1   
