0.00000000 1    
0.15138372 -1   
0.15167372 1    
0.29855165 -1   
0.33971270 1    
0.48569470 -1   
0.48786818 1    
0.63395134 -1   
0.82259297 -1   
0.82289675 1    
0.97012533 1    
1.06611041 -1   
1.11727879 1    
1.25251114 -1   
1.26442252 1    
1.46213355 -1   
1.65103127 -1   
1.65120003 1    
2.04830108 -1   
2.04864184 1    
2.53402658 -1   
2.53433286 1    
3.14135255 -1   
3.17579322 1    
3.68804046 -1   
3.68891511 1    
4.24454377 -1   
4.24482160 1    
4.39346080 -1   
4.39376998 1    
4.74066906 -1   
4.74215627 -1   
4.74253600 -1   
4.84985466 -1   
4.85134649 -1   
4.92884693 -1   
4.98427629 -1   
5.07524774 -1   
11.36122134 -1   
14.76927067 -1   
14.96765211 -1   
15.35429405 1    
18.94287788 -1   
19.89784793 -1   
19.89800122 1    
28.61960167 -1   
29.04267683 1    
29.20400896 -1   
29.20430930 1    
29.35217061 -1   
29.37142473 1    
29.41209317 1    
29.52132829 -1   
29.57144980 -1   
29.57147919 1    
29.71515517 -1   
29.78144250 1    
29.90410352 -1   
29.92852507 1    
30.05127401 -1   
30.07569425 1    
30.22417207 -1   
30.22469187 1    
30.37408574 -1   
30.40672200 -1   
30.43770540 -1   
30.44644669 -1   
30.56288117 -1   
31.01847405 -1   
31.01882038 1    
31.45721993 -1   
31.45753770 1    
31.99159059 -1   
32.02371456 1    
32.53852949 -1   
32.53920094 1    
32.68646809 1    
33.07953975 -1   
33.07979822 1    
33.22820982 -1   
33.22847145 1    
33.60614623 -1   
33.60763925 -1   
33.60801908 -1   
33.69859259 -1   
33.70008633 -1   
33.70136716 -1   
33.79434486 -1   
