0.00000000 -1   
1.20519143 1    
1.48147256 1    
1.49796960 -1   
1.49847946 1    
1.66650446 1    
1.68153035 -1   
1.84465689 1    
1.88681418 -1   
1.89730495 -1   
1.92954276 -1   
1.93935674 -1   
1.94403240 -1   
2.05073928 -1   
2.12123232 -1   
2.12155599 1    
2.28468919 -1   
2.28500546 1    
2.47882338 -1   
2.48151337 1    
2.74892191 -1   
2.74924345 1    
3.03350657 -1   
3.03383892 1    
3.24163929 -1   
3.24196777 1    
3.44701645 -1   
3.57660173 -1   
3.65508610 -1   
3.68914474 1    
4.09907762 -1   
4.09990430 1    
4.25352396 1    
4.48892963 -1   
4.48920350 1    
4.69805601 -1   
4.69832220 1    
5.14797539 -1   
5.37507753 -1   
5.37656611 -1   
5.37706177 -1   
5.42029669 -1   
5.42154464 -1   
5.60173898 -1   
13.64520007 -1   
15.14862592 1    
15.16807023 -1   
15.39624259 -1   
19.66014992 1    
24.74310276 -1   
28.42635726 1    
29.69787035 1    
29.96036728 -1   
29.96053796 1    
30.15525163 -1   
30.15530808 1    
30.36672160 -1   
30.36678636 1    
30.55848500 1    
30.61748946 -1   
30.71241534 1    
30.81662309 -1   
30.86605072 1    
30.97603083 -1   
31.01573218 1    
31.19115943 -1   
31.21385282 1    
31.40129089 -1   
31.40160053 1    
31.55620143 -1   
31.55624974 1    
31.73485211 -1   
31.73518922 1    
31.77872608 -1   
31.89200609 -1   
31.92338814 1    
32.04342723 -1   
32.12508347 1    
32.31169773 -1   
32.31255237 1    
32.46743103 -1   
32.50662017 1    
32.65732653 -1   
32.65765535 1    
32.86870111 -1   
32.86900324 1    
33.03301072 -1   
33.03450318 -1   
33.03499943 -1   
33.10422546 -1   
33.10546446 -1   
33.22444551 -1   
33.26937633 -1   
33.37434411 -1   
