0.00000000 -1   
0.42307516 1    
0.58440729 -1   
0.58470762 1    
0.73256894 -1   
0.75182305 1    
0.79249149 1    
0.90172661 -1   
0.95184813 -1   
0.95187752 1    
1.09555350 -1   
1.16184082 1    
1.28450184 -1   
1.30892339 1    
1.43167234 -1   
1.45609258 1    
1.60457040 -1   
1.60509020 1    
1.75448406 -1   
1.78712033 -1   
1.81810372 -1   
1.82684502 -1   
1.94327950 -1   
2.39887238 -1   
2.39921870 1    
2.83761825 -1   
2.83793602 1    
3.37198892 -1   
3.40411289 1    
3.91892781 -1   
3.91959927 1    
4.06686642 1    
4.45993808 -1   
4.46019654 1    
4.60860814 -1   
4.60886978 1    
4.98654455 -1   
4.98803757 -1   
4.98841740 -1   
5.07899092 -1   
5.08048466 -1   
5.08176549 -1   
5.17474318 -1   
8.41556087 1    
14.94768624 -1   
15.08222710 1    
15.09593518 -1   
17.76111886 1    
22.16430829 -1   
28.83374272 -1   
29.17054258 1    
29.36668378 -1   
29.54533442 -1   
29.54586690 1    
29.77706816 1    
29.93694161 -1   
29.93723715 1    
30.11675523 -1   
30.11681453 1    
30.26517268 -1   
30.26521743 1    
30.45626837 1    
30.45930487 -1   
30.77751234 1    
30.81760557 -1   
30.92474665 1    
30.96476974 -1   
31.11614202 1    
31.29650255 -1   
31.32684378 1    
31.44399710 -1   
31.51616251 1    
31.69152793 -1   
31.69228251 1    
31.84526389 -1   
31.84531105 1    
32.08986991 -1   
32.09016805 1    
32.26627467 -1   
32.26658793 1    
32.46483277 -1   
32.63946864 -1   
32.64095637 -1   
32.64133941 -1   
32.71117383 -1   
32.71266647 -1   
32.82864791 -1   
