0.00000000 1    
3.03347469 1    
3.25518596 -1   
3.43558409 -1   
3.43608047 1    
3.61756417 -1   
3.63836443 -1   
3.66185742 -1   
3.78592305 -1   
3.92906525 1    
3.93304836 -1   
4.08221251 -1   
4.08225857 1    
4.23314171 -1   
4.23318740 1    
4.27825605 -1   
4.30198419 -1   
4.31023031 -1   
4.38368748 -1   
4.38372518 1    
4.53195322 -1   
4.53228308 1    
4.74757904 -1   
4.92903054 1    
4.93447359 -1   
5.12136712 -1   
5.12140884 1    
5.35418999 1    
5.55811597 -1   
5.55844507 1    
5.57975141 -1   
5.70671534 -1   
5.73870371 1    
5.85394665 -1   
6.12871060 -1   
6.12948794 1    
6.27691681 1    
6.55455009 -1   
6.55483537 1    
6.70845240 -1   
6.70871539 1    
7.12313002 -1   
7.12461647 -1   
7.12486760 -1   
7.20782417 -1   
7.20932260 -1   
7.26204655 -1   
7.31157970 -1   
10.92967677 1    
15.23108353 -1   
17.13549260 -1   
17.34811675 -1   
23.92409922 -1   
27.97803703 -1   
31.43056062 1    
31.66767467 -1   
31.66787536 1    
31.81533867 -1   
31.81561403 1    
31.95263010 1    
31.96509781 -1   
31.96512950 1    
32.12290682 -1   
32.12320935 1    
32.17180186 -1   
32.18179219 -1   
32.20326667 -1   
32.27238655 -1   
32.42083400 -1   
32.42101691 1    
32.61209410 1    
32.61421301 -1   
32.65725516 -1   
32.67674777 -1   
32.71247743 -1   
32.80133454 -1   
32.80169893 1    
32.94869106 -1   
32.99412155 1    
33.13558159 -1   
33.22223922 1    
33.32251652 -1   
33.53456137 1    
33.59999091 -1   
33.78396342 -1   
33.78400868 1    
34.10203051 1    
34.23389204 -1   
34.29012968 1    
34.44608282 -1   
34.75449749 -1   
34.75480543 1    
34.98597934 1    
35.11585621 -1   
35.11734534 -1   
35.11759612 -1   
35.16907174 -1   
35.17031393 -1   
35.30382978 -1   
35.39095025 -1   
35.45118714 -1   
