0.00000000 -1   
1.80570574 -1   
1.96084290 1    
1.96118244 -1   
2.10803124 1    
2.11741748 -1   
2.15167977 -1   
2.27368144 1    
2.29632531 1    
2.34285590 -1   
2.44276981 1    
2.63504408 1    
2.63535841 -1   
2.84708528 -1   
3.08120144 1    
3.41026490 1    
3.41076997 -1   
3.59392263 1    
3.62329228 1    
3.63307414 1    
3.64306112 1    
3.77136784 1    
4.27079569 1    
4.27113652 -1   
4.80898517 1    
4.80929063 -1   
5.02870329 -1   
5.43155095 1    
5.46404566 -1   
6.03470086 1    
6.03536173 -1   
6.18265665 -1   
6.58496888 1    
6.58523320 -1   
6.73336023 1    
6.73363319 -1   
7.17676150 1    
7.17825431 1    
7.17863297 1    
7.27947163 1    
7.28072407 1    
7.28221837 1    
7.36549441 1    
13.23291172 1    
17.16141546 1    
17.31132544 1    
21.23498999 -1   
28.19889493 1    
31.40104435 -1   
31.67411121 1    
31.67428707 -1   
31.82152425 1    
31.82157369 -1   
31.97075006 1    
31.97078855 -1   
32.15533070 1    
32.15537163 -1   
32.20044334 1    
32.21094653 1    
32.30512820 1    
32.49323320 1    
32.49352418 -1   
32.64081012 1    
32.69246226 -1   
32.82793017 1    
32.84085770 -1   
32.90506016 1    
32.96527276 1    
32.97479625 1    
33.00300050 1    
33.05470692 -1   
33.12614030 1    
33.24265980 -1   
33.36889085 1    
33.43056016 -1   
33.57641753 1    
33.65941649 -1   
33.72368336 1    
33.97075759 -1   
34.00842434 1    
34.15488931 -1   
34.20339022 1    
34.55454542 1    
34.55486294 -1   
34.70609124 -1   
34.93591061 1    
34.93736992 1    
34.93774565 1    
34.96835592 1    
34.96985011 1    
35.06604768 1    
35.11635325 1    
36.05259841 -1   
