0.00000000 1    
1.27151309 1    
1.53401002 -1   
1.53418071 1    
1.72889438 -1   
1.72895082 1    
1.94036434 -1   
1.94042910 1    
2.13212774 1    
2.19113221 -1   
2.28605809 1    
2.39026583 -1   
2.43969346 1    
2.54967358 -1   
2.58937492 1    
2.76480217 -1   
2.78749556 1    
2.97493363 -1   
2.97524327 1    
3.12984418 -1   
3.12989248 1    
3.30849485 -1   
3.30883196 1    
3.35236883 -1   
3.46564883 -1   
3.49703088 1    
3.61706997 -1   
3.69872621 1    
3.88534047 -1   
3.88619512 1    
4.04107377 -1   
4.08026291 1    
4.23096928 -1   
4.23129809 1    
4.44234385 -1   
4.44264598 1    
4.60665346 -1   
4.60814592 -1   
4.60864217 -1   
4.67786820 -1   
4.67910720 -1   
4.79808825 -1   
4.84301908 -1   
4.94798685 -1   
12.96798014 -1   
14.66126523 -1   
14.89761938 -1   
16.97618460 -1   
22.35886226 -1   
27.84991611 1    
28.91694475 1    
29.09319470 1    
29.13972411 -1   
29.29048060 -1   
29.29084002 1    
29.44477085 1    
29.47171038 -1   
29.48243219 -1   
29.50442132 -1   
29.51393294 -1   
29.62201042 -1   
29.62311919 1    
29.82008392 -1   
29.82040794 1    
30.09329292 1    
30.25084043 -1   
30.25114949 1    
30.40650596 -1   
30.40684164 1    
30.55716477 -1   
30.55748349 1    
30.77029373 -1   
30.80942519 -1   
30.95911736 -1   
30.98927155 1    
31.13853933 1    
31.29823945 -1   
31.29851804 1    
31.43406689 -1   
31.44933629 -1   
31.45005499 1    
31.59965710 -1   
31.60019181 1    
31.64374571 1    
31.81719495 -1   
31.81751207 1    
31.96835851 -1   
32.17199143 -1   
32.17228912 1    
32.24135744 -1   
32.24284791 -1   
32.27008981 -1   
32.27133137 -1   
32.32222116 -1   
32.53395505 -1   
