0.00000000 -1   
2.98013751 1    
3.18316981 -1   
3.18334990 1    
3.33453658 1    
3.35931481 -1   
3.52770194 1    
3.53016747 1    
3.61475486 -1   
3.78032755 -1   
3.78062960 1    
3.87417844 -1   
4.02181775 -1   
4.20624228 -1   
4.20654490 1    
4.20750587 -1   
4.34515930 -1   
4.45816109 1    
4.49419021 -1   
4.64965747 1    
4.70906404 -1   
4.80966422 -1   
4.86762881 -1   
4.86793213 1    
4.87462136 -1   
4.89833982 -1   
5.07685480 -1   
5.07689428 1    
5.30541069 1    
5.38758113 -1   
5.49410254 1    
5.55855985 -1   
5.79510147 -1   
5.79587696 1    
6.10749472 -1   
6.10755653 1    
6.42126569 1    
6.47208094 -1   
6.61216631 1    
6.83623551 -1   
6.83747712 -1   
6.83785754 -1   
6.84797169 -1   
6.85646380 -1   
6.94742585 -1   
6.98596276 -1   
9.42310551 -1   
12.38621680 1    
16.53093472 1    
16.85259482 -1   
17.00001196 -1   
21.11638484 1    
27.05959531 1    
30.76063407 1    
31.16881687 1    
31.36903961 -1   
31.36927231 1    
31.51620500 -1   
31.51647547 1    
31.66573361 -1   
31.66577530 1    
31.81955929 -1   
31.81987426 1    
31.96844938 -1   
31.96859133 1    
32.11742449 -1   
32.11775460 1    
32.31502067 -1   
32.31532789 1    
32.46343184 -1   
32.54873074 1    
32.68380784 -1   
32.75070161 1    
32.83921944 -1   
32.89839645 1    
33.10457452 -1   
33.10490443 1    
33.19143359 -1   
33.25091548 -1   
33.29317658 1    
33.39869562 -1   
33.62769074 -1   
33.62846631 1    
33.94101591 1    
33.95957565 -1   
34.24911900 1    
34.32335546 -1   
34.43722784 1    
34.62038073 -1   
34.85497186 -1   
34.85646311 -1   
34.85682872 -1   
34.86518961 -1   
34.86644760 -1   
35.00567646 -1   
