0.00000000 -1   
0.24207241 1    
0.24226378 -1   
0.39146418 1    
0.39151635 -1   
0.54322864 1    
0.54326471 -1   
0.72988841 1    
0.72992712 -1   
0.76192669 1    
0.81614572 1    
0.88181013 1    
0.88197659 -1   
1.03311849 1    
1.03343103 -1   
1.08723859 1    
1.11472161 1    
1.12271480 1    
1.18531549 1    
1.18533623 -1   
1.33644599 1    
1.33677912 -1   
1.57106304 1    
1.57138460 -1   
1.72197596 1    
1.72201330 -1   
1.88139608 1    
1.88169994 -1   
1.94700103 1    
2.03122963 1    
2.06583347 -1   
2.18070836 1    
2.25884677 -1   
2.41900054 1    
2.41971727 -1   
2.56823543 1    
2.61065183 -1   
2.79535730 1    
2.79566752 -1   
2.94675149 1    
2.94705321 -1   
3.28895925 1    
3.29044576 1    
3.29082823 1    
3.33020566 1    
3.33167755 1    
3.34044098 1    
3.47893461 1    
4.98837154 1    
4.98855577 -1   
11.36067902 -1   
13.25662028 1    
13.44602553 1    
19.74260761 -1   
27.09571704 1    
27.57434778 -1   
27.72526914 -1   
27.79554462 1    
27.87469403 -1   
27.94496395 1    
28.02760338 -1   
28.09545805 1    
28.24588862 1    
28.24641899 -1   
28.39690741 -1   
28.43585028 1    
28.46256572 1    
28.48930056 1    
28.59044919 1    
28.66534890 -1   
28.79004567 1    
28.85863696 -1   
28.94072815 1    
29.05079578 -1   
29.06894576 1    
29.07046042 1    
29.08971252 1    
29.08993366 1    
29.25970941 1    
29.26001967 -1   
29.43762295 1    
29.43791253 -1   
29.58824737 1    
29.82656154 1    
29.86195543 -1   
30.22883929 1    
30.22966532 -1   
30.37902029 -1   
30.66467215 1    
30.66495433 -1   
30.82528686 1    
30.82554235 -1   
31.06382483 1    
31.06506912 1    
31.06544295 1    
31.12502398 1    
31.12651264 1    
31.18476296 1    
31.25353405 1    
35.85657268 -1   
