0.00000000 -1   
0.47863074 1    
0.62955210 1    
0.69982758 -1   
0.77897698 1    
0.84924690 -1   
0.93188634 1    
0.99974101 -1   
1.15017158 -1   
1.15070195 1    
1.30119037 1    
1.34013323 -1   
1.36684867 -1   
1.39358352 -1   
1.49473214 -1   
1.56963186 1    
1.69432863 -1   
1.76291991 1    
1.84501111 -1   
1.95507874 1    
1.97322872 -1   
1.97474338 -1   
1.99399548 -1   
1.99421661 -1   
2.16399236 -1   
2.16430263 1    
2.34190591 -1   
2.34219549 1    
2.49253033 -1   
2.73084450 -1   
2.76623839 1    
3.13312225 -1   
3.13394828 1    
3.28330324 1    
3.56895511 -1   
3.56923728 1    
3.72956982 -1   
3.72982530 1    
3.96810779 -1   
3.96935207 -1   
3.96972591 -1   
4.02930694 -1   
4.03079560 -1   
4.08904592 -1   
4.15781700 -1   
8.76085564 1    
9.16999194 -1   
9.17014376 1    
9.31939350 -1   
9.31956006 1    
13.95276789 -1   
14.14139303 -1   
17.71292382 1    
19.58405366 1    
28.15310711 1    
28.41495243 -1   
28.56410536 -1   
28.56462846 1    
28.71575081 1    
28.75752083 -1   
28.78789983 -1   
28.79490050 -1   
28.82386986 -1   
28.87659365 -1   
28.87674699 1    
28.93690791 -1   
29.07126636 1    
29.09844921 -1   
29.11846154 -1   
29.13794643 -1   
29.13817221 -1   
29.15994010 -1   
29.22045585 1    
29.28823246 -1   
29.41035645 1    
29.59328745 -1   
29.59560543 1    
29.74643736 -1   
29.74648426 1    
29.89709270 -1   
29.89740946 1    
30.06825227 -1   
30.06859730 1    
30.20207863 -1   
30.21810274 -1   
30.25219444 1    
30.36733968 -1   
30.65907580 -1   
30.65975419 1    
30.80981080 1    
30.98023776 -1   
30.98050641 1    
31.13315546 -1   
31.13345380 1    
31.44912463 -1   
31.45036594 -1   
31.45074026 -1   
31.50408012 -1   
31.50556287 -1   
31.56580827 -1   
31.64130662 -1   
