0.00000000 -1   
0.22731796 1    
0.28136386 -1   
0.39098156 1    
0.42915974 -1   
0.53863997 1    
0.60530917 -1   
0.64997884 1    
0.66971588 1    
0.69020286 1    
0.72743130 1    
0.75421856 -1   
0.87694502 1    
0.90338065 -1   
0.99203325 1    
1.00202681 1    
1.02901280 1    
1.11321082 1    
1.26222732 1    
1.28133757 -1   
1.44161957 1    
1.44193722 -1   
1.64678833 1    
1.64712436 -1   
1.82090261 1    
1.82125399 -1   
1.97681597 1    
2.77763384 1    
2.77794889 -1   
3.56156817 1    
3.56305394 1    
3.56354945 1    
3.59633915 1    
3.59778737 1    
3.65900823 1    
3.66050117 1    
3.69698556 1    
3.69823123 1    
3.71497429 1    
3.72746837 1    
3.72896318 1    
3.73021107 1    
3.73266328 -1   
3.73545758 1    
3.76419715 1    
3.76569109 1    
3.76594309 1    
3.80817175 1    
3.81816449 1    
3.86263863 1    
3.86283025 -1   
3.90589891 -1   
3.93815582 1    
4.07057237 -1   
4.47438866 1    
4.47472588 -1   
4.75572707 1    
4.75606599 -1   
4.96001543 1    
4.96150852 1    
4.96300309 1    
4.97150294 1    
4.97299870 1    
4.98324875 1    
4.98474311 1    
5.00995064 1    
5.00998835 -1   
5.05470556 1    
5.09618840 1    
5.09742753 1    
5.09892537 1    
5.10017576 1    
5.10167291 1    
5.11442319 1    
5.16739491 1    
5.16863713 1    
5.17013626 1    
5.17163145 1    
5.17288404 1    
5.17438386 1    
5.17563166 1    
5.17713361 1    
5.17862839 1    
5.17988614 1    
5.18140530 1    
5.18265205 1    
5.18295614 -1   
5.18988023 1    
5.18992853 -1   
5.19112430 1    
5.19262139 1    
5.19387371 1    
5.27208493 1    
5.27357482 1    
5.27482532 1    
5.27632205 1    
5.27807535 1    
5.27932035 1    
5.28082134 1    
5.28232125 1    
5.28356753 1    
5.28506735 1    
5.28656727 1    
5.28806561 1    
5.31330881 1    
5.31455014 1    
5.32180148 1    
5.32244654 1    
5.33908955 -1   
5.47106490 1    
5.49720447 1    
5.49869913 1    
5.49994458 1    
5.50144885 1    
5.50269559 1    
5.50694642 1    
5.51069415 1    
5.51193918 1    
5.51394027 1    
5.51410491 -1   
5.51518848 1    
5.51668663 1    
5.52368496 1    
5.52518253 1    
5.52643363 1    
5.52792893 1    
5.52918097 1    
5.53067685 1    
5.53217571 1    
5.53342772 1    
5.53492704 1    
5.53617533 1    
5.54342518 1    
5.54466872 1    
5.54617291 1    
5.54741999 1    
5.54892429 1    
5.55041697 1    
5.55166851 1    
5.55391449 1    
5.55541212 1    
5.55691188 1    
5.55816283 1    
5.55965969 1    
5.56091245 1    
5.58365598 1    
5.58514875 1    
5.58639495 1    
5.65609167 1    
5.69084301 1    
5.69088390 -1   
5.77729695 1    
5.77878503 1    
5.84265352 1    
5.90122622 1    
5.90271522 1    
6.04606605 1    
6.04634120 -1   
6.17706856 1    
6.17855859 1    
6.21001526 1    
6.41811228 1    
6.56594585 1    
6.56611835 -1   
10.45547293 1    
10.92844876 1    
10.93903738 -1   
11.08160771 1    
11.39943433 1    
11.90364243 1    
17.69132428 -1   
25.49912326 1    
30.48436814 -1   
