0.00000000 -1   
0.21746223 1    
0.21766642 -1   
0.36535852 1    
0.36540504 -1   
0.52260119 1    
0.52265820 -1   
0.73941421 1    
0.77104797 1    
0.78254280 1    
0.79126340 1    
0.91345422 -1   
0.91961396 1    
1.06119067 -1   
1.11767353 1    
1.20911673 -1   
1.27383456 1    
1.32423870 1    
1.32572800 1    
1.37195258 1    
1.42566684 1    
1.42613431 -1   
1.57368685 1    
1.61531595 -1   
1.76107965 1    
1.91772097 -1   
2.07264714 1    
2.07306198 -1   
2.25505225 1    
2.25549784 -1   
2.40445793 1    
2.40480090 -1   
2.55363055 1    
2.96779750 1    
2.96928912 1    
2.96976372 1    
2.97851523 1    
2.98000797 1    
2.98151178 1    
2.99600479 1    
3.03425863 1    
3.09172834 1    
3.09321552 1    
3.12143498 1    
3.12295159 1    
3.12442661 1    
3.12523176 -1   
3.12568986 1    
3.12719620 1    
3.12867317 1    
3.13269013 1    
3.13417277 1    
3.13418090 1    
3.13566892 1    
3.14378800 -1   
3.28497592 1    
3.28501866 -1   
3.43382647 -1   
3.69170478 1    
3.69202986 -1   
3.84161617 1    
3.84196225 -1   
3.99829926 1    
3.99861163 -1   
4.09640350 1    
4.09788944 1    
4.11163850 1    
4.11310795 1    
4.11460690 1    
4.11912792 1    
4.12060749 1    
4.12211987 1    
4.13162972 1    
4.14111409 1    
4.14896978 1    
4.14900999 -1   
4.21331041 1    
4.21481583 1    
4.21607080 1    
4.21754989 1    
4.25506108 1    
4.25628680 1    
4.25803240 1    
4.25927674 1    
4.27227684 1    
4.27379314 1    
4.27504374 1    
4.27653918 1    
4.28403304 1    
4.28528001 1    
4.28676208 1    
4.28804363 1    
4.28975969 1    
4.29100657 1    
4.29250854 1    
4.29375500 1    
4.30475905 1    
4.30600138 1    
4.30751059 1    
4.30899603 1    
4.31474998 1    
4.31477473 -1   
4.31599385 1    
4.38096268 1    
4.38220723 1    
4.38370658 1    
4.38495110 1    
4.38645333 1    
4.38797504 1    
4.38922538 1    
4.39072597 1    
4.41594259 1    
4.41718481 1    
4.41870734 1    
4.41995398 1    
4.42143269 1    
4.42293184 1    
4.42420153 1    
4.42570195 1    
4.43343446 1    
4.43492479 1    
4.43617191 1    
4.43767207 1    
4.43892405 1    
4.44041917 1    
4.44192429 1    
4.44316935 1    
4.44467130 1    
4.44594079 1    
4.44741751 1    
4.44891524 1    
4.45016731 1    
4.45166343 1    
4.45291506 1    
4.45301771 -1   
4.45441575 1    
4.45591123 1    
4.45716109 1    
4.45866154 1    
4.45991306 1    
4.46416310 1    
4.46566035 1    
4.46690581 1    
4.46840484 1    
4.47415258 1    
4.47540349 1    
4.47689946 1    
4.47840063 1    
4.47989674 1    
4.48114814 1    
4.48264697 1    
4.48392393 1    
4.48393690 1    
4.48394681 -1   
4.49091912 1    
4.63953404 1    
4.63959227 -1   
4.74627960 1    
4.74776590 1    
4.75924273 1    
4.76076111 1    
4.78939026 1    
4.78953250 -1   
4.86420637 1    
4.86570000 1    
4.86719949 1    
4.93797671 1    
7.83440552 -1   
9.00192130 1    
9.00205995 -1   
9.60334563 1    
9.91090980 1    
10.07929958 1    
10.24572741 1    
10.28591206 -1   
10.42186167 1    
17.79240922 1    
21.92709987 -1   
26.45171046 1    
29.10000534 -1   
29.30981787 1    
29.31000808 -1   
29.45748856 1    
29.45773291 -1   
29.61221493 1    
29.61225446 -1   
29.77955730 1    
29.81643764 1    
29.84467552 1    
29.85466055 1    
29.93795383 -1   
29.96567245 1    
30.16133821 1    
30.16163439 -1   
30.33323606 1    
30.33356872 -1   
30.48264963 1    
30.48300068 -1   
30.63506475 1    
30.93864615 -1   
31.02258939 1    
31.12725163 -1   
31.17300354 1    
31.27614525 -1   
