0.00000000 -1   
0.23079349 1    
0.23100658 -1   
0.38045578 1    
0.46086604 -1   
0.57073119 1    
0.61229505 -1   
0.76623317 1    
0.76657325 -1   
0.92439297 1    
0.96730477 -1   
1.12003342 1    
1.12295679 -1   
1.31442091 1    
1.50681415 1    
1.50886087 -1   
1.66170010 -1   
1.66871687 1    
1.85806745 -1   
2.03026390 1    
2.03058481 -1   
2.23614187 1    
2.23647738 -1   
2.77175090 1    
2.77298485 1    
2.77348079 1    
2.78972972 1    
2.79122884 1    
2.79272472 1    
2.79847779 1    
2.79972023 1    
2.88867859 1    
2.89016941 1    
2.93190212 1    
2.93339343 1    
2.93464545 1    
2.93550951 -1   
2.93614407 1    
2.94588873 1    
2.94738809 1    
2.94888453 1    
2.95013646 1    
2.95049040 1    
2.95405747 -1   
3.03409684 1    
3.08960402 -1   
3.10890724 1    
3.24127332 -1   
3.50042336 1    
3.50076417 -1   
3.65378630 -1   
3.66182457 1    
3.84518425 -1   
3.85280377 1    
3.93857439 1    
3.94007002 1    
3.97224431 1    
3.97260639 -1   
3.97355071 1    
3.97504867 1    
3.99204130 1    
4.01014672 1    
4.01017960 -1   
4.01202857 1    
4.01327515 1    
4.01477791 1    
4.01627503 1    
4.01752623 1    
4.03301708 1    
4.03426677 1    
4.09548581 1    
4.09697892 1    
4.09823031 1    
4.09972596 1    
4.13096337 1    
4.13245816 1    
4.13420683 1    
4.13570709 1    
4.13695669 1    
4.13845491 1    
4.17419274 1    
4.17422823 -1   
4.17568738 1    
4.17693649 1    
4.17843488 1    
4.17968032 1    
4.18117990 1    
4.18268007 1    
4.18392999 1    
4.18542753 1    
4.18667998 1    
4.18817579 1    
4.18967783 1    
4.19667062 1    
4.19792217 1    
4.19942048 1    
4.20067931 1    
4.23415613 1    
4.23540181 1    
4.25939110 1    
4.26063626 1    
4.26213366 1    
4.26363121 1    
4.26488086 1    
4.26638487 1    
4.26788044 1    
4.26913080 1    
4.29862046 1    
4.30011109 1    
4.30161099 1    
4.30286430 1    
4.30436887 1    
4.30447747 -1   
4.30561128 1    
4.30710840 1    
4.30860526 1    
4.31260658 1    
4.31410572 1    
4.31560252 1    
4.31685553 1    
4.33959591 1    
4.33961698 -1   
4.34084141 1    
4.34233940 1    
4.34383861 1    
4.34508518 1    
4.34658830 1    
4.34783415 1    
4.34933310 1    
4.35083447 1    
4.35208366 1    
4.35358166 1    
4.35483428 1    
4.35632990 1    
4.35783113 1    
4.36182700 1    
4.36332781 1    
4.36482441 1    
4.36607635 1    
4.36757474 1    
4.36907367 1    
4.37032315 1    
4.37182123 1    
4.37307036 1    
4.37415395 1    
4.48831068 -1   
4.51799469 1    
4.55447246 1    
4.55596840 1    
4.55746704 1    
4.56364845 1    
4.66190862 1    
4.66194731 -1   
4.66340633 1    
4.67090199 1    
4.71602327 1    
4.75585568 1    
4.90488794 1    
9.54297593 1    
9.69238397 1    
10.06617267 1    
10.10985406 -1   
10.21558389 1    
10.42046369 1    
15.51632624 -1   
18.55477607 -1   
20.10642773 1    
20.10656068 -1   
24.38173896 1    
29.29052591 -1   
29.48457229 1    
29.48474654 -1   
29.63373339 1    
29.63400628 -1   
29.78697723 1    
29.78703948 -1   
29.93830722 1    
29.93861352 -1   
29.99392589 1    
30.02290991 1    
30.03290422 1    
30.04264529 1    
30.08888453 1    
30.28070008 1    
30.28088816 -1   
30.45776221 1    
30.45782607 -1   
30.48015177 1    
30.50388231 1    
30.51288001 1    
30.60894221 1    
30.60900332 -1   
30.76067558 1    
30.76101560 -1   
30.91125120 1    
30.91158660 -1   
