0.00000000 -1   
0.33604936 1    
0.33625918 -1   
0.48895915 1    
0.48901706 -1   
0.63921149 1    
0.63925871 -1   
0.86821236 -1   
1.02248828 1    
1.02293545 -1   
1.21250489 -1   
1.21879372 1    
1.36441434 -1   
1.59608103 1    
1.75752823 1    
1.75801447 -1   
1.90585488 -1   
2.06180628 1    
2.06211113 -1   
2.23371358 1    
2.23405885 -1   
2.44009159 1    
2.62698612 1    
2.62728847 -1   
3.38571411 1    
3.38719742 1    
3.38815042 1    
3.40694402 1    
3.40843902 1    
3.48265348 1    
3.48389556 1    
3.48539145 1    
3.53012503 1    
3.53161788 1    
3.53687089 1    
3.53836477 1    
3.53961446 1    
3.54093052 -1   
3.54120602 1    
3.55635885 1    
3.55785150 1    
3.55851000 1    
3.58621590 -1   
3.68883298 -1   
3.69552781 1    
3.70529860 1    
3.85143777 1    
3.85437961 1    
3.85453024 -1   
4.04288020 -1   
4.32751590 1    
4.32788831 -1   
4.57837293 1    
4.57870734 -1   
4.82356884 1    
4.82389773 -1   
4.89859225 1    
4.90008800 1    
4.91532988 1    
4.97511038 1    
4.97515243 -1   
4.99454158 1    
4.99578081 1    
5.00278131 1    
5.00402312 1    
5.01077398 1    
5.01201948 1    
5.01351904 1    
5.05399829 1    
5.05549722 1    
5.05674695 1    
5.05823951 1    
5.05949298 1    
5.10472226 1    
5.10621543 1    
5.12446233 1    
5.12595731 1    
5.12597150 -1   
5.12720443 1    
5.14544960 1    
5.14694393 1    
5.14844137 1    
5.14969447 1    
5.15669423 1    
5.15818729 1    
5.15968684 1    
5.16093621 1    
5.16243443 1    
5.16368210 1    
5.16393315 1    
5.22365560 1    
5.22516168 1    
5.22639418 1    
5.22789658 1    
5.22939623 1    
5.23064253 1    
5.23214520 1    
5.23339105 1    
5.23489216 1    
5.23639135 1    
5.23763890 1    
5.23914042 1    
5.24063899 1    
5.25563436 1    
5.25712984 1    
5.27412312 1    
5.31246888 1    
5.31251214 -1   
5.33384301 1    
5.33533572 1    
5.33658587 1    
5.33808228 1    
5.33958378 1    
5.34083890 1    
5.34235203 1    
5.34361012 1    
5.34509434 1    
5.34657801 1    
5.34783067 1    
5.34932469 1    
5.35057605 1    
5.42928533 1    
5.43077821 1    
5.43227960 1    
5.43352565 1    
5.43502679 1    
5.43627450 1    
5.43777498 1    
5.43927455 1    
5.44052092 1    
5.44202081 1    
5.44352662 1    
5.44477122 1    
5.44627159 1    
5.44752078 1    
5.44901912 1    
5.45051717 1    
5.45176669 1    
5.45326484 1    
5.45451832 1    
5.45601426 1    
5.45752812 1    
5.46292683 1    
5.46296085 -1   
5.47076117 1    
5.61196115 1    
5.61211016 -1   
5.64691454 1    
5.64840708 1    
5.76135591 1    
5.79807903 1    
5.79979852 1    
5.85504593 1    
5.85521738 -1   
5.85653415 1    
5.85778261 1    
5.85928860 1    
5.86053508 1    
5.94611975 1    
6.13531693 1    
10.44752000 1    
10.73560232 1    
10.85526188 -1   
10.96821681 1    
11.17510076 1    
11.50216631 1    
17.12103260 -1   
23.72622042 -1   
30.60628973 -1   
30.83360769 1    
30.88765359 -1   
30.99727129 1    
31.03544947 -1   
31.14492970 1    
31.21159890 -1   
31.25626857 1    
31.27600561 1    
