0.00000000 -1   
0.20355354 1    
0.21189224 -1   
0.35121597 1    
0.36015123 -1   
0.50912555 1    
0.50943035 -1   
0.65828877 1    
0.65845961 -1   
0.81092939 1    
0.81128162 -1   
1.05304653 1    
1.21620048 -1   
1.37213328 1    
1.37244257 -1   
1.52029762 1    
1.56244568 -1   
1.70718702 1    
1.71035900 -1   
1.90257914 1    
2.21413180 1    
2.21445416 -1   
2.83345227 1    
2.83491800 1    
2.83541223 1    
2.85368969 1    
2.85517682 1    
2.86790875 1    
2.86915057 1    
2.87064768 1    
2.87191626 1    
2.95339748 1    
2.98885903 1    
2.99034776 1    
2.99185003 1    
2.99256610 -1   
2.99309734 1    
3.00659463 1    
3.00784191 1    
3.00933528 1    
3.01056867 1    
3.02008373 1    
3.02103622 1    
3.02237756 -1   
3.16369034 -1   
3.56410510 1    
3.56443525 -1   
3.75299338 1    
3.75330737 -1   
3.78687631 1    
3.78837072 1    
3.78962348 1    
3.79112056 1    
3.79261934 1    
3.79961561 1    
3.80111229 1    
3.80711175 1    
3.81985524 1    
3.82135522 1    
3.83137048 1    
3.90356391 1    
3.90508041 1    
3.90631513 1    
3.90632983 -1   
3.92357193 1    
3.93856229 1    
3.94005959 1    
3.94155662 1    
3.94280864 1    
3.94430313 1    
3.94556049 1    
3.94705231 1    
3.94855266 1    
3.94980243 1    
3.95130227 1    
3.95255238 1    
3.95406884 1    
3.95704735 1    
3.95829838 1    
3.95979563 1    
3.96129474 1    
3.97104297 1    
3.97229136 1    
3.97378864 1    
3.97528933 1    
4.02226714 1    
4.02243053 -1   
4.02349043 1    
4.05547354 1    
4.05699270 1    
4.05846749 1    
4.05974092 1    
4.06123771 1    
4.06125196 -1   
4.06248859 1    
4.08847880 1    
4.08971490 1    
4.09119943 1    
4.09169559 1    
4.27921835 1    
4.33159016 1    
4.33307558 1    
4.33456310 1    
4.33583068 1    
4.33733412 1    
4.33855813 1    
4.35282721 1    
4.35296590 -1   
4.35432211 1    
4.35556879 1    
4.35707996 1    
4.35856696 1    
4.35981628 1    
4.36131796 1    
4.36256666 1    
4.36406414 1    
4.36556730 1    
4.36681193 1    
4.36831306 1    
4.36956108 1    
4.37105905 1    
4.37255970 1    
4.37381207 1    
4.37532300 1    
4.37680758 1    
4.37830702 1    
4.37955671 1    
4.38105445 1    
4.38230352 1    
4.38380300 1    
4.38530510 1    
4.38655140 1    
4.38805512 1    
4.38929973 1    
4.39079765 1    
4.39229696 1    
4.42822572 1    
4.48700006 1    
4.48824329 1    
4.49773891 1    
4.49923581 1    
4.50073941 1    
4.50571177 1    
4.50574309 -1   
4.50696436 1    
4.57020592 1    
4.57142383 1    
4.57294683 1    
4.64782304 1    
4.68638338 1    
4.68641825 -1   
4.79593493 1    
9.33071276 -1   
9.37705370 1    
9.88080647 1    
10.02186082 -1   
10.03451502 1    
10.17404246 -1   
10.18233591 1    
12.63534209 -1   
13.03745773 1    
13.03761290 -1   
21.84274987 -1   
24.96014465 1    
25.22886144 -1   
