0.00000000 1    
0.12127252 -1   
1.90794528 1    
2.05909858 1    
2.10691805 -1   
2.20603219 1    
2.25488699 -1   
2.26469289 1    
2.35421611 1    
2.40282193 -1   
2.48932326 -1   
2.51204810 -1   
2.54303902 -1   
2.58992222 -1   
2.59008093 1    
2.73702315 -1   
2.77971503 1    
2.82040394 -1   
2.86035497 -1   
2.88486044 -1   
2.92713678 -1   
3.05940493 1    
3.17179538 -1   
3.39276358 -1   
3.39306486 1    
3.58205865 -1   
3.58209842 1    
3.77190484 1    
4.02205953 -1   
4.05556901 1    
4.21394895 -1   
4.21428150 1    
4.81475830 -1   
4.81599475 -1   
4.81647424 -1   
4.83897338 -1   
4.84021907 -1   
4.85948020 -1   
4.86071218 -1   
4.86219980 -1   
4.94248111 -1   
4.94367876 -1   
4.96516893 -1   
4.96639262 -1   
4.96735450 1    
4.96789429 -1   
4.98575759 -1   
5.01389636 -1   
5.01513401 -1   
5.01788340 -1   
5.01938686 -1   
5.02088410 -1   
5.02288131 -1   
5.03904007 1    
5.11413366 1    
5.13183290 -1   
5.26229969 1    
5.54169096 -1   
5.54201839 1    
5.68915068 -1   
5.68950132 1    
5.84974183 -1   
5.85002286 1    
6.03831363 -1   
6.03955030 -1   
6.04002354 -1   
6.04031101 1    
6.05679052 -1   
6.05803840 -1   
6.05954063 -1   
6.06103750 -1   
6.06226618 -1   
6.06378484 -1   
6.06503445 -1   
6.07626670 -1   
6.07775758 -1   
6.19619890 -1   
6.19746155 -1   
6.19895738 -1   
6.20018928 -1   
6.20170838 -1   
6.20320998 -1   
6.21370332 -1   
6.21517937 -1   
6.21528362 1    
6.21642977 -1   
6.21794845 -1   
6.21944801 -1   
6.22069692 -1   
6.22219788 -1   
6.22344455 -1   
6.22495513 -1   
6.22644399 -1   
6.22769347 -1   
6.22919052 -1   
6.23119248 -1   
6.23243895 -1   
6.23391979 -1   
6.23516663 -1   
6.26590890 -1   
6.26742206 -1   
6.34588279 -1   
6.34712406 -1   
6.34862599 -1   
6.35010161 -1   
6.35138570 -1   
6.35287025 -1   
6.35409967 -1   
6.35562181 -1   
6.35710026 -1   
6.35838563 -1   
6.36511350 -1   
6.36634086 -1   
6.36784742 -1   
6.36934434 -1   
6.37336724 -1   
6.37340311 1    
6.37485730 -1   
6.37635355 -1   
6.37760857 -1   
6.37910446 -1   
6.38060956 -1   
6.38461105 -1   
6.38610362 -1   
6.38760560 -1   
6.38885677 -1   
6.39032733 -1   
6.39160266 -1   
6.39310102 -1   
6.39459751 -1   
6.39584831 -1   
6.39737961 -1   
6.39885024 -1   
6.40007785 -1   
6.40159279 -1   
6.40284351 -1   
6.40434614 -1   
6.40583522 -1   
6.40706936 -1   
6.40858868 -1   
6.40983434 -1   
6.41133260 -1   
6.41283863 -1   
6.41408700 -1   
6.41556252 -1   
6.41706614 -1   
6.41831121 -1   
6.41980935 -1   
6.42108097 -1   
6.42258169 -1   
6.49604407 -1   
6.49617701 1    
6.49726617 -1   
6.49819479 -1   
6.49976683 -1   
6.50128737 -1   
6.56427927 1    
6.64445999 -1   
6.64568152 -1   
6.64686002 -1   
6.75462998 -1   
6.75467184 1    
6.75588723 -1   
6.79137477 -1   
6.83348367 -1   
11.46480732 -1   
11.89889130 -1   
12.04796574 -1   
12.13269536 1    
12.19488337 -1   
17.90288007 -1   
21.30784177 1    
24.43388876 -1   
26.15491194 -1   
26.15510696 1    
30.89761788 1    
30.99360721 -1   
31.05404501 1    
31.20568824 1    
31.33993181 -1   
31.35286969 1    
31.49040700 -1   
31.49108536 1    
31.52725463 1    
31.64958929 -1   
31.81081473 -1   
31.81115143 1    
31.81205474 -1   
31.90476628 -1   
31.93274265 -1   
31.95588768 -1   
32.18411460 1    
32.86306716 -1   
32.86341264 1    
33.08278556 1    
