0.00000000 1    
0.19404638 -1   
0.19422062 1    
0.34320748 -1   
0.34348037 1    
0.49645131 -1   
0.49651356 1    
0.64778131 -1   
0.64808761 1    
0.70339997 -1   
0.73238400 -1   
0.74237831 -1   
0.75211937 -1   
0.79835862 -1   
0.99017417 -1   
0.99036225 1    
1.16723629 -1   
1.16730016 1    
1.18962585 -1   
1.21335640 -1   
1.22235410 -1   
1.31841629 -1   
1.31847740 1    
1.47014967 -1   
1.47048969 1    
1.62072528 -1   
1.62106069 1    
1.91330407 -1   
1.91362108 1    
2.11347923 -1   
2.11382082 1    
2.26735703 -1   
2.77097346 -1   
2.77246639 -1   
2.77296277 -1   
2.77871505 -1   
2.77995869 -1   
2.78870941 -1   
2.91913828 -1   
2.92062881 -1   
2.92481042 -1   
2.92762635 -1   
2.92887498 -1   
2.93037176 -1   
2.93187376 -1   
2.93273134 1    
2.93312443 -1   
2.93462087 -1   
2.93611751 -1   
2.94311670 -1   
2.99333924 -1   
3.00283503 -1   
3.00502160 1    
3.07497843 -1   
3.12580625 1    
3.47666574 -1   
3.47694859 1    
3.62757458 -1   
3.62787852 1    
3.69318980 -1   
3.69443540 -1   
3.72196010 -1   
3.72317289 -1   
3.72467110 -1   
3.72591540 -1   
3.72741464 -1   
3.72891452 -1   
3.77904355 -1   
3.77908303 1    
3.82661712 -1   
3.82785911 -1   
3.82935560 -1   
3.83085558 -1   
3.83585534 -1   
3.84684817 -1   
3.84809902 -1   
3.84959552 -1   
3.93253787 -1   
3.93276711 1    
3.94579436 -1   
3.94728860 -1   
3.95478489 -1   
3.95628404 -1   
3.95778309 -1   
3.96553319 -1   
3.96678088 -1   
3.97552447 -1   
3.97702605 -1   
3.97827105 -1   
4.02950087 -1   
4.03099031 -1   
4.03224082 -1   
4.03948961 -1   
4.04073936 -1   
4.04223496 -1   
4.04373593 -1   
4.04498412 -1   
4.04648431 -1   
4.04773137 -1   
4.04922976 -1   
4.06022554 -1   
4.08459891 -1   
4.08463316 1    
4.14318572 -1   
4.14467756 -1   
4.14617777 -1   
4.14942328 -1   
4.15092230 -1   
4.15217131 -1   
4.15367223 -1   
4.20264775 -1   
4.20414288 -1   
4.20539366 -1   
4.23547967 -1   
4.25262224 -1   
4.25411377 -1   
4.26136406 -1   
4.26260843 -1   
4.26413742 -1   
4.28185235 -1   
4.28201305 1    
4.28334926 -1   
4.28484626 -1   
4.32083241 -1   
4.32207444 -1   
4.32357694 -1   
4.33331898 -1   
4.34981586 -1   
4.35105807 -1   
4.36980600 -1   
4.37129681 -1   
4.37279626 -1   
4.38004230 -1   
4.38154450 -1   
4.38303998 -1   
4.38456076 -1   
4.43002048 -1   
4.43151238 -1   
4.44001090 -1   
4.44003371 1    
4.44125620 -1   
4.47249299 -1   
4.47399044 -1   
4.47524261 -1   
4.50772401 -1   
4.50897124 -1   
4.51046633 -1   
4.51673035 -1   
4.51799776 -1   
4.53321071 -1   
4.53445458 -1   
4.53595560 -1   
4.57169240 -1   
4.57293360 -1   
4.57356408 -1   
4.59017779 -1   
4.59167203 -1   
4.59741996 -1   
4.59745133 1    
4.59866865 -1   
4.60741301 -1   
4.60866484 -1   
4.73996149 -1   
4.79485916 1    
9.20514557 -1   
9.78714639 -1   
9.95595722 -1   
10.07587729 1    
10.10562137 -1   
19.59088301 1    
19.66440918 -1   
24.56410926 -1   
28.56035990 -1   
28.93150332 1    
29.15381782 -1   
29.15437653 1    
29.33721106 -1   
29.33727432 1    
29.48928689 -1   
29.48948606 1    
29.63994981 -1   
29.64026205 1    
29.83783680 -1   
29.83817694 1    
30.07870100 -1   
30.26468288 1    
30.26709052 -1   
30.41596254 1    
30.42624699 -1   
30.60861985 1    
30.79529294 -1   
30.79563300 1    
31.09886508 -1   
