0.00000000 1    
0.67741325 -1   
0.92121017 1    
0.92140646 -1   
1.08187738 1    
1.08242656 -1   
1.08276956 -1   
1.25586152 1    
1.28638850 1    
1.28670770 -1   
1.30964994 1    
1.31114067 1    
1.32789040 1    
1.44972989 1    
1.61804992 1    
1.61839374 -1   
1.85441291 1    
2.03078120 -1   
2.17773222 1    
2.20466667 -1   
2.33613794 1    
2.36131890 -1   
2.53677311 1    
2.53710944 -1   
2.74115275 1    
2.94006784 1    
2.94036080 -1   
3.61905896 1    
3.62054946 1    
3.62080169 1    
3.63207292 1    
3.63357184 1    
3.64354376 1    
3.65378629 1    
3.65505565 1    
3.72676858 1    
3.72800996 1    
3.80497700 1    
3.80621192 1    
3.80769294 1    
3.80830487 -1   
3.80919112 1    
3.81568752 1    
3.81695913 1    
3.81845516 1    
3.81994582 1    
3.82768530 1    
3.82889035 1    
3.83622409 -1   
3.97490017 -1   
4.23018791 -1   
4.42069810 1    
4.42104356 -1   
4.57537493 1    
4.57565482 -1   
4.66448098 1    
4.66597071 1    
4.67946810 1    
4.68096199 1    
4.68221243 1    
4.68869010 1    
4.68993787 1    
4.70571104 1    
4.73706516 1    
4.73710200 -1   
4.81612340 1    
4.81761394 1    
4.82313827 1    
4.82463168 1    
4.82612991 1    
4.84135724 1    
4.84287203 1    
4.84411947 1    
4.85011998 1    
4.85161784 1    
4.85286947 1    
4.85434358 1    
4.85884168 1    
4.86011221 1    
4.86510965 1    
4.86660901 1    
4.86810985 1    
4.87310821 1    
4.88236293 1    
4.88384217 1    
4.88534752 1    
4.90170316 1    
4.90172814 -1   
4.90908598 1    
4.91056146 1    
4.97978092 1    
4.98104134 1    
4.98253844 1    
4.98403918 1    
4.98729024 1    
4.98878705 1    
4.99004018 1    
4.99153055 1    
5.00476340 1    
5.00602638 1    
5.00752543 1    
5.00902536 1    
5.01027751 1    
5.01175174 1    
5.02550112 1    
5.06994660 1    
5.06997149 -1   
5.21741176 1    
5.21890538 1    
5.22013317 1    
5.22163276 1    
5.22290849 1    
5.22440643 1    
5.22590882 1    
5.22988158 1    
5.23140084 1    
5.23290123 1    
5.23414872 1    
5.23900929 1    
5.23902495 -1   
5.28959978 1    
5.29084243 1    
5.29234448 1    
5.30008913 1    
5.30161005 1    
5.38954374 1    
5.39105888 1    
5.41001804 1    
5.41015477 -1   
5.42379597 1    
5.42503668 1    
5.43478427 1    
5.43626150 1    
5.43753574 1    
5.44175734 1    
5.44327626 1    
5.44452468 1    
5.44602631 1    
5.44752534 1    
5.44875695 1    
5.45426779 1    
5.45577194 1    
5.45726833 1    
5.45851537 1    
5.46001613 1    
5.46124749 1    
5.46326670 1    
5.46476648 1    
5.46626166 1    
5.46751490 1    
5.46901190 1    
5.47651234 1    
5.47800486 1    
5.57604063 1    
5.61195898 -1   
5.77369417 1    
5.82631613 1    
5.82780604 1    
5.98010779 1    
10.59267512 1    
10.74957468 1    
10.82971157 -1   
10.91749817 1    
11.03238035 -1   
11.20183478 1    
17.37158784 1    
23.90332248 1    
23.90348978 -1   
24.27657883 -1   
24.27710935 1    
27.84763173 -1   
30.07184515 -1   
30.39136029 1    
30.66745342 1    
30.66797930 -1   
30.97861657 1    
31.02115591 1    
31.04911753 1    
31.05063580 1    
31.05398536 -1   
31.29312910 1    
31.61091252 1    
