0.00000000 1    
0.00016925 -1   
3.21598568 -1   
4.13012437 1    
4.13044586 -1   
4.95532686 1    
4.95654391 1    
4.95703857 1    
5.09797800 1    
5.11820850 1    
5.11970226 1    
5.12095213 1    
5.14252028 1    
5.24066262 1    
5.25115285 1    
5.25265011 1    
5.26214676 1    
5.26339633 1    
5.26467937 -1   
5.26495622 1    
5.27188979 1    
5.27339806 1    
5.27463605 1    
5.27610946 1    
5.30010713 1    
5.30134380 1    
5.30258298 -1   
5.39018185 1    
5.41483686 -1   
6.08924932 1    
6.08955683 -1   
6.48763381 1    
6.48795415 -1   
6.54391433 1    
6.54540586 1    
6.55490266 1    
6.55612907 1    
6.55764785 1    
6.64090542 -1   
6.64534968 1    
6.64659888 1    
6.64707284 1    
6.68808021 1    
6.68957174 1    
6.69657117 1    
6.69806715 1    
6.69929716 1    
6.70081995 1    
6.70481853 1    
6.70606211 1    
6.71604627 1    
6.74577693 1    
6.79526754 1    
6.79825976 1    
6.79840154 -1   
6.79951217 1    
6.80100871 1    
6.83724738 1    
6.84521843 1    
6.84773236 1    
6.84897601 1    
6.85046196 1    
6.85447932 1    
6.85573225 1    
6.85722874 1    
6.89446176 1    
6.89595415 1    
6.94716376 1    
6.94867569 1    
6.95002730 1    
6.95142226 1    
6.95154224 -1   
6.95317134 1    
6.99389301 1    
6.99539623 1    
6.99840223 1    
6.99964570 1    
7.00389599 1    
7.00514194 1    
7.00664423 1    
7.00788509 1    
7.04485805 1    
7.04609615 1    
7.09680812 1    
7.27148179 1    
7.27298866 1    
7.27394302 1    
7.27549184 1    
7.27698739 1    
7.27823903 1    
7.27835085 -1   
7.27973678 1    
7.28098396 1    
7.28248124 1    
7.28398160 1    
7.28528299 1    
7.29921043 1    
7.30045699 1    
7.30196538 1    
7.39365944 1    
7.39516955 1    
7.42163968 1    
7.42313138 1    
7.42463214 1    
7.42637755 1    
7.42765299 1    
7.42912873 1    
7.42914240 -1   
7.43064967 1    
7.43189824 1    
7.43339494 1    
7.43464503 1    
7.44937931 1    
7.45086468 1    
7.45211951 1    
7.45363454 1    
7.54434118 1    
7.54558336 1    
7.55658221 1    
7.57307302 1    
7.57456865 1    
7.57629447 1    
7.57756764 1    
7.58006333 1    
7.58018732 -1   
7.58129359 1    
7.58279057 1    
7.58432961 1    
7.58555979 1    
7.58706239 1    
7.59957308 1    
7.61979964 1    
7.74633411 1    
7.74637006 -1   
7.77595529 1    
7.89450098 1    
8.90996653 -1   
12.04786695 1    
12.39113207 -1   
12.67250631 1    
12.90337355 1    
13.06778343 1    
13.29466486 1    
17.68614784 1    
23.06814516 -1   
28.44523955 1    
32.17753386 -1   
32.39447782 1    
32.54164433 1    
32.54221050 -1   
32.69123407 -1   
32.72077384 1    
32.74043309 1    
32.75217216 1    
32.78515378 1    
32.80512489 1    
32.88828353 1    
32.93442252 -1   
33.08982445 1    
33.09012902 -1   
33.26372608 1    
33.26402576 -1   
33.43762542 1    
33.43796407 -1   
33.93503113 -1   
34.08723390 1    
34.08755213 -1   
34.23542481 1    
34.23576404 -1   
34.38383824 1    
34.38416683 -1   
