0.00000000 1    
0.38404122 1    
0.38418870 -1   
3.41799290 -1   
3.66691389 1    
3.66710486 -1   
3.81507801 1    
3.81511795 -1   
3.96682604 1    
3.96686650 -1   
4.11665505 1    
4.11696299 -1   
4.17375467 1    
4.18749576 1    
4.22647241 1    
4.22796539 1    
4.26680727 1    
4.47870254 1    
4.47903531 -1   
4.71381869 1    
4.71619881 -1   
4.87471759 1    
4.87502743 -1   
5.12780989 1    
5.12813205 -1   
5.47112948 1    
5.71695946 -1   
5.87612331 1    
5.87639226 -1   
6.02637984 1    
6.10621909 -1   
6.21552407 1    
6.25436365 -1   
6.30053840 1    
6.35153090 1    
6.36707559 1    
6.39748589 1    
6.51515476 1    
6.71660418 -1   
6.87082669 1    
6.87110900 -1   
7.06871487 1    
7.06903243 -1   
7.21788728 1    
7.21821701 -1   
7.36629584 1    
7.93310565 1    
7.93461095 1    
7.93486333 1    
7.97010765 1    
7.97160146 1    
8.02557006 1    
8.02706307 1    
8.03505205 1    
8.03654149 1    
8.04179280 1    
8.08504405 1    
8.08651344 1    
8.08698942 -1   
8.08776184 1    
8.08801383 1    
8.11752047 1    
8.11875567 1    
8.16147238 1    
8.16271830 1    
8.16428377 1    
8.17499185 1    
8.17514316 -1   
8.25504179 1    
8.25508239 -1   
8.44737934 -1   
8.90892773 1    
8.90921759 -1   
9.25902618 1    
9.25928429 -1   
9.47522390 1    
9.47648278 1    
9.47796440 1    
9.53970759 1    
9.54095144 1    
9.54243006 1    
9.54669988 1    
9.64812388 1    
9.64816023 -1   
9.64961679 1    
9.70036711 1    
9.70160944 1    
9.70586182 1    
9.76055750 1    
9.76332412 1    
9.76907298 1    
9.85650473 1    
9.85799983 1    
9.85801378 -1   
9.90150363 1    
9.90273928 1    
9.90972512 1    
9.90985375 -1   
9.91123350 1    
9.91273582 1    
10.00617088 1    
10.00745009 1    
10.02217905 1    
10.03714912 1    
10.08564754 1    
10.09111612 1    
10.09113547 -1   
10.11937329 1    
10.12362255 1    
10.12486669 1    
10.12761285 1    
10.12909117 1    
10.15858002 1    
10.16007657 1    
10.18758831 1    
10.18882369 1    
10.24455356 1    
10.24459349 -1   
10.24604823 1    
10.27453474 1    
10.27601120 1    
10.27800762 1    
10.27927940 1    
10.28077718 1    
10.35646920 1    
10.35795871 1    
10.37620288 1    
10.37772288 1    
10.39996488 1    
10.40421006 1    
10.42318187 1    
10.42469544 1    
10.42792658 1    
10.42919847 1    
10.43069368 1    
10.43216861 1    
10.43231759 -1   
10.43843921 1    
10.50665637 1    
10.50812706 1    
10.52663617 1    
10.52811304 1    
10.55337509 1    
10.55487142 1    
10.57708955 1    
10.57858441 1    
10.58133294 1    
10.58283358 1    
10.58682795 1    
10.58834847 1    
10.63087992 -1   
10.63257565 1    
10.66131611 1    
10.66281011 1    
10.68155459 1    
10.68302788 1    
10.70876946 1    
10.71026095 1    
10.73227417 1    
10.73351894 1    
10.73651454 1    
10.73801846 1    
10.74351206 1    
10.74476498 1    
10.81320382 1    
10.81472103 1    
10.83146728 1    
10.83163106 -1   
10.83294206 1    
10.85770510 1    
10.85892710 1    
10.90190826 1    
10.90340008 1    
10.90739553 1    
10.90889924 1    
10.91866003 1    
10.92014178 1    
10.93730119 1    
11.02538018 -1   
14.94371695 1    
15.19432132 1    
15.47614157 1    
15.83620532 1    
16.25592772 -1   
16.31967909 1    
24.28412533 1    
30.40934934 1    
31.28736843 1    
31.28753617 -1   
31.82980357 1    
31.82997282 -1   
