0.00000000 1    
1.88403190 -1   
2.03328180 -1   
2.14801525 1    
2.18344173 -1   
2.29827014 1    
2.33265979 -1   
2.48790447 1    
2.67605595 1    
2.67653216 -1   
2.86580127 -1   
2.87934692 1    
3.01597027 -1   
3.18142316 1    
3.18183862 -1   
3.36131841 1    
3.42322622 -1   
3.61142927 1    
3.64859857 -1   
3.90500621 1    
4.09240720 1    
4.09269871 -1   
4.78991170 1    
4.79140330 1    
4.79165537 1    
4.83588718 1    
4.83713114 1    
4.83862830 1    
4.83988086 1    
4.86562075 1    
4.95682307 1    
4.95830870 1    
4.95956146 1    
4.97830160 1    
4.97979916 1    
4.98039841 -1   
4.98404535 1    
4.98531047 1    
4.98556173 1    
4.99878953 1    
5.00028514 1    
5.07224716 1    
5.07373947 1    
5.07391592 -1   
5.12806480 -1   
5.14837274 1    
5.27516271 -1   
5.71124060 1    
5.71151831 -1   
5.87222161 1    
5.87285937 -1   
5.96478707 1    
5.96598488 1    
6.00121779 1    
6.00246066 1    
6.00396086 1    
6.00520735 1    
6.00671065 1    
6.00820619 1    
6.03483926 1    
6.03486122 -1   
6.06917271 1    
6.07067135 1    
6.07467157 1    
6.08391439 1    
6.08516402 1    
6.12489574 1    
6.12614260 1    
6.12763778 1    
6.12890230 1    
6.15212719 1    
6.15337546 1    
6.15487168 1    
6.15612418 1    
6.15761986 1    
6.15912338 1    
6.16036932 1    
6.16186714 1    
6.16311916 1    
6.17286464 1    
6.17436105 1    
6.19314294 1    
6.20034472 1    
6.20035760 -1   
6.20186080 1    
6.23208279 1    
6.23357969 1    
6.23507926 1    
6.23633870 1    
6.23782296 1    
6.23932602 1    
6.24082361 1    
6.24207436 1    
6.29554298 1    
6.29703976 1    
6.29829674 1    
6.29978897 1    
6.30403932 1    
6.30528550 1    
6.30591991 1    
6.39032829 -1   
6.47429358 1    
6.50992302 1    
6.51141889 1    
6.51267090 1    
6.52870556 1    
6.52990849 1    
6.53140698 1    
6.53265754 1    
6.53415668 1    
6.53565596 1    
6.53690286 1    
6.53840497 1    
6.53965060 1    
6.54115259 1    
6.54116268 -1   
6.54739923 1    
6.54889570 1    
6.55015988 1    
6.55164570 1    
6.55314573 1    
6.55439387 1    
6.55589121 1    
6.55739083 1    
6.56439077 1    
6.56588566 1    
6.56713679 1    
6.56863404 1    
6.56988632 1    
6.57138304 1    
6.57288711 1    
6.57414386 1    
6.62035786 1    
6.62185432 1    
6.63734766 1    
6.63859561 1    
6.64009603 1    
6.68632256 1    
6.69906409 1    
6.70031123 1    
6.70152966 1    
6.72030376 1    
6.72182697 1    
6.72879769 1    
6.72880898 -1   
6.73029437 1    
6.73179212 1    
6.78226706 1    
6.85372529 1    
6.85522231 1    
6.94417198 1    
6.94975323 1    
7.00531383 -1   
11.46844027 1    
12.02087292 1    
12.14914513 -1   
12.16977871 1    
12.29663105 -1   
12.31744811 1    
12.46511439 1    
15.27537216 1    
15.27551945 -1   
21.75016906 -1   
21.88248127 1    
24.98091058 -1   
29.75425169 1    
30.98707063 -1   
31.17169158 1    
31.99104707 -1   
32.14511235 1    
32.14542657 -1   
32.32378192 1    
32.32412289 -1   
32.59887902 1    
32.86720102 1    
32.86791703 -1   
33.01684527 -1   
33.03795831 1    
33.06876115 1    
33.10299434 1    
33.18144543 1    
33.21700707 1    
33.21730048 -1   
33.39916885 1    
