0.00000000 1    
0.22451815 -1   
0.22468796 1    
0.37692856 -1   
0.37697018 1    
0.52944754 -1   
0.52950027 1    
0.74448806 -1   
0.77936239 1    
0.78636424 -1   
0.81260224 -1   
0.83034648 -1   
0.93127573 -1   
1.07954552 -1   
1.07987804 1    
1.34565017 -1   
1.34596949 1    
1.50480420 -1   
1.50514934 1    
1.73642235 -1   
1.77989812 1    
1.93281004 -1   
1.93312931 1    
2.09769219 -1   
2.13912331 1    
2.28490455 -1   
2.33026348 1    
2.53971122 -1   
2.68578547 -1   
2.68727344 -1   
2.71099511 -1   
2.71226233 -1   
2.71374171 -1   
2.73075872 -1   
2.73200348 -1   
2.73349455 -1   
2.76627837 -1   
2.81319967 -1   
2.81443380 -1   
2.83842619 -1   
2.83991604 -1   
2.84056509 1    
2.84143486 -1   
2.84268280 -1   
2.86192885 -1   
2.86340113 -1   
2.86465263 -1   
2.86615150 -1   
2.88738890 1    
2.91505948 -1   
3.03712875 1    
3.42720955 -1   
3.42750988 1    
3.57512206 -1   
3.57578447 1    
3.72476184 -1   
3.72504928 1    
3.73216294 -1   
3.73365711 -1   
3.74317817 -1   
3.74466814 -1   
3.74616771 -1   
3.78265432 -1   
3.78389832 -1   
3.79863862 -1   
3.79989254 -1   
3.80138742 -1   
3.80763344 -1   
3.83587634 -1   
3.83709748 -1   
3.85935885 -1   
3.87585087 -1   
3.87587171 1    
3.87734782 -1   
3.88334045 -1   
3.88483737 -1   
3.88634161 -1   
3.88759352 -1   
3.89458700 -1   
3.89585173 -1   
3.89608354 -1   
3.98851918 -1   
3.98978502 -1   
3.99128177 -1   
3.99253216 -1   
3.99402946 -1   
3.99552411 -1   
3.99677666 -1   
3.99827494 -1   
3.99977642 -1   
4.00100183 -1   
4.00252030 -1   
4.00376939 -1   
4.01077151 -1   
4.01224554 -1   
4.01374414 -1   
4.01384396 1    
4.01499572 -1   
4.01924249 -1   
4.02076737 -1   
4.02200629 -1   
4.02351144 -1   
4.02500989 -1   
4.02676147 -1   
4.02677490 1    
4.02826032 -1   
4.04548925 -1   
4.13969956 -1   
4.14092322 -1   
4.14242374 -1   
4.14392058 -1   
4.14517095 -1   
4.14669163 -1   
4.14792033 -1   
4.14943772 -1   
4.15093615 -1   
4.15216550 -1   
4.15368895 -1   
4.15518420 -1   
4.15643693 -1   
4.15793251 -1   
4.15916322 -1   
4.16067976 -1   
4.16493406 -1   
4.16615351 -1   
4.16768136 -1   
4.16915654 -1   
4.17043005 -1   
4.17192354 -1   
4.17344116 -1   
4.17467338 -1   
4.17617486 -1   
4.17742328 -1   
4.17892354 -1   
4.18041855 -1   
4.18164880 -1   
4.18592300 -1   
4.18741230 -1   
4.19141656 -1   
4.19291592 -1   
4.19441179 -1   
4.19566136 -1   
4.19714048 -1   
4.19715416 1    
4.19840143 -1   
4.19988759 -1   
4.20547936 -1   
4.23639700 -1   
4.34758837 -1   
4.34880306 -1   
4.39742966 -1   
4.39746269 1    
4.48725848 -1   
4.48849492 -1   
4.52947704 -1   
4.53072233 -1   
4.53221605 -1   
4.56330027 -1   
4.56332993 1    
4.72430392 -1   
7.19206027 -1   
7.19222062 1    
9.30734477 -1   
9.68837061 -1   
9.83628773 -1   
9.91576213 1    
10.01218246 -1   
10.22381123 -1   
14.32048133 1    
16.78425835 1    
19.55972856 -1   
21.60656041 -1   
26.98974313 -1   
28.81659012 1    
29.01180337 -1   
29.01203511 1    
29.15969046 1    
29.18578555 -1   
29.37459348 -1   
29.37513605 1    
29.65262999 -1   
29.68882003 -1   
29.75452620 -1   
29.80039319 1    
29.80171458 -1   
29.96876926 -1   
29.96891902 1    
30.13118418 -1   
30.17409418 1    
30.27424729 -1   
30.29349054 -1   
30.33951195 -1   
30.36070589 -1   
30.49025107 -1   
30.49060009 1    
30.64062291 -1   
30.68279845 1    
30.83553146 -1   
30.83556965 1    
31.00468641 -1   
31.00502552 1    
31.18858259 -1   
31.18889267 1    
31.33774743 -1   
31.33804629 1    
31.48690848 -1   
