0.00000000 1    
1.82684699 -1   
2.02206024 1    
2.02229198 -1   
2.16994733 -1   
2.19604242 1    
2.38485035 1    
2.38539292 -1   
2.66288687 1    
2.69907690 1    
2.76478307 1    
2.81065006 -1   
2.81197146 1    
2.97902613 1    
2.97917589 -1   
3.14144105 1    
3.18435105 -1   
3.28450417 1    
3.30374741 1    
3.34976882 1    
3.37096276 1    
3.50050794 1    
3.50085696 -1   
3.65087978 1    
3.69305532 -1   
3.84578833 1    
3.84582653 -1   
4.01494328 1    
4.01528239 -1   
4.19883946 1    
4.19914954 -1   
4.34800430 1    
4.34830317 -1   
4.49716535 1    
4.97377968 1    
4.97529082 1    
4.97576479 1    
4.99354028 1    
4.99478174 1    
5.01877549 1    
5.08021705 1    
5.08146297 1    
5.09570536 1    
5.09719908 1    
5.12396401 1    
5.12645541 1    
5.12768559 1    
5.12850080 -1   
5.12922522 1    
5.15166966 1    
5.15291489 1    
5.17265864 1    
5.22488077 1    
5.22614105 1    
5.22693915 -1   
5.27852883 1    
5.27856664 -1   
5.42556963 -1   
5.72344405 1    
5.72377392 -1   
5.94281596 1    
5.94311552 -1   
6.09198407 1    
6.09232035 -1   
6.13785878 1    
6.13909982 1    
6.16661680 1    
6.16810748 1    
6.16935245 1    
6.17660087 1    
6.20258847 1    
6.20383440 1    
6.21158263 1    
6.24198752 1    
6.24201167 -1   
6.27755320 1    
6.27878817 1    
6.29878822 1    
6.30002429 1    
6.30152968 1    
6.30852407 1    
6.31002555 1    
6.31152390 1    
6.33806968 1    
6.33900092 1    
6.34052571 1    
6.34200934 1    
6.34323702 1    
6.35050553 1    
6.35200567 1    
6.35350009 1    
6.35472723 1    
6.39321168 1    
6.39324394 -1   
6.41195047 1    
6.41321661 1    
6.41471913 1    
6.42246339 1    
6.42396234 1    
6.42545963 1    
6.42846249 1    
6.42970708 1    
6.46766896 1    
6.46916136 1    
6.47541243 1    
6.47690707 1    
6.47842656 1    
6.47967726 1    
6.48117837 1    
6.48240165 1    
6.49467355 1    
6.49617233 1    
6.53663366 1    
6.54407425 1    
6.54409589 -1   
6.54714325 1    
6.54839151 1    
6.55639023 1    
6.55761254 1    
6.55913656 1    
6.56413220 1    
6.56535519 1    
6.56688127 1    
6.59584848 1    
6.59735701 1    
6.59860997 1    
6.60010953 1    
6.60161073 1    
6.60285482 1    
6.60433539 1    
6.60560663 1    
6.60808056 1    
6.60910352 1    
6.61785085 1    
6.61934577 1    
6.62060558 1    
6.63558763 1    
6.63681488 1    
6.63831408 1    
6.64358579 1    
6.64481060 1    
6.64631637 1    
6.64758369 1    
6.64908112 1    
6.65057671 1    
6.65182877 1    
6.65330560 1    
6.65482761 1    
6.65607733 1    
6.65757639 1    
6.65882548 1    
6.68629725 1    
6.68642643 -1   
6.68779003 1    
6.69344674 1    
6.69347287 -1   
6.70755203 1    
6.73355789 1    
6.84197521 1    
6.84321968 1    
6.84472383 1    
6.84473356 1    
6.84475549 -1   
6.94939840 1    
6.95088606 1    
6.99189220 1    
6.99401463 1    
11.64283358 1    
11.64296344 -1   
11.79199066 1    
12.03633040 1    
12.18626403 1    
12.27927153 -1   
12.33417675 1    
12.46777980 -1   
12.48209447 1    
19.25494579 -1   
20.82074974 -1   
28.63392738 -1   
31.20795732 -1   
31.44603787 1    
31.59592498 1    
31.59645201 -1   
31.79033078 1    
31.82417076 1    
31.83413207 -1   
31.84415406 1    
31.91811172 1    
31.97617584 1    
31.98812060 -1   
32.12411594 1    
32.13579714 -1   
32.21447528 1    
32.25194163 1    
32.27767594 1    
32.28547172 1    
32.43291780 1    
32.43324553 -1   
32.58262758 1    
32.58293373 -1   
32.73201807 1    
32.83575685 -1   
33.01734270 1    
33.01764271 -1   
33.20525149 1    
33.20553706 -1   
33.35414066 1    
33.35444395 -1   
