0.00000000 -1   
0.21694396 1    
0.36411047 1    
0.36467665 -1   
0.51370021 -1   
0.54323998 1    
0.56289923 1    
0.57463830 1    
0.60761993 1    
0.62759104 1    
0.71074967 1    
0.75688867 -1   
0.91229059 1    
0.91259516 -1   
1.08619222 1    
1.08649190 -1   
1.26009156 1    
1.26043022 -1   
1.75749727 -1   
1.90970005 1    
1.91001827 -1   
2.05789095 1    
2.05823019 -1   
2.20630439 1    
2.20663297 -1   
2.75364968 1    
2.75513982 1    
2.75561015 1    
2.75756756 -1   
2.79487327 1    
2.83734851 1    
2.83887609 1    
2.88656812 1    
2.88805885 1    
2.90649138 1    
2.91580431 1    
2.91704159 1    
2.91854034 1    
2.91880590 -1   
2.95457430 1    
2.95600446 1    
2.96175249 1    
2.98601382 1    
2.98750616 1    
2.98873154 1    
2.99068401 -1   
3.01397537 1    
3.03521656 1    
3.05467840 1    
3.06407887 -1   
3.10648682 -1   
3.21370425 1    
3.29463456 -1   
3.49679733 1    
3.68371190 1    
3.68400220 -1   
3.83212638 1    
3.83238634 -1   
3.85598929 1    
3.85725546 1    
3.89674207 1    
3.89795991 1    
3.89946018 1    
3.92695383 1    
3.98367614 1    
3.98518951 1    
3.98565758 1    
3.98566833 -1   
4.01040452 1    
4.01164750 1    
4.01816866 1    
4.01941558 1    
4.02091333 1    
4.02215929 1    
4.02366153 1    
4.02515837 1    
4.11836591 1    
4.11958389 1    
4.12110549 1    
4.12235549 1    
4.12386434 1    
4.13633350 1    
4.13635859 -1   
4.13786426 1    
4.13934433 1    
4.18083086 1    
4.25328675 1    
4.25475736 1    
4.25603021 1    
4.27400032 1    
4.27551994 1    
4.28724584 1    
4.30673789 1    
4.30797711 1    
4.38693927 1    
4.39670344 1    
4.39685892 -1   
4.39794564 1    
4.39942552 1    
4.40794194 1    
4.40945677 1    
4.43617472 1    
4.44242452 1    
4.44371931 1    
4.48065925 1    
4.48215062 1    
4.48339776 1    
4.51139374 1    
4.51290611 1    
4.51963505 1    
4.52110516 1    
4.52762545 1    
4.54534694 1    
4.54686510 1    
4.56135517 1    
4.56258447 1    
4.56410136 1    
4.56420951 -1   
4.58811304 1    
4.65128916 1    
4.65277866 1    
4.66204978 1    
4.66329846 1    
4.66480027 1    
4.68054161 1    
4.68203622 1    
4.69428526 1    
4.69575814 1    
4.72176901 1    
4.72299137 1    
4.77860049 1    
4.77877094 -1   
4.78473337 1    
4.78620298 1    
4.78747710 1    
4.78897265 1    
4.79046991 1    
4.79421858 1    
4.82046327 1    
4.86119083 1    
4.86266289 1    
4.86392981 1    
4.92040727 1    
4.92162589 1    
4.92314556 1    
4.92439344 1    
4.92587430 1    
4.92737269 1    
4.92864523 1    
4.93287469 1    
4.93361348 1    
4.94588667 1    
4.94590731 -1   
4.98117464 1    
4.98260153 1    
5.01260519 1    
5.04958451 1    
5.05107936 1    
5.05232280 1    
5.05380078 1    
5.09654130 1    
5.09656626 -1   
9.38720094 1    
9.94238263 1    
10.05558417 -1   
10.08954405 1    
10.23646294 1    
10.41461327 1    
18.57621289 1    
25.97871386 1    
29.33871180 -1   
29.54414608 1    
29.69206631 1    
29.69260661 -1   
29.84370138 -1   
29.87772543 1    
29.90161901 1    
29.92186012 1    
29.97158360 1    
30.00081295 1    
30.00099442 -1   
30.04937728 1    
30.19500742 -1   
30.22243547 1    
30.24240188 1    
30.26315968 1    
30.26465064 1    
30.26741504 1    
30.41691894 1    
30.41722986 -1   
30.62827770 1    
30.78349378 -1   
30.81544085 1    
31.00231454 1    
31.00235374 -1   
31.23588048 -1   
31.44708682 1    
31.44741885 -1   
