0.00000000 1    
3.35999793 -1   
3.56543221 1    
3.71335245 1    
3.71389275 -1   
3.86498751 -1   
3.89901156 1    
3.92290514 1    
3.94314626 1    
3.99286974 1    
4.02209909 1    
4.02228055 -1   
4.07066342 1    
4.21629356 -1   
4.24372161 1    
4.26368801 1    
4.28444581 1    
4.28593678 1    
4.28870118 1    
4.43820508 1    
4.43851599 -1   
4.64956384 1    
4.80477992 -1   
4.83672698 1    
5.02360068 1    
5.02363988 -1   
5.25716662 -1   
5.46837296 1    
5.46870498 -1   
5.63826856 1    
5.63858979 -1   
5.78891256 1    
6.27980841 1    
6.28103013 1    
6.28153167 1    
6.30751720 1    
6.30876616 1    
6.41095897 1    
6.41222689 1    
6.41372196 1    
6.41995248 1    
6.42958049 1    
6.43121669 1    
6.43944116 1    
6.44094334 1    
6.44220716 1    
6.45279350 -1   
6.57114229 1    
6.57261199 1    
6.57413241 1    
6.57742005 1    
6.58462880 1    
6.58614494 1    
6.59662527 1    
6.59672060 -1   
6.64713364 -1   
6.72608785 1    
6.79531041 -1   
7.03027183 1    
7.03061618 -1   
7.18313945 1    
7.18352839 -1   
7.33278034 1    
7.33304556 -1   
7.44013979 1    
7.44163464 1    
7.45966989 1    
7.46110793 1    
7.46242486 1    
7.48304737 1    
7.48306844 -1   
7.49963886 1    
7.50108387 1    
7.59378297 1    
7.59529694 1    
7.59654941 1    
7.61357420 1    
7.61523074 1    
7.61632477 1    
7.61781693 1    
7.61901340 1    
7.62051046 1    
7.63131099 1    
7.63139858 -1   
7.63502852 1    
7.73996884 1    
7.74150223 1    
7.75074711 1    
7.75993554 1    
7.76123942 1    
7.76348635 1    
7.76474256 1    
7.76622476 1    
7.77985614 1    
7.89363261 1    
7.89485408 1    
7.90289695 1    
7.90434774 1    
7.90559991 1    
7.90709643 1    
7.90834923 1    
7.90985075 1    
7.91159696 1    
7.91167433 -1   
7.92743990 1    
7.93957949 1    
8.05254687 1    
8.05401248 1    
8.05528683 1    
8.06128383 1    
8.06278282 1    
8.07275430 1    
8.07427348 1    
8.07577174 1    
8.07700600 1    
8.07852218 1    
8.08871744 1    
8.19996102 1    
8.20119989 1    
8.20468190 1    
8.20619685 1    
8.20745432 1    
8.20894923 1    
8.20906604 -1   
8.21017480 1    
8.24645045 1    
8.24767754 1    
8.24917008 1    
8.34086241 1    
8.34211976 1    
8.34259287 1    
8.36386533 1    
8.36508887 1    
8.36660883 1    
8.36808728 1    
8.36935517 1    
8.36945997 -1   
8.38283055 1    
8.38434757 1    
8.48802267 1    
8.48953718 1    
8.49078183 1    
8.49228216 1    
8.49376200 1    
8.49951012 1    
8.50103901 1    
8.50777378 1    
8.50927298 1    
8.51105233 1    
8.55250673 1    
8.55374306 1    
8.55974603 1    
8.64395633 1    
8.64544556 1    
8.66137373 1    
8.66591428 1    
8.66718175 1    
8.66868679 1    
8.66878317 -1   
8.67016127 1    
8.67143106 1    
8.67291218 1    
8.67415713 1    
8.70042220 1    
8.70166389 1    
8.70314125 1    
8.79311646 1    
8.79435984 1    
8.80840282 1    
8.86662141 -1   
9.12552145 1    
9.12566375 -1   
12.80498697 -1   
13.00530268 1    
13.19344600 1    
13.55557512 1    
13.81758984 1    
21.65011393 1    
26.62251477 1    
29.05014297 1    
31.37287288 -1   
32.88791927 -1   
33.11131300 1    
33.29970260 1    
33.30020655 -1   
33.67648368 1    
33.67665959 -1   
33.82947487 -1   
33.98230765 1    
33.98257062 -1   
34.17219771 1    
34.17249323 -1   
