0.00000000 -1   
2.54801661 -1   
2.76684457 1    
2.76703375 -1   
2.91475762 1    
2.91480285 -1   
3.06700901 1    
3.06704678 -1   
3.24513258 1    
3.27344935 1    
3.30343743 1    
3.32092847 1    
3.33407942 -1   
3.43050697 1    
3.63582596 1    
3.63613891 -1   
3.86619524 1    
3.86650967 -1   
4.02310247 1    
4.02343182 -1   
4.17453693 1    
4.33458117 -1   
4.49158689 1    
4.49189524 -1   
4.65177320 1    
4.70041849 -1   
4.84863274 1    
4.89603389 -1   
5.11849826 1    
5.26756908 1    
5.26880675 1    
5.30102510 1    
5.30251739 1    
5.30378463 1    
5.31201505 1    
5.31352624 1    
5.33100512 1    
5.34558458 1    
5.41246373 1    
5.41395446 1    
5.42796844 1    
5.42946474 1    
5.42991842 -1   
5.43069552 1    
5.43694006 1    
5.45246111 1    
5.45395685 1    
5.45543201 1    
5.45670477 1    
5.46145129 1    
5.46463715 -1   
5.49246519 1    
5.61491207 -1   
5.97423935 1    
5.97454877 -1   
6.13563824 1    
6.13592844 -1   
6.29872753 1    
6.30021682 1    
6.30115206 1    
6.30145373 -1   
6.30269972 1    
6.30421542 1    
6.30844193 1    
6.31493991 1    
6.31646275 1    
6.38167998 1    
6.38292169 1    
6.38442613 1    
6.39214864 1    
6.39339385 1    
6.39489240 1    
6.40216256 1    
6.45938452 1    
6.46062490 1    
6.46210556 1    
6.46360514 1    
6.46485050 1    
6.46486388 -1   
6.46637557 1    
6.47337330 1    
6.47460024 1    
6.47611653 1    
6.47733631 1    
6.51734724 1    
6.51859274 1    
6.52009140 1    
6.52159001 1    
6.52285855 1    
6.52758883 1    
6.53184211 1    
6.53306448 1    
6.53458688 1    
6.53608281 1    
6.53733376 1    
6.53883064 1    
6.54157795 1    
6.54167894 -1   
6.54307819 1    
6.54457597 1    
6.55607879 1    
6.55757163 1    
6.55904995 1    
6.57928779 1    
6.58080338 1    
6.60904740 1    
6.65652023 1    
6.65655514 -1   
6.66503881 1    
6.71673524 1    
6.71823022 1    
6.72597411 1    
6.72745491 1    
6.72872175 1    
6.73020278 1    
6.73147091 1    
6.73297318 1    
6.73446869 1    
6.73571959 1    
6.73722475 1    
6.73846179 1    
6.73996607 1    
6.74146333 1    
6.74271105 1    
6.74421266 1    
6.74546276 1    
6.74694384 1    
6.74844083 1    
6.74968976 1    
6.75118766 1    
6.75243756 1    
6.75393472 1    
6.75543477 1    
6.75843872 1    
6.75968453 1    
6.76117978 1    
6.77992729 1    
6.78142087 1    
6.78294305 1    
6.79643404 1    
6.83341943 1    
6.83345610 -1   
6.83491467 1    
6.86963977 1    
6.87939017 1    
6.88063746 1    
6.92609692 1    
6.92761173 1    
6.92885920 1    
6.98456039 1    
6.98605342 1    
7.02475670 1    
7.02479248 -1   
7.04952429 1    
7.05103825 1    
7.11450838 1    
7.11572972 1    
7.18038473 1    
7.18041791 -1   
7.25468214 1    
7.33191529 1    
11.81891619 1    
12.29623115 1    
12.45154862 1    
12.49309936 -1   
12.79760145 1    
17.34000811 -1   
26.19169458 1    
31.57795019 -1   
31.80246834 1    
31.80263814 -1   
31.95487874 1    
31.95492037 -1   
32.10739773 1    
32.10745045 -1   
32.32243825 1    
32.35731258 -1   
32.36431443 1    
32.39055243 1    
32.40829667 1    
32.50922591 1    
32.65749570 1    
32.65782823 -1   
32.92360036 1    
32.92391968 -1   
33.08275439 1    
33.08309953 -1   
33.31437254 1    
33.35784830 -1   
33.51076022 1    
33.51107950 -1   
33.67564238 1    
33.71707350 -1   
33.86285473 1    
