0.00000000 -1   
0.32904436 1    
0.32923165 -1   
0.47797713 1    
0.47801793 -1   
0.62877057 1    
0.62880843 -1   
0.80878976 1    
0.84816668 1    
0.84966422 1    
0.88780787 -1   
0.99779963 1    
1.20540049 1    
1.20554253 -1   
1.35466885 -1   
1.38695254 1    
1.42058561 1    
1.44255869 1    
1.54351677 1    
1.56832526 1    
1.56862159 -1   
1.78970137 1    
1.88886570 -1   
1.98212035 1    
2.07974351 -1   
2.17025375 1    
2.30885699 -1   
2.48730596 1    
2.48762089 -1   
2.72741683 1    
3.03455814 1    
3.03488676 -1   
3.87144432 1    
3.87292958 1    
3.87386350 1    
3.87542247 1    
3.88316405 1    
3.99836663 1    
4.01483657 1    
4.01635356 1    
4.01760127 1    
4.02234593 1    
4.02384807 1    
4.02534749 1    
4.02660241 1    
4.02775041 -1   
4.02807139 1    
4.02958666 1    
4.03083792 1    
4.03108942 1    
4.03309088 1    
4.07357871 1    
4.18855356 -1   
4.19212702 1    
4.34709787 1    
4.34713368 -1   
4.54785640 -1   
4.82249220 1    
4.82280242 -1   
4.97735634 -1   
5.07934053 1    
5.13298441 -1   
5.32470687 1    
5.32498708 -1   
5.35881615 1    
5.36033266 1    
5.47269617 1    
5.47302699 -1   
5.49725873 1    
5.49874951 1    
5.50025198 1    
5.50149806 1    
5.50299992 1    
5.50449699 1    
5.50599401 1    
5.50724517 1    
5.51072539 1    
5.51196898 1    
5.51349118 1    
5.51473987 1    
5.51624281 1    
5.62391687 1    
5.62517829 1    
5.64866602 1    
5.64991816 1    
5.65004371 -1   
5.65141586 1    
5.65266106 1    
5.65416443 1    
5.65565880 1    
5.65688731 1    
5.65840928 1    
5.65964011 1    
5.66113759 1    
5.66263648 1    
5.66388404 1    
5.66538540 1    
5.66688195 1    
5.66813045 1    
5.66962958 1    
5.67088082 1    
5.67237998 1    
5.67388070 1    
5.67512792 1    
5.70511676 1    
5.70660842 1    
5.77408040 1    
5.77556992 1    
5.79858921 1    
5.79980882 1    
5.80076226 1    
5.84040246 -1   
5.84703450 1    
5.84853277 1    
5.97398425 1    
5.97520551 1    
5.97670692 1    
5.97795479 1    
5.97945837 1    
5.98095435 1    
5.98220423 1    
5.98370526 1    
5.98494885 1    
5.98644765 1    
5.98794915 1    
5.98919758 1    
5.99071909 1    
5.99196725 1    
5.99345055 1    
5.99494461 1    
5.99621644 1    
5.99771565 1    
5.99896706 1    
6.00045700 1    
6.00196337 1    
6.00321073 1    
6.00471511 1    
6.00596149 1    
6.00745904 1    
6.00893879 1    
6.01018861 1    
6.01170537 1    
6.01321172 1    
6.01445120 1    
6.01593606 1    
6.01718406 1    
6.01868043 1    
6.02019798 1    
6.02144800 1    
6.02168371 1    
6.02169585 -1   
6.08717123 1    
6.13486920 1    
6.17906545 1    
6.17910265 -1   
6.22657073 1    
6.27104227 1    
6.27253685 1    
6.34248823 1    
6.34268107 -1   
6.35998946 1    
6.36123644 1    
6.49422994 1    
6.68190905 1    
6.74253170 1    
6.74378327 1    
6.83537453 1    
9.58872183 -1   
10.99796448 1    
11.34788224 -1   
11.41821512 1    
11.49584914 -1   
11.66380581 1    
11.86176996 1    
12.12181746 1    
18.64458859 1    
26.05959665 1    
26.05974663 -1   
30.93005244 -1   
