0.00000000 -1   
0.21126085 1    
0.21143371 -1   
0.35994494 1    
0.35999192 -1   
0.52369142 1    
0.52372893 -1   
0.69700310 1    
0.69747655 -1   
0.75112789 1    
0.78835748 1    
0.78985429 1    
0.80859423 1    
0.87264220 1    
1.09527653 1    
1.09557582 -1   
1.34477306 -1   
1.40707538 1    
1.52422620 -1   
1.61032185 1    
1.67239507 -1   
1.85059725 1    
1.85089616 -1   
2.25560101 1    
2.25591269 -1   
2.81354603 1    
2.82591749 1    
2.82741448 1    
2.84340665 1    
2.84465717 1    
2.86164737 1    
2.86316784 1    
2.86441585 1    
2.87214152 1    
2.92389092 1    
2.99214046 1    
2.99332144 1    
2.99482373 1    
2.99542743 -1   
2.99634087 1    
3.00882519 1    
3.01005940 1    
3.01158081 1    
3.01309052 1    
3.02347955 -1   
3.02532322 1    
3.02678602 1    
3.15155105 -1   
3.34532073 -1   
3.52563550 1    
3.52589692 -1   
3.69661121 1    
3.69691284 -1   
3.79661175 1    
3.79785700 1    
3.79935688 1    
3.80513101 1    
3.80638063 1    
3.80644431 -1   
3.80787438 1    
3.81262080 1    
3.81411812 1    
3.81536921 1    
3.81986670 1    
3.84785798 1    
3.84907790 1    
3.85432860 1    
3.85434260 -1   
3.87135714 1    
3.87258670 1    
3.94877914 1    
3.95027006 1    
3.95151941 1    
3.95301561 1    
3.95604133 1    
3.95726519 1    
3.95879122 1    
3.96028714 1    
3.96153519 1    
3.96303574 1    
3.96453817 1    
3.96578413 1    
3.96728305 1    
3.96853261 1    
3.97002948 1    
3.97152746 1    
3.97277915 1    
3.97427624 1    
3.99776997 1    
3.99899148 1    
4.00051775 1    
4.00201448 1    
4.00601082 1    
4.00602494 -1   
4.00723804 1    
4.00875601 1    
4.01023430 1    
4.02472793 1    
4.02597755 1    
4.02750039 1    
4.02899743 1    
4.11520649 1    
4.11667582 1    
4.11735675 1    
4.22872874 -1   
4.28820223 1    
4.37628603 1    
4.37779727 1    
4.39353806 1    
4.39476503 1    
4.39626514 1    
4.40051195 1    
4.40178704 1    
4.40328456 1    
4.40336936 -1   
4.40478336 1    
4.40603225 1    
4.40753534 1    
4.41003259 1    
4.41125894 1    
4.41277517 1    
4.41402304 1    
4.41550366 1    
4.41927546 1    
4.42076957 1    
4.42227189 1    
4.42352034 1    
4.42502187 1    
4.42624801 1    
4.42899368 1    
4.43049268 1    
4.43174480 1    
4.43324261 1    
4.43476601 1    
4.44450981 1    
4.44575690 1    
4.44725552 1    
4.44850684 1    
4.45000227 1    
4.45700057 1    
4.45849774 1    
4.53371623 1    
4.53518609 1    
4.54943155 1    
4.55094707 1    
4.55244847 1    
4.55369348 1    
4.55667753 1    
4.55819200 1    
4.55830493 -1   
4.56017260 1    
4.56143984 1    
4.56294212 1    
4.56443741 1    
4.56539799 1    
4.56541165 -1   
9.31208277 1    
10.02753914 -1   
10.22373358 -1   
12.69139663 1    
12.88045613 1    
19.96523873 1    
24.54836994 1    
27.92566317 1    
27.92717609 -1   
28.80386467 -1   
29.05728593 1    
29.05745170 -1   
29.21097337 1    
29.21101182 -1   
29.36641444 -1   
29.37568572 1    
29.37572505 -1   
29.55172448 1    
29.55200654 -1   
29.59260976 1    
29.60285797 1    
29.62983887 1    
29.71731330 1    
29.71745372 -1   
29.87457030 1    
29.91050769 -1   
29.91892705 1    
29.93917654 1    
29.97191800 1    
30.06052762 1    
30.32731543 1    
30.32761736 -1   
30.48122414 1    
30.53010175 -1   
30.71556780 1    
30.71586790 -1   
30.91646935 1    
30.91677612 -1   
31.06586606 1    
31.06616304 -1   
31.21480467 1    
31.71015641 1    
31.71166595 1    
31.71191845 1    
31.75712718 1    
