0.00000000 1    
0.24257460 -1   
0.50105532 1    
0.57063454 -1   
0.65028949 1    
0.72004979 -1   
0.80070807 1    
0.84062974 -1   
0.86061568 -1   
0.86916490 -1   
0.89089345 -1   
0.90059394 -1   
1.01892278 -1   
1.01911584 1    
1.16848861 1    
1.19310905 -1   
1.23090927 -1   
1.24839589 -1   
1.38255109 -1   
1.50049157 1    
1.53183238 -1   
1.68432977 -1   
1.68466831 1    
1.87709388 1    
2.04254255 -1   
2.04288946 1    
2.26949944 -1   
2.27588868 1    
2.85573317 -1   
2.85722119 -1   
2.85817538 -1   
2.87622339 -1   
2.87771448 -1   
2.88698747 -1   
2.88848171 -1   
2.88971557 -1   
2.97066527 -1   
2.97190543 -1   
3.00839459 -1   
3.00988873 -1   
3.01114019 -1   
3.01215541 1    
3.01263785 -1   
3.02812784 -1   
3.02937569 -1   
3.03087685 -1   
3.03237357 -1   
3.03862436 -1   
3.03911721 -1   
3.04042212 1    
3.16386747 1    
3.44095387 1    
3.59840391 -1   
3.60632730 1    
3.76255437 -1   
3.76286620 1    
3.81018285 -1   
3.81167602 -1   
3.83267362 -1   
3.84141635 -1   
3.84265804 -1   
3.84415498 -1   
3.84540542 -1   
3.91559141 -1   
3.91563607 1    
3.92986375 -1   
3.93135583 -1   
3.93960638 -1   
3.94110010 -1   
3.94260137 -1   
3.94385007 -1   
3.94534868 -1   
3.96309113 -1   
3.96458927 -1   
3.96608608 -1   
3.96733638 -1   
3.99282745 -1   
3.99407214 -1   
3.99556983 -1   
3.99706742 -1   
3.99831701 -1   
3.99982570 -1   
4.00106562 -1   
4.05654141 -1   
4.05803653 -1   
4.06477977 -1   
4.06803479 -1   
4.06805013 1    
4.06953024 -1   
4.08352042 -1   
4.08502096 -1   
4.08651730 -1   
4.08776485 -1   
4.09231243 -1   
4.09376861 -1   
4.09501203 -1   
4.09651421 -1   
4.09776305 -1   
4.09927578 -1   
4.10075824 -1   
4.10200764 -1   
4.11550547 -1   
4.11675245 -1   
4.11826674 -1   
4.11851961 -1   
4.20870462 -1   
4.26470903 1    
4.30801431 -1   
4.32838632 -1   
4.32987806 -1   
4.33137632 -1   
4.33288043 -1   
4.33412671 -1   
4.33562864 -1   
4.33687652 -1   
4.33837510 -1   
4.33987203 -1   
4.34112227 -1   
4.34262049 -1   
4.34412102 -1   
4.34536911 -1   
4.34687112 -1   
4.34811715 -1   
4.34961967 -1   
4.35111671 -1   
4.35236491 -1   
4.35386516 -1   
4.35511383 -1   
4.35661340 -1   
4.35811469 -1   
4.39060126 -1   
4.39209183 -1   
4.39359138 -1   
4.45855916 -1   
4.45859897 1    
4.46011686 -1   
4.46130475 -1   
4.46280388 -1   
4.46405163 -1   
4.46555365 -1   
4.46679888 -1   
4.46829757 -1   
4.47255235 -1   
4.47379894 -1   
4.47529400 -1   
4.47679631 -1   
4.47967405 -1   
4.49583426 -1   
4.56800083 -1   
4.56949438 -1   
4.63069911 -1   
4.63073864 1    
4.68018572 -1   
4.68167671 -1   
4.78042027 -1   
4.78045978 1    
4.93113994 -1   
4.96477529 -1   
4.96602091 -1   
5.11432230 -1   
9.83434145 -1   
9.99549314 -1   
10.03992170 1    
10.14490612 -1   
10.24130265 1    
10.34628756 -1   
17.33733927 -1   
19.33164747 1    
27.20165880 -1   
29.26501088 1    
29.50367343 -1   
29.50422902 1    
29.65548043 1    
29.67865607 -1   
29.70264435 -1   
29.74335664 -1   
29.77161168 -1   
29.81408369 -1   
29.82858802 -1   
29.82889251 1    
29.99683264 -1   
29.99729744 1    
30.24891118 -1   
30.45556531 -1   
30.45590467 1    
30.60866661 1    
30.76338371 -1   
30.76367853 1    
30.94155037 -1   
30.94184766 1    
31.09067735 -1   
31.09095815 1    
31.23984483 -1   
