0.00000000 -1   
0.23647544 1    
0.47081081 1    
0.47132914 -1   
0.63521392 -1   
0.72700084 1    
0.80504505 1    
0.80629290 1    
0.91672828 1    
1.06637859 1    
1.06655561 -1   
1.21636199 -1   
1.27660150 1    
1.31373321 1    
1.33446412 1    
1.38150966 1    
1.44218552 1    
1.44250814 -1   
1.46851402 1    
1.60463495 -1   
1.70612612 1    
1.86828147 1    
1.86860927 -1   
2.07916558 1    
2.07949952 -1   
2.23605378 1    
2.23632928 -1   
2.40195486 1    
2.59114555 1    
2.59130596 -1   
2.81015185 1    
2.81139086 1    
2.81186561 1    
2.84261228 1    
2.84413002 1    
2.88511183 1    
2.88635400 1    
2.96156819 1    
2.96282384 1    
2.99234390 1    
2.99351967 1    
3.03502453 1    
3.03626306 1    
3.03831806 -1   
3.08648410 1    
3.08799226 1    
3.11245562 1    
3.11394710 1    
3.14418734 1    
3.14542996 1    
3.14599017 -1   
3.18586496 1    
3.18617273 -1   
3.33461875 -1   
3.63927144 1    
3.63956520 -1   
3.80267572 1    
3.80297421 -1   
3.97407634 1    
3.97436986 -1   
4.07067841 1    
4.07225441 1    
4.07816911 1    
4.07941124 1    
4.08091519 1    
4.12689064 1    
4.12838895 1    
4.15638115 1    
4.15641817 -1   
4.29705216 1    
4.29863900 1    
4.30878555 1    
4.31028523 1    
4.31453279 1    
4.32700268 1    
4.33002203 1    
4.35377872 1    
4.56439507 1    
4.56563556 1    
4.56577426 -1   
4.57138654 1    
4.59285564 1    
4.59412743 1    
4.59562053 1    
4.59712200 1    
4.59987145 1    
4.60136794 1    
4.73829919 1    
4.73954344 1    
4.76428350 1    
4.76552342 1    
4.76702998 1    
4.76852705 1    
4.77277648 1    
4.77403910 1    
4.80576013 1    
4.89468411 1    
4.89592734 1    
4.89606949 -1   
4.90069663 1    
4.92141919 1    
4.92291428 1    
4.92715966 1    
4.92842631 1    
4.93265952 1    
4.93415683 1    
5.00889418 1    
5.04812065 1    
5.04936675 1    
5.07510249 1    
5.07632878 1    
5.08182275 1    
5.08307666 1    
5.08731874 1    
5.08859363 1    
5.15655475 1    
5.15670478 -1   
5.33570521 1    
5.33719685 1    
5.33869714 1    
5.37193320 1    
5.37342661 1    
5.37492475 1    
5.37615499 1    
5.37765312 1    
5.37890396 1    
5.46063655 1    
5.47462022 1    
5.56582860 1    
5.56732031 1    
5.56743199 -1   
5.57156646 1    
5.57280560 1    
5.57432014 1    
5.57579004 1    
5.57706431 1    
5.57856359 1    
5.58855740 1    
5.64302960 1    
5.64426526 1    
5.65151645 1    
5.78594715 1    
5.78893897 1    
5.80141615 1    
5.80292995 1    
5.81843086 1    
5.81966611 1    
5.82117676 1    
5.82242317 1    
5.82249925 -1   
5.84189382 1    
5.84313698 1    
5.84465270 1    
5.86712694 1    
5.95685059 1    
5.95834774 1    
5.96683891 1    
5.96808652 1    
5.98280866 1    
5.98411760 1    
5.98434727 1    
6.02160728 -1   
8.98872443 -1   
9.57812097 1    
9.91168240 1    
10.06958718 1    
10.22600462 1    
10.40214732 1    
11.49055207 -1   
13.91338042 1    
22.14540577 -1   
29.85037129 -1   
30.00792017 -1   
30.26202533 1    
30.26221745 -1   
30.40971448 1    
30.41023309 -1   
30.41055614 -1   
30.56993806 1    
30.62247386 1    
30.62250966 -1   
30.62371757 1    
30.63874727 1    
30.75932345 1    
30.83217044 -1   
30.95540409 1    
30.98806276 -1   
31.02301609 1    
31.03301241 1    
31.06249512 1    
31.11686127 1    
