0.00000000 -1   
0.99448584 -1   
1.25015621 1    
1.39782470 1    
1.39820378 -1   
1.57451330 1    
1.59960970 1    
1.65133407 1    
1.65257383 1    
1.69841444 -1   
1.75368639 1    
1.89099215 -1   
1.94375601 1    
2.03915546 -1   
2.08134754 1    
2.09278135 1    
2.11031424 1    
2.20051207 1    
2.23980048 1    
2.24012740 -1   
2.39050459 1    
2.43515282 -1   
2.58198733 1    
2.62581634 -1   
2.87119126 -1   
3.04862671 1    
3.04894897 -1   
3.20479513 1    
3.38863324 -1   
3.42765750 1    
3.60700569 -1   
3.96310742 1    
4.01123703 1    
4.01272808 1    
4.02722337 1    
4.02846713 1    
4.02996848 1    
4.06845085 1    
4.12145192 1    
4.14465729 1    
4.14615378 1    
4.15864677 1    
4.16014188 1    
4.16414265 1    
4.16563997 1    
4.16689201 1    
4.16739938 -1   
4.17863861 1    
4.20262407 1    
4.20386828 1    
4.23160952 1    
4.23310081 1    
4.23318939 -1   
4.23434998 1    
4.26914541 1    
4.31836009 -1   
4.69722181 -1   
4.78813502 1    
4.84802862 -1   
4.99426510 1    
5.05338891 1    
5.05343354 -1   
5.05462942 1    
5.06312493 1    
5.06462482 1    
5.06587182 1    
5.06737489 1    
5.06886902 1    
5.09285955 1    
5.14323409 1    
5.17660361 1    
5.17780925 1    
5.17931253 1    
5.18056002 1    
5.18205962 1    
5.18405369 1    
5.20829672 1    
5.20832402 -1   
5.20979384 1    
5.21928785 1    
5.22053251 1    
5.22203296 1    
5.22328330 1    
5.22478008 1    
5.22628208 1    
5.22752936 1    
5.22903137 1    
5.23027799 1    
5.23177870 1    
5.23327501 1    
5.23452805 1    
5.29099703 1    
5.29249413 1    
5.29874226 1    
5.30023714 1    
5.33272532 1    
5.33396812 1    
5.33546718 1    
5.33696626 1    
5.33707068 -1   
5.33821837 1    
5.33971612 1    
5.34096628 1    
5.34246492 1    
5.34396203 1    
5.34521263 1    
5.34671371 1    
5.34796103 1    
5.36895657 1    
5.36899694 -1   
5.37017137 1    
5.56643849 1    
5.69576926 1    
5.69726276 1    
5.69851642 1    
5.70000945 1    
5.70151197 1    
5.70275899 1    
5.70425772 1    
5.70434974 -1   
5.70550874 1    
5.70700607 1    
5.70850623 1    
5.70975323 1    
5.71127383 1    
5.71700184 1    
5.71825011 1    
5.71974783 1    
5.72125110 1    
5.72249701 1    
5.72399453 1    
5.72524392 1    
5.72674645 1    
5.72824241 1    
5.72949440 1    
5.73070980 1    
5.73224326 1    
5.73348940 1    
5.74573482 1    
5.74723346 1    
5.74848351 1    
5.74998046 1    
5.75148296 1    
5.75272814 1    
5.75423183 1    
5.75549116 1    
5.77146730 1    
5.77271806 1    
5.77421857 1    
5.78021519 1    
5.82943965 1    
5.83068544 1    
5.87878021 1    
5.87881467 -1   
5.89390005 1    
5.89515004 1    
5.91064113 1    
5.91213710 1    
5.91338712 1    
5.92688159 1    
6.03252471 1    
6.03256231 -1   
6.04306795 1    
6.18209865 1    
10.57582685 1    
10.70025314 -1   
11.18701326 1    
11.27000987 -1   
11.33463890 1    
11.48255424 1    
11.63046979 1    
16.74755091 1    
25.24119050 1    
30.23150343 -1   
30.46797887 1    
30.70231424 1    
30.70283257 -1   
30.86671735 -1   
30.95850427 1    
31.03654848 1    
31.03779633 1    
31.14823171 1    
31.29788202 1    
31.29805904 -1   
31.44786542 -1   
31.50810493 1    
31.54523664 1    
31.56596755 1    
31.61301309 1    
31.67368895 1    
31.67401157 -1   
31.70001745 1    
31.83613838 -1   
31.93762955 1    
32.09978490 1    
