0.00000000 -1   
0.20856556 -1   
0.22593657 1    
0.35881495 -1   
0.37743660 1    
0.53784531 1    
0.53788511 -1   
0.78836570 1    
0.78867288 -1   
1.20711162 -1   
1.22461778 1    
1.41534446 1    
1.41550497 -1   
1.56587797 -1   
1.66861782 1    
1.71626631 -1   
1.85825598 1    
1.86667522 -1   
2.05888959 1    
2.05916186 -1   
2.23654062 1    
2.42618292 1    
2.42819618 -1   
2.76448511 1    
2.76548494 -1   
3.12293518 1    
3.12417603 1    
3.12455818 1    
3.13015842 -1   
3.28040048 -1   
3.35440281 1    
3.47455138 -1   
3.54429227 1    
3.70664731 -1   
3.73526627 1    
3.74816853 -1   
3.90158697 1    
3.90162894 -1   
4.07498601 1    
4.07504067 -1   
4.24763535 1    
4.24767535 -1   
4.40014383 1    
4.40237917 -1   
4.75934605 1    
4.76031335 -1   
4.91300594 1    
4.91315276 -1   
5.12228756 1    
5.12353283 1    
5.12391378 1    
5.12785119 -1   
5.32072608 -1   
5.49717543 1    
5.49740906 -1   
5.67232293 1    
5.87711303 1    
5.87835035 1    
5.87873568 1    
5.89360281 1    
5.89509377 1    
5.89659370 1    
5.90208980 1    
5.90358851 1    
5.91650217 -1   
6.00203634 1    
6.00328006 1    
6.03076788 1    
6.03201147 1    
6.03351048 1    
6.03501061 1    
6.03626264 1    
6.03775996 1    
6.04726067 1    
6.04875469 1    
6.05000213 1    
6.05150273 1    
6.05450164 1    
6.05599929 1    
6.05750080 1    
6.05874767 1    
6.07099284 1    
6.07100554 -1   
6.07248840 1    
6.15327347 1    
6.30666263 -1   
6.33627763 1    
6.45908152 -1   
6.48794293 1    
6.52424018 1    
6.63770336 1    
6.63774509 -1   
6.73062288 1    
6.76109882 1    
6.78971749 1    
6.82581888 1    
6.97659633 1    
6.97691212 -1   
7.17041689 -1   
7.17995710 1    
7.36280630 -1   
7.41632583 1    
7.47893680 1    
7.49567615 1    
7.50616868 1    
7.60677177 1    
7.60710286 -1   
7.75987460 1    
7.76023053 -1   
7.91378832 1    
7.91383032 -1   
8.07740084 -1   
8.26733824 1    
8.54808597 1    
8.54903790 -1   
8.54932181 1    
8.61833676 1    
8.62988766 -1   
8.62989571 -1   
8.74252174 -1   
9.06603399 1    
9.06752461 1    
9.06790866 1    
9.07206582 -1   
9.08153821 -1   
9.18321515 1    
9.18470659 1    
9.22381994 1    
9.22385864 -1   
9.23721104 -1   
9.32588419 1    
9.32737610 1    
9.37748367 1    
9.37753901 -1   
9.39077653 -1   
9.42257552 1    
9.42407016 1    
9.52864737 1    
9.52868613 -1   
9.54199851 -1   
9.58823371 1    
9.58947507 1    
9.66119491 1    
9.66268391 1    
9.66418299 1    
9.67558926 -1   
9.74969065 -1   
9.79910944 1    
9.80060402 1    
9.80155649 1    
9.80310444 1    
9.80460376 1    
9.80610056 1    
9.80735326 1    
9.80884907 1    
9.81484995 1    
9.88331466 1    
9.88480711 1    
9.88630889 1    
9.88755576 1    
9.88905376 1    
9.91878959 1    
9.91881805 -1   
9.95252218 1    
9.95401628 1    
9.95551997 1    
9.95701425 1    
9.95826734 1    
9.95976415 1    
9.96101172 1    
9.96251191 1    
9.96401282 1    
9.96526081 1    
9.96676234 1    
9.96800812 1    
9.96950965 1    
9.97100803 1    
9.97225531 1    
9.97290455 1    
10.00699428 1    
10.00848607 1    
10.05746249 1    
10.05895774 1    
10.06045763 1    
10.06170382 1    
10.06182072 -1   
10.06320783 1    
10.06445244 1    
10.06595176 1    
10.06745333 1    
10.07220026 1    
10.07221316 -1   
10.07370048 1    
10.07494896 1    
10.07644660 1    
10.10618749 1    
10.10769234 1    
10.10917762 1    
10.11042571 1    
10.11192594 1    
10.11317897 1    
10.11467344 1    
10.11617534 1    
10.11742244 1    
10.11892573 1    
10.12017133 1    
10.12167072 1    
10.12317028 1    
10.12442223 1    
10.12592036 1    
10.12743413 1    
10.12891756 1    
10.13016597 1    
10.13166581 1    
10.13291631 1    
10.13441269 1    
10.13591449 1    
10.13716245 1    
10.13866782 1    
10.13991024 1    
10.14141007 1    
10.14291026 1    
10.14297917 -1   
10.14416113 1    
10.14565655 1    
10.14690993 1    
10.14840589 1    
10.14990472 1    
10.16065178 1    
10.16214974 1    
10.16364671 1    
10.16489814 1    
10.21137356 1    
10.21286751 1    
10.21411930 1    
10.21561753 1    
10.21686789 1    
10.21836379 1    
10.21986724 1    
10.22112664 1    
10.22261292 1    
10.22386270 1    
10.22536255 1    
10.22686177 1    
10.22811127 1    
10.22960846 1    
10.23111087 1    
10.23235565 1    
10.23385585 1    
10.23386953 -1   
10.23511015 1    
10.23660487 1    
10.23810594 1    
10.23935364 1    
10.24085477 1    
10.25834603 1    
10.25984390 1    
10.26134011 1    
10.26259229 1    
10.26408827 1    
10.26534194 1    
10.26683763 1    
10.26833621 1    
10.26958526 1    
10.27108810 1    
10.27233408 1    
10.27383545 1    
10.27533322 1    
10.27659605 1    
10.27808003 1    
10.27958030 1    
10.28083017 1    
10.28233229 1    
10.28357867 1    
10.28508016 1    
10.28657807 1    
10.28782702 1    
10.28932364 1    
10.29057558 1    
10.29207257 1    
10.29357390 1    
10.29482137 1    
10.29632241 1    
10.29781849 1    
10.29788456 -1   
10.29908823 1    
10.30061782 1    
10.30256946 1    
10.30381626 1    
10.30531489 1    
10.30681364 1    
10.30806561 1    
10.30956275 1    
10.31081579 1    
10.31231163 1    
10.31381248 1    
10.31506062 1    
10.31655905 1    
10.31780782 1    
10.31931013 1    
10.32080810 1    
10.32205759 1    
10.32355505 1    
10.32505704 1    
10.32630210 1    
10.32780209 1    
10.32905075 1    
10.33055330 1    
10.33205056 1    
10.33213151 -1   
10.33230201 1    
10.33779936 1    
10.35129501 1    
10.35278830 1    
10.35404024 1    
10.35553769 1    
10.35678728 1    
10.35828514 1    
10.35978714 1    
10.36103411 1    
10.36253217 1    
10.36262337 -1   
10.36378403 1    
10.36527991 1    
10.37194856 -1   
10.37778471 1    
10.37902378 1    
10.38052437 1    
10.38162488 -1   
10.38202255 1    
10.38327529 1    
10.38477160 1    
10.38601875 1    
10.38752172 1    
10.38901801 1    
10.39026684 1    
10.39176693 1    
10.39326829 1    
10.39451382 1    
10.39601578 1    
10.39751281 1    
10.39876620 1    
10.40026145 1    
10.40176592 1    
10.40301141 1    
10.40451074 1    
10.40600741 1    
10.40725956 1    
10.40875578 1    
10.40885091 -1   
10.41000611 1    
10.43052539 -1   
10.44623566 1    
10.46747481 1    
10.46897633 1    
10.47022081 1    
10.47172444 1    
10.47296958 1    
10.47447081 1    
10.47596811 1    
10.47721646 1    
10.47871670 1    
10.47996866 1    
10.48109269 -1   
10.48146390 1    
10.50245981 1    
10.50395537 1    
10.50545031 1    
10.50670395 1    
10.50820000 1    
10.50944889 1    
10.51094811 1    
10.51244863 1    
10.51369542 1    
10.51519788 1    
10.51530033 -1   
10.52469769 -1   
10.53684506 1    
10.58240878 1    
10.58390798 1    
10.62442207 -1   
10.77277311 1    
10.78284303 -1   
10.78958913 -1   
10.83840836 -1   
10.94026212 -1   
11.50048814 1    
11.50146905 -1   
11.58684096 1    
11.60357330 1    
11.60507422 1    
11.60657019 1    
11.60781910 1    
11.61407129 1    
11.61557091 1    
11.61681423 1    
11.63406048 1    
11.63530644 1    
11.63680659 1    
11.63805266 1    
11.63955554 1    
11.64105087 1    
11.64230383 1    
11.64380142 1    
11.64505082 1    
11.64654759 1    
11.64806297 1    
11.64929590 1    
11.65079996 1    
11.65204480 1    
11.65454559 1    
11.65604406 1    
11.65729405 1    
11.65879116 1    
11.66004049 1    
11.66126310 1    
11.66128064 -1   
11.68653474 1    
11.68802441 1    
11.68952489 1    
11.69077300 1    
11.69227543 1    
11.69352124 1    
11.69502158 1    
11.69652016 1    
11.69777069 1    
11.69926941 1    
11.70076854 1    
11.70201574 1    
11.70701630 1    
11.70851265 1    
11.70976138 1    
11.71126081 1    
11.71251239 1    
11.71400889 1    
11.71726139 1    
11.71875731 1    
11.72000833 1    
11.72150545 1    
11.72277340 1    
11.72800444 1    
11.72950253 1    
11.73100104 1    
11.73225190 1    
11.73234148 -1   
11.73374750 1    
11.73499842 1    
11.73649816 1    
11.73799474 1    
11.73924801 1    
11.74074328 1    
11.74199530 1    
11.74349615 1    
11.74499055 1    
11.74623983 1    
11.74774470 1    
11.74898881 1    
11.75049027 1    
11.75198713 1    
11.75323840 1    
11.75473703 1    
11.75623427 1    
11.75748327 1    
11.75898564 1    
11.76023214 1    
11.76173463 1    
11.76323074 1    
11.76448341 1    
11.76597891 1    
11.76722893 1    
11.76872761 1    
11.77022930 1    
11.77147725 1    
11.81295678 1    
11.81420146 1    
11.81570627 1    
11.81695041 1    
11.81845194 1    
11.81994903 1    
11.82120082 1    
11.82269598 1    
11.82394587 1    
11.82404763 -1   
11.82544865 1    
11.82694468 1    
11.82819628 1    
11.82969217 1    
11.83094634 1    
11.83244268 1    
11.83245625 1    
11.83248235 -1   
11.83468957 1    
11.83593959 1    
11.83744163 1    
11.83893943 1    
11.84018659 1    
11.84168647 1    
11.84293867 1    
11.84443509 1    
11.84593562 1    
11.84718367 1    
11.84868483 1    
11.84993230 1    
11.85143061 1    
11.85292956 1    
11.86892521 1    
11.87041968 1    
11.87192334 1    
11.87316828 1    
11.87467008 1    
11.87591639 1    
11.87741448 1    
11.87891459 1    
11.88016600 1    
11.88166305 1    
11.88291565 1    
11.88441074 1    
11.88591235 1    
11.88716247 1    
11.89812482 -1   
11.92089258 1    
11.92238986 1    
11.92364191 1    
11.92513957 1    
11.92638957 1    
11.92788694 1    
11.92938553 1    
11.93063400 1    
11.93213959 1    
11.93363409 1    
11.93488696 1    
11.94488009 1    
11.94612514 1    
11.94762849 1    
11.94912747 1    
11.95037555 1    
11.95187166 1    
11.95312404 1    
11.97611320 1    
11.97760693 1    
11.98483885 1    
11.98486909 -1   
12.07905935 1    
12.08055251 1    
12.09829465 1    
12.09978791 1    
12.10128985 1    
12.10278964 1    
12.10428864 1    
12.10603477 1    
12.12827297 1    
12.13002328 1    
12.13901654 1    
12.18252958 -1   
12.23121920 1    
12.23296656 1    
12.25045432 1    
12.25195311 1    
12.25345260 1    
12.25470201 1    
12.25619759 1    
12.25770011 1    
12.25894944 1    
12.26044848 1    
12.26169444 1    
12.26319848 1    
12.26469812 1    
12.26594621 1    
12.28069008 1    
12.28082468 -1   
12.28193810 1    
12.28343560 1    
12.28493591 1    
12.29074139 -1   
12.29118047 1    
12.29267697 1    
12.33320095 -1   
12.38413374 1    
12.38537521 1    
12.38687861 1    
12.38837209 1    
12.40286858 1    
12.40411463 1    
12.40561528 1    
12.40711227 1    
12.40836679 1    
12.40986097 1    
12.41110976 1    
12.41260784 1    
12.41411025 1    
12.41535889 1    
12.41685987 1    
12.41835495 1    
12.41960754 1    
12.42110573 1    
12.42235333 1    
12.42385425 1    
12.42535403 1    
12.42660032 1    
12.42810334 1    
12.42934903 1    
12.43085210 1    
12.43234843 1    
12.43359642 1    
12.43509698 1    
12.43659754 1    
12.43784416 1    
12.43934826 1    
12.44059317 1    
12.44070223 -1   
12.44209306 1    
12.44359220 1    
12.44484295 1    
12.44634035 1    
12.44759283 1    
12.44908752 1    
12.45058897 1    
12.45183884 1    
12.45333569 1    
12.45483515 1    
12.45608613 1    
12.45758279 1    
12.45883593 1    
12.46033220 1    
12.46100635 1    
12.46283028 1    
12.46407868 1    
12.46557851 1    
12.46708199 1    
12.46832687 1    
12.46982864 1    
12.47107580 1    
12.47257707 1    
12.47407400 1    
12.47532322 1    
12.47682359 1    
12.47807376 1    
12.47957117 1    
12.48107301 1    
12.48231889 1    
12.48382126 1    
12.48506714 1    
12.48658187 1    
12.48806851 1    
12.48956842 1    
12.49081510 1    
12.49231552 1    
12.49240987 -1   
12.49381245 1    
12.49506191 1    
12.49656534 1    
12.49781008 1    
12.49931356 1    
12.50080922 1    
12.50206010 1    
12.50355758 1    
12.50480647 1    
12.50630518 1    
12.50780771 1    
12.50905473 1    
12.51055590 1    
12.52657103 -1   
12.53029355 1    
12.53179186 1    
12.53328921 1    
12.57002366 1    
12.57127198 1    
12.57276690 1    
12.57401856 1    
12.57551630 1    
12.57701662 1    
12.57826433 1    
12.57976306 1    
12.58201163 1    
12.58326543 1    
12.58476117 1    
12.58601248 1    
12.58751013 1    
12.58901050 1    
12.59025653 1    
12.59175719 1    
12.59300624 1    
12.59450738 1    
12.59601915 1    
12.59725475 1    
12.59734543 -1   
12.59875595 1    
12.60025256 1    
12.60150063 1    
12.60300077 1    
12.60425177 1    
12.60574913 1    
12.60725232 1    
12.60874659 1    
12.60999849 1    
12.61149647 1    
12.61299362 1    
12.61324592 1    
12.64998266 1    
12.65147496 1    
12.73048194 -1   
12.76404205 1    
12.77115542 1    
12.77265616 1    
12.85936407 1    
12.89134058 1    
12.89283387 1    
12.89408412 1    
12.89558583 1    
12.89708162 1    
12.89833328 1    
12.92081896 1    
12.92208583 1    
12.92356789 1    
12.92506528 1    
12.92631688 1    
12.92781833 1    
12.92906346 1    
12.93056536 1    
12.93206355 1    
12.93207682 -1   
12.93331373 1    
12.93481093 1    
12.93732309 1    
12.97803966 1    
12.97928675 1    
13.05599793 1    
13.08040697 -1   
13.08041639 -1   
13.08042917 -1   
13.08070185 -1   
13.12894339 1    
13.12898567 -1   
13.28279961 1    
13.28282749 -1   
13.67474665 1    
13.69388090 1    
13.69538010 1    
13.69687382 1    
13.69812402 1    
13.69962385 1    
13.70087612 1    
13.70237143 1    
13.70387392 1    
13.70511896 1    
13.70662219 1    
13.70786819 1    
13.70936830 1    
13.71086824 1    
13.71211940 1    
13.71361415 1    
13.71511928 1    
13.71661418 1    
13.71672104 -1   
13.71786292 1    
13.71936261 1    
13.72086196 1    
13.72210973 1    
13.72361195 1    
13.72485832 1    
13.72636107 1    
13.72785767 1    
13.72910468 1    
13.73060417 1    
13.73210696 1    
13.73335314 1    
13.73485534 1    
13.73610217 1    
13.73760247 1    
13.73910041 1    
13.74034937 1    
13.74184752 1    
13.74310070 1    
13.74459729 1    
13.74609814 1    
13.74734661 1    
13.74884667 1    
13.75009347 1    
13.75159309 1    
13.75309194 1    
13.75434369 1    
13.75584051 1    
13.75709500 1    
13.75858891 1    
13.76258874 1    
13.76408684 1    
13.76558371 1    
13.77308118 1    
13.77318882 -1   
13.77433300 1    
13.84604548 1    
13.84753885 1    
13.84903696 1    
13.85028702 1    
13.85178909 1    
13.85303409 1    
13.85453695 1    
13.85603324 1    
13.85728465 1    
13.85878387 1    
13.86003057 1    
13.86152978 1    
13.86303187 1    
13.86427760 1    
13.86578009 1    
13.86727708 1    
13.86852827 1    
13.87002541 1    
13.87127457 1    
13.87277302 1    
13.87427540 1    
13.87552358 1    
13.87702446 1    
13.87826909 1    
13.87977410 1    
13.88126818 1    
13.88251690 1    
13.88401744 1    
13.88551839 1    
13.88676599 1    
13.88826632 1    
13.88951353 1    
13.89101556 1    
13.89251175 1    
13.89376128 1    
13.89526385 1    
13.89530284 -1   
13.89676123 1    
13.89800823 1    
13.89951157 1    
13.90100637 1    
13.90225556 1    
13.90375602 1    
13.90500685 1    
13.90650372 1    
13.90800575 1    
13.90925235 1    
13.91075581 1    
13.91200032 1    
13.91350465 1    
13.91500091 1    
13.91625061 1    
13.91774754 1    
13.91783235 -1   
13.91899885 1    
13.92049798 1    
13.92199760 1    
13.92324517 1    
13.92474690 1    
13.92599208 1    
13.92749497 1    
13.92899200 1    
13.93023967 1    
13.93174023 1    
13.93324169 1    
13.93473887 1    
13.93598952 1    
13.93748579 1    
13.93898848 1    
13.94023596 1    
13.94173285 1    
13.94298400 1    
13.94448473 1    
13.94600072 1    
13.94723456 1    
13.94872971 1    
13.95023056 1    
13.95147959 1    
13.95298127 1    
13.95422795 1    
13.95573090 1    
13.95722578 1    
13.95847795 1    
13.95997576 1    
13.96147351 1    
13.96151643 -1   
13.96272583 1    
13.96422099 1    
13.96547233 1    
13.96697157 1    
13.96847050 1    
13.96971876 1    
13.97121849 1    
13.97246646 1    
13.97396828 1    
13.97546571 1    
13.97671625 1    
13.97821262 1    
13.97971736 1    
13.98096159 1    
13.98246207 1    
13.98371142 1    
13.98521145 1    
13.98670818 1    
13.98796069 1    
13.98945839 1    
13.99072288 1    
13.99220423 1    
13.99370453 1    
13.99970301 1    
14.00095251 1    
14.00244964 1    
14.00395057 1    
14.00544684 1    
14.00669873 1    
14.00677772 -1   
14.00819666 1    
14.00969603 1    
14.01119880 1    
14.01244295 1    
14.01394590 1    
14.01520876 1    
14.01669291 1    
14.01818884 1    
14.01944207 1    
14.02093935 1    
14.02245424 1    
14.02270573 1    
14.07102515 -1   
14.22907186 1    
14.22976713 1    
14.23881987 1    
14.24007869 1    
14.24156803 1    
14.24306208 1    
14.24431445 1    
14.24856006 1    
14.25006268 1    
14.25130889 1    
14.25280708 1    
14.25405504 1    
14.25555913 1    
14.32552640 1    
14.32701519 1    
14.35600773 1    
14.38331723 1    
14.40897233 1    
14.41046581 1    
14.41896550 1    
14.41907757 -1   
14.42021305 1    
14.42846018 1    
14.42995462 1    
14.43120480 1    
14.43283887 1    
14.43395214 1    
14.43545517 1    
14.43694996 1    
14.43820212 1    
14.43969986 1    
14.44094824 1    
14.44244887 1    
14.44395022 1    
14.44519639 1    
14.52590890 1    
14.52739948 1    
14.52890074 1    
14.53265758 1    
14.54538964 1    
14.54688894 1    
14.55688602 1    
14.55838227 1    
14.55988455 1    
14.56112904 1    
14.56124595 -1   
14.56262850 1    
14.56387770 1    
14.56538013 1    
14.56687795 1    
14.56812790 1    
14.56962398 1    
14.57112672 1    
14.57237230 1    
14.57387121 1    
14.57512408 1    
14.57662300 1    
14.57811968 1    
14.57937559 1    
14.58086838 1    
14.58212032 1    
14.58361701 1    
14.58511548 1    
14.58636520 1    
14.58786769 1    
14.58911343 1    
14.59061497 1    
14.59211208 1    
14.59212481 -1   
14.59336393 1    
14.59486077 1    
14.59635879 1    
14.59760811 1    
14.59911162 1    
14.60060719 1    
14.60210923 1    
14.60335681 1    
14.60485627 1    
14.60610311 1    
14.60760328 1    
14.60910188 1    
14.61035416 1    
14.61185061 1    
14.61310172 1    
14.61459820 1    
14.61610067 1    
14.61734827 1    
14.61884745 1    
14.62009519 1    
14.62159951 1    
14.62309495 1    
14.62434581 1    
14.62584316 1    
14.62709420 1    
14.62858984 1    
14.62871249 -1   
14.63009240 1    
14.63133995 1    
14.63284046 1    
14.63408788 1    
14.63559126 1    
14.63708519 1    
14.63833585 1    
14.63983532 1    
14.64133699 1    
14.64258239 1    
14.64408393 1    
14.64533075 1    
14.64683332 1    
14.64833730 1    
14.64957868 1    
14.65107826 1    
14.65232952 1    
14.65382674 1    
14.65533001 1    
14.65657397 1    
14.65807589 1    
14.65957429 1    
14.66082170 1    
14.66232237 1    
14.66357568 1    
14.66507025 1    
14.66657119 1    
14.66781820 1    
14.66932311 1    
14.67056800 1    
14.67206523 1    
14.67356503 1    
14.67481936 1    
14.67631438 1    
14.67781423 1    
14.67907875 1    
14.67918630 -1   
14.68056120 1    
14.68181035 1    
14.68331309 1    
14.68480882 1    
14.68606035 1    
14.68755845 1    
14.68880864 1    
14.69030531 1    
14.69180367 1    
14.69305349 1    
14.69455512 1    
14.69605256 1    
14.69730404 1    
14.69880152 1    
14.70006229 1    
14.70154837 1    
14.70408857 1    
14.70679700 1    
14.74203466 1    
14.74352600 1    
14.74502362 1    
14.75127540 -1   
14.78105965 -1   
14.85705066 1    
15.05103899 1    
15.19227924 1    
15.20163039 1    
15.36102437 1    
15.51275205 1    
15.51293949 -1   
15.75450680 -1   
16.10685022 1    
16.15072477 1    
16.30049783 1    
21.66542050 1    
21.66559149 -1   
23.07034730 -1   
23.07949863 -1   
23.07956199 -1   
23.22073641 -1   
23.41541195 1    
23.73973107 1    
29.71485322 -1   
30.06485634 1    
30.06577117 -1   
30.43030894 1    
30.43179714 1    
30.43217601 1    
30.43625090 -1   
30.44560000 -1   
30.58673396 -1   
30.77194997 1    
30.77209255 -1   
30.93636051 1    
31.01371813 1    
31.12517911 1    
