0.00000000 1    
0.31299159 -1   
0.31317676 1    
0.46467108 -1   
0.46472861 1    
0.66240077 -1   
0.66243691 1    
0.85689471 1    
1.04558583 -1   
1.04585641 1    
1.19825661 -1   
1.19839852 1    
1.35200687 -1   
1.35231244 1    
1.54500648 1    
1.68472610 -1   
1.69740062 1    
1.84960851 -1   
1.84964263 1    
2.01326475 -1   
2.01355149 1    
2.16569927 -1   
2.16779651 1    
2.32061284 -1   
2.32095985 1    
2.49600953 -1   
2.49704280 1    
2.71288095 -1   
2.84820860 -1   
2.84945746 -1   
2.90380925 -1   
2.90960258 1    
3.21607875 -1   
3.21635913 1    
3.55321776 -1   
3.55664410 1    
3.70876283 1    
3.86142689 1    
3.91344913 -1   
4.01258971 1    
4.10517520 -1   
4.16398958 1    
4.25699834 -1   
4.31515063 1    
4.40839849 -1   
4.46655187 1    
4.66876798 -1   
4.66974937 1    
4.82318106 -1   
5.01872523 -1   
5.02018929 -1   
5.05482887 -1   
5.05874609 1    
5.25287579 1    
5.41256425 -1   
5.41279781 1    
5.59548429 -1   
5.74530597 -1   
5.74679342 -1   
5.75254131 -1   
5.75401943 -1   
5.75527101 -1   
5.75676915 -1   
5.75827057 -1   
5.77326590 -1   
5.77451030 -1   
5.79003164 1    
5.80225545 -1   
5.80374200 -1   
5.89994293 -1   
5.90145577 -1   
5.90270782 -1   
5.90420455 -1   
5.90745350 -1   
5.90870225 -1   
5.91018136 -1   
5.91145085 -1   
5.91295068 -1   
5.91444873 -1   
5.91569927 -1   
5.91717578 -1   
5.92644078 -1   
5.92795618 -1   
5.98895647 1    
6.07918435 -1   
6.27034878 -1   
6.27075731 1    
6.42501067 -1   
6.42506481 1    
6.51336172 -1   
6.52060451 -1   
6.53657545 -1   
6.53809093 -1   
6.53960251 -1   
6.57767754 -1   
6.71761821 1    
6.87797664 -1   
6.87826659 1    
7.05839724 -1   
7.05871075 1    
7.30273657 -1   
7.51139481 -1   
7.51175174 1    
7.51204534 1    
7.71705444 1    
7.87442797 -1   
7.87471107 1    
8.03858741 -1   
8.03957403 1    
8.18166207 -1   
8.18312846 -1   
8.19216791 -1   
8.19217849 1    
8.20273537 1    
8.20274140 1    
8.35560351 1    
8.48055909 -1   
8.57141091 -1   
8.57292633 -1   
8.67173420 -1   
8.67580608 1    
8.68515046 1    
8.74481914 -1   
8.74605468 -1   
8.82341356 -1   
8.82702874 1    
8.83670662 1    
8.89024445 -1   
8.89174491 -1   
8.97295474 -1   
8.97442435 -1   
8.97569494 -1   
8.98766586 1    
8.98971287 1    
9.01143095 -1   
9.01292360 -1   
9.01387537 -1   
9.01541582 -1   
9.01690381 -1   
9.02780459 1    
9.16612141 -1   
9.16616048 1    
9.18054197 1    
9.31785391 -1   
9.31789078 1    
9.41494286 -1   
9.41617426 -1   
9.41769560 -1   
9.41894154 -1   
9.42044549 -1   
9.42194021 -1   
9.42318989 -1   
9.42468884 -1   
9.42616906 -1   
9.46925200 -1   
9.46926800 1    
9.50090438 -1   
9.50239383 -1   
9.54137816 -1   
9.54259898 -1   
9.54412409 -1   
9.54534781 -1   
9.54687874 -1   
9.54837175 -1   
9.54961571 -1   
9.55111959 -1   
9.55234265 -1   
9.55386773 -1   
9.55537089 -1   
9.55661693 -1   
9.55811048 -1   
9.55933933 -1   
9.56086226 -1   
9.56236030 -1   
9.56360978 -1   
9.56510703 -1   
9.56633825 -1   
9.56785907 -1   
9.56936550 -1   
9.57060494 -1   
9.57073657 1    
9.57210402 -1   
9.59232454 -1   
9.59384430 -1   
9.59509053 -1   
9.62164649 -1   
9.62167178 1    
9.66980616 -1   
9.67129771 -1   
9.67254613 -1   
9.67404666 -1   
9.67527595 -1   
9.67677867 -1   
9.67827354 -1   
9.67952144 -1   
9.68102123 -1   
9.68226872 -1   
9.68376959 -1   
9.68526594 -1   
9.68652114 -1   
9.68803845 -1   
9.68953872 -1   
9.69078621 -1   
9.69228925 -1   
9.69353373 -1   
9.69503276 -1   
9.69653440 -1   
9.69778036 -1   
9.69928119 -1   
9.70053310 -1   
9.70202828 -1   
9.70353153 -1   
9.70477683 -1   
9.70625548 -1   
9.70752777 -1   
9.70902835 -1   
9.71050489 -1   
9.71177734 -1   
9.71327265 -1   
9.71334716 1    
9.71475068 -1   
9.71601558 -1   
9.71750080 -1   
9.71876867 -1   
9.72025154 -1   
9.72176814 -1   
9.72302059 -1   
9.72451663 -1   
9.72576607 -1   
9.72724349 -1   
9.72876650 -1   
9.73001511 -1   
9.73151510 -1   
9.73301123 -1   
9.73424227 -1   
9.73576109 -1   
9.73698811 -1   
9.73851000 -1   
9.77373955 -1   
9.77523842 -1   
9.77648622 -1   
9.77711860 -1   
9.77713017 1    
9.80472852 -1   
9.80621916 -1   
9.80747072 -1   
9.80896745 -1   
9.81021826 -1   
9.81296601 -1   
9.82421303 -1   
9.82570813 -1   
9.82718921 -1   
9.82868524 -1   
9.83018280 -1   
9.83143106 -1   
9.83293605 -1   
9.83445318 -1   
9.83570791 -1   
9.83718016 -1   
9.83868290 -1   
9.83995071 -1   
9.84169883 -1   
9.84319797 -1   
9.84445074 -1   
9.84594814 -1   
9.84720064 -1   
9.84869525 -1   
9.85019734 -1   
9.85144542 -1   
9.85294251 -1   
9.85417132 -1   
9.85569505 -1   
9.85719055 -1   
9.85843696 -1   
9.85991796 -1   
9.86144179 -1   
9.86268668 -1   
9.86279471 1    
9.86418946 -1   
9.86543553 -1   
9.86691622 -1   
9.86841325 -1   
9.86966557 -1   
9.87118201 -1   
9.87243100 -1   
9.87393123 -1   
9.87543233 -1   
9.87692966 -1   
9.87843174 -1   
9.87967951 -1   
9.88118108 -1   
9.88242603 -1   
9.88392829 -1   
9.88542374 -1   
9.88665534 -1   
9.88817258 -1   
9.88942872 -1   
9.89092054 -1   
9.89242485 -1   
9.89367147 -1   
9.89517047 -1   
9.89633188 1    
9.89639755 -1   
9.89791378 -1   
9.92839581 -1   
9.92989950 -1   
9.93140100 -1   
9.93162865 1    
9.93264703 -1   
9.93412414 -1   
9.93413717 1    
9.93563454 -1   
9.94184597 1    
9.95938755 -1   
9.96085960 -1   
9.96235734 -1   
9.96360746 -1   
9.96636070 -1   
9.96762292 -1   
9.97178578 1    
9.97887557 -1   
9.98010605 -1   
9.98186808 -1   
9.98311848 -1   
9.98462112 -1   
9.98611770 -1   
9.98812997 -1   
9.98934349 -1   
9.99086487 -1   
9.99211359 -1   
9.99359149 -1   
9.99367156 1    
9.99509052 -1   
9.99636185 -1   
9.99786467 -1   
9.99933778 -1   
10.00061182 -1   
10.00211438 -1   
10.00333772 -1   
10.00485718 -1   
10.00635797 -1   
10.00760407 -1   
10.00908594 -1   
10.01033180 -1   
10.01183286 -1   
10.01332745 -1   
10.01459918 -1   
10.01608430 -1   
10.01732902 -1   
10.01884230 -1   
10.02032883 -1   
10.02159587 -1   
10.02309692 -1   
10.02433991 -1   
10.02677337 1    
10.09508738 1    
10.12878435 -1   
10.13028363 -1   
10.17481176 -1   
10.18475541 1    
10.23717582 1    
10.24709597 1    
10.24710546 1    
10.24773454 1    
10.84897930 -1   
10.84989081 1    
10.89136272 -1   
10.89284784 -1   
10.90184648 -1   
10.90307162 -1   
10.90456998 -1   
10.90583977 -1   
10.90732299 -1   
10.90883950 -1   
10.91006969 -1   
10.91156748 -1   
10.91281696 -1   
10.91431395 -1   
10.91583725 -1   
10.91706208 -1   
10.91858069 -1   
10.92007839 -1   
10.92131323 -1   
10.92282411 -1   
10.92408323 -1   
10.92557353 -1   
10.98580273 -1   
11.00281584 -1   
11.00283180 1    
11.03327419 -1   
11.03476492 -1   
11.03601940 -1   
11.03751377 -1   
11.03901492 -1   
11.04026265 -1   
11.04176161 -1   
11.04298955 -1   
11.04451457 -1   
11.04600983 -1   
11.04726221 -1   
11.04875941 -1   
11.05000897 -1   
11.05148441 -1   
11.05298462 -1   
11.05625418 -1   
11.10048555 -1   
11.10197808 -1   
11.10322890 -1   
11.15418296 -1   
11.15569747 -1   
11.15719520 -1   
11.15844431 -1   
11.15992577 -1   
11.16144352 -1   
11.16269504 -1   
11.16419343 -1   
11.16544461 -1   
11.16694028 -1   
11.16844117 -1   
11.16969140 -1   
11.16980257 1    
11.17119097 -1   
11.17243767 -1   
11.17393872 -1   
11.17543469 -1   
11.17668359 -1   
11.17818405 -1   
11.17968672 -1   
11.18093199 -1   
11.18116080 -1   
11.18117056 1    
11.18293994 -1   
11.18418400 -1   
11.18568392 -1   
11.18715649 -1   
11.18843007 -1   
11.18992656 -1   
11.19117886 -1   
11.19267551 -1   
11.19415712 -1   
11.19542629 -1   
11.19692372 -1   
11.19817198 -1   
11.19967461 -1   
11.20114833 -1   
11.20267157 -1   
11.20392031 -1   
11.20542006 -1   
11.20691485 -1   
11.20816152 -1   
11.20966488 -1   
11.21091207 -1   
11.21241437 -1   
11.21389422 -1   
11.21514061 -1   
11.21666483 -1   
11.21791104 -1   
11.21940555 -1   
11.22090995 -1   
11.28413681 -1   
11.28429984 1    
11.28535354 -1   
11.28687269 -1   
11.29235328 -1   
11.29359722 -1   
11.29511661 -1   
11.29634520 -1   
11.29786926 -1   
11.29936532 -1   
11.30059550 -1   
11.30886038 -1   
11.31033887 -1   
11.31161055 -1   
11.31311050 -1   
11.31486106 -1   
11.31636109 -1   
11.31760774 -1   
11.31910813 -1   
11.32033347 -1   
11.32185534 -1   
11.32334992 -1   
11.32459925 -1   
11.32607977 -1   
11.32732878 -1   
11.32882540 -1   
11.33032737 -1   
11.33157418 -1   
11.33307518 -1   
11.33457192 -1   
11.33607167 -1   
11.33732077 -1   
11.33884498 -1   
11.33886006 1    
11.34009601 -1   
11.34183527 -1   
11.34308755 -1   
11.34458958 -1   
11.34608783 -1   
11.34731689 -1   
11.34883844 -1   
11.35033655 -1   
11.35158772 -1   
11.35308270 -1   
11.35431371 -1   
11.35583196 -1   
11.35733115 -1   
11.35857652 -1   
11.36006328 -1   
11.36130662 -1   
11.36280821 -1   
11.36430586 -1   
11.36555728 -1   
11.36705308 -1   
11.36832460 -1   
11.36869616 -1   
11.41428704 -1   
11.41553241 -1   
11.41702788 -1   
11.41827368 -1   
11.41979998 -1   
11.42129545 -1   
11.42140746 1    
11.42254609 -1   
11.42404430 -1   
11.42554493 -1   
11.42702012 -1   
11.44051620 -1   
11.44201100 -1   
11.44325951 -1   
11.44675842 -1   
11.44826145 -1   
11.44950547 -1   
11.45100853 -1   
11.45250629 -1   
11.45400552 -1   
11.46200137 -1   
11.46324856 -1   
11.46499921 -1   
11.46650032 -1   
11.46799524 -1   
11.46924669 -1   
11.47074348 -1   
11.47199636 -1   
11.47374109 -1   
11.47524176 -1   
11.47824105 -1   
11.47951488 -1   
11.48101135 -1   
11.48226283 -1   
11.48375952 -1   
11.48526301 -1   
11.51624525 -1   
11.51626651 1    
11.51952560 -1   
11.54047869 -1   
11.54197775 -1   
11.56907448 1    
11.62442962 -1   
11.62592696 -1   
11.66924942 1    
11.67738159 -1   
11.67862434 -1   
11.68012786 -1   
11.68137328 -1   
11.68287883 -1   
11.68439499 -1   
11.68564432 -1   
11.68712122 -1   
11.68839626 -1   
11.68989123 -1   
11.69139231 -1   
11.69262068 -1   
11.69263511 -1   
11.75736054 -1   
11.80058487 -1   
11.80207923 -1   
11.80330784 -1   
11.80482639 -1   
11.80632618 -1   
11.80757424 -1   
11.80905217 -1   
11.81030082 -1   
11.81182740 -1   
11.81332341 -1   
11.81457477 -1   
11.81606885 -1   
11.81729908 -1   
11.81881557 -1   
11.82029686 -1   
11.82156506 -1   
11.82310226 -1   
11.84030894 -1   
11.84032303 1    
11.85028496 -1   
11.85179975 -1   
11.85327713 -1   
11.85454770 -1   
11.85604949 -1   
11.85753920 -1   
11.85878983 -1   
11.86027283 -1   
11.86154502 -1   
11.86304151 -1   
11.86454283 -1   
11.86603402 -1   
11.86727060 -1   
11.86878936 -1   
11.87026932 -1   
11.88420012 -1   
11.96449075 -1   
11.96596366 -1   
11.96723585 -1   
11.96873305 -1   
11.97023403 -1   
11.97147984 -1   
11.97158990 1    
11.97297842 -1   
11.97422799 -1   
11.97573158 -1   
11.97722587 -1   
11.97847834 -1   
11.97997412 -1   
11.98122680 -1   
11.98272296 -1   
12.03298799 1    
12.03525352 -1   
12.04794080 -1   
12.04918727 -1   
12.08516768 -1   
12.08641383 -1   
12.08791567 -1   
12.09516348 -1   
12.12314399 -1   
12.12464620 -1   
12.12589276 -1   
12.12739901 -1   
12.12863627 -1   
12.13014075 -1   
12.13164069 -1   
12.13286854 -1   
12.13438525 -1   
12.13589288 -1   
12.13711363 -1   
12.13863488 -1   
12.13988383 -1   
12.14138459 -1   
12.14288068 -1   
12.14413564 -1   
12.14562975 -1   
12.14688165 -1   
12.14837962 -1   
12.14987748 -1   
12.15112804 -1   
12.15120004 1    
12.15262875 -1   
12.15412555 -1   
12.15535922 -1   
12.15687685 -1   
12.15811807 -1   
12.15962071 -1   
12.16112404 -1   
12.16235001 -1   
12.16387328 -1   
12.16836700 -1   
12.16962127 -1   
12.17109484 -1   
12.17234476 -1   
12.20054113 -1   
12.20056524 1    
12.21709342 -1   
12.25632247 -1   
12.25757218 -1   
12.25907000 -1   
12.26029556 -1   
12.26181834 -1   
12.26331549 -1   
12.26456488 -1   
12.26606631 -1   
12.26728796 -1   
12.26881527 -1   
12.27028688 -1   
12.27156100 -1   
12.27305607 -1   
12.27428394 -1   
12.27578496 -1   
12.27728414 -1   
12.27855708 -1   
12.28005668 -1   
12.28130267 -1   
12.28278290 -1   
12.28430065 -1   
12.28441795 1    
12.28555681 -1   
12.28704345 -1   
12.28855245 -1   
12.28979617 -1   
12.29128052 -1   
12.29254781 -1   
12.29404453 -1   
12.29554307 -1   
12.29679553 -1   
12.29829181 -1   
12.29954376 -1   
12.30104074 -1   
12.30253785 -1   
12.30376862 -1   
12.30528790 -1   
12.30678871 -1   
12.30826828 -1   
12.34824575 -1   
12.34974335 -1   
12.35101486 -1   
12.35265767 -1   
12.35267201 1    
12.39699439 -1   
12.39823629 -1   
12.39973792 -1   
12.40096212 -1   
12.40248599 -1   
12.40398217 -1   
12.40521281 -1   
12.40673016 -1   
12.40823073 -1   
12.47883386 1    
12.47884429 1    
12.47885961 1    
12.47912870 1    
12.50601307 -1   
12.50604891 1    
12.64259573 -1   
12.64382486 -1   
12.64534681 -1   
12.65963088 -1   
12.73428360 -1   
12.81195772 -1   
13.04911878 -1   
13.05034062 -1   
13.05129685 -1   
13.05934176 -1   
13.06060773 -1   
13.06210840 -1   
13.06218488 1    
13.06333407 -1   
13.06485591 -1   
13.06810690 -1   
13.06960118 -1   
13.07085382 -1   
13.07235071 -1   
13.07385161 -1   
13.07509401 -1   
13.07660024 -1   
13.07782523 -1   
13.07934304 -1   
13.14131679 -1   
13.14278737 -1   
13.14404253 -1   
13.18401948 -1   
13.18526447 -1   
13.19453366 -1   
13.19602426 -1   
13.19728516 -1   
13.20315826 -1   
13.25679478 1    
13.33294025 -1   
13.33420028 -1   
13.33570204 -1   
13.33717636 -1   
13.33845041 -1   
13.33994885 -1   
13.34119909 -1   
13.34269115 -1   
13.34419700 -1   
13.34544384 -1   
13.34694505 -1   
13.34819288 -1   
13.34969469 -1   
13.35116900 -1   
13.35244432 -1   
13.35394688 -1   
13.35518810 -1   
13.35669008 -1   
13.35818838 -1   
13.35943819 -1   
13.36091447 -1   
13.36216044 -1   
13.36366391 -1   
13.36515971 -1   
13.36641038 -1   
13.36793248 -1   
13.36918172 -1   
13.37067863 -1   
13.37218130 -1   
13.37342757 -1   
13.37492363 -1   
13.37615587 -1   
13.37767615 -1   
13.37917417 -1   
13.38042667 -1   
13.38192222 -1   
13.38317358 -1   
13.38465398 -1   
13.38490387 -1   
13.38561085 1    
13.38642214 -1   
13.38767305 -1   
13.40920621 1    
13.42065861 -1   
13.42215728 -1   
13.42341051 -1   
13.42489894 -1   
13.42637873 -1   
13.42765062 -1   
13.42914933 -1   
13.43039541 -1   
13.43189745 -1   
13.43339425 -1   
13.43462296 -1   
13.43614409 -1   
13.43739430 -1   
13.44863864 -1   
13.45013583 -1   
13.45960751 -1   
13.48786826 -1   
13.48911433 -1   
13.49061350 -1   
13.49186187 -1   
13.49333920 -1   
13.49491320 -1   
13.49684340 -1   
13.49810708 -1   
13.49958824 -1   
13.50085792 -1   
13.50235711 -1   
13.50385383 -1   
13.50510564 -1   
13.50660495 -1   
13.50785499 -1   
13.50932949 -1   
13.51085053 -1   
13.51210216 -1   
13.51359935 -1   
13.51509747 -1   
13.51632803 -1   
13.51784722 -1   
13.51909819 -1   
13.52059340 -1   
13.52209731 -1   
13.53808886 -1   
13.53930935 -1   
13.54183572 -1   
13.54331268 -1   
13.57429796 -1   
13.57606237 -1   
13.57756434 -1   
13.57881186 -1   
13.58031528 -1   
13.58180931 -1   
13.58306140 -1   
13.58455327 -1   
13.58580771 -1   
13.58593350 1    
13.58728599 -1   
13.58878707 -1   
13.59005776 -1   
13.59153145 -1   
13.59474687 1    
13.60178019 -1   
13.60304699 -1   
13.61304501 -1   
13.64127712 -1   
13.64253005 -1   
13.64400331 -1   
13.64525170 -1   
13.64677016 -1   
13.64825037 -1   
13.65001993 -1   
13.65152088 -1   
13.65299626 -1   
13.65424688 -1   
13.65601348 -1   
13.65724648 -1   
13.65874155 -1   
13.66026400 -1   
13.66151270 -1   
13.66351458 -1   
13.66573928 -1   
13.66698902 -1   
13.66850853 -1   
13.66975253 -1   
13.67125640 -1   
13.67275710 -1   
13.67400561 -1   
13.67550730 -1   
13.67560823 1    
13.70672914 -1   
13.70823928 -1   
13.71649106 -1   
13.71795905 -1   
13.71920718 -1   
13.72071174 -1   
13.72770881 -1   
13.72920094 -1   
13.73045289 -1   
13.73195000 -1   
13.73320121 -1   
13.73469834 -1   
13.73619975 -1   
13.73744650 -1   
13.73897112 -1   
13.74021797 -1   
13.74171928 -1   
13.74319535 -1   
13.74444639 -1   
13.74446216 1    
13.74594334 -1   
13.74746366 -1   
13.74871625 -1   
13.75021161 -1   
13.75620733 -1   
13.75770678 -1   
13.79419481 -1   
13.79568880 -1   
13.79718516 -1   
13.79842065 -1   
13.82092685 -1   
13.82217051 -1   
13.84816054 -1   
13.84963439 -1   
13.85116047 -1   
13.85240710 -1   
13.85390210 -1   
13.85540077 -1   
13.85665338 -1   
13.85812745 -1   
13.85940163 -1   
13.86090207 -1   
13.86240001 -1   
13.86364818 -1   
13.86514712 -1   
13.86637388 -1   
13.86789769 -1   
13.86939370 -1   
13.87064446 -1   
13.90613141 -1   
13.90615746 1    
13.90762859 -1   
13.90887409 -1   
13.92461552 -1   
13.92609145 -1   
13.92734196 -1   
13.93385648 -1   
13.93533764 -1   
13.93658491 -1   
13.93810814 -1   
13.93933694 -1   
13.94085236 -1   
13.94233102 -1   
13.94360446 -1   
13.94914200 -1   
13.97808666 -1   
13.97958147 -1   
13.98083459 -1   
13.99607391 -1   
13.99729870 -1   
13.99881863 -1   
14.00030051 -1   
14.06404034 -1   
14.06406764 1    
14.06553620 -1   
14.06677949 -1   
14.06825860 -1   
14.06978319 -1   
14.07102913 -1   
14.07253080 -1   
14.07403191 -1   
14.07527802 -1   
14.07677652 -1   
14.07827286 -1   
14.07950209 -1   
14.08102236 -1   
14.08227455 -1   
14.08377204 -1   
14.08527588 -1   
14.09299743 -1   
14.10008039 -1   
14.15565658 1    
14.20394043 -1   
14.20517912 -1   
14.20670392 -1   
14.25670248 1    
14.28390951 -1   
14.28513381 -1   
14.29208721 -1   
14.40034797 -1   
14.41084418 1    
14.50346998 -1   
14.69425461 -1   
14.76462277 -1   
14.84486984 -1   
15.02459798 -1   
15.18624358 -1   
15.20333835 1    
15.54304356 -1   
15.59016561 -1   
15.74169271 -1   
15.74179419 1    
19.71840472 -1   
22.52278597 1    
22.53194635 1    
22.53223867 1    
22.67388676 1    
22.87458801 -1   
23.06073473 -1   
28.90214562 -1   
