0.00000000 -1   
0.70933147 -1   
0.93398404 1    
0.93417807 -1   
1.08437601 1    
1.08479563 -1   
1.23839484 1    
1.23843126 -1   
1.39272451 1    
1.39302918 -1   
1.43209775 1    
1.45258383 1    
1.46183000 1    
1.54652980 1    
1.54667388 -1   
1.72527804 1    
1.74716791 1    
1.75764054 1    
1.78164399 1    
1.89849756 1    
1.89881881 -1   
2.09326359 -1   
2.11954851 1    
2.31475708 1    
2.31505683 -1   
2.54925484 -1   
2.65549472 1    
2.74115908 -1   
2.84563801 1    
2.97326510 -1   
3.20192546 1    
3.43153480 1    
3.43353881 -1   
3.78709212 1    
3.78805037 -1   
4.19474601 1    
4.19598669 1    
4.19636837 1    
4.20268791 -1   
4.70732546 1    
4.70758068 -1   
5.00620243 -1   
5.16953050 1    
5.16983038 -1   
5.32228698 1    
5.32586354 -1   
5.47739906 1    
5.47743358 -1   
5.64453589 1    
5.64457147 -1   
5.79642796 1    
5.79646308 -1   
5.90926526 1    
5.94704310 1    
5.94705975 -1   
6.15193370 -1   
6.34110728 1    
6.34122709 -1   
6.52952410 1    
6.53048097 -1   
7.07611934 1    
7.07761001 1    
7.07798558 1    
7.08219790 -1   
7.47168959 -1   
7.65036144 1    
7.71778920 -1   
7.84877430 1    
7.91190620 1    
7.93287525 1    
7.96858758 1    
7.97008603 1    
7.97133247 1    
7.99916725 1    
8.00405146 -1   
8.03404779 1    
8.03528921 1    
8.03681466 1    
8.03806965 1    
8.06332630 1    
8.07204081 1    
8.07379091 1    
8.08551158 1    
8.08700905 1    
8.12101718 1    
8.12226533 1    
8.12376115 1    
8.12498824 1    
8.12650693 1    
8.12801161 1    
8.15149627 1    
8.15299996 1    
8.18823229 1    
8.18826688 -1   
8.18972631 1    
8.19096658 1    
8.19130205 1    
8.39654191 1    
8.39672237 -1   
8.40529586 -1   
8.54837340 1    
8.54841146 -1   
8.62695974 1    
8.74034163 1    
8.78011961 1    
8.78163413 1    
8.78288587 1    
8.89172366 1    
8.89188867 -1   
9.20356297 -1   
9.20515574 1    
9.20962108 1    
9.21088835 1    
9.36358991 1    
9.56354305 1    
9.56385231 -1   
9.72069699 1    
9.72107118 -1   
9.75712058 -1   
9.87433955 1    
9.90676366 -1   
10.08748719 1    
10.08752197 -1   
10.10913215 1    
10.11062394 1    
10.23833088 1    
10.23838122 -1   
10.24889304 -1   
10.24889953 -1   
10.39104759 1    
10.39108567 -1   
10.54267857 -1   
10.58134113 1    
10.58283187 1    
10.58321387 1    
10.59705278 -1   
10.70478818 1    
10.70482621 -1   
10.70628544 1    
10.75247916 1    
10.76130188 -1   
10.81397919 1    
10.81522024 1    
10.82072111 1    
10.82221686 1    
10.82346472 1    
10.83560434 -1   
10.83796146 1    
10.83945783 1    
10.85497710 -1   
10.90439532 1    
10.91825183 -1   
10.92542355 1    
10.92690830 1    
11.04811294 1    
11.04814676 -1   
11.05987860 -1   
11.07114560 1    
11.07907120 1    
11.08030015 1    
11.08181807 1    
11.09031897 1    
11.09181121 1    
11.09306309 1    
11.09455924 1    
11.09605996 1    
11.09728608 1    
11.09880994 1    
11.10030671 1    
11.10154382 1    
11.10305416 1    
11.10428434 1    
11.11129638 1    
11.11252770 1    
11.11402792 1    
11.20100254 1    
11.20103793 -1   
11.20223005 1    
11.20372537 1    
11.20499870 1    
11.20649669 1    
11.20798930 1    
11.20922275 1    
11.21074649 1    
11.21224199 1    
11.21349462 1    
11.21499305 1    
11.21624298 1    
11.21772116 1    
11.21921792 1    
11.22048757 1    
11.22199130 1    
11.22323511 1    
11.22333275 -1   
11.22473749 1    
11.22623492 1    
11.22748328 1    
11.23148372 1    
11.23273352 1    
11.23420862 1    
11.23548102 1    
11.23695638 1    
11.23848081 1    
11.23972738 1    
11.24120489 1    
11.24422419 1    
11.24572802 1    
11.24697339 1    
11.24847494 1    
11.24997104 1    
11.25119895 1    
11.25272234 1    
11.25392603 1    
11.25546845 1    
11.25671875 1    
11.25821669 1    
11.28768358 1    
11.28894947 1    
11.29044956 1    
11.30917178 1    
11.31069024 1    
11.31193513 1    
11.31369662 1    
11.31493464 1    
11.31943598 1    
11.32092739 1    
11.32218305 1    
11.32367857 1    
11.32518485 1    
11.32642824 1    
11.32792892 1    
11.32803174 -1   
11.32942917 1    
11.33067539 1    
11.35466805 1    
11.35469958 -1   
11.35588907 1    
11.35738733 1    
11.35864081 1    
11.36013703 1    
11.36163830 1    
11.36313506 1    
11.36438712 1    
11.36588590 1    
11.36738300 1    
11.36863140 1    
11.37013480 1    
11.37165032 1    
11.37290302 1    
11.37440093 1    
11.37565204 1    
11.37712748 1    
11.37864900 1    
11.37989735 1    
11.38137697 1    
11.38254101 -1   
11.38262495 1    
11.38412618 1    
11.38564538 1    
11.38687166 1    
11.38839165 1    
11.38964125 1    
11.39114351 1    
11.39263861 1    
11.39389203 1    
11.39538697 1    
11.39663924 1    
11.39813777 1    
11.39963502 1    
11.40086425 1    
11.40238764 1    
11.40362230 1    
11.40513620 1    
11.40663577 1    
11.40788727 1    
11.40939948 1    
11.41062897 1    
11.41213326 1    
11.41363347 1    
11.41487822 1    
11.41638257 1    
11.41785445 1    
11.41910539 1    
11.42060139 1    
11.42185114 1    
11.42334994 1    
11.42485461 1    
11.42609887 1    
11.42760100 1    
11.42886078 1    
11.43034478 1    
11.43128358 1    
11.43136532 -1   
11.45708847 1    
11.45857931 1    
11.50485821 -1   
11.51355198 1    
11.51479749 1    
11.51629847 1    
11.52054472 1    
11.52182004 1    
11.52331330 1    
11.52456194 1    
11.52606291 1    
11.52756575 1    
11.52881350 1    
11.53031330 1    
11.53155871 1    
11.53306126 1    
11.53453729 1    
11.53580679 1    
11.53730634 1    
11.53880799 1    
11.54005504 1    
11.54155001 1    
11.54280470 1    
11.54430719 1    
11.54580354 1    
11.54704991 1    
11.54854567 1    
11.54980240 1    
11.55127900 1    
11.55277994 1    
11.55404215 1    
11.55554881 1    
11.55667861 -1   
11.55668723 -1   
11.55704211 1    
11.55827621 1    
11.55979606 1    
11.56103882 1    
11.56254355 1    
11.56404135 1    
11.56529299 1    
11.56678964 1    
11.56803687 1    
11.56953719 1    
11.57103933 1    
11.57228643 1    
11.57378567 1    
11.57528403 1    
11.57653689 1    
11.57803316 1    
11.57926221 1    
11.58076034 1    
11.58228437 1    
11.58366990 1    
11.58500953 1    
11.58650719 1    
11.58775896 1    
11.58925566 1    
11.59077994 1    
11.59200375 1    
11.59351414 1    
11.59475356 1    
11.59625472 1    
11.59775495 1    
11.59786550 -1   
11.59900557 1    
11.60401305 1    
11.60552113 1    
11.60676887 1    
11.60824776 1    
11.60974320 1    
11.61101183 1    
11.61251254 1    
11.61376316 1    
11.61526204 1    
11.61536833 -1   
11.61674384 1    
11.61799162 1    
11.61948743 1    
11.62073720 1    
11.62226228 1    
11.62375718 1    
11.62502014 1    
11.62650826 1    
11.62800470 1    
11.62950535 1    
11.63075565 1    
11.63225329 1    
11.63266146 1    
11.63450050 1    
11.63575308 1    
11.65549015 -1   
11.70901044 -1   
11.78636232 1    
11.79534253 -1   
11.85157633 -1   
11.86014737 -1   
12.21400466 1    
12.21492354 -1   
12.25140779 1    
12.25264696 1    
12.26167112 1    
12.28213058 1    
12.28338819 1    
12.28485734 1    
12.28638111 1    
12.28762797 1    
12.28912811 1    
12.29035712 1    
12.29185273 1    
12.29335222 1    
12.29462481 1    
12.29612109 1    
12.29912168 1    
12.30059894 1    
12.30187385 1    
12.30337230 1    
12.30461651 1    
12.30611789 1    
12.30761819 1    
12.30886451 1    
12.31036902 1    
12.31161693 1    
12.31311221 1    
12.31460695 1    
12.31586562 1    
12.31733823 1    
12.31859047 1    
12.31866301 -1   
12.32011037 1    
12.32160854 1    
12.32285645 1    
12.32433516 1    
12.32558631 1    
12.32708346 1    
12.32860569 1    
12.32985469 1    
12.33133384 1    
12.33285060 1    
12.33409979 1    
12.33559985 1    
12.33685123 1    
12.33834816 1    
12.33984881 1    
12.34109583 1    
12.34259838 1    
12.34384433 1    
12.34533715 1    
12.34682238 1    
12.34832364 1    
12.34959066 1    
12.35108779 1    
12.36983644 1    
12.36986711 -1   
12.37130787 1    
12.40479673 1    
12.40631238 1    
12.40755808 1    
12.40903625 1    
12.43452572 1    
12.43579763 1    
12.43729149 1    
12.43855971 1    
12.44229225 1    
12.44354271 1    
12.44503279 1    
12.44630552 1    
12.44778743 1    
12.44928744 1    
12.45053544 1    
12.45201535 1    
12.45351145 1    
12.45476280 1    
12.45625816 1    
12.45751021 1    
12.45900643 1    
12.46050462 1    
12.46175449 1    
12.46325612 1    
12.46450640 1    
12.46602852 1    
12.46752422 1    
12.46902642 1    
12.47052451 1    
12.47060658 -1   
12.47177423 1    
12.47327119 1    
12.47452410 1    
12.47601809 1    
12.47752085 1    
12.47876802 1    
12.48027918 1    
12.48176642 1    
12.48301791 1    
12.48450054 1    
12.48605292 1    
12.48800620 1    
12.48926503 1    
12.49075486 1    
12.49223927 1    
12.49350904 1    
12.49501350 1    
12.49650677 1    
12.49775701 1    
12.49925537 1    
12.50050691 1    
12.50200426 1    
12.50350218 1    
12.50473007 1    
12.50625505 1    
12.50775131 1    
12.50900049 1    
12.51249813 1    
12.51375124 1    
12.51522579 1    
12.51650028 1    
12.51797535 1    
12.51947937 1    
12.52072120 1    
12.52222139 1    
12.52347092 1    
12.52497229 1    
12.52506940 -1   
12.52797004 1    
12.52946535 1    
12.53071845 1    
12.53221405 1    
12.53371722 1    
12.53496477 1    
12.53646698 1    
12.53771353 1    
12.53921041 1    
12.54071329 1    
12.54196338 1    
12.54345982 1    
12.54472744 1    
12.54623006 1    
12.54772734 1    
12.54897605 1    
12.55048058 1    
12.55170491 1    
12.55320597 1    
12.55470260 1    
12.55595363 1    
12.55746712 1    
12.55894862 1    
12.56046224 1    
12.56170043 1    
12.56319666 1    
12.56444917 1    
12.56600164 1    
12.56769350 1    
12.56770480 -1   
12.56921928 1    
12.57396661 1    
12.57521187 1    
12.57671119 1    
12.57821290 1    
12.57946110 1    
12.58099414 1    
12.58721000 1    
12.58845795 1    
12.58995388 1    
12.59145692 1    
12.59445191 1    
12.59594950 1    
12.59719938 1    
12.59870352 1    
12.60019738 1    
12.60142948 1    
12.60292447 1    
12.60442547 1    
12.60716990 1    
12.60869562 1    
12.61019255 1    
12.61144344 1    
12.61150792 -1   
12.61293961 1    
12.61362150 1    
12.62181751 -1   
12.66614375 1    
12.66765392 1    
12.66889025 1    
12.67038598 1    
12.67163726 1    
12.67313437 1    
12.67463839 1    
12.67588391 1    
12.67740282 1    
12.67865412 1    
12.68013288 1    
12.68162972 1    
12.68288179 1    
12.68437941 1    
12.68588049 1    
12.69212947 1    
12.69362918 1    
12.76392439 -1   
12.76630664 1    
12.78157620 1    
12.78282129 1    
12.79109305 1    
12.79231697 1    
12.79383686 1    
12.79533768 1    
12.79658694 1    
12.79808833 1    
12.79931563 1    
12.80081145 1    
12.80231088 1    
12.80355874 1    
12.80506079 1    
12.80630713 1    
12.80780977 1    
12.80930518 1    
12.81055695 1    
12.81205249 1    
12.81355302 1    
12.81480245 1    
12.81630332 1    
12.81635924 -1   
12.81755560 1    
12.82005049 1    
12.82130191 1    
12.82279824 1    
12.82430210 1    
12.82554613 1    
12.82706878 1    
12.82857061 1    
12.82982331 1    
12.83131946 1    
12.83256383 1    
12.83404378 1    
12.83554581 1    
12.83858578 1    
12.86852549 1    
12.86977089 1    
12.87126932 1    
12.87904495 1    
12.88054308 1    
12.88180551 1    
12.88878544 1    
12.89028467 1    
12.89153454 1    
12.89163252 -1   
12.89303319 1    
12.89453172 1    
12.89577851 1    
12.89725694 1    
12.89853121 1    
12.90002604 1    
12.90150756 1    
12.90276760 1    
12.90575189 1    
12.90700022 1    
12.90850243 1    
12.90999918 1    
12.91150037 1    
12.91274547 1    
12.91424880 1    
12.91549601 1    
12.91699296 1    
12.91849520 1    
12.91977137 1    
12.92126288 1    
12.92251930 1    
12.92401579 1    
12.92551692 1    
12.92674582 1    
12.92826372 1    
12.92951153 1    
12.93101344 1    
12.93250717 1    
12.93376048 1    
12.93525674 1    
12.93650738 1    
12.93800688 1    
12.93949763 1    
12.94073159 1    
12.94098291 1    
12.94099842 -1   
12.94275620 1    
12.94400145 1    
12.94550355 1    
12.94700105 1    
12.94822589 1    
12.94974737 1    
12.95097852 1    
12.95247326 1    
12.95397633 1    
12.95522115 1    
12.95674882 1    
12.99920334 1    
13.00071818 1    
13.00921727 1    
13.01046459 1    
13.01196668 1    
13.01346152 1    
13.01471428 1    
13.01621073 1    
13.01844254 1    
13.01993487 1    
13.02118438 1    
13.02870370 1    
13.02995611 1    
13.03145168 1    
13.05741729 1    
13.05866472 1    
13.06016102 1    
13.06141551 1    
13.06291318 1    
13.06440884 1    
13.06449037 -1   
13.06566046 1    
13.06715769 1    
13.06861419 1    
13.06992866 1    
13.07143121 1    
13.07267848 1    
13.07415957 1    
13.07992599 1    
13.08117177 1    
13.08690335 1    
13.08814689 1    
13.09478232 1    
13.09481207 -1   
13.17860348 1    
13.24694958 1    
13.24698909 -1   
13.26129969 -1   
13.26130774 -1   
13.26159108 -1   
13.26159860 -1   
13.31704385 1    
13.31826853 1    
13.32628822 1    
13.32776001 1    
13.32903403 1    
13.39750704 1    
13.39753673 -1   
13.61871568 1    
13.63036775 1    
13.63161265 1    
13.63310846 1    
13.63461149 1    
13.63585639 1    
13.63735865 1    
13.63746003 -1   
13.63860399 1    
13.64010298 1    
13.64160424 1    
13.64285187 1    
13.64435242 1    
13.64560012 1    
13.64710174 1    
13.64859886 1    
13.64984870 1    
13.65132505 1    
13.65259847 1    
13.65409558 1    
13.65559848 1    
13.65684390 1    
13.65832491 1    
13.65956984 1    
13.66109068 1    
13.66258602 1    
13.66384155 1    
13.66533867 1    
13.66659091 1    
13.66806497 1    
13.66958220 1    
13.67081389 1    
13.67233453 1    
13.67383328 1    
13.67508574 1    
13.67658128 1    
13.67783492 1    
13.67933092 1    
13.68083252 1    
13.68207976 1    
13.68357774 1    
13.68480669 1    
13.68630872 1    
13.68642161 -1   
13.68782829 1    
13.68907292 1    
13.69057717 1    
13.69205160 1    
13.69329998 1    
13.69479863 1    
13.69605096 1    
13.69754876 1    
13.69905008 1    
13.70029572 1    
13.70182085 1    
13.70306538 1    
13.70455995 1    
13.70606538 1    
13.70729460 1    
13.70881384 1    
13.71031793 1    
13.71156089 1    
13.71306291 1    
13.71428840 1    
13.71581125 1    
13.71728741 1    
13.71855851 1    
13.72005746 1    
13.72128691 1    
13.72278436 1    
13.72430676 1    
13.72555377 1    
13.72705217 1    
13.72859715 1    
13.73030449 1    
13.73155103 1    
13.73305310 1    
13.73455178 1    
13.73579722 1    
13.73730022 1    
13.73854982 1    
13.74005059 1    
13.74154454 1    
13.74363613 1    
13.74479447 1    
13.74629581 1    
13.74754493 1    
13.74904415 1    
13.75052018 1    
13.75176679 1    
13.75326810 1    
13.75451882 1    
13.75601594 1    
13.75751353 1    
13.75879458 1    
13.76028708 1    
13.76178939 1    
13.76303414 1    
13.76453498 1    
13.76751150 1    
13.76877851 1    
13.77028378 1    
13.77177694 1    
13.77302960 1    
13.77452587 1    
13.77602743 1    
13.77727665 1    
13.77877636 1    
13.78002124 1    
13.78152380 1    
13.78302305 1    
13.78549969 1    
13.78702048 1    
13.78826931 1    
13.78976777 1    
13.79124819 1    
13.79252075 1    
13.79401663 1    
13.79403109 -1   
13.79551597 1    
13.79676612 1    
13.79826592 1    
13.79976064 1    
13.80101063 1    
13.80251385 1    
13.80374088 1    
13.80525656 1    
13.80676188 1    
13.80800859 1    
13.80950786 1    
13.81100455 1    
13.81223453 1    
13.81375624 1    
13.81500658 1    
13.81800921 1    
13.81948154 1    
13.82100126 1    
13.82224964 1    
13.82374923 1    
13.82522800 1    
13.82649876 1    
13.82799432 1    
13.82924597 1    
13.83075155 1    
13.83222161 1    
13.83349490 1    
13.83499343 1    
13.83624291 1    
13.83774046 1    
13.83924215 1    
13.84049205 1    
13.84196941 1    
13.84348491 1    
13.84473985 1    
13.84646631 1    
13.84775846 1    
13.84947666 1    
13.85071464 1    
13.85221030 1    
13.85372953 1    
13.85441791 1    
13.88544744 1    
13.88698981 1    
13.89396004 1    
13.89618724 1    
13.89768295 1    
13.89893429 1    
13.90045553 1    
13.90195576 1    
13.90209417 -1   
13.91184353 -1   
13.97193532 1    
13.97197264 -1   
13.97344217 1    
13.97516261 1    
13.97641835 1    
13.97788934 1    
13.97939061 1    
13.98265287 1    
13.98390360 1    
13.98540406 1    
13.98665146 1    
13.98815242 1    
13.98965124 1    
13.99090381 1    
13.99238388 1    
13.99390046 1    
13.99515215 1    
13.99664879 1    
14.05384016 1    
14.08809647 1    
14.08932645 1    
14.09784157 1    
14.09908451 1    
14.10059849 1    
14.10184103 1    
14.10331496 1    
14.10481917 1    
14.10606605 1    
14.10758401 1    
14.10908596 1    
14.11031293 1    
14.11183181 1    
14.11306573 1    
14.11458461 1    
14.11608635 1    
14.11730722 1    
14.14629739 1    
14.14632341 -1   
14.14754280 1    
14.14904009 1    
14.15054372 1    
14.15178729 1    
14.15329041 1    
14.15653637 1    
14.15778824 1    
14.15928692 1    
14.16053604 1    
14.16203341 1    
14.16353634 1    
14.16478101 1    
14.16628180 1    
14.16753073 1    
14.16903183 1    
14.17052776 1    
14.17653051 1    
14.21877273 1    
14.21891132 -1   
14.22000213 1    
14.22151964 1    
14.23401180 1    
14.23549081 1    
14.23674247 1    
14.23823947 1    
14.23973778 1    
14.24098680 1    
14.24248922 1    
14.24373493 1    
14.24523715 1    
14.24673494 1    
14.24798570 1    
14.24865226 1    
14.25050088 1    
14.26597427 1    
14.26724636 1    
14.31522157 1    
14.31524649 -1   
14.31646773 1    
14.31796698 1    
14.31946864 1    
14.32069084 1    
14.32221197 1    
14.32346192 1    
14.32496442 1    
14.32646024 1    
14.32771121 1    
14.32920768 1    
14.33046115 1    
14.33195595 1    
14.33345574 1    
14.33470511 1    
14.33620722 1    
14.33745188 1    
14.33895346 1    
14.34045108 1    
14.34170513 1    
14.34320053 1    
14.34330064 -1   
14.34445049 1    
14.34596183 1    
14.34744954 1    
14.34894603 1    
14.35019662 1    
14.35169547 1    
14.35295003 1    
14.35444702 1    
14.35594642 1    
14.35719187 1    
14.35869597 1    
14.36016912 1    
14.36141996 1    
14.36291819 1    
14.36416940 1    
14.36569039 1    
14.36719099 1    
14.36843596 1    
14.36993891 1    
14.37116241 1    
14.37268216 1    
14.37416187 1    
14.37543400 1    
14.37693224 1    
14.37843386 1    
14.37967906 1    
14.38118112 1    
14.38242905 1    
14.38390508 1    
14.38540676 1    
14.38665487 1    
14.38817219 1    
14.38942423 1    
14.39092179 1    
14.39242342 1    
14.39367602 1    
14.39514813 1    
14.39642704 1    
14.39792100 1    
14.39939986 1    
14.40064576 1    
14.40216357 1    
14.40341810 1    
14.40491805 1    
14.40641354 1    
14.40766507 1    
14.40918199 1    
14.40973537 1    
14.49566437 -1   
14.53759865 1    
14.53908733 1    
14.60074467 -1   
14.64878505 1    
14.69000613 1    
14.69003837 -1   
14.69123077 1    
14.69246430 1    
14.69850102 1    
14.69972436 1    
14.70122827 1    
14.70247517 1    
14.70397182 1    
14.70547096 1    
14.70672181 1    
14.70821919 1    
14.70946995 1    
14.71064612 -1   
14.71096655 1    
14.71246797 1    
14.71371487 1    
14.71521367 1    
14.83971414 -1   
14.84437780 1    
15.03464155 1    
15.16422111 1    
15.18031375 -1   
15.18640891 1    
15.51878040 1    
15.59498541 1    
15.66955973 1    
20.80550526 -1   
22.58286735 -1   
22.59202460 -1   
22.59231763 -1   
22.73368106 -1   
22.92389244 1    
23.27769050 1    
29.57393355 -1   
29.92737757 1    
29.92822759 -1   
30.26232445 1    
30.26383783 1    
30.26419597 1    
30.26810079 -1   
30.27737714 -1   
30.41876999 -1   
30.60898663 1    
30.60913248 -1   
30.77339252 1    
30.89847703 1    
30.98095553 1    
30.98263590 -1   
31.18109024 -1   
31.31558100 1    
31.50548176 1    
