0.00000000 -1   
0.25359738 1    
0.36794382 -1   
0.44446769 1    
0.44486714 -1   
0.51914501 -1   
0.60240144 1    
0.67130932 -1   
0.71372058 1    
0.75571555 1    
0.77668207 1    
0.78595100 1    
0.79328571 1    
0.95519908 1    
0.95552387 -1   
1.10636356 1    
1.10700676 -1   
1.26087487 1    
1.26104635 -1   
1.45291992 1    
1.45295635 -1   
1.61132492 1    
1.61136243 -1   
1.81288467 -1   
1.98636060 1    
1.98667634 -1   
2.13902648 1    
2.14116056 -1   
2.48605589 1    
2.48707044 -1   
2.84952136 1    
2.85076001 1    
2.85114478 1    
2.85684032 -1   
3.12671111 1    
3.12704177 -1   
3.27937097 1    
3.27972431 -1   
3.43312281 1    
3.43315936 -1   
3.44588963 -1   
3.58644457 1    
3.58648318 -1   
3.73703108 -1   
3.79732740 1    
3.88922517 -1   
3.98930228 1    
4.04088325 -1   
4.14037882 1    
4.19229462 -1   
4.29154539 1    
4.36990100 -1   
4.52615334 1    
4.52643997 -1   
4.67879526 1    
4.68004526 -1   
4.83348308 1    
4.83390125 -1   
5.03486154 1    
5.05900534 1    
5.06050382 1    
5.21152183 1    
5.21554000 -1   
5.36687223 -1   
5.55706856 1    
5.55731755 -1   
5.71247784 1    
5.90928969 1    
5.92223554 1    
5.92372848 1    
5.92498432 1    
5.92647715 1    
5.92772920 1    
5.93272744 1    
5.93422705 1    
5.94562525 -1   
6.02470925 1    
6.06243249 1    
6.06367165 1    
6.06517669 1    
6.06645710 1    
6.07766665 1    
6.07889266 1    
6.08038886 1    
6.08163933 1    
6.08313727 1    
6.08466391 1    
6.08590783 1    
6.08741228 1    
6.08865868 1    
6.09016744 1    
6.09166925 1    
6.09189531 1    
6.13916780 -1   
6.18286341 1    
6.18435386 1    
6.27506211 1    
6.28286456 1    
6.28439341 -1   
6.29157715 -1   
6.44198750 -1   
6.47479211 1    
6.59885947 1    
6.61461016 1    
6.61492007 -1   
6.66572807 1    
6.81104812 -1   
6.94300217 1    
6.96218507 -1   
7.19187972 1    
7.37129114 -1   
7.38324918 1    
7.38356792 -1   
7.52263153 -1   
7.53818071 1    
7.67330796 -1   
7.83151083 1    
7.83246524 -1   
7.85365815 1    
7.87489363 1    
7.88550502 -1   
7.88551188 -1   
7.98537755 1    
7.98541693 -1   
8.13728843 -1   
8.14048581 1    
8.14173396 1    
8.14208788 1    
8.15557976 -1   
8.25667891 1    
8.25816675 1    
8.31027436 1    
8.31031276 -1   
8.32390941 -1   
8.36385853 1    
8.36535894 1    
8.36660474 1    
8.36807912 1    
8.36960147 1    
8.38113085 -1   
8.38259922 1    
8.38409090 1    
8.45055957 1    
8.46005220 1    
8.46154605 1    
8.46215635 1    
8.46216695 -1   
8.49368357 -1   
8.61506732 1    
8.61510406 -1   
8.63570451 1    
8.63720308 1    
8.65169739 1    
8.65294117 1    
8.65444153 1    
8.65568873 1    
8.65719304 1    
8.65868804 1    
8.66218596 1    
8.66368248 1    
8.66493539 1    
8.66643263 1    
8.66768327 1    
8.67318072 1    
8.74965014 1    
8.75111109 1    
8.75263594 1    
8.75387718 1    
8.75538465 1    
8.75688043 1    
8.75811012 1    
8.75963060 1    
8.76087932 1    
8.76235661 1    
8.76354996 -1   
8.76438095 1    
8.76562659 1    
8.76712874 1    
8.76862364 1    
8.76987370 1    
8.77137468 1    
8.77287431 1    
8.77409701 1    
8.77562430 1    
8.77687170 1    
8.77726722 1    
8.77728164 -1   
8.77886979 1    
8.78036892 1    
8.78162192 1    
8.78311328 1    
8.79036680 1    
8.79161091 1    
8.79311383 1    
8.79435966 1    
8.80610507 1    
8.80760198 1    
8.80885361 1    
8.81035409 1    
8.81160249 1    
8.81307585 1    
8.81459747 1    
8.81584106 1    
8.81734728 1    
8.81859598 1    
8.82007353 1    
8.84581154 1    
8.84733246 1    
8.84857840 1    
8.85008104 1    
8.85019080 -1   
8.85157765 1    
8.85282697 1    
8.85432890 1    
8.85557409 1    
8.85707486 1    
8.85857229 1    
8.85982425 1    
8.86129698 1    
8.86257129 1    
8.90530633 1    
8.90654511 1    
8.90802320 1    
8.90929506 1    
8.91079494 1    
8.91238665 1    
8.91353869 1    
8.91503896 1    
8.91654661 1    
8.91778910 1    
8.91929421 1    
8.92053817 1    
8.92204080 1    
8.92353582 1    
8.92478468 1    
8.92628613 1    
8.92751262 1    
8.92900855 1    
8.93053142 1    
8.93177870 1    
8.93327832 1    
8.93452636 1    
8.93600373 1    
8.93752557 1    
8.93877662 1    
8.94025180 1    
8.94152631 1    
8.94299948 1    
8.94410607 -1   
8.94451921 1    
8.94577558 1    
8.94727256 1    
8.94852288 1    
8.95002373 1    
8.95152055 1    
8.95277239 1    
8.95426966 1    
8.95551798 1    
8.95701765 1    
8.95851757 1    
8.95976655 1    
8.96126861 1    
8.96128337 -1   
8.96275823 1    
8.96401236 1    
8.96551220 1    
8.96701053 1    
8.96826177 1    
8.96975964 1    
8.97126059 1    
8.97250771 1    
8.97401123 1    
8.97550627 1    
8.97675459 1    
8.97825522 1    
8.97974886 1    
8.98100346 1    
8.98250604 1    
8.98375091 1    
8.98525490 1    
8.98674910 1    
8.98799555 1    
8.98949785 1    
8.99075027 1    
8.99224679 1    
8.99374998 1    
8.99499258 1    
8.99612060 -1   
8.99647297 1    
8.99774038 1    
8.99924818 1    
9.00074131 1    
9.00196933 1    
9.00348869 1    
9.00473942 1    
9.00623653 1    
9.00773552 1    
9.00898811 1    
9.01048593 1    
9.01198402 1    
9.01323553 1    
9.01473010 1    
9.01623165 1    
9.01748265 1    
9.01897817 1    
9.02023050 1    
9.02173326 1    
9.02323070 1    
9.02448137 1    
9.02595278 1    
9.02722968 1    
9.02872573 1    
9.02891591 -1   
9.03022413 1    
9.03147146 1    
9.03295149 1    
9.03444803 1    
9.03569840 1    
9.03722049 1    
9.03840458 -1   
9.03843806 1    
9.03994771 1    
9.04146922 1    
9.05494319 1    
9.05643565 1    
9.05968700 1    
9.06118701 1    
9.06268180 1    
9.06393365 1    
9.06543110 1    
9.06657120 -1   
9.06693157 1    
9.06820115 1    
9.06969672 1    
9.07094948 1    
9.07245040 1    
9.07392677 1    
9.07519823 1    
9.07666360 -1   
9.07668514 1    
9.07792165 1    
9.07942462 1    
9.08094294 1    
9.08219444 1    
9.08369106 1    
9.08519632 1    
9.08528475 -1   
9.08644360 1    
9.08793977 1    
9.08919591 1    
9.09069077 1    
9.09219148 1    
9.09343468 1    
9.09492900 1    
9.09616429 1    
9.09769155 1    
9.09918164 1    
9.10043509 1    
9.10193061 1    
9.10343528 1    
9.10468320 1    
9.10618196 1    
9.10743140 1    
9.10893238 1    
9.11005693 -1   
9.11042626 1    
9.11168045 1    
9.11316111 1    
9.11442581 1    
9.11592240 1    
9.11742628 1    
9.11867768 1    
9.12018602 1    
9.12166757 1    
9.12291780 1    
9.12293279 -1   
9.12442463 1    
9.12567068 1    
9.12717645 1    
9.12840228 1    
9.13531717 -1   
9.19943375 -1   
9.20877283 -1   
9.26369090 -1   
9.27310578 -1   
9.53029395 1    
9.53128623 -1   
9.59341117 1    
9.59465211 1    
9.59617231 1    
9.59740170 1    
9.59890187 1    
9.60339853 1    
9.60465017 1    
9.60614598 1    
9.60764705 1    
9.60889435 1    
9.61039274 1    
9.61164328 1    
9.61316152 1    
9.61463978 1    
9.61588558 1    
9.61739050 1    
9.62338863 1    
9.65262433 1    
9.67161183 1    
9.67310528 1    
9.67460612 1    
9.67585223 1    
9.67735011 1    
9.67885348 1    
9.68008083 1    
9.68160261 1    
9.68285094 1    
9.68435005 1    
9.68585022 1    
9.68707503 1    
9.68859742 1    
9.68869325 -1   
9.68984593 1    
9.69132238 1    
9.69282043 1    
9.69406839 1    
9.69557278 1    
9.69707048 1    
9.69834447 1    
9.69981650 1    
9.70106987 1    
9.70258893 1    
9.70408773 1    
9.70533940 1    
9.70684404 1    
9.70806283 1    
9.70958919 1    
9.71105998 1    
9.71231084 1    
9.71383134 1    
9.71507927 1    
9.71658228 1    
9.71808586 1    
9.71846590 1    
9.71848028 -1   
9.72030836 1    
9.72157645 1    
9.72307790 1    
9.72432732 1    
9.72582805 1    
9.74781789 1    
9.74931556 1    
9.75056268 1    
9.75206124 1    
9.75356224 1    
9.75481294 1    
9.75630743 1    
9.75756167 1    
9.75905903 1    
9.76055572 1    
9.76178405 1    
9.76330746 1    
9.76455778 1    
9.76605798 1    
9.76755223 1    
9.76880235 1    
9.77030307 1    
9.77155371 1    
9.77304987 1    
9.77455090 1    
9.77579773 1    
9.77730171 1    
9.77852218 1    
9.78002257 1    
9.78154495 1    
9.78279562 1    
9.78426876 1    
9.78435309 -1   
9.78554301 1    
9.78704253 1    
9.78854009 1    
9.78979041 1    
9.79129254 1    
9.80553290 1    
9.80703288 1    
9.80852698 1    
9.80978094 1    
9.82627353 1    
9.82776730 1    
9.82899452 1    
9.83051916 1    
9.83176519 1    
9.83326906 1    
9.83476390 1    
9.83601079 1    
9.83751328 1    
9.83901340 1    
9.84026067 1    
9.84176284 1    
9.84298562 1    
9.84451366 1    
9.84598679 1    
9.84725687 1    
9.84875791 1    
9.85025857 1    
9.85175124 1    
9.85300403 1    
9.85450435 1    
9.85575496 1    
9.85739502 1    
9.85875005 1    
9.85999972 1    
9.86151427 1    
9.86274763 1    
9.86285958 -1   
9.86425086 1    
9.86574661 1    
9.86699644 1    
9.86849512 1    
9.86974680 1    
9.87124478 1    
9.87272147 1    
9.87399594 1    
9.87549444 1    
9.87674086 1    
9.87821620 1    
9.87973820 1    
9.88096750 1    
9.88248752 1    
9.88398940 1    
9.88523607 1    
9.88673642 1    
9.88798324 1    
9.88948392 1    
9.89098227 1    
9.89223490 1    
9.89373140 1    
9.89495781 1    
9.89609583 -1   
9.89645499 1    
9.89798174 1    
9.89922727 1    
9.90070311 1    
9.90222847 1    
9.90347429 1    
9.90495355 1    
9.90622374 1    
9.90623889 -1   
9.90772565 1    
9.90922285 1    
9.91047191 1    
9.91194586 1    
9.91321818 1    
9.91471874 1    
9.91623812 1    
9.91772009 1    
9.91896866 1    
9.92044331 1    
9.92169404 1    
9.92321117 1    
9.92471215 1    
9.92596073 1    
9.92746145 1    
9.92868706 1    
9.93021836 1    
9.93168415 1    
9.93293765 1    
9.93443640 1    
9.93570592 1    
9.93578418 -1   
9.93720962 1    
9.93841832 1    
9.94567613 -1   
9.99867348 1    
10.00017704 1    
10.00941688 1    
10.01092580 1    
10.01216478 1    
10.01366282 1    
10.01491125 1    
10.01915727 1    
10.02066192 1    
10.02190836 1    
10.02340568 1    
10.02465278 1    
10.02615670 1    
10.02765343 1    
10.02888120 1    
10.03040362 1    
10.03165541 1    
10.05743168 -1   
10.09133829 1    
10.10736160 1    
10.11435789 1    
10.11585097 1    
10.11707947 1    
10.11860183 1    
10.11985069 1    
10.12135102 1    
10.12282783 1    
10.12407679 1    
10.12557743 1    
10.12736696 1    
10.12832300 1    
10.12982181 1    
10.13107223 1    
10.13256945 1    
10.13407277 1    
10.13531696 1    
10.13684201 1    
10.13833007 1    
10.13844907 -1   
10.13959235 1    
10.14106727 1    
10.14259446 1    
10.14381482 1    
10.14533890 1    
10.14683879 1    
10.14806501 1    
10.14956062 1    
10.15081085 1    
10.15230873 1    
10.15381093 1    
10.15505821 1    
10.15655596 1    
10.15780529 1    
10.15930685 1    
10.16080141 1    
10.19131565 1    
10.19255637 1    
10.19406265 1    
10.20055482 1    
10.20205029 1    
10.20330494 1    
10.20480536 1    
10.20630304 1    
10.20755261 1    
10.20902654 1    
10.21030219 1    
10.21179783 1    
10.21330010 1    
10.21455080 1    
10.21604833 1    
10.21729670 1    
10.21879718 1    
10.25505559 -1   
10.25852313 1    
10.25943223 1    
10.26802141 1    
10.26951653 1    
10.27076685 1    
10.27226005 1    
10.27351678 1    
10.27501248 1    
10.27651061 1    
10.27776076 1    
10.27926376 1    
10.28052091 1    
10.28201381 1    
10.28350764 1    
10.28475971 1    
10.28625432 1    
10.28775512 1    
10.28900210 1    
10.29050580 1    
10.29200326 1    
10.29323207 1    
10.29474668 1    
10.29624934 1    
10.29750041 1    
10.29899979 1    
10.30049742 1    
10.30170141 -1   
10.30172858 1    
10.30325211 1    
10.30474776 1    
10.30599544 1    
10.30749323 1    
10.30874381 1    
10.31024510 1    
10.31173873 1    
10.31296980 1    
10.31449038 1    
10.31574191 1    
10.31723875 1    
10.31873620 1    
10.31998588 1    
10.32148928 1    
10.32273399 1    
10.32423652 1    
10.32573336 1    
10.32698439 1    
10.32848123 1    
10.32970821 1    
10.33123096 1    
10.33273293 1    
10.33395437 1    
10.33548047 1    
10.33672564 1    
10.33822856 1    
10.33972530 1    
10.34097104 1    
10.34247378 1    
10.34372550 1    
10.34522354 1    
10.34672438 1    
10.34796664 1    
10.34947356 1    
10.35096552 1    
10.35222414 1    
10.35336804 -1   
10.35370574 1    
10.35496597 1    
10.35646712 1    
10.35796567 1    
10.35921617 1    
10.36071221 1    
10.36195963 1    
10.36343803 1    
10.36493920 1    
10.36621025 1    
10.36778697 1    
10.41105953 1    
10.41110679 -1   
10.50355046 -1   
10.50355844 -1   
10.50357115 -1   
10.50384069 -1   
10.55859891 1    
10.55881133 -1   
10.56210899 1    
10.56212385 -1   
10.71469838 1    
10.87867564 1    
10.88014299 1    
10.88839699 1    
10.88965936 1    
10.89116118 1    
10.89240591 1    
10.89390773 1    
10.89540048 1    
10.89663780 1    
10.89815436 1    
10.89965521 1    
10.90090182 1    
10.90240733 1    
10.90365122 1    
10.90515629 1    
10.90664343 1    
10.90790209 1    
10.90800243 -1   
10.90939987 1    
10.91064754 1    
10.91212797 1    
10.91362373 1    
10.91489278 1    
10.91639196 1    
10.91764557 1    
10.91912019 1    
10.92064412 1    
10.92188999 1    
10.92339054 1    
10.92402154 1    
10.92563249 1    
10.92711912 1    
10.92836998 1    
10.92986353 1    
10.93111484 1    
10.93263615 1    
10.93413702 1    
10.93538462 1    
10.93687612 1    
10.93838352 1    
10.93963570 1    
10.94110793 1    
10.94238273 1    
10.94387962 1    
10.94537384 1    
10.94660445 1    
10.94810320 1    
10.94935456 1    
10.95085397 1    
10.95234979 1    
10.95362802 1    
10.95512185 1    
10.95662194 1    
10.95784846 1    
10.95937005 1    
10.96086635 1    
10.96209729 1    
10.96217079 -1   
10.96359706 1    
10.96509233 1    
10.96636541 1    
10.96786617 1    
10.96909150 1    
10.97061039 1    
10.97209289 1    
10.97333948 1    
10.97484156 1    
10.97608733 1    
10.97759120 1    
10.97908603 1    
10.98033497 1    
10.98183507 1    
10.98333597 1    
10.98458312 1    
10.98608582 1    
10.98733124 1    
10.98883361 1    
10.99033110 1    
10.99159908 1    
10.99307805 1    
10.99435099 1    
10.99584999 1    
10.99735296 1    
10.99859814 1    
11.00009943 1    
11.00134732 1    
11.00284536 1    
11.00434570 1    
11.00559948 1    
11.00709024 1    
11.00859501 1    
11.00984221 1    
11.00995308 -1   
11.01133813 1    
11.01259029 1    
11.01409219 1    
11.01558882 1    
11.01684197 1    
11.01834089 1    
11.01983945 1    
11.02106250 1    
11.02256179 1    
11.02381103 1    
11.02531242 1    
11.02680782 1    
11.02805934 1    
11.02957959 1    
11.03082349 1    
11.03230506 1    
11.03380741 1    
11.03505271 1    
11.03655501 1    
11.03807358 1    
11.03930406 1    
11.04080019 1    
11.04207286 1    
11.04356884 1    
11.04507041 1    
11.04657012 1    
11.04781497 1    
11.04931706 1    
11.05056977 1    
11.05206455 1    
11.05357043 1    
11.05481361 1    
11.05631227 1    
11.05756172 1    
11.05906559 1    
11.06056096 1    
11.06066207 -1   
11.06181304 1    
11.06330826 1    
11.06453588 1    
11.06603516 1    
11.06604824 -1   
11.06755937 1    
11.06880614 1    
11.07028697 1    
11.07153243 1    
11.07303491 1    
11.07455223 1    
11.07580402 1    
11.07730645 1    
11.07855660 1    
11.08002746 1    
11.08155178 1    
11.08277562 1    
11.08427610 1    
11.08554728 1    
11.08704009 1    
11.08854380 1    
11.08972970 -1   
11.08976859 1    
11.09129548 1    
11.09278960 1    
11.09402053 1    
11.09553885 1    
11.09679241 1    
11.09829444 1    
11.09979023 1    
11.10101985 1    
11.10251444 1    
11.10376697 1    
11.10526448 1    
11.10676044 1    
11.10801223 1    
11.10953731 1    
11.11101067 1    
11.11228227 1    
11.11378093 1    
11.11501038 1    
11.11652690 1    
11.11800500 1    
11.11927609 1    
11.12077760 1    
11.12200646 1    
11.12352555 1    
11.12502408 1    
11.12627542 1    
11.12776607 1    
11.12927129 1    
11.13049952 1    
11.13200144 1    
11.13326621 1    
11.13339790 -1   
11.22726774 -1   
11.23146669 1    
11.25845464 1    
11.25992745 1    
11.26794641 1    
11.26944738 1    
11.27069131 1    
11.27219405 1    
11.27369131 1    
11.27494109 1    
11.27643830 1    
11.27766883 1    
11.27918714 1    
11.28068663 1    
11.28193447 1    
11.28341418 1    
11.28468246 1    
11.28618059 1    
11.28739781 1    
11.33041050 1    
11.33190567 1    
11.33316001 1    
11.33463312 1    
11.33615497 1    
11.34040133 1    
11.34190091 1    
11.34316675 1    
11.34462979 1    
11.34612704 1    
11.34737617 1    
11.34887319 1    
11.35012948 1    
11.35164478 1    
11.35315839 1    
11.35438663 1    
11.35587206 1    
11.42291101 -1   
11.43785126 1    
11.43934582 1    
11.44059459 1    
11.44209654 1    
11.44359636 1    
11.44453675 1    
11.44859477 1    
11.44984378 1    
11.45134095 1    
11.45858540 1    
11.46007996 1    
11.46131105 1    
11.47458090 1    
11.47605082 1    
11.47736086 1    
11.47883492 1    
11.48032597 1    
11.48157376 1    
11.48306749 1    
11.48432183 1    
11.48582362 1    
11.48731988 1    
11.48742617 -1   
11.48854789 1    
11.49004411 1    
11.49156567 1    
11.49281489 1    
11.49429412 1    
11.49556541 1    
11.49706387 1    
11.49856273 1    
11.49981388 1    
11.50131170 1    
11.50256007 1    
11.50405847 1    
11.50556124 1    
11.50680420 1    
11.50830537 1    
11.50953301 1    
11.51105647 1    
11.51255066 1    
11.51380304 1    
11.51530241 1    
11.51655452 1    
11.51805368 1    
11.51955329 1    
11.52080323 1    
11.52230200 1    
11.52354761 1    
11.52502357 1    
11.52654650 1    
11.52779413 1    
11.52929459 1    
11.53054607 1    
11.53204163 1    
11.53354437 1    
11.53365659 -1   
11.53479155 1    
11.53629141 1    
11.53753974 1    
11.53901560 1    
11.54054275 1    
11.54179063 1    
11.54328872 1    
11.54476197 1    
11.54601003 1    
11.54753378 1    
11.54878467 1    
11.55028408 1    
11.55178514 1    
11.55300761 1    
11.55453226 1    
11.55577930 1    
11.55728068 1    
11.55877686 1    
11.56002996 1    
11.56150205 1    
11.56300480 1    
11.56427072 1    
11.56577489 1    
11.56701992 1    
11.56849788 1    
11.56999907 1    
11.57127123 1    
11.57276611 1    
11.57399785 1    
11.57551546 1    
11.57699490 1    
11.57826445 1    
11.57974409 1    
11.58126156 1    
11.58251388 1    
11.58401217 1    
11.58403488 -1   
11.58650368 1    
11.59611695 1    
11.64213255 -1   
11.64948124 1    
11.65097188 1    
11.65222034 1    
11.65370027 1    
11.65520172 1    
11.65644790 1    
11.65797347 1    
11.65921762 1    
11.73718469 -1   
11.74715899 1    
11.76241767 1    
11.76389003 1    
11.76517015 1    
11.76666210 1    
11.76815778 1    
11.76941067 1    
11.77090253 1    
11.77218032 1    
11.77365807 1    
11.91365811 1    
12.10432315 1    
12.15944564 1    
12.18989969 1    
12.25493542 1    
12.27041267 -1   
12.62052533 1    
12.76709512 1    
12.82242294 1    
19.25772727 1    
21.65648220 -1   
21.66565748 -1   
21.66572075 -1   
21.80771928 -1   
22.02239596 1    
22.35945189 1    
28.11304556 -1   
