0.00000000 1    
0.22062934 -1   
0.37104513 -1   
0.37152211 1    
0.60368480 -1   
0.60382247 1    
0.75502279 1    
0.90873209 -1   
0.90899378 1    
1.08465805 -1   
1.08495776 1    
1.28562417 -1   
1.28608429 1    
1.58812397 -1   
1.58841449 1    
1.67548774 1    
1.73898616 1    
1.89791594 -1   
1.89817629 1    
2.04983638 -1   
2.05193451 1    
2.20351547 -1   
2.20381951 1    
2.38041674 -1   
2.38162935 1    
2.53432966 -1   
2.72537653 -1   
2.72684191 -1   
2.72709407 -1   
2.73266130 1    
3.11322843 -1   
3.11352859 1    
3.48711747 -1   
3.49051148 1    
3.64089423 1    
3.79278283 1    
3.86506638 -1   
3.94419155 1    
3.99664376 -1   
4.05514361 -1   
4.09538222 1    
4.26231386 -1   
4.26261924 1    
4.42199731 -1   
4.42357698 1    
4.57689042 -1   
4.77618039 -1   
4.77769352 -1   
4.77792295 -1   
4.78220183 1    
4.97488310 1    
5.10884335 -1   
5.12826935 1    
5.30823738 -1   
5.49804117 -1   
5.49915194 -1   
5.51504375 -1   
5.52526666 -1   
5.52676482 -1   
5.60197333 -1   
5.60347158 -1   
5.60494950 -1   
5.60745757 1    
5.60994310 -1   
5.61144048 -1   
5.65219878 -1   
5.65369028 -1   
5.65519023 -1   
5.65643670 -1   
5.67843255 -1   
5.67992363 -1   
5.68117643 -1   
5.68265077 -1   
5.68491185 1    
5.71990566 -1   
5.72115026 -1   
5.75638951 -1   
5.75788260 -1   
5.75935882 -1   
5.76060499 -1   
5.76285579 -1   
5.76286637 1    
5.76410156 -1   
5.76503004 -1   
5.86130573 -1   
5.91557861 -1   
5.91561985 1    
5.91603366 1    
6.06902071 1    
6.09126898 -1   
6.13241825 -1   
6.25083225 -1   
6.25113281 1    
6.26084513 -1   
6.28357509 -1   
6.29432122 -1   
6.43595007 -1   
6.43612541 1    
6.51945375 -1   
6.58644626 -1   
6.63067148 1    
6.65010530 -1   
6.67086045 -1   
6.69882954 -1   
6.73954994 -1   
6.82679687 1    
6.98477637 -1   
6.98507588 1    
7.13592120 -1   
7.13629436 1    
7.22281850 1    
7.29032897 -1   
7.37349094 1    
7.56927917 -1   
7.57044202 1    
7.58631587 -1   
7.72495697 -1   
7.72598966 1    
7.73573539 1    
7.88921031 1    
7.94238002 -1   
7.94385355 -1   
7.94425152 -1   
7.95807023 1    
8.04212319 1    
8.08877878 -1   
8.09027018 -1   
8.11266394 -1   
8.12776063 1    
8.19275635 1    
8.24469087 -1   
8.24620422 -1   
8.25045442 -1   
8.25192881 -1   
8.25319710 -1   
8.26194983 -1   
8.26344931 -1   
8.26558220 1    
8.28229633 -1   
8.29569585 1    
8.38610943 -1   
8.38614265 1    
8.38760378 -1   
8.45129029 -1   
8.46466569 1    
8.51828274 -1   
8.51979984 -1   
8.52105069 -1   
8.52254502 -1   
8.52404707 -1   
8.52529509 -1   
8.52677444 -1   
8.52802095 -1   
8.52952039 -1   
8.53101651 -1   
8.53226609 -1   
8.53376652 -1   
8.53501813 -1   
8.53651647 -1   
8.53805296 -1   
8.53928446 -1   
8.53937867 1    
8.58678242 1    
8.60098527 -1   
8.60249873 -1   
8.60449495 -1   
8.63898399 -1   
8.64046423 -1   
8.64170557 -1   
8.64320882 -1   
8.64470337 -1   
8.64595442 -1   
8.64745128 -1   
8.64870130 -1   
8.65020029 -1   
8.65172475 -1   
8.65295029 -1   
8.65447102 -1   
8.65569740 -1   
8.65722463 -1   
8.65871731 -1   
8.65994541 -1   
8.66144433 -1   
8.66294505 -1   
8.66419093 -1   
8.67296336 -1   
8.67445928 -1   
8.67568591 -1   
8.67720923 -1   
8.67871025 -1   
8.67993682 -1   
8.68145948 -1   
8.68270424 -1   
8.68420483 -1   
8.68570250 -1   
8.68693170 -1   
8.68845358 -1   
8.68970235 -1   
8.69120198 -1   
8.69268065 -1   
8.69276848 1    
8.69392433 -1   
8.69544648 -1   
8.73143206 -1   
8.73292593 -1   
8.73417585 -1   
8.74117513 -1   
8.74118830 1    
8.75116838 -1   
8.75241657 -1   
8.77140822 -1   
8.77290413 -1   
8.77415367 -1   
8.77564946 -1   
8.77713123 -1   
8.77837600 -1   
8.77987424 -1   
8.78112686 -1   
8.78262599 -1   
8.78412282 -1   
8.78537477 -1   
8.78687054 -1   
8.78812290 -1   
8.79211677 -1   
8.79361819 -1   
8.79486981 -1   
8.79636942 -1   
8.79786428 -1   
8.79911862 -1   
8.80061478 -1   
8.80186355 -1   
8.80336269 -1   
8.80486459 -1   
8.80611114 -1   
8.80761134 -1   
8.80885905 -1   
8.81036190 -1   
8.81046406 1    
8.81185912 -1   
8.81310842 -1   
8.81611145 -1   
8.81735817 -1   
8.81885571 -1   
8.82010278 -1   
8.82160185 -1   
8.82310098 -1   
8.82435438 -1   
8.82584975 -1   
8.82710125 -1   
8.82859874 -1   
8.83010160 -1   
8.83136920 -1   
8.83284682 -1   
8.83411586 -1   
8.83561980 -1   
8.83711689 -1   
8.83836635 -1   
8.83984165 -1   
8.84111624 -1   
8.84259073 -1   
8.84408917 -1   
8.84533896 -1   
8.84683932 -1   
8.84808888 -1   
8.84958764 -1   
8.85108661 -1   
8.85333485 -1   
8.85458244 -1   
8.85608610 -1   
8.85735346 -1   
8.85883452 -1   
8.86035396 -1   
8.86160693 -1   
8.86310150 -1   
8.86435360 -1   
8.86445169 1    
8.86582990 -1   
8.86734873 -1   
8.86860059 -1   
8.87009598 -1   
8.87159815 -1   
8.87282625 -1   
8.87434305 -1   
8.87559554 -1   
8.87709548 -1   
8.87859292 -1   
8.88133994 -1   
8.88608850 -1   
8.88733866 -1   
8.89307951 -1   
8.89458184 -1   
8.89459629 1    
8.89606425 -1   
8.90282964 -1   
8.90558115 -1   
8.90680440 -1   
8.91007468 -1   
8.92604751 -1   
8.92731733 -1   
8.92881360 -1   
8.93006478 -1   
8.93156069 -1   
8.93306151 -1   
8.93431202 -1   
8.93581286 -1   
8.93707906 -1   
8.93878823 -1   
8.94005539 -1   
8.94155781 -1   
8.94177713 1    
8.94305223 -1   
8.94430356 -1   
8.94578337 -1   
8.94705518 -1   
8.94855250 -1   
8.95002898 -1   
8.95130380 -1   
8.95279938 -1   
8.95430101 -1   
8.95579868 -1   
8.95705136 -1   
8.95854586 -1   
8.95977313 -1   
8.96129483 -1   
8.96279576 -1   
8.96404160 -1   
8.96554064 -1   
8.96704040 -1   
8.96829163 -1   
8.96979117 -1   
8.96990385 1    
8.97104287 -1   
8.97254103 -1   
8.97405016 -1   
8.97526731 -1   
8.97677005 -1   
8.97801646 -1   
8.97951215 -1   
8.98068070 1    
8.98101233 -1   
8.98226389 -1   
8.98376331 -1   
8.98500866 -1   
8.98651081 -1   
8.98802854 -1   
8.98927717 -1   
8.99044256 1    
8.99075619 -1   
8.99202969 -1   
8.99350763 -1   
8.99502451 -1   
8.99628332 -1   
8.99776649 -1   
9.04653541 1    
9.06996742 -1   
9.07145990 -1   
9.07273050 -1   
9.07423242 -1   
9.07547596 -1   
9.07699428 -1   
9.07914750 1    
9.07999972 -1   
9.08147724 -1   
9.08272499 -1   
9.08422415 -1   
9.08572510 -1   
9.08695010 -1   
9.08847452 -1   
9.08972029 -1   
9.09122261 -1   
9.09272060 -1   
9.09295040 -1   
9.09301321 1    
9.09445632 -1   
9.10071603 -1   
9.10194543 -1   
9.23219302 1    
9.24884178 -1   
9.25873899 1    
9.31516840 1    
9.41183894 1    
9.75517566 -1   
9.75620588 1    
9.79805734 -1   
9.79929750 -1   
9.80079389 -1   
9.80204352 -1   
9.80354240 -1   
9.80504020 -1   
9.80629223 -1   
9.80780952 -1   
9.80905957 -1   
9.81053612 -1   
9.81205979 -1   
9.81330909 -1   
9.81478773 -1   
9.81606037 -1   
9.81755884 -1   
9.81905209 -1   
9.82030287 -1   
9.82180163 -1   
9.82305351 -1   
9.82455132 -1   
9.82603100 -1   
9.82727768 -1   
9.82877974 -1   
9.83027440 -1   
9.83152333 -1   
9.83302432 -1   
9.83427453 -1   
9.83577104 -1   
9.83727307 -1   
9.83734252 1    
9.83877212 -1   
9.84004270 -1   
9.84153890 -1   
9.84301765 -1   
9.84426930 -1   
9.84578955 -1   
9.84704304 -1   
9.84853717 -1   
9.85001831 -1   
9.85126163 -1   
9.85276277 -1   
9.85403399 -1   
9.85553422 -1   
9.85703224 -1   
9.85828291 -1   
9.85978134 -1   
9.86328527 -1   
9.86453422 -1   
9.86600765 -1   
9.86752737 -1   
9.86878248 -1   
9.87027593 -1   
9.87152348 -1   
9.87302527 -1   
9.87452417 -1   
9.87577362 -1   
9.87727021 -1   
9.91150509 -1   
9.91153822 1    
9.91275358 -1   
9.95248858 -1   
9.95372915 -1   
9.95522411 -1   
9.95647874 -1   
9.95797652 -1   
9.95945541 -1   
9.96071901 -1   
9.96222526 -1   
9.96347270 -1   
9.96497219 -1   
9.96644756 -1   
9.96772093 -1   
9.96922268 -1   
9.97071873 -1   
9.97194313 -1   
9.97346706 -1   
9.97472184 -1   
9.97621887 -1   
9.97772278 -1   
9.97894642 -1   
9.98046626 -1   
9.98171239 -1   
9.98321195 -1   
9.98470973 -1   
9.98593993 -1   
9.98745528 -1   
9.98895348 -1   
9.99020518 -1   
9.99170895 -1   
9.99293564 -1   
9.99445564 -1   
9.99595457 -1   
9.99720494 -1   
9.99870387 -1   
9.99993159 -1   
10.00144851 -1   
10.00295079 -1   
10.00420061 -1   
10.00570044 -1   
10.00692388 -1   
10.00844937 -1   
10.00994661 -1   
10.01119872 -1   
10.01269422 -1   
10.01392332 -1   
10.01544305 -1   
10.01694390 -1   
10.01818867 -1   
10.01969093 -1   
10.02091915 -1   
10.02243929 -1   
10.02393554 -1   
10.02518995 -1   
10.02668306 -1   
10.02791344 -1   
10.02944599 -1   
10.03092789 -1   
10.03243499 -1   
10.03368290 -1   
10.03517718 -1   
10.03666201 -1   
10.03793407 -1   
10.03942900 -1   
10.04092605 -1   
10.04218036 -1   
10.04367749 -1   
10.04490602 -1   
10.04642281 -1   
10.04792523 -1   
10.04915404 -1   
10.05065101 -1   
10.05216986 -1   
10.05342346 -1   
10.05492131 -1   
10.05642248 -1   
10.05766685 -1   
10.05914653 -1   
10.06066813 -1   
10.06191664 -1   
10.06341352 -1   
10.06489381 -1   
10.06614405 -1   
10.06764152 -1   
10.06916360 -1   
10.07041237 -1   
10.07188930 -1   
10.07198441 1    
10.07199070 1    
10.07313818 -1   
10.07815378 -1   
10.07816749 1    
10.10587573 -1   
10.10713359 -1   
10.10863984 -1   
10.11111530 -1   
10.11263894 -1   
10.11586574 -1   
10.11713582 -1   
10.11963064 -1   
10.12113040 -1   
10.12387781 -1   
10.12535971 -1   
10.12687807 -1   
10.12937877 -1   
10.13087412 -1   
10.13387778 -1   
10.13537116 -1   
10.13812108 -1   
10.13937253 -1   
10.14211865 -1   
10.14359739 -1   
10.14484894 -1   
10.14759323 -1   
10.14909642 -1   
10.15184067 -1   
10.15194386 1    
10.15311403 -1   
10.15610880 -1   
10.15633885 -1   
10.16160658 1    
10.23009460 1    
10.23456842 -1   
10.23581577 -1   
10.23731891 -1   
10.23856208 -1   
10.24006480 -1   
10.24156341 -1   
10.24278982 -1   
10.24430969 -1   
10.24556046 -1   
10.24705749 -1   
10.24855576 -1   
10.24978360 -1   
10.25130761 -1   
10.25280534 -1   
10.25405521 -1   
10.25555297 -1   
10.25680634 -1   
10.31749745 -1   
10.35001184 -1   
10.35149850 -1   
10.35947651 -1   
10.36074336 -1   
10.36224377 -1   
10.36848935 -1   
10.36999068 -1   
10.37123827 -1   
10.37273007 -1   
10.37396325 -1   
10.37548717 -1   
10.37696326 -1   
10.37823678 -1   
10.37973106 -1   
10.38096326 -1   
10.38247572 -1   
10.38396091 -1   
10.42021083 -1   
10.42024651 1    
10.42170616 -1   
10.42293522 -1   
10.42445743 -1   
10.42593331 -1   
10.42720707 -1   
10.43020481 -1   
10.43170429 -1   
10.43292994 -1   
10.43445201 -1   
10.43594965 -1   
10.43869825 -1   
10.44694549 -1   
10.44844562 -1   
10.44992156 -1   
10.45119299 -1   
10.45267090 -1   
10.45419324 -1   
10.45543883 -1   
10.45693848 -1   
10.45818588 -1   
10.45968924 -1   
10.46118046 -1   
10.46243780 -1   
10.46393328 -1   
10.46518724 -1   
10.46668473 -1   
10.46787653 1    
10.46818045 -1   
10.46943313 -1   
10.47093243 -1   
10.47242980 -1   
10.47368076 -1   
10.47517642 -1   
10.47642737 -1   
10.47792577 -1   
10.47942787 -1   
10.48067615 -1   
10.48217844 -1   
10.48342379 -1   
10.48492535 -1   
10.48642220 -1   
10.48766991 -1   
10.48916468 -1   
10.49066990 -1   
10.49189451 -1   
10.49339983 -1   
10.49464897 -1   
10.49614572 -1   
10.49767321 -1   
10.50464220 -1   
10.50613978 -1   
10.51388911 -1   
10.51540674 -1   
10.52165437 -1   
10.52314931 -1   
10.52440462 -1   
10.52587997 -1   
10.52712855 -1   
10.52862556 -1   
10.53012974 -1   
10.53137454 -1   
10.53287663 -1   
10.53487496 -1   
10.53612285 -1   
10.53763833 -1   
10.53912378 -1   
10.54039263 -1   
10.57562383 -1   
10.57565674 1    
10.57687276 -1   
10.57837031 -1   
10.57962159 -1   
10.58112034 -1   
10.58362164 -1   
10.58486850 -1   
10.58637265 -1   
10.58761883 -1   
10.58911863 -1   
10.59061593 -1   
10.59883640 -1   
10.60033292 -1   
10.60585471 -1   
10.60735355 -1   
10.60883317 -1   
10.61010313 -1   
10.61160105 -1   
10.61284851 -1   
10.61435074 -1   
10.61585041 -1   
10.61709898 -1   
10.61859581 -1   
10.62009672 -1   
10.62134729 -1   
10.62284579 -1   
10.62409047 -1   
10.62559578 -1   
10.62707203 -1   
10.62831953 -1   
10.62981570 -1   
10.63106746 -1   
10.63256741 -1   
10.63406677 -1   
10.63531372 -1   
10.63681581 -1   
10.63806354 -1   
10.63956197 -1   
10.64106024 -1   
10.64232828 -1   
10.64383500 -1   
10.64508342 -1   
10.64657851 -1   
10.64808260 -1   
10.64933256 -1   
10.64969970 -1   
10.65782604 -1   
10.66691741 1    
10.69453851 -1   
10.75902917 1    
10.78801694 1    
10.78802530 1    
10.78803716 1    
10.78830820 1    
10.80850596 -1   
10.94118614 1    
11.15279968 -1   
11.15429336 -1   
11.15524560 -1   
11.15677171 -1   
11.15803828 -1   
11.15951596 -1   
11.16253256 -1   
11.16378741 -1   
11.16528254 -1   
11.16803143 -1   
11.16953137 -1   
11.17228335 -1   
11.17375619 -1   
11.17503322 -1   
11.17650575 -1   
11.17659608 1    
11.17800429 -1   
11.17925240 -1   
11.20024577 -1   
11.20176127 -1   
11.20301275 -1   
11.20450970 -1   
11.20601177 -1   
11.20725964 -1   
11.20876038 -1   
11.21002246 -1   
11.21150497 -1   
11.21302984 -1   
11.21425609 -1   
11.21575622 -1   
11.21725569 -1   
11.21850344 -1   
11.23397847 -1   
11.23547302 -1   
11.23671974 -1   
11.32092679 -1   
11.32242335 -1   
11.32367080 -1   
11.32517123 -1   
11.32667032 -1   
11.32792012 -1   
11.32941962 -1   
11.33066865 -1   
11.33216509 -1   
11.33366753 -1   
11.33491508 -1   
11.33641432 -1   
11.33765986 -1   
11.33916237 -1   
11.34066416 -1   
11.34067722 1    
11.34215707 -1   
11.34342866 -1   
11.35340320 -1   
11.37439470 -1   
11.37588902 -1   
11.37714135 -1   
11.37863944 -1   
11.38438855 -1   
11.38588604 -1   
11.38714925 -1   
11.38865836 -1   
11.38990620 -1   
11.39140684 -1   
11.39290530 -1   
11.39415686 -1   
11.39565364 -1   
11.39715251 -1   
11.39839955 -1   
11.40189628 -1   
11.40339867 -1   
11.40464857 -1   
11.47411666 -1   
11.47560630 -1   
11.47710795 -1   
11.47860744 -1   
11.47983360 -1   
11.48135234 -1   
11.48260386 -1   
11.48410334 -1   
11.48560259 -1   
11.48682736 -1   
11.48834974 -1   
11.48960097 -1   
11.49110005 -1   
11.49259583 -1   
11.49382237 -1   
11.49532446 -1   
11.49533439 1    
11.49682268 -1   
11.49992762 1    
11.50684041 -1   
11.52755895 -1   
11.52905353 -1   
11.53056739 -1   
11.53180292 -1   
11.53756559 -1   
11.53907061 -1   
11.54056779 -1   
11.54206867 -1   
11.54356070 -1   
11.54481494 -1   
11.54650279 -1   
11.54781746 -1   
11.54906236 -1   
11.55205967 -1   
11.55331059 -1   
11.55506210 -1   
11.55655850 -1   
11.55803559 -1   
11.62727466 -1   
11.62876890 -1   
11.63027000 -1   
11.63201526 -1   
11.63326372 -1   
11.63476248 -1   
11.63601409 -1   
11.63774246 -1   
11.63902429 -1   
11.64051189 -1   
11.64176215 -1   
11.64325752 -1   
11.64701039 -1   
11.64825577 -1   
11.65048279 -1   
11.65598103 -1   
11.65599000 1    
11.65748116 -1   
11.68096836 -1   
11.68223930 -1   
11.68371289 -1   
11.68496497 -1   
11.69073253 -1   
11.69196190 -1   
11.69372973 -1   
11.69496044 -1   
11.69672753 -1   
11.69822972 -1   
11.70097658 -1   
11.70247784 -1   
11.70372371 -1   
11.70522608 -1   
11.70672193 -1   
11.70794887 -1   
11.70970065 -1   
11.70978071 1    
11.71095217 -1   
11.71246960 -1   
11.75120243 -1   
11.78193764 -1   
11.78342597 -1   
11.78490633 -1   
11.78642897 -1   
11.79915041 -1   
11.80042327 -1   
11.81316397 -1   
11.81441185 -1   
11.81588808 -1   
11.81741278 -1   
11.82588245 -1   
11.82715564 -1   
11.83015353 -1   
11.83140280 -1   
11.85661901 -1   
11.85664772 1    
11.85811536 -1   
11.87637713 -1   
11.87762653 -1   
11.87911965 -1   
11.88062703 -1   
11.88611874 -1   
11.88762010 -1   
11.88887020 -1   
11.89037047 -1   
11.89161623 -1   
11.89311793 -1   
11.89461571 -1   
11.89586590 -1   
11.89736296 -1   
11.89886118 -1   
11.90009080 -1   
11.90161298 -1   
11.90285970 -1   
11.90436215 -1   
11.90585811 -1   
11.90710932 -1   
11.90860730 -1   
11.93509891 -1   
11.93659079 -1   
11.93809146 -1   
11.93957623 -1   
11.95208395 -1   
11.95358159 -1   
11.95858248 -1   
11.96707543 -1   
11.96857541 -1   
11.97007050 -1   
11.97132696 -1   
11.97907569 -1   
11.97917851 1    
11.98031806 -1   
11.98306363 -1   
11.98456677 -1   
12.01103041 -1   
12.01104988 1    
12.01255071 -1   
12.02953927 -1   
12.03080216 -1   
12.03228388 -1   
12.03376689 -1   
12.03928360 -1   
12.04076276 -1   
12.04200848 -1   
12.04353158 -1   
12.04503092 -1   
12.04627655 -1   
12.04777602 -1   
12.04927927 -1   
12.05052562 -1   
12.05200753 -1   
12.05350463 -1   
12.05475423 -1   
12.05625106 -1   
12.05775096 -1   
12.05899876 -1   
12.06050348 -1   
12.06199587 -1   
12.06324924 -1   
12.08975549 -1   
12.09102722 -1   
12.09273195 -1   
12.09425348 -1   
12.09997730 -1   
12.10697164 -1   
12.10821962 -1   
12.12023687 -1   
12.12173558 -1   
12.12183732 1    
12.12323719 -1   
12.12448256 -1   
12.13221301 -1   
12.13347761 -1   
12.13622581 -1   
12.13772117 -1   
12.16471441 -1   
12.16473417 1    
12.16619130 -1   
12.18269965 -1   
12.18392999 -1   
12.18569963 -1   
12.18719776 -1   
12.19244580 -1   
12.19369191 -1   
12.19519323 -1   
12.19644544 -1   
12.19819035 -1   
12.19942097 -1   
12.20091827 -1   
12.20216707 -1   
12.20368810 -1   
12.20519829 -1   
12.20793529 -1   
12.20918758 -1   
12.21068346 -1   
12.21218429 -1   
12.21343545 -1   
12.21492906 -1   
12.21642961 -1   
12.21768220 -1   
12.24289692 -1   
12.24416689 -1   
12.24591352 -1   
12.24741235 -1   
12.25016159 -1   
12.25316260 -1   
12.25438796 -1   
12.26140830 -1   
12.26265418 -1   
12.27537620 -1   
12.27687527 -1   
12.27697121 1    
12.27812700 -1   
12.27962180 -1   
12.28713986 -1   
12.28838965 -1   
12.29088749 -1   
12.29213193 -1   
12.31910406 -1   
12.31913272 1    
12.33611579 -1   
12.33760619 -1   
12.33884138 -1   
12.34035979 -1   
12.34558678 -1   
12.34683394 -1   
12.34833603 -1   
12.34983279 -1   
12.35183313 -1   
12.35333203 -1   
12.35460315 -1   
12.35609958 -1   
12.35759943 -1   
12.35884768 -1   
12.36110305 -1   
12.36234856 -1   
12.36384815 -1   
12.36509069 -1   
12.36684704 -1   
12.36834283 -1   
12.36959224 -1   
12.37109175 -1   
12.39606780 -1   
12.39755605 -1   
12.39769134 1    
12.39905484 -1   
12.40055620 -1   
12.40307731 -1   
12.40457249 -1   
12.40757305 -1   
12.40793187 -1   
12.44072771 1    
12.46957700 1    
12.73973956 -1   
12.86107074 -1   
12.92253277 -1   
12.92375483 -1   
12.92527992 -1   
12.92538360 1    
12.92650636 -1   
12.92802250 -1   
12.92950516 -1   
12.93100119 -1   
12.93225120 -1   
12.93375225 -1   
12.93502206 -1   
12.93651986 -1   
12.93802076 -1   
12.93924520 -1   
12.94074800 -1   
12.94226479 -1   
12.94349434 -1   
12.94387730 -1   
12.94560137 1    
12.97048730 -1   
13.03846959 -1   
13.09670516 1    
13.12552109 -1   
13.42767439 1    
13.43684088 1    
13.43690117 1    
13.50429285 -1   
13.51469225 -1   
13.57867148 1    
13.65572822 -1   
13.80686890 -1   
14.02849521 -1   
16.65600243 -1   
16.65616436 1    
20.46366702 1    
20.47283333 1    
20.61990207 1    
20.80611455 -1   
20.99700780 -1   
27.43631705 1    
27.75913315 -1   
27.76006910 1    
28.09834824 -1   
28.09983782 -1   
28.10006818 -1   
28.10434764 1    
28.11363144 1    
28.25552381 1    
28.43224720 -1   
28.43239781 1    
28.58491404 -1   
28.63228665 -1   
28.77523530 -1   
28.77687258 1    
29.09112092 -1   
29.28201569 -1   
