0.00000000 1    
0.21386267 -1   
0.21400396 1    
0.36503065 -1   
0.36527342 1    
0.51878221 -1   
0.51881874 1    
0.71707407 -1   
0.71766697 1    
0.75246071 -1   
0.76293107 -1   
0.79316944 -1   
0.87077524 -1   
0.87093514 1    
1.02190185 -1   
1.06480673 1    
1.10473928 -1   
1.13099447 -1   
1.13998680 -1   
1.21492153 -1   
1.36618509 -1   
1.36648653 1    
1.51762065 -1   
1.60473513 1    
1.70826144 -1   
1.91464729 -1   
1.91468344 1    
2.07780382 -1   
2.07783960 1    
2.39281965 1    
2.50432472 -1   
2.58466356 1    
2.73542672 -1   
2.81682642 1    
2.92604430 -1   
3.12865726 1    
3.15693256 -1   
3.43016513 -1   
3.43167564 -1   
3.46851302 -1   
3.47414871 1    
3.81675671 1    
3.92696919 -1   
4.01263818 1    
4.16483863 -1   
4.16511530 1    
4.33199852 -1   
4.33229179 1    
4.48574180 -1   
4.48937614 1    
4.64180980 -1   
4.64184632 1    
4.80274728 -1   
4.80300420 1    
4.96664938 -1   
5.31193446 -1   
5.31400543 1    
5.62000446 -1   
5.62091856 1    
5.94873688 -1   
5.95020849 -1   
5.95060598 -1   
5.95450378 1    
6.10594770 1    
6.26437855 -1   
6.26458391 1    
6.41681820 -1   
6.58485523 -1   
6.58636611 -1   
6.59512270 -1   
6.59661086 -1   
6.59812726 -1   
6.60483912 -1   
6.60608727 -1   
6.60871096 -1   
6.63463372 1    
6.68181906 -1   
6.68331203 -1   
6.69204237 -1   
6.73928606 -1   
6.74075560 -1   
6.74225857 -1   
6.74352638 -1   
6.74975275 -1   
6.75100029 -1   
6.75250284 -1   
6.75401935 -1   
6.75827032 -1   
6.75976800 -1   
6.76089044 1    
6.76099620 -1   
6.76251539 -1   
6.76401723 -1   
6.76526348 -1   
6.76648856 -1   
6.82877840 1    
6.92365840 -1   
6.93336498 1    
6.95619572 -1   
7.02065370 1    
7.16122343 -1   
7.28872044 -1   
7.28901697 1    
7.31199050 -1   
7.44116414 1    
7.49286979 -1   
7.50637120 -1   
7.71863622 1    
7.87548049 -1   
7.87578691 1    
8.02664529 -1   
8.02701523 1    
8.10878891 1    
8.18103713 -1   
8.25945832 1    
8.41591679 -1   
8.41687134 1    
8.43856420 -1   
8.57143726 -1   
8.57244573 1    
8.58209581 1    
8.72272933 -1   
8.72839502 -1   
8.72841592 1    
8.72964520 -1   
8.88266640 -1   
8.88671690 1    
8.89379919 -1   
8.89502242 -1   
8.89614767 1    
9.03409995 -1   
9.03810194 1    
9.04596049 -1   
9.04597552 1    
9.04721444 -1   
9.05793147 -1   
9.05918329 -1   
9.06067807 -1   
9.06179742 1    
9.15663162 -1   
9.15812389 -1   
9.16081653 1    
9.17439100 -1   
9.17563327 -1   
9.17714082 -1   
9.19111463 -1   
9.19505789 1    
9.20470862 1    
9.21513877 1    
9.34239454 -1   
9.36553251 1    
9.40475478 -1   
9.40625102 -1   
9.44246869 -1   
9.44395944 -1   
9.44520982 -1   
9.45345383 -1   
9.46372322 -1   
9.46521966 -1   
9.46646724 -1   
9.46796917 -1   
9.46921764 -1   
9.47071355 -1   
9.47221458 -1   
9.50470267 -1   
9.50592455 -1   
9.51392254 -1   
9.51516805 -1   
9.51666554 -1   
9.51791673 -1   
9.51941338 -1   
9.52091592 -1   
9.52116708 -1   
9.52117500 1    
9.55991489 -1   
9.56141190 -1   
9.56266398 -1   
9.56416224 -1   
9.56568669 -1   
9.56716426 -1   
9.56866077 -1   
9.56990813 -1   
9.57140985 -1   
9.57290477 -1   
9.57413634 -1   
9.57563403 -1   
9.57688401 -1   
9.57838145 -1   
9.57988028 -1   
9.58112842 -1   
9.59689611 -1   
9.59839116 -1   
9.60661922 -1   
9.60786832 -1   
9.61838380 -1   
9.61985771 -1   
9.62110968 -1   
9.62262598 -1   
9.62389177 -1   
9.62537514 -1   
9.62687839 -1   
9.62810215 -1   
9.65785856 -1   
9.65908557 -1   
9.66685417 -1   
9.66835055 -1   
9.66846021 1    
9.66985270 -1   
9.67107748 -1   
9.67259737 -1   
9.67407583 -1   
9.67535546 -1   
9.67684652 -1   
9.67686044 1    
9.67807762 -1   
9.68784133 -1   
9.71457846 -1   
9.71582465 -1   
9.71732282 -1   
9.71857168 -1   
9.72007433 -1   
9.72157126 -1   
9.72282280 -1   
9.72431832 -1   
9.72582107 -1   
9.72704539 -1   
9.72856765 -1   
9.73006620 -1   
9.73131981 -1   
9.73281292 -1   
9.73404389 -1   
9.73556263 -1   
9.73706273 -1   
9.73830928 -1   
9.75155395 -1   
9.75280132 -1   
9.75307965 1    
9.76103319 -1   
9.76252584 -1   
9.77302519 -1   
9.77454073 -1   
9.77628983 -1   
9.77778823 -1   
9.77901974 -1   
9.78053682 -1   
9.78203858 -1   
9.78328726 -1   
9.78778667 -1   
9.81202163 -1   
9.81351765 -1   
9.82151531 -1   
9.82299498 -1   
9.82448986 -1   
9.82599273 -1   
9.82723894 -1   
9.82874169 -1   
9.83048640 -1   
9.83050304 1    
9.83173620 -1   
9.84098301 -1   
9.84248115 -1   
9.86896972 -1   
9.87021447 -1   
9.87196214 -1   
9.87346281 -1   
9.87470901 -1   
9.87621167 -1   
9.87770706 -1   
9.87896074 -1   
9.88045603 -1   
9.88170783 -1   
9.88320630 -1   
9.88470309 -1   
9.88595420 -1   
9.88745818 -1   
9.88870284 -1   
9.89021208 -1   
9.89170135 -1   
9.89295393 -1   
9.90096775 -1   
9.90596548 -1   
9.90721508 -1   
9.91571322 -1   
9.91695709 -1   
9.92768454 -1   
9.92892996 -1   
9.93093346 -1   
9.93220044 -1   
9.93367722 -1   
9.93494879 -1   
9.93645198 -1   
9.93794708 -1   
9.93803229 1    
9.96491657 -1   
9.96640714 -1   
9.97465327 -1   
9.97615329 -1   
9.97740558 -1   
9.97890112 -1   
9.98040124 -1   
9.98189799 -1   
9.98589875 -1   
9.98590813 1    
9.98739741 -1   
9.99414414 -1   
9.99564519 -1   
10.02212718 -1   
10.02365029 -1   
10.02487616 -1   
10.02637568 -1   
10.02787272 -1   
10.02937131 -1   
10.03063696 -1   
10.03214544 -1   
10.03364106 -1   
10.03489338 -1   
10.03638923 -1   
10.03762012 -1   
10.03914014 -1   
10.04063127 -1   
10.04186667 -1   
10.04339014 -1   
10.04463622 -1   
10.04615087 -1   
10.04621785 1    
10.04763511 -1   
10.05412968 -1   
10.05563242 -1   
10.06062593 -1   
10.06213088 -1   
10.06987203 -1   
10.07137580 -1   
10.08209354 -1   
10.08361566 -1   
10.08535611 -1   
10.08543657 1    
10.08687431 -1   
10.08808904 -1   
10.08961114 -1   
10.09085701 -1   
10.09233668 -1   
10.11959570 -1   
10.12084452 -1   
10.12933907 -1   
10.13056793 -1   
10.13208573 -1   
10.13333701 -1   
10.13508405 -1   
10.13633286 -1   
10.13933112 -1   
10.13934496 1    
10.14731416 -1   
10.14857696 -1   
10.17529460 -1   
10.17653744 -1   
10.17806101 -1   
10.17930851 -1   
10.18103619 -1   
10.18255638 -1   
10.18378737 -1   
10.18530475 -1   
10.18678598 -1   
10.18803070 -1   
10.18955570 -1   
10.19078138 -1   
10.19189592 1    
10.19190381 1    
10.19230143 -1   
10.19380350 -1   
10.19502880 -1   
10.19654738 -1   
10.19880086 -1   
10.20029012 -1   
10.20229906 -1   
10.20354508 -1   
10.20727413 -1   
10.20854313 -1   
10.21379259 -1   
10.21528869 -1   
10.22303763 -1   
10.22452737 -1   
10.23419766 -1   
10.23440790 1    
10.24300858 1    
10.29125730 1    
10.29797461 1    
10.44372759 1    
10.64839015 -1   
10.64934230 1    
10.68003485 -1   
10.68152181 -1   
10.77872462 -1   
10.78871193 -1   
10.78996163 -1   
10.79146047 -1   
10.79296281 -1   
10.79420588 -1   
10.79595923 -1   
10.79720481 -1   
10.79870348 -1   
10.79995300 -1   
10.80145482 -1   
10.80295314 -1   
10.80420231 -1   
10.80567914 -1   
10.80694666 -1   
10.80728207 -1   
10.80729799 1    
10.80943062 -1   
10.81069713 -1   
10.81219793 -1   
10.81344578 -1   
10.81492670 -1   
10.81644314 -1   
10.83468825 -1   
10.83593260 -1   
10.83743511 -1   
10.83868177 -1   
10.94185631 -1   
10.94312263 -1   
10.94462270 -1   
10.94585926 -1   
10.94734999 -1   
10.94886637 -1   
10.95009634 -1   
10.95161625 -1   
10.95286730 -1   
10.95434211 -1   
10.95586790 -1   
10.95709183 -1   
10.95860809 -1   
10.95986194 -1   
10.96136191 -1   
10.96285904 -1   
10.96409039 -1   
10.96560734 -1   
10.96711277 -1   
10.96720024 1    
10.96835617 -1   
10.96985616 -1   
10.97108728 -1   
10.97260239 -1   
10.97410632 -1   
10.97533238 -1   
10.97685398 -1   
10.97807876 -1   
10.97809335 1    
10.97960187 -1   
10.98108470 -1   
10.98232920 -1   
10.98382452 -1   
10.98532643 -1   
10.98657245 -1   
10.98807710 -1   
10.98932127 -1   
10.99082076 -1   
10.99231957 -1   
10.99357414 -1   
10.99507114 -1   
10.99634327 -1   
10.99783850 -1   
11.09602236 -1   
11.09753487 -1   
11.09903373 -1   
11.10053105 -1   
11.10228141 -1   
11.10352919 -1   
11.10503064 -1   
11.10627702 -1   
11.10777578 -1   
11.10927513 -1   
11.11052634 -1   
11.11202556 -1   
11.11325390 -1   
11.11475050 -1   
11.11625243 -1   
11.11752094 -1   
11.11902668 -1   
11.12052091 -1   
11.12176875 -1   
11.12326860 -1   
11.12451867 -1   
11.12599528 -1   
11.12607239 1    
11.12751887 -1   
11.12876425 -1   
11.13026284 -1   
11.13151450 -1   
11.13301452 -1   
11.13451102 -1   
11.13576379 -1   
11.13725935 -1   
11.13727343 1    
11.13875871 -1   
11.13998898 -1   
11.14150996 -1   
11.14275618 -1   
11.14425689 -1   
11.14575482 -1   
11.14700737 -1   
11.14850242 -1   
11.14975149 -1   
11.15125346 -1   
11.15275247 -1   
11.15397811 -1   
11.15550378 -1   
11.15697886 -1   
11.15823034 -1   
11.15972489 -1   
11.25067674 -1   
11.25192323 -1   
11.25369498 -1   
11.25379205 1    
11.25519517 -1   
11.25716941 -1   
11.25844030 -1   
11.25993883 -1   
11.26119383 -1   
11.26268842 -1   
11.26416912 -1   
11.26541324 -1   
11.26693860 -1   
11.26818451 -1   
11.26968233 -1   
11.27118365 -1   
11.27243463 -1   
11.27393248 -1   
11.27543418 -1   
11.27667974 -1   
11.27818363 -1   
11.27942917 -1   
11.28092609 -1   
11.28242602 -1   
11.28367797 -1   
11.28517788 -1   
11.28642607 -1   
11.28792474 -1   
11.28942509 -1   
11.29067115 -1   
11.29217297 -1   
11.29367091 -1   
11.29368626 1    
11.29492341 -1   
11.29642034 -1   
11.29767053 -1   
11.29916893 -1   
11.30067145 -1   
11.30191453 -1   
11.30341716 -1   
11.30466394 -1   
11.30616588 -1   
11.30766246 -1   
11.30891326 -1   
11.31041108 -1   
11.31191253 -1   
11.31315867 -1   
11.31465735 -1   
11.31588753 -1   
11.31741030 -1   
11.31890623 -1   
11.40511402 -1   
11.40635510 -1   
11.41010919 -1   
11.41135323 -1   
11.41285365 -1   
11.41407923 -1   
11.41560446 -1   
11.41709913 -1   
11.41835126 -1   
11.41985083 -1   
11.41994989 1    
11.42107552 -1   
11.42259547 -1   
11.42407697 -1   
11.42532386 -1   
11.42684123 -1   
11.42834397 -1   
11.42952282 1    
11.42957318 -1   
11.43107061 -1   
11.43234400 -1   
11.43384165 -1   
11.43534325 -1   
11.43658778 -1   
11.43808970 -1   
11.43933800 -1   
11.44083496 -1   
11.44231375 -1   
11.44356557 -1   
11.44508300 -1   
11.44658562 -1   
11.44932727 -1   
11.44934204 1    
11.45082853 -1   
11.45205923 -1   
11.45357923 -1   
11.45482819 -1   
11.45633271 -1   
11.45781949 -1   
11.45905850 -1   
11.46057506 -1   
11.46207731 -1   
11.46332302 -1   
11.46482143 -1   
11.46604858 -1   
11.46757377 -1   
11.46907040 -1   
11.47032261 -1   
11.47181801 -1   
11.47304835 -1   
11.47456169 -1   
11.47604339 -1   
11.47731448 -1   
11.47881997 -1   
11.55952526 -1   
11.56076739 -1   
11.56451919 -1   
11.56601445 -1   
11.56726446 -1   
11.56876218 -1   
11.57026146 -1   
11.57176212 -1   
11.57349160 -1   
11.57498829 -1   
11.57626376 -1   
11.57775629 -1   
11.57787439 1    
11.57898916 -1   
11.58048612 -1   
11.58200866 -1   
11.58325878 -1   
11.58575934 -1   
11.58698221 -1   
11.58850474 -1   
11.59000527 -1   
11.59123294 -1   
11.59274745 -1   
11.59400094 -1   
11.59549788 -1   
11.59699826 -1   
11.59824644 -1   
11.59974705 -1   
11.60099451 -1   
11.60324718 -1   
11.60449646 -1   
11.60452821 1    
11.60599352 -1   
11.60724312 -1   
11.60873717 -1   
11.61023959 -1   
11.61149254 -1   
11.61299158 -1   
11.61424319 -1   
11.61571635 -1   
11.61723262 -1   
11.61848330 -1   
11.61998208 -1   
11.62147705 -1   
11.62273215 -1   
11.62423201 -1   
11.62547995 -1   
11.62698027 -1   
11.62848037 -1   
11.62972962 -1   
11.63123078 -1   
11.63247599 -1   
11.63397929 -1   
11.67144182 -1   
11.67270644 -1   
11.71391374 -1   
11.71518221 -1   
11.71917955 -1   
11.71930275 1    
11.72067627 -1   
11.72192410 -1   
11.72342850 -1   
11.72492331 -1   
11.72617464 -1   
11.73017101 -1   
11.73167319 -1   
11.73291883 -1   
11.73442078 -1   
11.73591774 -1   
11.73716905 -1   
11.73838614 -1   
11.74639614 -1   
11.74765552 -1   
11.74916151 -1   
11.75040827 -1   
11.75188987 -1   
11.75340607 -1   
11.75465537 -1   
11.75615651 -1   
11.75765678 -1   
11.75888136 -1   
11.76040659 -1   
11.76188006 -1   
11.76315434 -1   
11.76464964 -1   
11.76614970 -1   
11.76616465 1    
11.76740243 -1   
11.76889949 -1   
11.77014997 -1   
11.77164622 -1   
11.77314820 -1   
11.77437402 -1   
11.77587311 -1   
11.77739234 -1   
11.77864457 -1   
11.78014316 -1   
11.78139430 -1   
11.78286807 -1   
11.78439196 -1   
11.78563947 -1   
11.78714766 -1   
11.78838770 -1   
11.78986799 -1   
11.79138578 -1   
11.79263833 -1   
11.79272598 1    
11.79413618 -1   
11.81213237 -1   
11.82461724 -1   
11.82585972 -1   
11.86083655 -1   
11.87082501 -1   
11.89032942 -1   
11.94583030 1    
11.96103746 1    
11.96104590 1    
11.96133046 1    
11.96997939 1    
12.08515780 -1   
12.11397945 1    
12.27943603 -1   
12.30959414 -1   
12.31084050 -1   
12.31233159 -1   
12.31382159 -1   
12.31506500 -1   
12.31658961 -1   
12.31781135 -1   
12.31933821 -1   
12.32083256 -1   
12.32206060 -1   
12.32358149 -1   
12.32483424 -1   
12.32633069 -1   
12.32783333 -1   
12.32793609 1    
12.32906009 -1   
12.33055528 -1   
12.33182571 -1   
12.33332569 -1   
12.33482570 -1   
12.33605264 -1   
12.33757455 -1   
12.33882134 -1   
12.34032458 -1   
12.34179932 -1   
12.34304830 -1   
12.34456384 -1   
12.34580048 -1   
12.34731357 -1   
12.34879776 -1   
12.35004264 -1   
12.35156854 -1   
12.35281251 -1   
12.35431039 -1   
12.35581414 -1   
12.35704271 -1   
12.35856036 -1   
12.35981316 -1   
12.36130216 -1   
12.36280992 -1   
12.36403625 -1   
12.36555812 -1   
12.36705598 -1   
12.36830716 -1   
12.36980467 -1   
12.37103400 -1   
12.37255229 -1   
12.37403306 -1   
12.37530235 -1   
12.37680098 -1   
12.37691383 1    
12.37803008 -1   
12.37954798 -1   
12.38102858 -1   
12.38229628 -1   
12.38379909 -1   
12.38529596 -1   
12.38654396 -1   
12.46300914 -1   
12.46450101 -1   
12.46575516 -1   
12.46725143 -1   
12.46899688 -1   
12.47024595 -1   
12.47175136 -1   
12.47297320 -1   
12.47447663 -1   
12.47597349 -1   
12.47724443 -1   
12.47874082 -1   
12.47999146 -1   
12.48149074 -1   
12.48299289 -1   
12.48300693 1    
12.48424210 -1   
12.48573791 -1   
12.48698959 -1   
12.48848466 -1   
12.48996392 -1   
12.49122950 -1   
12.49271606 -1   
12.49423239 -1   
12.49548508 -1   
12.49696028 -1   
12.49823703 -1   
12.49973040 -1   
12.50122426 -1   
12.50247840 -1   
12.50396034 -1   
12.50522607 -1   
12.50672925 -1   
12.50821992 -1   
12.50947125 -1   
12.51096784 -1   
12.51247231 -1   
12.51372116 -1   
12.51520393 -1   
12.51646985 -1   
12.51947116 -1   
12.52096757 -1   
12.52246738 -1   
12.52371554 -1   
12.52519714 -1   
12.52646416 -1   
12.52796869 -1   
12.52946181 -1   
12.52956875 1    
12.53071238 -1   
12.53219018 -1   
12.53346305 -1   
12.53496521 -1   
12.53646259 -1   
12.53770720 -1   
12.53921122 -1   
12.54070001 -1   
12.54195495 -1   
12.54345564 -1   
12.54470823 -1   
12.57893778 -1   
12.61766827 -1   
12.61888998 -1   
12.62041255 -1   
12.62191317 -1   
12.62341123 -1   
12.62463680 -1   
12.62613931 -1   
12.62763398 -1   
12.62938519 -1   
12.63063377 -1   
12.63213471 -1   
12.63362918 -1   
12.63488016 -1   
12.63640478 -1   
12.63864847 -1   
12.63866369 1    
12.63988072 -1   
12.64166851 -1   
12.64290070 -1   
12.64439845 -1   
12.64564608 -1   
12.64714623 -1   
12.64839749 -1   
12.64989363 -1   
12.65139692 -1   
12.65264220 -1   
12.65415547 -1   
12.65539153 -1   
12.65687084 -1   
12.65836759 -1   
12.65961912 -1   
12.66113750 -1   
12.66264793 -1   
12.66386624 -1   
12.66588185 -1   
12.66738065 -1   
12.66862656 -1   
12.67012587 -1   
12.67137826 -1   
12.67288073 -1   
12.67437956 -1   
12.67563228 -1   
12.67713123 -1   
12.67863096 -1   
12.67988483 -1   
12.68137895 -1   
12.68262956 -1   
12.68381857 1    
12.68416123 -1   
12.68587823 -1   
12.68710451 -1   
12.68862459 -1   
12.68987422 -1   
12.69135158 -1   
12.69285142 -1   
12.69409639 -1   
12.69561592 -1   
12.69686012 -1   
12.69834777 -1   
12.69984403 -1   
12.70109123 -1   
12.73208618 -1   
12.73359839 -1   
12.77207729 -1   
12.77332541 -1   
12.77507368 -1   
12.77632141 -1   
12.77806957 -1   
12.77932619 -1   
12.78081895 -1   
12.78204936 -1   
12.78381675 -1   
12.78504977 -1   
12.78681589 -1   
12.78804354 -1   
12.78956699 -1   
12.79079497 -1   
12.79329092 -1   
12.79504231 -1   
12.79505264 1    
12.79653727 -1   
12.79803629 -1   
12.79929074 -1   
12.80153495 -1   
12.80303824 -1   
12.80428310 -1   
12.80578494 -1   
12.80728291 -1   
12.80853132 -1   
12.81002956 -1   
12.81128226 -1   
12.81277679 -1   
12.81427891 -1   
12.81552617 -1   
12.81952636 -1   
12.82077295 -1   
12.82111237 -1   
12.84051724 -1   
12.85675896 -1   
12.85825215 -1   
12.85950273 -1   
12.86100009 -1   
12.86250357 -1   
12.86400125 -1   
12.86527334 -1   
12.86677243 -1   
12.86802431 -1   
12.86951778 -1   
12.87101805 -1   
12.87226635 -1   
12.87374735 -1   
12.87440897 1    
12.87499902 -1   
12.87649435 -1   
12.87799290 -1   
12.87924161 -1   
12.88074015 -1   
12.88223861 -1   
12.88349200 -1   
12.88500317 -1   
12.88626153 -1   
12.88775900 -1   
12.88926440 -1   
12.89050098 -1   
12.89200492 -1   
12.89325427 -1   
12.89475568 -1   
12.92524346 -1   
12.92673905 -1   
12.92823474 -1   
12.92948641 -1   
12.93123485 -1   
12.93273163 -1   
12.94822494 -1   
12.94835707 1    
12.94947553 -1   
12.95097280 -1   
12.95247334 -1   
12.95372185 -1   
12.95522233 -1   
12.95646884 -1   
12.95794849 -1   
12.95946911 -1   
12.96071840 -1   
12.96223048 -1   
12.96369639 -1   
12.96371215 1    
12.96496341 -1   
12.96646230 -1   
12.99262428 -1   
13.00019396 -1   
13.00144533 -1   
13.00842136 -1   
13.03617833 -1   
13.03767162 -1   
13.03892088 -1   
13.04042007 -1   
13.04190332 -1   
13.04314793 -1   
13.04464901 -1   
13.04589505 -1   
13.04739876 -1   
13.04889359 -1   
13.05014104 -1   
13.05164353 -1   
13.05289385 -1   
13.05441133 -1   
13.05591657 -1   
13.05715996 -1   
13.05866175 -1   
13.05991129 -1   
13.06140786 -1   
13.06290686 -1   
13.06413810 -1   
13.06423540 1    
13.06565854 -1   
13.06690704 -1   
13.06840654 -1   
13.06990320 -1   
13.07115313 -1   
13.07265277 -1   
13.07413259 -1   
13.07538122 -1   
13.07687957 -1   
13.07812667 -1   
13.07962831 -1   
13.08112520 -1   
13.08239600 -1   
13.08389698 -1   
13.08539643 -1   
13.08687409 -1   
13.08814512 -1   
13.08965607 -1   
13.10461613 -1   
13.10586123 -1   
13.10738718 -1   
13.15253125 -1   
13.15257345 1    
13.30634844 -1   
13.30638249 1    
13.40445560 -1   
13.40593955 -1   
13.40719275 -1   
13.40868923 -1   
13.41019069 -1   
13.41468585 -1   
13.41620801 -1   
13.41745346 -1   
13.41895691 -1   
13.42045184 -1   
13.42170634 -1   
13.42320183 -1   
13.42444005 -1   
13.42592719 -1   
13.42600513 1    
13.42743059 -1   
13.46059102 -1   
13.46061047 1    
13.50614087 -1   
13.61246406 -1   
13.72229233 -1   
13.75224705 -1   
13.76331523 -1   
13.77794442 1    
14.08667480 -1   
14.22597860 -1   
14.28123952 -1   
19.84592528 1    
21.19981002 1    
21.20897911 1    
21.20899119 1    
21.20926738 1    
21.35121205 1    
21.51042151 -1   
21.67983436 -1   
21.68000101 1    
21.88170901 -1   
25.56391592 1    
26.72558011 1    
28.16813212 1    
28.47443698 -1   
28.47534668 1    
28.79591161 -1   
28.79739931 -1   
28.79779264 -1   
28.80174304 1    
28.81101546 1    
28.95308564 1    
29.13105937 -1   
29.13123627 1    
29.28372325 -1   
29.42904635 -1   
29.47329235 -1   
29.47490628 1    
29.78843791 -1   
29.97907837 -1   
