0.00000000 1    
0.22823011 -1   
0.49060302 -1   
0.49110717 1    
0.64243789 1    
0.79817102 -1   
0.79847191 1    
0.98156922 -1   
0.98173580 1    
1.13421098 -1   
1.13452521 1    
1.36585244 -1   
1.55974346 -1   
1.56007678 1    
1.71134859 1    
1.86506009 -1   
1.86532131 1    
2.01774421 -1   
2.01806314 1    
2.17064688 -1   
2.17096957 1    
2.41749758 -1   
2.60814286 -1   
2.61031153 1    
2.94219965 -1   
2.94324826 1    
3.29165500 -1   
3.29314378 -1   
3.29337337 -1   
3.29902942 1    
3.54258151 -1   
3.54285386 1    
3.69421696 1    
3.82353081 -1   
3.83634673 1    
3.84533292 1    
3.99109738 -1   
4.03625458 1    
4.18196868 -1   
4.18737849 1    
4.34073659 -1   
4.34104332 1    
4.49354301 -1   
4.49592383 1    
4.69643839 -1   
4.88733308 -1   
4.88828941 1    
5.22854582 -1   
5.22978684 -1   
5.23017792 -1   
5.23686027 1    
5.38824823 1    
5.61442224 -1   
5.61466070 1    
5.76680847 -1   
5.87617451 -1   
5.87741853 -1   
5.89440712 -1   
5.89588711 -1   
5.89738476 -1   
5.92633247 1    
5.99160021 -1   
5.99284206 -1   
5.99378040 -1   
5.99534767 -1   
5.99682659 -1   
6.00779689 -1   
6.02933549 -1   
6.03082688 -1   
6.03207912 -1   
6.03355408 -1   
6.04756761 -1   
6.04883194 -1   
6.05029516 -1   
6.05156313 -1   
6.05304080 -1   
6.05456252 -1   
6.12030242 1    
6.14649518 -1   
6.14773718 -1   
6.14924090 -1   
6.15048726 -1   
6.15199668 -1   
6.15224801 -1   
6.30461094 -1   
6.30480403 1    
6.49489662 -1   
6.49493479 1    
6.55478278 -1   
6.64857328 -1   
6.64860822 1    
6.80098917 -1   
6.80115312 1    
6.95265451 -1   
6.95293737 1    
7.13003406 -1   
7.13033136 1    
7.35292226 -1   
7.54438316 -1   
7.54475067 1    
7.54504343 1    
7.64047855 1    
7.69861841 1    
7.85413092 -1   
7.85439186 1    
7.92524994 -1   
7.92673720 -1   
8.00524986 -1   
8.00528667 1    
8.01585206 1    
8.01585777 1    
8.15794267 -1   
8.15798042 1    
8.30932350 1    
8.36699729 -1   
8.36848830 -1   
8.36886583 -1   
8.38419976 1    
8.45972573 1    
8.46343805 -1   
8.46493295 -1   
8.53803068 -1   
8.55345825 1    
8.56310885 -1   
8.56462556 -1   
8.59309318 -1   
8.59458738 -1   
8.59583730 -1   
8.60680100 1    
8.62060396 -1   
8.62061899 1    
8.62209394 -1   
8.62359237 -1   
8.63416532 1    
8.66730316 -1   
8.66856407 -1   
8.68111995 1    
8.70691985 -1   
8.72078957 1    
8.77030581 1    
8.86793595 -1   
8.86945207 -1   
8.87070250 -1   
8.87217795 -1   
8.87345107 -1   
8.87495047 -1   
8.87529561 -1   
8.87843211 -1   
8.87967282 -1   
8.88792534 -1   
8.88942090 -1   
8.89066551 -1   
8.89216528 -1   
8.89341661 -1   
8.89491524 -1   
8.94841229 -1   
8.94844152 1    
8.94988892 -1   
8.95113266 -1   
8.95912861 -1   
8.96067389 -1   
8.96837346 -1   
8.96964100 -1   
8.97112288 -1   
8.97239073 -1   
8.97387012 -1   
8.97538962 -1   
8.97662077 -1   
8.97811785 -1   
8.97939060 -1   
8.98088564 -1   
8.98238716 -1   
8.98361300 -1   
8.98513335 -1   
8.98638567 -1   
8.98788852 -1   
8.98797968 1    
8.98938687 -1   
9.02159511 -1   
9.02311646 -1   
9.02436645 -1   
9.02586617 -1   
9.02735945 -1   
9.02861139 -1   
9.03010917 -1   
9.03160957 -1   
9.03285710 -1   
9.03435975 -1   
9.03585441 -1   
9.03708177 -1   
9.03858182 -1   
9.03985565 -1   
9.04135211 -1   
9.04283327 -1   
9.05359962 -1   
9.05484634 -1   
9.05604897 -1   
9.09958110 -1   
9.10081734 -1   
9.11481288 -1   
9.11482634 1    
9.11631116 -1   
9.11781028 -1   
9.12455971 -1   
9.12580033 -1   
9.12730491 -1   
9.12855285 -1   
9.13005563 -1   
9.13155402 -1   
9.13280120 -1   
9.13427712 -1   
9.13555001 -1   
9.13704734 -1   
9.13854781 -1   
9.13979414 -1   
9.14129528 -1   
9.14254404 -1   
9.14402471 -1   
9.14554295 -1   
9.14679383 -1   
9.14828959 -1   
9.14954261 -1   
9.15103351 -1   
9.15253903 -1   
9.15378722 -1   
9.15528947 -1   
9.15678655 -1   
9.15803845 -1   
9.15952844 -1   
9.16078781 -1   
9.16228419 -1   
9.16378275 -1   
9.16387437 1    
9.16501117 -1   
9.16650945 -1   
9.16778137 -1   
9.16928232 -1   
9.17078293 -1   
9.17200557 -1   
9.17352903 -1   
9.17502795 -1   
9.17625856 -1   
9.17777492 -1   
9.17902455 -1   
9.18052096 -1   
9.18202477 -1   
9.18326566 -1   
9.18478075 -1   
9.18626826 -1   
9.18752004 -1   
9.18901690 -1   
9.19052003 -1   
9.19176468 -1   
9.19326964 -1   
9.19451372 -1   
9.19608833 -1   
9.19776526 -1   
9.19924181 -1   
9.20048854 -1   
9.20201592 -1   
9.20351148 -1   
9.20476383 -1   
9.20626147 -1   
9.20750883 -1   
9.20900461 -1   
9.21051011 -1   
9.21175478 -1   
9.21325762 -1   
9.21450251 -1   
9.21600603 -1   
9.21612207 1    
9.21750215 -1   
9.21872942 -1   
9.25323743 -1   
9.25472865 -1   
9.26870698 -1   
9.26873298 1    
9.27047513 -1   
9.27171980 -1   
9.27822062 -1   
9.27969580 -1   
9.28094652 -1   
9.28246328 -1   
9.28371629 -1   
9.28521219 -1   
9.28671219 -1   
9.28795984 -1   
9.28946343 -1   
9.29070971 -1   
9.29220954 -1   
9.29368720 -1   
9.29496013 -1   
9.29645589 -1   
9.29795589 -1   
9.29921388 -1   
9.30070854 -1   
9.30187297 1    
9.30193084 -1   
9.30345730 -1   
9.30493294 -1   
9.30619959 -1   
9.30769994 -1   
9.30894866 -1   
9.31042887 -1   
9.31156702 1    
9.31192509 -1   
9.31319904 -1   
9.31469665 -1   
9.31594436 -1   
9.31744704 -1   
9.31892244 -1   
9.32019440 -1   
9.32169055 -1   
9.32319521 -1   
9.32443881 -1   
9.32594724 -1   
9.32718707 -1   
9.32868641 -1   
9.33018799 -1   
9.33143862 -1   
9.33293530 -1   
9.33419680 -1   
9.33568285 -1   
9.33717340 -1   
9.33729358 1    
9.33841079 -1   
9.33991153 -1   
9.34141166 -1   
9.34265691 -1   
9.34415961 -1   
9.34540711 -1   
9.34690983 -1   
9.34695721 1    
9.34840736 -1   
9.34965468 -1   
9.35115887 -1   
9.35242314 -1   
9.35390603 -1   
9.35539995 -1   
9.35651561 1    
9.35665096 -1   
9.35815220 -1   
9.35940153 -1   
9.36089770 -1   
9.36241738 -1   
9.36366710 -1   
9.36517041 -1   
9.36639371 -1   
9.36789507 -1   
9.36939191 -1   
9.37066653 -1   
9.37216302 -1   
9.37341189 -1   
9.37491017 -1   
9.37639067 -1   
9.37640625 1    
9.37766275 -1   
9.37915828 -1   
9.38041039 -1   
9.40714672 -1   
9.40839043 -1   
9.42163493 -1   
9.42166731 1    
9.42413415 -1   
9.42538016 -1   
9.43238231 -1   
9.43387778 -1   
9.43562881 -1   
9.43710557 -1   
9.43777454 -1   
9.46391550 1    
9.50425893 1    
9.51323028 1    
9.61206146 1    
9.89978120 -1   
9.90077071 1    
9.97057938 -1   
9.97206886 -1   
10.01055456 -1   
10.01202363 -1   
10.01354942 -1   
10.01479519 -1   
10.01629603 -1   
10.01754355 -1   
10.01904374 -1   
10.02053955 -1   
10.02304351 -1   
10.02453998 -1   
10.02577106 -1   
10.02726765 -1   
10.02851760 -1   
10.03001500 -1   
10.03151485 -1   
10.03276225 -1   
10.03426249 -1   
10.03550924 -1   
10.03701172 -1   
10.03850828 -1   
10.03975886 -1   
10.04125654 -1   
10.04275754 -1   
10.04400538 -1   
10.04552239 -1   
10.04677730 -1   
10.04827755 -1   
10.04977565 -1   
10.05102601 -1   
10.05111874 1    
10.05252521 -1   
10.05275404 -1   
10.05276568 1    
10.06750434 -1   
10.06899094 -1   
10.07026571 -1   
10.07175596 -1   
10.07301102 -1   
10.07551077 -1   
10.07699005 -1   
10.07825781 -1   
10.08650556 -1   
10.12471647 -1   
10.12621344 -1   
10.12772905 -1   
10.12897880 -1   
10.16445728 -1   
10.16571249 -1   
10.16720683 -1   
10.16846144 -1   
10.16995764 -1   
10.17145828 -1   
10.17270877 -1   
10.17420604 -1   
10.17545306 -1   
10.17693220 -1   
10.17845121 -1   
10.17970114 -1   
10.18119984 -1   
10.18245154 -1   
10.18392515 -1   
10.18544899 -1   
10.18669893 -1   
10.18820078 -1   
10.18944963 -1   
10.19095125 -1   
10.19263415 -1   
10.19369859 -1   
10.19378645 1    
10.19519354 -1   
10.19644223 -1   
10.19794786 -1   
10.19944114 -1   
10.20069349 -1   
10.20221343 -1   
10.20344133 -1   
10.20491357 -1   
10.20643641 -1   
10.20768631 -1   
10.20918778 -1   
10.21067674 -1   
10.21193286 -1   
10.21343111 -1   
10.21468146 -1   
10.21617885 -1   
10.21767856 -1   
10.21892824 -1   
10.22042881 -1   
10.22167840 -1   
10.22317779 -1   
10.22466843 -1   
10.22590521 -1   
10.22742526 -1   
10.22892078 -1   
10.23015147 -1   
10.23165323 -1   
10.23292012 -1   
10.23441751 -1   
10.23591657 -1   
10.23714689 -1   
10.23866488 -1   
10.23991427 -1   
10.24141565 -1   
10.24144768 1    
10.24289527 -1   
10.24414212 -1   
10.24566462 -1   
10.24716360 -1   
10.24841521 -1   
10.24989224 -1   
10.25114024 -1   
10.25265782 -1   
10.25415949 -1   
10.25540465 -1   
10.25690785 -1   
10.27712653 -1   
10.27839372 -1   
10.28014330 -1   
10.28139501 -1   
10.31660387 -1   
10.31812342 -1   
10.31961891 -1   
10.32112129 -1   
10.32236721 -1   
10.32247209 1    
10.32386983 -1   
10.32537026 -1   
10.32661468 -1   
10.32811340 -1   
10.32936680 -1   
10.33086248 -1   
10.33236148 -1   
10.33361215 -1   
10.33511348 -1   
10.33635932 -1   
10.33786373 -1   
10.33935840 -1   
10.34061218 -1   
10.34210898 -1   
10.34333632 -1   
10.34483509 -1   
10.34633619 -1   
10.34758178 -1   
10.34908323 -1   
10.35033034 -1   
10.35183138 -1   
10.35332854 -1   
10.35457622 -1   
10.35607537 -1   
10.35757857 -1   
10.35907411 -1   
10.36034909 -1   
10.36184643 -1   
10.36307507 -1   
10.36459259 -1   
10.36607219 -1   
10.36734207 -1   
10.36884432 -1   
10.37034414 -1   
10.37159204 -1   
10.37165976 1    
10.37309335 -1   
10.37433799 -1   
10.37583737 -1   
10.37731620 -1   
10.37856778 -1   
10.38006160 -1   
10.38131483 -1   
10.38280935 -1   
10.38433550 -1   
10.38558643 -1   
10.38708378 -1   
10.38858491 -1   
10.38983688 -1   
10.39133247 -1   
10.39256947 -1   
10.39408107 -1   
10.39558099 -1   
10.39684453 -1   
10.39707058 -1   
10.40355279 -1   
10.40358571 1    
10.40411232 1    
10.40480345 -1   
10.40632039 -1   
10.40757115 -1   
10.40906692 -1   
10.41156757 -1   
10.41306631 -1   
10.41431832 -1   
10.41581413 -1   
10.41704331 -1   
10.41855845 -1   
10.42005877 -1   
10.42131277 -1   
10.42280432 -1   
10.42431166 -1   
10.42955680 -1   
10.43105958 -1   
10.43230691 -1   
10.43380544 -1   
10.46903935 -1   
10.47053331 -1   
10.47228168 -1   
10.47378161 -1   
10.47503355 -1   
10.47653081 -1   
10.47778291 -1   
10.47927676 -1   
10.48102980 -1   
10.48252582 -1   
10.48377406 -1   
10.48527495 -1   
10.48652721 -1   
10.48802188 -1   
10.48952571 -1   
10.49077200 -1   
10.54749204 -1   
10.54760438 1    
10.54899238 -1   
10.55023936 -1   
10.55173895 -1   
10.55298545 -1   
10.55448815 -1   
10.55626176 -1   
10.55627568 1    
10.55923589 -1   
10.56046179 -1   
10.56196309 -1   
10.56320854 -1   
10.56471051 -1   
10.56620929 -1   
10.56745819 -1   
10.56895313 -1   
10.57145169 -1   
10.57295075 -1   
10.57422659 -1   
10.60444271 -1   
10.64818971 -1   
10.64943411 -1   
10.68342045 -1   
10.68491465 -1   
10.68613706 -1   
10.68765961 -1   
10.68891157 -1   
10.69040846 -1   
10.69191004 -1   
10.69315886 -1   
10.69465529 -1   
10.69615487 -1   
10.69740415 -1   
10.69888107 -1   
10.70013204 -1   
10.70163038 -1   
10.70312942 -1   
10.70439928 -1   
10.70590165 -1   
10.70712568 -1   
10.70724373 1    
10.70864986 -1   
10.71012538 -1   
10.71139823 -1   
10.71289407 -1   
10.71439723 -1   
10.71564368 -1   
10.71714186 -1   
10.71839034 -1   
10.71988998 -1   
10.72136783 -1   
10.72263481 -1   
10.72411570 -1   
10.72538562 -1   
10.72686557 -1   
10.72838598 -1   
10.72877142 -1   
10.72879848 1    
10.73511496 -1   
10.73635932 -1   
10.73786023 -1   
10.74487742 -1   
10.74613032 -1   
10.74762000 -1   
10.74887320 -1   
10.75037489 -1   
10.75187548 -1   
10.75537219 -1   
10.75687315 -1   
10.76361588 -1   
10.76511728 -1   
10.76636374 -1   
10.76785608 -1   
10.76936261 -1   
10.77061345 -1   
10.77508872 -1   
10.79135417 -1   
10.79144613 1    
10.79283102 -1   
10.79432861 -1   
10.79557566 -1   
10.79707536 -1   
10.79857601 -1   
10.80007344 -1   
10.80132573 -1   
10.80281949 -1   
10.80434514 -1   
10.80559196 -1   
10.80709103 -1   
10.80834088 -1   
10.80982128 -1   
10.81133283 -1   
10.81259078 -1   
10.81408701 -1   
10.81533779 -1   
10.81683487 -1   
10.81831246 -1   
10.81958206 -1   
10.82108503 -1   
10.82258315 -1   
10.82381148 -1   
10.82533109 -1   
10.82658409 -1   
10.82805672 -1   
10.82957812 -1   
10.83082710 -1   
10.83232844 -1   
10.83732538 -1   
10.83882412 -1   
10.84007178 -1   
10.84157396 -1   
10.84281984 -1   
10.84429828 -1   
10.84579734 -1   
10.84587178 1    
10.84707107 -1   
10.87884218 -1   
10.87888075 1    
10.98808488 1    
10.98809355 1    
10.98824929 1    
10.98837756 1    
11.00048240 -1   
11.03192346 -1   
11.03196159 1    
11.36235670 -1   
11.37551884 -1   
11.37701555 -1   
11.37826522 -1   
11.37976696 -1   
11.38126362 -1   
11.38251486 -1   
11.38401073 -1   
11.38526461 -1   
11.38675893 -1   
11.38826047 -1   
11.38950877 -1   
11.39098942 -1   
11.39250537 -1   
11.39374027 -1   
11.39523242 -1   
11.39648651 -1   
11.39798000 -1   
11.39948067 -1   
11.39955907 1    
11.40073204 -1   
11.40222807 -1   
11.40348166 -1   
11.40499794 -1   
11.40650027 -1   
11.40774613 -1   
11.40927969 -1   
11.41074491 -1   
11.41224646 -1   
11.41349420 -1   
11.41499553 -1   
11.41649234 -1   
11.41774521 -1   
11.41923979 -1   
11.42048886 -1   
11.42198888 -1   
11.42349065 -1   
11.42473615 -1   
11.42622073 -1   
11.42771653 -1   
11.42896545 -1   
11.43046237 -1   
11.43170977 -1   
11.43321072 -1   
11.43471450 -1   
11.43596191 -1   
11.43746431 -1   
11.43871062 -1   
11.44021179 -1   
11.44170514 -1   
11.44297636 -1   
11.52785823 -1   
11.55094788 1    
11.56013891 -1   
11.56163768 -1   
11.56963675 -1   
11.57113101 -1   
11.57238249 -1   
11.57387927 -1   
11.57538019 -1   
11.57662903 -1   
11.57812802 -1   
11.57937635 -1   
11.58087878 -1   
11.58237442 -1   
11.58362677 -1   
11.58513918 -1   
11.58639650 -1   
11.58789416 -1   
11.58939384 -1   
11.59064282 -1   
11.59212224 -1   
11.59337011 -1   
11.59486986 -1   
11.59636546 -1   
11.59761998 -1   
11.59771826 1    
11.59911480 -1   
11.60036563 -1   
11.60188942 -1   
11.60338395 -1   
11.60463628 -1   
11.60613679 -1   
11.60738082 -1   
11.60888436 -1   
11.61036117 -1   
11.61160806 -1   
11.61310832 -1   
11.61435717 -1   
11.61585902 -1   
11.61735890 -1   
11.61862935 -1   
11.62010405 -1   
11.62162540 -1   
11.62287367 -1   
11.62437473 -1   
11.62562186 -1   
11.62712344 -1   
11.62861933 -1   
11.62987950 -1   
11.63138007 -1   
11.63261929 -1   
11.63409658 -1   
11.63562062 -1   
11.63684375 -1   
11.63836749 -1   
11.63986327 -1   
11.64109316 -1   
11.64261162 -1   
11.64386800 -1   
11.64396291 1    
11.64534370 -1   
11.64683697 -1   
11.64808866 -1   
11.64958647 -1   
11.65083882 -1   
11.65235630 -1   
11.65385569 -1   
11.65508388 -1   
11.65658600 -1   
11.65808324 -1   
11.65933406 -1   
11.66083044 -1   
11.66208123 -1   
11.66358047 -1   
11.66507739 -1   
11.66632655 -1   
11.66782941 -1   
11.66907545 -1   
11.67059964 -1   
11.67207401 -1   
11.67334284 -1   
11.67482299 -1   
11.67634272 -1   
11.67762604 -1   
11.67907184 -1   
11.68031719 -1   
11.68143634 1    
11.68182143 -1   
11.71507960 -1   
11.71510935 1    
11.71632053 -1   
11.72429480 -1   
11.72579583 -1   
11.72704174 -1   
11.72856561 -1   
11.72979120 -1   
11.73131380 -1   
11.73281153 -1   
11.73404054 -1   
11.73556073 -1   
11.73706245 -1   
11.73830786 -1   
11.73980966 -1   
11.74105654 -1   
11.74255693 -1   
11.74403581 -1   
11.74528510 -1   
11.74678059 -1   
11.74803228 -1   
11.74952923 -1   
11.75103115 -1   
11.75352696 -1   
11.75502840 -1   
11.75652408 -1   
11.75777393 -1   
11.75927234 -1   
11.76077422 -1   
11.76202205 -1   
11.76352359 -1   
11.76476949 -1   
11.76627332 -1   
11.76776761 -1   
11.76901746 -1   
11.77053581 -1   
11.77168150 1    
11.77176962 -1   
11.77329076 -1   
11.77479032 -1   
11.77603836 -1   
11.77751453 -1   
11.77901141 -1   
11.78026367 -1   
11.78176042 -1   
11.78301829 -1   
11.78453217 -1   
11.78603745 -1   
11.78728179 -1   
11.78878175 -1   
11.78974845 -1   
11.79277803 -1   
11.79427505 -1   
11.79552984 -1   
11.79703002 -1   
11.79852823 -1   
11.79977431 -1   
11.80125262 -1   
11.80252423 -1   
11.80950029 -1   
11.81099441 -1   
11.81259357 -1   
11.84749378 -1   
11.89944957 -1   
11.89949344 1    
11.90094662 -1   
11.90246356 -1   
11.90396524 -1   
11.90546220 -1   
11.90671328 -1   
11.90820991 -1   
11.90943933 -1   
11.91093945 -1   
11.91244165 -1   
11.91368717 -1   
11.91518905 -1   
11.91643658 -1   
11.91793607 -1   
11.92042966 -1   
11.92193143 -1   
11.92342841 -1   
11.94100715 -1   
11.94766605 -1   
11.99614695 -1   
11.99628265 1    
11.99741366 -1   
12.00340636 -1   
12.00490513 -1   
12.00640677 -1   
12.00765605 -1   
12.00915138 -1   
12.01065459 -1   
12.01190241 -1   
12.01338165 -1   
12.01465059 -1   
12.01615075 -1   
12.01765152 -1   
12.01890576 -1   
12.02039711 -1   
12.02414994 -1   
12.04488759 -1   
12.04611336 -1   
12.09635775 -1   
12.09638583 1    
12.09783433 -1   
12.09910516 -1   
12.09911999 -1   
12.13458902 -1   
12.13583288 -1   
12.14457528 -1   
12.14605403 -1   
12.14732243 -1   
12.14881833 -1   
12.15030231 -1   
12.15155327 -1   
12.15304902 -1   
12.15311940 1    
12.15429913 -1   
12.15579899 -1   
12.15730182 -1   
12.15854765 -1   
12.16004879 -1   
12.16129663 -1   
12.16279621 -1   
12.16429390 -1   
12.16554529 -1   
12.16704185 -1   
12.16854325 -1   
12.16979039 -1   
12.17129174 -1   
12.17254211 -1   
12.17404027 -1   
12.17553477 -1   
12.17678402 -1   
12.17828562 -1   
12.17953527 -1   
12.18103232 -1   
12.18253457 -1   
12.18378164 -1   
12.18528445 -1   
12.18652969 -1   
12.18802930 -1   
12.18952926 -1   
12.19078205 -1   
12.19227648 -1   
12.19236944 1    
12.19353070 -1   
12.19502464 -1   
12.19652387 -1   
12.19777313 -1   
12.19927676 -1   
12.20052258 -1   
12.20202345 -1   
12.20351788 -1   
12.20477032 -1   
12.20626603 -1   
12.20751554 -1   
12.20901473 -1   
12.21052165 -1   
12.21176461 -1   
12.21326834 -1   
12.21476401 -1   
12.21601514 -1   
12.21761929 -1   
12.21875898 -1   
12.22026057 -1   
12.22176150 -1   
12.22300744 -1   
12.22450977 -1   
12.22575688 -1   
12.22725932 -1   
12.22875689 -1   
12.23000450 -1   
12.23152405 -1   
12.23277709 -1   
12.23426679 -1   
12.23577456 -1   
12.23702131 -1   
12.23712335 1    
12.23852170 -1   
12.23999887 -1   
12.24127297 -1   
12.24274777 -1   
12.24399965 -1   
12.24551993 -1   
12.24699698 -1   
12.24826798 -1   
12.24976626 -1   
12.25099208 -1   
12.25251151 -1   
12.25252580 1    
12.25401014 -1   
12.25526103 -1   
12.28750313 -1   
12.28897110 -1   
12.29748593 -1   
12.29898690 -1   
12.30098771 -1   
12.30223485 -1   
12.30373638 -1   
12.30498698 -1   
12.30500106 -1   
12.30507882 1    
12.40347300 1    
12.55966731 -1   
12.55983735 1    
12.71210587 -1   
12.77347572 -1   
12.90459927 -1   
12.92453881 1    
13.27727802 -1   
13.37612199 -1   
13.50892839 -1   
20.24554513 -1   
20.33642970 1    
20.34558375 1    
20.34587223 1    
20.48758167 1    
20.67079310 -1   
20.99786207 -1   
22.50975469 -1   
22.50993733 1    
30.48618445 -1   
