0.00000000 1    
0.18615956 -1   
0.18633532 1    
0.33732358 -1   
0.33782681 1    
0.37849522 1    
0.49331906 -1   
0.63455364 -1   
0.63485043 1    
0.65029141 -1   
0.67054802 -1   
0.68279588 -1   
0.68547494 -1   
0.94074902 -1   
0.94107434 1    
1.19891117 1    
1.23705875 -1   
1.42853824 -1   
1.42900623 1    
1.62228196 1    
1.73002229 -1   
1.85442198 1    
1.92041638 -1   
2.17046768 1    
2.29047736 -1   
2.36635624 1    
2.51856970 -1   
2.74944124 -1   
2.75042168 1    
3.04694377 -1   
3.04816636 -1   
3.04856824 -1   
3.05421328 1    
3.20589880 1    
3.29463075 -1   
3.40228853 1    
3.48529017 -1   
3.63440315 1    
3.67748909 -1   
3.69018473 1    
3.84431465 -1   
3.84435134 1    
3.99599771 -1   
3.99603355 1    
4.14839072 -1   
4.14842773 1    
4.30080358 -1   
4.30285939 1    
4.60887230 -1   
4.60986719 1    
4.90213703 -1   
4.90337694 -1   
4.90375070 -1   
4.90780465 1    
5.06122913 -1   
5.06126552 1    
5.19977254 1    
5.22054454 -1   
5.22056986 1    
5.37266640 1    
5.37903989 -1   
5.51076463 -1   
5.51202749 -1   
5.52152623 -1   
5.52300158 -1   
5.52424984 -1   
5.52576936 -1   
5.52726800 -1   
5.53051967 -1   
5.53053439 1    
5.58012441 -1   
5.60472900 -1   
5.60597565 -1   
5.66519135 -1   
5.66641726 -1   
5.66791725 -1   
5.66941349 -1   
5.67618328 -1   
5.67741012 -1   
5.67893330 -1   
5.67903647 1    
5.68041045 -1   
5.68167888 -1   
5.68318345 -1   
5.68440594 -1   
5.68592580 -1   
5.68742580 -1   
5.68743952 1    
5.68867801 -1   
5.69017323 -1   
5.75652788 -1   
5.83761751 1    
5.94735820 -1   
6.03827939 1    
6.09988381 -1   
6.10959411 1    
6.23042286 1    
6.25320483 -1   
6.29205934 -1   
6.38978128 -1   
6.44388743 -1   
6.44418347 1    
6.61899624 -1   
6.61903249 1    
6.89026834 1    
6.94805966 -1   
6.94841372 1    
7.08215648 1    
7.10271961 -1   
7.23259642 1    
7.39338632 -1   
7.39369244 1    
7.50864317 -1   
7.54731459 -1   
7.54735051 1    
7.55797717 1    
7.55798434 1    
7.70060772 -1   
7.70064604 1    
7.85271702 1    
7.89989621 -1   
7.90115856 -1   
7.90154229 -1   
7.91503980 1    
8.00389762 1    
8.01084967 -1   
8.01234472 -1   
8.06969725 -1   
8.08309061 1    
8.12126106 -1   
8.12278513 -1   
8.14002264 -1   
8.14125032 -1   
8.14275139 -1   
8.15348173 1    
8.15454111 1    
8.23145623 -1   
8.23269802 -1   
8.23419929 -1   
8.23544643 -1   
8.23555657 1    
8.23696868 -1   
8.23729320 -1   
8.27506126 1    
8.28412399 1    
8.30670644 1    
8.38975004 -1   
8.40187951 -1   
8.40312567 -1   
8.40462079 -1   
8.40587304 -1   
8.40734799 -1   
8.49505709 -1   
8.49509873 1    
8.49654990 -1   
8.49780919 -1   
8.50504720 -1   
8.50654064 -1   
8.50781438 -1   
8.50929018 -1   
8.51080488 -1   
8.51580768 -1   
8.51705820 -1   
8.55448126 -1   
8.59949309 -1   
8.60100909 -1   
8.61125754 -1   
8.61275083 -1   
8.61400243 -1   
8.61547915 -1   
8.61700281 -1   
8.61824669 -1   
8.65748211 -1   
8.65751076 1    
8.70318396 -1   
8.70442534 -1   
8.70592477 -1   
8.70617591 -1   
8.71417517 -1   
8.71567111 -1   
8.72391946 -1   
8.72541459 -1   
8.72668888 -1   
8.79814936 -1   
8.80739126 -1   
8.80886777 -1   
8.81011543 -1   
8.81161768 -1   
8.81311247 -1   
8.82863056 -1   
8.82864483 1    
8.83013007 -1   
8.83160566 -1   
8.85851452 -1   
8.90584005 -1   
8.90708581 -1   
8.92207757 -1   
8.92330214 -1   
8.92482509 -1   
8.92641269 -1   
8.92757081 -1   
8.92906911 -1   
9.02474817 -1   
9.02488503 1    
9.02624415 -1   
9.02749154 -1   
9.02899284 -1   
9.03049006 -1   
9.03174262 -1   
9.03323736 -1   
9.05375232 -1   
9.05499857 -1   
9.05650039 -1   
9.05774974 -1   
9.05925301 -1   
9.05927703 -1   
9.11422146 -1   
9.11571585 -1   
9.12396268 -1   
9.12543703 -1   
9.12670766 -1   
9.13595248 -1   
9.13745272 -1   
9.15419250 -1   
9.15544384 -1   
9.15693996 -1   
9.20940652 -1   
9.20943882 1    
9.22638283 -1   
9.22762677 -1   
9.22912557 -1   
9.23062812 -1   
9.23187941 -1   
9.23337400 -1   
9.23464185 -1   
9.24664133 -1   
9.24813686 -1   
9.24963703 -1   
9.30209218 -1   
9.31235517 -1   
9.31385298 -1   
9.31509531 -1   
9.32234707 -1   
9.32359226 -1   
9.33382353 -1   
9.33531574 -1   
9.33656592 -1   
9.34333292 -1   
9.34483607 -1   
9.36380380 -1   
9.36502055 -1   
9.36503709 1    
9.41902695 -1   
9.42053979 -1   
9.42179051 -1   
9.42328977 -1   
9.42478594 -1   
9.45826847 -1   
9.45949663 -1   
9.47051138 -1   
9.47176381 -1   
9.47325920 -1   
9.51833442 -1   
9.51836980 1    
9.52073153 -1   
9.53022600 -1   
9.53145694 -1   
9.54197318 -1   
9.54321646 -1   
9.54471804 -1   
9.56645898 -1   
9.56795487 -1   
9.56920536 -1   
9.57070411 -1   
9.61668454 -1   
9.61792724 -1   
9.62767439 -1   
9.63691719 -1   
9.63815762 -1   
9.63966350 -1   
9.64091744 -1   
9.64239056 -1   
9.64739134 -1   
9.64863676 -1   
9.65013822 -1   
9.67099279 -1   
9.67100406 1    
9.67562258 -1   
9.67687133 -1   
9.72362547 -1   
9.72486411 -1   
9.72636294 -1   
9.73336067 -1   
9.73461203 -1   
9.76259734 -1   
9.76382531 -1   
9.76534147 -1   
9.77359015 -1   
9.77483673 -1   
9.77633482 -1   
9.77758321 -1   
9.77908640 -1   
9.78058355 -1   
9.81429774 -1   
9.81578986 -1   
9.82410418 -1   
9.82411269 1    
9.83578251 -1   
9.83727952 -1   
9.83853031 -1   
9.84002445 -1   
9.84156140 -1   
9.84402326 -1   
9.84556133 -1   
9.88450983 -1   
9.88602179 -1   
9.88727286 -1   
9.90499556 -1   
9.92623060 -1   
9.93374609 -1   
9.93524462 -1   
9.94624117 -1   
9.94771667 -1   
9.94899082 -1   
9.95048465 -1   
9.95198602 -1   
9.95321207 -1   
9.95623449 -1   
9.95634960 1    
9.95746219 -1   
9.97942130 -1   
9.97945007 1    
9.98544808 -1   
10.00845819 -1   
10.00995407 -1   
10.02617290 -1   
10.02767195 -1   
10.04718323 -1   
10.04868167 -1   
10.04992814 -1   
10.05142854 -1   
10.05292567 -1   
10.06867245 -1   
10.07016628 -1   
10.07166941 -1   
10.09090696 -1   
10.09238488 -1   
10.12289174 -1   
10.12413835 -1   
10.12563374 -1   
10.13213444 -1   
10.13304392 -1   
10.13305473 1    
10.14154848 1    
10.14260523 -1   
10.14385415 -1   
10.14537811 -1   
10.14662610 -1   
10.14812417 -1   
10.14959988 -1   
10.15087466 -1   
10.15236966 -1   
10.15362136 -1   
10.16736217 -1   
10.16861353 -1   
10.18551720 1    
10.20434216 -1   
10.20444486 1    
10.20584258 -1   
10.21431824 -1   
10.21582991 -1   
10.21733254 -1   
10.24782046 -1   
10.24929105 -1   
10.25953674 -1   
10.26080689 -1   
10.26231076 -1   
10.27030321 -1   
10.27180284 -1   
10.27904818 -1   
10.28027676 -1   
10.28177942 -1   
10.28457784 -1   
10.28459186 1    
10.29418583 1    
10.31728566 -1   
10.31850295 -1   
10.32601756 -1   
10.33553754 1    
10.43725297 -1   
10.43728655 1    
10.44721977 1    
10.50262553 1    
10.51184122 1    
10.60014440 1    
10.86006918 -1   
10.86100575 1    
10.93892749 -1   
10.94016905 -1   
10.94814909 -1   
10.94939294 -1   
10.95091591 -1   
10.95241107 -1   
10.95366584 -1   
10.95516267 -1   
10.96840682 -1   
10.96990141 -1   
10.97140448 -1   
11.01511149 -1   
11.01635620 -1   
11.02059051 -1   
11.02060152 1    
11.04809707 -1   
11.04933576 -1   
11.05083891 -1   
11.05233541 -1   
11.05358625 -1   
11.06560242 -1   
11.06710026 -1   
11.08634162 -1   
11.08731273 -1   
11.08883260 -1   
11.09033475 -1   
11.09158347 -1   
11.09808174 -1   
11.14578511 -1   
11.14730170 -1   
11.14852733 -1   
11.15352502 -1   
11.15505215 -1   
11.15654776 -1   
11.15780134 -1   
11.15930486 -1   
11.16229396 -1   
11.16352070 -1   
11.17426767 -1   
11.17428114 1    
11.20452480 -1   
11.20601740 -1   
11.21651579 -1   
11.21775930 -1   
11.21925671 -1   
11.22250717 -1   
11.22375973 -1   
11.24222742 -1   
11.25024502 -1   
11.25146968 -1   
11.25299256 -1   
11.25896531 -1   
11.26021421 -1   
11.26696130 -1   
11.26823261 -1   
11.26972899 -1   
11.27747612 -1   
11.27897596 -1   
11.28047720 -1   
11.28697127 -1   
11.32911678 -1   
11.32914612 1    
11.33070008 -1   
11.33194701 -1   
11.33342387 -1   
11.33494463 -1   
11.33619240 -1   
11.35768529 -1   
11.35915777 -1   
11.36065493 -1   
11.36590803 -1   
11.36717790 -1   
11.36867517 -1   
11.37017213 -1   
11.37542055 -1   
11.37666777 -1   
11.37816987 -1   
11.37966861 -1   
11.38516552 -1   
11.39288897 -1   
11.43312338 -1   
11.43438556 -1   
11.44188471 -1   
11.44313233 -1   
11.44463248 -1   
11.47409491 -1   
11.47561353 -1   
11.47686187 -1   
11.47836276 -1   
11.47986188 -1   
11.48111177 -1   
11.48260864 -1   
11.48385902 -1   
11.48534572 -1   
11.48658348 -1   
11.48659747 1    
11.48810748 -1   
11.48960522 -1   
11.49508473 -1   
11.49657871 -1   
11.53208262 -1   
11.53332929 -1   
11.53483260 -1   
11.53632694 -1   
11.53757949 -1   
11.53907937 -1   
11.55055461 -1   
11.55204574 -1   
11.57030886 -1   
11.57180951 -1   
11.57305832 -1   
11.58778080 -1   
11.58905111 -1   
11.59054738 -1   
11.59954017 -1   
11.60104195 -1   
11.60229207 -1   
11.60378993 -1   
11.60504058 -1   
11.63052850 -1   
11.63177169 -1   
11.64149797 -1   
11.64160297 1    
11.64300063 -1   
11.64451311 -1   
11.64476464 -1   
11.64477813 1    
11.66200992 -1   
11.66350625 -1   
11.66475857 -1   
11.66625241 -1   
11.66775421 -1   
11.67300059 -1   
11.67425008 -1   
11.67572829 -1   
11.67722721 -1   
11.68446965 -1   
11.68597312 -1   
11.68721846 -1   
11.69349114 -1   
11.74146712 -1   
11.74293815 -1   
11.74418561 -1   
11.74568475 -1   
11.74576764 1    
11.74718832 -1   
11.74843451 -1   
11.74993616 -1   
11.75143402 -1   
11.76869636 -1   
11.76994305 -1   
11.77144587 -1   
11.77294077 -1   
11.77419403 -1   
11.77566921 -1   
11.77792014 -1   
11.77916630 -1   
11.78693959 -1   
11.78843599 -1   
11.78993869 -1   
11.79697731 -1   
11.79699268 1    
11.79917808 -1   
11.81917257 -1   
11.82066729 -1   
11.83116239 -1   
11.83241071 -1   
11.83390723 -1   
11.84213343 -1   
11.84338080 -1   
11.85387759 -1   
11.86364467 -1   
11.86489116 -1   
11.86638877 -1   
11.89835170 -1   
11.90809396 -1   
11.90959572 -1   
11.91086337 -1   
11.93435535 -1   
11.95009384 -1   
11.95159027 -1   
11.95284134 -1   
11.95285561 -1   
11.95287921 1    
11.99007496 -1   
11.99854500 -1   
11.99979382 -1   
12.00128954 -1   
12.00279324 -1   
12.00405874 -1   
12.00581053 -1   
12.00705392 -1   
12.00855954 -1   
12.01005676 -1   
12.01155918 -1   
12.01162699 1    
12.01380719 -1   
12.01530384 -1   
12.01657944 -1   
12.01805430 -1   
12.01955193 -1   
12.02080109 -1   
12.02230304 -1   
12.02356209 -1   
12.04729006 -1   
12.04878418 -1   
12.05003484 -1   
12.05153261 -1   
12.09699430 -1   
12.09848386 -1   
12.09973213 -1   
12.10123163 -1   
12.10131228 1    
12.10273564 -1   
12.10398166 -1   
12.10548155 -1   
12.10675239 -1   
12.10824998 -1   
12.10974876 -1   
12.11100265 -1   
12.11253538 -1   
12.11422944 -1   
12.11574603 -1   
12.11724470 -1   
12.11747449 -1   
12.11748666 1    
12.12547570 -1   
12.12696952 -1   
12.15248215 -1   
12.15372379 -1   
12.18770822 -1   
12.18920595 -1   
12.19043348 -1   
12.19493128 -1   
12.19617979 -1   
12.19767548 -1   
12.20644584 -1   
12.20769186 -1   
12.20919059 -1   
12.21044471 -1   
12.21194370 -1   
12.21343954 -1   
12.21468933 -1   
12.21618802 -1   
12.21743929 -1   
12.21893573 -1   
12.22043771 -1   
12.22168420 -1   
12.24240433 -1   
12.24392191 -1   
12.25367254 -1   
12.25491614 -1   
12.25641449 -1   
12.26216110 -1   
12.26341322 -1   
12.27074789 -1   
12.27076168 1    
12.29787408 -1   
12.29939103 -1   
12.30064170 -1   
12.30213764 -1   
12.30363859 -1   
12.30488690 -1   
12.30638999 -1   
12.30763471 -1   
12.30911716 -1   
12.31061595 -1   
12.31186454 -1   
12.31610866 -1   
12.31761053 -1   
12.31885746 -1   
12.32035904 -1   
12.32185659 -1   
12.34434442 -1   
12.34559322 -1   
12.34710890 -1   
12.39434216 -1   
12.39559047 -1   
12.39708970 -1   
12.39856280 -1   
12.39983290 -1   
12.40283159 -1   
12.40408242 -1   
12.40558031 -1   
12.40708202 -1   
12.40832864 -1   
12.40980769 -1   
12.41105446 -1   
12.41221521 1    
12.41255332 -1   
12.41407724 -1   
12.41534957 -1   
12.41782814 -1   
12.41932273 -1   
12.42057117 -1   
12.42361848 -1   
12.42363209 1    
12.44979181 -1   
12.45105580 -1   
12.45255332 -1   
12.45405196 -1   
12.45555513 -1   
12.45680129 -1   
12.45830227 -1   
12.48626837 -1   
12.48776168 -1   
12.48903715 -1   
12.49802967 -1   
12.49925692 -1   
12.50078127 -1   
12.50202724 -1   
12.50350289 -1   
12.50502529 -1   
12.50627084 -1   
12.50777462 -1   
12.50900302 -1   
12.51475359 -1   
12.51625039 -1   
12.51749410 -1   
12.52326397 -1   
12.52449007 -1   
12.52599198 -1   
12.55772910 -1   
12.55922489 -1   
12.56047125 -1   
12.56197148 -1   
12.56208350 1    
12.56347140 -1   
12.56996708 -1   
12.57667034 -1   
12.57668900 1    
12.59795734 -1   
12.59945153 -1   
12.60070166 -1   
12.60219715 -1   
12.60369914 -1   
12.60919539 -1   
12.61069614 -1   
12.61194171 -1   
12.61345931 -1   
12.62320625 1    
12.62321306 1    
12.62322457 1    
12.62349357 1    
12.72906290 -1   
12.72910318 1    
12.92658119 1    
12.99309954 -1   
13.02098153 -1   
13.02248015 -1   
13.02372524 -1   
13.02520310 -1   
13.02675109 -1   
13.03197539 -1   
13.03322012 -1   
13.03472249 -1   
13.10393120 -1   
13.10540781 -1   
13.10693317 -1   
13.11865775 -1   
13.12017023 -1   
13.12991600 -1   
13.13139750 -1   
13.13266411 -1   
13.13414437 -1   
13.13566489 -1   
13.13691473 -1   
13.13840977 -1   
13.13852158 1    
13.13966137 -1   
13.14113790 -1   
13.14813633 -1   
13.14965528 -1   
13.15090595 -1   
13.15240327 -1   
13.15390527 -1   
13.15515205 -1   
13.17195921 -1   
13.21537404 -1   
13.21684408 -1   
13.23085763 -1   
13.23235582 -1   
13.23360626 -1   
13.23510586 -1   
13.23660597 -1   
13.23785339 -1   
13.23935558 -1   
13.24060247 -1   
13.24208229 -1   
13.24360288 -1   
13.24484970 -1   
13.24634741 -1   
13.24785301 -1   
13.24907643 -1   
13.25060376 -1   
13.25184976 -1   
13.25334732 -1   
13.25484840 -1   
13.31031982 -1   
13.31034011 1    
13.31181718 -1   
13.31306220 -1   
13.32281059 -1   
13.32430618 -1   
13.32553614 -1   
13.33155563 -1   
13.33277870 -1   
13.33427497 -1   
13.33580156 -1   
13.33729778 -1   
13.33853259 -1   
13.34004461 -1   
13.34152572 -1   
13.34279446 -1   
13.34429311 -1   
13.34552034 -1   
13.34704539 -1   
13.34854001 -1   
13.34979255 -1   
13.35129090 -1   
13.35251857 -1   
13.35403113 -1   
13.35553585 -1   
13.35562265 1    
13.35678864 -1   
13.35828409 -1   
13.36183150 -1   
13.41023642 -1   
13.41148296 -1   
13.43047618 -1   
13.43197192 -1   
13.44973321 -1   
13.45123590 -1   
13.45246236 -1   
13.45397910 -1   
13.45545936 -1   
13.45673207 -1   
13.45820864 -1   
13.45945697 -1   
13.46095255 -1   
13.46245216 -1   
13.46370369 -1   
13.46520222 -1   
13.46645305 -1   
13.46797296 -1   
13.48071592 -1   
13.48196556 -1   
13.48346947 -1   
13.49318722 -1   
13.49320566 1    
13.49468989 -1   
13.49593386 -1   
13.49743453 -1   
13.49893129 -1   
13.51942248 -1   
13.52094061 -1   
13.52244489 -1   
13.52366751 -1   
13.54043609 -1   
13.55092654 -1   
13.55217515 -1   
13.55367209 -1   
13.55517250 -1   
13.55642013 -1   
13.55792158 -1   
13.55939966 -1   
13.56067159 -1   
13.56216798 -1   
13.56366944 -1   
13.56489552 -1   
13.56639569 -1   
13.56766323 -1   
13.56916717 -1   
13.57066471 -1   
13.57191421 -1   
13.57313607 -1   
13.57466449 -1   
13.57615881 -1   
13.58365890 -1   
13.58513392 -1   
13.58663708 -1   
13.61637057 -1   
13.61788824 -1   
13.63885998 -1   
13.63904392 1    
13.64010325 -1   
13.64610317 -1   
13.64760024 -1   
13.65734408 -1   
13.65736458 1    
13.65859662 -1   
13.66009000 -1   
13.66161079 -1   
13.66286540 -1   
13.66436222 -1   
13.66560874 -1   
13.66710676 -1   
13.66860819 -1   
13.66985881 -1   
13.67135525 -1   
13.67260452 -1   
13.67410394 -1   
13.67561729 -1   
13.67733003 -1   
13.67858358 -1   
13.68007858 -1   
13.68158007 -1   
13.68282956 -1   
13.68432518 -1   
13.68557372 -1   
13.68707656 -1   
13.72414724 -1   
13.72707704 -1   
13.72832104 -1   
13.74706383 -1   
13.75405916 -1   
13.75531398 -1   
13.75680918 -1   
13.75831219 -1   
13.75959238 -1   
13.76106040 -1   
13.76257568 -1   
13.76380620 -1   
13.76530204 -1   
13.76656346 -1   
13.76775146 1    
13.76802911 -1   
13.76955297 -1   
13.77080279 -1   
13.77230205 -1   
13.77357666 -1   
13.77504777 -1   
13.77654797 -1   
13.77779590 -1   
13.77929765 -1   
13.78079184 -1   
13.78203860 -1   
13.78352440 -1   
13.78504226 -1   
13.80804928 1    
13.82327466 -1   
13.82474700 -1   
13.82601935 -1   
13.82753287 -1   
13.84150993 -1   
13.85050475 -1   
13.85200762 -1   
13.85350208 -1   
13.85475302 -1   
13.85624902 -1   
13.85747924 -1   
13.85900377 -1   
13.86049680 -1   
13.86174683 -1   
13.86324992 -1   
13.86447258 -1   
13.86599673 -1   
13.86749354 -1   
13.86874678 -1   
13.87024109 -1   
13.87146910 -1   
13.87299004 -1   
13.87499048 -1   
13.87647227 -1   
13.87773962 -1   
13.87923584 -1   
13.88073244 -1   
13.88198486 -1   
13.88348354 -1   
13.88473416 -1   
13.88474960 -1   
13.94345528 -1   
13.94469928 -1   
13.95044732 -1   
13.95056367 1    
13.95169762 -1   
13.95319343 -1   
13.95444760 -1   
13.95594298 -1   
13.95744412 -1   
13.95867117 -1   
13.96019155 -1   
13.96168060 -1   
13.96294190 -1   
13.96441494 -1   
13.96568972 -1   
13.96718680 -1   
13.96868863 -1   
13.96993556 -1   
13.97143484 -1   
13.97266206 -1   
13.97418529 -1   
13.97568081 -1   
13.97693205 -1   
13.97694586 1    
13.97841151 -1   
13.97992805 -1   
13.98117713 -1   
13.98267784 -1   
13.98394704 -1   
14.03363489 -1   
14.03489725 -1   
14.04614113 -1   
14.04736930 -1   
14.04889073 -1   
14.05039146 -1   
14.05164015 -1   
14.05313665 -1   
14.05463903 -1   
14.05588419 -1   
14.05736310 -1   
14.05861328 -1   
14.06011561 -1   
14.06161005 -1   
14.06286274 -1   
14.06435810 -1   
14.06561040 -1   
14.06710778 -1   
14.06860417 -1   
14.06985411 -1   
14.07135859 -1   
14.07260161 -1   
14.07410361 -1   
14.07562517 -1   
14.07685782 -1   
14.07837162 -1   
14.07962165 -1   
14.08112398 -1   
14.08206509 -1   
14.08216009 1    
14.08662223 -1   
14.08811577 -1   
14.13007962 -1   
14.14733489 -1   
14.14736842 1    
14.14883519 -1   
14.15832725 -1   
14.15980753 -1   
14.16130362 -1   
14.16255692 -1   
14.16405303 -1   
14.16530060 -1   
14.16680268 -1   
14.16830045 -1   
14.16956523 -1   
14.17107297 -1   
14.17229686 -1   
14.17382028 -1   
14.17529618 -1   
14.17656625 -1   
14.17806632 -1   
14.17956678 -1   
14.18081411 -1   
14.18231497 -1   
14.18356448 -1   
14.18506373 -1   
14.18656151 -1   
14.18780870 -1   
14.18930923 -1   
14.19056812 -1   
14.19203727 -1   
14.19356476 -1   
14.21738920 1    
14.23454605 -1   
14.23578157 -1   
14.23641004 -1   
14.26052353 -1   
14.26176977 -1   
14.34226985 1    
14.41099128 -1   
14.49493881 1    
14.65264506 -1   
14.69850605 -1   
14.79022388 -1   
14.79039602 1    
14.79169496 -1   
14.79319157 -1   
14.79444270 -1   
14.79595578 -1   
14.79819205 -1   
14.79971072 -1   
14.80118682 -1   
14.80510898 -1   
14.80645774 -1   
14.80795686 -1   
14.80943458 -1   
14.81070737 -1   
14.81220732 -1   
14.81370431 -1   
14.81794954 -1   
14.81944904 -1   
14.88017130 -1   
14.88167736 -1   
14.95647740 -1   
14.95651241 1    
15.15031165 1    
15.46590615 -1   
15.59676279 -1   
15.65708308 -1   
22.43021693 1    
22.43937832 1    
22.43943919 1    
22.58153593 1    
22.73152530 -1   
23.06557700 -1   
28.69436233 -1   
