0.00000000 -1   
0.20617112 1    
0.21993382 -1   
0.35756021 1    
0.37097404 -1   
0.52323478 1    
0.52351897 -1   
0.67587864 1    
0.67602017 -1   
0.82831147 1    
0.82863716 -1   
1.22049360 -1   
1.24907293 1    
1.44105453 1    
1.44137751 -1   
1.59259489 -1   
1.78751375 1    
1.78781061 -1   
1.94017535 1    
1.94049410 -1   
2.11882863 1    
2.12080067 -1   
2.27323815 1    
2.42578577 1    
2.42595725 -1   
2.46379213 1    
2.46477937 -1   
2.61799098 -1   
2.92999605 1    
2.93125602 1    
2.93163141 1    
2.93745753 -1   
3.13624564 1    
3.13652124 -1   
3.33305574 -1   
3.34343622 1    
3.35617705 -1   
3.51177394 1    
3.51182948 -1   
3.68168171 1    
3.68171738 -1   
3.83407345 1    
3.83410818 -1   
3.98734506 1    
3.98764118 -1   
4.20905690 -1   
4.30030313 1    
4.58713970 1    
4.58806525 -1   
4.92235562 1    
4.92361698 1    
4.92397770 1    
4.92795331 -1   
5.07930618 -1   
5.24653188 1    
5.24675563 -1   
5.42666144 1    
5.70367971 1    
5.70516717 1    
5.70539649 1    
5.72066780 1    
5.72216069 1    
5.72341534 1    
5.72490962 1    
5.72613755 1    
5.72763631 1    
5.74347307 -1   
5.81684304 1    
5.86133426 1    
5.86282852 1    
5.86405746 1    
5.86557981 1    
5.86705741 1    
5.86830326 1    
5.88206869 1    
5.88356047 1    
5.88481826 1    
5.88631318 1    
5.89479204 1    
5.89603883 1    
5.89754701 1    
5.89903576 1    
5.90028877 1    
5.90178167 1    
5.90243907 1    
5.93783181 -1   
6.05382367 1    
6.22275759 -1   
6.26320100 1    
6.37481915 1    
6.37486058 -1   
6.45461725 1    
6.52723858 -1   
6.68055056 1    
6.70559986 1    
6.74509246 1    
6.74539996 -1   
6.80554510 1    
6.85764896 1    
7.00984194 1    
7.00998148 -1   
7.22336603 -1   
7.29858968 1    
7.35147490 1    
7.37346279 1    
7.38219065 1    
7.42117197 1    
7.42143636 -1   
7.50498678 1    
7.50534826 -1   
7.61309194 -1   
7.65962838 1    
7.76379495 -1   
7.97622285 1    
7.98536654 1    
7.98686243 1    
8.13582691 1    
8.13681923 -1   
8.14601700 -1   
8.14634336 -1   
8.30849923 -1   
8.50207439 1    
8.50354415 1    
8.50392457 1    
8.50797186 -1   
8.51747258 -1   
8.60451371 1    
8.60575820 1    
8.64223882 1    
8.64373287 1    
8.64523821 1    
8.64752342 -1   
8.65670110 -1   
8.67051339 -1   
8.68771441 1    
8.68920907 1    
8.68959372 1    
8.70316524 -1   
8.75068115 1    
8.75217533 1    
8.78440911 1    
8.78588217 1    
8.78713139 1    
8.79867074 -1   
8.85691316 -1   
8.86495943 1    
9.05401430 1    
9.05405000 -1   
9.05525439 1    
9.05962999 1    
9.07322574 1    
9.07474180 1    
9.09321057 1    
9.09470697 1    
9.12346926 1    
9.12494158 1    
9.12619162 1    
9.12768808 1    
9.12893862 1    
9.13043471 1    
9.17416627 1    
9.17565924 1    
9.17716050 1    
9.17840594 1    
9.17990949 1    
9.18115408 1    
9.18265691 1    
9.18415584 1    
9.18540159 1    
9.18690355 1    
9.18802711 -1   
9.18815514 1    
9.20489868 1    
9.20639389 1    
9.20788995 1    
9.21099400 1    
9.21100801 -1   
9.21466424 1    
9.21616179 1    
9.21765915 1    
9.21890737 1    
9.22041060 1    
9.22165624 1    
9.22316166 1    
9.22465057 1    
9.22613361 1    
9.22739388 1    
9.23412992 1    
9.23565433 1    
9.25438906 1    
9.25586484 1    
9.25711537 1    
9.25863569 1    
9.25986556 1    
9.26135940 1    
9.26285933 1    
9.26410877 1    
9.26560878 1    
9.26685560 1    
9.27810568 1    
9.27962158 1    
9.28112283 1    
9.28236764 1    
9.28384968 1    
9.28509594 1    
9.28662193 1    
9.28811995 1    
9.28937139 1    
9.29086706 1    
9.29095228 -1   
9.29209416 1    
9.29359497 1    
9.32883098 1    
9.33006939 1    
9.33157180 1    
9.33306770 1    
9.33431697 1    
9.33581899 1    
9.33706872 1    
9.33856495 1    
9.34006763 1    
9.34131350 1    
9.34281520 1    
9.34406221 1    
9.34556229 1    
9.34706019 1    
9.34831363 1    
9.34980837 1    
9.35108260 1    
9.35258228 1    
9.35408161 1    
9.35532762 1    
9.35782852 1    
9.35932503 1    
9.36080747 1    
9.36205173 1    
9.36355299 1    
9.36504957 1    
9.36630120 1    
9.36781666 1    
9.36904671 1    
9.36905777 -1   
9.37054927 1    
9.37204811 1    
9.37329745 1    
9.37479364 1    
9.37629723 1    
9.37754185 1    
9.37904122 1    
9.38029103 1    
9.38179353 1    
9.38329159 1    
9.38454078 1    
9.38603727 1    
9.38729214 1    
9.38878661 1    
9.39028501 1    
9.39153333 1    
9.39303704 1    
9.39428412 1    
9.39578786 1    
9.39728131 1    
9.39853284 1    
9.40003202 1    
9.40152825 1    
9.40277762 1    
9.40428058 1    
9.40877504 1    
9.41027878 1    
9.41177436 1    
9.41302512 1    
9.41452229 1    
9.41602185 1    
9.41726937 1    
9.41877124 1    
9.42001966 1    
9.42152127 1    
9.42161288 -1   
9.42301846 1    
9.42426606 1    
9.42576554 1    
9.42701430 1    
9.42854028 1    
9.43005081 1    
9.43128961 1    
9.43278503 1    
9.43428343 1    
9.43553085 1    
9.43703286 1    
9.43827968 1    
9.43978409 1    
9.44127983 1    
9.44253013 1    
9.44400764 1    
9.44552977 1    
9.44678005 1    
9.44828176 1    
9.44952687 1    
9.45100515 1    
9.45252672 1    
9.45377663 1    
9.45527067 1    
9.45651982 1    
9.45676181 -1   
9.45800365 1    
9.45949773 1    
9.46099894 1    
9.46224577 1    
9.46374866 1    
9.46524398 1    
9.46649319 1    
9.46799454 1    
9.46924437 1    
9.48473709 1    
9.48625901 1    
9.48975490 1    
9.49125346 1    
9.49250595 1    
9.49400470 1    
9.49525087 1    
9.49673026 1    
9.49822478 1    
9.49949763 1    
9.50098817 1    
9.50219871 -1   
9.50222874 1    
9.50372916 1    
9.50524522 1    
9.50649229 1    
9.50799329 1    
9.51496831 1    
9.51771668 1    
9.51921157 1    
9.52195982 1    
9.53020951 1    
9.53170752 1    
9.53322545 1    
9.53448119 1    
9.56545646 1    
9.56820766 1    
9.56971212 1    
9.57095724 1    
9.57245946 1    
9.57370167 1    
9.57520419 1    
9.57793177 1    
9.57942660 1    
9.58093019 1    
9.58217820 1    
9.58367938 1    
9.58492271 1    
9.58642518 1    
9.58792702 1    
9.58917409 1    
9.59067053 1    
9.59192290 1    
9.59342374 1    
9.59494412 1    
9.59619421 1    
9.59620957 -1   
9.59769160 1    
9.59919064 1    
9.60044241 1    
9.60193600 1    
9.60318922 1    
9.60469078 1    
9.60618669 1    
9.60744961 1    
9.72287769 1    
9.72561618 1    
9.72712162 1    
9.72987024 1    
9.73109156 1    
9.73613784 -1   
9.73614426 -1   
9.73615978 -1   
9.73642490 -1   
9.80559619 -1   
9.80907882 -1   
9.81473163 -1   
9.95976866 -1   
10.10900272 1    
10.21938673 -1   
10.24107615 1    
10.30092803 1    
10.30191233 -1   
10.32053359 1    
10.32202390 1    
10.33927400 1    
10.34075993 1    
10.34224392 1    
10.34926279 1    
10.35073664 1    
10.35223604 1    
10.35350934 1    
10.35973428 1    
10.36125656 1    
10.36275317 1    
10.36400915 1    
10.36549898 1    
10.36672738 1    
10.36825153 1    
10.36972912 1    
10.37099770 1    
10.37103463 -1   
10.38024678 1    
10.38172068 1    
10.38324015 1    
10.38446754 1    
10.38596776 1    
10.38723586 1    
10.38973775 1    
10.39123558 1    
10.39246626 1    
10.39396281 1    
10.39523282 1    
10.39698242 1    
10.40722971 1    
10.40847518 1    
10.40995642 1    
10.41145491 1    
10.41270330 1    
10.41419969 1    
10.41544863 1    
10.41694870 1    
10.41844962 1    
10.41969774 1    
10.42119834 1    
10.42269411 1    
10.42396254 1    
10.42771447 1    
10.42921249 1    
10.43046194 1    
10.43198443 1    
10.43208106 -1   
10.43321440 1    
10.43470953 1    
10.43621339 1    
10.43745754 1    
10.43895739 1    
10.44020732 1    
10.44170862 1    
10.44318601 1    
10.44443694 1    
10.44593115 1    
10.44718320 1    
10.44868057 1    
10.45017929 1    
10.45142677 1    
10.45293010 1    
10.45417718 1    
10.45567734 1    
10.45717315 1    
10.45842536 1    
10.45992505 1    
10.46119513 1    
10.46269318 1    
10.46419650 1    
10.46544284 1    
10.46694412 1    
10.46844185 1    
10.46969349 1    
10.47118811 1    
10.47244066 1    
10.47393972 1    
10.47544097 1    
10.47666394 1    
10.47818057 1    
10.47943496 1    
10.48093829 1    
10.48243295 1    
10.48252639 -1   
10.48577341 1    
10.48793412 1    
10.48919581 1    
10.49067835 1    
10.49193156 1    
10.49340645 1    
10.49490740 1    
10.49615356 1    
10.49765435 1    
10.49890086 1    
10.50040181 1    
10.50190013 1    
10.50315087 1    
10.50467022 1    
10.50619605 1    
10.50741703 1    
10.50891914 1    
10.51014542 1    
10.51166532 1    
10.51316539 1    
10.51441788 1    
10.51591805 1    
10.51714350 1    
10.51866357 1    
10.52016336 1    
10.52140950 1    
10.52292067 1    
10.52413898 1    
10.52566082 1    
10.52713811 1    
10.52838876 1    
10.52988315 1    
10.53113548 1    
10.53263317 1    
10.53414498 1    
10.53537809 1    
10.53548591 -1   
10.53688426 1    
10.53837766 1    
10.53963146 1    
10.54112621 1    
10.54264755 1    
10.54389787 1    
10.54539868 1    
10.54664747 1    
10.54814937 1    
10.54962292 1    
10.55089705 1    
10.55239354 1    
10.55364387 1    
10.55514138 1    
10.55664369 1    
10.55788891 1    
10.55937197 1    
10.55938662 -1   
10.56087035 1    
10.56211522 1    
10.56361487 1    
10.56511323 1    
10.56636692 1    
10.56812100 1    
10.56936490 1    
10.57060937 1    
10.57211215 1    
10.57335710 1    
10.57485595 1    
10.57637126 1    
10.57763146 1    
10.57912688 1    
10.58037957 1    
10.58187479 1    
10.58337658 1    
10.58462526 1    
10.58612223 1    
10.58762131 1    
10.58887315 1    
10.59036952 1    
10.59162343 1    
10.59309833 1    
10.59459995 1    
10.59586813 1    
10.59700638 -1   
10.59736372 1    
10.59861331 1    
10.60009797 1    
10.60161379 1    
10.60286577 1    
10.60436298 1    
10.60586214 1    
10.60708808 1    
10.60861313 1    
10.63971599 1    
10.71160962 -1   
10.74702060 1    
10.74853163 1    
10.79299055 1    
10.79423309 1    
10.79573220 1    
10.79722951 1    
10.79848209 1    
10.79998164 1    
10.80126071 1    
10.80148267 1    
10.82824127 1    
10.82948935 1    
10.83098620 1    
10.83248740 1    
10.83371287 1    
10.83523060 1    
10.83673203 1    
10.83996002 1    
10.84147699 1    
10.84295351 1    
10.84420781 1    
10.87244778 1    
10.87248391 -1   
10.87393959 1    
10.87543464 1    
10.87668772 1    
10.87818316 1    
10.87945693 1    
10.88093320 1    
10.88245603 1    
10.88368167 1    
10.88518190 1    
10.88524246 -1   
10.88647190 1    
10.91442110 1    
10.91594019 1    
10.91718359 1    
10.91868877 1    
10.91993733 1    
10.92147502 1    
10.94440070 1    
10.94592376 1    
10.94741726 1    
10.94866828 1    
10.95014403 1    
10.95141362 1    
10.95290489 1    
10.95441827 1    
10.95566494 1    
10.95714176 1    
10.95841355 1    
10.95990433 1    
10.96141078 1    
10.96266403 1    
10.96416085 1    
10.96566114 1    
10.96692272 1    
10.96840953 1    
10.96965765 1    
10.97117186 1    
10.97124470 -1   
10.97139941 1    
10.99214795 1    
10.99364899 1    
10.99514120 1    
10.99639133 1    
10.99789101 1    
10.99911884 1    
11.00061502 1    
11.00214192 1    
11.00337818 1    
11.00488418 1    
11.00638164 1    
11.00763573 1    
11.00913150 1    
11.01061190 1    
11.01210760 1    
11.01338524 1    
11.01488038 1    
11.01611083 1    
11.01762131 1    
11.01911990 1    
11.02037499 1    
11.02187690 1    
11.02310397 1    
11.02462255 1    
11.02610003 1    
11.02737699 1    
11.02888916 1    
11.03286957 1    
11.03288641 -1   
11.03409868 1    
11.03561996 1    
11.03712061 1    
11.03836688 1    
11.03987157 1    
11.04109261 1    
11.04261761 1    
11.04409023 1    
11.04536234 1    
11.04686044 1    
11.04835621 1    
11.04960112 1    
11.05108757 1    
11.05235698 1    
11.05385313 1    
11.05535410 1    
11.05661027 1    
11.05810172 1    
11.05935717 1    
11.06085485 1    
11.06235291 1    
11.06360394 1    
11.06509852 1    
11.06635133 1    
11.06785411 1    
11.06934538 1    
11.06941550 -1   
11.07059784 1    
11.07207394 1    
11.07359890 1    
11.07484596 1    
11.07634220 1    
11.07756961 1    
11.07909379 1    
11.08058982 1    
11.08183709 1    
11.08331726 1    
11.08458256 1    
11.08610474 1    
11.08758748 1    
11.08908558 1    
11.09033702 1    
11.09185632 1    
11.09608431 1    
11.09733467 1    
11.09883189 1    
11.10032420 1    
11.10158014 1    
11.10308118 1    
11.10458130 1    
11.10582013 1    
11.10732810 1    
11.10861304 1    
11.11031678 1    
11.11157255 1    
11.11305252 1    
11.14528481 1    
11.15655255 1    
11.22255962 -1   
11.23673842 1    
11.23822839 1    
11.23975269 1    
11.24097712 1    
11.24250267 1    
11.29575620 1    
11.38090668 -1   
11.38091545 -1   
11.38092710 -1   
11.38119913 -1   
11.43694173 -1   
11.44806686 1    
11.49733989 1    
11.59007435 -1   
11.64752656 1    
11.82018009 1    
11.82166904 1    
11.82317250 1    
11.82441803 1    
11.82590252 1    
11.82714418 1    
11.82864133 1    
11.83016461 1    
11.83141834 1    
11.83291415 1    
11.83414056 1    
11.83566298 1    
11.83715691 1    
11.83840805 1    
11.83991109 1    
11.84117707 1    
11.84266190 1    
11.84276108 -1   
11.84413746 1    
11.84540284 1    
11.84689772 1    
11.84840149 1    
11.84965023 1    
11.86039681 1    
11.86189808 1    
11.86312082 1    
11.86464585 1    
11.86589205 1    
11.86738674 1    
11.86889006 1    
11.87011636 1    
11.87163819 1    
11.87289002 1    
11.87438498 1    
11.87588917 1    
11.87711290 1    
11.87863625 1    
11.88013425 1    
11.88138191 1    
11.88288295 1    
11.88411249 1    
11.88562965 1    
11.88713296 1    
11.88837895 1    
11.88987893 1    
11.89110441 1    
11.89262863 1    
11.89410391 1    
11.89560400 1    
11.89687351 1    
11.89837734 1    
11.89962049 1    
11.90110108 1    
11.90262377 1    
11.90387434 1    
11.90537038 1    
11.90547460 -1   
11.90687278 1    
11.90809630 1    
11.90959836 1    
11.91086686 1    
11.91236806 1    
11.91386800 1    
11.91409399 1    
11.91587028 1    
11.91736459 1    
11.91861025 1    
11.92011161 1    
11.92135838 1    
11.92285226 1    
11.92435379 1    
11.92560871 1    
11.92708520 1    
11.92835877 1    
11.92985826 1    
11.93135896 1    
11.93260642 1    
11.93408061 1    
11.93557894 1    
11.93683101 1    
11.93832756 1    
11.93960062 1    
11.94107538 1    
11.94257783 1    
11.94384979 1    
11.94534304 1    
11.94659745 1    
11.94809992 1    
11.94959514 1    
11.95084365 1    
11.95234029 1    
11.95384695 1    
11.95506687 1    
11.95515148 -1   
11.95659135 1    
11.95784129 1    
11.95934336 1    
11.96081650 1    
11.96206663 1    
11.96358609 1    
11.96483437 1    
11.96631190 1    
11.96784022 1    
11.96908145 1    
11.97058510 1    
11.97208273 1    
11.97333527 1    
11.97483166 1    
11.97607744 1    
11.97755540 1    
11.97957330 1    
11.98080524 1    
11.98232709 1    
11.98381801 1    
11.98504994 1    
11.98655065 1    
11.98807783 1    
11.98930009 1    
11.99082350 1    
11.99204691 1    
11.99354915 1    
11.99504565 1    
11.99631659 1    
11.99781594 1    
11.99904678 1    
12.00054284 1    
12.00204275 1    
12.00211465 -1   
12.00330983 1    
12.00480632 1    
12.00606080 1    
12.00755933 1    
12.00906200 1    
12.01030746 1    
12.01528511 1    
12.01678465 1    
12.01803559 1    
12.01953219 1    
12.02103437 1    
12.02228152 1    
12.02378322 1    
12.02502887 1    
12.02652978 1    
12.02802996 1    
12.02927921 1    
12.03077517 1    
12.03904615 1    
12.04054467 1    
12.04063355 -1   
12.04204589 1    
12.04326993 1    
12.04479045 1    
12.04601689 1    
12.04753709 1    
12.04755174 -1   
12.04904224 1    
12.05026302 1    
12.05176654 1    
12.05728115 1    
12.05878383 1    
12.06001102 1    
12.06151025 1    
12.06300575 1    
12.06425882 1    
12.06575528 1    
12.06700331 1    
12.06850246 1    
12.07000336 1    
12.07124955 1    
12.07275184 1    
12.07424816 1    
12.07550023 1    
12.07699718 1    
12.07827039 1    
12.07976919 1    
12.08126910 1    
12.08251646 1    
12.08401988 1    
12.08524440 1    
12.08676675 1    
12.08824420 1    
12.08949135 1    
12.09099499 1    
12.09101074 1    
12.09108616 -1   
12.19796128 -1   
12.22541427 1    
12.22691225 1    
12.22816416 1    
12.24471498 1    
12.26716286 1    
12.26866229 1    
12.27541064 1    
12.27688696 1    
12.27838465 1    
12.30039348 1    
12.30189480 1    
12.30311983 1    
12.30838811 1    
12.30986492 1    
12.31111743 1    
12.31261335 1    
12.31386461 1    
12.31536408 1    
12.31688175 1    
12.31811062 1    
12.31963423 1    
12.34534872 1    
12.34684530 1    
12.34809506 1    
12.35234522 1    
12.35235611 -1   
12.35383857 1    
12.35508783 1    
12.35659194 1    
12.35783629 1    
12.35933866 1    
12.36085784 1    
12.36208799 1    
12.36360706 1    
12.36483233 1    
12.36635394 1    
12.39432167 1    
12.39645843 1    
12.41281002 1    
12.41405543 1    
12.42055306 1    
12.42204994 1    
12.42355124 1    
12.42854727 1    
12.43004902 1    
12.43154478 1    
12.43279638 1    
12.43429153 1    
12.43654517 1    
12.43804111 1    
12.43954370 1    
12.45605920 1    
12.45730673 1    
12.45880097 1    
12.46030383 1    
12.46155193 1    
12.46305557 1    
12.46455119 1    
12.46462080 -1   
12.46580232 1    
12.46729706 1    
12.46854798 1    
12.47004500 1    
12.47154620 1    
12.47279422 1    
12.47429474 1    
12.47554161 1    
12.47702137 1    
12.47854001 1    
12.47979006 1    
12.48128860 1    
12.48254047 1    
12.48401604 1    
12.48553818 1    
12.48678879 1    
12.48829078 1    
12.48978587 1    
12.49103302 1    
12.49253673 1    
12.49378261 1    
12.49603593 1    
12.49753428 1    
12.49903061 1    
12.50028201 1    
12.50177701 1    
12.50302822 1    
12.50452679 1    
12.50602709 1    
12.50727235 1    
12.50877491 1    
12.50999956 1    
12.51152201 1    
12.51302381 1    
12.51427518 1    
12.51577180 1    
12.51586355 -1   
12.52027338 1    
12.52028743 -1   
12.52176574 1    
12.52826471 1    
12.52974163 1    
12.53101237 1    
12.53251351 1    
12.53373832 1    
12.53526053 1    
12.53675755 1    
12.53800464 1    
12.53949495 1    
12.54075689 1    
12.54225247 1    
12.54375095 1    
12.54500115 1    
12.54650379 1    
12.54800050 1    
12.54924875 1    
12.55072616 1    
12.55197949 1    
12.55347425 1    
12.55497569 1    
12.55647377 1    
12.55772435 1    
12.55922171 1    
12.56049555 1    
12.56199453 1    
12.56347233 1    
12.56472012 1    
12.56509392 1    
12.56697084 1    
12.56822119 1    
12.56971805 1    
12.57021442 -1   
12.57121909 1    
12.57246608 1    
12.64518237 1    
12.64642187 1    
12.65497165 -1   
12.67097815 -1   
12.71960787 1    
12.82189724 -1   
12.98308191 1    
13.07121151 1    
13.09644501 1    
13.09660059 -1   
13.09791743 1    
13.09916156 1    
13.10066411 1    
13.10191089 1    
13.10443433 1    
13.10593125 1    
13.10743270 1    
13.10867413 1    
13.11016246 1    
13.11142785 1    
13.11517694 1    
13.11665600 1    
13.11815414 1    
13.13541658 1    
13.13689357 1    
13.13714413 1    
13.18813907 1    
13.25033666 1    
13.28871282 1    
13.28872793 -1   
13.48901469 -1   
13.79888381 1    
13.91648065 1    
14.00828195 1    
20.73922239 -1   
20.74837756 -1   
20.74869300 -1   
20.89050629 -1   
21.04623505 1    
21.39329070 1    
24.72400929 -1   
27.51853771 1    
27.51869560 -1   
