0.00000000 1    
0.15214602 1    
0.18616764 -1   
0.33842092 -1   
0.33894659 1    
0.70172827 1    
0.89273212 1    
1.04487875 1    
1.07974124 -1   
1.12153459 -1   
1.15052160 -1   
1.17725386 -1   
1.20798296 -1   
1.20800325 1    
1.27079426 -1   
1.40142250 1    
1.47817835 -1   
1.62934133 -1   
1.62967378 1    
1.79599127 -1   
1.79629423 1    
1.94841260 -1   
2.13905084 -1   
2.13936260 1    
2.51383975 -1   
2.51611367 1    
2.81516294 -1   
2.81616020 1    
3.11139783 -1   
3.11288813 -1   
3.11327350 -1   
3.11889569 1    
3.37559531 -1   
3.37592188 1    
3.63644340 -1   
3.63658594 1    
4.01386196 1    
4.16796778 -1   
4.17140838 1    
4.32355163 -1   
4.32359299 1    
4.47696531 -1   
4.47701101 1    
4.62937778 -1   
4.62942153 1    
4.78287894 -1   
4.78319291 1    
4.97738367 1    
5.02439552 -1   
5.26651330 -1   
5.26748792 1    
5.56749338 -1   
5.56873227 -1   
5.56911820 -1   
5.57297266 1    
5.72420257 1    
5.86366988 -1   
5.91732069 1    
6.05380867 -1   
6.15590279 -1   
6.15740168 -1   
6.16464297 -1   
6.16614618 -1   
6.16738831 -1   
6.16888961 -1   
6.17488766 -1   
6.17638834 -1   
6.20228696 1    
6.20468526 -1   
6.25235048 -1   
6.25359612 -1   
6.30881790 -1   
6.31030843 -1   
6.31780870 -1   
6.31930207 -1   
6.32055551 -1   
6.32205206 -1   
6.32329999 -1   
6.32479843 -1   
6.32630116 -1   
6.32754925 -1   
6.32904967 -1   
6.33029583 -1   
6.33179744 -1   
6.33329536 -1   
6.40421484 -1   
6.40425460 1    
6.55860811 -1   
6.55921350 1    
6.71343657 -1   
6.74531817 -1   
6.75530859 -1   
6.78254691 -1   
6.80203371 -1   
6.89741323 -1   
7.01460172 1    
7.17341978 -1   
7.17371673 1    
7.35556867 -1   
7.35587826 1    
7.50822787 -1   
7.50857427 1    
7.50864211 1    
7.66288698 -1   
7.88667109 -1   
7.88816944 -1   
7.88842110 -1   
7.88937092 1    
7.89973144 1    
7.90002312 1    
8.05286898 1    
8.21233667 -1   
8.21266226 1    
8.24470826 -1   
8.24620116 -1   
8.34690282 -1   
8.34839092 -1   
8.34964179 -1   
8.36202734 1    
8.36203398 1    
8.39362012 -1   
8.39364303 1    
8.39511787 -1   
8.39606608 -1   
8.41710349 -1   
8.41835055 -1   
8.43028411 1    
8.47857743 -1   
8.48006592 -1   
8.48156600 -1   
8.49224020 1    
8.49881224 -1   
8.50030447 -1   
8.51204427 1    
8.54458086 1    
8.54792060 -1   
8.56115608 1    
8.69673269 1    
8.71528407 -1   
8.84037192 -1   
8.84185884 -1   
8.84335725 -1   
8.84461495 -1   
8.84611017 -1   
8.84735628 -1   
8.84951100 1    
8.87084729 -1   
8.87086159 1    
8.87234125 -1   
8.87359005 -1   
8.87509091 -1   
8.87633901 -1   
8.87784218 -1   
8.87933837 -1   
8.89233964 -1   
8.89357962 -1   
8.89507729 -1   
8.90510852 -1   
8.92082029 -1   
8.92231248 -1   
8.92956134 -1   
8.93105716 -1   
8.93255647 -1   
8.95030052 -1   
8.95154468 -1   
8.95304387 -1   
8.95454597 -1   
8.95579234 -1   
8.95729567 -1   
8.95879192 -1   
8.96004244 -1   
8.97403377 -1   
8.97553445 -1   
8.97678059 -1   
8.97828381 -1   
8.97952856 -1   
8.98378204 -1   
8.99477239 -1   
8.99491172 1    
8.99627014 -1   
8.99776961 -1   
8.99902068 -1   
9.00051730 -1   
9.00177069 -1   
9.00576600 -1   
9.00726595 -1   
9.01376151 -1   
9.01526363 -1   
9.01675856 -1   
9.02425763 -1   
9.02427178 1    
9.02550656 -1   
9.02701796 -1   
9.02850437 -1   
9.02975084 -1   
9.03124970 -1   
9.03274884 -1   
9.03400720 -1   
9.03999532 -1   
9.04149726 -1   
9.04299389 -1   
9.04424447 -1   
9.04574227 -1   
9.04724002 -1   
9.04849006 -1   
9.04999213 -1   
9.05123928 -1   
9.05662743 -1   
9.06073353 -1   
9.06223547 -1   
9.06373078 -1   
9.06972907 -1   
9.07122648 -1   
9.07547873 -1   
9.07672371 -1   
9.07822589 -1   
9.07947303 -1   
9.08397290 -1   
9.08409092 1    
9.08547043 -1   
9.08696792 -1   
9.08847167 -1   
9.10346263 -1   
9.10471044 -1   
9.10620694 -1   
9.10745891 -1   
9.10895669 -1   
9.11045447 -1   
9.11170344 -1   
9.11320640 -1   
9.11445103 -1   
9.11595370 -1   
9.11745071 -1   
9.11870203 -1   
9.12019924 -1   
9.12144877 -1   
9.12694498 -1   
9.12844649 -1   
9.12994315 -1   
9.13144426 -1   
9.13294287 -1   
9.13444424 -1   
9.13568917 -1   
9.13718953 -1   
9.14793426 -1   
9.14943522 -1   
9.15093035 -1   
9.15243236 -1   
9.15393027 -1   
9.15518083 -1   
9.15892649 -1   
9.16042683 -1   
9.16052279 1    
9.16667612 -1   
9.16817048 -1   
9.16942426 -1   
9.17091860 -1   
9.17217079 -1   
9.17691723 -1   
9.17991407 -1   
9.17992738 1    
9.18141695 -1   
9.18291246 -1   
9.18441381 -1   
9.18591231 -1   
9.18741355 -1   
9.18865952 -1   
9.19015886 -1   
9.19290696 -1   
9.19440921 -1   
9.19590520 -1   
9.19740839 -1   
9.19890349 -1   
9.20040563 -1   
9.20165339 -1   
9.20315112 -1   
9.20439921 -1   
9.20590339 -1   
9.21364632 -1   
9.21514811 -1   
9.21664288 -1   
9.21814647 -1   
9.22164129 -1   
9.22438833 -1   
9.22563861 -1   
9.22963983 -1   
9.23113606 -1   
9.23263851 -1   
9.23413491 -1   
9.24013533 -1   
9.24138012 -1   
9.24287788 -1   
9.24437696 -1   
9.25637535 -1   
9.25787051 -1   
9.25937211 -1   
9.26061829 -1   
9.26212059 -1   
9.26336649 -1   
9.26486660 -1   
9.26636511 -1   
9.26786754 -1   
9.26911279 -1   
9.27061552 -1   
9.27211108 -1   
9.27223207 1    
9.27336271 -1   
9.27486136 -1   
9.27611167 -1   
9.27985830 -1   
9.28135998 -1   
9.28285706 -1   
9.28435765 -1   
9.28585443 -1   
9.28735439 -1   
9.28885155 -1   
9.29035364 -1   
9.29656276 1    
9.30085222 -1   
9.30234481 -1   
9.30359588 -1   
9.30509258 -1   
9.30634090 -1   
9.30784178 -1   
9.30934550 -1   
9.31208842 -1   
9.31334129 -1   
9.31633580 -1   
9.32133700 -1   
9.32283241 -1   
9.32433135 -1   
9.32583219 -1   
9.32983435 -1   
9.33132847 -1   
9.33333077 -1   
9.33334372 1    
9.33482833 -1   
9.33632454 -1   
9.33757504 -1   
9.33907302 -1   
9.34032630 -1   
9.34182308 -1   
9.34332385 -1   
9.34582024 -1   
9.34732167 -1   
9.34881775 -1   
9.34886301 1    
9.35032006 -1   
9.35181649 -1   
9.35331857 -1   
9.35481395 -1   
9.35631266 -1   
9.35756313 -1   
9.35876498 1    
9.35906452 -1   
9.36681822 -1   
9.36830981 -1   
9.36980735 -1   
9.37130915 -1   
9.37480484 -1   
9.37630431 -1   
9.37880116 -1   
9.38030222 -1   
9.38404815 -1   
9.38554748 -1   
9.38704565 -1   
9.38854752 -1   
9.39454361 -1   
9.39579365 -1   
9.39754064 -1   
9.39848387 -1   
9.40534073 1    
9.44982132 1    
9.50202492 1    
9.50203185 1    
9.88736647 -1   
9.88836828 1    
9.91651486 -1   
9.91799360 -1   
9.91924432 -1   
9.92074103 -1   
9.92198998 -1   
9.92348838 -1   
9.92499961 -1   
9.92623771 -1   
9.92773918 -1   
9.92898479 -1   
9.93048766 -1   
9.93198326 -1   
9.93323319 -1   
9.93473272 -1   
9.93623429 -1   
9.93748188 -1   
9.93898174 -1   
9.94647568 -1   
9.94797661 -1   
9.94947497 -1   
9.95072447 -1   
9.95222244 -1   
9.95347525 -1   
9.95497284 -1   
9.95647222 -1   
9.95796984 -1   
9.95922125 -1   
9.96071707 -1   
9.96196630 -1   
9.96346661 -1   
9.96497024 -1   
9.96506603 1    
9.96621680 -1   
9.96771257 -1   
9.96896431 -1   
9.97046284 -1   
9.97196056 -1   
10.04342850 -1   
10.04346498 1    
10.04492234 -1   
10.07090981 -1   
10.07240669 -1   
10.07390597 -1   
10.07515230 -1   
10.07665271 -1   
10.07815418 -1   
10.07939893 -1   
10.08090088 -1   
10.08214932 -1   
10.08364981 -1   
10.08514595 -1   
10.08639448 -1   
10.08789497 -1   
10.08914662 -1   
10.09064421 -1   
10.09214437 -1   
10.09339302 -1   
10.09489358 -1   
10.09639056 -1   
10.09763973 -1   
10.09913876 -1   
10.10039051 -1   
10.10188768 -1   
10.10338792 -1   
10.10463464 -1   
10.10613832 -1   
10.10738347 -1   
10.10888261 -1   
10.11038238 -1   
10.11049529 1    
10.11163441 -1   
10.11313036 -1   
10.11438187 -1   
10.11587743 -1   
10.11738079 -1   
10.11862711 -1   
10.12012863 -1   
10.12162580 -1   
10.12287700 -1   
10.12437280 -1   
10.12562678 -1   
10.12712223 -1   
10.12862059 -1   
10.12987057 -1   
10.13137315 -1   
10.13286983 -1   
10.13412033 -1   
10.13561718 -1   
10.13687016 -1   
10.13836741 -1   
10.13986480 -1   
10.14111475 -1   
10.14261657 -1   
10.14386215 -1   
10.14536590 -1   
10.14685937 -1   
10.14811328 -1   
10.14960993 -1   
10.15110804 -1   
10.15235720 -1   
10.15385986 -1   
10.15510511 -1   
10.15660833 -1   
10.15816016 -1   
10.16485117 -1   
10.16494515 1    
10.19683967 -1   
10.19686006 1    
10.22382175 -1   
10.22531950 -1   
10.22706448 -1   
10.22831463 -1   
10.22981655 -1   
10.23131178 -1   
10.23256592 -1   
10.23406147 -1   
10.23556203 -1   
10.23680998 -1   
10.23830772 -1   
10.24003679 -1   
10.24131133 -1   
10.24256121 -1   
10.24406216 -1   
10.24530488 -1   
10.24680592 -1   
10.24830424 -1   
10.24955277 -1   
10.25105195 -1   
10.25255308 -1   
10.25380009 -1   
10.25530094 -1   
10.25654683 -1   
10.25805060 -1   
10.25954616 -1   
10.26079536 -1   
10.26229742 -1   
10.26354593 -1   
10.26504258 -1   
10.26654452 -1   
10.26779034 -1   
10.26929382 -1   
10.27053986 -1   
10.27203822 -1   
10.27212534 1    
10.27354320 -1   
10.27478769 -1   
10.27628938 -1   
10.27753746 -1   
10.27903764 -1   
10.28053389 -1   
10.28178432 -1   
10.28328419 -1   
10.28453462 -1   
10.28603219 -1   
10.28753253 -1   
10.28877959 -1   
10.29028369 -1   
10.29152737 -1   
10.29302714 -1   
10.29452802 -1   
10.29577810 -1   
10.29727586 -1   
10.29877769 -1   
10.30002377 -1   
10.30152654 -1   
10.30277189 -1   
10.30427106 -1   
10.30577145 -1   
10.30702157 -1   
10.30851786 -1   
10.30977095 -1   
10.31126681 -1   
10.31276898 -1   
10.31401502 -1   
10.31551670 -1   
10.31676325 -1   
10.31826617 -1   
10.31833151 1    
10.31976481 -1   
10.32101140 -1   
10.32126262 -1   
10.32838571 1    
10.35050058 -1   
10.35053099 1    
10.37848425 -1   
10.37972751 -1   
10.38147978 -1   
10.38273084 -1   
10.38447683 -1   
10.38572173 -1   
10.38722362 -1   
10.38847222 -1   
10.38997564 -1   
10.39147125 -1   
10.39297387 -1   
10.39446904 -1   
10.39597012 -1   
10.39721791 -1   
10.39871800 -1   
10.40021524 -1   
10.44844432 -1   
10.44993946 -1   
10.45143884 -1   
10.45768412 -1   
10.45918424 -1   
10.46043118 -1   
10.46193205 -1   
10.46342865 -1   
10.46468180 -1   
10.46617918 -1   
10.46767956 -1   
10.46892566 -1   
10.47042802 -1   
10.47192470 -1   
10.47317406 -1   
10.47467319 -1   
10.47592585 -1   
10.48249698 -1   
10.48466965 -1   
10.53189475 -1   
10.53192339 1    
10.53339553 -1   
10.53463913 -1   
10.53614016 -1   
10.53738780 -1   
10.54163910 -1   
10.54313547 -1   
10.54438676 -1   
10.54588323 -1   
10.54713466 -1   
10.54863024 -1   
10.55013338 -1   
10.55138054 -1   
10.55287767 -1   
10.55437888 -1   
10.55562866 -1   
10.55712577 -1   
10.55837723 -1   
10.58111675 -1   
10.58126383 1    
10.58236170 -1   
10.60085525 -1   
10.60235249 -1   
10.60360102 -1   
10.60510068 -1   
10.60634755 -1   
10.60784953 -1   
10.60934738 -1   
10.61059517 -1   
10.61209364 -1   
10.61334784 -1   
10.61484251 -1   
10.61634403 -1   
10.61759189 -1   
10.61909259 -1   
10.62034034 -1   
10.62184019 -1   
10.62333829 -1   
10.62459115 -1   
10.62608711 -1   
10.62733895 -1   
10.62883534 -1   
10.63033664 -1   
10.63158314 -1   
10.63308203 -1   
10.63433142 -1   
10.63583334 -1   
10.63733024 -1   
10.63858126 -1   
10.64007757 -1   
10.64158245 -1   
10.64282720 -1   
10.64404611 -1   
10.65257434 -1   
10.65407447 -1   
10.65556836 -1   
10.65566980 1    
10.65682319 -1   
10.65831850 -1   
10.65956784 -1   
10.66106594 -1   
10.66256888 -1   
10.66381420 -1   
10.66533273 -1   
10.66681360 -1   
10.66806514 -1   
10.66956213 -1   
10.67081026 -1   
10.67231188 -1   
10.67381252 -1   
10.67505809 -1   
10.67655979 -1   
10.67805766 -1   
10.67930875 -1   
10.68080525 -1   
10.68230376 -1   
10.68355452 -1   
10.68905319 -1   
10.68906669 1    
10.69055455 -1   
10.69179849 -1   
10.69329875 -1   
10.69479712 -1   
10.69754913 -1   
10.69904402 -1   
10.70029631 -1   
10.70179477 -1   
10.70304607 -1   
10.70454394 -1   
10.70604148 -1   
10.70728999 -1   
10.70879134 -1   
10.75127460 -1   
10.75251466 -1   
10.75401711 -1   
10.78050218 -1   
10.78174781 -1   
10.79024387 -1   
10.79149457 -1   
10.79299081 -1   
10.79424344 -1   
10.79573882 -1   
10.79724373 -1   
10.79848720 -1   
10.79998647 -1   
10.80123634 -1   
10.80273797 -1   
10.80423535 -1   
10.80548211 -1   
10.80572198 1    
10.82997354 -1   
10.90123914 1    
10.91766223 1    
10.91767183 1    
10.91795713 1    
10.91796274 1    
10.95593278 -1   
11.05264533 1    
11.10824823 -1   
11.11356298 -1   
11.11505664 -1   
11.13405363 -1   
11.13554562 -1   
11.25930427 -1   
11.29671426 -1   
11.29820378 -1   
11.29970178 -1   
11.30095027 -1   
11.30104477 1    
11.30245368 -1   
11.30394915 -1   
11.30520227 -1   
11.30669849 -1   
11.30794546 -1   
11.30944611 -1   
11.31094677 -1   
11.31219294 -1   
11.31369622 -1   
11.31494228 -1   
11.31644349 -1   
11.31794180 -1   
11.31918957 -1   
11.32068869 -1   
11.32219131 -1   
11.32343871 -1   
11.32493869 -1   
11.32618641 -1   
11.32768801 -1   
11.32918320 -1   
11.33043347 -1   
11.33193205 -1   
11.33318509 -1   
11.33468101 -1   
11.33968347 -1   
11.34117718 -1   
11.34242686 -1   
11.34642634 -1   
11.34792551 -1   
11.34942329 -1   
11.35067500 -1   
11.35217052 -1   
11.35342032 -1   
11.35491912 -1   
11.35642096 -1   
11.35766833 -1   
11.35778606 1    
11.35916921 -1   
11.36041780 -1   
11.36191680 -1   
11.36341506 -1   
11.36466617 -1   
11.36616344 -1   
11.36741569 -1   
11.36891281 -1   
11.37041264 -1   
11.37165962 -1   
11.37315829 -1   
11.37440764 -1   
11.37590983 -1   
11.37740932 -1   
11.37865928 -1   
11.38015429 -1   
11.38140857 -1   
11.38290359 -1   
11.38440152 -1   
11.38565387 -1   
11.38715334 -1   
11.38840013 -1   
11.38990323 -1   
11.39140116 -1   
11.39264755 -1   
11.39414854 -1   
11.39564910 -1   
11.39689496 -1   
11.39839853 -1   
11.39964380 -1   
11.40114648 -1   
11.40264163 -1   
11.40389075 -1   
11.40539147 -1   
11.40664222 -1   
11.40671380 1    
11.41239099 -1   
11.45136962 -1   
11.45261669 -1   
11.45411278 -1   
11.45536454 -1   
11.45538244 1    
11.45686291 -1   
11.45836165 -1   
11.45986267 -1   
11.46110931 -1   
11.46261086 -1   
11.46410664 -1   
11.46535779 -1   
11.46685507 -1   
11.46810644 -1   
11.46960925 -1   
11.47110673 -1   
11.47235502 -1   
11.47385485 -1   
11.47534981 -1   
11.47659973 -1   
11.47809871 -1   
11.47935091 -1   
11.48084730 -1   
11.48235054 -1   
11.48359540 -1   
11.48509751 -1   
11.48634453 -1   
11.48784459 -1   
11.48934362 -1   
11.49434533 -1   
11.49558866 -1   
11.49934222 -1   
11.50083541 -1   
11.50233772 -1   
11.50383342 -1   
11.50533536 -1   
11.50658238 -1   
11.50669492 1    
11.50808510 -1   
11.50933103 -1   
11.51083319 -1   
11.51232995 -1   
11.51357953 -1   
11.51507742 -1   
11.51657913 -1   
11.51807689 -1   
11.51957693 -1   
11.52182397 -1   
11.52332560 -1   
11.52482224 -1   
11.52607292 -1   
11.52756990 -1   
11.52907246 -1   
11.53031946 -1   
11.53182108 -1   
11.53331841 -1   
11.53456928 -1   
11.53606517 -1   
11.53756578 -1   
11.53881442 -1   
11.54031643 -1   
11.54156387 -1   
11.54306543 -1   
11.54456026 -1   
11.54581443 -1   
11.54730839 -1   
11.54880798 -1   
11.55030734 -1   
11.55155961 -1   
11.55305537 -1   
11.55432428 -1   
11.55580601 -1   
11.55730383 -1   
11.55740494 1    
11.55880600 -1   
11.56005112 -1   
11.56280419 -1   
11.56404914 -1   
11.60453663 -1   
11.60602657 -1   
11.60727479 -1   
11.60877461 -1   
11.61002900 -1   
11.61004386 1    
11.61152563 -1   
11.61302127 -1   
11.61427592 -1   
11.61576962 -1   
11.61727008 -1   
11.61851864 -1   
11.62003429 -1   
11.68474081 -1   
11.68623057 -1   
11.68773270 -1   
11.68897742 -1   
11.69047732 -1   
11.69847420 -1   
11.69997415 -1   
11.70122184 -1   
11.70272248 -1   
11.70396873 -1   
11.70547198 -1   
11.70696770 -1   
11.70821758 -1   
11.70971879 -1   
11.71121877 -1   
11.71246506 -1   
11.71396892 -1   
11.76096878 1    
11.77264581 -1   
11.77743178 -1   
11.78467598 -1   
11.78617727 -1   
11.78767251 -1   
11.78892330 -1   
11.79042169 -1   
11.79266837 -1   
11.79416969 -1   
11.79567058 -1   
11.79691640 -1   
11.79841955 -1   
11.79991424 -1   
11.80116649 -1   
11.80266251 -1   
11.80391278 -1   
11.80541302 -1   
11.80691342 -1   
11.80816045 -1   
11.80966238 -1   
11.80976316 1    
11.81091142 -1   
11.81240726 -1   
11.81390706 -1   
11.81515663 -1   
11.81665825 -1   
11.81815522 -1   
11.81940614 -1   
11.82090338 -1   
11.82215594 -1   
11.82365055 -1   
11.82514893 -1   
11.82639958 -1   
11.82790026 -1   
11.82914790 -1   
11.83065040 -1   
11.83214556 -1   
11.83340154 -1   
11.83489381 -1   
11.83614471 -1   
11.83764391 -1   
11.83914438 -1   
11.84039150 -1   
11.84189454 -1   
11.84338970 -1   
11.84464162 -1   
11.84613891 -1   
11.84738765 -1   
11.84888605 -1   
11.85038924 -1   
11.85163448 -1   
11.85313670 -1   
11.85438329 -1   
11.85588562 -1   
11.85740101 -1   
11.88261898 -1   
11.88270259 1    
11.88411916 -1   
11.88561606 -1   
11.91135939 -1   
11.91285079 -1   
11.92159924 -1   
11.92161277 1    
11.92309448 -1   
11.92434382 -1   
11.92584627 -1   
11.92734215 -1   
11.92859586 -1   
11.93009133 -1   
11.93134140 -1   
11.93283831 -1   
11.93433736 -1   
11.93558675 -1   
11.93708979 -1   
11.93833585 -1   
11.93983683 -1   
11.94133535 -1   
11.94258526 -1   
11.94408264 -1   
11.94533212 -1   
11.94682971 -1   
11.94833318 -1   
11.94958027 -1   
11.95108098 -1   
11.95232686 -1   
11.95383007 -1   
11.95532534 -1   
11.95657409 -1   
11.95807502 -1   
11.95932607 -1   
11.96082350 -1   
11.96232585 -1   
11.96357332 -1   
11.96358710 -1   
11.99905782 -1   
11.99918956 1    
12.00030287 -1   
12.00179968 -1   
12.00305072 -1   
12.00454677 -1   
12.00605055 -1   
12.00754700 -1   
12.00879479 -1   
12.01029525 -1   
12.01155160 -1   
12.01304299 -1   
12.01454467 -1   
12.01579060 -1   
12.01729278 -1   
12.01853819 -1   
12.02003885 -1   
12.02153804 -1   
12.02278978 -1   
12.02428701 -1   
12.02578824 -1   
12.02703587 -1   
12.02853672 -1   
12.02978263 -1   
12.03128323 -1   
12.03278101 -1   
12.03403922 -1   
12.03552885 -1   
12.03678192 -1   
12.03827915 -1   
12.03977953 -1   
12.04102607 -1   
12.04252536 -1   
12.07376409 -1   
12.12009244 1    
12.12126304 1    
12.15196273 -1   
12.22067692 -1   
12.24016261 -1   
12.24166529 -1   
12.24291075 -1   
12.24441434 -1   
12.24566029 -1   
12.24716148 -1   
12.24865764 -1   
12.24985487 1    
12.24990019 -1   
12.25140940 -1   
12.25265909 -1   
12.25415529 -1   
12.25565708 -1   
12.25690270 -1   
12.25840186 -1   
12.25990120 -1   
12.27442315 1    
12.28739138 -1   
12.35548877 -1   
12.47878432 -1   
12.50687799 -1   
12.65803340 -1   
12.65819529 1    
12.80919453 -1   
12.86135052 1    
13.16898431 -1   
13.25233928 -1   
13.36014324 -1   
18.59827031 1    
20.17237463 1    
20.18153543 1    
20.18182647 1    
20.32357193 1    
20.46305207 -1   
20.79661968 -1   
27.02570031 1    
27.08807482 1    
27.17689704 1    
27.46354895 -1   
27.46446569 1    
27.77553211 -1   
27.77677034 -1   
27.77715065 -1   
27.78113182 1    
27.79040292 1    
27.93220747 1    
28.07644848 -1   
28.08286445 1    
28.23511072 -1   
28.32746048 -1   
28.46190773 -1   
28.46350219 1    
28.75930668 -1   
28.94995645 -1   
