0.00000000 1    
0.27699332 -1   
0.42815913 -1   
0.42852761 1    
0.58176621 1    
0.61313249 -1   
0.64045640 -1   
0.66044614 -1   
0.69242233 -1   
0.70014862 -1   
0.77642458 1    
0.79171992 -1   
0.92756576 1    
0.94287555 -1   
1.10926462 -1   
1.10929878 1    
1.15591422 -1   
1.18761619 -1   
1.19586341 -1   
1.26332726 -1   
1.26367581 1    
1.41461073 -1   
1.46025101 1    
1.67246373 -1   
1.67276321 1    
1.82512993 -1   
1.82516617 1    
1.97978572 -1   
1.98007130 1    
2.20466084 -1   
2.20671537 1    
2.37406685 -1   
2.37439680 1    
2.63590858 -1   
2.63693080 1    
2.79032011 -1   
3.05657522 -1   
3.05806346 -1   
3.05829361 -1   
3.06417432 1    
3.36924503 -1   
3.36938496 1    
3.52163637 -1   
3.52191679 1    
3.76629055 1    
3.89677551 -1   
3.90958004 1    
3.91758875 1    
4.06359364 -1   
4.10825025 1    
4.28371388 -1   
4.28402886 1    
4.43636043 -1   
4.43658310 1    
4.50822584 -1   
4.58798484 -1   
4.58802108 1    
5.01404874 -1   
5.01505356 1    
5.43421365 -1   
5.43546717 -1   
5.58672393 -1   
5.59050442 1    
5.74181274 1    
5.99746347 -1   
5.99771577 1    
6.15286967 -1   
6.31271376 -1   
6.31420425 -1   
6.32794433 -1   
6.32917397 -1   
6.33067338 -1   
6.34487452 -1   
6.36415833 -1   
6.36565169 -1   
6.36647256 1    
6.46763454 -1   
6.46911602 -1   
6.47061230 -1   
6.47183838 -1   
6.47336402 -1   
6.47461179 -1   
6.47736086 -1   
6.48110109 -1   
6.48260060 -1   
6.48383110 -1   
6.48534593 -1   
6.48660307 -1   
6.48810422 -1   
6.49807963 -1   
6.49957585 -1   
6.51731249 -1   
6.51881299 -1   
6.51906445 -1   
6.53531124 -1   
6.53533762 1    
6.67040701 -1   
6.73224847 1    
6.86099764 -1   
6.86159238 1    
6.88467801 1    
6.95958937 -1   
7.01159521 -1   
7.10826483 -1   
7.10856370 1    
7.14471292 -1   
7.16419383 -1   
7.18520957 -1   
7.22893414 -1   
7.31710656 -1   
7.31743668 1    
7.46987347 -1   
7.47004665 1    
7.62228522 -1   
7.76438086 -1   
7.76687017 1    
7.79235988 -1   
7.81259157 -1   
7.84082503 -1   
8.04415537 -1   
8.04449570 1    
8.05350921 1    
8.20669731 1    
8.22371360 -1   
8.40031055 1    
8.61398810 -1   
8.67012535 -1   
8.67109316 1    
8.67133488 -1   
8.76460086 -1   
8.76558713 1    
8.77555746 1    
8.82356430 1    
9.04348068 -1   
9.04486949 -1   
9.04526162 -1   
9.04935721 1    
9.05785294 1    
9.15581407 -1   
9.15735840 -1   
9.20218101 -1   
9.20221990 1    
9.21553301 1    
9.22428961 -1   
9.22578286 -1   
9.26824738 -1   
9.26950842 -1   
9.27100524 -1   
9.28261826 1    
9.31624188 -1   
9.31773001 -1   
9.34794911 -1   
9.34946160 -1   
9.35068795 -1   
9.36216962 1    
9.36846640 1    
9.43975882 -1   
9.56038270 1    
9.61829330 -1   
9.63400173 -1   
9.63605142 -1   
9.63729864 -1   
9.64629689 -1   
9.64754238 -1   
9.64902217 -1   
9.65029557 -1   
9.65179284 -1   
9.67175997 -1   
9.67327997 -1   
9.68852714 -1   
9.68974755 -1   
9.69126716 -1   
9.69249879 -1   
9.69401827 -1   
9.69551656 -1   
9.69676474 -1   
9.69826601 -1   
9.69976358 -1   
9.70101027 -1   
9.70250844 -1   
9.71178491 1    
9.78697045 -1   
9.78844111 -1   
9.78971352 -1   
9.79121172 -1   
9.79246010 -1   
9.79395290 -1   
9.79546018 -1   
9.79670881 -1   
9.80095798 -1   
9.80220187 -1   
9.80370468 -1   
9.80495117 -1   
9.80642863 -1   
9.80795035 -1   
9.80918937 -1   
9.81067647 -1   
9.82519309 -1   
9.82666901 -1   
9.82819122 -1   
9.82943853 -1   
9.84168239 -1   
9.84315822 -1   
9.84443339 -1   
9.84592725 -1   
9.84718132 -1   
9.84867663 -1   
9.85016783 -1   
9.85142506 -1   
9.85292321 -1   
9.85417264 -1   
9.85567804 -1   
9.85717249 -1   
9.85842528 -1   
9.85992191 -1   
9.86140062 -1   
9.86265053 -1   
9.86416846 -1   
9.86536289 1    
9.86538932 -1   
9.86691913 -1   
9.86841969 -1   
9.86966379 -1   
9.87116620 -1   
9.87241526 -1   
9.87391525 -1   
9.87393249 1    
9.94162991 -1   
9.94285063 -1   
9.94437205 -1   
9.94562045 -1   
9.94712329 -1   
9.94861981 -1   
9.94984989 -1   
9.95136681 -1   
9.95261917 -1   
9.95411543 -1   
9.95561528 -1   
9.95684241 -1   
9.95836618 -1   
9.95984251 -1   
9.96109289 -1   
9.96258819 -1   
9.96384456 -1   
9.96533940 -1   
9.96683707 -1   
9.96808692 -1   
9.96958821 -1   
9.97108336 -1   
9.97233689 -1   
9.97383280 -1   
9.97533424 -1   
9.97658093 -1   
9.97807969 -1   
9.97932845 -1   
9.98083173 -1   
9.98092610 1    
9.98232997 -1   
9.98357723 -1   
9.98508035 -1   
10.01433860 -1   
10.01581303 -1   
10.01732821 -1   
10.01858051 -1   
10.02008235 -1   
10.02133022 -1   
10.02280611 -1   
10.02432896 -1   
10.02557374 -1   
10.02705623 -1   
10.02830187 -1   
10.02979899 -1   
10.03129806 -1   
10.03255305 -1   
10.03404691 -1   
10.03529913 -1   
10.03679849 -1   
10.03829956 -1   
10.03954380 -1   
10.04104346 -1   
10.04229275 -1   
10.04379582 -1   
10.04531426 -1   
10.04656670 -1   
10.04806302 -1   
10.04931590 -1   
10.05081152 -1   
10.05231055 -1   
10.05355817 -1   
10.05504042 -1   
10.05630894 -1   
10.05780884 -1   
10.05897086 1    
10.05930698 -1   
10.06055437 -1   
10.06205365 -1   
10.06329984 -1   
10.06480932 -1   
10.06630237 -1   
10.06753225 -1   
10.06902823 -1   
10.07052897 -1   
10.07177677 -1   
10.07329843 -1   
10.07454802 -1   
10.07605077 -1   
10.07754633 -1   
10.07879730 -1   
10.08029443 -1   
10.08154724 -1   
10.08302074 -1   
10.08454392 -1   
10.08455768 1    
10.08579329 -1   
10.09603745 -1   
10.09753112 -1   
10.09878328 -1   
10.10026468 -1   
10.10153079 -1   
10.10303244 -1   
10.10453064 -1   
10.10576138 -1   
10.10727885 -1   
10.10853230 -1   
10.11002817 -1   
10.11152925 -1   
10.11277549 -1   
10.11427364 -1   
10.11577449 -1   
10.11702560 -1   
10.11852424 -1   
10.11864759 1    
10.11977446 -1   
10.12126998 -1   
10.12274851 -1   
10.12402037 -1   
10.12551977 -1   
10.12674566 -1   
10.12826970 -1   
10.12976669 -1   
10.13101744 -1   
10.13301494 -1   
10.13451259 -1   
10.13576204 -1   
10.13726513 -1   
10.13875979 -1   
10.13999352 -1   
10.14150864 -1   
10.14273932 -1   
10.14423636 -1   
10.14573407 -1   
10.14699859 -1   
10.14850280 -1   
10.15000348 -1   
10.15125587 -1   
10.15172264 1    
10.15273090 -1   
10.15397980 -1   
10.15548176 -1   
10.15697893 -1   
10.15822961 -1   
10.15972592 -1   
10.16727838 -1   
10.16878781 -1   
10.17028113 -1   
10.17151945 -1   
10.17300961 -1   
10.17449027 -1   
10.17459026 1    
10.17571964 -1   
10.17721765 -1   
10.17848956 -1   
10.17998731 -1   
10.18148894 -1   
10.18273609 -1   
10.18421547 -1   
10.18546147 -1   
10.18698516 -1   
10.18848229 -1   
10.18973568 -1   
10.19120884 -1   
10.19271257 -1   
10.19422636 -1   
10.19545666 -1   
10.19570715 -1   
10.19989661 1    
10.19990461 1    
10.23651892 1    
10.23680269 1    
10.32943310 1    
10.39114240 1    
10.69005064 -1   
10.69103457 1    
10.82837558 -1   
10.82986355 -1   
10.83811492 -1   
10.84415556 -1   
10.84761514 -1   
10.84910656 -1   
10.85035397 -1   
10.85183267 -1   
10.85333278 -1   
10.85882693 -1   
10.86033049 -1   
10.86159703 -1   
10.86309934 -1   
10.86320266 1    
10.86433986 -1   
10.86584344 -1   
10.87982053 -1   
10.88133240 -1   
10.88258636 -1   
10.88406296 -1   
10.88556652 -1   
10.89256234 -1   
10.89380896 -1   
10.89530587 -1   
10.89680378 -1   
10.89805307 -1   
10.89955459 -1   
10.90080283 -1   
10.90230647 -1   
10.90380040 -1   
10.94030909 -1   
10.94155037 -1   
10.94303203 -1   
10.94427742 -1   
10.94580073 -1   
10.94729628 -1   
10.94854964 -1   
10.95002533 -1   
10.95129451 -1   
10.95277369 -1   
10.95429533 -1   
10.95554237 -1   
10.95704646 -1   
10.95829075 -1   
10.95979229 -1   
10.96129019 -1   
10.96253833 -1   
10.96403830 -1   
10.96529151 -1   
10.96678634 -1   
10.96689350 1    
10.96829147 -1   
10.96953323 -1   
10.97103326 -1   
10.97228381 -1   
10.97378632 -1   
10.97528277 -1   
10.97651249 -1   
10.97800926 -1   
10.97925921 -1   
10.98075632 -1   
10.98227684 -1   
10.98352423 -1   
10.98500650 -1   
10.98650236 -1   
10.98775496 -1   
10.99199875 -1   
10.99350175 -1   
10.99499678 -1   
10.99625274 -1   
10.99774689 -1   
10.99899768 -1   
11.00049435 -1   
11.00199388 -1   
11.00324167 -1   
11.00474575 -1   
11.00626265 -1   
11.00752543 -1   
11.00901224 -1   
11.01024362 -1   
11.01173827 -1   
11.01323683 -1   
11.01448670 -1   
11.01598920 -1   
11.01723467 -1   
11.01873729 -1   
11.02298303 -1   
11.02423122 -1   
11.02432627 1    
11.02573271 -1   
11.02722809 -1   
11.02848136 -1   
11.02997687 -1   
11.03123000 -1   
11.03272602 -1   
11.03422470 -1   
11.03547447 -1   
11.03697606 -1   
11.03822199 -1   
11.03972410 -1   
11.04122171 -1   
11.04247323 -1   
11.04397188 -1   
11.04521936 -1   
11.04671864 -1   
11.04822232 -1   
11.04946704 -1   
11.05096839 -1   
11.05098254 1    
11.05221966 -1   
11.05371295 -1   
11.05521273 -1   
11.05646295 -1   
11.05796370 -1   
11.05945974 -1   
11.06071194 -1   
11.06221002 -1   
11.06345993 -1   
11.06495818 -1   
11.06645642 -1   
11.06770592 -1   
11.06920773 -1   
11.07045356 -1   
11.07195896 -1   
11.07345225 -1   
11.07470536 -1   
11.07620309 -1   
11.07770235 -1   
11.07919859 -1   
11.08045232 -1   
11.08194668 -1   
11.08320058 -1   
11.08469757 -1   
11.08622593 -1   
11.08746890 -1   
11.08896863 -1   
11.09021796 -1   
11.09171671 -1   
11.09321439 -1   
11.09446988 -1   
11.09596625 -1   
11.09606914 1    
11.09721544 -1   
11.09871391 -1   
11.10021569 -1   
11.10146140 -1   
11.10296367 -1   
11.10446074 -1   
11.10571109 -1   
11.10720743 -1   
11.10845917 -1   
11.10993284 -1   
11.11145015 -1   
11.11268432 -1   
11.11420349 -1   
11.11545139 -1   
11.11695306 -1   
11.11845101 -1   
11.11967626 -1   
11.12120052 -1   
11.12267914 -1   
11.12392760 -1   
11.12545030 -1   
11.12669507 -1   
11.12819678 -1   
11.12969365 -1   
11.13094172 -1   
11.13244294 -1   
11.13367246 -1   
11.13518971 -1   
11.13669170 -1   
11.13794372 -1   
11.13944071 -1   
11.14093635 -1   
11.14218633 -1   
11.14366437 -1   
11.14491569 -1   
11.14641052 -1   
11.14650042 1    
11.14791518 -1   
11.14829369 -1   
11.15499569 1    
11.20893543 1    
11.23261941 -1   
11.23411034 -1   
11.23961011 -1   
11.24085717 -1   
11.24235716 -1   
11.24360402 -1   
11.24510608 -1   
11.24660168 -1   
11.24785633 -1   
11.24935009 -1   
11.25060070 -1   
11.25212375 -1   
11.25362642 -1   
11.26084645 -1   
11.26211997 -1   
11.26361642 -1   
11.29085371 -1   
11.30231730 -1   
11.34732901 -1   
11.34856797 -1   
11.35556682 -1   
11.35706470 -1   
11.35831377 -1   
11.35981238 -1   
11.36131388 -1   
11.36256196 -1   
11.36406309 -1   
11.36531001 -1   
11.36678495 -1   
11.36829556 -1   
11.36953781 -1   
11.37105356 -1   
11.37230823 -1   
11.37380347 -1   
11.37655419 -1   
11.37657134 1    
11.44803761 -1   
11.44926026 -1   
11.45076267 -1   
11.45660473 -1   
11.46800410 -1   
11.46951782 -1   
11.47099649 -1   
11.47224921 -1   
11.47374953 -1   
11.47524546 -1   
11.47650042 -1   
11.47799455 -1   
11.47924456 -1   
11.48074457 -1   
11.48224081 -1   
11.48623931 -1   
11.48774073 -1   
11.48924105 -1   
11.49048900 -1   
11.49198732 -1   
11.49896198 -1   
11.50023243 -1   
11.50173395 -1   
11.50322838 -1   
11.50447986 -1   
11.50597876 -1   
11.50722843 -1   
11.50841544 1    
11.50870393 -1   
11.51024464 -1   
11.51147616 -1   
11.51296890 -1   
11.51422200 -1   
11.51572148 -1   
11.51722292 -1   
11.51872262 -1   
11.53121211 -1   
11.53271222 -1   
11.53421448 -1   
11.53546043 -1   
11.53695964 -1   
11.53821002 -1   
11.53971275 -1   
11.54120706 -1   
11.54245947 -1   
11.56494833 -1   
11.56619879 -1   
11.56769144 -1   
11.56919377 -1   
11.57043984 -1   
11.57194366 -1   
11.57343840 -1   
11.57891582 -1   
11.58041310 -1   
11.58166154 -1   
11.58316206 -1   
11.58441368 -1   
11.58590826 -1   
11.58741079 -1   
11.58865748 -1   
11.59015911 -1   
11.59165582 -1   
11.59293237 -1   
11.59442673 -1   
11.59567788 -1   
11.59684388 1    
11.59717881 -1   
11.59867744 -1   
11.59993830 -1   
11.60142303 -1   
11.60267154 -1   
11.60417116 -1   
11.60418485 1    
11.60567302 -1   
11.60690417 -1   
11.61392932 -1   
11.61541723 -1   
11.61689468 -1   
11.61814022 -1   
11.61964220 -1   
11.62088964 -1   
11.62238758 -1   
11.62388770 -1   
11.62513963 -1   
11.62769299 -1   
11.63138310 -1   
11.63292151 -1   
11.63415449 -1   
11.63565236 -1   
11.63715615 -1   
11.63840428 -1   
11.63991123 -1   
11.64114913 -1   
11.64265174 -1   
11.64412884 -1   
11.64537547 -1   
11.64687381 -1   
11.64812805 -1   
11.64962171 -1   
11.65112409 -1   
11.65237121 -1   
11.65387409 -1   
11.65511989 -1   
11.65629712 1    
11.65661977 -1   
11.65812097 -1   
11.65937086 -1   
11.66086652 -1   
11.66211791 -1   
11.68985413 -1   
11.69110205 -1   
11.69259937 -1   
11.69385010 -1   
11.69534596 -1   
11.70909207 -1   
11.71034306 -1   
11.71183777 -1   
11.75485166 1    
11.77808632 -1   
11.84029579 1    
11.84030541 1    
11.84058844 1    
11.84973896 1    
11.90780179 1    
11.93042059 -1   
12.24190974 -1   
12.26430059 -1   
12.26579286 -1   
12.26704718 -1   
12.26854329 -1   
12.27004401 -1   
12.27129068 -1   
12.27277260 -1   
12.27403915 -1   
12.27553813 -1   
12.27701526 -1   
12.27829086 -1   
12.27978461 -1   
12.28103988 -1   
12.28251253 -1   
12.28401510 -1   
12.28525900 -1   
12.28675811 -1   
12.28685217 1    
12.28828716 -1   
12.28952354 -1   
12.29103130 -1   
12.29227856 -1   
12.29375845 -1   
12.30002492 -1   
12.30127209 -1   
12.30277151 -1   
12.30427302 -1   
12.30551471 -1   
12.31075009 -1   
12.31199502 -1   
12.31349611 -1   
12.31474294 -1   
12.31624390 -1   
12.31774275 -1   
12.31899402 -1   
12.32051348 -1   
12.32174136 -1   
12.32325998 -1   
12.32476453 -1   
12.32600825 -1   
12.32750617 -1   
12.32900723 -1   
12.33025763 -1   
12.33175566 -1   
12.33300610 -1   
12.33450258 -1   
12.33600559 -1   
12.33725249 -1   
12.33875146 -1   
12.34000267 -1   
12.34147964 -1   
12.34297828 -1   
12.34423023 -1   
12.34431694 1    
12.34573023 -1   
12.34722615 -1   
12.34847536 -1   
12.34997246 -1   
12.35122320 -1   
12.35272047 -1   
12.35422110 -1   
12.35547396 -1   
12.36398706 -1   
12.36523697 -1   
12.36673688 -1   
12.36823368 -1   
12.36948592 -1   
12.37098193 -1   
12.37223503 -1   
12.37373116 -1   
12.37523450 -1   
12.37645808 -1   
12.37798352 -1   
12.38222525 -1   
12.38345237 -1   
12.38495242 -1   
12.38622583 -1   
12.38772281 -1   
12.38920449 -1   
12.39044963 -1   
12.39197668 -1   
12.39319972 -1   
12.39472035 -1   
12.39622331 -1   
12.39747396 -1   
12.39896908 -1   
12.40047260 -1   
12.40471836 -1   
12.40621435 -1   
12.40746334 -1   
12.40896580 -1   
12.40906393 1    
12.41019181 -1   
12.41168695 -1   
12.41318836 -1   
12.41443414 -1   
12.41593617 -1   
12.41718446 -1   
12.41868645 -1   
12.42020954 -1   
12.42145560 -1   
12.42295304 -1   
12.42992673 -1   
12.43117701 -1   
12.43268078 -1   
12.43417533 -1   
12.43542599 -1   
12.43692518 -1   
12.43819638 -1   
12.43969350 -1   
12.44119526 -1   
12.44244172 -1   
12.44392447 -1   
12.44544080 -1   
12.44668796 -1   
12.44818809 -1   
12.44943934 -1   
12.45093858 -1   
12.45243990 -1   
12.45368651 -1   
12.45518842 -1   
12.45642926 -1   
12.45793147 -1   
12.45944411 -1   
12.46068308 -1   
12.46079565 1    
12.46218362 -1   
12.46367864 -1   
12.46768081 -1   
12.46915572 -1   
12.47065717 -1   
12.47190388 -1   
12.47341787 -1   
12.47465205 -1   
12.47615483 -1   
12.47765199 -1   
12.47889852 -1   
12.48039839 -1   
12.48189973 -1   
12.48314592 -1   
12.48464927 -1   
12.48589338 -1   
12.48614439 -1   
12.49651896 1    
12.49765301 -1   
12.49915836 -1   
12.50041357 -1   
12.50188704 -1   
12.50340331 -1   
12.50466893 -1   
12.50613592 -1   
12.50766465 -1   
12.51463569 -1   
12.51612754 -1   
12.51737965 -1   
12.51888262 -1   
12.52014881 -1   
12.52164217 -1   
12.52312758 -1   
12.52437213 -1   
12.52588937 -1   
12.52714226 -1   
12.52864503 -1   
12.53139036 -1   
12.53286783 -1   
12.53413284 -1   
12.53563756 -1   
12.53711723 -1   
12.53836766 -1   
12.53986411 -1   
12.54097197 1    
12.54111481 -1   
12.54963993 -1   
12.55112971 -1   
12.55235696 -1   
12.55388016 -1   
12.55510516 -1   
12.55663051 -1   
12.55812427 -1   
12.55937794 -1   
12.56085258 -1   
12.56237202 -1   
12.56766198 1    
12.65287121 -1   
12.65482374 -1   
12.65607364 -1   
12.66331714 -1   
12.66481571 -1   
12.66606345 -1   
12.66754305 -1   
12.66906404 -1   
12.67031972 -1   
12.67179695 -1   
12.67308180 -1   
12.67730839 -1   
12.67881005 -1   
12.68430511 -1   
12.68580513 -1   
12.68705090 -1   
12.68854787 -1   
12.70404473 -1   
12.76405013 1    
12.78050354 -1   
12.78199742 -1   
12.78324856 -1   
12.79324284 -1   
12.79449261 -1   
12.79599150 -1   
12.79748765 -1   
12.79871639 -1   
12.80023610 -1   
12.80148929 -1   
12.80299099 -1   
12.80448878 -1   
12.81147877 -1   
12.81273100 -1   
12.81423212 -1   
12.81544807 -1   
12.84219462 -1   
12.84369150 -1   
12.86420330 -1   
12.86434184 1    
12.86545176 -1   
12.86694733 -1   
12.86820178 -1   
12.86969679 -1   
12.87119866 -1   
12.87244494 -1   
12.87394503 -1   
12.87519333 -1   
12.87667534 -1   
12.87819139 -1   
12.87944289 -1   
12.88093807 -1   
12.88219232 -1   
12.88369010 -1   
12.88518919 -1   
12.88643703 -1   
12.88794043 -1   
12.88918492 -1   
12.89068772 -1   
12.89266672 -1   
12.89391381 -1   
12.89540980 -1   
12.89691251 -1   
12.89815687 -1   
12.89965794 -1   
12.90090673 -1   
12.90243649 -1   
12.90392725 -1   
12.90517850 -1   
12.90665340 -1   
12.90817917 -1   
12.90942484 -1   
12.91092215 -1   
12.91217323 -1   
12.91367363 -1   
12.91517020 -1   
12.91525051 1    
12.91642371 -1   
12.91791855 -1   
12.91916957 -1   
12.92066911 -1   
12.92216468 -1   
12.92341563 -1   
12.92491781 -1   
12.92616324 -1   
12.92766630 -1   
12.92916213 -1   
12.93041162 -1   
12.93191362 -1   
12.93314165 -1   
12.93465919 -1   
12.93616270 -1   
12.93740756 -1   
12.93890965 -1   
12.94015684 -1   
12.94165124 -1   
12.94314996 -1   
12.94440684 -1   
12.94590461 -1   
12.94715714 -1   
12.94865554 -1   
12.94867631 1    
12.95012953 -1   
12.95164491 -1   
12.95288171 -1   
12.95439803 -1   
12.95564740 -1   
12.95714661 -1   
12.95865421 -1   
12.95987402 -1   
12.96139810 -1   
12.96289357 -1   
12.96415002 -1   
12.96564634 -1   
12.96687214 -1   
12.96839403 -1   
12.96989550 -1   
12.97113769 -1   
12.97263752 -1   
12.97386460 -1   
12.97539122 -1   
12.97686482 -1   
12.97813122 -1   
12.97962798 -1   
12.98113641 -1   
12.98237758 -1   
12.98385985 -1   
12.98512603 -1   
12.98661191 -1   
12.98810868 -1   
12.98935989 -1   
12.98975933 -1   
12.98983741 1    
12.99560526 -1   
12.99710349 -1   
13.00587325 -1   
13.00709801 -1   
13.05860897 -1   
13.05876065 1    
13.05982036 -1   
13.06133706 -1   
13.06808512 -1   
13.06931240 -1   
13.07081426 -1   
13.07231146 -1   
13.10062032 1    
13.12028897 -1   
13.12178039 -1   
13.12304914 -1   
13.14196023 -1   
13.21425320 -1   
13.21574879 -1   
13.22475116 -1   
13.22600042 -1   
13.22749405 -1   
13.22874704 -1   
13.23024662 -1   
13.29440265 -1   
13.29443443 1    
13.46421442 -1   
13.65593774 -1   
13.67097631 -1   
13.67201336 1    
13.80619969 -1   
14.07760950 -1   
14.23468376 -1   
14.23491309 -1   
18.91410146 -1   
21.08334687 1    
21.09250276 1    
21.09279073 1    
21.23495550 1    
21.50661798 -1   
21.84590962 -1   
28.04048987 1    
28.44363627 -1   
28.44452776 1    
28.86255067 -1   
28.86404424 -1   
28.86442146 -1   
28.86847146 1    
28.87777197 1    
29.01972393 1    
29.28490502 -1   
29.28508709 1    
29.45631454 -1   
29.60262627 -1   
29.64612939 -1   
29.64794402 1    
30.05820785 -1   
30.24884781 -1   
