0.00000000 1    
3.49528893 -1   
3.64886745 -1   
3.73011301 1    
3.80126527 -1   
3.88279466 1    
3.95370096 -1   
3.98089221 1    
4.03314313 1    
4.15908266 -1   
4.18459988 1    
4.31047347 -1   
4.55323006 -1   
4.56313369 1    
4.70450120 -1   
4.71565669 1    
4.89889072 -1   
5.09660310 1    
5.09692767 -1   
5.28674036 1    
5.28706618 -1   
5.41432299 1    
5.43856849 1    
5.43858841 -1   
5.63099584 -1   
5.63328861 1    
5.82337157 -1   
6.21970990 1    
6.22168055 -1   
6.56751209 1    
6.56850201 -1   
6.92868595 1    
6.93017473 1    
6.93055528 1    
6.93624230 -1   
7.13916277 1    
7.13944568 -1   
7.35039734 1    
7.35385401 -1   
7.55326493 -1   
7.67307250 -1   
7.69284117 1    
7.82372623 -1   
7.88398224 1    
7.97515123 -1   
8.03542532 1    
8.18656001 1    
8.18855211 -1   
8.33772471 1    
8.33991847 -1   
8.54587672 1    
8.54689912 -1   
8.70051727 1    
8.89733937 1    
8.89882339 1    
8.89919495 1    
8.90314173 -1   
9.09499244 -1   
9.26069940 1    
9.26096748 -1   
9.44733701 1    
9.65689533 1    
9.65838855 1    
9.65935055 1    
9.66086745 1    
9.66236289 1    
9.66388338 1    
9.66513431 1    
9.66663744 1    
9.69710163 -1   
9.74959294 1    
9.75108324 1    
9.81180557 1    
9.81304619 1    
9.81454439 1    
9.81577494 1    
9.81729248 1    
9.81879353 1    
9.82004483 1    
9.82151948 1    
9.82277174 1    
9.82429018 1    
9.82576723 1    
9.82703939 1    
9.82853600 1    
9.83003752 1    
9.85227776 1    
9.85229102 -1   
9.85292485 1    
10.04586188 1    
10.04643730 -1   
10.22575090 1    
10.24680374 1    
10.26004666 1    
10.26628948 1    
10.40371394 1    
10.40388297 -1   
10.55855557 1    
10.55859288 -1   
10.59760356 1    
10.62983659 1    
10.63020268 -1   
10.64382432 1    
10.65806585 1    
10.71537774 1    
10.71541555 -1   
10.86877764 1    
10.86907682 -1   
11.04867379 1    
11.04959189 -1   
11.10978987 1    
11.11130343 1    
11.20228454 1    
11.20231861 -1   
11.21284908 -1   
11.21285484 -1   
11.36593836 -1   
11.42888216 1    
11.43037130 1    
11.43072769 1    
11.44419822 -1   
11.56083185 -1   
11.58278955 1    
11.58403402 1    
11.59974432 1    
11.61304053 -1   
11.71375122 -1   
11.75844024 1    
11.75993299 1    
11.76755453 1    
11.78121226 -1   
11.89483960 1    
11.89635508 1    
11.90685700 -1   
11.93569668 1    
11.94884600 1    
11.95000857 -1   
11.95004626 1    
12.07150741 1    
12.07298046 1    
12.07425413 1    
12.08280087 -1   
12.08549907 1    
12.08551227 -1   
12.09175224 -1   
12.10021727 1    
12.10168849 1    
12.21292545 1    
12.21442105 1    
12.23743332 -1   
12.25437057 1    
12.29461042 1    
12.29612733 1    
12.30462098 1    
12.30611479 1    
12.38533628 1    
12.38680099 1    
12.38807409 1    
12.44434002 1    
12.45029228 1    
12.45178799 1    
12.54846648 1    
12.54866720 -1   
12.54998589 1    
12.55123076 1    
12.58321779 1    
12.58471430 1    
12.58596157 1    
12.59525151 1    
12.63144193 1    
12.63293467 1    
12.63890884 1    
12.68288730 1    
12.68416435 1    
12.68565733 1    
12.70043003 -1   
12.73512766 1    
12.73662325 1    
12.73785349 1    
12.74644987 1    
12.75733842 1    
12.78684521 1    
12.81085328 1    
12.84631911 1    
12.84781341 1    
12.86805002 1    
12.86807581 -1   
12.88853454 1    
12.88976299 1    
12.89844014 1    
12.91027685 1    
12.95375457 1    
12.95524253 1    
12.96499588 1    
12.98473394 1    
12.98622832 1    
13.01744362 1    
13.01871515 1    
13.02845672 1    
13.02995866 1    
13.05394435 1    
13.05544312 1    
13.06207205 1    
13.06217273 -1   
13.08018250 1    
13.10117132 1    
13.12040580 1    
13.12188036 1    
13.15614181 1    
13.15763436 1    
13.18260350 1    
13.18409407 1    
13.20885609 1    
13.21010231 1    
13.21159840 1    
13.21313001 1    
13.23856719 1    
13.23858230 -1   
13.24006707 1    
13.24131087 1    
13.26958630 1    
13.27079971 1    
13.27882060 1    
13.30879900 1    
13.31004678 1    
13.31154494 1    
13.31304183 1    
13.33003620 1    
13.33129086 1    
13.36124867 1    
13.36251583 1    
13.36401454 1    
13.36459516 1    
13.37875859 1    
13.38025787 1    
13.41948922 1    
13.41951771 -1   
13.45072216 1    
13.45196366 1    
13.45346426 1    
13.45493948 1    
13.45620521 1    
13.45771065 1    
13.47445487 1    
13.47569989 1    
13.50443894 1    
13.50566114 1    
13.51443096 1    
13.51594961 1    
13.52241806 1    
13.52392297 1    
13.53117072 1    
13.53140027 1    
13.53254034 -1   
13.54591420 1    
13.54740946 1    
13.55563624 1    
13.55688139 1    
13.55840469 1    
13.58688694 1    
13.58690150 -1   
13.58838423 1    
13.58961498 1    
13.59461552 1    
13.59588876 1    
13.60337926 1    
13.61337165 1    
13.61462298 1    
13.64260667 1    
13.64410764 1    
13.65384959 1    
13.65507702 1    
13.65657326 1    
13.68384794 1    
13.68508020 1    
13.68658129 1    
13.68780784 1    
13.68945348 1    
13.69081683 1    
13.71057038 1    
13.71206451 1    
13.73080665 1    
13.73230383 1    
13.73380419 1    
13.73877929 1    
13.74030086 1    
13.74154851 1    
13.74829736 1    
13.74831161 -1   
13.74977794 1    
13.77801173 1    
13.77950727 1    
13.78100154 1    
13.78227626 1    
13.78377494 1    
13.79851601 1    
13.80002082 1    
13.80901460 1    
13.81052093 1    
13.83822452 1    
13.83971893 1    
13.84099054 1    
13.84248936 1    
13.84399447 1    
13.84464304 1    
13.84799040 1    
13.84923596 1    
13.87072790 1    
13.87083042 -1   
13.87222206 1    
13.87346988 1    
13.88971775 1    
13.89096124 1    
13.89246289 1    
13.90970409 1    
13.90972328 -1   
13.91094171 1    
13.91244959 1    
13.91394864 1    
13.92801610 -1   
13.92994164 1    
13.93118859 1    
13.93269084 1    
13.93393726 1    
13.94791472 1    
13.94915534 1    
13.96267694 1    
13.96417091 1    
13.96542171 1    
13.96693747 1    
13.99627481 1    
14.06014516 -1   
14.22577716 1    
14.22703594 1    
14.24251691 1    
14.24401257 1    
14.24526232 1    
14.24536494 -1   
14.24676041 1    
14.24800876 1    
14.25151038 1    
14.25300558 1    
14.25423633 1    
14.25573265 1    
14.25697980 1    
14.25850177 1    
14.26000476 1    
14.26122894 1    
14.26275077 1    
14.26399967 1    
14.26550100 1    
14.26699690 1    
14.26824596 1    
14.26974563 1    
14.27122713 1    
14.27247570 1    
14.27399407 1    
14.27524347 1    
14.27674494 1    
14.27824200 1    
14.27949005 1    
14.28098940 1    
14.28224040 1    
14.28371624 1    
14.28483574 -1   
14.28521622 1    
14.28646317 1    
14.28798283 1    
14.28946381 1    
14.29071475 1    
14.29221083 1    
14.29348527 1    
14.29462608 -1   
14.29498105 1    
14.29647978 1    
14.29773322 1    
14.29922846 1    
14.30047997 1    
14.30197731 1    
14.30347936 1    
14.30470479 1    
14.30620274 1    
14.30770397 1    
14.30895393 1    
14.31047097 1    
14.31172419 1    
14.31321993 1    
14.32174303 -1   
14.33097460 -1   
14.37827347 1    
14.38832513 -1   
14.43792875 -1   
14.44369544 -1   
14.59083391 -1   
14.75331732 1    
14.75429496 -1   
14.89538882 1    
14.89663804 1    
14.90935284 1    
14.93461833 1    
14.93585273 1    
14.94510428 1    
14.94659143 1    
14.94784057 1    
14.95558785 1    
14.95708037 1    
14.95833235 1    
14.96582787 1    
14.96595447 -1   
14.96734900 1    
14.96859560 1    
14.97009660 1    
14.97157235 1    
14.97509578 1    
14.98483791 1    
14.98633602 1    
14.98783471 1    
14.98908553 1    
14.99058282 1    
14.99208447 1    
15.00282740 1    
15.00432922 1    
15.01806843 1    
15.01956297 1    
15.02079382 1    
15.02231659 1    
15.02379255 1    
15.02504426 1    
15.02681128 1    
15.02806310 1    
15.02956036 1    
15.03655706 1    
15.03805532 1    
15.03939891 1    
15.04727790 1    
15.04880175 1    
15.05004870 1    
15.05155132 1    
15.05277440 1    
15.06704040 1    
15.06853963 1    
15.06976755 1    
15.07753771 1    
15.07766057 -1   
15.07903473 1    
15.08028053 1    
15.08772833 1    
15.08927531 1    
15.09077788 1    
15.09202726 1    
15.09352773 1    
15.09501986 1    
15.10252272 1    
15.10401959 1    
15.10526085 1    
15.10674474 1    
15.10801897 1    
15.10951338 1    
15.12400924 1    
15.12402340 -1   
15.12550780 1    
15.13350179 1    
15.13499911 1    
15.13624997 1    
15.13775129 1    
15.13897822 1    
15.14047923 1    
15.14347442 1    
15.14472587 1    
15.15323953 1    
15.15474112 1    
15.15598989 1    
15.15748902 1    
15.16298388 1    
15.16423612 1    
15.17097939 1    
15.17247770 1    
15.17372713 1    
15.17945397 1    
15.18070161 1    
15.18220263 1    
15.18994707 1    
15.19119936 1    
15.19269374 1    
15.19394513 1    
15.19544299 1    
15.20219018 1    
15.20227751 -1   
15.20344509 1    
15.20493612 1    
15.20618873 1    
15.20768578 1    
15.20918679 1    
15.21369919 1    
15.21495384 1    
15.21645476 1    
15.21795406 1    
15.21920133 1    
15.22070252 1    
15.22395062 1    
15.22520041 1    
15.23319391 1    
15.23443689 1    
15.23594266 1    
15.23719428 1    
15.24106882 1    
15.24293947 1    
15.24418941 1    
15.24566718 1    
15.25868035 1    
15.26017807 1    
15.26142719 1    
15.26293034 1    
15.26442603 1    
15.26865411 1    
15.27017404 1    
15.27165354 1    
15.27714802 1    
15.27864808 1    
15.27989477 1    
15.28641677 1    
15.28643138 -1   
15.28791336 1    
15.28916064 1    
15.29066450 1    
15.29191167 1    
15.29341328 1    
15.30290598 1    
15.30439331 1    
15.30587994 1    
15.30715300 1    
15.30865006 1    
15.31015126 1    
15.31137797 1    
15.31340080 1    
15.31464776 1    
15.31614942 1    
15.32289367 1    
15.32414287 1    
15.33088873 1    
15.33213975 1    
15.33363558 1    
15.33911705 1    
15.34063211 1    
15.34188564 1    
15.34887852 1    
15.35012926 1    
15.35162682 1    
15.35290108 1    
15.35435394 1    
15.35587696 1    
15.35712700 1    
15.35862800 1    
15.36186881 1    
15.36337014 1    
15.36486794 1    
15.36611991 1    
15.36621643 -1   
15.36761925 1    
15.36911459 1    
15.37136911 1    
15.37259506 1    
15.37411231 1    
15.38060990 1    
15.38211019 1    
15.38335734 1    
15.39036298 1    
15.39160286 1    
15.39310466 1    
15.39435036 1    
15.39582822 1    
15.39732700 1    
15.39757792 1    
15.39907986 1    
15.40057961 1    
15.40859692 1    
15.41009103 1    
15.41159122 1    
15.41434270 1    
15.41559092 1    
15.41709107 1    
15.41801638 -1   
15.41831723 1    
15.41984009 1    
15.42132273 1    
15.42258084 1    
15.42408872 1    
15.43757848 1    
15.43905689 1    
15.44056950 1    
15.44180167 1    
15.44332334 1    
15.44457451 1    
15.44607052 1    
15.44757446 1    
15.44880003 1    
15.45032328 1    
15.45040721 -1   
15.45556495 1    
15.45558285 -1   
15.45706740 1    
15.45831441 1    
15.46329449 1    
15.46456304 1    
15.46606301 1    
15.47055717 1    
15.47178531 1    
15.47330783 1    
15.47480949 1    
15.47605590 1    
15.47755563 1    
15.47878118 1    
15.48030445 1    
15.48180209 1    
15.54751702 1    
15.54901106 1    
15.55026453 1    
15.55027477 1    
15.55401302 1    
15.55550484 1    
15.55673894 1    
15.55825990 1    
15.55975911 1    
15.56100557 1    
15.57273186 1    
15.57424862 1    
15.57550205 1    
15.57699775 1    
15.57849639 1    
15.57974705 1    
15.58124796 1    
15.58249356 1    
15.58399542 1    
15.62122207 1    
15.62123733 -1   
15.62269787 1    
15.63821582 1    
15.63945962 1    
15.64095910 1    
15.64221212 1    
15.64370837 1    
15.64520956 1    
15.64645611 1    
15.64795671 1    
15.64920507 1    
15.65070611 1    
15.65220637 1    
15.65345751 1    
15.65495403 1    
15.65920495 1    
15.66044903 1    
15.66194793 1    
15.66319820 1    
15.66469893 1    
15.66619567 1    
15.66626520 -1   
15.66969637 1    
15.67093904 1    
15.69067778 1    
15.69218333 1    
15.69343175 1    
15.69492935 1    
15.69643222 1    
15.69767866 1    
15.70167914 1    
15.70292443 1    
15.70442315 1    
15.70465221 1    
15.71067311 1    
15.71217106 1    
15.71342037 1    
15.71866620 1    
15.71991863 1    
15.72141299 1    
15.72291249 1    
15.72416304 1    
15.72566767 1    
15.72690968 1    
15.72809922 -1   
15.72838416 1    
15.72991134 1    
15.73115967 1    
15.73265847 1    
15.73390977 1    
15.73540638 1    
15.73690785 1    
15.73839946 1    
15.73966090 1    
15.74115372 1    
15.74265130 1    
15.74390224 1    
15.74538205 1    
15.74662771 1    
15.74814645 1    
15.74964805 1    
15.75089910 1    
15.75239794 1    
15.75364573 1    
15.75514515 1    
15.75664628 1    
15.75789306 1    
15.75939593 1    
15.76089040 1    
15.76214339 1    
15.76513788 1    
15.76664049 1    
15.76786702 1    
15.76937644 1    
15.77063614 1    
15.77212303 1    
15.77363358 1    
15.77488588 1    
15.77638302 1    
15.77763437 1    
15.77910892 1    
15.78063172 1    
15.78189290 1    
15.78305542 -1   
15.78338059 1    
15.78488063 1    
15.78612932 1    
15.78614309 -1   
15.78762983 1    
15.78890245 1    
15.79087332 1    
15.79237455 1    
15.79912433 1    
15.85705301 1    
15.95676380 1    
15.95700273 -1   
15.98268664 -1   
15.98269572 -1   
15.98297905 -1   
15.98298417 -1   
16.00861106 1    
16.13624630 -1   
16.14866954 1    
16.14991900 1    
16.20134087 1    
16.22662845 1    
16.35375146 1    
16.35778897 1    
16.35927965 1    
16.36055205 1    
16.36067172 -1   
16.36202935 1    
16.36352496 1    
16.36879784 1    
16.37027321 1    
16.37154685 1    
16.37903821 1    
16.38054056 1    
16.38176464 1    
16.38328959 1    
16.38478609 1    
16.38603376 1    
16.38753504 1    
16.38876416 1    
16.39026319 1    
16.39178246 1    
16.39302909 1    
16.39828276 1    
16.39977636 1    
16.40127568 1    
16.40252470 1    
16.40402709 1    
16.40551673 1    
16.40675251 1    
16.40827445 1    
16.40977498 1    
16.41102259 1    
16.41249687 1    
16.41374617 1    
16.41524820 1    
16.41674526 1    
16.41801816 1    
16.42099311 1    
16.42224495 1    
16.42376358 1    
16.42501123 1    
16.42510919 -1   
16.42651195 1    
16.42801106 1    
16.42926309 1    
16.43073567 1    
16.43201518 1    
16.43350129 1    
16.43498292 1    
16.43625120 1    
16.43773548 1    
16.43898378 1    
16.44048258 1    
16.44200055 1    
16.44325537 1    
16.44474983 1    
16.44624955 1    
16.44749983 1    
16.45599400 1    
16.45724213 1    
16.45874590 1    
16.46298970 1    
16.46448754 1    
16.46573744 1    
16.46848900 1    
16.46998024 1    
16.47146717 1    
16.47271258 1    
16.47423249 1    
16.47548165 1    
16.47698373 1    
16.47845930 1    
16.47973373 1    
16.48123035 1    
16.48273268 1    
16.48397838 1    
16.48545596 1    
16.48670613 1    
16.48822372 1    
16.48829543 -1   
16.48970673 1    
16.49097710 1    
16.49247478 1    
16.49372184 1    
16.49522480 1    
16.50423525 1    
16.51248820 -1   
16.54667705 1    
16.54816839 1    
16.54944240 1    
16.55091989 1    
16.55244273 1    
16.55368848 1    
16.55518971 1    
16.55643759 1    
16.55793513 1    
16.55943528 1    
16.56068551 1    
16.56218317 1    
16.56343614 1    
16.56493139 1    
16.56643320 1    
16.56768015 1    
16.56917830 1    
16.57065651 1    
16.57193197 1    
16.57342501 1    
16.57468051 1    
16.57617833 1    
16.57767679 1    
16.57892267 1    
16.58042308 1    
16.58167127 1    
16.58317396 1    
16.58466878 1    
16.58592234 1    
16.58741824 1    
16.58751989 -1   
16.58889603 1    
16.59016629 1    
16.59164779 1    
16.59291417 1    
16.59442044 1    
16.59866840 1    
16.59991518 1    
16.60141206 1    
16.60291520 1    
16.60417375 1    
16.60563928 1    
16.60690939 1    
16.60840871 1    
16.60988398 1    
16.61113378 1    
16.61263219 1    
16.61388540 1    
16.61540317 1    
16.61688229 1    
16.61812826 1    
16.61963028 1    
16.62112728 1    
16.62262705 1    
16.62389895 1    
16.62539931 1    
16.62664481 1    
16.62814886 1    
16.62964333 1    
16.63089854 1    
16.63239457 1    
16.63389290 1    
16.63513631 1    
16.63672155 1    
16.63788991 1    
16.63938862 1    
16.63947410 -1   
16.64089074 1    
16.64213661 1    
16.64361655 1    
16.64488666 1    
16.64638023 1    
16.64788072 1    
16.64911456 1    
16.65062543 1    
16.65186841 1    
16.65338005 1    
16.65489111 1    
16.65611161 1    
16.65763060 1    
16.65888179 1    
16.66038035 1    
16.66189290 1    
16.66225407 1    
16.71033470 1    
16.71038378 -1   
16.71182968 1    
16.74656218 1    
16.74805438 1    
16.74930245 1    
16.75080452 1    
16.75232415 1    
16.75357521 1    
16.75506918 1    
16.75632565 1    
16.75781470 1    
16.75931475 1    
16.76056919 1    
16.76581989 1    
16.76731689 1    
16.76856900 1    
16.79877894 1    
16.81728942 1    
16.81853593 1    
16.82003077 1    
16.82826415 1    
16.82950998 1    
16.83100593 1    
16.83225830 1    
16.83375464 1    
16.83525490 1    
16.83650378 1    
16.83800872 1    
16.83951988 1    
16.84075457 1    
16.84227230 1    
16.84375484 1    
16.84502164 1    
16.84651884 1    
16.84801329 1    
16.85370687 1    
16.85587163 -1   
16.86851221 1    
16.86853308 -1   
16.87001117 1    
16.87125689 1    
16.87275686 1    
16.87400789 1    
16.87549955 1    
16.87701976 1    
16.87823432 1    
16.87973367 1    
16.88125366 1    
16.88249959 1    
16.88399959 1    
16.88947701 1    
16.89097592 1    
16.89222141 1    
16.91821868 1    
16.91947864 1    
16.92097788 1    
16.92220581 1    
16.92370741 1    
16.92520191 1    
16.92645436 1    
16.92795355 1    
16.92935588 1    
16.93070113 1    
16.93220379 1    
16.93344911 1    
16.93496308 1    
16.93847128 1    
16.93997117 1    
16.94121532 1    
16.94271803 1    
16.94405401 1    
16.94546522 1    
16.95045948 1    
16.95055339 -1   
16.97093546 1    
16.97242743 1    
16.97367783 1    
16.97517613 1    
16.97667473 1    
16.97793967 1    
16.98067482 1    
16.98192083 1    
16.98342403 1    
16.98491985 1    
16.98616807 1    
16.98766791 1    
16.98891927 1    
16.99041543 1    
16.99191894 1    
16.99316517 1    
16.99466640 1    
16.99591336 1    
16.99741186 1    
16.99891106 1    
17.00141724 1    
17.00291191 1    
17.00416740 1    
17.00565861 1    
17.00690908 1    
17.00840646 1    
17.00990877 1    
17.01115696 1    
17.01265585 1    
17.01417277 1    
17.01483673 1    
17.01642354 1    
17.01792705 1    
17.01942194 1    
17.04114931 1    
17.04120324 -1   
17.04266142 1    
17.04390992 1    
17.04540654 1    
17.04690524 1    
17.04815878 1    
17.04963315 1    
17.05090649 1    
17.05240290 1    
17.05390428 1    
17.05512926 1    
17.05665122 1    
17.05789895 1    
17.05940279 1    
17.06087721 1    
17.06212741 1    
17.06362541 1    
17.06512634 1    
17.06662156 1    
17.06788254 1    
17.06937088 1    
17.07087238 1    
17.07098812 -1   
17.07212188 1    
17.07361781 1    
17.07486951 1    
17.07636836 1    
17.07788290 1    
17.07913723 1    
17.08063866 1    
17.08188680 1    
17.08338757 1    
17.08489049 1    
17.08613612 1    
17.08761086 1    
17.08887866 1    
17.14058450 1    
17.14208071 1    
17.15109802 1    
17.15630905 -1   
17.16879022 1    
17.22409058 -1   
17.35956385 1    
17.48640715 1    
17.48789084 1    
17.48915512 1    
17.48928113 -1   
17.49063273 1    
17.49190260 1    
17.49538247 1    
17.49687777 1    
17.49815197 1    
17.51089499 1    
17.51213899 1    
17.51361804 1    
17.51489542 1    
17.51638794 1    
17.51661688 1    
17.52136709 1    
17.52261469 1    
17.56386269 1    
17.57208377 1    
17.57361070 1    
17.60684464 1    
17.64113058 -1   
17.67658212 1    
17.88076360 1    
17.89638908 -1   
18.25581311 1    
18.33967204 1    
18.44697292 1    
25.20874256 -1   
25.21789957 -1   
25.21822337 -1   
25.35993968 -1   
25.56663503 1    
25.86921874 1    
29.56059325 -1   
