0.00000000 1    
0.24924176 -1   
0.24965900 1    
0.50384888 -1   
0.50402231 1    
0.65516493 1    
0.81788793 -1   
0.81818043 1    
1.07776409 -1   
1.07802161 1    
1.44757010 -1   
1.61462294 1    
1.77411254 -1   
1.77440868 1    
1.92662455 -1   
1.96919031 1    
2.11717061 -1   
2.12159095 1    
2.33229835 -1   
2.44934366 1    
2.61627067 1    
2.77776802 -1   
2.77806175 1    
2.95794708 -1   
2.95826351 1    
3.17481185 -1   
5.36332426 -1   
12.62482443 1    
12.78781072 -1   
12.78807288 1    
12.99519208 -1   
12.99547057 1    
13.14808369 -1   
13.15536286 1    
13.30749496 -1   
13.53370401 -1   
14.63481182 1    
14.91659854 -1   
15.06777147 -1   
15.06813181 1    
15.26070830 -1   
15.27978579 -1   
15.30077918 -1   
15.31076822 -1   
15.43161304 -1   
15.43177522 1    
15.61067420 -1   
15.62480881 1    
15.64033575 -1   
15.67329088 -1   
15.68478763 -1   
15.77814595 -1   
15.92953457 -1   
15.92984063 1    
16.10616768 -1   
16.10646242 1    
16.25882251 -1   
16.25928674 1    
16.25934027 1    
16.41499613 -1   
16.62450589 1    
16.84380580 -1   
16.84477212 1    
16.89234868 -1   
16.89278086 1    
16.99675892 -1   
16.99730314 1    
17.00781856 1    
17.14773969 1    
17.17752416 -1   
17.34086324 -1   
17.34089964 1    
17.34208011 -1   
17.36847122 -1   
17.38781574 1    
17.50927514 -1   
17.50931352 1    
17.51076125 -1   
17.52063171 -1   
17.53982140 1    
17.64443619 -1   
17.64568046 -1   
17.67363549 -1   
17.67366476 1    
17.74613311 -1   
17.74737491 -1   
17.82546000 -1   
17.82551427 1    
17.84443784 1    
17.84779797 -1   
17.84929175 -1   
17.94474427 -1   
17.94598558 -1   
17.94748263 -1   
17.96430409 1    
17.97798322 -1   
17.97800336 1    
18.00273186 1    
18.03446528 -1   
18.03570513 -1   
18.03720377 -1   
18.03870411 -1   
18.03995465 -1   
18.04145021 -1   
18.07443810 -1   
18.07565936 -1   
18.09917331 -1   
18.12515691 -1   
18.12665304 -1   
18.12788010 -1   
18.12940286 -1   
18.13029826 -1   
18.13031156 1    
18.15639495 -1   
18.15788675 -1   
18.16613414 -1   
18.18887048 -1   
18.19012418 -1   
18.19161720 -1   
18.19309540 -1   
18.19436973 -1   
18.19586562 -1   
18.19736212 -1   
18.19886357 -1   
18.20008935 -1   
18.20161202 -1   
18.20286137 -1   
18.20435978 -1   
18.22883802 -1   
18.23007651 -1   
18.23157073 -1   
18.23307013 -1   
18.27832144 -1   
18.27981411 -1   
18.28106630 -1   
18.28256341 -1   
18.28266997 1    
18.28406191 -1   
18.28531250 -1   
18.28681513 -1   
18.28806251 -1   
18.28956249 -1   
18.28957620 1    
18.29106574 -1   
18.29231024 -1   
18.29378599 -1   
18.31104831 -1   
18.31254826 -1   
18.31404627 -1   
18.31530529 -1   
18.34203494 -1   
18.34351104 -1   
18.34500744 -1   
18.34627672 -1   
18.34777774 -1   
18.34900671 -1   
18.35051833 -1   
18.35202721 -1   
18.35329525 -1   
18.35477793 -1   
18.35602471 -1   
18.35752278 -1   
18.35900870 -1   
18.36026633 -1   
18.36177015 -1   
18.36299951 -1   
18.36451959 -1   
18.36601877 -1   
18.36726416 -1   
18.36875716 -1   
18.36999237 -1   
18.37151674 -1   
18.37301280 -1   
18.37310589 1    
18.37429648 -1   
18.38200669 -1   
18.38323297 -1   
18.38475418 -1   
18.38598768 -1   
18.38750399 -1   
18.38900418 -1   
18.39023042 -1   
18.39175571 -1   
18.42621786 -1   
18.42773114 -1   
18.43297536 -1   
18.43447984 -1   
18.43597433 -1   
18.43720569 -1   
18.43872363 -1   
18.43997589 -1   
18.44147281 -1   
18.44297313 -1   
18.44419819 -1   
18.44572580 -1   
18.44697352 -1   
18.44847309 -1   
18.44994614 -1   
18.45119735 -1   
18.45271792 -1   
18.45396891 -1   
18.45546677 -1   
18.45548122 1    
18.45696793 -1   
18.45819251 -1   
18.45969447 -1   
18.46095484 -1   
18.46248157 -1   
18.46420800 -1   
18.46570912 -1   
18.46693802 -1   
18.46845413 -1   
18.46995569 -1   
18.47118732 -1   
18.47270465 -1   
18.47395790 -1   
18.49544200 -1   
18.49668969 -1   
18.49818984 -1   
18.49967772 -1   
18.50093783 -1   
18.50244560 -1   
18.50369097 -1   
18.50519054 -1   
18.50667544 -1   
18.50791305 -1   
18.50943062 -1   
18.51091337 -1   
18.51216077 -1   
18.51368730 -1   
18.51493083 -1   
18.51643142 -1   
18.51793046 -1   
18.51908567 1    
18.51915523 -1   
18.52068011 -1   
18.52192815 -1   
18.52341957 -1   
18.52492539 -1   
18.52615253 -1   
18.52765404 -1   
18.52892216 -1   
18.53042036 -1   
18.53192034 -1   
18.53315044 -1   
18.53467631 -1   
18.53591287 -1   
18.53741667 -1   
18.53892029 -1   
18.54014259 -1   
18.54166668 -1   
18.54289484 -1   
18.54441565 -1   
18.54591309 -1   
18.54713999 -1   
18.54865581 -1   
18.54990897 -1   
18.55140902 -1   
18.55291065 -1   
18.55413856 -1   
18.55565378 -1   
18.55691071 -1   
18.55840797 -1   
18.55990237 -1   
18.56113424 -1   
18.56265623 -1   
18.56415806 -1   
18.56540499 -1   
18.56690619 -1   
18.56701076 1    
18.56812885 -1   
18.56965370 -1   
18.57115498 -1   
18.57240114 -1   
18.57387813 -1   
18.57514786 -1   
18.57662592 -1   
18.57812452 -1   
18.57936995 -1   
18.58086983 -1   
18.58237172 -1   
18.58361830 -1   
18.58514204 -1   
18.58639050 -1   
18.58788469 -1   
18.58938724 -1   
18.59061631 -1   
18.59213862 -1   
18.59338729 -1   
18.59490303 -1   
18.59638578 -1   
18.59788305 -1   
18.59911007 -1   
18.60063438 -1   
18.60186093 -1   
18.60211217 -1   
18.60325717 1    
18.62056779 1    
18.64954429 1    
18.65289721 1    
18.66585326 -1   
18.66709875 -1   
18.66859097 -1   
18.67009168 -1   
18.67134305 -1   
18.67283988 -1   
18.67407348 -1   
18.67558874 -1   
18.67706961 -1   
18.67832477 -1   
18.67981230 -1   
18.68106269 -1   
18.68256471 -1   
18.68406072 -1   
18.68515727 1    
18.68531313 -1   
18.68680889 -1   
18.69633333 -1   
18.69782522 -1   
18.69908230 -1   
18.70057398 -1   
18.75549518 -1   
18.76504015 1    
18.79625586 -1   
18.80479115 1    
18.89122906 -1   
18.90083318 1    
18.91958844 -1   
18.97765169 -1   
18.97768117 1    
18.97892027 -1   
19.11738582 -1   
19.12636076 1    
19.18502135 1    
19.19707002 1    
19.73972055 -1   
19.74095608 -1   
19.74133735 -1   
19.74237936 1    
19.88840124 -1   
19.88987521 -1   
19.89112481 -1   
19.89262167 -1   
19.89412649 -1   
19.89536915 -1   
19.89687012 -1   
19.89811803 -1   
19.89961562 -1   
19.90111483 -1   
19.90236758 -1   
19.90386300 -1   
19.90536300 -1   
19.90661215 -1   
19.90811283 -1   
19.90935796 -1   
19.91085960 -1   
19.91238170 -1   
19.91363171 -1   
19.91513325 -1   
19.91638056 -1   
19.91787651 -1   
19.91937797 -1   
19.91960807 -1   
19.91961932 1    
19.96160871 -1   
19.96310093 -1   
19.96460534 -1   
19.96610229 -1   
19.96735297 -1   
19.97807205 -1   
19.97959326 -1   
19.98106863 -1   
19.98234168 -1   
19.98383900 -1   
19.98509192 -1   
19.98658775 -1   
19.98808963 -1   
19.98933483 -1   
19.99083901 -1   
19.99207986 -1   
19.99357839 -1   
19.99506160 -1   
19.99633461 -1   
19.99783102 -1   
19.99908222 -1   
20.00057913 -1   
20.00209838 -1   
20.00332689 -1   
20.00482653 -1   
20.00607708 -1   
20.00757968 -1   
20.00907391 -1   
20.01030704 -1   
20.01182356 -1   
20.01582415 -1   
20.01594560 1    
20.01705056 -1   
20.01857083 -1   
20.02007203 -1   
20.02131691 -1   
20.02281796 -1   
20.02406494 -1   
20.02557251 -1   
20.02704335 -1   
20.02831752 -1   
20.02981235 -1   
20.03106406 -1   
20.03256090 -1   
20.03403909 -1   
20.03530978 -1   
20.03681068 -1   
20.03805818 -1   
20.03955946 -1   
20.04105555 -1   
20.04228824 -1   
20.04378489 -1   
20.04528217 -1   
20.04653202 -1   
20.04803336 -1   
20.04927923 -1   
20.05078151 -1   
20.05227801 -1   
20.05352919 -1   
20.05502593 -1   
20.05658598 -1   
20.05777332 -1   
20.06030092 -1   
20.06154489 -1   
20.06304707 -1   
20.06454429 -1   
20.06854548 -1   
20.06978865 -1   
20.07128828 -1   
20.07137882 1    
20.07279042 -1   
20.07401765 -1   
20.07551937 -1   
20.07701696 -1   
20.07826722 -1   
20.07976129 -1   
20.08101190 -1   
20.08251309 -1   
20.08401147 -1   
20.08525781 -1   
20.08675994 -1   
20.08800855 -1   
20.08950827 -1   
20.09100513 -1   
20.09225383 -1   
20.09375392 -1   
20.09500471 -1   
20.09650047 -1   
20.09800370 -1   
20.09925986 -1   
20.10075147 -1   
20.10200066 -1   
20.10349766 -1   
20.10499687 -1   
20.10626007 -1   
20.10774472 -1   
20.10899679 -1   
20.11051374 -1   
20.11201859 -1   
20.11327448 -1   
20.11476524 -1   
20.11601313 -1   
20.11751446 -1   
20.11901912 -1   
20.12027567 -1   
20.12028999 1    
20.12175378 -1   
20.12326128 -1   
20.12451160 -1   
20.12601205 -1   
20.12723929 -1   
20.12875822 -1   
20.13025986 -1   
20.13150768 -1   
20.13300239 -1   
20.13423653 -1   
20.13575504 -1   
20.13725368 -1   
20.13850137 -1   
20.14000250 -1   
20.14123026 -1   
20.14274323 -1   
20.14422541 -1   
20.14547659 -1   
20.14697712 -1   
20.14847507 -1   
20.14972127 -1   
20.15122342 -1   
20.15247200 -1   
20.15397248 -1   
20.15546663 -1   
20.15672025 -1   
20.15821969 -1   
20.15946742 -1   
20.16096619 -1   
20.16246745 -1   
20.16371586 -1   
20.16521469 -1   
20.16671094 -1   
20.16796423 -1   
20.16946179 -1   
20.17071254 -1   
20.17220760 -1   
20.17371164 -1   
20.25593906 -1   
20.25743537 -1   
20.27617243 -1   
20.27767298 -1   
20.27893025 -1   
20.28042253 -1   
20.28052604 1    
20.28192278 -1   
20.28260204 -1   
20.28908432 1    
20.42182580 -1   
20.42956438 -1   
20.43108868 -1   
20.43233275 -1   
20.43381315 -1   
20.43530924 -1   
20.43657999 -1   
20.43808023 -1   
20.43958139 -1   
20.44075032 1    
20.44080568 -1   
20.44233166 -1   
20.44255879 -1   
20.44256885 1    
20.44430624 -1   
20.44557491 -1   
20.44708048 -1   
20.50279520 -1   
20.50429131 -1   
20.50579267 -1   
20.54452062 -1   
20.55501315 -1   
20.55628920 -1   
20.58375291 -1   
20.58499661 -1   
20.58649774 -1   
20.58799453 -1   
20.58922366 -1   
20.59074136 -1   
20.59199568 -1   
20.59206291 1    
20.59349233 -1   
20.59498914 -1   
20.59621998 -1   
20.59773865 -1   
20.59896869 -1   
20.60046418 -1   
20.60197969 -1   
20.60321340 -1   
20.60473664 -1   
20.60598245 -1   
20.60748503 -1   
20.60898103 -1   
20.61021197 -1   
20.61172964 -1   
20.61322848 -1   
20.61447869 -1   
20.61598157 -1   
20.61720447 -1   
20.61872933 -1   
20.62022369 -1   
20.62147622 -1   
20.62170500 -1   
20.62171712 1    
20.63623265 -1   
20.63771630 -1   
20.63896811 -1   
20.67642713 -1   
20.67794174 -1   
20.67916784 -1   
20.68068700 -1   
20.68194167 -1   
20.68341781 -1   
20.68491568 -1   
20.68616817 -1   
20.68766347 -1   
20.68891514 -1   
20.69041358 -1   
20.69191334 -1   
20.69316122 -1   
20.69468072 -1   
20.69593381 -1   
20.69743547 -1   
20.71642199 -1   
20.71767095 -1   
20.71916911 -1   
20.72067122 -1   
20.72191685 -1   
20.72341556 -1   
20.72351149 1    
20.72491811 -1   
20.72614365 -1   
20.72766492 -1   
20.72891760 -1   
20.73039469 -1   
20.73191075 -1   
20.73313739 -1   
20.73466065 -1   
20.73591307 -1   
20.74288657 -1   
20.74413434 -1   
20.74565186 -1   
20.75390185 -1   
20.75537393 -1   
20.75689617 -1   
20.77448280 -1   
20.77449733 1    
20.79338501 -1   
20.80312358 -1   
20.80462216 -1   
20.80586842 -1   
20.80737043 -1   
20.80886731 -1   
20.81009549 -1   
20.81161634 -1   
20.81286807 -1   
20.81436449 -1   
20.81586580 -1   
20.81708924 -1   
20.81861437 -1   
20.81985973 -1   
20.82135920 -1   
20.82285876 -1   
20.82411215 -1   
20.82560586 -1   
20.82708784 -1   
20.82835764 -1   
20.82985713 -1   
20.82992527 1    
20.83108166 -1   
20.83260368 -1   
20.83410696 -1   
20.83535048 -1   
20.83685333 -1   
20.83810096 -1   
20.83960325 -1   
20.84109839 -1   
20.84232834 -1   
20.84382509 -1   
20.84534845 -1   
20.84684659 -1   
20.84809573 -1   
20.84957111 -1   
20.92530513 -1   
20.92535637 1    
20.93402417 -1   
20.98156690 1    
20.98157555 1    
20.98185977 1    
20.98186678 1    
21.07847147 -1   
21.07994056 -1   
21.08118828 -1   
21.08143950 -1   
21.08144966 1    
21.08846092 -1   
21.08970532 -1   
21.09120732 -1   
21.09268533 -1   
21.09393463 -1   
21.14892550 -1   
21.15015149 -1   
21.16441777 -1   
21.16565729 -1   
21.21639160 -1   
21.23522475 -1   
21.23525728 1    
21.29357585 -1   
21.29508859 -1   
21.39025685 -1   
21.40827472 -1   
21.56164468 -1   
21.59292494 -1   
21.59440269 -1   
21.61440814 -1   
21.61590382 -1   
21.61713209 -1   
21.62440263 -1   
21.62589852 -1   
21.62713035 -1   
21.62864744 -1   
21.62875039 1    
21.62987968 -1   
21.63139573 -1   
21.63288901 -1   
21.63412337 -1   
21.63562445 -1   
21.63687024 -1   
21.63837372 -1   
21.63986900 -1   
21.64112032 -1   
21.64261879 -1   
21.64386758 -1   
21.64536679 -1   
21.64686883 -1   
21.64811394 -1   
21.64961553 -1   
21.65086586 -1   
21.65237097 -1   
21.65386337 -1   
21.65511604 -1   
21.65661250 -1   
21.65786531 -1   
21.65938296 -1   
21.66088153 -1   
21.66210843 -1   
21.66362942 -1   
21.66487622 -1   
21.66637611 -1   
21.66787477 -1   
21.66913005 -1   
21.67062410 -1   
21.67187399 -1   
21.67335075 -1   
21.67485386 -1   
21.67609996 -1   
21.67761954 -1   
21.67911865 -1   
21.67922337 1    
21.68037018 -1   
21.68186607 -1   
21.68311982 -1   
21.68461553 -1   
21.68611677 -1   
21.68736420 -1   
21.68886660 -1   
21.69011271 -1   
21.69161687 -1   
21.69308854 -1   
21.69434216 -1   
21.69583593 -1   
21.69733416 -1   
21.69858448 -1   
21.70008639 -1   
21.70133448 -1   
21.70283481 -1   
21.70433025 -1   
21.70558266 -1   
21.70708010 -1   
21.70832883 -1   
21.70982722 -1   
21.71132959 -1   
21.71257829 -1   
21.71409588 -1   
21.71559139 -1   
21.71684863 -1   
21.71834639 -1   
21.71959448 -1   
21.72109357 -1   
21.72259697 -1   
21.72382114 -1   
21.72533977 -1   
21.72657109 -1   
21.72665036 1    
21.72807030 -1   
21.72956877 -1   
21.73107177 -1   
21.73231506 -1   
21.73381770 -1   
21.73508818 -1   
21.73658796 -1   
21.73808569 -1   
21.73933328 -1   
21.74083209 -1   
21.74231466 -1   
21.74358189 -1   
21.74508283 -1   
21.74633021 -1   
21.74783417 -1   
21.74933254 -1   
21.75058264 -1   
21.75207886 -1   
21.75333247 -1   
21.75482749 -1   
21.75632932 -1   
21.75757597 -1   
21.75907854 -1   
21.76057747 -1   
21.76182062 -1   
21.76330096 -1   
21.76455007 -1   
21.76604944 -1   
21.76754824 -1   
21.76881817 -1   
21.77030017 -1   
21.77156512 -1   
21.77304332 -1   
21.77456391 -1   
21.77580983 -1   
21.77728964 -1   
21.77880727 -1   
21.77890598 1    
21.78004156 -1   
21.78155598 -1   
21.78280345 -1   
21.78430381 -1   
21.78579008 -1   
21.78703679 -1   
21.78855248 -1   
21.78979959 -1   
21.79130681 -1   
21.79278217 -1   
21.79403170 -1   
21.79555090 -1   
21.79680507 -1   
21.79830033 -1   
21.79980266 -1   
21.80102551 -1   
21.80254561 -1   
21.80264547 1    
21.80404648 -1   
21.80529562 -1   
21.80679958 -1   
21.80681407 1    
21.80804700 -1   
21.80952365 -1   
21.81102522 -1   
21.81227092 -1   
21.81379163 -1   
21.81502057 -1   
21.81654347 -1   
21.81803964 -1   
21.81929164 -1   
21.82078697 -1   
21.82203962 -1   
21.82353647 -1   
21.82503393 -1   
21.82626337 -1   
21.82776473 -1   
21.82901013 -1   
21.83051346 -1   
21.83200842 -1   
21.83326095 -1   
21.83478678 -1   
21.83603946 -1   
21.83752805 -1   
21.83903306 -1   
21.84027676 -1   
21.84177800 -1   
21.84300611 -1   
21.84452731 -1   
21.84602422 -1   
21.84727441 -1   
21.84877108 -1   
21.84914915 -1   
21.95798847 1    
22.04135242 -1   
22.10918687 1    
22.14309254 -1   
22.14432998 -1   
22.16482268 -1   
22.16606815 -1   
22.16756922 -1   
22.16881452 -1   
22.17031613 -1   
22.17181383 -1   
22.17331886 -1   
22.17481357 -1   
22.17606521 -1   
22.17756037 -1   
22.17881279 -1   
22.18030896 -1   
22.18180750 -1   
22.18305931 -1   
22.19185601 -1   
22.26480258 -1   
22.26482772 1    
22.26628750 -1   
22.26778037 -1   
22.26903013 -1   
22.27053329 -1   
22.27178246 -1   
22.27327805 -1   
22.27478064 -1   
22.27602650 -1   
22.27750759 -1   
22.27875449 -1   
22.28025258 -1   
22.28175028 -1   
22.28300560 -1   
22.28454020 -1   
22.31375918 -1   
22.31498380 -1   
22.34360756 -1   
22.37222355 -1   
22.37371572 -1   
22.37497186 -1   
22.37510540 1    
22.37647611 -1   
22.37796993 -1   
22.37919974 -1   
22.38071686 -1   
22.38221685 -1   
22.38346522 -1   
22.38496759 -1   
22.38619326 -1   
22.38771534 -1   
22.38921128 -1   
22.39046443 -1   
22.39195982 -1   
22.39343943 -1   
22.39493890 -1   
22.39618799 -1   
22.39768373 -1   
22.39893560 -1   
22.40043337 -1   
22.40195945 -1   
22.40318227 -1   
22.40470135 -1   
22.40595334 -1   
22.40745306 -1   
22.40895125 -1   
22.41018210 -1   
22.41169838 -1   
22.41294976 -1   
22.41444220 -1   
22.41594709 -1   
22.41717283 -1   
22.41869873 -1   
22.41994332 -1   
22.42143996 -1   
22.42293999 -1   
22.42417365 -1   
22.42568999 -1   
22.42579061 1    
22.42717117 -1   
22.42841651 -1   
22.42991814 -1   
22.43116595 -1   
22.43266632 -1   
22.43416561 -1   
22.43541476 -1   
22.43693490 -1   
22.43816699 -1   
22.43966150 -1   
22.44116350 -1   
22.44242536 -1   
22.44391077 -1   
22.44542494 -1   
22.44668280 -1   
22.44815800 -1   
22.44942996 -1   
22.45092643 -1   
22.45242218 -1   
22.45367477 -1   
22.45515294 -1   
22.45640180 -1   
22.45790218 -1   
22.45939886 -1   
22.46065298 -1   
22.46214806 -1   
22.46365075 -1   
22.46489757 -1   
22.46639612 -1   
22.46764517 -1   
22.46914772 -1   
22.47065326 -1   
22.47191964 -1   
22.47339341 -1   
22.47466555 -1   
22.47614077 -1   
22.47625425 1    
22.47766418 -1   
22.47891198 -1   
22.48041131 -1   
22.48190683 -1   
22.48316180 -1   
22.48465687 -1   
22.48590593 -1   
22.48740481 -1   
22.48890844 -1   
22.49015396 -1   
22.49165668 -1   
22.49167009 1    
22.49288414 -1   
22.49438317 -1   
22.49588085 -1   
22.49712737 -1   
22.50912647 -1   
22.51764075 -1   
22.51887161 -1   
22.52036629 -1   
22.52186771 -1   
22.52311490 -1   
22.52424748 -1   
22.53811089 -1   
22.53937959 -1   
22.55959750 -1   
22.56109574 -1   
22.60257738 -1   
22.60406509 -1   
22.60556724 -1   
22.64309155 1    
22.69101222 -1   
23.22731685 -1   
23.37875251 -1   
30.77827636 -1   
