0.00000000 -1   
0.24646640 1    
0.37961339 -1   
0.39812986 1    
0.40763395 -1   
0.53100563 -1   
0.54927456 1    
0.63414719 1    
0.68168136 -1   
0.73962523 1    
0.83281325 -1   
0.94030249 1    
0.98422648 -1   
1.34734946 1    
1.37961397 -1   
1.49877361 1    
1.53089321 -1   
1.68390179 1    
1.68421472 -1   
1.83657888 1    
1.83688947 -1   
1.98947449 1    
1.98979566 -1   
2.18433390 1    
2.37548500 1    
2.37756044 -1   
2.74852314 1    
2.74953050 -1   
3.08652122 1    
3.08799471 1    
3.08822137 1    
3.09400605 -1   
3.37641408 1    
3.38015767 -1   
3.53151698 -1   
3.54007898 1    
3.72641538 -1   
3.83675407 1    
3.84945429 -1   
3.87780140 -1   
3.98783056 1    
4.02848848 -1   
4.17826024 1    
4.17989263 -1   
4.33047363 1    
4.52127733 1    
4.52332889 -1   
4.84385060 1    
4.84534050 -1   
5.19152088 1    
5.19301453 1    
5.19339961 1    
5.19725857 -1   
5.51467489 -1   
5.57243249 1    
5.71454436 -1   
5.83527214 1    
5.93836584 1    
5.93985661 1    
5.94836612 1    
5.94982923 1    
5.95109598 1    
5.95433548 1    
5.95583041 1    
5.98476977 -1   
6.02669525 1    
6.05231387 1    
6.05379718 1    
6.06278891 1    
6.09277359 1    
6.09426833 1    
6.09577154 1    
6.09699673 1    
6.10276873 1    
6.10426541 1    
6.10574404 1    
6.10699052 1    
6.10849037 1    
6.10975468 1    
6.11126314 1    
6.11275293 1    
6.13999810 1    
6.14001139 -1   
6.14149438 1    
6.20548236 1    
6.20571005 1    
6.35829368 1    
6.35888674 -1   
6.50992643 1    
6.55978114 1    
6.55980613 -1   
6.61900331 1    
6.70001165 1    
6.79443703 -1   
6.85141981 1    
6.94608740 -1   
7.32046468 1    
7.32083774 -1   
7.32090263 -1   
7.47524170 -1   
7.63123866 1    
7.63149106 -1   
7.78390910 1    
7.89224512 1    
7.89325548 -1   
7.89373746 1    
7.97506310 1    
7.98592188 -1   
7.98592858 -1   
8.10645584 -1   
8.38012868 -1   
8.38971377 1    
8.39095488 1    
8.39158276 1    
8.40551256 -1   
8.53141335 -1   
8.56079990 1    
8.57860314 1    
8.57984812 1    
8.59084260 1    
8.59232027 1    
8.59382758 1    
8.60601053 -1   
8.69055522 1    
8.69061049 -1   
8.69177592 1    
8.73039584 1    
8.74354387 -1   
8.75179706 1    
8.75297969 1    
8.83745418 1    
8.83894284 1    
8.84020107 1    
8.84751811 -1   
8.88150880 1    
8.88154994 -1   
8.89488025 -1   
9.03443473 1    
9.03446959 -1   
9.14200888 1    
9.14352304 1    
9.15551900 1    
9.15701516 1    
9.15825460 1    
9.15974290 1    
9.16099476 1    
9.16249204 1    
9.16399241 1    
9.16523910 1    
9.16674134 1    
9.18678179 1    
9.18679499 -1   
9.21821335 1    
9.23720276 1    
9.23871408 1    
9.23996834 1    
9.24144991 1    
9.29667563 1    
9.29816317 1    
9.29941440 1    
9.30093468 1    
9.31018087 1    
9.31167584 1    
9.31292961 1    
9.31442675 1    
9.31590348 1    
9.31717541 1    
9.31867422 1    
9.31992087 1    
9.32142496 1    
9.32291883 1    
9.32417239 1    
9.32566367 1    
9.33091892 1    
9.33241541 1    
9.33391546 1    
9.34091485 1    
9.34092878 -1   
9.34241346 1    
9.34390208 1    
9.34516304 1    
9.39040420 1    
9.39186233 1    
9.39311162 1    
9.39462865 1    
9.39588100 1    
9.39737772 1    
9.39885828 1    
9.40010639 1    
9.41362257 1    
9.43510759 1    
9.43660952 1    
9.45108247 1    
9.45260280 1    
9.45409530 1    
9.45532207 1    
9.45684457 1    
9.45832415 1    
9.45959125 1    
9.46108986 1    
9.46319993 -1   
9.46532181 1    
9.46683856 1    
9.46831704 1    
9.46958725 1    
9.47108713 1    
9.47258456 1    
9.47383585 1    
9.47531334 1    
9.47656337 1    
9.47805899 1    
9.47957934 1    
9.48083013 1    
9.48231001 1    
9.48382813 1    
9.48508431 1    
9.48657967 1    
9.48783383 1    
9.48932963 1    
9.49082627 1    
9.49207208 1    
9.49357755 1    
9.49482375 1    
9.49632849 1    
9.49782360 1    
9.49907547 1    
9.50057077 1    
9.50182066 1    
9.50183442 -1   
9.50332239 1    
9.50482114 1    
9.50607251 1    
9.50727516 1    
9.50879581 1    
9.53855115 1    
9.54477420 1    
9.54626878 1    
9.54777069 1    
9.54926886 1    
9.55054321 1    
9.55203917 1    
9.55329182 1    
9.55478747 1    
9.55628579 1    
9.55753558 1    
9.58727533 1    
9.58876882 1    
9.59001914 1    
9.60450987 1    
9.60461625 -1   
9.60575836 1    
9.60725586 1    
9.60848851 1    
9.60998334 1    
9.61148474 1    
9.61273113 1    
9.61472998 1    
9.61623159 1    
9.61750645 1    
9.61925304 1    
9.62073371 1    
9.62197833 1    
9.62350479 1    
9.62355976 -1   
9.62474319 1    
9.62622366 1    
9.62775043 1    
9.62899831 1    
9.63050012 1    
9.63174263 1    
9.63324644 1    
9.63674154 1    
9.63824494 1    
9.63948838 1    
9.64099220 1    
9.64221678 1    
9.64371412 1    
9.64521412 1    
9.64646650 1    
9.64796186 1    
9.64921512 1    
9.65073209 1    
9.65223432 1    
9.65348235 1    
9.65497921 1    
9.65645924 1    
9.65773200 1    
9.65920456 1    
9.66048038 1    
9.66197781 1    
9.66347744 1    
9.66472460 1    
9.66473909 -1   
9.66622341 1    
9.66747211 1    
9.66897487 1    
9.67047141 1    
9.67172273 1    
9.68548986 -1   
9.69169377 1    
9.69795671 1    
9.69945471 1    
9.70095436 1    
9.70220544 1    
9.70370141 1    
9.70520392 1    
9.70669943 1    
9.70819838 1    
9.70943000 1    
9.71092954 1    
9.71242588 1    
9.71367891 1    
9.74191419 1    
9.74200970 -1   
9.74340954 1    
9.75767062 1    
9.75891767 1    
9.76066958 1    
9.76217109 1    
9.76341926 1    
9.76491992 1    
9.76614444 1    
9.76766471 1    
9.76941481 1    
9.77091522 1    
9.77241298 1    
9.77391411 1    
9.77514170 1    
9.77666329 1    
9.77965769 1    
9.78090852 1    
9.78240711 1    
9.78365900 1    
9.78515657 1    
9.78665862 1    
9.78790386 1    
9.78940632 1    
9.79065177 1    
9.79213077 1    
9.79362997 1    
9.79488170 1    
9.79638726 1    
9.79789628 1    
9.79912717 1    
9.80063201 1    
9.80212245 1    
9.80362214 1    
9.80487187 1    
9.80637320 1    
9.80786882 1    
9.80900200 -1   
9.80912389 1    
9.81062043 1    
9.81186648 1    
9.81342166 1    
9.81486818 1    
9.81611650 1    
9.81763867 1    
9.81875319 -1   
9.81886399 1    
9.82040208 1    
9.82188438 1    
9.82189926 -1   
9.82313854 1    
9.82463482 1    
9.82586564 1    
9.82735939 1    
9.82858532 1    
9.83854537 -1   
9.84847919 -1   
9.87693719 -1   
9.92495301 -1   
9.93437686 -1   
9.99182720 -1   
10.38072726 -1   
10.53507915 1    
10.53536340 -1   
10.68883239 1    
10.68924448 -1   
10.69089266 1    
10.69238694 1    
10.71086598 1    
10.71210395 1    
10.71360646 1    
10.71485155 1    
10.71635176 1    
10.71785099 1    
10.71910228 1    
10.72060078 1    
10.72184889 1    
10.72334605 1    
10.72485004 1    
10.72609535 1    
10.72759497 1    
10.72768127 -1   
10.78384660 1    
10.78533365 1    
10.79281394 1    
10.79430800 1    
10.79557604 1    
10.79707760 1    
10.79830683 1    
10.79980366 1    
10.80130697 1    
10.80257268 1    
10.80407545 1    
10.80557234 1    
10.80682207 1    
10.80831874 1    
10.80955042 1    
10.81106901 1    
10.84240850 1    
10.84244118 -1   
10.86652626 1    
10.86776462 1    
10.89177291 1    
10.89342022 1    
10.89452340 1    
10.89601950 1    
10.89725150 1    
10.89876907 1    
10.90026941 1    
10.90151792 1    
10.90301994 1    
10.90451542 1    
10.90576755 1    
10.90726277 1    
10.90849551 1    
10.90999035 1    
10.91149113 1    
10.91273849 1    
10.91423680 1    
10.91548853 1    
10.91699082 1    
10.91848361 1    
10.95572291 1    
10.98196480 1    
10.98212022 -1   
10.98344783 1    
10.98469820 1    
10.98619779 1    
10.98769571 1    
10.98894860 1    
10.99044448 1    
10.99169741 1    
10.99319385 1    
10.99471194 1    
10.99596266 1    
10.99746612 1    
10.99871005 1    
11.00021321 1    
11.00170879 1    
11.00296233 1    
11.00445769 1    
11.00570646 1    
11.00720570 1    
11.00868748 1    
11.00993339 1    
11.01143424 1    
11.01293117 1    
11.01418290 1    
11.01568162 1    
11.01719605 1    
11.01721033 -1   
11.01744683 1    
11.04066895 1    
11.05091436 1    
11.05219695 1    
11.07766790 1    
11.07914266 1    
11.08041298 1    
11.08192202 1    
11.08314336 1    
11.08464070 1    
11.08614209 1    
11.08738808 1    
11.08891182 1    
11.09015707 1    
11.09163593 1    
11.09315680 1    
11.09440975 1    
11.09590479 1    
11.09740708 1    
11.09865290 1    
11.10013270 1    
11.10140331 1    
11.10290150 1    
11.10440276 1    
11.10565201 1    
11.10575077 -1   
11.10715142 1    
11.10839732 1    
11.10989857 1    
11.11140201 1    
11.13511722 1    
11.14210817 1    
11.14363148 1    
11.15287519 1    
11.15437303 1    
11.15586994 1    
11.15712589 1    
11.15861938 1    
11.17386248 1    
11.17387747 -1   
11.17536242 1    
11.17685806 1    
11.17811014 1    
11.17960776 1    
11.18085864 1    
11.18235431 1    
11.18385596 1    
11.18510510 1    
11.18660699 1    
11.18810077 1    
11.18933203 1    
11.19084975 1    
11.19210272 1    
11.19359955 1    
11.19509316 1    
11.19632474 1    
11.19784948 1    
11.19909177 1    
11.20059804 1    
11.20209440 1    
11.20332445 1    
11.20484433 1    
11.20494425 -1   
11.20634380 1    
11.20759007 1    
11.20909665 1    
11.21031851 1    
11.21184142 1    
11.21333841 1    
11.22960841 1    
11.23507644 1    
11.23657750 1    
11.23782347 1    
11.23930403 1    
11.24080260 1    
11.24205072 1    
11.24356389 1    
11.24506749 1    
11.24629647 1    
11.24782072 1    
11.24904646 1    
11.26181565 1    
11.26330939 1    
11.26481118 1    
11.26603610 1    
11.26753651 1    
11.26880716 1    
11.27030832 1    
11.27180524 1    
11.27305807 1    
11.27455240 1    
11.27604600 1    
11.27730205 1    
11.27880202 1    
11.28004822 1    
11.28155401 1    
11.29554316 1    
11.29679299 1    
11.30603599 1    
11.30753329 1    
11.30878017 1    
11.35376523 1    
11.35379309 -1   
11.35523885 1    
11.35650593 1    
11.35798363 1    
11.35923240 1    
11.36075702 1    
11.36225189 1    
11.36341327 -1   
11.36348347 1    
11.36498337 1    
11.36649546 1    
11.36774914 1    
11.36925289 1    
11.37049819 1    
11.37200020 1    
11.38634048 1    
11.40996103 1    
11.46819770 1    
11.46969201 1    
11.47119200 1    
11.47243879 1    
11.47394130 1    
11.47543697 1    
11.47669216 1    
11.47818719 1    
11.47943453 1    
11.48093452 1    
11.48243613 1    
11.48368213 1    
11.48518891 1    
11.48643171 1    
11.48793395 1    
11.48943037 1    
11.49067750 1    
11.49215842 1    
11.49370227 1    
11.51644794 -1   
11.53750907 1    
11.56663493 1    
11.59312951 1    
11.59462194 1    
11.59587254 1    
11.59736899 1    
11.59887100 1    
11.60311569 1    
11.60461698 1    
11.60586236 1    
11.60736470 1    
11.60885691 1    
11.61010989 1    
11.61160947 1    
11.61286698 1    
11.61435927 1    
11.61585627 1    
11.61710877 1    
11.61860943 1    
11.61985503 1    
11.62135454 1    
11.62285232 1    
11.62410462 1    
11.62560419 1    
11.62685376 1    
11.62834910 1    
11.62985193 1    
11.63109758 1    
11.63225904 -1   
11.63257695 1    
11.63385139 1    
11.63534915 1    
11.63684582 1    
11.63809783 1    
11.63959380 1    
11.64084414 1    
11.67980943 1    
11.67985121 -1   
11.68105009 1    
11.68254736 1    
11.68382065 1    
11.68531763 1    
11.68681949 1    
11.68806527 1    
11.68956929 1    
11.69081366 1    
11.69231392 1    
11.69381296 1    
11.69506420 1    
11.69656115 1    
11.69781305 1    
11.69928790 1    
11.70081171 1    
11.70230828 1    
11.70380953 1    
11.71844687 1    
11.77850180 1    
11.78001625 1    
11.78124836 1    
11.78275643 1    
11.78401369 1    
11.78551081 1    
11.78701066 1    
11.78825924 1    
11.78976103 1    
11.79100907 1    
11.79212697 -1   
11.79251105 1    
11.79400899 1    
11.79525388 1    
11.79675435 1    
11.79825636 1    
11.79948025 1    
11.80700135 1    
11.80849794 1    
11.80999237 1    
11.81124596 1    
11.81274881 1    
11.81424253 1    
11.81547427 1    
11.81699303 1    
11.81822149 1    
11.81974213 1    
11.82124478 1    
11.82248793 1    
11.82398804 1    
11.82523879 1    
11.82674037 1    
11.82823569 1    
11.82948824 1    
11.83246639 1    
11.83373212 1    
11.83523042 1    
11.86172674 1    
11.86175520 -1   
11.86321950 1    
11.86927800 1    
11.87271517 1    
11.87421031 1    
11.87545772 1    
11.87695772 1    
11.87821122 1    
11.87970521 1    
11.88118982 1    
11.88245361 1    
11.88395648 1    
11.88545524 1    
11.88670155 1    
11.88819978 1    
11.88945325 1    
12.00014662 1    
12.00163695 1    
12.01961796 1    
12.01963561 -1   
12.06545963 -1   
12.06547083 -1   
12.06575248 -1   
12.06599542 -1   
12.17498907 1    
12.17502520 -1   
12.32861652 1    
12.32865055 -1   
12.58980533 1    
12.59129934 1    
12.59223295 1    
12.59379922 1    
12.59530402 1    
12.59679823 1    
12.59691541 -1   
12.59804826 1    
12.59954475 1    
12.60079729 1    
12.60229389 1    
12.60379451 1    
12.60504252 1    
12.60654018 1    
12.60779051 1    
12.60927057 1    
12.61078665 1    
12.61203983 1    
12.61353805 1    
12.61478779 1    
12.61626297 1    
12.67651208 1    
12.67800218 1    
12.67925067 1    
12.68075123 1    
12.68197770 1    
12.68349885 1    
12.68500148 1    
12.68622463 1    
12.68774704 1    
12.68899242 1    
12.69049749 1    
12.69197441 1    
12.69322126 1    
12.69474004 1    
12.69624100 1    
12.69748819 1    
12.69898140 1    
12.70023696 1    
12.70173752 1    
12.70323603 1    
12.70448565 1    
12.70458504 -1   
12.70596513 1    
12.70721073 1    
12.70871135 1    
12.71020877 1    
12.71148657 1    
12.71297887 1    
12.71423107 1    
12.71572769 1    
12.71721018 1    
12.71847999 1    
12.71997774 1    
12.72147990 1    
12.72272879 1    
12.74431673 1    
12.76372053 1    
12.76374563 -1   
12.76520435 1    
12.76642706 1    
12.76794779 1    
12.76919719 1    
12.77069923 1    
12.77219462 1    
12.77344774 1    
12.77494329 1    
12.77642358 1    
12.77769357 1    
12.77919256 1    
12.78069192 1    
12.78194556 1    
12.78343890 1    
12.78494238 1    
12.78616533 1    
12.78768935 1    
12.78893589 1    
12.79041407 1    
12.79192289 1    
12.79317825 1    
12.79469056 1    
12.79480168 -1   
12.79593345 1    
12.79743011 1    
12.79890907 1    
12.80017923 1    
12.80168082 1    
12.80317867 1    
12.80442953 1    
12.80592087 1    
12.80715702 1    
12.83118184 1    
12.83264072 1    
12.83413740 1    
12.83563913 1    
12.83688547 1    
12.83838822 1    
12.83988299 1    
12.84113790 1    
12.84263345 1    
12.84990423 1    
12.85140109 1    
12.85265422 1    
12.85414885 1    
12.85539611 1    
12.85689705 1    
12.85837901 1    
12.85962405 1    
12.86112494 1    
12.86262204 1    
12.86387387 1    
12.86537078 1    
12.86662164 1    
12.86814088 1    
12.86964253 1    
12.87088802 1    
12.87099554 -1   
12.87239743 1    
12.87363997 1    
12.87513937 1    
12.87663708 1    
12.87788734 1    
12.87938402 1    
12.88088309 1    
12.88213176 1    
12.89736020 1    
12.89885191 1    
12.91709596 1    
12.91711643 -1   
12.91959427 1    
12.92086210 1    
12.92236345 1    
12.92385827 1    
12.92511772 1    
12.92660831 1    
12.92810129 1    
12.92960575 1    
12.93085736 1    
12.93095286 -1   
12.93235475 1    
12.93410339 1    
12.93560414 1    
12.93685249 1    
12.93835436 1    
12.93982792 1    
12.94109924 1    
12.94257798 1    
12.94382620 1    
12.94532568 1    
12.94682630 1    
12.94807277 1    
12.94957544 1    
12.95084257 1    
12.95234496 1    
12.95384308 1    
12.95509051 1    
12.95657021 1    
12.95782193 1    
12.95931643 1    
12.96083658 1    
12.98505990 1    
12.98657545 1    
12.98782292 1    
12.98932409 1    
12.99081042 1    
12.99206636 1    
12.99431636 1    
12.99581926 1    
12.99607123 1    
13.03731416 1    
13.03877070 1    
13.04001991 1    
13.07551232 1    
13.07556994 -1   
13.07675649 1    
13.07824817 1    
13.07952261 1    
13.08102059 1    
13.08250108 1    
13.08374437 1    
13.08526897 1    
13.08676560 1    
13.08801106 1    
13.08951573 1    
13.09076081 1    
13.09224203 1    
13.09374289 1    
13.12674867 1    
13.12798494 1    
13.12948518 1    
13.14628122 1    
13.18247589 1    
13.19146370 1    
13.19158451 -1   
13.19270965 1    
13.19420267 1    
13.19545350 1    
13.19695493 1    
13.20872779 1    
13.20995876 1    
13.21145050 1    
13.21271159 1    
13.21419678 1    
13.21569101 1    
13.21694129 1    
13.21844286 1    
13.21969380 1    
13.22119001 1    
13.22268985 1    
13.27941016 1    
13.27942687 -1   
13.29737642 1    
13.29887531 1    
13.30014786 1    
13.30164485 1    
13.30289404 1    
13.30439192 1    
13.30589161 1    
13.30712861 1    
13.30863790 1    
13.30988615 1    
13.31138882 1    
13.31288604 1    
13.31413746 1    
13.31563447 1    
13.31713676 1    
13.33451335 1    
13.33612226 1    
13.33762572 1    
13.34162296 1    
13.34286791 1    
13.34437075 1    
13.34561856 1    
13.34572868 -1   
13.34709564 1    
13.35284604 1    
13.35409420 1    
13.35561136 1    
13.36384190 1    
13.36508349 1    
13.36658685 1    
13.36785375 1    
13.36935401 1    
13.37085212 1    
13.37385349 1    
13.37535008 1    
13.38259824 1    
13.38384531 1    
13.39232257 1    
13.39381807 1    
13.39506547 1    
13.39517138 -1   
13.40481623 1    
13.40631050 1    
13.40756224 1    
13.40905894 1    
13.41056007 1    
13.41180554 1    
13.41330558 1    
13.41457702 1    
13.41605798 1    
13.42530231 1    
13.42682393 1    
13.42806990 1    
13.46655624 1    
13.46657687 -1   
13.46779611 1    
13.46929681 1    
13.48560490 1    
13.50577923 1    
13.50702863 1    
13.50852643 1    
13.50977576 1    
13.51127389 1    
13.51277323 1    
13.51402183 1    
13.51550221 1    
13.51676985 1    
13.51827082 1    
13.51976622 1    
13.52101973 1    
13.52251915 1    
13.52376484 1    
13.52527969 1    
13.52674519 1    
13.52801310 1    
13.52951738 1    
13.53076059 1    
13.53224191 1    
13.53235766 -1   
13.53375898 1    
13.53500925 1    
13.53651251 1    
13.53800718 1    
13.53925882 1    
13.54075576 1    
13.54200313 1    
13.54350764 1    
13.54500722 1    
13.54625305 1    
13.54775846 1    
13.54898211 1    
13.55050622 1    
13.55200094 1    
13.55325230 1    
13.55474999 1    
13.55599991 1    
13.55749910 1    
13.55899708 1    
13.56022632 1    
13.56174236 1    
13.56324500 1    
13.56449644 1    
13.58448440 1    
13.58573093 1    
13.58723076 1    
13.59372833 1    
13.59522800 1    
13.59673129 1    
13.59797991 1    
13.63021050 1    
13.63022499 -1   
13.63170692 1    
13.63293219 1    
13.63445515 1    
13.63570449 1    
13.63720573 1    
13.63869868 1    
13.63995087 1    
13.64145421 1    
13.64267807 1    
13.64417488 1    
13.64567591 1    
13.64692718 1    
13.64842530 1    
13.64992124 1    
13.65891979 1    
13.66042920 1    
13.71066723 1    
13.71240971 1    
13.72191199 -1   
13.74090115 1    
13.74689010 1    
13.86532768 1    
13.86536318 -1   
14.22295256 1    
14.25458073 1    
14.40617263 1    
14.61151752 1    
14.62868690 -1   
14.93985349 1    
15.03742889 1    
15.13073410 1    
19.38363649 -1   
21.88526988 -1   
21.89442570 -1   
21.89471374 -1   
22.03771331 -1   
22.18915681 1    
22.47225858 1    
26.82538069 -1   
