0.00000000 -1   
0.21792077 1    
0.24471413 -1   
0.36908416 1    
0.39626263 -1   
0.55045945 1    
0.55075213 -1   
0.59810358 1    
0.62608889 1    
0.64780693 1    
0.70367763 1    
0.70380468 -1   
0.85480758 1    
0.89843792 -1   
0.90692425 1    
0.93616101 1    
0.93740108 1    
1.04564811 1    
1.19687874 1    
1.24495339 -1   
1.40124124 1    
1.40154282 -1   
1.55388474 1    
1.55418757 -1   
1.70681379 1    
1.70713031 -1   
1.91969594 1    
2.11084118 1    
2.11109912 -1   
2.56880912 1    
2.57085030 -1   
2.94336389 1    
2.94439530 -1   
3.34003807 1    
3.34152736 1    
3.34188683 1    
3.34791089 -1   
3.85109578 1    
3.85136233 -1   
4.24575381 -1   
4.37537772 1    
4.38811804 -1   
4.39696877 -1   
4.54217722 1    
4.59059906 -1   
4.75831982 1    
4.75863883 -1   
4.90973047 1    
4.94811398 1    
4.94814205 -1   
5.09979265 1    
5.09982932 -1   
5.29446285 -1   
5.46915961 1    
5.46944693 -1   
5.65207412 1    
5.65239921 -1   
5.80497386 1    
5.80591586 -1   
5.95963539 1    
6.18615872 1    
6.18765396 1    
6.18788209 1    
6.19215690 -1   
6.38658966 -1   
6.56576589 1    
6.56603823 -1   
6.75290825 1    
6.89299440 1    
6.89449785 1    
6.91096669 1    
6.91221849 1    
6.91371358 1    
6.93795786 1    
6.93921939 1    
6.94541908 1    
6.95459632 -1   
7.02917636 1    
7.03066762 1    
7.03816497 1    
7.04640777 1    
7.05365507 1    
7.05490085 1    
7.06240282 1    
7.06414798 1    
7.06562243 1    
7.06714727 1    
7.06837652 1    
7.06964250 1    
7.07414621 1    
7.09088140 1    
7.09238494 1    
7.09385779 1    
7.09513682 1    
7.09725804 1    
7.15039503 -1   
7.24974345 1    
7.25539965 -1   
7.30278748 -1   
7.41652292 1    
7.49869829 -1   
7.53011687 1    
7.60110022 1    
7.60638872 1    
7.65086442 -1   
7.75760355 1    
7.80202397 -1   
8.00322942 1    
8.24668993 -1   
8.34849680 1    
8.34886219 -1   
8.39791690 -1   
8.50292800 1    
8.54857584 -1   
8.72404819 1    
8.72434794 -1   
8.74666590 1    
8.74791216 1    
8.87616723 1    
8.87620526 -1   
8.88683656 -1   
8.88684519 -1   
9.02987766 1    
9.02991610 -1   
9.19842125 1    
9.19990824 1    
9.20028296 1    
9.20429207 -1   
9.21377338 -1   
9.33808397 1    
9.33957092 1    
9.35721641 1    
9.35722994 -1   
9.37057302 -1   
9.42602491 1    
9.42754424 1    
9.47152488 1    
9.47276177 1    
9.47426981 1    
9.47574389 1    
9.47699716 1    
9.48398739 -1   
9.51246480 1    
9.51249125 -1   
9.52573476 -1   
9.54321303 1    
9.54472760 1    
9.66613512 1    
9.66616839 -1   
9.67820775 -1   
9.70239931 1    
9.71186179 1    
9.71336168 1    
9.71460890 1    
9.71610759 1    
9.71735579 1    
9.71885688 1    
9.72037095 1    
9.72162866 1    
9.72310428 1    
9.72437799 1    
9.72585186 1    
9.72737067 1    
9.72862202 1    
9.73012166 1    
9.81874240 1    
9.81879757 -1   
9.82157310 1    
9.82281728 1    
9.82431616 1    
9.82581773 1    
9.82704678 1    
9.82856431 1    
9.83006731 1    
9.83131179 1    
9.83281442 1    
9.83403754 1    
9.83553626 1    
9.83703698 1    
9.83828802 1    
9.83978452 1    
9.84103571 1    
9.84253563 1    
9.84405880 1    
9.84530573 1    
9.84680459 1    
9.84830241 1    
9.84840344 -1   
9.84955604 1    
9.86502415 1    
9.86652181 1    
9.86776988 1    
9.86926873 1    
9.87051940 1    
9.87202270 1    
9.87351788 1    
9.87476699 1    
9.87626535 1    
9.87776501 1    
9.87901090 1    
9.88051386 1    
9.88175961 1    
9.88326163 1    
9.88475895 1    
9.88601044 1    
9.88750663 1    
9.88875989 1    
9.92527851 1    
9.92673805 1    
9.92798487 1    
9.92948485 1    
9.93075425 1    
9.93225817 1    
9.93374717 1    
9.93500555 1    
9.93650290 1    
9.93775350 1    
9.93925005 1    
9.94275091 1    
9.97449199 1    
9.97452495 -1   
9.97573192 1    
9.97722972 1    
9.97872492 1    
9.97995619 1    
9.98147470 1    
9.98297411 1    
9.98422724 1    
9.98572337 1    
9.98697427 1    
9.98847235 1    
9.98995245 1    
9.99122010 1    
9.99269949 1    
9.99394869 1    
9.99547028 1    
9.99696759 1    
9.99819804 1    
9.99969237 1    
10.00094514 1    
10.00246316 1    
10.00394228 1    
10.00546592 1    
10.00671537 1    
10.00821090 1    
10.00970690 1    
10.01093606 1    
10.01243756 1    
10.01561492 -1   
10.01846052 1    
10.01993246 1    
10.02118499 1    
10.02267951 1    
10.02393351 1    
10.02545154 1    
10.02692823 1    
10.02820057 1    
10.02970216 1    
10.03094869 1    
10.03245078 1    
10.03392450 1    
10.03519815 1    
10.03667371 1    
10.03792284 1    
10.03944286 1    
10.04092268 1    
10.04219061 1    
10.04369313 1    
10.04494222 1    
10.04644100 1    
10.07842947 1    
10.07992318 1    
10.08116857 1    
10.08267089 1    
10.08391947 1    
10.08541884 1    
10.08689402 1    
10.08816577 1    
10.08966405 1    
10.09091504 1    
10.09241322 1    
10.09389281 1    
10.09516425 1    
10.13064602 1    
10.13066375 -1   
10.13189237 1    
10.13338820 1    
10.13489029 1    
10.13614257 1    
10.13763957 1    
10.13913500 1    
10.14038861 1    
10.14188338 1    
10.14311200 1    
10.14463447 1    
10.14613354 1    
10.14738096 1    
10.14888228 1    
10.15010773 1    
10.15163078 1    
10.15312932 1    
10.15435643 1    
10.15587777 1    
10.15737920 1    
10.15862398 1    
10.15971767 -1   
10.16013153 1    
10.16135525 1    
10.16285158 1    
10.16437226 1    
10.16562283 1    
10.16711971 1    
10.16837262 1    
10.16984717 1    
10.17212421 1    
10.17361553 1    
10.17511913 1    
10.17637108 1    
10.17787217 1    
10.17936259 1    
10.18061593 1    
10.18073217 -1   
10.18211519 1    
10.18333878 1    
10.18486023 1    
10.18635790 1    
10.18760810 1    
10.18910800 1    
10.19035929 1    
10.19185584 1    
10.19335585 1    
10.19460403 1    
10.19610754 1    
10.19760268 1    
10.19885454 1    
10.20035356 1    
10.20158113 1    
10.20308095 1    
10.21022548 -1   
10.23184256 1    
10.23333645 1    
10.23483692 1    
10.23608163 1    
10.23758460 1    
10.23883193 1    
10.24033406 1    
10.24044423 -1   
10.24182987 1    
10.24305661 1    
10.24457427 1    
10.24582472 1    
10.24732937 1    
10.24882350 1    
10.25005304 1    
10.25949038 -1   
10.28628501 1    
10.28632549 -1   
10.28780453 1    
10.28904986 1    
10.29055678 1    
10.29179997 1    
10.29329362 1    
10.29479590 1    
10.29602602 1    
10.29754414 1    
10.29879795 1    
10.30029393 1    
10.30179435 1    
10.30304093 1    
10.30454500 1    
10.30578964 1    
10.30729247 1    
10.30878950 1    
10.31002474 1    
10.31153560 1    
10.31276718 1    
10.31388003 -1   
10.31427883 1    
10.31576307 1    
10.31616079 1    
10.32331446 -1   
10.36459414 -1   
10.42163419 -1   
10.47571359 -1   
10.79862737 1    
10.79961266 -1   
10.81798880 1    
10.81949859 1    
10.85146797 1    
10.87197163 1    
10.87346747 1    
10.87471451 1    
10.87619473 1    
10.87744416 1    
10.87894295 1    
10.88046227 1    
10.88169107 1    
10.88319481 1    
10.88471237 1    
10.88595770 1    
10.88743525 1    
10.88893359 1    
10.89018557 1    
10.89168210 1    
10.89318584 1    
10.89445342 1    
10.89596076 1    
10.89720194 1    
10.89870085 1    
10.90020013 1    
10.90145065 1    
10.90294379 1    
10.90420282 1    
10.90569936 1    
10.90719950 1    
10.90729012 -1   
10.90844586 1    
10.90992523 1    
10.91142574 1    
10.91269481 1    
10.95540253 1    
10.95544200 -1   
10.95689811 1    
10.97238854 1    
10.97388565 1    
10.97540611 1    
10.97664048 1    
11.02488555 1    
11.02635726 1    
11.02787976 1    
11.02914886 1    
11.03062467 1    
11.03187477 1    
11.03337506 1    
11.03487223 1    
11.03615483 1    
11.03762111 1    
11.03887275 1    
11.04037124 1    
11.04186773 1    
11.04309824 1    
11.04462076 1    
11.04611585 1    
11.04736783 1    
11.04886479 1    
11.05012554 1    
11.05161369 1    
11.05311102 1    
11.05435996 1    
11.05586576 1    
11.05708905 1    
11.05861081 1    
11.06008816 1    
11.06133929 1    
11.06142742 -1   
11.06283432 1    
11.06433387 1    
11.06558479 1    
11.06708120 1    
11.06833473 1    
11.06983064 1    
11.07133230 1    
11.07258077 1    
11.07407770 1    
11.07532640 1    
11.07683273 1    
11.07834757 1    
11.07959494 1    
11.08107526 1    
11.08259849 1    
11.08384450 1    
11.08533834 1    
11.08658963 1    
11.08807411 1    
11.08959193 1    
11.09084295 1    
11.09234134 1    
11.09359174 1    
11.09508813 1    
11.09658834 1    
11.09781858 1    
11.10933483 1    
11.10934884 -1   
11.12557796 1    
11.12681539 1    
11.12857318 1    
11.12979689 1    
11.13381909 1    
11.16930037 1    
11.17978848 1    
11.18129003 1    
11.18279112 1    
11.18401620 1    
11.18551840 1    
11.18678151 1    
11.18828529 1    
11.18978279 1    
11.19103619 1    
11.19254098 1    
11.19376275 1    
11.19525772 1    
11.19676075 1    
11.19800627 1    
11.19950634 1    
11.20077234 1    
11.20228319 1    
11.20375339 1    
11.20500608 1    
11.20652401 1    
11.20803032 1    
11.20926924 1    
11.21077100 1    
11.21200126 1    
11.21352348 1    
11.21499796 1    
11.21627097 1    
11.21636463 -1   
11.21777047 1    
11.21899489 1    
11.22050029 1    
11.22201930 1    
11.22326782 1    
11.22476516 1    
11.22626826 1    
11.22749188 1    
11.22901313 1    
11.23026073 1    
11.23176012 1    
11.23325980 1    
11.23448978 1    
11.23598557 1    
11.23723752 1    
11.23875100 1    
11.24025330 1    
11.24150579 1    
11.24299804 1    
11.24450310 1    
11.24575472 1    
11.24724974 1    
11.24850546 1    
11.25000045 1    
11.25150182 1    
11.25274220 1    
11.25424646 1    
11.25549804 1    
11.25699983 1    
11.25849827 1    
11.25974892 1    
11.26499718 1    
11.26501994 -1   
11.27973374 1    
11.28122715 1    
11.28298368 1    
11.28448058 1    
11.32246733 1    
11.32370754 1    
11.33445652 1    
11.33595155 1    
11.33718267 1    
11.33870080 1    
11.34117931 1    
11.34269548 1    
11.34419941 1    
11.34544477 1    
11.34694803 1    
11.34844357 1    
11.34970825 1    
11.35119307 1    
11.35244435 1    
11.35391908 1    
11.35543628 1    
11.35668933 1    
11.35818988 1    
11.35941533 1    
11.36091462 1    
11.36243499 1    
11.36368676 1    
11.36518384 1    
11.36667880 1    
11.36793389 1    
11.36942811 1    
11.37065805 1    
11.37217994 1    
11.37367857 1    
11.37378369 -1   
11.37493085 1    
11.37640793 1    
11.37765779 1    
11.37916845 1    
11.38067431 1    
11.38190235 1    
11.38342026 1    
11.38490083 1    
11.38615219 1    
11.38766438 1    
11.38890341 1    
11.39041530 1    
11.39191902 1    
11.39198660 -1   
11.39314889 1    
11.39466310 1    
11.39592397 1    
11.39741810 1    
11.39779972 1    
11.42188459 1    
11.42190829 -1   
11.42340004 1    
11.42465010 1    
11.42615218 1    
11.42739474 1    
11.42890303 1    
11.43041879 1    
11.43165204 1    
11.43314887 1    
11.43439780 1    
11.43589374 1    
11.43739910 1    
11.43864042 1    
11.44014457 1    
11.44161837 1    
11.44287056 1    
11.44438842 1    
11.47037736 1    
11.47187536 1    
11.47687435 1    
11.51787919 1    
11.51934742 1    
11.52084513 1    
11.52207285 1    
11.52215331 -1   
11.52359589 1    
11.52484319 1    
11.52634325 1    
11.52784117 1    
11.52907202 1    
11.53058378 1    
11.53184073 1    
11.53333847 1    
11.53483892 1    
11.53606564 1    
11.53758315 1    
11.53908572 1    
11.54033809 1    
11.54183248 1    
11.54306074 1    
11.54456145 1    
11.54606135 1    
11.54730735 1    
11.54881053 1    
11.55030720 1    
11.55155629 1    
11.55305462 1    
11.55457464 1    
11.55582388 1    
11.55732589 1    
11.55882119 1    
11.56005379 1    
11.56157157 1    
11.56282063 1    
11.57694625 1    
11.57696734 -1   
11.58104070 1    
11.58253722 1    
11.58378993 1    
11.58530019 1    
11.58653654 1    
11.58805764 1    
11.58955786 1    
11.59080378 1    
11.59229783 1    
11.59380366 1    
11.59503371 1    
11.59655191 1    
11.59780244 1    
11.59929399 1    
11.60081575 1    
11.60204077 1    
11.60354566 1    
11.60479886 1    
11.60629394 1    
11.60779652 1    
11.60792809 -1   
11.60902638 1    
11.61052180 1    
11.61176941 1    
11.61329180 1    
11.61479320 1    
11.61604572 1    
11.61754269 1    
11.61878800 1    
11.62026805 1    
11.62178218 1    
11.62478556 1    
11.62628531 1    
11.64202887 1    
11.67075978 1    
11.67226044 1    
11.67375699 1    
11.67525867 1    
11.67650182 1    
11.67825608 1    
11.67975221 1    
11.68100633 1    
11.68250307 1    
11.68400674 1    
11.68525049 1    
11.68674727 1    
11.68797673 1    
11.68949677 1    
11.69099607 1    
11.69250056 1    
11.69397531 1    
11.69524700 1    
11.72874197 1    
11.72876126 -1   
11.86269054 -1   
11.86270068 -1   
11.86298260 -1   
11.86322463 -1   
11.87487777 1    
11.87639462 1    
11.87789408 1    
11.88220006 1    
11.88221450 -1   
11.88513977 1    
11.88662952 1    
12.03618364 1    
12.22170778 1    
12.22292211 1    
12.22444868 1    
12.22567154 1    
12.22576104 -1   
12.22719319 1    
12.22869234 1    
12.22994225 1    
12.23143971 1    
12.23267293 1    
12.23418167 1    
12.23568407 1    
12.23569261 1    
12.23716316 1    
12.23868335 1    
12.23993606 1    
12.24142046 1    
12.24266280 1    
12.24416037 1    
12.24566158 1    
12.24692802 1    
12.24842895 1    
12.24990626 1    
12.25115756 1    
12.25267331 1    
12.25390534 1    
12.25542145 1    
12.25692660 1    
12.25698106 -1   
12.25817591 1    
12.25965271 1    
12.26090299 1    
12.26242019 1    
12.26392339 1    
12.26516896 1    
12.26666991 1    
12.26792001 1    
12.26941300 1    
12.27089368 1    
12.27216847 1    
12.27364071 1    
12.27489408 1    
12.27639122 1    
12.27789302 1    
12.27913831 1    
12.28063930 1    
12.28188783 1    
12.28338964 1    
12.28488618 1    
12.28615268 1    
12.28763597 1    
12.28890486 1    
12.29040581 1    
12.29190587 1    
12.29313440 1    
12.29464623 1    
12.29590164 1    
12.29739772 1    
12.29890047 1    
12.30014714 1    
12.30164393 1    
12.30314333 1    
12.30439294 1    
12.30587252 1    
12.37659441 1    
12.37783592 1    
12.37933113 1    
12.38058418 1    
12.38209791 1    
12.38211123 -1   
12.38358250 1    
12.38482891 1    
12.38633211 1    
12.38757942 1    
12.38911217 1    
12.39059398 1    
12.39185949 1    
12.39334855 1    
12.39484489 1    
12.39607677 1    
12.39759548 1    
12.39884582 1    
12.40034346 1    
12.40184254 1    
12.40307004 1    
12.40459277 1    
12.40583878 1    
12.40734052 1    
12.40884056 1    
12.41006679 1    
12.41156545 1    
12.41306485 1    
12.41456418 1    
12.41581394 1    
12.41730973 1    
12.41856207 1    
12.42006117 1    
12.42158444 1    
12.42283165 1    
12.42431329 1    
12.42580773 1    
12.42705566 1    
12.42857531 1    
12.42983005 1    
12.43132631 1    
12.43282613 1    
12.43405167 1    
12.43557334 1    
12.43681721 1    
12.43832310 1    
12.43981851 1    
12.44131996 1    
12.44257074 1    
12.44404928 1    
12.44554322 1    
12.44679598 1    
12.44829666 1    
12.44954391 1    
12.45104060 1    
12.45279246 1    
12.45431412 1    
12.45654096 1    
12.45778861 1    
12.52975667 1    
12.53126862 1    
12.53276837 1    
12.53676536 1    
12.53698221 -1   
12.53824383 1    
12.53825836 -1   
12.53999412 1    
12.54150956 1    
12.54398900 1    
12.54553867 1    
12.54669744 -1   
12.54798818 1    
12.54948518 1    
12.55150867 1    
12.55375368 1    
12.55498328 1    
12.55775092 1    
12.55926390 1    
12.56200250 1    
12.56349748 1    
12.56624646 1    
12.56772582 1    
12.56924128 1    
12.57174559 1    
12.57332774 -1   
12.57372087 1    
12.57749505 1    
12.57873932 1    
12.58023949 1    
12.58174013 1    
12.58373738 1    
12.58573908 1    
12.58697460 1    
12.58848914 1    
12.58973306 1    
12.59123204 1    
12.59271130 1    
12.59396174 1    
12.59545826 1    
12.59671077 1    
12.59820545 1    
12.59971202 1    
12.60095468 1    
12.60245529 1    
12.60371905 1    
12.60522771 1    
12.60671848 1    
12.60795481 1    
12.60802022 -1   
12.60970407 1    
12.61096962 1    
12.68393897 1    
12.68542799 1    
12.68690953 1    
12.68992599 1    
12.69044916 -1   
12.69490483 1    
12.69615097 1    
12.69889841 1    
12.70015037 1    
12.70314822 1    
12.70466960 1    
12.70716844 1    
12.70866581 1    
12.71166638 1    
12.71316218 1    
12.71518222 1    
12.81411247 1    
12.81559881 1    
12.81685448 1    
12.81835144 1    
12.81985262 1    
12.82559995 1    
12.82682957 1    
12.83782086 1    
12.83907308 1    
12.84059159 1    
12.84184057 1    
12.84333677 1    
12.84483806 1    
12.84606420 1    
12.84758826 1    
12.84883596 1    
12.85033706 1    
12.85183188 1    
12.85306454 1    
12.85315416 -1   
12.85458069 1    
12.85583059 1    
12.85733303 1    
12.85882981 1    
12.86006093 1    
12.86155444 1    
12.86280681 1    
12.86430461 1    
12.86580250 1    
12.86705156 1    
12.86858079 1    
12.86982219 1    
12.87132435 1    
12.87282364 1    
12.87405018 1    
12.87406514 -1   
12.87556919 1    
12.87650550 1    
12.90054278 1    
12.90205720 1    
12.92077294 1    
12.92229468 1    
12.92354127 1    
12.92976738 1    
12.93126831 1    
12.93276550 1    
12.93401703 1    
12.93551442 1    
12.93676521 1    
12.93827838 1    
12.93975992 1    
12.94100887 1    
12.96875254 1    
12.97024252 1    
12.97174439 1    
12.97299130 1    
12.97876417 1    
12.98000988 1    
12.98010725 -1   
12.99074084 1    
12.99223276 1    
12.99373353 1    
12.99498004 1    
12.99648299 1    
12.99772904 1    
12.99922994 1    
13.00072866 1    
13.00197955 1    
13.00347480 1    
13.00497714 1    
13.00622353 1    
13.00772645 1    
13.00947114 1    
13.01072075 1    
13.01222194 1    
13.01347219 1    
13.01496727 1    
13.01696961 1    
13.01821655 1    
13.01971781 1    
13.02121879 1    
13.02248475 1    
13.02398685 1    
13.02548577 1    
13.02672776 1    
13.02823621 1    
13.02948083 1    
13.03098302 1    
13.03101528 -1   
13.03247996 1    
13.03373069 1    
13.03523111 1    
13.05497036 1    
13.05646869 1    
13.07544062 1    
13.07668359 1    
13.08270717 1    
13.08418530 1    
13.08569917 1    
13.08694994 1    
13.08844996 1    
13.08970080 1    
13.09119496 1    
13.09269559 1    
13.09392429 1    
13.09544921 1    
13.09692172 1    
13.12318751 1    
13.12467694 1    
13.12618254 1    
13.12765299 1    
13.13317115 1    
13.13332991 -1   
13.13467377 1    
13.13592138 1    
13.14517057 1    
13.14666468 1    
13.14816552 1    
13.14964128 1    
13.15091170 1    
13.15241206 1    
13.15389105 1    
13.15540914 1    
13.15666171 1    
13.15815690 1    
13.15940920 1    
13.16090750 1    
13.16290379 1    
13.16440641 1    
13.16565601 1    
13.16713017 1    
13.16838393 1    
13.16987948 1    
13.17163221 1    
13.17288035 1    
13.17487728 1    
13.17637747 1    
13.17787817 1    
13.17795180 -1   
13.17912779 1    
13.18062536 1    
13.18187688 1    
13.18337376 1    
13.18487054 1    
13.18612117 1    
13.18614185 -1   
13.18762330 1    
13.18856245 1    
13.21687848 1    
13.33991967 1    
13.33994252 -1   
13.67794582 1    
13.80204795 1    
13.80220923 -1   
13.87021143 1    
13.95348471 -1   
14.30810422 1    
14.41145890 1    
14.45952885 1    
17.21592496 1    
21.22561675 -1   
21.23476717 -1   
21.23505453 -1   
21.37674045 -1   
21.59117886 1    
21.96671767 1    
26.25235210 -1   
28.25371486 -1   
