0.00000000 -1   
0.24374491 1    
0.24406704 -1   
0.50050551 1    
0.50199254 1    
0.50236782 1    
0.53071293 1    
0.53198180 1    
0.54320081 1    
0.54446866 1    
0.54596563 1    
0.54655322 -1   
0.75795215 1    
0.76215090 -1   
0.91434371 1    
0.91486618 -1   
1.06702592 1    
1.06734094 -1   
1.21966725 1    
1.21981000 -1   
1.37258080 1    
1.37289551 -1   
1.57747562 1    
1.76106681 -1   
1.91329254 1    
1.91361801 -1   
2.06443805 1    
2.06484715 -1   
2.24207961 1    
2.24239332 -1   
2.39474323 1    
2.39505818 -1   
2.54743076 1    
2.76163613 -1   
2.79126851 1    
2.95537208 -1   
2.98217962 1    
3.10656096 -1   
3.27874087 1    
3.27980548 -1   
3.43317342 1    
3.43349205 -1   
3.60347678 1    
3.60497105 1    
3.60532778 1    
3.61096894 -1   
3.80341334 -1   
3.81295045 1    
3.95482293 -1   
4.06456207 1    
4.10671604 -1   
4.25679333 1    
4.26037464 -1   
4.41261192 1    
4.41265042 -1   
4.60125240 1    
4.60129049 -1   
4.75475509 1    
4.75479238 -1   
4.90814725 1    
4.90818331 -1   
5.06596824 1    
5.06601695 -1   
5.25958007 -1   
5.38455777 1    
5.45171278 -1   
5.60492637 1    
5.60523244 -1   
5.77396642 1    
5.77522635 1    
5.77558543 1    
5.77985314 -1   
5.93247130 1    
5.93250684 -1   
6.16286306 1    
6.16311850 -1   
6.31550390 1    
6.37836845 1    
6.38960264 1    
6.39110833 1    
6.39910560 1    
6.40060024 1    
6.40184550 1    
6.42447191 -1   
6.43323525 -1   
6.44107871 1    
6.44257265 1    
6.44382323 1    
6.48757510 1    
6.48881779 1    
6.50779703 1    
6.50905172 1    
6.51055698 1    
6.51830111 1    
6.51953383 1    
6.51959379 -1   
6.52105013 1    
6.54277437 1    
6.54426777 1    
6.54553526 1    
6.54703558 1    
6.55303044 1    
6.55425953 1    
6.55577966 1    
6.55725555 1    
6.55794787 1    
6.58656352 -1   
6.68496460 1    
6.70847422 1    
6.70897236 -1   
6.80344194 -1   
6.85586565 1    
6.85888582 1    
6.86520157 -1   
6.95509849 -1   
7.00825814 1    
7.00953173 1    
7.01783118 -1   
7.13645398 1    
7.13649310 -1   
7.14919335 1    
7.15041566 1    
7.15194108 1    
7.16074947 1    
7.17943052 1    
7.18092229 1    
7.20889432 1    
7.21040446 1    
7.21165652 1    
7.22312685 1    
7.22440006 1    
7.24387084 1    
7.24536619 1    
7.24663358 1    
7.25162995 -1   
7.25463154 1    
7.26387935 1    
7.28361365 1    
7.28486045 1    
7.28636566 1    
7.30758306 1    
7.30761997 -1   
7.30884858 1    
7.31007650 1    
7.31301032 1    
7.40305885 1    
7.40454359 1    
7.45954365 -1   
7.47150738 1    
7.50306169 1    
7.65532655 1    
7.65536339 -1   
7.76392746 -1   
7.80973914 1    
7.80977776 -1   
7.81984695 -1   
7.96240230 1    
7.96244846 -1   
8.03819404 1    
8.03847612 -1   
8.03968502 1    
8.07789222 1    
8.07916093 1    
8.08065810 1    
8.08215730 1    
8.08340492 1    
8.08490617 1    
8.08665255 1    
8.08815430 1    
8.08940234 1    
8.09090338 1    
8.09240181 1    
8.11387736 1    
8.11511553 1    
8.11513443 1    
8.11514206 -1   
8.26823704 1    
8.26881910 -1   
8.35575921 1    
8.42100797 1    
8.42104488 -1   
8.57448259 1    
8.57452122 -1   
8.72897935 1    
8.72901574 -1   
8.76337767 -1   
8.90935353 1    
8.90939263 -1   
8.95466668 1    
8.95615628 1    
8.95740750 1    
8.97164906 1    
8.98140203 1    
9.00163552 1    
9.01912618 1    
9.04236324 1    
9.04358742 1    
9.06066713 1    
9.12854731 1    
9.12883893 -1   
9.13003630 1    
9.21289707 1    
9.36577587 1    
9.36612777 -1   
9.59464411 1    
9.76431021 -1   
9.78553707 1    
9.78590044 -1   
9.91765871 -1   
9.94017781 1    
10.06830013 -1   
10.13242581 1    
10.21947078 -1   
10.26766550 1    
10.26889884 1    
10.27804478 -1   
10.32376855 1    
10.33460265 -1   
10.33460907 -1   
10.37189967 -1   
10.48970875 1    
10.66291855 1    
10.66440769 1    
10.67266461 1    
10.67390180 1    
10.67540454 1    
10.67747923 -1   
10.68695735 -1   
10.72597783 1    
10.73053371 -1   
10.75961130 1    
10.76085036 1    
10.76481259 -1   
10.77087478 1    
10.77209814 1    
10.77359504 1    
10.77509186 1    
10.77634501 1    
10.78036328 1    
10.78183896 1    
10.78308519 1    
10.78423068 -1   
10.79350650 -1   
10.82886688 -1   
10.94086672 1    
10.94115840 -1   
10.98055666 -1   
11.09553666 1    
11.13089698 1    
11.13216197 1    
11.13366012 1    
11.13516324 1    
11.13640821 1    
11.13791001 1    
11.13940665 1    
11.14066367 1    
11.14215456 1    
11.14365058 1    
11.14366470 -1   
11.14490621 1    
11.14640299 1    
11.14790475 1    
11.14914930 1    
11.15064863 1    
11.15189889 1    
11.15340041 1    
11.15489624 1    
11.15615210 1    
11.15764580 1    
11.25410078 1    
11.25559054 1    
11.25707061 1    
11.25835129 1    
11.25983340 1    
11.26108555 1    
11.26258885 1    
11.26380166 -1   
11.26406410 1    
11.26533674 1    
11.26683575 1    
11.26808406 1    
11.26958204 1    
11.27108010 1    
11.27231371 1    
11.27383068 1    
11.27505946 1    
11.27657793 1    
11.27808065 1    
11.27930343 1    
11.28081931 1    
11.28207704 1    
11.28357542 1    
11.28530193 1    
11.28682465 1    
11.28832245 1    
11.28957213 1    
11.29105246 1    
11.29257323 1    
11.29382566 1    
11.29529967 1    
11.29656821 1    
11.29806740 1    
11.29954226 1    
11.30079323 1    
11.30231248 1    
11.30356300 1    
11.30506060 1    
11.30656319 1    
11.30781061 1    
11.30929033 1    
11.31080222 1    
11.31198135 -1   
11.31204002 1    
11.31355519 1    
11.31356915 -1   
11.31480705 1    
11.31630672 1    
11.31780511 1    
11.31905195 1    
11.32055442 1    
11.32179596 1    
11.32272813 1    
11.32427986 1    
11.32580118 1    
11.32702764 1    
11.33305429 1    
11.33454494 1    
11.34278821 1    
11.34403529 1    
11.34551934 1    
11.34678775 1    
11.34828861 1    
11.34978606 1    
11.35103719 1    
11.35253524 1    
11.35378216 1    
11.40876246 1    
11.40999569 1    
11.41150302 1    
11.41300061 1    
11.41422668 1    
11.41574705 1    
11.41724874 1    
11.41849639 1    
11.41999913 1    
11.42122166 1    
11.42274652 1    
11.42422376 1    
11.42542499 -1   
11.42546493 1    
11.42697314 1    
11.42822115 1    
11.42974065 1    
11.43124041 1    
11.43246817 1    
11.43396645 1    
11.43523739 1    
11.43674249 1    
11.43823415 1    
11.43948086 1    
11.44096213 1    
11.44222855 1    
11.44372933 1    
11.44520786 1    
11.44648202 1    
11.44798300 1    
11.44920713 1    
11.45073038 1    
11.45222742 1    
11.45347731 1    
11.45497428 1    
11.45620554 1    
11.45772306 1    
11.45922704 1    
11.46047513 1    
11.46197525 1    
11.46322233 1    
11.46472360 1    
11.46619846 1    
11.46746088 1    
11.46896747 1    
11.47047206 1    
11.47171728 1    
11.47321778 1    
11.47446417 1    
11.47598308 1    
11.47607175 -1   
11.47746284 1    
11.47870658 1    
11.48020820 1    
11.48146075 1    
11.48296074 1    
11.48445941 1    
11.48570943 1    
11.48718634 1    
11.48871014 1    
11.48995581 1    
11.49147489 1    
11.49269632 1    
11.49420571 1    
11.49570396 1    
11.49695475 1    
11.49845206 1    
11.49967804 1    
11.50117580 1    
11.50270053 1    
11.50395011 1    
11.50544828 1    
11.50694597 1    
11.50817397 1    
11.50967192 1    
11.51081721 -1   
11.51092078 1    
11.51244595 1    
11.51394457 1    
11.51517021 1    
11.51669364 1    
11.51793838 1    
11.51943345 1    
11.52093894 1    
11.52106094 -1   
11.52216861 1    
11.52218638 -1   
11.52369020 1    
11.52493570 1    
11.52641627 1    
11.52793448 1    
11.52918723 1    
11.53068196 1    
11.53218455 1    
11.53342963 1    
11.53493251 1    
11.53617913 1    
11.53767842 1    
11.53917813 1    
11.54040865 1    
11.54190365 1    
11.54315677 1    
11.54465307 1    
11.54615363 1    
11.54742255 1    
11.54892371 1    
11.55014919 1    
11.55165556 1    
11.55314969 1    
11.55440132 1    
11.55589845 1    
11.55715110 1    
11.55866064 1    
11.55870808 -1   
11.56014706 1    
11.56141416 1    
11.56541419 1    
11.56689112 1    
11.56814010 1    
11.56966075 1    
11.57115562 1    
11.57240986 1    
11.57390977 1    
11.57513521 1    
11.57663972 1    
11.57813256 1    
11.57938280 1    
11.58090119 1    
11.58240515 1    
11.58361329 -1   
11.58390105 1    
11.58515480 1    
11.58662869 1    
11.58812843 1    
11.58939981 1    
11.59089091 1    
11.59212828 1    
11.59324293 -1   
11.59362578 1    
11.59512666 1    
11.59552471 1    
11.60229036 -1   
11.62533951 -1   
11.63491805 -1   
11.69221497 -1   
11.71188577 -1   
12.12785452 1    
12.12909088 1    
12.12946693 1    
12.13058594 -1   
12.13484001 1    
12.13608718 1    
12.13758701 1    
12.13906596 1    
12.14035751 1    
12.14183572 1    
12.14306245 1    
12.14535854 1    
12.14655850 1    
12.14808070 1    
12.14934153 1    
12.15082673 1    
12.15233013 1    
12.15357550 1    
12.15507701 1    
12.15657366 1    
12.15780223 1    
12.15932360 1    
12.16057452 1    
12.16207145 1    
12.16357186 1    
12.16481807 1    
12.19280694 1    
12.19403281 1    
12.19552988 1    
12.21855041 1    
12.21978843 1    
12.22128758 1    
12.22140626 -1   
12.22276665 1    
12.22401471 1    
12.22553700 1    
12.22676216 1    
12.22828534 1    
12.22978593 1    
12.23102909 1    
12.23253108 1    
12.23403237 1    
12.23525639 1    
12.23678166 1    
12.23802737 1    
12.23952833 1    
12.24102204 1    
12.24225321 1    
12.24375448 1    
12.24525343 1    
12.24650058 1    
12.24800326 1    
12.24949851 1    
12.25075295 1    
12.25224713 1    
12.25352356 1    
12.25501801 1    
12.25652023 1    
12.25776737 1    
12.25924688 1    
12.26076872 1    
12.26201859 1    
12.26350959 1    
12.26476178 1    
12.26626013 1    
12.26776359 1    
12.26900952 1    
12.27050416 1    
12.27175851 1    
12.27187887 -1   
12.27325721 1    
12.27475574 1    
12.27599012 1    
12.27748776 1    
12.27898524 1    
12.28023242 1    
12.28173374 1    
12.28298117 1    
12.28447813 1    
12.28597659 1    
12.28722843 1    
12.28872528 1    
12.28997840 1    
12.29149361 1    
12.29300345 1    
12.29424400 1    
12.29574493 1    
12.29724352 1    
12.29849445 1    
12.29999349 1    
12.30122100 1    
12.30273943 1    
12.30424419 1    
12.30548768 1    
12.30698794 1    
12.30821515 1    
12.30971769 1    
12.31121656 1    
12.31246619 1    
12.31396142 1    
12.31521385 1    
12.31671455 1    
12.31673470 -1   
12.31821181 1    
12.31945665 1    
12.32095991 1    
12.32221016 1    
12.32372623 1    
12.32520419 1    
12.32647864 1    
12.32797811 1    
12.32922703 1    
12.33071703 1    
12.33222043 1    
12.33346848 1    
12.33497403 1    
12.33747021 1    
12.33872346 1    
12.34022296 1    
12.34171789 1    
12.34295025 1    
12.34444978 1    
12.34569556 1    
12.34719228 1    
12.34869573 1    
12.34994492 1    
12.35144297 1    
12.35293836 1    
12.35419022 1    
12.35569036 1    
12.35693845 1    
12.35846047 1    
12.35996361 1    
12.36121231 1    
12.36271173 1    
12.36395910 1    
12.36546041 1    
12.36696066 1    
12.36821301 1    
12.36970545 1    
12.37120658 1    
12.37245695 1    
12.37393193 1    
12.37520183 1    
12.37668221 1    
12.37818107 1    
12.37942635 1    
12.38092281 1    
12.38217567 1    
12.38367622 1    
12.38518688 1    
12.38642114 1    
12.38792222 1    
12.38942109 1    
12.39066609 1    
12.39219332 1    
12.39344128 1    
12.39494083 1    
12.39643738 1    
12.39768789 1    
12.39918684 1    
12.40068743 1    
12.40193323 1    
12.40343531 1    
12.40468353 1    
12.40618388 1    
12.40768168 1    
12.40893303 1    
12.41041121 1    
12.41166097 1    
12.41315584 1    
12.41465735 1    
12.41590776 1    
12.41740651 1    
12.41890176 1    
12.41958828 1    
12.46440094 1    
12.47353462 -1   
12.47354151 -1   
12.47464433 1    
12.47466212 -1   
12.47589526 1    
12.59058547 1    
12.60409184 -1   
12.61757083 1    
12.61905861 1    
12.62028758 1    
12.62150835 1    
12.62305935 1    
12.62428555 1    
12.62580819 1    
12.62705012 1    
12.62855816 1    
12.63005450 1    
12.63127989 1    
12.63278142 1    
12.63405248 1    
12.63554865 1    
12.63705194 1    
12.63827595 1    
12.63980148 1    
12.63982310 -1   
12.69327579 1    
12.69451623 1    
12.69601965 1    
12.69751754 1    
12.69876623 1    
12.70301254 1    
12.70451035 1    
12.70601010 1    
12.70744309 1    
12.70876026 1    
12.71000871 1    
12.71150599 1    
12.71300777 1    
12.71423236 1    
12.71575405 1    
12.71700252 1    
12.71850379 1    
12.72000267 1    
12.72123143 1    
12.72274896 1    
12.72285412 -1   
12.72399453 1    
12.72549865 1    
12.72697891 1    
12.72824943 1    
12.72974875 1    
12.73124358 1    
12.73249783 1    
12.73397146 1    
12.73524186 1    
12.73674153 1    
12.73824246 1    
12.73948920 1    
12.74098828 1    
12.74223859 1    
12.74374006 1    
12.74523538 1    
12.74648470 1    
12.74798697 1    
12.74923861 1    
12.75073343 1    
12.75221658 1    
12.75348128 1    
12.75497827 1    
12.75623254 1    
12.75771249 1    
12.75923192 1    
12.76048327 1    
12.76197866 1    
12.76322884 1    
12.76472977 1    
12.76622858 1    
12.76745104 1    
12.76895613 1    
12.77020477 1    
12.77297391 1    
12.77419846 1    
12.77572417 1    
12.77573926 1    
12.78271810 1    
12.78421459 1    
12.78546787 1    
12.84348550 -1   
12.90965592 1    
12.92338810 1    
12.92488669 1    
12.92663650 1    
12.92813638 1    
12.92938348 1    
12.93088375 1    
12.93613223 1    
12.93737935 1    
12.93887550 1    
13.03537644 -1   
13.06281750 1    
13.06428600 1    
13.06555614 1    
13.06705644 1    
13.06855192 1    
13.06980172 1    
13.07127902 1    
13.07280289 1    
13.07404457 1    
13.07555079 1    
13.07677717 1    
13.07830103 1    
13.07979743 1    
13.08104531 1    
13.08254487 1    
13.08377455 1    
13.08529147 1    
13.08679444 1    
13.08804111 1    
13.08954258 1    
13.09103445 1    
13.09226897 1    
13.09378395 1    
13.09388214 -1   
13.09503884 1    
13.09653567 1    
13.09803732 1    
13.09926284 1    
13.10078426 1    
13.18953522 -1   
13.21595477 1    
13.21744456 1    
13.21894573 1    
13.22021565 1    
13.22171784 1    
13.22296285 1    
13.22444617 1    
13.22596200 1    
13.22720942 1    
13.22871082 1    
13.22996359 1    
13.23145976 1    
13.23296081 1    
13.23420751 1    
13.23571036 1    
13.23694983 1    
13.23845396 1    
13.23995523 1    
13.24118530 1    
13.24268025 1    
13.24418450 1    
13.24545183 1    
13.24695295 1    
13.24819870 1    
13.24967766 1    
13.25119868 1    
13.25244929 1    
13.25393599 1    
13.25405809 -1   
13.25517915 1    
13.25669489 1    
13.25793683 1    
13.34217360 -1   
13.39827963 -1   
13.39828970 -1   
13.39857590 -1   
13.39881404 -1   
13.40651145 1    
13.49434287 -1   
13.77289068 1    
13.77412832 1    
13.77537042 1    
13.77687784 1    
13.77814502 1    
13.77965558 1    
13.78112306 1    
13.78239689 1    
13.78387254 1    
13.78512285 1    
13.78661764 1    
13.78812305 1    
13.78936576 1    
13.79086974 1    
13.79238890 1    
13.79364487 1    
13.79511455 1    
13.79664075 1    
13.79675135 -1   
13.79788376 1    
13.79938369 1    
13.80063615 1    
13.80213064 1    
13.80363290 1    
13.80487991 1    
13.80638112 1    
13.80787885 1    
13.80910569 1    
13.81060515 1    
13.81188242 1    
13.81337634 1    
13.81487652 1    
13.81610428 1    
13.81760597 1    
13.81885023 1    
13.82036806 1    
13.82186949 1    
13.82312207 1    
13.82461967 1    
13.82609853 1    
13.82736717 1    
13.82886278 1    
13.83009351 1    
13.83161493 1    
13.83309251 1    
13.83437310 1    
13.83586646 1    
13.83711482 1    
13.83861133 1    
13.84011323 1    
13.84135882 1    
13.84283710 1    
13.84408705 1    
13.84558954 1    
13.84708183 1    
13.84719478 -1   
13.84836031 1    
13.84983192 1    
13.85108142 1    
13.85260410 1    
13.85410520 1    
13.85535404 1    
13.85685737 1    
13.85807849 1    
13.85959692 1    
13.86109862 1    
13.86234976 1    
13.86385180 1    
13.86509781 1    
13.86659464 1    
13.86809887 1    
13.86934559 1    
13.87084417 1    
13.87209237 1    
13.92729930 1    
13.92881194 1    
13.93128691 1    
13.93256245 1    
13.93455884 1    
13.93580321 1    
13.93728299 1    
13.93880624 1    
13.94005611 1    
13.94155382 1    
13.94280237 1    
13.94428525 1    
13.94578038 1    
13.94702953 1    
13.94927566 1    
13.95052694 1    
13.95202620 1    
13.95203697 -1   
13.95354804 1    
13.95479573 1    
13.95629656 1    
13.95754538 1    
13.95906234 1    
13.96054197 1    
13.96204285 1    
13.96327084 1    
13.96479237 1    
13.96604029 1    
13.96754056 1    
13.96903906 1    
13.97026698 1    
13.97178585 1    
13.97303606 1    
13.97454284 1    
13.97601478 1    
13.97725983 1    
13.97878247 1    
13.98003532 1    
13.98153371 1    
13.98302761 1    
13.98425979 1    
13.98578181 1    
13.98703093 1    
13.98852858 1    
13.99003365 1    
13.99125431 1    
13.99276284 1    
13.99400104 1    
13.99552496 1    
13.99702432 1    
13.99825040 1    
13.99974866 1    
14.00124808 1    
14.00251919 1    
14.00402026 1    
14.00524415 1    
14.00676827 1    
14.00824524 1    
14.00951902 1    
14.01101647 1    
14.01251548 1    
14.01376519 1    
14.01526469 1    
14.01676180 1    
14.01826471 1    
14.01951243 1    
14.02101169 1    
14.02223398 1    
14.02376363 1    
14.02523505 1    
14.02648476 1    
14.02798091 1    
14.08747817 1    
14.08896992 1    
14.09019550 1    
14.09171347 1    
14.09319544 1    
14.09444606 1    
14.09594244 1    
14.09719394 1    
14.09969473 1    
14.10095723 1    
14.10246102 1    
14.10694037 1    
14.10695545 -1   
14.10893790 1    
14.11043828 1    
14.11193497 1    
14.11318394 1    
14.11468279 1    
14.11593537 1    
14.11743009 1    
14.11863003 -1   
14.11992923 1    
14.12142725 1    
14.12292841 1    
14.12417735 1    
14.12567708 1    
14.12692327 1    
14.12844977 1    
14.12994387 1    
14.13117228 1    
14.13269498 1    
14.13393887 1    
14.13544239 1    
14.13694253 1    
14.13816683 1    
14.13969257 1    
14.14116641 1    
14.14158228 1    
14.15543940 1    
14.15668106 1    
14.15817716 1    
14.15965902 1    
14.16090622 1    
14.16243127 1    
14.16367408 1    
14.16515234 1    
14.16665337 1    
14.16790551 1    
14.16942259 1    
14.17065186 1    
14.17215142 1    
14.17365160 1    
14.17491477 1    
14.17639825 1    
14.23062703 1    
14.23081049 -1   
14.23211864 1    
14.23361355 1    
14.23486418 1    
14.23636314 1    
14.23786234 1    
14.23913217 1    
14.24061134 1    
14.24214274 1    
14.24336037 1    
14.24488019 1    
14.24612996 1    
14.24762554 1    
14.24912823 1    
14.25037533 1    
14.25187577 1    
14.25312447 1    
14.27191899 -1   
14.30857976 1    
14.33508577 1    
14.33634963 1    
14.33782486 1    
14.33932718 1    
14.34057576 1    
14.34205609 1    
14.34333181 1    
14.34482073 1    
14.34631995 1    
14.34756787 1    
14.34904750 1    
14.35029778 1    
14.35179491 1    
14.35329636 1    
14.35454338 1    
14.35604259 1    
14.35729287 1    
14.42376350 1    
14.42392997 -1   
14.42528109 1    
14.42677888 1    
14.43352781 1    
14.43354406 -1   
14.43477493 1    
14.43627375 1    
14.43777155 1    
14.43899616 1    
14.44051673 1    
14.44176748 1    
14.44326804 1    
14.44474280 1    
14.44602002 1    
14.44751198 1    
14.44901058 1    
14.45023916 1    
14.45176432 1    
14.45300983 1    
14.45450650 1    
14.45600834 1    
14.45723631 1    
14.45875672 1    
14.46023604 1    
14.46150640 1    
14.46300674 1    
14.46449907 1    
14.46575415 1    
14.46725020 1    
14.46850296 1    
14.46999932 1    
14.47149389 1    
14.47274929 1    
14.47422895 1    
14.47580000 1    
14.47747814 1    
14.47897432 1    
14.49564618 1    
14.49578310 -1   
14.58446805 -1   
14.60715558 1    
14.60867231 1    
14.61690263 1    
14.61841899 1    
14.61992046 1    
14.62114220 1    
14.62266725 1    
14.62389259 1    
14.62541377 1    
14.62690694 1    
14.62816235 1    
14.62965849 1    
14.63091119 1    
14.63240818 1    
14.63390810 1    
14.63515398 1    
14.63665521 1    
14.63815249 1    
14.63940498 1    
14.64088254 1    
14.64215377 1    
14.64362969 1    
14.64515367 1    
14.64639841 1    
14.64790262 1    
14.64915076 1    
14.65064379 1    
14.65214593 1    
14.65339953 1    
14.65489761 1    
14.65616046 1    
14.65764719 1    
14.65911964 1    
14.66039182 1    
14.66189169 1    
14.66313959 1    
14.66325385 -1   
14.66464212 1    
14.66613741 1    
14.66615315 1    
14.77539915 -1   
14.83427691 1    
14.98845613 1    
14.98994643 1    
15.14187341 1    
15.14201840 -1   
15.14334290 1    
15.14559484 1    
15.14684413 1    
15.16102326 -1   
15.29528917 1    
15.29652653 1    
15.29802547 1    
15.29921197 1    
15.29923131 -1   
15.30077753 1    
15.30202364 1    
15.30350463 1    
15.30502263 1    
15.30625058 1    
15.30777193 1    
15.30902247 1    
15.31049796 1    
15.31202352 1    
15.31324518 1    
15.31476993 1    
15.31601649 1    
15.45191660 1    
15.45197538 -1   
15.60446450 1    
15.79559880 1    
15.81318594 -1   
16.14514935 1    
16.30171451 1    
16.33805508 1    
22.34445132 -1   
22.68770307 -1   
22.69687131 -1   
22.69716424 -1   
22.83901009 -1   
23.02296077 1    
23.41699098 1    
30.15314144 -1   
30.46644977 1    
30.46743603 -1   
30.81865561 1    
30.82014463 1    
30.82050712 1    
30.82454175 -1   
30.83382364 -1   
31.03084635 -1   
31.14178992 1    
31.18148480 -1   
31.43689481 1    
31.52447750 1    
31.65095420 1    
