0.00000000 -1   
0.20966617 1    
0.20981756 -1   
0.36208151 1    
0.36211771 -1   
0.51557666 1    
0.51561328 -1   
0.69487080 1    
0.72899795 1    
0.77074958 1    
0.77199049 1    
0.86349884 -1   
0.88000658 1    
1.06162828 -1   
1.08539306 1    
1.21304973 -1   
1.23654893 1    
1.26971048 1    
1.28917754 1    
1.38936574 1    
1.50455828 1    
1.50487320 -1   
1.54037346 1    
1.69749645 -1   
1.74753029 1    
1.89365126 -1   
1.89894431 1    
2.09067618 1    
2.09103656 -1   
2.30471818 1    
2.30475600 -1   
2.53753086 -1   
2.71745912 1    
2.71943015 -1   
2.87214298 1    
3.10251567 1    
3.10354057 -1   
3.44598083 1    
3.44718866 1    
3.44758735 1    
3.45332381 -1   
3.71441529 1    
3.71471003 -1   
3.86576926 -1   
3.99333657 1    
4.00597826 -1   
4.01715376 -1   
4.16014900 1    
4.20953536 -1   
4.35263244 1    
4.36093984 -1   
4.50505161 1    
4.51212066 -1   
4.66329836 -1   
4.97269080 1    
4.97368161 -1   
5.30665000 1    
5.30814420 1    
5.30850643 1    
5.31248037 -1   
5.46467143 1    
5.46470778 -1   
5.63129423 1    
5.63133743 -1   
5.78350313 1    
5.78353781 -1   
5.93554636 1    
5.93678341 1    
5.93828972 1    
5.93865814 1    
5.93867359 -1   
5.94551282 1    
5.94700810 1    
6.03146805 1    
6.03295481 1    
6.03420732 1    
6.04097400 1    
6.08995383 1    
6.09119441 1    
6.09268980 1    
6.09394258 1    
6.09544641 1    
6.09546014 -1   
6.09692412 1    
6.09816972 1    
6.09968646 1    
6.10093972 1    
6.10241706 1    
6.10393647 1    
6.10518897 1    
6.18614984 1    
6.18646556 -1   
6.18737027 1    
6.18889077 1    
6.19013732 1    
6.19141038 1    
6.33960673 -1   
6.36238638 1    
6.51495939 1    
6.51549532 -1   
6.55273360 1    
6.73708600 1    
6.73712225 -1   
6.76275250 1    
6.78003562 1    
6.81751448 1    
6.93293517 1    
6.93298049 -1   
7.08521505 1    
7.08524941 -1   
7.23737392 1    
7.23767140 -1   
7.31775354 1    
7.31899239 1    
7.33848520 1    
7.39169410 1    
7.54294932 1    
7.54328844 -1   
7.69438217 1    
7.69473465 -1   
7.84905086 1    
7.84908726 -1   
7.99964300 -1   
8.15935398 1    
8.15962864 -1   
8.25096945 1    
8.25218679 1    
8.31120612 1    
8.31124062 -1   
8.32184333 -1   
8.32184971 -1   
8.46443135 1    
8.46446872 -1   
8.61652699 -1   
8.68196810 1    
8.68344075 1    
8.68383348 1    
8.69637988 -1   
8.76770955 -1   
8.78790666 1    
8.78939913 1    
8.85100245 1    
8.86444162 -1   
8.91859411 -1   
8.92932240 1    
8.93082725 1    
8.99854153 1    
8.99978040 1    
9.00128017 1    
9.00275783 1    
9.00403130 1    
9.01202062 -1   
9.01402299 1    
9.01808568 1    
9.02699826 1    
9.02849126 1    
9.05557149 -1   
9.11001610 -1   
9.16981219 1    
9.18002511 -1   
9.23088114 1    
9.23212420 1    
9.26888438 1    
9.26891327 -1   
9.27012826 1    
9.27162600 1    
9.27287874 1    
9.27435051 1    
9.27587380 1    
9.27712360 1    
9.27862259 1    
9.28012000 1    
9.28134705 1    
9.32132589 1    
9.32284777 1    
9.33084652 1    
9.33234731 1    
9.33357486 1    
9.33509118 1    
9.33658758 1    
9.33723284 1    
9.35657842 1    
9.35807317 1    
9.35932605 1    
9.36080136 1    
9.36232172 1    
9.37281646 1    
9.37429330 1    
9.37554395 1    
9.37706605 1    
9.37856387 1    
9.37981458 1    
9.38128905 1    
9.38281397 1    
9.38405871 1    
9.38555781 1    
9.38562528 -1   
9.38680996 1    
9.38830552 1    
9.38980816 1    
9.39105548 1    
9.39255930 1    
9.39378344 1    
9.39530209 1    
9.42329078 1    
9.42330821 -1   
9.42478774 1    
9.42601333 1    
9.42753832 1    
9.42903506 1    
9.43028647 1    
9.43178133 1    
9.43303179 1    
9.43466018 1    
9.43603358 1    
9.43727951 1    
9.43878075 1    
9.44002599 1    
9.44152844 1    
9.44300666 1    
9.44425298 1    
9.44575049 1    
9.44725322 1    
9.47425859 1    
9.47576030 1    
9.47698515 1    
9.47850782 1    
9.48000564 1    
9.48125193 1    
9.48550116 1    
9.48675383 1    
9.48824805 1    
9.48975024 1    
9.49099957 1    
9.49106956 -1   
9.49249819 1    
9.49374687 1    
9.49524826 1    
9.49674556 1    
9.49799665 1    
9.49949568 1    
9.50099485 1    
9.51121609 1    
9.51246343 1    
9.51396095 1    
9.51546582 1    
9.51672636 1    
9.51823555 1    
9.51949332 1    
9.52098286 1    
9.52597789 1    
9.52720881 1    
9.52872654 1    
9.53022906 1    
9.53145250 1    
9.53297506 1    
9.53422452 1    
9.53572363 1    
9.53722101 1    
9.53844912 1    
9.53996951 1    
9.54122126 1    
9.54269768 1    
9.54419917 1    
9.54544280 1    
9.54694748 1    
9.54819164 1    
9.54969052 1    
9.55121445 1    
9.55244236 1    
9.55396203 1    
9.55546359 1    
9.55555803 -1   
9.55671224 1    
9.55821158 1    
9.55943920 1    
9.56095870 1    
9.56243958 1    
9.56370535 1    
9.56520741 1    
9.56645560 1    
9.56795692 1    
9.56968550 1    
9.57070155 1    
9.57220068 1    
9.57693339 1    
9.57695857 -1   
9.57820344 1    
9.57969797 1    
9.58094814 1    
9.58242515 1    
9.58392150 1    
9.58516999 1    
9.58669659 1    
9.58794146 1    
9.58944401 1    
9.59094158 1    
9.59219222 1    
9.59368896 1    
9.59518754 1    
9.59641573 1    
9.59793874 1    
9.59918651 1    
9.60068662 1    
9.60218511 1    
9.60343487 1    
9.60493280 1    
9.60618475 1    
9.60629006 -1   
9.60768419 1    
9.60915976 1    
9.61041162 1    
9.61190488 1    
9.61342957 1    
9.61467928 1    
9.61615548 1    
9.61740447 1    
9.61890469 1    
9.62040059 1    
9.62165172 1    
9.62314791 1    
9.62440104 1    
9.62589985 1    
9.62702339 -1   
9.62990161 1    
9.63116426 1    
9.63266620 1    
9.63414432 1    
9.63539451 1    
9.63689062 1    
9.63817072 1    
9.63966471 1    
9.64116537 1    
9.64241149 1    
9.64389218 1    
9.64513646 1    
9.64663958 1    
9.64813486 1    
9.64938661 1    
9.65053746 -1   
9.65090639 1    
9.65240489 1    
9.65365974 1    
9.65516210 1    
9.65638411 1    
9.65788179 1    
9.65938158 1    
9.66048196 -1   
9.66062917 1    
9.66212834 1    
9.66338141 1    
9.66487763 1    
9.66638020 1    
9.66762576 1    
9.66912657 1    
9.67062372 1    
9.67187203 1    
9.67337036 1    
9.67462474 1    
9.67612023 1    
9.67762151 1    
9.67887178 1    
9.68037042 1    
9.68161589 1    
9.68167482 -1   
9.68311891 1    
9.68432253 1    
9.72047277 -1   
9.72789181 -1   
9.78907774 1    
9.78930428 -1   
9.79030921 1    
9.79182446 1    
9.80132585 1    
9.80257080 1    
9.80406828 1    
9.80556708 1    
9.80682087 1    
9.80829461 1    
9.80954847 1    
9.81106463 1    
9.81256594 1    
9.81381137 1    
9.81531064 1    
9.81653966 1    
9.81806395 1    
9.81955875 1    
9.82703979 1    
9.82828164 1    
9.82978311 1    
9.83738543 1    
9.84142825 -1   
9.85123937 -1   
9.87857845 -1   
9.90580098 -1   
10.02998214 -1   
10.28923191 1    
10.29015953 -1   
10.37150554 1    
10.37299555 1    
10.42272778 1    
10.42419162 1    
10.42569127 1    
10.42696270 1    
10.42844417 1    
10.42970999 1    
10.43121364 1    
10.43271339 1    
10.43396449 1    
10.43543634 1    
10.43670592 1    
10.43820561 1    
10.43970747 1    
10.44095497 1    
10.44243764 1    
10.44370312 1    
10.44520522 1    
10.44670390 1    
10.44795350 1    
10.44942758 1    
10.45093010 1    
10.45217365 1    
10.45367572 1    
10.45492411 1    
10.45642435 1    
10.45794389 1    
10.45919566 1    
10.46067572 1    
10.46192327 1    
10.46204542 -1   
10.46342250 1    
10.46491743 1    
10.46617209 1    
10.46766634 1    
10.46893808 1    
10.47041541 1    
10.47083074 1    
10.47084444 -1   
10.47268783 1    
10.47393592 1    
10.47543651 1    
10.47691330 1    
10.47841231 1    
10.47965975 1    
10.48116131 1    
10.48241403 1    
10.48391022 1    
10.48542980 1    
10.48668118 1    
10.48818008 1    
10.48940531 1    
10.49092637 1    
10.49241599 1    
10.49365423 1    
10.49515569 1    
10.49664964 1    
10.49790209 1    
10.49939896 1    
10.50064734 1    
10.50214730 1    
10.50367231 1    
10.50491604 1    
10.50639769 1    
10.50766426 1    
10.50914676 1    
10.51066433 1    
10.51076933 -1   
10.51191498 1    
10.51339132 1    
10.51491446 1    
10.51617068 1    
10.51766274 1    
10.51890975 1    
10.52038720 1    
10.52190866 1    
10.52316533 1    
10.52465639 1    
10.52588826 1    
10.52738458 1    
10.52888374 1    
10.53013210 1    
10.53163086 1    
10.53288369 1    
10.53438305 1    
10.53588912 1    
10.53712840 1    
10.53862739 1    
10.53987731 1    
10.54137394 1    
10.54287739 1    
10.54412134 1    
10.54562347 1    
10.54687344 1    
10.54836979 1    
10.54987235 1    
10.55112185 1    
10.55262021 1    
10.57736310 1    
10.57860825 1    
10.58010414 1    
10.58160325 1    
10.58285110 1    
10.58435176 1    
10.58560257 1    
10.58710303 1    
10.58859620 1    
10.58984815 1    
10.59134688 1    
10.59285072 1    
10.59409449 1    
10.59559675 1    
10.59684664 1    
10.59834268 1    
10.59984454 1    
10.60109266 1    
10.60259269 1    
10.60383939 1    
10.60534086 1    
10.60684042 1    
10.60808819 1    
10.60958742 1    
10.61083818 1    
10.61233688 1    
10.61383500 1    
10.61508095 1    
10.61658482 1    
10.61783256 1    
10.61933272 1    
10.62082878 1    
10.62209264 1    
10.62357964 1    
10.62482866 1    
10.62632564 1    
10.62782933 1    
10.62907561 1    
10.63057698 1    
10.63183947 1    
10.63357287 1    
10.63482488 1    
10.63632063 1    
10.63757084 1    
10.63907110 1    
10.64056970 1    
10.64181735 1    
10.64331747 1    
10.64481846 1    
10.64606648 1    
10.64756340 1    
10.64881556 1    
10.65031589 1    
10.65181234 1    
10.65306091 1    
10.65456331 1    
10.65581127 1    
10.65731034 1    
10.65880744 1    
10.66006084 1    
10.66158124 1    
10.66282331 1    
10.66283844 -1   
10.66432959 1    
10.66558098 1    
10.70005299 1    
10.70130894 1    
10.70305655 1    
10.70430648 1    
10.70580718 1    
10.73029265 1    
10.73178720 1    
10.73301716 1    
10.73478935 1    
10.73489478 -1   
10.73628505 1    
10.73778670 1    
10.73903637 1    
10.74053489 1    
10.74529930 -1   
10.84121511 1    
10.84125326 -1   
10.85320494 1    
10.85435348 -1   
10.85471191 1    
10.85596902 1    
10.85744727 1    
10.85896720 1    
10.86022410 1    
10.86171449 1    
10.86296289 1    
10.86446129 1    
10.86594417 1    
10.86721018 1    
10.86871394 1    
10.86995779 1    
10.87145943 1    
10.87295815 1    
10.87420169 1    
10.87570459 1    
10.87718921 1    
10.87843068 1    
10.87993202 1    
10.88117927 1    
10.88268321 1    
10.88417733 1    
10.88542602 1    
10.88695023 1    
10.88819975 1    
10.88967368 1    
10.89119979 1    
10.89242290 1    
10.89394723 1    
10.89544588 1    
10.89669270 1    
10.89819276 1    
10.89942221 1    
10.89967272 1    
10.93242730 1    
10.94915214 1    
10.94933269 -1   
10.95064453 1    
10.95188792 1    
10.95340929 1    
10.95490963 1    
10.95988987 1    
10.96115818 1    
10.96265827 1    
10.96415491 1    
10.96538446 1    
10.96688236 1    
10.96862862 1    
10.97015295 1    
10.97165144 1    
10.97912531 1    
10.98037548 1    
10.98187052 1    
11.00738341 -1   
11.04934888 1    
11.05058552 1    
11.05208402 1    
11.05233662 1    
11.05908154 1    
11.06057544 1    
11.06182794 1    
11.06332473 1    
11.06482361 1    
11.06607151 1    
11.06757496 1    
11.06882122 1    
11.07032362 1    
11.07181941 1    
11.07307257 1    
11.07456826 1    
11.07581729 1    
11.07731762 1    
11.07882007 1    
11.08006445 1    
11.08156595 1    
11.08167302 -1   
11.08306677 1    
11.08431148 1    
11.08581071 1    
11.08706314 1    
11.08856461 1    
11.09005918 1    
11.09131232 1    
11.09280669 1    
11.09405909 1    
11.09555640 1    
11.09705460 1    
11.09830558 1    
11.09980594 1    
11.10130274 1    
11.10255709 1    
11.15002635 1    
11.15806575 -1   
11.17228763 1    
11.17353543 1    
11.17503611 1    
11.17653393 1    
11.17778495 1    
11.17928179 1    
11.18053332 1    
11.18202985 1    
11.18352933 1    
11.18477988 1    
11.18628060 1    
11.18777779 1    
11.18902918 1    
11.19052524 1    
11.20125175 1    
11.20276947 1    
11.20401647 1    
11.20551629 1    
11.20553143 1    
11.20563332 -1   
11.25149626 1    
11.25298774 1    
11.26773384 1    
11.26897873 1    
11.27047875 1    
11.27197834 1    
11.27323049 1    
11.27472791 1    
11.27597865 1    
11.27747557 1    
11.27897743 1    
11.28022323 1    
11.28172171 1    
11.28297174 1    
11.28447344 1    
11.28596931 1    
11.28722354 1    
11.28871998 1    
11.28996975 1    
11.29146687 1    
11.29296637 1    
11.29419621 1    
11.29571723 1    
11.29696352 1    
11.29846546 1    
11.29993990 1    
11.30119278 1    
11.30271508 1    
11.30420990 1    
11.30543654 1    
11.30696286 1    
11.30820589 1    
11.30970878 1    
11.31120583 1    
11.31243825 1    
11.31395291 1    
11.31520183 1    
11.31529714 -1   
11.35470222 1    
11.35472200 -1   
11.35947577 1    
11.47362378 1    
11.48917826 -1   
11.48918859 -1   
11.48920211 -1   
11.48947086 -1   
11.54984830 -1   
11.55907834 1    
11.85714176 1    
11.85862196 1    
11.85900701 1    
11.89288308 1    
11.89435270 1    
11.89587529 1    
11.89712148 1    
11.89862433 1    
11.90011866 1    
11.90134781 1    
11.90284615 1    
11.90434975 1    
11.90562371 1    
11.90712103 1    
11.90836362 1    
11.90986745 1    
11.91134364 1    
11.91261209 1    
11.91271380 -1   
11.91411265 1    
11.91560848 1    
11.91686123 1    
11.91836351 1    
11.91961212 1    
11.92110719 1    
11.92260536 1    
11.92385628 1    
11.92535741 1    
11.92660148 1    
11.92808385 1    
11.92960242 1    
11.93085500 1    
11.93235041 1    
11.93382789 1    
11.93507676 1    
11.93657881 1    
11.93784565 1    
11.93935202 1    
11.94084454 1    
11.94209823 1    
11.94358704 1    
11.94483578 1    
11.94632295 1    
11.94784310 1    
11.94906978 1    
11.95061952 1    
11.95183806 1    
11.95334078 1    
11.95483756 1    
11.95608928 1    
11.95757994 1    
11.95883850 1    
11.96031280 1    
11.96183534 1    
11.96308333 1    
11.96320382 -1   
11.96458309 1    
11.96582990 1    
11.96731148 1    
11.96883170 1    
11.97008044 1    
11.97157293 1    
11.97282970 1    
11.97432778 1    
11.97582581 1    
11.97706869 1    
11.97857865 1    
11.97982147 1    
11.98130431 1    
11.98282169 1    
11.98407352 1    
11.98556897 1    
11.98706901 1    
11.98831866 1    
11.98982039 1    
11.99106674 1    
11.99256874 1    
11.99404416 1    
11.99529464 1    
11.99679072 1    
11.99803860 1    
11.99960243 1    
12.00106315 1    
12.00231307 1    
12.00381186 1    
12.00528547 1    
12.00656151 1    
12.00805923 1    
12.00930826 1    
12.01080495 1    
12.01230600 1    
12.01355724 1    
12.01505198 1    
12.01630716 1    
12.01780533 1    
12.01930369 1    
12.02055176 1    
12.02205979 1    
12.02355254 1    
12.02479855 1    
12.02627627 1    
12.02752266 1    
12.02902379 1    
12.03052290 1    
12.03177235 1    
12.03327072 1    
12.03454333 1    
12.03604310 1    
12.03754307 1    
12.03879011 1    
12.04029111 1    
12.04178947 1    
12.04304181 1    
12.04453759 1    
12.04578739 1    
12.04728764 1    
12.04878434 1    
12.05003427 1    
12.05153516 1    
12.05278363 1    
12.05426087 1    
12.05578223 1    
12.05703047 1    
12.05853363 1    
12.05975635 1    
12.06125611 1    
12.06275620 1    
12.06400434 1    
12.06552123 1    
12.06675555 1    
12.06827722 1    
12.06977548 1    
12.07102065 1    
12.07252200 1    
12.07377388 1    
12.07527114 1    
12.07676700 1    
12.07801897 1    
12.07951852 1    
12.08076814 1    
12.08226616 1    
12.08376645 1    
12.08378080 -1   
12.08501618 1    
12.08651499 1    
12.08776247 1    
12.08926345 1    
12.09076375 1    
12.09201067 1    
12.09348783 1    
12.09500968 1    
12.09625868 1    
12.09776030 1    
12.09900424 1    
12.10050637 1    
12.10200644 1    
12.10324907 1    
12.10474683 1    
12.10600500 1    
12.10750224 1    
12.10900490 1    
12.11024792 1    
12.11175204 1    
12.11324981 1    
12.11449934 1    
12.11597373 1    
12.11749755 1    
12.11899854 1    
12.12024443 1    
12.12174062 1    
12.12299538 1    
12.12451422 1    
12.15572230 1    
12.15722228 1    
12.15845471 1    
12.15995135 1    
12.16147086 1    
12.16271831 1    
12.16422035 1    
12.16572049 1    
12.17489844 -1   
12.17490601 -1   
12.26891717 1    
12.26895418 -1   
12.27041316 1    
12.27190555 1    
12.27315460 1    
12.27465477 1    
12.28840130 1    
12.28965111 1    
12.30889196 1    
12.31011445 1    
12.31161419 1    
12.31311164 1    
12.31436123 1    
12.31585902 1    
12.31711073 1    
12.31860686 1    
12.32010683 1    
12.32136986 1    
12.32173467 1    
12.41357988 1    
12.41482469 1    
12.41630399 1    
12.42084243 -1   
12.43356679 1    
12.43506362 1    
12.43631361 1    
12.43780944 1    
12.43930853 1    
12.44055755 1    
12.44206067 1    
12.44353516 1    
12.44481057 1    
12.44630635 1    
12.44755820 1    
12.45902768 1    
12.46029893 1    
12.46179670 1    
12.46330157 1    
12.46879753 1    
12.47029820 1    
12.48951579 1    
12.49101097 1    
12.49252881 1    
12.49902588 1    
12.50052467 1    
12.50177648 1    
12.51289715 1    
12.52501690 1    
12.52651041 1    
12.52776517 1    
12.52926046 1    
12.53075973 1    
12.53200676 1    
12.53350854 1    
12.53475646 1    
12.53625978 1    
12.53775560 1    
12.53900986 1    
12.53911157 -1   
12.54050927 1    
12.54175795 1    
12.54323439 1    
12.54475098 1    
12.54600494 1    
12.54749809 1    
12.54897970 1    
12.55022519 1    
12.55224529 1    
12.55374425 1    
12.55522499 1    
12.55650255 1    
12.55799586 1    
12.56299458 1    
12.56449509 1    
12.59445773 1    
12.59449804 -1   
12.59569848 1    
12.59719663 1    
12.59869978 1    
12.60494396 1    
12.60647040 1    
12.60796331 1    
12.60919310 1    
12.61071521 1    
12.61196467 1    
12.61346229 1    
12.61496497 1    
12.61618741 1    
12.61768782 1    
12.61895615 1    
12.62045917 1    
12.62593378 1    
12.62743358 1    
12.62893002 1    
12.66427023 1    
12.72888034 1    
12.73012215 1    
12.73162427 1    
12.73287051 1    
12.73437087 1    
12.73586613 1    
12.73596900 -1   
12.73711897 1    
12.73861608 1    
12.74011674 1    
12.74136358 1    
12.74286452 1    
12.74411488 1    
12.74563693 1    
12.74713507 1    
12.74838495 1    
12.74986021 1    
12.75113377 1    
12.75263246 1    
12.75412930 1    
12.75535635 1    
12.75688018 1    
12.75835690 1    
12.75960728 1    
12.76110395 1    
12.76235483 1    
12.76384963 1    
12.76535020 1    
12.76660121 1    
12.76812393 1    
12.76937051 1    
12.77087632 1    
12.77237168 1    
12.77362000 1    
12.77511953 1    
12.77659482 1    
12.77784538 1    
12.77934549 1    
12.78084186 1    
12.78209483 1    
12.79108773 1    
12.79110446 -1   
12.79259001 1    
12.87291648 1    
12.88250634 -1   
12.94431709 -1   
13.02405716 1    
13.06520389 1    
13.08394585 1    
13.08517227 1    
13.08666910 1    
13.08791874 1    
13.08941582 1    
13.09092042 1    
13.09216395 1    
13.09332100 -1   
13.09368758 1    
13.09518636 1    
13.09641526 1    
13.09793389 1    
13.09918245 1    
13.10068353 1    
13.10218444 1    
13.13744064 -1   
13.17712770 1    
13.17836534 1    
13.21598501 1    
13.30404806 1    
13.42468680 1    
13.44789339 -1   
13.75866585 1    
13.80178504 1    
13.95223017 1    
20.37032862 -1   
20.59858069 -1   
20.60772760 -1   
20.60801808 -1   
20.75058027 -1   
20.90273938 -1   
20.92105684 1    
21.10320095 1    
28.79206459 1    
28.87340253 -1   
