0.00000000 -1   
0.18279527 1    
0.33396266 1    
0.33448589 -1   
0.63778819 1    
0.63794878 -1   
0.78915021 -1   
0.94235532 1    
0.94261622 -1   
1.13100451 1    
1.13133089 -1   
1.32613536 1    
1.51628305 1    
1.51661513 -1   
1.74080959 -1   
1.85258781 1    
1.89227509 -1   
2.04473305 1    
2.04503917 -1   
2.21664495 1    
2.21696562 -1   
2.36979733 1    
2.37187365 -1   
2.52395744 1    
2.71459693 1    
2.71562768 -1   
3.03481818 1    
3.03606018 1    
3.03643915 1    
3.04212567 -1   
3.25254012 1    
3.25284990 -1   
3.45775641 1    
3.46121439 -1   
3.65876046 -1   
3.77998911 1    
3.89487544 -1   
3.97737943 1    
4.16961407 1    
4.16991710 -1   
4.36940178 1    
4.36944247 -1   
4.68292123 -1   
4.71269959 1    
4.87506218 -1   
4.94357046 1    
5.19058176 1    
5.19207431 1    
5.19245387 1    
5.19644645 -1   
5.34804372 -1   
5.50449928 1    
5.50477889 -1   
5.68640965 1    
5.82922117 1    
5.83045989 1    
5.83195920 1    
5.83320809 1    
5.83470991 1    
5.83620547 1    
5.83745859 1    
5.83895268 1    
5.86951391 -1   
5.88917291 1    
5.92990721 1    
5.93140058 1    
5.98362856 1    
5.98512062 1    
5.98637097 1    
5.98786641 1    
5.99286864 1    
5.99411350 1    
5.99561523 1    
5.99711291 1    
5.99836050 1    
5.99986004 1    
6.00111242 1    
6.00260759 1    
6.00411379 1    
6.00537435 1    
6.07682575 1    
6.07686818 -1   
6.07912443 1    
6.27031168 1    
6.27035098 -1   
6.42372057 1    
6.42375988 -1   
6.43511834 1    
6.57849105 1    
6.64650711 1    
6.67772869 1    
6.68747550 1    
6.69446476 1    
6.73004309 1    
6.74097902 -1   
6.89646534 1    
6.89675360 -1   
7.10733336 1    
7.10765724 -1   
7.36518575 1    
7.57131711 1    
7.57167760 -1   
7.57174305 -1   
7.74115416 -1   
7.89712970 1    
7.89744124 -1   
7.94600230 1    
7.96773926 1    
7.97910262 -1   
8.04924448 1    
8.04928858 -1   
8.05976808 -1   
8.20171768 1    
8.20175799 -1   
8.35252469 1    
8.35401319 1    
8.35439320 1    
8.35440831 -1   
8.36809707 -1   
8.44471850 1    
8.44596153 1    
8.45446023 1    
8.45595495 1    
8.46775303 -1   
8.47520114 1    
8.49768676 1    
8.49893030 1    
8.50705731 1    
8.50707056 -1   
8.51096251 -1   
8.60462802 1    
8.60586938 1    
8.61436766 1    
8.61839841 -1   
8.64260809 1    
8.64384690 1    
8.66019351 1    
8.66020718 -1   
8.69438277 -1   
8.81411029 1    
8.81416845 -1   
8.90122571 1    
8.90245099 1    
8.92169394 1    
8.92318843 1    
8.92444017 1    
8.93018392 1    
8.93143244 1    
8.93293193 1    
8.93443361 1    
8.94167754 1    
8.95942594 1    
8.96066767 1    
8.96655005 1    
8.96656316 -1   
9.02238918 1    
9.02363072 1    
9.02513066 1    
9.02637692 1    
9.02787739 1    
9.03212561 1    
9.04212300 1    
9.04336781 1    
9.04486947 1    
9.04611688 1    
9.04761827 1    
9.04911506 1    
9.05036676 1    
9.05186332 1    
9.05311606 1    
9.05461176 1    
9.05611082 1    
9.05736002 1    
9.05886158 1    
9.06035974 1    
9.06161082 1    
9.06310772 1    
9.06436012 1    
9.06445686 -1   
9.06585527 1    
9.07485298 1    
9.07635279 1    
9.07759804 1    
9.08384949 1    
9.08509620 1    
9.08659486 1    
9.08809270 1    
9.08934108 1    
9.09084002 1    
9.09484661 1    
9.09608984 1    
9.10458948 1    
9.11357945 1    
9.11507939 1    
9.12082441 1    
9.12083760 -1   
9.17656543 1    
9.17804096 1    
9.17954421 1    
9.18104110 1    
9.18504032 1    
9.18653590 1    
9.18804009 1    
9.18928416 1    
9.19653256 1    
9.19778014 1    
9.19953163 1    
9.20103060 1    
9.20228052 1    
9.20377535 1    
9.20527905 1    
9.20677441 1    
9.20802389 1    
9.20952328 1    
9.21102500 1    
9.21227243 1    
9.21239181 -1   
9.21377329 1    
9.21501910 1    
9.21651986 1    
9.21801739 1    
9.21926998 1    
9.22076816 1    
9.22201970 1    
9.22801515 1    
9.22951409 1    
9.23101017 1    
9.23226013 1    
9.23400918 1    
9.23826115 1    
9.23950490 1    
9.24126043 1    
9.24250449 1    
9.24400237 1    
9.24550156 1    
9.24925407 1    
9.25074899 1    
9.25499998 1    
9.26674304 1    
9.26799229 1    
9.27425074 1    
9.27426482 -1   
9.27573543 1    
9.33121198 1    
9.33245408 1    
9.33395565 1    
9.33545292 1    
9.33970413 1    
9.34094951 1    
9.34244686 1    
9.34394811 1    
9.35094739 1    
9.35219345 1    
9.35369381 1    
9.35493913 1    
9.35644218 1    
9.35793795 1    
9.35918675 1    
9.36068694 1    
9.36193923 1    
9.36343413 1    
9.36493736 1    
9.36618538 1    
9.36768576 1    
9.36918193 1    
9.37043085 1    
9.37192965 1    
9.37318211 1    
9.37467859 1    
9.37618113 1    
9.38117648 1    
9.38242683 1    
9.38417319 1    
9.38542492 1    
9.38692184 1    
9.38842408 1    
9.38967026 1    
9.39082574 -1   
9.39267287 1    
9.39416757 1    
9.39566590 1    
9.39691611 1    
9.39866731 1    
9.40016492 1    
9.40366419 1    
9.40516187 1    
9.40791388 1    
9.41990764 1    
9.42115508 1    
9.42989852 1    
9.42991236 -1   
9.43114900 1    
9.46837939 1    
9.48561948 1    
9.48686361 1    
9.48886641 1    
9.49036259 1    
9.49386421 1    
9.49535918 1    
9.49686337 1    
9.49835684 1    
9.50535443 1    
9.50660414 1    
9.50810646 1    
9.50960147 1    
9.51110291 1    
9.51234961 1    
9.51385211 1    
9.51509891 1    
9.51659928 1    
9.51775472 -1   
9.51809730 1    
9.51959891 1    
9.52084883 1    
9.52284334 1    
9.52409708 1    
9.52559143 1    
9.52709392 1    
9.52834176 1    
9.52984179 1    
9.53183878 1    
9.53458940 1    
9.53583583 1    
9.53733763 1    
9.53883526 1    
9.54008540 1    
9.54158254 1    
9.54308538 1    
9.54433178 1    
9.54670524 -1   
9.54708397 1    
9.54858170 1    
9.55007785 1    
9.55132606 1    
9.55307985 1    
9.55457522 1    
9.55672509 -1   
9.55807352 1    
9.55957349 1    
9.57282015 1    
9.57431398 1    
9.58431682 1    
9.58435343 -1   
9.58556326 1    
9.62155981 1    
9.62278554 1    
9.63978077 1    
9.64128126 1    
9.64352435 1    
9.64477959 1    
9.64852428 1    
9.65002052 1    
9.65151959 1    
9.65270076 -1   
9.65270730 -1   
9.65302222 1    
9.66001618 1    
9.66126716 1    
9.66276391 1    
9.66401539 1    
9.66551221 1    
9.66701377 1    
9.66826148 1    
9.66975937 1    
9.67125770 1    
9.67251097 1    
9.67400528 1    
9.67525853 1    
9.67675483 1    
9.67825797 1    
9.67950338 1    
9.68100312 1    
9.68225257 1    
9.68250429 1    
9.69152099 -1   
9.70112653 -1   
9.73451127 -1   
9.75679117 -1   
9.88594679 -1   
10.22455035 1    
10.22571245 -1   
10.28816818 1    
10.28965655 1    
10.33813483 1    
10.34862780 1    
10.35012295 1    
10.35137046 1    
10.35287357 1    
10.35436847 1    
10.35561900 1    
10.35711580 1    
10.35836541 1    
10.36186713 1    
10.36336555 1    
10.36486264 1    
10.36611352 1    
10.36767200 1    
10.36886207 1    
10.37985760 1    
10.38135293 1    
10.38285141 1    
10.38410785 1    
10.38559760 1    
10.38685171 1    
10.38834987 1    
10.38986143 1    
10.38987393 -1   
10.39109730 1    
10.39259619 1    
10.44282952 1    
10.44431778 1    
10.44581538 1    
10.44706533 1    
10.50155307 1    
10.50303470 1    
10.50428579 1    
10.50578195 1    
10.50728328 1    
10.50853016 1    
10.51002831 1    
10.51152641 1    
10.51278011 1    
10.51427596 1    
10.51552792 1    
10.51702562 1    
10.51852917 1    
10.51977234 1    
10.52127159 1    
10.52252093 1    
10.52402271 1    
10.52551874 1    
10.52677097 1    
10.52826870 1    
10.52952069 1    
10.53101649 1    
10.53251661 1    
10.53262759 -1   
10.53401732 1    
10.53526467 1    
10.53676760 1    
10.53826255 1    
10.53951434 1    
10.54101164 1    
10.54226062 1    
10.54375998 1    
10.54526081 1    
10.54650731 1    
10.54800955 1    
10.54925619 1    
10.55075706 1    
10.55225474 1    
10.55350405 1    
10.55351664 -1   
10.55500535 1    
10.55650276 1    
10.55775447 1    
10.59748400 1    
10.59898043 1    
10.60022904 1    
10.60172658 1    
10.61047546 1    
10.65595278 1    
10.65744403 1    
10.65894244 1    
10.66019397 1    
10.66194466 1    
10.66318986 1    
10.66469359 1    
10.66593835 1    
10.66744178 1    
10.66893836 1    
10.67018727 1    
10.67168572 1    
10.67318778 1    
10.67443589 1    
10.67593700 1    
10.67718258 1    
10.67868442 1    
10.68018322 1    
10.68143004 1    
10.68292837 1    
10.68418249 1    
10.68567858 1    
10.68717923 1    
10.68726293 -1   
10.68842941 1    
10.68992463 1    
10.69142347 1    
10.69267409 1    
10.69417555 1    
10.69542206 1    
10.69692499 1    
10.69842011 1    
10.69967212 1    
10.70116913 1    
10.70241861 1    
10.70391679 1    
10.70541903 1    
10.70666533 1    
10.70816815 1    
10.70966455 1    
10.71091555 1    
10.71241328 1    
10.71366114 1    
10.71516035 1    
10.71666434 1    
10.71790910 1    
10.71792182 -1   
10.71941128 1    
10.72065767 1    
10.75039749 1    
10.75264071 1    
10.75413815 1    
10.75538719 1    
10.75689035 1    
10.78987460 1    
10.80336894 1    
10.81060815 1    
10.81185777 1    
10.81335747 1    
10.81485277 1    
10.81610419 1    
10.81760425 1    
10.81910064 1    
10.82060542 1    
10.82209977 1    
10.82335213 1    
10.82484877 1    
10.82609774 1    
10.82759595 1    
10.82909889 1    
10.83034530 1    
10.83184628 1    
10.83359339 1    
10.83484520 1    
10.83634140 1    
10.83783979 1    
10.83908941 1    
10.84059285 1    
10.84068271 -1   
10.84209067 1    
10.84333940 1    
10.84483998 1    
10.84608624 1    
10.84758475 1    
10.84908438 1    
10.85033736 1    
10.85233289 1    
10.85383430 1    
10.85508132 1    
10.85658429 1    
10.85807941 1    
10.85932826 1    
10.86082772 1    
10.86207978 1    
10.86357513 1    
10.86507830 1    
10.86632562 1    
10.86783403 1    
10.86907311 1    
10.87057112 1    
10.87207649 1    
10.87332349 1    
10.87481889 1    
10.87591500 -1   
10.87607317 1    
10.87608835 -1   
10.87756917 1    
10.87906699 1    
10.88032078 1    
10.90580760 1    
10.90705461 1    
10.90855347 1    
10.91004885 1    
10.93103957 1    
10.94278700 1    
10.94428045 1    
10.96377229 1    
10.96501996 1    
10.96677045 1    
10.96801580 1    
10.96951499 1    
10.97101618 1    
10.97226820 1    
10.97376329 1    
10.97551439 1    
10.97676184 1    
10.97826293 1    
10.97975991 1    
10.98100786 1    
10.98250685 1    
10.98375887 1    
10.98525711 1    
10.98675734 1    
10.98800351 1    
10.98950620 1    
10.99100212 1    
10.99225338 1    
10.99375118 1    
10.99384891 -1   
10.99675416 1    
10.99824874 1    
10.99950152 1    
11.00099759 1    
11.00249651 1    
11.00374432 1    
11.00524876 1    
11.00674545 1    
11.00799825 1    
11.00949790 1    
11.01074422 1    
11.01224147 1    
11.01374090 1    
11.01498892 1    
11.01649210 1    
11.01688549 1    
11.01874028 1    
11.01998592 1    
11.02148844 1    
11.02298374 1    
11.02423428 1    
11.02573275 1    
11.02698466 1    
11.02848078 1    
11.02998373 1    
11.03122937 1    
11.03273299 1    
11.03397784 1    
11.03547689 1    
11.03549116 -1   
11.03697913 1    
11.03822543 1    
11.05897162 1    
11.06021502 1    
11.08570509 1    
11.08719865 1    
11.08844757 1    
11.09569434 1    
11.09744472 1    
11.09869118 1    
11.11793738 1    
11.11942860 1    
11.12093233 1    
11.12242791 1    
11.12417693 1    
11.12542562 1    
11.12717704 1    
11.12867439 1    
11.12992588 1    
11.13142188 1    
11.13292524 1    
11.13417055 1    
11.16615947 1    
11.16765262 1    
11.16890526 1    
11.17040052 1    
11.17190164 1    
11.17315016 1    
11.17340126 1    
11.17555435 -1   
11.17789751 1    
11.17914525 1    
11.18064879 1    
11.18189456 1    
11.18339574 1    
11.18489428 1    
11.18614465 1    
11.18763996 1    
11.18913958 1    
11.19038923 1    
11.19188977 1    
11.19313992 1    
11.19463917 1    
11.19613559 1    
11.19763980 1    
11.19888377 1    
11.20038539 1    
11.20188145 1    
11.20313460 1    
11.20463223 1    
11.20613267 1    
11.20737881 1    
11.20888077 1    
11.21012662 1    
11.21162638 1    
11.21312584 1    
11.21437686 1    
11.21587332 1    
11.21712522 1    
11.21713806 -1   
11.21862668 1    
11.25510827 1    
11.25635558 1    
11.26484930 1    
11.26634869 1    
11.26784426 1    
11.30334416 1    
11.30347166 -1   
11.30482322 1    
11.30607228 1    
11.30757460 1    
11.30907156 1    
11.31032456 1    
11.31556782 1    
11.31706992 1    
11.32706201 1    
11.32831223 1    
11.32980852 1    
11.33018475 1    
11.33630948 1    
11.44704461 -1   
11.45524101 1    
11.48811280 1    
11.59969020 -1   
11.59969827 -1   
11.59970961 -1   
11.59998066 -1   
11.63870841 -1   
11.79264419 1    
11.81478752 1    
11.81603636 1    
11.83077529 1    
11.83227360 1    
11.96686975 1    
12.00218434 1    
12.00367342 1    
12.00492782 1    
12.00503028 -1   
12.00642586 1    
12.00792367 1    
12.00917345 1    
12.01066918 1    
12.01191817 1    
12.01343878 1    
12.01491932 1    
12.01641663 1    
12.01766824 1    
12.01916342 1    
12.02066433 1    
12.02191284 1    
12.02341493 1    
12.02466170 1    
12.02616554 1    
12.02766078 1    
12.02891262 1    
12.03040805 1    
12.03190758 1    
12.03315795 1    
12.03465791 1    
12.03590459 1    
12.03740607 1    
12.03890263 1    
12.04015658 1    
12.04165132 1    
12.04290124 1    
12.04440068 1    
12.04590143 1    
12.04714912 1    
12.04865079 1    
12.04989575 1    
12.05139854 1    
12.05289595 1    
12.05414702 1    
12.05564620 1    
12.05689729 1    
12.05839181 1    
12.05989408 1    
12.06114344 1    
12.06264211 1    
12.06389122 1    
12.06539221 1    
12.06689065 1    
12.12011919 1    
12.15659292 1    
12.15808738 1    
12.15933698 1    
12.15935005 -1   
12.16083767 1    
12.16233270 1    
12.16383361 1    
12.16508414 1    
12.16658311 1    
12.16807953 1    
12.16958080 1    
12.17083049 1    
12.17233041 1    
12.17382573 1    
12.17507774 1    
12.17657765 1    
12.17807606 1    
12.17932204 1    
12.18082675 1    
12.18207409 1    
12.18357267 1    
12.18506978 1    
12.18632091 1    
12.18782072 1    
12.18907122 1    
12.19056579 1    
12.19206877 1    
12.19331809 1    
12.19481642 1    
12.19606557 1    
12.19756538 1    
12.19906440 1    
12.20031431 1    
12.20181080 1    
12.20306398 1    
12.20456189 1    
12.20606020 1    
12.20730664 1    
12.20881047 1    
12.21005723 1    
12.21155752 1    
12.21305308 1    
12.21430653 1    
12.21580439 1    
12.21705386 1    
12.21854923 1    
12.22005291 1    
12.22130232 1    
12.22281695 1    
12.22404760 1    
12.27327940 1    
12.30975502 1    
12.31124781 1    
12.31499882 1    
12.31624821 1    
12.31626287 -1   
12.31774769 1    
12.31899405 1    
12.32049684 1    
12.32199364 1    
12.32324268 1    
12.32474009 1    
12.32624172 1    
12.32736885 -1   
12.32748756 1    
12.32899065 1    
12.33023813 1    
12.33173475 1    
12.33323522 1    
12.33448577 1    
12.33598624 1    
12.33723201 1    
12.33873487 1    
12.34023222 1    
12.34148266 1    
12.34297935 1    
12.34447936 1    
12.34572728 1    
12.34723051 1    
12.34847625 1    
12.34997754 1    
12.35008692 -1   
12.35147952 1    
12.35272485 1    
12.35422255 1    
12.35547366 1    
12.35697478 1    
12.35846984 1    
12.35972218 1    
12.36121957 1    
12.36272011 1    
12.36396853 1    
12.36546660 1    
12.36671621 1    
12.36821796 1    
12.36971317 1    
12.37096643 1    
12.37246268 1    
12.37371359 1    
12.37521051 1    
12.37671029 1    
12.37796186 1    
12.37946041 1    
12.38070788 1    
12.40447799 -1   
12.42643966 1    
12.46316763 1    
12.46441460 1    
12.46815949 1    
12.47165793 1    
12.47167216 -1   
12.47290706 1    
12.47440399 1    
12.47590347 1    
12.47715416 1    
12.47865516 1    
12.47990954 1    
12.48441497 1    
12.48564835 1    
12.48714608 1    
12.48864701 1    
12.48989797 1    
12.49139378 1    
12.49264746 1    
12.49414463 1    
12.49564503 1    
12.49689216 1    
12.49839113 1    
12.49988983 1    
12.50114328 1    
12.50263739 1    
12.50389006 1    
12.50538804 1    
12.50688817 1    
12.50813495 1    
12.50963840 1    
12.51088381 1    
12.51123767 1    
12.51133274 -1   
12.51963386 1    
12.52112811 1    
12.52237903 1    
12.52387442 1    
12.52537470 1    
12.52662345 1    
12.52814363 1    
12.52962163 1    
12.53087425 1    
12.53237202 1    
12.53362226 1    
12.53511847 1    
12.53661927 1    
12.53786784 1    
12.53936891 1    
12.54661502 1    
12.54786449 1    
12.62284573 -1   
12.66630236 1    
12.66779352 1    
12.66904525 1    
12.66938893 1    
12.67479530 1    
12.67628897 1    
12.67778993 1    
12.67903729 1    
12.68053691 1    
12.68178651 1    
12.68328756 1    
12.68478341 1    
12.68605210 1    
12.68753345 1    
12.68903184 1    
12.69028268 1    
12.70502861 1    
12.70627151 1    
12.70777233 1    
12.79423065 1    
12.79426171 -1   
12.79571943 1    
12.80396636 1    
12.81496296 1    
12.81620855 1    
12.81771007 1    
12.81895591 1    
12.82045943 1    
12.82195532 1    
12.82320440 1    
12.82470325 1    
12.82620476 1    
12.82745186 1    
12.82895490 1    
12.82961963 1    
12.83120298 1    
12.83269978 1    
12.83394791 1    
12.83544738 1    
12.83694967 1    
12.83819468 1    
12.83969701 1    
12.84119364 1    
12.84244595 1    
12.84251599 -1   
12.84394455 1    
12.84519172 1    
12.84669436 1    
12.84818968 1    
12.84944104 1    
12.85093807 1    
12.85219012 1    
12.85368543 1    
12.85518579 1    
12.85643588 1    
12.85793665 1    
12.85918235 1    
12.86068802 1    
12.86218341 1    
12.86343461 1    
12.86493130 1    
12.86642875 1    
12.86767789 1    
12.86918280 1    
12.87042718 1    
12.87192821 1    
12.87342573 1    
12.87467656 1    
12.87617399 1    
12.87742283 1    
12.87892145 1    
12.88042437 1    
12.88167564 1    
12.88318284 1    
12.88517240 1    
12.88642415 1    
12.90016776 1    
12.94964071 1    
12.94968002 -1   
12.95713267 1    
12.95837803 1    
12.96937372 1    
12.97061927 1    
12.97212089 1    
12.97361807 1    
12.97512098 1    
12.97636806 1    
12.97786838 1    
12.97936435 1    
12.98061744 1    
12.98211283 1    
12.98336332 1    
12.98486275 1    
12.98636557 1    
12.98761047 1    
12.98911275 1    
12.99060803 1    
12.99186088 1    
12.99335752 1    
12.99460537 1    
12.99610546 1    
12.99760705 1    
12.99885326 1    
13.00035624 1    
13.00160222 1    
13.00310343 1    
13.00460315 1    
13.00585120 1    
13.00734849 1    
13.00860188 1    
13.01009900 1    
13.01159878 1    
13.01284626 1    
13.01434726 1    
13.01442378 -1   
13.01584441 1    
13.01709449 1    
13.01859571 1    
13.01984118 1    
13.02134374 1    
13.02284100 1    
13.02409222 1    
13.02518466 -1   
13.02558780 1    
13.02683755 1    
13.02833982 1    
13.02983554 1    
13.03108816 1    
13.03258489 1    
13.03408574 1    
13.03533337 1    
13.03683255 1    
13.03808101 1    
13.03958299 1    
13.04108025 1    
13.04133189 1    
13.08241303 -1   
13.14255998 -1   
13.56038705 1    
13.71265111 1    
13.72918541 -1   
13.80440656 1    
13.86338807 1    
14.04260900 1    
14.15122132 1    
14.19370474 1    
19.74411711 -1   
20.88093820 -1   
20.89008820 -1   
20.89039373 -1   
21.03431932 -1   
21.20175719 1    
21.55356239 1    
28.26252310 -1   
