0.00000000 -1   
0.00766799 1    
0.27149532 1    
0.33978879 -1   
0.42265286 1    
0.42301688 -1   
0.49108965 -1   
0.57382012 1    
0.64246205 -1   
0.67843478 1    
0.69764562 1    
0.73588796 1    
0.74564205 1    
0.75538698 1    
0.76388665 1    
0.83361361 -1   
0.91517862 1    
0.98505471 -1   
1.01748915 1    
1.03747298 1    
1.06646111 1    
1.06668604 1    
1.21903374 1    
1.34018157 -1   
1.37063636 1    
1.52181790 1    
1.52214166 -1   
1.67446004 1    
1.67476504 -1   
1.82685185 1    
1.82717085 -1   
2.03799670 1    
2.23262287 1    
2.23290867 -1   
2.80306027 1    
2.80515507 -1   
3.32352136 1    
3.32456882 -1   
3.88884182 1    
3.89031625 1    
3.89070205 1    
3.89643512 -1   
4.11506513 1    
4.11537183 -1   
4.33176382 1    
4.33531414 -1   
4.34784826 -1   
4.48652770 -1   
4.64675423 1    
4.64704117 -1   
4.81716381 1    
4.81739931 -1   
4.97091589 1    
4.97121208 -1   
5.12482315 1    
5.12485872 -1   
5.28164567 1    
5.28168225 -1   
5.77961177 1    
5.78059166 -1   
6.33892618 1    
6.34041266 1    
6.34079281 1    
6.34469371 -1   
6.49587171 -1   
6.82951589 1    
6.82974188 -1   
7.00888474 1    
7.15348657 1    
7.15497565 1    
7.18118980 1    
7.18268186 1    
7.18393107 1    
7.22087767 -1   
7.24792730 1    
7.24916316 1    
7.25036690 1    
7.27763152 1    
7.27914878 1    
7.28915714 1    
7.30663615 1    
7.30788081 1    
7.32886997 1    
7.33009638 1    
7.34786790 1    
7.34933482 1    
7.35058613 1    
7.35269395 -1   
7.35760657 1    
7.35883658 1    
7.37607265 1    
7.37608608 -1   
7.40233182 1    
7.40380419 1    
7.40507772 1    
7.40657276 1    
7.43083008 1    
7.43105656 1    
7.58340672 1    
7.58392812 -1   
7.75722830 1    
7.75726378 -1   
7.78611336 1    
7.80557948 1    
7.81384258 1    
7.82508708 1    
7.90963971 1    
7.96648957 1    
8.10205530 1    
8.10242215 -1   
8.34325603 -1   
8.48131485 1    
8.71303721 1    
8.71333376 -1   
8.72239177 -1   
8.87576582 -1   
9.00851204 1    
9.02719475 -1   
9.20673317 1    
9.20771692 -1   
9.21729071 1    
9.36130503 1    
9.36133989 -1   
9.37235720 -1   
9.51470316 1    
9.51474615 -1   
9.52434051 1    
9.52558826 1    
9.66892388 1    
9.67306495 -1   
9.68262283 -1   
9.69052485 1    
9.69174423 1    
9.80743756 1    
9.80867601 1    
9.81019776 1    
9.81260539 -1   
9.82174134 -1   
9.83570630 -1   
9.93615068 1    
9.93737591 1    
9.93773718 1    
9.95098793 -1   
9.98659783 1    
9.98782739 1    
9.98935053 1    
9.99082176 1    
9.99207676 1    
10.00407607 -1   
10.02960149 -1   
10.10513703 1    
10.21070540 1    
10.21073827 -1   
10.22546072 1    
10.22696110 1    
10.22821116 1    
10.22970691 1    
10.23121114 1    
10.23245604 1    
10.23395415 1    
10.23520408 1    
10.23670606 1    
10.23820496 1    
10.23946027 1    
10.24095130 1    
10.24243392 1    
10.24370008 1    
10.29686197 1    
10.30741563 1    
10.30891486 1    
10.31866024 1    
10.31880697 -1   
10.36510927 1    
10.36515926 -1   
10.36612560 1    
10.38012197 1    
10.38137187 1    
10.38284770 1    
10.38434917 1    
10.38559641 1    
10.38709546 1    
10.38834341 1    
10.38984595 1    
10.39134253 1    
10.39259316 1    
10.39411266 1    
10.39536045 1    
10.39686047 1    
10.39835990 1    
10.39958908 1    
10.40111294 1    
10.40235829 1    
10.40386246 1    
10.40535734 1    
10.40661078 1    
10.40810579 1    
10.40958311 1    
10.41083292 1    
10.41233554 1    
10.41358407 1    
10.41508214 1    
10.41657848 1    
10.41782953 1    
10.46030688 1    
10.46180317 1    
10.46305411 1    
10.46455108 1    
10.47182283 1    
10.47191620 -1   
10.47307019 1    
10.47456612 1    
10.47606727 1    
10.51854455 1    
10.51856190 -1   
10.51977194 1    
10.53301648 1    
10.53453514 1    
10.53603278 1    
10.53728167 1    
10.53878147 1    
10.54003164 1    
10.54152831 1    
10.54300995 1    
10.54427675 1    
10.54578075 1    
10.54702595 1    
10.54852450 1    
10.55002356 1    
10.55127587 1    
10.55277195 1    
10.55402344 1    
10.55551986 1    
10.55701763 1    
10.55826797 1    
10.55974762 1    
10.56099472 1    
10.56249594 1    
10.56399528 1    
10.56524487 1    
10.56674134 1    
10.56799391 1    
10.56948976 1    
10.57099032 1    
10.57223883 1    
10.57373996 1    
10.57501144 1    
10.57650637 1    
10.57800712 1    
10.57926032 1    
10.58073430 1    
10.58225510 1    
10.58235195 -1   
10.58348664 1    
10.58499820 1    
10.58625149 1    
10.58773265 1    
10.58925075 1    
10.59050111 1    
10.59200053 1    
10.59347789 1    
10.59500238 1    
10.59624823 1    
10.59774981 1    
10.59899551 1    
10.60049360 1    
10.60199439 1    
10.60324644 1    
10.60472020 1    
10.60599384 1    
10.60748508 1    
10.60897160 1    
10.61021601 1    
10.61172008 1    
10.61296470 1    
10.61473206 1    
10.61623683 1    
10.61748979 1    
10.61898683 1    
10.62048712 1    
10.62173262 1    
10.62323464 1    
10.62470854 1    
10.62795980 1    
10.62910303 -1   
10.62945963 1    
10.63096119 1    
10.63220897 1    
10.63370342 1    
10.63506674 1    
10.63925091 -1   
10.66869248 1    
10.67020764 1    
10.67196057 1    
10.67197592 -1   
10.67320748 1    
10.68594692 1    
10.68744898 1    
10.68894464 1    
10.69019794 1    
10.69169500 1    
10.69292251 1    
10.69441855 1    
10.69591712 1    
10.69716791 1    
10.69866839 1    
10.69991835 1    
10.70141723 1    
10.70293940 1    
10.70418938 1    
10.70568502 1    
10.70693461 1    
10.70843337 1    
10.70993842 1    
10.71118148 1    
10.71268885 1    
10.71392999 1    
10.71543240 1    
10.71692768 1    
10.71817780 1    
10.71967908 1    
10.72092944 1    
10.72242379 1    
10.72390635 1    
10.72517393 1    
10.72665351 1    
10.72792309 1    
10.72942072 1    
10.73092031 1    
10.73217588 1    
10.73366842 1    
10.73516596 1    
10.73633783 -1   
10.73639644 1    
10.73792020 1    
10.73916846 1    
10.74066619 1    
10.74216592 1    
10.74340725 1    
10.74490957 1    
10.74616253 1    
10.74766361 1    
10.74915945 1    
10.75040953 1    
10.75190904 1    
10.75316087 1    
10.75465620 1    
10.75616099 1    
10.75740681 1    
10.75888759 1    
10.76040348 1    
10.76165182 1    
10.76315405 1    
10.76440339 1    
10.76587777 1    
10.76738105 1    
10.76862802 1    
10.77015513 1    
10.77137713 1    
10.77289602 1    
10.77438883 1    
10.77562643 1    
10.77676770 -1   
10.77714466 1    
10.77862431 1    
10.77989493 1    
10.78138683 1    
10.78264441 1    
10.78413636 1    
10.78563549 1    
10.78567562 -1   
10.78689374 1    
10.78838699 1    
10.78963688 1    
10.79113588 1    
10.79261579 1    
10.79386164 1    
10.79538663 1    
10.79688145 1    
10.79813472 1    
10.79961047 1    
10.80085764 1    
10.80122523 1    
10.82061901 -1   
10.82412191 -1   
10.87771699 -1   
11.02155677 -1   
11.16652757 1    
11.27359638 1    
11.27458072 -1   
11.28210817 1    
11.28335509 1    
11.35747372 1    
11.39677098 1    
11.39829031 1    
11.39976924 1    
11.40103619 1    
11.40251596 1    
11.40378505 1    
11.40526675 1    
11.40676020 1    
11.40801194 1    
11.40950965 1    
11.41076206 1    
11.41228103 1    
11.41376053 1    
11.41503237 1    
11.41653020 1    
11.41802666 1    
11.41927995 1    
11.42077485 1    
11.42202952 1    
11.42352361 1    
11.42501858 1    
11.42625128 1    
11.42776904 1    
11.42902210 1    
11.43052323 1    
11.43201921 1    
11.43209518 -1   
11.43324715 1    
11.43474535 1    
11.45703147 -1   
11.46175553 1    
11.46300219 1    
11.46450203 1    
11.46600013 1    
11.46722858 1    
11.47324951 1    
11.47450522 1    
11.47597312 1    
11.47749919 1    
11.47899197 1    
11.48024514 1    
11.48174022 1    
11.48298809 1    
11.48449926 1    
11.48600437 1    
11.48724047 1    
11.48874844 1    
11.48998703 1    
11.49148984 1    
11.49296476 1    
11.49421222 1    
11.49573358 1    
11.49721301 1    
11.49845887 1    
11.49996271 1    
11.50123082 1    
11.50273128 1    
11.50422933 1    
11.54968484 1    
11.55120055 1    
11.55245361 1    
11.55394881 1    
11.55545093 1    
11.55667574 1    
11.55676130 -1   
11.55820268 1    
11.55969720 1    
11.56094735 1    
11.56244330 1    
11.56369658 1    
11.56519454 1    
11.56669511 1    
11.56794148 1    
11.56943949 1    
11.57069185 1    
11.57219107 1    
11.57368762 1    
11.57493990 1    
11.57643608 1    
11.57793737 1    
11.57918560 1    
11.58068788 1    
11.58193324 1    
11.58342997 1    
11.58493085 1    
11.58618326 1    
11.58768016 1    
11.58893122 1    
11.59042727 1    
11.59192644 1    
11.59317934 1    
11.59468031 1    
11.59592875 1    
11.59740827 1    
11.59892746 1    
11.60017685 1    
11.60165144 1    
11.60292521 1    
11.60442232 1    
11.60592469 1    
11.60717245 1    
11.60726875 -1   
11.60867274 1    
11.60989508 1    
11.61139435 1    
11.61289268 1    
11.61414414 1    
11.61564067 1    
11.61691631 1    
11.61841440 1    
11.61991548 1    
11.62116141 1    
11.62263817 1    
11.62391023 1    
11.62539780 1    
11.62690693 1    
11.62815989 1    
11.62965601 1    
11.62967043 -1   
11.63115770 1    
11.63240306 1    
11.63390478 1    
11.63515454 1    
11.63665398 1    
11.63814827 1    
11.63940357 1    
11.64090904 1    
11.64215112 1    
11.64362716 1    
11.64514601 1    
11.64639571 1    
11.64789819 1    
11.64937172 1    
11.65064631 1    
11.65214244 1    
11.65339564 1    
11.65489264 1    
11.65639742 1    
11.65647660 -1   
11.65762142 1    
11.65914226 1    
11.66039471 1    
11.66189021 1    
11.66338913 1    
11.66463617 1    
11.66613943 1    
11.66763637 1    
11.66888912 1    
11.67038598 1    
11.67163507 1    
11.67313445 1    
11.67463071 1    
11.67589134 1    
11.67736095 1    
11.67860633 1    
11.68010743 1    
11.68160357 1    
11.68285697 1    
11.68435114 1    
11.68584965 1    
11.70436379 1    
11.70561552 1    
11.70736119 1    
11.70859191 1    
11.71008888 1    
11.71159058 1    
11.71283597 1    
11.71433526 1    
11.71583642 1    
11.71708658 1    
11.71858153 1    
11.71983322 1    
11.72132907 1    
11.72283110 1    
11.72294740 -1   
11.72407888 1    
11.72502000 1    
11.73325022 -1   
11.75057394 1    
11.75206539 1    
11.75331428 1    
11.75481136 1    
11.75630910 1    
11.75755818 1    
11.75906143 1    
11.76055741 1    
11.76181020 1    
11.76330499 1    
11.76455698 1    
11.76605359 1    
11.76755459 1    
11.76880255 1    
11.77030398 1    
11.77155158 1    
11.77305416 1    
11.80983666 -1   
11.87877539 1    
11.88001610 1    
11.88151710 1    
11.88301392 1    
11.88368756 1    
11.88601172 1    
11.88751344 1    
11.92697148 1    
11.92823569 1    
11.92973725 1    
11.93123399 1    
11.93248852 1    
11.93398153 1    
11.93523204 1    
11.93672993 1    
11.93823184 1    
11.93947942 1    
11.94097927 1    
11.94222584 1    
11.94373223 1    
11.94522821 1    
11.94647621 1    
11.94657592 -1   
11.94797885 1    
11.94922565 1    
11.95072787 1    
11.95222514 1    
11.95347521 1    
11.95497295 1    
11.95647084 1    
11.95772032 1    
11.95922030 1    
11.96046052 1    
11.96196733 1    
11.96346477 1    
11.96471793 1    
11.96619212 1    
12.00573797 -1   
12.01743785 1    
12.01868329 1    
12.02018482 1    
12.02665751 1    
12.02790887 1    
12.02940441 1    
12.03090468 1    
12.03217500 1    
12.03365505 1    
12.03490092 1    
12.03640441 1    
12.03789832 1    
12.03915192 1    
12.04064795 1    
12.04189646 1    
12.04339638 1    
12.04489702 1    
12.04614377 1    
12.04764858 1    
12.04889187 1    
12.05039402 1    
12.05045583 -1   
12.05189124 1    
12.05313938 1    
12.05464203 1    
12.05588891 1    
12.05739330 1    
12.05889186 1    
12.06016254 1    
12.06165698 1    
12.06315700 1    
12.06440638 1    
12.06588747 1    
12.06715560 1    
12.06865674 1    
12.07015521 1    
12.07140101 1    
12.07290341 1    
12.07415062 1    
12.07565033 1    
12.07715539 1    
12.07840338 1    
12.07990342 1    
12.08140095 1    
12.08162727 1    
12.08390406 1    
12.08539725 1    
12.08690076 1    
12.08815066 1    
12.08964542 1    
12.09089744 1    
12.09237229 1    
12.09387137 1    
12.09512245 1    
12.09661536 1    
12.09786769 1    
12.13385350 1    
12.13536894 1    
12.13686593 1    
12.13811740 1    
12.13961802 1    
12.14111731 1    
12.14236314 1    
12.14386485 1    
12.14536196 1    
12.14661166 1    
12.14810850 1    
12.14936130 1    
12.15086789 1    
12.15235978 1    
12.15460467 1    
12.19407171 1    
12.19411713 -1   
12.23154630 1    
12.23306700 1    
12.23455862 1    
12.23581149 1    
12.23731354 1    
12.23881002 1    
12.24005847 1    
12.24156061 1    
12.24303887 1    
12.24428595 1    
12.24578105 1    
12.24728432 1    
12.24853184 1    
12.25003297 1    
12.25152692 1    
12.28678080 1    
12.28851909 1    
12.28875680 -1   
12.38177084 -1   
12.43897944 1    
12.45222955 -1   
12.45223842 -1   
12.45252031 -1   
12.45252550 -1   
12.53466192 -1   
12.59359015 1    
12.59510704 1    
12.60334664 1    
12.60458089 1    
12.60726866 1    
12.79649704 1    
12.79796469 1    
12.79924700 1    
12.80071371 1    
12.80223776 1    
12.80373660 1    
12.80381482 -1   
12.80498486 1    
12.80648029 1    
12.80798409 1    
12.80923058 1    
12.81073191 1    
12.81165932 1    
12.81323053 1    
12.81472729 1    
12.81597614 1    
12.81747422 1    
12.81897809 1    
12.82022378 1    
12.82172740 1    
12.82297351 1    
12.82447375 1    
12.82595226 1    
12.82722043 1    
12.82869750 1    
12.82997311 1    
12.83147151 1    
12.83297359 1    
12.83421579 1    
12.83571896 1    
12.83696438 1    
12.83844333 1    
12.83996565 1    
12.84121692 1    
12.84268954 1    
12.84396927 1    
12.84546200 1    
12.84696454 1    
12.84820787 1    
12.84970942 1    
12.85096172 1    
12.85106481 -1   
12.85246172 1    
12.85395727 1    
12.85521029 1    
12.85668116 1    
12.85793147 1    
12.85944825 1    
12.86093280 1    
12.86217879 1    
12.86368057 1    
12.86519761 1    
12.86643588 1    
12.86792877 1    
12.86917724 1    
12.87067514 1    
12.87217756 1    
12.87342378 1    
12.87494593 1    
12.87617089 1    
12.87769339 1    
12.87919045 1    
12.88041696 1    
12.88194049 1    
12.88344170 1    
12.88466596 1    
12.88618978 1    
12.88743502 1    
12.88893752 1    
12.89043321 1    
12.89168200 1    
12.89316318 1    
12.89441201 1    
12.89593159 1    
12.89742593 1    
12.89865817 1    
12.95088650 1    
12.95237442 1    
12.95387651 1    
12.95514903 1    
12.95664769 1    
12.95814824 1    
12.95816905 -1   
12.95964856 1    
12.96089749 1    
12.96239331 1    
12.96389718 1    
12.96514370 1    
12.96664313 1    
12.96789291 1    
12.96939254 1    
12.97089085 1    
12.97213905 1    
12.97363476 1    
12.97488776 1    
12.97636766 1    
12.97786602 1    
12.97911107 1    
12.98061232 1    
12.98186254 1    
12.98336144 1    
12.98485553 1    
12.98610819 1    
12.98760943 1    
12.98885717 1    
12.99035310 1    
12.99185797 1    
12.99310513 1    
12.99460395 1    
12.99610074 1    
12.99735136 1    
12.99887413 1    
13.00012448 1    
13.00159965 1    
13.00312517 1    
13.00437053 1    
13.00587703 1    
13.00711744 1    
13.00861957 1    
13.01009730 1    
13.01134614 1    
13.01284014 1    
13.01434176 1    
13.01559397 1    
13.01709375 1    
13.01833704 1    
13.01984132 1    
13.02134174 1    
13.02258798 1    
13.02408403 1    
13.02558609 1    
13.02708739 1    
13.02833428 1    
13.02983177 1    
13.03108463 1    
13.03258401 1    
13.03408131 1    
13.03532780 1    
13.03682959 1    
13.03807867 1    
13.03957852 1    
13.04107473 1    
13.04232684 1    
13.04382711 1    
13.04507674 1    
13.04659454 1    
13.04809559 1    
13.04932336 1    
13.05082226 1    
13.05206854 1    
13.05357033 1    
13.05507100 1    
13.10406727 1    
13.10528888 1    
13.10729230 1    
13.11028995 1    
13.11154028 1    
13.11267869 -1   
13.11403677 1    
13.11405002 -1   
13.11553854 1    
13.11878262 1    
13.12027913 1    
13.12230147 1    
13.12405351 1    
13.12552999 1    
13.12830485 1    
13.12977511 1    
13.13229780 1    
13.13378650 1    
13.13954254 1    
13.14277021 -1   
13.14952416 1    
13.15076279 1    
13.15226774 1    
13.15376347 1    
13.15502806 1    
13.15653182 1    
13.15802723 1    
13.15925981 1    
13.16076269 1    
13.16200666 1    
13.16352630 1    
13.16502131 1    
13.16625406 1    
13.16777498 1    
13.16902743 1    
13.17052260 1    
13.26595642 1    
13.26722027 1    
13.26872004 1    
13.26997041 1    
13.27144574 1    
13.27294392 1    
13.27422157 1    
13.27796288 1    
13.27797656 -1   
13.27946609 1    
13.28095931 1    
13.28221193 1    
13.28370901 1    
13.28495708 1    
13.28645253 1    
13.28796064 1    
13.28920433 1    
13.29070748 1    
13.29195408 1    
13.29286616 1    
13.40062698 1    
13.40189234 1    
13.43013507 -1   
13.44187130 1    
13.44311840 1    
13.44462089 1    
13.44586785 1    
13.44736869 1    
13.44886463 1    
13.45011527 1    
13.45161212 1    
13.45311194 1    
13.45436093 1    
13.45584386 1    
13.45710940 1    
13.45861092 1    
13.46008842 1    
13.46133630 1    
13.46283295 1    
13.46433257 1    
13.46558166 1    
13.46708477 1    
13.46858046 1    
13.47008277 1    
13.47135064 1    
13.47283261 1    
13.47409927 1    
13.47560022 1    
13.47709947 1    
13.47834892 1    
13.47984636 1    
13.48109847 1    
13.48259499 1    
13.48409664 1    
13.48534556 1    
13.48682135 1    
13.48752370 1    
13.48763349 -1   
13.52034505 1    
13.52182862 1    
13.52307687 1    
13.52457168 1    
13.52604940 1    
13.52729736 1    
13.52879864 1    
13.53006731 1    
13.53157229 1    
13.53304538 1    
13.53429650 1    
13.53579467 1    
13.53731311 1    
13.53856178 1    
13.54006397 1    
13.54131015 1    
13.54281257 1    
13.54431005 1    
13.55530852 1    
13.55655263 1    
13.56704909 1    
13.59601745 1    
13.59604018 -1   
13.59750949 1    
13.59900610 1    
13.60025738 1    
13.60225302 1    
13.60375669 1    
13.60500096 1    
13.60650431 1    
13.60800121 1    
13.60925141 1    
13.61074924 1    
13.61199981 1    
13.61349595 1    
13.61500072 1    
13.61624527 1    
13.61774532 1    
13.61924554 1    
13.62049592 1    
13.62199200 1    
13.62324521 1    
13.62474047 1    
13.62624421 1    
13.62748975 1    
13.62900564 1    
13.63026117 1    
13.63178049 1    
13.63325736 1    
13.63477531 1    
13.63625718 1    
13.63751098 1    
13.63900569 1    
13.64050526 1    
13.64175702 1    
13.64185520 -1   
13.64323691 1    
13.64448024 1    
13.64598129 1    
13.67471709 1    
13.67621610 1    
13.67796352 1    
13.67946257 1    
13.68098220 1    
13.68223753 1    
13.68371202 1    
13.68495933 1    
13.68670691 1    
13.68895726 1    
13.68993112 1    
13.77541502 1    
13.77545309 -1   
13.77666014 1    
13.78617328 1    
13.78740256 1    
13.78889864 1    
13.80341905 1    
13.80466045 1    
13.84067011 1    
13.84083119 -1   
13.86413363 1    
13.86562641 1    
13.87337256 1    
13.87501425 1    
13.87610036 1    
13.89985371 1    
13.90135517 1    
13.90285934 1    
13.90958264 1    
13.91107841 1    
13.96961471 -1   
13.99621982 1    
14.18879237 1    
14.34025934 -1   
14.34104592 1    
14.35737285 -1   
14.42179495 1    
14.49154371 -1   
14.49177506 1    
15.00833351 1    
15.09893870 1    
15.15950668 1    
20.19561355 1    
21.71496130 -1   
21.72410339 -1   
21.72418344 -1   
21.73969858 1    
21.86632596 -1   
22.21268964 1    
22.53953382 1    
25.15152146 1    
25.15168007 -1   
