0.00000000 1    
0.22364788 -1   
0.22381373 1    
0.37508267 -1   
0.37512694 1    
0.52856555 -1   
0.52860173 1    
0.76814882 -1   
0.82046214 -1   
0.82195952 -1   
0.84692461 -1   
0.95892994 -1   
0.95907104 1    
1.18380286 1    
1.25137267 -1   
1.25593402 -1   
1.25720513 -1   
1.25870399 -1   
1.40801244 -1   
1.40831869 1    
1.59527235 -1   
1.59530004 -1   
1.59541457 1    
1.74627866 -1   
1.74658874 1    
1.78919459 1    
1.96970147 1    
2.00910757 -1   
2.20136111 -1   
2.20169708 1    
2.37942598 -1   
2.37946196 1    
2.57300559 1    
2.77391367 -1   
2.96508046 -1   
2.96741327 1    
3.30288948 -1   
3.30389668 1    
3.63559515 -1   
3.63709426 -1   
3.63747345 -1   
3.64310570 1    
3.89529981 -1   
3.89557956 1    
4.04665847 1    
4.14573744 -1   
4.15844003 1    
4.22905347 1    
4.31330836 -1   
4.47256181 1    
4.52468471 -1   
4.67580030 1    
4.71108110 -1   
4.95468899 -1   
4.95676408 1    
5.35377656 1    
5.51936518 -1   
5.52033290 1    
5.90804897 -1   
5.90928972 -1   
5.90989920 -1   
5.91374432 1    
5.97127320 1    
6.12846586 1    
6.30491524 -1   
6.36807704 1    
6.64506158 -1   
6.65339426 1    
6.68185300 -1   
6.68308356 -1   
6.68460367 -1   
6.68607504 -1   
6.68734528 -1   
6.68882177 -1   
6.69009528 -1   
6.69858830 -1   
6.70008921 -1   
6.79926500 -1   
6.80050699 -1   
6.83699339 -1   
6.83704275 1    
6.83850544 -1   
6.83975977 -1   
6.84124002 -1   
6.84273679 -1   
6.84398496 -1   
6.84548478 -1   
6.84700727 -1   
6.84825535 -1   
6.84975865 -1   
6.85070475 -1   
6.85225368 -1   
6.85374954 -1   
6.85497867 -1   
6.97082429 1    
7.00257538 -1   
7.00261369 1    
7.15415767 -1   
7.15419470 1    
7.30770141 -1   
7.30773656 1    
7.41666843 -1   
7.46310723 -1   
7.46312866 1    
7.61726310 -1   
7.61729873 1    
7.77157944 -1   
7.77187817 1    
7.80943880 -1   
7.82919563 -1   
7.85765931 -1   
7.86565411 -1   
7.92315573 -1   
7.97096759 1    
8.12012883 -1   
8.27238510 -1   
8.27268219 1    
8.45294328 -1   
8.45299601 1    
8.62582045 -1   
8.62585722 1    
8.64522927 -1   
8.64558400 1    
8.67569390 -1   
8.69620009 -1   
8.77848914 -1   
8.77852642 1    
8.93016530 -1   
9.10320082 -1   
9.10423449 1    
9.10470588 -1   
9.12673126 -1   
9.13749910 1    
9.13750837 1    
9.29088522 1    
9.41563881 -1   
9.42852836 -1   
9.43002823 -1   
9.52123030 -1   
9.52247187 -1   
9.52508778 1    
9.53465715 1    
9.58062063 -1   
9.58468790 1    
9.62015552 -1   
9.62166572 -1   
9.62316916 -1   
9.62439297 -1   
9.62729923 1    
9.62991337 -1   
9.66562651 -1   
9.66687183 -1   
9.66941373 1    
9.67639654 1    
9.73360128 -1   
9.73482879 -1   
9.73636895 -1   
9.73761061 -1   
9.73765955 1    
9.74696847 1    
9.88886563 -1   
9.88890110 1    
9.96346177 -1   
9.97219502 -1   
9.97369103 -1   
9.97521784 -1   
9.97647420 -1   
9.97796242 -1   
9.97921734 -1   
9.98195855 -1   
9.98344060 -1   
9.98495634 -1   
9.98620575 -1   
9.98770740 -1   
9.98895800 -1   
9.99393248 -1   
9.99518415 -1   
9.99667791 -1   
9.99818026 -1   
9.99942763 -1   
10.04383046 -1   
10.04386377 1    
10.05790108 -1   
10.05916252 -1   
10.06064516 -1   
10.06216317 -1   
10.06341625 -1   
10.06491274 -1   
10.06613909 -1   
10.06763845 -1   
10.07263910 -1   
10.07413405 -1   
10.07538726 -1   
10.07688325 -1   
10.07840623 -1   
10.07965353 -1   
10.08115234 -1   
10.08240057 -1   
10.08390523 -1   
10.12535936 -1   
10.12687645 -1   
10.12837921 -1   
10.12962540 -1   
10.13112856 -1   
10.13237282 -1   
10.13387476 -1   
10.13537155 -1   
10.13662225 -1   
10.13812007 -1   
10.13937271 -1   
10.14086689 -1   
10.14234877 -1   
10.14361695 -1   
10.14511890 -1   
10.14636435 -1   
10.14647726 1    
10.14786951 -1   
10.14934266 -1   
10.15061643 -1   
10.15211612 -1   
10.15336455 -1   
10.15486279 -1   
10.15636557 -1   
10.15760705 -1   
10.15911149 -1   
10.16035849 -1   
10.16185926 -1   
10.16335507 -1   
10.16458278 -1   
10.16610347 -1   
10.16735635 -1   
10.16885139 -1   
10.17035307 -1   
10.17760201 -1   
10.19909297 -1   
10.19911991 1    
10.20031507 -1   
10.21205940 -1   
10.21357240 -1   
10.21505799 -1   
10.21655218 -1   
10.21805008 -1   
10.21930416 -1   
10.22080105 -1   
10.22205422 -1   
10.22354836 -1   
10.22508964 -1   
10.22632469 -1   
10.22782346 -1   
10.22931740 -1   
10.23056923 -1   
10.23206875 -1   
10.23356744 -1   
10.23481398 -1   
10.23631638 -1   
10.23756410 -1   
10.23906550 -1   
10.24054147 -1   
10.24456876 -1   
10.27677517 -1   
10.27690983 1    
10.27976873 -1   
10.28126593 -1   
10.28276759 -1   
10.28405369 -1   
10.28630147 -1   
10.28751380 -1   
10.28903431 -1   
10.29777977 -1   
10.29930974 -1   
10.30077767 -1   
10.30227535 -1   
10.30377454 -1   
10.30500740 -1   
10.30652641 -1   
10.30800494 -1   
10.30925113 -1   
10.31075137 -1   
10.31224841 -1   
10.31349557 -1   
10.31499681 -1   
10.31649733 -1   
10.31774399 -1   
10.31924703 -1   
10.32049155 -1   
10.32201023 -1   
10.32349109 -1   
10.32552066 -1   
10.32701324 -1   
10.32826344 -1   
10.32977635 -1   
10.33126134 -1   
10.33252271 -1   
10.33425867 -1   
10.33550622 -1   
10.33700530 -1   
10.33825685 -1   
10.33943250 1    
10.33973195 -1   
10.34126012 -1   
10.34248777 -1   
10.34398207 -1   
10.35349790 -1   
10.35351402 1    
10.36524212 -1   
10.36649129 -1   
10.36799158 -1   
10.36948798 -1   
10.37100245 -1   
10.37223574 -1   
10.37375027 -1   
10.37898628 -1   
10.38049735 -1   
10.38197991 -1   
10.38323672 -1   
10.38472886 -1   
10.38623135 -1   
10.38747936 -1   
10.38897867 -1   
10.39022535 -1   
10.39172195 -1   
10.39322337 -1   
10.39447725 -1   
10.39597300 -1   
10.39722356 -1   
10.39872114 -1   
10.40020155 -1   
10.40146024 -1   
10.42993826 -1   
10.43120238 -1   
10.43419982 -1   
10.43571543 -1   
10.43719916 -1   
10.43844717 -1   
10.43856052 1    
10.44067860 -1   
10.44193756 -1   
10.45092102 -1   
10.45216788 -1   
10.45391891 -1   
10.45516623 -1   
10.45691806 -1   
10.45818823 -1   
10.45968367 -1   
10.46119721 -1   
10.46268230 -1   
10.46393507 -1   
10.46543597 -1   
10.46691075 -1   
10.46818322 -1   
10.46968106 -1   
10.47093496 -1   
10.47242929 -1   
10.47390633 -1   
10.47517929 -1   
10.47667926 -1   
10.47790305 -1   
10.47900168 1    
10.47942820 -1   
10.48092453 -1   
10.48215516 -1   
10.48366751 -1   
10.48517366 -1   
10.48639787 -1   
10.48792478 -1   
10.48797393 1    
10.48917126 -1   
10.49066141 -1   
10.49214846 -1   
10.49340013 -1   
10.49489678 -1   
10.49614166 -1   
10.49615589 1    
10.49764134 -1   
10.49914176 -1   
10.50039256 -1   
10.50713814 -1   
10.50714654 1    
10.50863812 -1   
10.51965354 -1   
10.52090350 -1   
10.52265117 -1   
10.52390091 -1   
10.52537739 -1   
10.52687973 -1   
10.53214182 -1   
10.53339327 -1   
10.53539655 -1   
10.53663294 -1   
10.53837519 1    
10.63236860 1    
10.64084267 1    
10.69183063 1    
10.80559273 -1   
10.99732408 -1   
10.99829951 1    
11.03711285 -1   
11.03835700 -1   
11.08658529 -1   
11.08807640 -1   
11.08930479 -1   
11.09657155 -1   
11.09807336 -1   
11.09931984 -1   
11.10082363 -1   
11.10232066 -1   
11.10357198 -1   
11.10506620 -1   
11.10631794 -1   
11.10781552 -1   
11.10929622 -1   
11.11054280 -1   
11.11204349 -1   
11.11353876 -1   
11.11479148 -1   
11.11629171 -1   
11.11756273 -1   
11.12128595 -1   
11.12253466 -1   
11.12407267 -1   
11.12528500 -1   
11.12678198 -1   
11.12830679 -1   
11.12955285 -1   
11.13106116 -1   
11.13255014 -1   
11.13380157 -1   
11.13390408 1    
11.13529903 -1   
11.13654844 -1   
11.13806422 -1   
11.14277724 -1   
11.14429574 -1   
11.14554185 -1   
11.14704488 -1   
11.14828553 -1   
11.14977061 -1   
11.15126844 -1   
11.15254329 -1   
11.15403934 -1   
11.15529101 -1   
11.15678808 -1   
11.15828557 -1   
11.15951452 -1   
11.15976457 -1   
11.16128760 -1   
11.16278973 -1   
11.16401066 -1   
11.16553737 -1   
11.16706180 -1   
11.16828767 -1   
11.16830535 1    
11.16978324 -1   
11.17128160 -1   
11.17253213 -1   
11.17402819 -1   
11.17528347 -1   
11.17677044 -1   
11.17828216 -1   
11.17953510 -1   
11.18102548 -1   
11.18227191 -1   
11.18377785 -1   
11.18527366 -1   
11.18652607 -1   
11.18802265 -1   
11.18952124 -1   
11.19077102 -1   
11.19227383 -1   
11.19376241 -1   
11.19500103 -1   
11.19651365 -1   
11.24524527 -1   
11.24673748 -1   
11.24973879 -1   
11.25123665 -1   
11.25248828 -1   
11.25398449 -1   
11.25548359 -1   
11.25699732 -1   
11.25848334 -1   
11.25972471 -1   
11.30920632 -1   
11.31069755 -1   
11.31217846 -1   
11.31619745 -1   
11.31770760 -1   
11.31919744 -1   
11.32044378 -1   
11.32194398 -1   
11.32344459 -1   
11.32469464 -1   
11.32616785 -1   
11.32744551 -1   
11.32894321 -1   
11.33044331 -1   
11.33169031 -1   
11.33368758 -1   
11.33519124 -1   
11.33643592 -1   
11.33793743 -1   
11.33946824 -1   
11.34118050 -1   
11.34243437 -1   
11.34393640 -1   
11.34518448 -1   
11.34668131 -1   
11.34781957 1    
11.34815164 -1   
11.34943304 -1   
11.35090451 -1   
11.35217781 -1   
11.35367871 -1   
11.35517882 -1   
11.35642383 -1   
11.35792441 -1   
11.35915304 -1   
11.36065010 -1   
11.36214517 -1   
11.36339853 -1   
11.36489686 -1   
11.36614685 -1   
11.36615800 1    
11.36764288 -1   
11.36914457 -1   
11.37039338 -1   
11.37189359 -1   
11.37316521 -1   
11.37466569 -1   
11.37616660 -1   
11.37741833 -1   
11.37891537 -1   
11.38291189 -1   
11.38441253 -1   
11.38591369 -1   
11.38715904 -1   
11.38866200 -1   
11.39015920 -1   
11.39414792 -1   
11.39539812 -1   
11.39812692 -1   
11.39963024 -1   
11.40115089 -1   
11.40239923 -1   
11.40539923 -1   
11.40689376 -1   
11.40839122 -1   
11.40966037 -1   
11.41114387 -1   
11.41262162 -1   
11.41963555 -1   
11.42088794 -1   
11.42238628 -1   
11.42363657 -1   
11.46259752 -1   
11.46459163 -1   
11.46584033 -1   
11.46936207 -1   
11.47086099 -1   
11.47383718 -1   
11.47493796 1    
11.47508463 -1   
11.47785528 -1   
11.47961981 -1   
11.48659779 -1   
11.48810134 -1   
11.48934606 -1   
11.49084849 -1   
11.49236038 -1   
11.49382410 -1   
11.49509418 -1   
11.49684407 -1   
11.49859006 -1   
11.50009243 -1   
11.50017141 1    
11.50383947 -1   
11.50535639 -1   
11.50683845 -1   
11.50833668 -1   
11.51108768 -1   
11.51632988 -1   
11.51783413 -1   
11.51787876 1    
11.51932970 -1   
11.52057891 -1   
11.52209634 -1   
11.52211089 1    
11.54532202 -1   
11.55056511 -1   
11.55207599 -1   
11.55328756 -1   
11.55481053 -1   
11.55607875 -1   
11.55755556 -1   
11.55907372 -1   
11.56055638 -1   
11.56123465 -1   
11.57677841 -1   
11.61579235 -1   
11.61776872 -1   
11.61927366 -1   
11.62052323 -1   
11.62199940 -1   
11.62351911 -1   
11.62477131 -1   
11.62627044 -1   
11.62776883 -1   
11.62899836 -1   
11.63051389 -1   
11.63176714 -1   
11.63326222 -1   
11.63476176 -1   
11.63626208 -1   
11.63751537 -1   
11.63901041 -1   
11.64053290 -1   
11.64200727 -1   
11.64207455 1    
11.64326216 -1   
11.64475741 -1   
11.64625788 -1   
11.64750692 -1   
11.64898569 -1   
11.65025469 -1   
11.65175324 -1   
11.65325287 -1   
11.65450424 -1   
11.65625278 -1   
11.65750240 -1   
11.65899966 -1   
11.66025150 -1   
11.66174633 -1   
11.66324775 -1   
11.67124287 -1   
11.67274332 -1   
11.67423331 -1   
11.68074077 -1   
11.68076185 1    
11.68196757 -1   
11.68348072 -1   
11.69298034 -1   
11.70372516 -1   
11.70522593 -1   
11.70647081 -1   
11.70797383 -1   
11.70946843 -1   
11.71069858 -1   
11.71221308 -1   
11.71371151 -1   
11.71546797 -1   
11.71671109 -1   
11.76894091 -1   
11.76956927 -1   
11.80217549 -1   
11.80341625 -1   
11.80491524 -1   
11.80641336 -1   
11.80770069 -1   
11.80939097 -1   
11.81067889 -1   
11.81665413 -1   
11.81788981 -1   
11.81940904 -1   
11.82090867 -1   
11.82215463 -1   
11.82365677 -1   
11.82515564 -1   
11.82640788 -1   
11.82790565 -1   
11.82915895 -1   
11.83065565 -1   
11.83215422 -1   
11.83225828 1    
11.83342033 -1   
11.83514990 -1   
11.83516447 1    
11.83665290 -1   
11.83814750 -1   
11.83940245 -1   
11.84087273 -1   
11.84214962 -1   
11.84364424 -1   
11.84514477 -1   
11.84764353 -1   
11.84913980 -1   
11.85039116 -1   
11.85188976 -1   
11.85313905 -1   
11.85462044 -1   
11.85613954 -1   
11.85763720 -1   
11.85888673 -1   
11.86038924 -1   
11.86188447 -1   
11.86313555 -1   
11.86463401 -1   
11.86588628 -1   
11.86763204 -1   
11.86913618 -1   
11.87038038 -1   
11.87188281 -1   
11.87337985 -1   
11.87462942 -1   
11.87612979 -1   
11.87737926 -1   
11.87887484 -1   
11.88040629 -1   
11.90886252 -1   
11.92285219 -1   
11.92409628 -1   
11.92419955 1    
11.95683215 -1   
11.95832759 -1   
11.95957713 -1   
11.96105458 -1   
11.96255644 -1   
11.96381833 -1   
11.96532261 -1   
11.96980371 -1   
11.97130153 -1   
11.97257269 -1   
11.97408512 -1   
11.97556843 -1   
11.97709642 -1   
11.97856485 -1   
11.98007266 -1   
11.98132995 -1   
11.98281216 -1   
11.98429030 -1   
11.98555836 -1   
11.98829480 -1   
11.98832658 -1   
11.98833270 1    
12.11566293 1    
12.11567192 1    
12.11568477 1    
12.11595234 1    
12.14363444 -1   
12.14365606 1    
12.42917710 -1   
12.46029318 -1   
12.46154333 -1   
12.46304077 -1   
12.46454462 -1   
12.46580336 -1   
12.47053529 -1   
12.47205317 -1   
12.47329078 -1   
12.47476218 -1   
12.47626481 -1   
12.47753056 -1   
12.47904004 -1   
12.48027939 -1   
12.48177816 -1   
12.48327738 -1   
12.48337889 1    
12.48477798 -1   
12.48600414 -1   
12.48752772 -1   
12.48900166 -1   
12.49027329 -1   
12.49177299 -1   
12.49300311 -1   
12.49452110 -1   
12.49602452 -1   
12.49726689 -1   
12.49877023 -1   
12.50026829 -1   
12.50151737 -1   
12.50301711 -1   
12.50426872 -1   
12.50576598 -1   
12.50726662 -1   
12.50851403 -1   
12.50999377 -1   
12.51126404 -1   
12.51276048 -1   
12.51426052 -1   
12.51551448 -1   
12.51698593 -1   
12.51848847 -1   
12.51973795 -1   
12.52125453 -1   
12.52273258 -1   
12.52423429 -1   
12.52549656 -1   
12.52699952 -1   
12.52824459 -1   
12.52974997 -1   
12.53124462 -1   
12.53249865 -1   
12.53399380 -1   
12.53409869 1    
12.53524673 -1   
12.53674110 -1   
12.53824174 -1   
12.53948986 -1   
12.54097186 -1   
12.54224395 -1   
12.54374179 -1   
12.61345659 -1   
12.61496887 -1   
12.61645457 -1   
12.61769876 -1   
12.61920524 -1   
12.62070339 -1   
12.62520360 -1   
12.62644210 -1   
12.62842544 -1   
12.62992325 -1   
12.63117525 -1   
12.63268363 -1   
12.63417039 -1   
12.63568435 -1   
12.63719341 -1   
12.63844273 -1   
12.63849157 1    
12.63993638 -1   
12.64143687 -1   
12.64593848 -1   
12.64718449 -1   
12.64868137 -1   
12.64990938 -1   
12.65143452 -1   
12.65568052 -1   
12.65717983 -1   
12.66565435 -1   
12.66717004 -1   
12.66866948 -1   
12.67016183 -1   
12.67139684 -1   
12.67289907 -1   
12.67816394 -1   
12.67967096 -1   
12.68091452 -1   
12.68239095 -1   
12.68388986 -1   
12.68516768 -1   
12.68663947 -1   
12.68793117 -1   
12.68941146 -1   
12.69088975 -1   
12.69216008 -1   
12.69363510 -1   
12.69513480 -1   
12.69638574 -1   
12.69788179 -1   
12.69913631 -1   
12.70063102 -1   
12.70074462 1    
12.70217327 -1   
12.70363415 -1   
12.70513002 -1   
12.71040070 -1   
12.71191150 -1   
12.71314476 -1   
12.71464716 -1   
12.71614353 -1   
12.71739540 -1   
12.71889213 -1   
12.72012055 -1   
12.72162031 -1   
12.76591955 -1   
12.76811782 -1   
12.76961123 -1   
12.77111365 -1   
12.77237962 -1   
12.77433910 -1   
12.77584687 -1   
12.77960863 -1   
12.78110994 -1   
12.78283377 -1   
12.78435666 -1   
12.78585950 -1   
12.78735661 -1   
12.78859723 -1   
12.79009966 -1   
12.79183022 -1   
12.79188842 1    
12.79333012 -1   
12.79457805 -1   
12.79609510 -1   
12.79611076 1    
12.79757962 -1   
12.80010302 -1   
12.80157825 -1   
12.80315939 -1   
12.80433649 -1   
12.80882092 -1   
12.81007179 -1   
12.81883471 -1   
12.82034054 -1   
12.82208487 -1   
12.82356703 -1   
12.82506117 -1   
12.82631038 -1   
12.83131001 -1   
12.83255758 -1   
12.83407575 -1   
12.83558005 -1   
12.83682660 -1   
12.83832753 -1   
12.83982303 -1   
12.84107698 -1   
12.84256580 -1   
12.84407345 -1   
12.84531880 -1   
12.84679992 -1   
12.84831863 -1   
12.84957028 -1   
12.85106737 -1   
12.85231127 -1   
12.85343752 1    
12.85379570 -1   
12.85531219 -1   
12.85656010 -1   
12.85805904 -1   
12.85929330 -1   
12.86356249 -1   
12.86480776 -1   
12.86631017 -1   
12.86778877 -1   
12.86904917 -1   
12.87054720 -1   
12.87205586 -1   
12.87331390 -1   
12.87478263 -1   
12.87605202 -1   
12.92100996 -1   
12.92252452 -1   
12.92401134 -1   
12.92553056 -1   
12.92751738 -1   
12.92876661 -1   
12.93275480 -1   
12.93426897 -1   
12.93601971 -1   
12.93726715 -1   
12.93902013 -1   
12.94026473 -1   
12.94176265 -1   
12.94324583 -1   
12.94499336 -1   
12.94625616 -1   
12.94776096 -1   
12.94925888 -1   
12.95051170 -1   
12.95052632 1    
12.95201184 -1   
12.95350718 -1   
12.95475899 -1   
12.95625833 -1   
12.95775580 -1   
12.96200285 -1   
12.96325743 -1   
12.97199772 -1   
12.97324912 -1   
12.97524575 -1   
12.97672605 -1   
12.97697619 -1   
12.97704951 1    
12.98497472 -1   
12.98621855 -1   
13.00096366 -1   
13.00223339 -1   
13.00373426 -1   
13.01072677 -1   
13.01197508 -1   
13.01347262 -1   
13.01497658 -1   
13.01620238 -1   
13.01772471 -1   
13.01921418 -1   
13.02072608 -1   
13.02222032 -1   
13.02347131 -1   
13.02494726 -1   
13.02646362 -1   
13.02771881 -1   
13.02922085 -1   
13.02932803 1    
13.03047020 -1   
13.03196735 -1   
13.03346463 -1   
13.03471389 -1   
13.03621669 -1   
13.03771256 -1   
13.03896334 -1   
13.04046018 -1   
13.04171327 -1   
13.04320840 -1   
13.04470567 -1   
13.04595528 -1   
13.04745797 -1   
13.06919307 -1   
13.07069373 -1   
13.07566778 -1   
13.08743766 -1   
13.08867964 -1   
13.09017979 -1   
13.09717769 -1   
13.09867884 -1   
13.10017370 -1   
13.11717108 -1   
13.11719453 1    
13.11841166 -1   
13.12716035 -1   
13.12797378 -1   
13.13713121 -1   
13.13838251 -1   
13.13987931 -1   
13.14140271 -1   
13.14264899 -1   
13.15637835 -1   
13.15786891 -1   
13.15912125 -1   
13.16663598 -1   
13.20861642 -1   
13.20984043 -1   
13.21134324 -1   
13.21283740 -1   
13.21408655 -1   
13.21559593 -1   
13.21684191 -1   
13.21833366 -1   
13.21983696 -1   
13.22108189 -1   
13.22258343 -1   
13.22408195 -1   
13.22533354 -1   
13.22685162 -1   
13.22810567 -1   
13.22959999 -1   
13.23110177 -1   
13.23234765 -1   
13.23384867 -1   
13.23509863 -1   
13.23660053 -1   
13.23669090 1    
13.23809880 -1   
13.23934602 -1   
13.24084231 -1   
13.24232190 -1   
13.24359516 -1   
13.24509017 -1   
13.24634279 -1   
13.24784045 -1   
13.24934144 -1   
13.25058851 -1   
13.25206619 -1   
13.25333697 -1   
13.25484014 -1   
13.25633404 -1   
13.25758301 -1   
13.25908389 -1   
13.26031331 -1   
13.26180955 -1   
13.26331068 -1   
13.26455808 -1   
13.28951031 -1   
13.28954071 1    
13.32034587 1    
13.35851397 -1   
13.36000783 -1   
13.36125517 -1   
13.36275442 -1   
13.36425443 -1   
13.36550155 -1   
13.36700142 -1   
13.41674584 -1   
13.41688825 1    
13.41824568 -1   
13.41949074 -1   
13.42521759 -1   
13.42646604 -1   
13.42796851 -1   
13.42946356 -1   
13.43071450 -1   
13.43221254 -1   
13.44342968 -1   
13.44344542 1    
13.48921237 -1   
13.59575046 -1   
13.74691078 -1   
13.78754028 -1   
13.89942913 -1   
13.91990523 1    
14.25635971 -1   
14.31572886 -1   
14.46617294 -1   
17.21916375 -1   
21.32643772 1    
21.33558478 1    
21.33591011 1    
21.47888624 1    
21.67386683 -1   
21.95895897 -1   
27.63422599 -1   
