0.00000000 -1   
0.37522539 1    
0.37551028 -1   
0.85247838 1    
0.85447358 -1   
1.22026158 1    
1.22124492 -1   
1.61194573 1    
1.61343559 1    
1.61366420 1    
1.61930073 -1   
1.78252266 -1   
1.94234391 1    
1.94263161 -1   
2.09499020 1    
2.09527122 -1   
2.24765262 1    
2.24796994 -1   
2.46479685 1    
2.65675509 1    
2.66018920 -1   
2.81155110 -1   
3.03821800 1    
3.03849348 -1   
3.19111253 1    
3.38225985 1    
3.38466377 -1   
3.74007219 1    
3.74107115 -1   
4.12498812 1    
4.12647612 1    
4.12685440 1    
4.13075133 -1   
4.28196275 -1   
4.50261404 1    
4.50287792 -1   
4.65554330 1    
4.77886148 1    
4.78909958 1    
4.79034504 1    
4.79711733 1    
4.79836494 1    
4.79984251 1    
4.82303922 -1   
4.84510415 1    
4.86056181 1    
4.86205958 1    
4.90005804 1    
4.90130605 1    
4.93204362 1    
4.93326505 1    
4.94225880 1    
4.94375841 1    
4.94503089 1    
4.94650700 1    
4.95002482 1    
4.95150162 1    
4.95275175 1    
4.95427384 1    
4.95577094 1    
4.95702364 1    
5.01372002 1    
5.01374281 -1   
5.01523982 1    
5.01648673 1    
5.01798646 1    
5.05257486 1    
5.20371176 1    
5.20374651 -1   
5.39682132 -1   
5.41885902 1    
5.49272218 1    
5.58566467 1    
5.61387989 1    
5.62412200 1    
5.62530040 1    
5.77663686 1    
5.77679275 -1   
5.94604110 1    
5.94607281 -1   
5.96619593 1    
5.97691494 1    
6.00143100 1    
6.09844400 1    
6.24986592 1    
6.25014961 -1   
6.40102378 1    
6.40135739 -1   
6.44468013 -1   
6.55595922 1    
6.59562002 -1   
6.79277474 -1   
6.79531724 1    
6.81797634 1    
6.81920343 1    
6.94393082 -1   
6.96975993 1    
6.98057813 -1   
6.98058576 -1   
7.13430274 -1   
7.16058512 1    
7.28894602 1    
7.29018325 1    
7.33292962 -1   
7.35150812 1    
7.36503752 -1   
7.48762265 -1   
7.50781063 1    
7.50930857 1    
7.50968333 1    
7.51778632 1    
7.51928265 1    
7.52337960 -1   
7.52829424 1    
7.52954745 1    
7.53112392 1    
7.53337038 -1   
7.62697628 1    
7.62823976 1    
7.63698856 1    
7.63848339 1    
7.63974991 1    
7.63979106 -1   
7.65008321 -1   
7.66956983 1    
7.66959039 -1   
7.68284548 -1   
7.82173349 1    
7.82175243 -1   
7.88859438 1    
7.89009112 1    
7.91783293 1    
7.91932344 1    
7.92057558 1    
7.92207504 1    
7.92357373 1    
7.92482097 1    
7.92629883 1    
7.92754709 1    
7.92907214 1    
7.93379535 1    
7.93531994 1    
7.93656757 1    
7.93806820 1    
7.95430684 1    
7.97499337 1    
7.97502692 -1   
8.01752158 1    
8.01901719 1    
8.03975505 1    
8.04125469 1    
8.04249902 1    
8.05125114 1    
8.05249853 1    
8.05399836 1    
8.05549837 1    
8.05699603 1    
8.05824598 1    
8.05974221 1    
8.06099988 1    
8.06249178 1    
8.06399042 1    
8.06524170 1    
8.06672065 1    
8.06799407 1    
8.06949125 1    
8.07111223 1    
8.07223755 1    
8.07373644 1    
8.07498932 1    
8.07646426 1    
8.07796346 1    
8.07920904 1    
8.08071255 1    
8.08195817 1    
8.08348147 1    
8.08497989 1    
8.08622724 1    
8.08772750 1    
8.08922910 1    
8.09047645 1    
8.09195561 1    
8.09322453 1    
8.09472856 1    
8.09482831 -1   
8.09622258 1    
8.09747427 1    
8.09895402 1    
8.10022152 1    
8.10172530 1    
8.10322125 1    
8.10447095 1    
8.10596852 1    
8.10721678 1    
8.10871564 1    
8.11020044 1    
8.11144378 1    
8.11294452 1    
8.11443917 1    
8.11569090 1    
8.11721040 1    
8.11846097 1    
8.13143277 1    
8.13145028 -1   
8.13269570 1    
8.17191329 1    
8.17342602 1    
8.17467749 1    
8.17618051 1    
8.19442112 1    
8.19566650 1    
8.19716410 1    
8.19841619 1    
8.20491216 1    
8.20616271 1    
8.20765870 1    
8.20888988 1    
8.21038609 1    
8.21188417 1    
8.21313472 1    
8.21463476 1    
8.21588401 1    
8.21738573 1    
8.21887973 1    
8.22013216 1    
8.22162833 1    
8.22287703 1    
8.22437513 1    
8.22587878 1    
8.22712496 1    
8.22862529 1    
8.23012383 1    
8.23137390 1    
8.23287166 1    
8.23412119 1    
8.23562290 1    
8.23712221 1    
8.23836781 1    
8.23987155 1    
8.23995968 -1   
8.24113656 1    
8.24263357 1    
8.24411675 1    
8.24536595 1    
8.24686532 1    
8.24811444 1    
8.24961844 1    
8.25111264 1    
8.25236261 1    
8.25386161 1    
8.25535789 1    
8.25660690 1    
8.25810900 1    
8.25935583 1    
8.26085839 1    
8.26235381 1    
8.26360562 1    
8.26510345 1    
8.26635105 1    
8.26785123 1    
8.26935368 1    
8.27060147 1    
8.27210187 1    
8.27359874 1    
8.27484964 1    
8.27634889 1    
8.27784783 1    
8.27909645 1    
8.28059960 1    
8.28209484 1    
8.28334675 1    
8.28484243 1    
8.28609516 1    
8.28759040 1    
8.28909091 1    
8.29033971 1    
8.29034885 -1   
8.29184159 1    
8.32509877 1    
8.32634510 1    
8.32781889 1    
8.32932138 1    
8.33581791 1    
8.34756383 1    
8.34907980 1    
8.35033308 1    
8.35180424 1    
8.35808178 1    
8.35955187 1    
8.35971723 -1   
8.36107127 1    
8.36232159 1    
8.36382143 1    
8.36529850 1    
8.36707121 1    
8.36831715 1    
8.36957381 -1   
8.36979851 1    
8.37106720 1    
8.37256719 1    
8.37406401 1    
8.37881347 1    
8.38006335 1    
8.38156278 1    
8.38305842 1    
8.38431126 1    
8.38580723 1    
8.38730483 1    
8.38855501 1    
8.39003640 1    
8.39130620 1    
8.39278599 1    
8.39430405 1    
8.39555579 1    
8.39705131 1    
8.39829921 1    
8.39950434 -1   
8.39977811 1    
8.40130136 1    
8.40254984 1    
8.40404613 1    
8.40554814 1    
8.40679857 1    
8.40829995 1    
8.40954717 1    
8.41104506 1    
8.41254148 1    
8.41379297 1    
8.41528969 1    
8.41653818 1    
8.41803834 1    
8.41954018 1    
8.42079060 1    
8.42228936 1    
8.42278658 -1   
8.42376738 1    
8.42503534 1    
8.42651213 1    
8.42776188 1    
8.42928634 1    
8.43078159 1    
8.43201167 1    
8.43352819 1    
8.43478189 1    
8.43627885 1    
8.43777661 1    
8.43902666 1    
8.44052722 1    
8.44177534 1    
8.44327177 1    
8.44335755 -1   
8.44477717 1    
8.44602206 1    
8.44752092 1    
8.44902056 1    
8.45027141 1    
8.45028571 -1   
8.45149094 1    
8.45352807 -1   
8.52326400 -1   
8.55273663 -1   
8.60120894 -1   
8.88260653 1    
8.88361590 -1   
8.97845571 1    
8.97994520 1    
9.02644801 1    
9.02766917 1    
9.02919546 1    
9.03541706 1    
9.03691605 1    
9.03818418 1    
9.03968730 1    
9.04091213 1    
9.04243147 1    
9.04390944 1    
9.04518274 1    
9.04665756 1    
9.04818534 1    
9.04942733 1    
9.05090738 1    
9.05217733 1    
9.05367705 1    
9.05434695 1    
9.05436040 -1   
9.05592631 1    
9.05742739 1    
9.05892582 1    
9.06014786 1    
9.06166920 1    
9.06316913 1    
9.06441250 1    
9.06589616 1    
9.06714907 1    
9.06864534 1    
9.07016879 1    
9.07141263 1    
9.07289531 1    
9.07416355 1    
9.07566053 1    
9.07714065 1    
9.07839187 1    
9.07988764 1    
9.08114022 1    
9.08263571 1    
9.13312598 1    
9.13460560 1    
9.13585474 1    
9.13735636 1    
9.18083774 1    
9.18235548 1    
9.18360105 1    
9.18371522 -1   
9.18510287 1    
9.18859673 1    
9.18984781 1    
9.19134431 1    
9.19282751 1    
9.19409514 1    
9.19559694 1    
9.19684376 1    
9.19834456 1    
9.19982024 1    
9.20109008 1    
9.20259043 1    
9.20384075 1    
9.20533826 1    
9.20681686 1    
9.20808534 1    
9.20958877 1    
9.21081218 1    
9.21233174 1    
9.21383531 1    
9.21508476 1    
9.21658445 1    
9.21808217 1    
9.21932962 1    
9.22083301 1    
9.22207723 1    
9.22357628 1    
9.22507678 1    
9.22632435 1    
9.22780258 1    
9.22781533 -1   
9.22905509 1    
9.23055015 1    
9.23205183 1    
9.23331688 1    
9.23482238 1    
9.23606955 1    
9.23756864 1    
9.23906786 1    
9.24031977 1    
9.24181737 1    
9.24304679 1    
9.24456593 1    
9.24606370 1    
9.24731984 1    
9.24879519 1    
9.25004151 1    
9.25156408 1    
9.25306388 1    
9.25431206 1    
9.25580901 1    
9.25705716 1    
9.25855598 1    
9.26004049 1    
9.26130877 1    
9.26138013 -1   
9.26280778 1    
9.26430428 1    
9.26555468 1    
9.26703480 1    
9.26830376 1    
9.26980191 1    
9.27130279 1    
9.28779228 1    
9.28904262 1    
9.29053752 1    
9.29203911 1    
9.29326785 1    
9.33550459 1    
9.33699325 1    
9.33976588 1    
9.34126040 1    
9.34249120 1    
9.34400789 1    
9.34550882 1    
9.34675975 1    
9.34825947 1    
9.34950579 1    
9.35100811 1    
9.35250528 1    
9.35375516 1    
9.35525330 1    
9.35535073 -1   
9.35650464 1    
9.35800235 1    
9.35950379 1    
9.36072785 1    
9.36222923 1    
9.36372808 1    
9.36497516 1    
9.36647492 1    
9.36772501 1    
9.36922287 1    
9.37072186 1    
9.37196894 1    
9.37347152 1    
9.37471783 1    
9.37621628 1    
9.37771731 1    
9.37899143 1    
9.38048728 1    
9.38199106 1    
9.38323671 1    
9.38473800 1    
9.38623375 1    
9.38624879 -1   
9.38748533 1    
9.38898179 1    
9.39048459 1    
9.39173130 1    
9.39321381 1    
9.39445947 1    
9.39596046 1    
9.39745720 1    
9.39870425 1    
9.40020516 1    
9.40145618 1    
9.40295164 1    
9.40445391 1    
9.40570183 1    
9.40720208 1    
9.40869863 1    
9.40994692 1    
9.41144602 1    
9.41269900 1    
9.41419566 1    
9.41569585 1    
9.41694383 1    
9.41844608 1    
9.41853171 -1   
9.41969214 1    
9.42146643 1    
9.42271501 1    
9.42421112 1    
9.42546487 1    
9.42693829 1    
9.42846236 1    
9.42971365 1    
9.43120806 1    
9.43270783 1    
9.44095763 1    
9.44220109 1    
9.44368255 1    
9.44517912 1    
9.44670444 1    
9.44792783 1    
9.49015727 1    
9.49140115 1    
9.49415298 1    
9.49454830 1    
9.49463536 -1   
9.53818610 -1   
9.54139870 1    
9.54264436 1    
9.55137299 1    
9.55289164 1    
9.55414132 1    
9.55563809 1    
9.55686810 1    
9.55838643 1    
9.55988368 1    
9.56113408 1    
9.56263575 1    
9.56413200 1    
9.56538553 1    
9.56686057 1    
9.56811175 1    
9.56963075 1    
9.57112698 1    
9.64753340 1    
9.66356021 1    
9.66480411 1    
9.66631986 1    
9.66780163 1    
9.66907303 1    
9.67057050 1    
9.67182318 1    
9.67332099 1    
9.67482100 1    
9.67606870 1    
9.67755027 1    
9.67879375 1    
9.68029206 1    
9.68181459 1    
9.68304510 1    
9.68454113 1    
9.68579297 1    
9.68728817 1    
9.68879234 1    
9.69003760 1    
9.69010521 -1   
9.69153894 1    
9.69303600 1    
9.69428771 1    
9.69578488 1    
9.69703695 1    
9.69855428 1    
9.70005386 1    
9.70130371 1    
9.70280471 1    
9.70405189 1    
9.70555381 1    
9.70704927 1    
9.70830106 1    
9.70977796 1    
9.71104716 1    
9.71254666 1    
9.71404834 1    
9.71527454 1    
9.71677646 1    
9.71804430 1    
9.71954764 1    
9.72104623 1    
9.72229506 1    
9.72379282 1    
9.72504675 1    
9.72653924 1    
9.72804051 1    
9.72929063 1    
9.73079146 1    
9.73201479 1    
9.73354064 1    
9.73503668 1    
9.73505075 -1   
9.73653523 1    
9.73778173 1    
9.73928369 1    
9.74078561 1    
9.74203276 1    
9.74352506 1    
9.74502668 1    
9.74628109 1    
9.74778161 1    
9.74900667 1    
9.75050679 1    
9.75200512 1    
9.75327664 1    
9.75475265 1    
9.75602067 1    
9.76201725 1    
9.76352153 1    
9.77301334 1    
9.77451469 1    
9.78800791 1    
9.78925762 1    
9.79075287 1    
9.79775253 1    
9.80072780 1    
9.81799037 1    
9.81923572 1    
9.82123946 1    
9.82273691 1    
9.82398584 1    
9.82546396 1    
9.82547945 1    
9.83598700 1    
9.83723170 1    
9.83872535 1    
9.84000094 1    
9.84148145 1    
9.84297569 1    
9.84422258 1    
9.84572446 1    
9.84695589 1    
9.84847211 1    
9.84996992 1    
9.85122195 1    
9.85272073 1    
9.85394718 1    
9.85546593 1    
9.85697099 1    
9.85821644 1    
9.85971993 1    
9.86121286 1    
9.86246550 1    
9.86396284 1    
9.86521651 1    
9.86670966 1    
9.87396065 1    
9.87520714 1    
9.88571427 1    
9.88692507 1    
9.89668336 -1   
9.91091772 1    
9.91096438 -1   
9.94115570 1    
10.00112075 1    
10.01058930 -1   
10.02064362 -1   
10.02065814 -1   
10.02092334 -1   
10.03768504 1    
10.10463416 -1   
10.43414384 1    
10.43563127 1    
10.43658899 1    
10.43813605 1    
10.43963390 1    
10.44086503 1    
10.44238260 1    
10.44361102 1    
10.44512974 1    
10.44663174 1    
10.44788075 1    
10.44936031 1    
10.45085412 1    
10.45212719 1    
10.45362848 1    
10.45487755 1    
10.45637344 1    
10.45787147 1    
10.45797823 -1   
10.45912188 1    
10.46059797 1    
10.46184921 1    
10.46336690 1    
10.46486687 1    
10.46611645 1    
10.46761196 1    
10.46886617 1    
10.47036755 1    
10.58730505 1    
10.58879678 1    
10.59104756 1    
10.59229434 1    
10.59379243 1    
10.59529090 1    
10.59654389 1    
10.59804084 1    
10.59926989 1    
10.60076818 1    
10.60229043 1    
10.60353621 1    
10.60503746 1    
10.60628547 1    
10.60778784 1    
10.60926431 1    
10.61053280 1    
10.61203198 1    
10.61353481 1    
10.61478069 1    
10.61625925 1    
10.61753165 1    
10.61903180 1    
10.62052634 1    
10.62177871 1    
10.62187865 -1   
10.62327792 1    
10.62452473 1    
10.62602271 1    
10.62751874 1    
10.62877585 1    
10.63027052 1    
10.63177302 1    
10.63302104 1    
10.63451661 1    
10.63600385 1    
10.63726953 1    
10.63728738 -1   
10.63876225 1    
10.64001711 1    
10.64151876 1    
10.64301589 1    
10.64426666 1    
10.64574288 1    
10.64699052 1    
10.64850543 1    
10.65001367 1    
10.65126060 1    
10.65276136 1    
10.65400754 1    
10.65551037 1    
10.65698627 1    
10.65825586 1    
10.65976153 1    
10.66275694 1    
10.66425155 1    
10.74194706 1    
10.74320886 1    
10.74546050 1    
10.74696920 1    
10.74870309 1    
10.74993040 1    
10.75145522 1    
10.75293152 1    
10.75418336 1    
10.75568092 1    
10.75718185 1    
10.75843441 1    
10.75992635 1    
10.76108557 -1   
10.76117685 1    
10.76267954 1    
10.76417784 1    
10.76542424 1    
10.76692411 1    
10.76842074 1    
10.76966978 1    
10.77116863 1    
10.77242241 1    
10.77391869 1    
10.77544122 1    
10.77668402 1    
10.77818975 1    
10.77941441 1    
10.78091376 1    
10.78241372 1    
10.78366518 1    
10.78516235 1    
10.78668069 1    
10.78790984 1    
10.78943371 1    
10.79068040 1    
10.79217371 1    
10.79367334 1    
10.79491133 1    
10.79640477 1    
10.79767336 1    
10.79915198 1    
10.79916576 -1   
10.80067111 1    
10.80190275 1    
10.80341675 1    
10.80492433 1    
10.80617421 1    
10.80766573 1    
10.80890096 1    
10.81041900 1    
10.81192041 1    
10.81316791 1    
10.81464679 1    
10.81589240 1    
10.81739684 1    
10.81891302 1    
10.82014550 1    
10.82164084 1    
10.82289093 1    
10.82441027 1    
10.82588828 1    
10.82596889 -1   
10.89612916 1    
10.89762063 1    
10.90062148 1    
10.90184540 1    
10.90336795 1    
10.90486562 1    
10.90611496 1    
10.90761269 1    
10.90886848 1    
10.91036368 1    
10.91186187 1    
10.91310935 1    
10.91709072 1    
10.91860717 1    
10.91983377 1    
10.92135606 1    
10.92285673 1    
10.92410724 1    
10.92559940 1    
10.92710079 1    
10.92835363 1    
10.92983009 1    
10.93132679 1    
10.93257498 1    
10.93408021 1    
10.93557783 1    
10.93682966 1    
10.93832461 1    
10.93957665 1    
10.94107424 1    
10.94257265 1    
10.94382196 1    
10.94532713 1    
10.94657072 1    
10.94807319 1    
10.94815507 -1   
10.94957088 1    
10.95081849 1    
10.95231611 1    
10.95383684 1    
10.95509259 1    
10.95809046 1    
10.95958800 1    
10.96081096 1    
10.96082635 -1   
10.96233465 1    
10.96383357 1    
10.96508649 1    
10.96658021 1    
10.96781100 1    
10.96930806 1    
10.97080638 1    
10.97205531 1    
10.97357297 1    
10.97380739 1    
10.97532116 1    
10.97680318 1    
10.98057780 1    
10.98205146 1    
10.98332367 1    
10.98954421 1    
10.99079602 1    
11.01980839 1    
11.02130309 1    
11.02254965 1    
11.03354447 1    
11.05076415 1    
11.05228376 1    
11.05550809 1    
11.05675942 1    
11.05825517 1    
11.05950766 1    
11.10000802 1    
11.10011920 -1   
11.10150859 1    
11.10275474 1    
11.10425501 1    
11.10574943 1    
11.10700660 1    
11.10850031 1    
11.10972867 1    
11.11122378 1    
11.11275087 1    
11.11399572 1    
11.11550965 1    
11.11699498 1    
11.11824241 1    
11.11974338 1    
11.12099410 1    
11.12478607 1    
11.12480256 -1   
11.12874065 1    
11.13023515 1    
11.15398019 1    
11.15522195 1    
11.15672158 1    
11.15794874 1    
11.15947135 1    
11.20344688 1    
11.20357698 -1   
11.20492591 1    
11.20619392 1    
11.20769624 1    
11.20892011 1    
11.21044157 1    
11.21194267 1    
11.21319077 1    
11.21468747 1    
11.21619782 1    
11.21743596 1    
11.21893755 1    
11.22018318 1    
11.22168896 1    
11.22318296 1    
11.22443382 1    
11.22591088 1    
11.22718594 1    
11.22865764 1    
11.23017114 1    
11.23142688 1    
11.23290845 1    
11.23442119 1    
11.23567761 1    
11.23717807 1    
11.23842886 1    
11.23992590 1    
11.24142642 1    
11.24267374 1    
11.24416972 1    
11.24541393 1    
11.24692193 1    
11.24841894 1    
11.24966795 1    
11.25116715 1    
11.25266673 1    
11.25389349 1    
11.25542135 1    
11.25666158 1    
11.25773097 -1   
11.25816490 1    
11.25966814 1    
11.26090610 1    
11.26241118 1    
11.26391086 1    
11.26515824 1    
11.26665505 1    
11.26788402 1    
11.26938365 1    
11.27088224 1    
11.27213349 1    
11.27363182 1    
11.27488215 1    
11.27639625 1    
11.27790469 1    
11.27915127 1    
11.28064787 1    
11.28187640 1    
11.28339432 1    
11.28489231 1    
11.28492182 -1   
11.28614829 1    
11.28764565 1    
11.28914849 1    
11.30836832 1    
11.30961072 1    
11.31113358 1    
11.31238404 1    
11.31387132 1    
11.35459539 1    
11.35958363 1    
11.37435196 1    
11.37558837 1    
11.43683949 -1   
11.46485719 1    
11.64074568 -1   
11.65603905 1    
11.75888399 1    
11.76035298 1    
11.76162805 1    
11.76310311 1    
11.76462513 1    
11.76585108 1    
11.76737281 1    
11.76861546 1    
11.77086849 1    
11.77096539 -1   
11.77212088 1    
11.80260767 1    
11.80263821 -1   
11.80383069 1    
11.80535263 1    
11.80685066 1    
11.80809816 1    
11.80902662 1    
11.82459159 1    
11.84358080 1    
11.84480695 1    
11.89230450 1    
11.97556540 1    
12.12784054 1    
12.14607672 -1   
12.52753724 1    
12.63437866 1    
12.71710854 1    
15.40333624 -1   
19.34694696 -1   
19.35612182 -1   
19.35641301 -1   
19.49825541 -1   
19.72941702 1    
20.11144627 1    
24.70832626 1    
26.79959579 1    
26.79973654 -1   
