0.00000000 1    
0.24006290 -1   
0.24020884 1    
0.39275430 -1   
0.39279004 1    
0.42313731 -1   
0.54716213 -1   
0.54719815 1    
0.54772578 1    
0.69955312 -1   
0.69959066 1    
0.84993299 1    
0.91817828 -1   
0.99778630 -1   
1.04625217 -1   
1.07823537 -1   
1.07854623 1    
1.10932073 -1   
1.31828958 -1   
1.31843252 1    
1.51331121 1    
1.54136732 -1   
1.68592042 -1   
1.68621219 1    
1.73242102 -1   
1.80109793 -1   
1.85431565 -1   
1.92414888 -1   
1.92445622 1    
2.17272993 -1   
2.36918244 1    
2.53201622 -1   
2.53230728 1    
2.69901614 -1   
2.69919705 1    
2.70867737 1    
2.85483538 -1   
2.85487153 1    
2.99966104 -1   
3.01043490 -1   
3.01045555 1    
3.04885666 -1   
3.10007759 -1   
3.10159664 -1   
3.18820535 -1   
3.18823549 1    
3.34056380 -1   
3.34060012 1    
3.52054629 -1   
3.52058252 1    
3.55285073 -1   
3.58332187 -1   
3.69823057 -1   
3.90623507 -1   
3.90652669 1    
4.05737652 -1   
4.24829504 -1   
4.24859097 1    
4.40120632 -1   
4.40151564 1    
4.55359897 -1   
6.08224862 -1   
6.08433043 1    
9.38285493 -1   
9.38383373 1    
10.08586358 -1   
10.08736227 -1   
10.08772418 -1   
10.09362445 1    
10.30682638 -1   
10.30714553 1    
10.45868395 1    
10.50302386 -1   
10.51599088 1    
10.60982774 1    
10.67034436 -1   
10.80146494 1    
11.01791562 -1   
11.01814825 1    
11.16049317 -1   
11.16826519 -1   
11.16950415 1    
11.32069529 1    
11.70827185 -1   
12.78266545 -1   
12.78361861 1    
15.11672198 -1   
15.11797071 -1   
15.11834987 -1   
15.12228818 1    
15.27368050 1    
15.88286127 -1   
15.88309524 1    
17.22709633 -1   
17.36566893 -1   
17.36692626 -1   
17.36843076 -1   
17.36966092 -1   
17.37115606 -1   
17.37268175 -1   
17.37393215 -1   
17.37543011 -1   
17.40857563 1    
17.41989050 -1   
17.48135222 -1   
17.48286514 -1   
17.51859714 -1   
17.52009336 -1   
17.52159313 -1   
17.52284177 -1   
17.52431663 -1   
17.52556466 -1   
17.52706503 -1   
17.52856660 -1   
17.52981172 -1   
17.53131435 -1   
17.53281028 -1   
17.53406309 -1   
17.56082985 1    
17.61010981 -1   
17.80128357 -1   
17.80149092 1    
17.95245164 -1   
17.95269076 1    
18.09726823 -1   
18.09875861 -1   
18.10001035 -1   
18.10481585 -1   
18.10483071 1    
18.30021938 -1   
18.33136213 -1   
18.35886817 -1   
18.37564184 1    
18.48400000 -1   
18.68736842 -1   
18.68767446 1    
18.86617612 -1   
18.86621064 1    
19.05929335 -1   
19.05932808 1    
19.09219818 -1   
19.12068239 -1   
19.21309851 -1   
19.37515628 1    
19.41969904 -1   
19.42023951 1    
19.56919631 1    
19.57285427 -1   
19.72013359 1    
19.88558761 -1   
19.88588020 1    
19.92771431 -1   
19.92894033 -1   
19.93837999 1    
20.03618506 -1   
20.03718802 1    
20.04615392 1    
20.10263810 1    
20.19248322 -1   
20.27726812 -1   
20.27876089 -1   
20.41481937 -1   
20.41881968 1    
20.42734006 1    
20.42790865 -1   
20.42940440 -1   
20.45316467 -1   
20.45463841 -1   
20.45590857 -1   
20.46741005 1    
20.52737617 -1   
20.52886851 -1   
20.53659523 -1   
20.53809036 -1   
20.53961732 -1   
20.54084091 -1   
20.54236435 -1   
20.54984640 1    
20.56645864 -1   
20.57966655 1    
20.58061184 1    
20.83729392 -1   
20.83755277 1    
20.91315693 -1   
20.91465006 -1   
20.91589009 -1   
20.91739591 -1   
20.91864841 -1   
20.92012417 -1   
20.92164539 -1   
20.92289075 -1   
20.92439615 -1   
20.92564330 -1   
20.92711691 -1   
20.92863737 -1   
20.92989175 -1   
20.93138665 -1   
20.93288882 -1   
21.01608640 -1   
21.01612137 1    
21.01784268 -1   
21.07356476 -1   
21.07504957 -1   
21.07655623 -1   
21.07778138 -1   
21.07928371 -1   
21.08055236 -1   
21.08204656 -1   
21.08355090 -1   
21.08480204 -1   
21.08629970 -1   
21.08754916 -1   
21.08904619 -1   
21.09054805 -1   
21.09179392 -1   
21.09327494 -1   
21.11851130 -1   
21.11978415 -1   
21.14552498 -1   
21.14701757 -1   
21.14824018 -1   
21.14974476 -1   
21.14985325 1    
21.15126779 -1   
21.15251273 -1   
21.15401592 -1   
21.15523849 -1   
21.15676188 -1   
21.15825848 -1   
21.15948761 -1   
21.16100296 -1   
21.16223480 -1   
21.16375338 -1   
21.21572745 -1   
21.21722474 -1   
21.21847767 -1   
21.21997153 -1   
21.22147070 -1   
21.22271929 -1   
21.22420068 -1   
21.22546420 -1   
21.22569914 -1   
21.22571068 1    
21.22744890 -1   
21.22894467 -1   
21.23044229 -1   
21.23169288 -1   
21.23319473 -1   
21.23446600 -1   
21.23596959 -1   
21.23746553 -1   
21.23871614 -1   
21.24021388 -1   
21.24171417 -1   
21.24295279 -1   
21.24446257 -1   
21.24570932 -1   
21.24718689 -1   
21.24870771 -1   
21.24995645 -1   
21.25145393 -1   
21.25270434 -1   
21.25420200 -1   
21.25570405 -1   
21.25695435 -1   
21.25845314 -1   
21.25961006 1    
21.25967713 -1   
21.26117617 -1   
21.26267785 -1   
21.26392383 -1   
21.26542564 -1   
21.26669587 -1   
21.26819708 -1   
21.26969587 -1   
21.27094138 -1   
21.27244101 -1   
21.27369875 -1   
21.27380302 1    
21.27517216 -1   
21.27668960 -1   
21.27794396 -1   
21.27943636 -1   
21.28068699 -1   
21.28218564 -1   
21.28369022 -1   
21.29668125 -1   
21.29868106 -1   
21.30017627 -1   
21.30142736 -1   
21.30292637 -1   
21.30408257 1    
21.30442562 -1   
21.30567796 -1   
21.30718124 -1   
21.30842297 -1   
21.30991478 -1   
21.31141824 -1   
21.31267676 -1   
21.31377394 1    
21.31416747 -1   
21.31541881 -1   
21.31691883 -1   
21.31841698 -1   
21.31966427 -1   
21.32116435 -1   
21.32266510 -1   
21.32391198 -1   
21.32539298 -1   
21.32663858 -1   
21.32816694 -1   
21.37064233 -1   
21.37213691 -1   
21.37363745 -1   
21.37488455 -1   
21.37636266 -1   
21.37788334 -1   
21.37913051 -1   
21.38062952 -1   
21.38186033 -1   
21.38297943 1    
21.38335653 -1   
21.38488243 -1   
21.38610734 -1   
21.38612144 1    
21.38762562 -1   
21.38887485 -1   
21.39035686 -1   
21.39187333 -1   
21.39310625 -1   
21.39459983 -1   
21.39612263 -1   
21.39737091 -1   
21.39886881 -1   
21.40012058 -1   
21.40162069 -1   
21.40311712 -1   
21.40436942 -1   
21.40586112 -1   
21.40709533 -1   
21.40861221 -1   
21.41009103 -1   
21.41136387 -1   
21.41286509 -1   
21.41296599 1    
21.41436332 -1   
21.41560875 -1   
21.41709042 -1   
21.41837479 -1   
21.41986045 -1   
21.42136158 -1   
21.42286104 -1   
21.42410375 -1   
21.42558666 -1   
21.42683332 -1   
21.42834864 -1   
21.42985254 -1   
21.43112190 -1   
21.43285296 -1   
21.43435206 -1   
21.43561674 -1   
21.43710032 -1   
21.43859793 -1   
21.43984509 -1   
21.44134644 -1   
21.44260028 -1   
21.44407258 -1   
21.44559544 -1   
21.44684251 -1   
21.44834356 -1   
21.44959041 -1   
21.45106694 -1   
21.45258232 -1   
21.45383442 -1   
21.45533198 -1   
21.45683317 -1   
21.45808051 -1   
21.45958695 -1   
21.46082981 -1   
21.46232574 -1   
21.46382656 -1   
21.46389579 1    
21.46506669 -1   
21.46658555 -1   
21.46783471 -1   
21.46933151 -1   
21.47083099 -1   
21.47208266 -1   
21.47358317 -1   
21.47508041 -1   
21.47630820 -1   
21.47782481 -1   
21.47907663 -1   
21.48057637 -1   
21.48206190 -1   
21.48330272 -1   
21.48480111 -1   
21.48604604 -1   
21.48754847 -1   
21.48904475 -1   
21.49029608 -1   
21.49179321 -1   
21.49329261 -1   
21.49454185 -1   
21.49604307 -1   
21.49729163 -1   
21.49879323 -1   
21.50028755 -1   
21.50154193 -1   
21.50303680 -1   
21.50435881 -1   
21.50578755 -1   
21.50730297 -1   
21.50855806 -1   
21.50875578 1    
21.51004083 -1   
21.51153269 -1   
21.51279489 -1   
21.51304796 -1   
21.51730064 1    
21.53758023 1    
21.56197410 1    
21.61661332 1    
21.68801391 1    
22.00710719 -1   
22.00806195 1    
22.05400561 -1   
22.05549737 -1   
22.13870873 -1   
22.16123233 -1   
22.16969014 -1   
22.17117682 -1   
22.17268221 -1   
22.17392506 -1   
22.17542606 -1   
22.17690422 -1   
22.17702114 1    
22.17815616 -1   
22.17965205 -1   
22.18092460 -1   
22.18242365 -1   
22.20241639 -1   
22.20391118 -1   
22.20516565 -1   
22.20665940 -1   
22.20791269 -1   
22.20940606 -1   
22.21090656 -1   
22.21213151 -1   
22.21365237 -1   
22.21515162 -1   
22.21640026 -1   
22.21788004 -1   
22.21914390 -1   
22.22064896 -1   
22.22214978 -1   
22.22339653 -1   
22.22489703 -1   
22.22612426 -1   
22.22764945 -1   
22.22912330 -1   
22.23039529 -1   
22.23189179 -1   
22.23339518 -1   
22.23463972 -1   
22.23611855 -1   
22.23738874 -1   
22.23889170 -1   
22.24038667 -1   
22.24163857 -1   
22.24311627 -1   
22.24438780 -1   
22.24588430 -1   
22.24599972 1    
22.24738624 -1   
22.24863233 -1   
22.25013484 -1   
22.25163446 -1   
22.25288743 -1   
22.25438394 -1   
22.25563501 -1   
22.25713408 -1   
22.25863173 -1   
22.25985657 -1   
22.26137743 -1   
22.26262557 -1   
22.26412542 -1   
22.26562296 -1   
22.26685221 -1   
22.26837712 -1   
22.26962564 -1   
22.27109767 -1   
22.27260098 -1   
22.27387217 -1   
22.27537035 -1   
22.27661549 -1   
22.27809853 -1   
22.27959489 -1   
22.28084658 -1   
22.28234034 -1   
22.31460500 -1   
22.31609982 -1   
22.31736526 -1   
22.31884815 -1   
22.32509523 -1   
22.32635867 -1   
22.32784166 -1   
22.32906757 -1   
22.33059052 -1   
22.33206746 -1   
22.33331775 -1   
22.33483982 -1   
22.33608800 -1   
22.33758946 -1   
22.33908381 -1   
22.34031101 -1   
22.34183450 -1   
22.34184871 1    
22.34331116 -1   
22.34455527 -1   
22.34605678 -1   
22.34730726 -1   
22.34883189 -1   
22.35030391 -1   
22.35157638 -1   
22.35707374 -1   
22.35857198 -1   
22.35979747 -1   
22.36130183 -1   
22.36257000 -1   
22.36404943 -1   
22.36557082 -1   
22.36682104 -1   
22.36831975 -1   
22.36957090 -1   
22.37106375 -1   
22.37256410 -1   
22.37381287 -1   
22.37531333 -1   
22.37681247 -1   
22.37806119 -1   
22.37956023 -1   
22.38081053 -1   
22.38230519 -1   
22.38380955 -1   
22.38505853 -1   
22.38655672 -1   
22.38780264 -1   
22.38930486 -1   
22.39080383 -1   
22.39205328 -1   
22.39353057 -1   
22.39478001 -1   
22.39627876 -1   
22.39777710 -1   
22.39902377 -1   
22.40052639 -1   
22.40202475 -1   
22.40327382 -1   
22.40477145 -1   
22.40602314 -1   
22.40754593 -1   
22.40902487 -1   
22.41026865 -1   
22.41178583 -1   
22.41302058 -1   
22.41454040 -1   
22.41604015 -1   
22.41726766 -1   
22.41879009 -1   
22.42026772 -1   
22.42153699 -1   
22.42304125 -1   
22.42426335 -1   
22.42578749 -1   
22.42725972 -1   
22.42851050 -1   
22.43000857 -1   
22.43125773 -1   
22.43275652 -1   
22.43425705 -1   
22.43513444 1    
22.43552235 -1   
22.43702533 -1   
22.43852659 -1   
22.43977507 -1   
22.44127965 -1   
22.44251727 -1   
22.44402336 -1   
22.44524106 -1   
22.44677298 -1   
22.44827167 -1   
22.44952001 -1   
22.45102095 -1   
22.45224631 -1   
22.45377056 -1   
22.45526366 -1   
22.45651511 -1   
22.45801646 -1   
22.45924314 -1   
22.46074092 -1   
22.46224080 -1   
22.47050366 1    
22.47051157 1    
22.47078744 1    
22.50174900 -1   
22.50178087 1    
22.51298501 -1   
22.51420952 -1   
22.56219123 -1   
22.56345735 -1   
22.56495522 -1   
22.56643008 -1   
22.56770278 -1   
22.56920078 -1   
22.57044829 -1   
22.57195027 -1   
22.57345418 -1   
22.57470068 -1   
22.57617640 -1   
22.57745001 -1   
22.57894576 -1   
22.58044059 -1   
22.61487912 -1   
22.63239177 -1   
22.63389087 -1   
22.63513917 -1   
22.63664316 -1   
22.63788897 -1   
22.63938856 -1   
22.64238546 -1   
22.64390864 -1   
22.64513479 -1   
22.64665578 -1   
22.64790521 -1   
22.66840218 -1   
22.66842967 1    
22.66989776 -1   
22.67112089 -1   
22.67264525 -1   
22.67389183 -1   
22.67537461 -1   
22.75657904 -1   
22.75806937 -1   
22.75934871 -1   
22.76084435 -1   
22.76235928 -1   
22.76359053 -1   
22.76509259 -1   
22.76636276 -1   
22.76784169 -1   
22.76933895 -1   
22.77058636 -1   
22.77208391 -1   
22.78340678 -1   
22.80534047 -1   
22.80681314 -1   
22.80806426 -1   
22.80954141 -1   
22.81106049 -1   
22.81228831 -1   
22.82530827 -1   
22.82532303 1    
22.82680526 -1   
22.83305340 -1   
22.83427865 -1   
22.83579933 -1   
22.85154454 -1   
22.85279206 -1   
22.85435248 -1   
22.85553811 -1   
22.85704196 -1   
22.85853701 -1   
22.85978119 -1   
22.86128672 -1   
22.86253096 -1   
22.86402994 -1   
22.86553212 -1   
22.86677820 -1   
22.86828029 -1   
22.86952821 -1   
22.87100807 -1   
22.87107835 1    
22.87251907 -1   
22.87377658 -1   
22.87527624 -1   
22.87677433 -1   
22.87802609 -1   
22.87952057 -1   
22.88077443 -1   
22.88227014 -1   
22.88377008 -1   
22.88501888 -1   
22.88651442 -1   
22.88776961 -1   
22.88927211 -1   
22.89076529 -1   
22.89201717 -1   
22.89350806 -1   
22.89500706 -1   
22.89623986 -1   
22.89776599 -1   
22.89901000 -1   
22.90050537 -1   
22.90201165 -1   
22.90323514 -1   
22.90476022 -1   
22.90601050 -1   
22.90750111 -1   
22.90900545 -1   
22.91023509 -1   
22.91173411 -1   
22.91299979 -1   
22.91450204 -1   
22.91600286 -1   
22.91727394 -1   
22.91899984 -1   
22.92050144 -1   
22.92175166 -1   
22.92324628 -1   
22.92450000 -1   
22.92599260 -1   
22.92750013 -1   
22.92874738 -1   
22.93024630 -1   
22.93174701 -1   
22.93301341 -1   
22.93448681 -1   
22.93599498 -1   
22.93749700 -1   
22.93874081 -1   
22.94024315 -1   
22.94149249 -1   
22.94296794 -1   
22.94446476 -1   
22.94571609 -1   
22.94721458 -1   
22.94846364 -1   
22.94996011 -1   
22.95146154 -1   
22.95271092 -1   
22.95420863 -1   
22.95545718 -1   
22.95998259 -1   
22.96122843 -1   
22.96272623 -1   
22.96397212 -1   
22.96572990 -1   
22.96697449 -1   
22.97946779 -1   
22.97948310 1    
22.98621102 -1   
22.98746238 -1   
22.98896404 -1   
22.99021248 -1   
23.00596272 -1   
23.00746812 -1   
23.00769479 -1   
23.05640794 -1   
23.05792172 -1   
23.07216348 -1   
23.07366377 -1   
23.07647056 1    
23.17740648 1    
23.20028840 1    
23.20029768 1    
23.20058162 1    
23.20082248 1    
23.32830145 1    
23.55496787 -1   
23.57360483 -1   
23.57485590 -1   
23.57635248 -1   
23.57760422 -1   
23.57909900 -1   
23.58060282 -1   
23.58184717 -1   
23.58334733 -1   
23.58460253 -1   
23.58612024 -1   
23.58761653 -1   
23.58887335 -1   
23.59034478 -1   
23.59161667 -1   
23.59309205 -1   
23.59318272 1    
23.59459575 -1   
23.59586464 -1   
23.59737197 -1   
23.59886029 -1   
23.60011456 -1   
23.60161432 -1   
23.60288611 -1   
23.60460572 -1   
23.60586129 -1   
23.60733318 -1   
23.60858453 -1   
23.61008181 -1   
23.61160039 -1   
23.61285223 -1   
23.61435196 -1   
23.61561226 -1   
23.72653909 -1   
23.72804009 -1   
23.72926406 -1   
23.73078784 -1   
23.73229052 -1   
23.73353583 -1   
23.73503391 -1   
23.73625927 -1   
23.73778680 -1   
23.73928550 -1   
23.74053057 -1   
23.74203165 -1   
23.74353585 -1   
23.74475593 -1   
23.74625587 -1   
23.74750351 -1   
23.74900605 -1   
23.75050363 -1   
23.75175051 -1   
23.75324998 -1   
23.75336171 1    
23.75450017 -1   
23.75599898 -1   
23.75749899 -1   
23.75874525 -1   
23.76026738 -1   
23.76149689 -1   
23.76302306 -1   
23.76451184 -1   
23.76577009 -1   
23.76726618 -1   
23.76872808 -1   
23.77001933 -1   
23.77003988 1    
23.77151347 -1   
23.77301527 -1   
23.77423964 -1   
23.77576675 -1   
23.77698797 -1   
23.77848554 -1   
23.78001146 -1   
23.78125587 -1   
23.78276004 -1   
23.78400613 -1   
23.78550953 -1   
23.78705765 -1   
23.78851617 -1   
23.79000428 -1   
23.79150178 -1   
23.79272935 -1   
23.79422816 -1   
23.79547518 -1   
23.79697695 -1   
23.79847311 -1   
23.79972450 -1   
23.80122233 -1   
23.80250001 -1   
23.80260501 1    
23.80399861 -1   
23.80549636 -1   
23.80674627 -1   
23.80824186 -1   
23.80948688 -1   
23.81099126 -1   
23.81249433 -1   
23.81374281 -1   
23.81526993 -1   
23.90744339 -1   
23.90866507 -1   
23.91015908 -1   
23.91142988 -1   
23.91293360 -1   
23.91443215 -1   
23.91568014 -1   
23.91717851 -1   
23.91843198 -1   
23.91993077 -1   
23.92142836 -1   
23.92267709 -1   
23.92418011 -1   
23.92567637 -1   
23.92690406 -1   
23.92839963 -1   
23.92967184 -1   
23.93117170 -1   
23.93267140 -1   
23.93391838 -1   
23.93542584 -1   
23.93666949 -1   
23.93817049 -1   
23.93966718 -1   
23.94092013 -1   
23.94241955 -1   
23.94368025 -1   
23.94516452 -1   
23.94666529 -1   
23.94791239 -1   
23.94941247 -1   
23.95091232 -1   
23.95209004 1    
23.95213042 -1   
23.95366416 -1   
23.95516157 -1   
23.95640890 -1   
23.95642333 1    
23.95791214 -1   
23.95913335 -1   
23.96063300 -1   
23.96213172 -1   
23.96338212 -1   
23.96488094 -1   
23.96613139 -1   
23.96762639 -1   
23.96914166 -1   
23.97065206 -1   
23.97212296 -1   
23.97348939 -1   
23.97587250 -1   
23.97712203 -1   
23.97862402 -1   
23.97989198 -1   
23.98139441 -1   
23.98289073 -1   
23.98413968 -1   
23.98564040 -1   
23.98714218 -1   
23.98838636 -1   
23.98988902 -1   
23.99113515 -1   
23.99261682 -1   
23.99411312 -1   
23.99536133 -1   
23.99686052 -1   
23.99811317 -1   
23.99960926 -1   
24.00112640 -1   
24.00333613 1    
24.02487194 -1   
24.12629569 -1   
24.15704776 -1   
24.15854602 -1   
24.15978815 -1   
24.16127423 -1   
24.16276705 -1   
24.16403545 -1   
24.16553492 -1   
24.16679048 -1   
24.16828634 -1   
24.16979171 -1   
24.17103474 -1   
24.17303194 -1   
24.17453113 -1   
24.17578294 -1   
24.17725938 -1   
24.17876094 -1   
24.18000439 -1   
24.18150690 -1   
24.18275398 -1   
24.18425286 -1   
24.18575338 -1   
24.18702529 -1   
24.18851671 -1   
24.18977445 -1   
24.19127403 -1   
24.19277686 -1   
24.19312634 -1   
24.19476798 -1   
24.19591963 1    
24.19624593 -1   
24.19752038 -1   
24.19753454 1    
24.19901919 -1   
24.20050940 -1   
24.20176624 -1   
24.20326483 -1   
24.20476522 -1   
24.20601651 -1   
24.20751215 -1   
24.20876065 -1   
24.21024185 -1   
24.21173776 -1   
24.21298863 -1   
24.21448534 -1   
24.21573306 -1   
24.21724795 -1   
24.24124723 -1   
24.24247124 -1   
24.24397273 -1   
24.24546864 -1   
24.24671583 -1   
24.24821496 -1   
24.24949061 -1   
24.25096508 -1   
24.25248876 -1   
24.25373521 -1   
24.25521563 -1   
24.25648801 -1   
24.25798507 -1   
24.25946031 -1   
24.26071373 -1   
24.26220856 -1   
24.26920815 -1   
24.27045235 -1   
24.36767604 -1   
24.36782686 1    
24.36915061 -1   
24.37066923 -1   
24.42264417 -1   
24.42388093 -1   
24.42538927 -1   
24.42663587 -1   
24.42813556 -1   
24.45062710 -1   
24.45887275 -1   
24.46037838 -1   
24.46186832 -1   
24.46311771 -1   
24.46461918 -1   
24.46586635 -1   
24.46736210 -1   
24.46886582 -1   
24.47011629 -1   
24.47161034 -1   
24.47311350 -1   
24.47435975 -1   
24.47586214 -1   
24.47710945 -1   
24.47858559 -1   
24.48010475 -1   
24.48135827 -1   
24.48285440 -1   
24.48410499 -1   
24.48560262 -1   
24.48583294 -1   
24.48584957 1    
24.48760077 -1   
24.48910301 -1   
24.49035095 -1   
24.49184806 -1   
24.49308021 -1   
24.49457597 -1   
24.49609903 -1   
24.49734715 -1   
24.49884460 -1   
24.50034823 -1   
24.50159608 -1   
24.50309351 -1   
24.50434685 -1   
24.50584321 -1   
24.50734164 -1   
24.50859121 -1   
24.51008784 -1   
24.51131787 -1   
24.51284289 -1   
24.51433886 -1   
24.51559100 -1   
24.51708794 -1   
24.52133650 -1   
24.52283357 -1   
24.52408577 -1   
24.54529994 -1   
24.54543432 1    
24.54654528 -1   
24.54806562 -1   
24.54929757 -1   
24.55081970 -1   
24.55232148 -1   
24.55356483 -1   
24.55508165 -1   
24.55656082 -1   
24.55781423 -1   
24.55929138 -1   
24.56053990 -1   
24.56203957 -1   
24.56353881 -1   
24.56755489 -1   
24.56905810 -1   
24.57330307 -1   
24.62253083 -1   
24.67574995 -1   
24.67699218 -1   
24.67847435 -1   
24.67999078 -1   
24.71220681 -1   
24.71233176 1    
24.71347903 -1   
24.71497322 -1   
24.71647952 -1   
24.71892724 -1   
24.71894216 1    
24.92901476 -1   
24.92905118 1    
25.15520134 -1   
25.15523575 1    
25.15647101 -1   
25.15767213 -1   
25.15919876 -1   
25.16046555 -1   
25.16196411 -1   
25.16319168 -1   
25.16471555 -1   
25.18995027 -1   
25.19144683 -1   
25.19294973 -1   
25.19417802 -1   
25.19569963 -1   
25.20818930 -1   
25.20968926 -1   
25.21119125 -1   
25.21243619 -1   
25.21393926 -1   
25.21543798 -1   
25.35560884 -1   
25.38696107 -1   
25.38699566 1    
25.58652258 1    
27.93298711 -1   
28.04556939 -1   
28.13462672 -1   
