0.00000000 -1   
0.23408314 1    
0.23427500 -1   
0.38571912 -1   
0.41899508 1    
0.57760573 -1   
0.61145097 1    
0.72902086 -1   
0.76279004 1    
0.92165621 -1   
1.01540667 1    
1.05803659 1    
1.09126278 1    
1.12922295 1    
1.16760716 1    
1.16792446 -1   
1.31873162 1    
1.36139060 -1   
1.51361911 1    
1.51365371 -1   
1.66601401 1    
1.67742244 1    
1.67768942 -1   
1.67867267 1    
1.77015074 1    
1.82815756 1    
1.98043767 1    
1.98091953 -1   
2.19995168 1    
2.44931426 1    
2.44960194 -1   
2.92930307 1    
2.93139460 -1   
3.30759501 1    
3.30861230 -1   
3.75723560 1    
3.75873131 1    
3.75909469 1    
3.76502342 -1   
4.03118051 1    
4.03147050 -1   
4.26011862 1    
4.26357096 -1   
4.41515554 -1   
4.56754830 -1   
4.66106818 1    
4.71870452 -1   
4.85313370 1    
4.85317246 1    
4.86986553 -1   
5.05109880 1    
5.05138972 -1   
5.24248750 1    
5.24346339 -1   
5.39691208 1    
5.63741841 1    
5.63863581 1    
5.63901101 1    
5.64345175 -1   
5.83734431 -1   
6.02978619 1    
6.03002821 -1   
6.21467294 1    
6.37297523 1    
6.37423695 1    
6.38273440 1    
6.38396305 1    
6.38545899 1    
6.40495149 1    
6.40622454 1    
6.40743586 1    
6.42529943 -1   
6.54517147 1    
6.54638667 1    
6.55313287 1    
6.55463107 1    
6.55588765 1    
6.55738134 1    
6.55885689 1    
6.56010518 1    
6.56035585 1    
6.56185379 1    
6.56337374 1    
6.56488902 1    
6.56610268 1    
6.56759803 1    
6.56971917 -1   
6.57086912 1    
6.57236989 1    
6.57387054 1    
6.57509759 1    
6.62138594 -1   
6.71393885 1    
6.90612877 1    
6.90641172 -1   
7.05870114 1    
7.05873644 -1   
7.14155428 1    
7.21029063 1    
7.21032122 -1   
7.36278811 1    
7.36293581 -1   
7.51541317 1    
7.51546189 -1   
7.66982482 1    
7.67013584 -1   
7.84223797 1    
7.84253120 -1   
8.11359515 1    
8.30448445 1    
8.30485570 -1   
8.30514674 -1   
8.81627102 1    
8.81722359 -1   
8.93428079 1    
8.97085481 1    
8.97088591 -1   
8.98181187 -1   
9.13495787 -1   
9.33077460 1    
9.33201703 1    
9.33239698 1    
9.33917764 -1   
9.34867428 -1   
9.48594198 1    
9.48744964 1    
9.49207747 1    
9.49209088 -1   
9.50817123 -1   
9.63737352 1    
9.63886610 1    
9.64621982 1    
9.64624045 -1   
9.66224785 -1   
9.76656079 1    
9.76779175 1    
9.79815480 1    
9.79817792 -1   
9.81467758 -1   
9.86196685 1    
9.86321543 1    
9.94744637 1    
9.94869104 1    
9.95018339 1    
9.95021769 -1   
9.96554410 -1   
10.05547465 1    
10.06487179 1    
10.06634619 1    
10.06786924 1    
10.06913452 1    
10.07061640 1    
10.08810863 1    
10.08960313 1    
10.09085699 1    
10.13285298 -1   
10.15584036 1    
10.15704576 1    
10.15856668 1    
10.16004470 1    
10.16131642 1    
10.16281161 1    
10.16404119 1    
10.16556286 1    
10.16706280 1    
10.19854690 1    
10.20004779 1    
10.20803729 1    
10.21778245 1    
10.21928455 1    
10.22078087 1    
10.22200629 1    
10.22352993 1    
10.22376048 1    
10.23952221 1    
10.24101996 1    
10.24251978 1    
10.24374450 1    
10.24526476 1    
10.24651359 1    
10.24801695 1    
10.24949203 1    
10.25076001 1    
10.25083553 -1   
10.25226554 1    
10.28447481 1    
10.28599581 1    
10.31170767 1    
10.31172410 -1   
10.31346907 1    
10.31472745 1    
10.31597915 1    
10.31747433 1    
10.31872449 1    
10.32022341 1    
10.32172336 1    
10.32294887 1    
10.32447475 1    
10.32569772 1    
10.32722168 1    
10.32871816 1    
10.32994585 1    
10.33271487 1    
10.33396643 1    
10.35145800 1    
10.35295715 1    
10.35445388 1    
10.35570418 1    
10.36095018 1    
10.36244695 1    
10.36369916 1    
10.36519971 1    
10.37219587 1    
10.37369581 1    
10.37518935 1    
10.37642352 1    
10.37791670 1    
10.37918964 1    
10.38068819 1    
10.38218963 1    
10.38343014 1    
10.38351442 -1   
10.38493928 1    
10.38618687 1    
10.38768316 1    
10.39390954 1    
10.39543174 1    
10.39667877 1    
10.39818065 1    
10.39967788 1    
10.40092820 1    
10.40242638 1    
10.40366962 1    
10.40517533 1    
10.40665692 1    
10.40792227 1    
10.40942360 1    
10.42639527 1    
10.43763938 1    
10.43913249 1    
10.46514741 1    
10.46518429 -1   
10.46664192 1    
10.46788880 1    
10.46941035 1    
10.47061513 1    
10.47216052 1    
10.47362954 1    
10.47487963 1    
10.47636313 1    
10.47788419 1    
10.47911009 1    
10.48031631 -1   
10.48062910 1    
10.48211088 1    
10.48337812 1    
10.48487927 1    
10.48610880 1    
10.48762704 1    
10.48912832 1    
10.49037430 1    
10.50462203 1    
10.50586499 1    
10.50736379 1    
10.50886386 1    
10.51013394 1    
10.51161430 1    
10.51411337 1    
10.51535943 1    
10.51686353 1    
10.51835879 1    
10.52510770 1    
10.52660008 1    
10.52810657 1    
10.52960203 1    
10.53083355 1    
10.53235340 1    
10.53385133 1    
10.53507793 1    
10.53660005 1    
10.53809716 1    
10.53935187 1    
10.54084798 1    
10.54207607 1    
10.54216187 -1   
10.54360105 1    
10.54584883 1    
10.54734507 1    
10.54884786 1    
10.55007259 1    
10.55157050 1    
10.55284169 1    
10.55434173 1    
10.55584214 1    
10.55706699 1    
10.55858433 1    
10.55981349 1    
10.56131424 1    
10.56281194 1    
10.56406390 1    
10.57932568 1    
10.59204926 1    
10.59354367 1    
10.61955624 1    
10.61958138 -1   
10.62080694 1    
10.62230243 1    
10.62380319 1    
10.62504818 1    
10.62655100 1    
10.62779140 1    
10.62929988 1    
10.63079858 1    
10.63202617 1    
10.63352142 1    
10.63479553 1    
10.63629370 1    
10.63778945 1    
10.63903882 1    
10.64013674 -1   
10.64053825 1    
10.64204231 1    
10.64329026 1    
10.64478786 1    
10.64603657 1    
10.64753424 1    
10.65878278 1    
10.66027458 1    
10.66177946 1    
10.66327698 1    
10.66477936 1    
10.66602405 1    
10.66827576 1    
10.66977449 1    
10.67125565 1    
10.67277624 1    
10.67402247 1    
10.67551859 1    
10.67977251 1    
10.68126936 1    
10.68276701 1    
10.68426768 1    
10.68576880 1    
10.68701270 1    
10.68851749 1    
10.68861688 -1   
10.68976407 1    
10.69125915 1    
10.69273953 1    
10.69398647 1    
10.69550270 1    
10.69700764 -1   
10.77200970 -1   
10.77873048 1    
10.78521247 1    
10.78671321 1    
10.78820822 1    
10.78946134 1    
10.79270548 1    
10.79417910 1    
10.79569982 1    
10.79695311 1    
10.79844827 1    
10.79970062 1    
10.80119330 1    
10.80269939 1    
10.80394860 1    
10.80544532 1    
10.80669454 1    
10.80819662 1    
10.80967018 1    
10.81094291 1    
10.81344345 1    
10.81353282 -1   
10.81494029 1    
10.81641910 1    
10.81768988 1    
10.82335151 -1   
10.85097812 1    
10.86052793 -1   
10.89440282 1    
10.96562682 -1   
11.01600918 1    
11.02521806 -1   
11.08123257 -1   
11.15729631 -1   
11.71251323 1    
11.71344071 -1   
11.83711499 1    
11.83860607 1    
11.86855980 1    
11.88982826 1    
11.89105694 1    
11.89255314 1    
11.89405220 1    
11.89532294 1    
11.89682540 1    
11.89804770 1    
11.89955128 1    
11.90104824 1    
11.90231995 1    
11.90240684 -1   
11.90379448 1    
11.90532145 1    
11.90657304 1    
11.90804260 1    
11.90929612 1    
11.91079083 1    
11.91231411 1    
11.91355939 1    
11.91503749 1    
11.91630967 1    
11.91781049 1    
11.91930615 1    
11.92055848 1    
11.92205401 1    
11.92355641 1    
11.92479886 1    
11.92628136 1    
11.92753175 1    
11.92905493 1    
11.96901317 1    
11.99201794 1    
11.99324678 1    
11.99476564 1    
11.99624023 1    
12.04298462 1    
12.04448716 1    
12.04573727 1    
12.04723271 1    
12.04873337 1    
12.04998299 1    
12.05148471 1    
12.05273017 1    
12.05423200 1    
12.05572815 1    
12.05698006 1    
12.05708022 -1   
12.05847692 1    
12.05995645 1    
12.06120840 1    
12.06272585 1    
12.06397704 1    
12.06546837 1    
12.06695243 1    
12.06839145 1    
12.06971650 1    
12.07096967 1    
12.07098386 -1   
12.07247335 1    
12.07397391 1    
12.07521951 1    
12.07671162 1    
12.07821840 1    
12.07946485 1    
12.08096645 1    
12.08221260 1    
12.08371511 1    
12.08521241 1    
12.08646300 1    
12.08795950 1    
12.08921159 1    
12.09070894 1    
12.09221099 1    
12.09343723 1    
12.09493648 1    
12.09643364 1    
12.09768505 1    
12.09918198 1    
12.10043541 1    
12.10192947 1    
12.10345075 1    
12.10470055 1    
12.10620305 1    
12.10744872 1    
12.10895133 1    
12.11044725 1    
12.12194420 1    
12.14493232 1    
12.14642615 1    
12.14654783 -1   
12.14792843 1    
12.14917387 1    
12.15767494 1    
12.18890937 1    
12.19740261 1    
12.19889726 1    
12.20037894 1    
12.20162476 1    
12.20342261 1    
12.20439632 1    
12.20587435 1    
12.20739097 1    
12.20864465 1    
12.21015932 1    
12.21164138 1    
12.21288891 1    
12.21438726 1    
12.21563646 1    
12.21713903 1    
12.21863450 1    
12.21986544 1    
12.22138438 1    
12.22263744 1    
12.22413372 1    
12.22563067 1    
12.22686270 1    
12.22838384 1    
12.22987909 1    
12.22989374 -1   
12.23111106 1    
12.23262796 1    
12.23387866 1    
12.23537622 1    
12.23686427 1    
12.23810209 1    
12.23962272 1    
12.24087894 1    
12.24237409 1    
12.24384918 1    
12.24534969 1    
12.24686539 1    
12.24809706 1    
12.24961794 1    
12.25085950 1    
12.25234640 1    
12.25386974 1    
12.25509229 1    
12.25661750 1    
12.25786275 1    
12.25793693 -1   
12.25934355 1    
12.26086167 1    
12.26209158 1    
12.26360854 1    
12.26486111 1    
12.26635739 1    
12.26785671 1    
12.26908551 1    
12.27060751 1    
12.27185510 1    
12.27335685 1    
12.27485252 1    
12.29884930 1    
12.30006759 1    
12.30256597 1    
12.30384024 1    
12.30534258 1    
12.34231913 1    
12.34379472 1    
12.35181141 1    
12.35331133 1    
12.35480243 1    
12.35603603 1    
12.35780601 1    
12.35930147 1    
12.36080466 1    
12.36203406 1    
12.36355329 1    
12.36480582 1    
12.36630087 1    
12.36779846 1    
12.36902830 1    
12.37055056 1    
12.37179846 1    
12.37190077 -1   
12.37330071 1    
12.37481300 1    
12.39087405 -1   
12.41104404 -1   
12.42077304 1    
12.42201855 1    
12.42352008 1    
12.42501799 1    
12.42624570 1    
12.43076458 1    
12.43226837 1    
12.43373975 1    
12.44126442 1    
12.44273611 1    
12.44923786 1    
12.45075248 1    
12.45223109 1    
12.50672617 1    
12.50821935 1    
12.50969965 1    
12.52741909 1    
12.55946766 1    
12.56969229 1    
12.56980409 -1   
12.57118647 1    
12.57268672 1    
12.57393455 1    
12.57543027 1    
12.57742984 1    
12.57865764 1    
12.58017913 1    
12.58167679 1    
12.58292922 1    
12.58442641 1    
12.58567708 1    
12.58717454 1    
12.58867919 1    
12.61691405 1    
12.61840689 1    
12.67898786 1    
12.71010988 1    
12.71160353 1    
12.71285614 1    
12.72084775 1    
12.72234649 1    
12.72384683 1    
12.72507649 1    
12.72657387 1    
12.72784660 1    
12.72934234 1    
12.73084427 1    
12.73207088 1    
12.76160647 -1   
12.77731997 1    
12.77879292 1    
12.78004527 1    
12.78531378 1    
12.78681522 1    
12.78831053 1    
12.79505724 1    
12.82479088 1    
12.82629258 1    
12.82778125 1    
12.82903878 1    
12.83053405 1    
12.83178168 1    
12.83330134 1    
12.83478251 1    
12.83603671 1    
12.83753409 1    
12.83878056 1    
12.84028435 1    
12.84177850 1    
12.84300862 1    
12.84325925 1    
12.84502744 1    
12.84627558 1    
12.84777794 1    
12.84902490 1    
12.85052582 1    
12.85202264 1    
12.85212320 -1   
12.85327346 1    
12.85477127 1    
12.85602705 1    
12.85751954 1    
12.85902091 1    
12.86024878 1    
12.86174788 1    
12.86324425 1    
12.86449464 1    
12.86599300 1    
12.86724594 1    
12.86874123 1    
12.87024161 1    
12.87148896 1    
12.87499049 1    
12.89397908 1    
12.89524874 1    
12.89675019 1    
12.89824825 1    
12.89949639 1    
12.90097650 1    
12.90247069 1    
12.90372287 1    
12.90547013 1    
12.90696857 1    
12.90821798 1    
12.90972088 1    
12.91121664 1    
12.91246858 1    
12.91698330 -1   
12.93123445 1    
12.93272725 1    
12.93397591 1    
12.95669577 1    
12.95794294 1    
12.95943820 1    
12.96096391 1    
12.96220442 1    
12.96371215 1    
12.96620847 1    
12.96770659 1    
12.96920561 1    
12.97045747 1    
12.97195430 1    
12.97320728 1    
12.97470136 1    
12.97793463 1    
12.97917839 1    
12.98092875 1    
12.98217659 1    
12.99614067 1    
13.03317716 1    
13.03467193 1    
13.03591877 1    
13.03741978 1    
13.03866564 1    
13.04016590 1    
13.04166390 1    
13.04289622 1    
13.04439285 1    
13.04556453 -1   
13.04563505 1    
13.04714129 1    
13.04863895 1    
13.04988785 1    
13.05138821 1    
13.05263528 1    
13.05413681 1    
13.05563235 1    
13.05688500 1    
13.05838312 1    
13.05963021 1    
13.06115355 1    
13.06264995 1    
13.06387893 1    
13.06540222 1    
13.11341715 -1   
13.18523871 1    
13.19397371 -1   
13.19398460 -1   
13.19426629 -1   
13.20298077 -1   
13.25052609 1    
13.33576041 1    
13.33579614 -1   
13.83533245 1    
13.85270664 1    
13.85395818 1    
13.85545096 1    
13.85695296 1    
13.85819428 1    
13.86269945 1    
13.86394494 1    
13.86544857 1    
13.86694275 1    
13.86819656 1    
13.86968719 1    
13.87119295 1    
13.87244043 1    
13.87393843 1    
13.87404113 -1   
13.87519022 1    
13.87666728 1    
13.87816715 1    
13.87943693 1    
13.88091722 1    
13.88218239 1    
13.88366014 1    
13.88517547 1    
13.88641308 1    
13.88792969 1    
13.88943125 1    
13.89068070 1    
13.89218373 1    
13.89342258 1    
13.89490758 1    
13.89642531 1    
13.89768075 1    
13.89917384 1    
13.90042692 1    
13.90192208 1    
14.00562202 1    
14.00711077 1    
14.00861223 1    
14.00984122 1    
14.01134021 1    
14.01285898 1    
14.01408919 1    
14.01560618 1    
14.01711021 1    
14.01835610 1    
14.01985380 1    
14.02135402 1    
14.02260594 1    
14.02410498 1    
14.02535371 1    
14.02684647 1    
14.02835298 1    
14.02959799 1    
14.02970177 -1   
14.03107811 1    
14.03259878 1    
14.03382915 1    
14.03532230 1    
14.03657659 1    
14.03807132 1    
14.03959258 1    
14.04084240 1    
14.04234435 1    
14.04358909 1    
14.04509141 1    
14.04510500 -1   
14.04659310 1    
14.04784406 1    
14.04933797 1    
14.05083667 1    
14.05206840 1    
14.05358462 1    
14.05483672 1    
14.05633466 1    
14.05783038 1    
14.05906005 1    
14.06056050 1    
14.06183249 1    
14.06333197 1    
14.06483031 1    
14.06605884 1    
14.06757660 1    
14.06882974 1    
14.07032466 1    
14.07182722 1    
14.07305277 1    
14.07457987 1    
14.07580275 1    
14.07731827 1    
14.07882027 1    
14.08005067 1    
14.08156871 1    
14.08281795 1    
14.08431192 1    
14.08581996 1    
14.08590983 -1   
14.08704669 1    
14.08856505 1    
14.16001378 1    
14.16150031 1    
14.16299875 1    
14.16424919 1    
14.16575106 1    
14.16699786 1    
14.16852324 1    
14.16999677 1    
14.17126993 1    
14.17276778 1    
14.17401588 1    
14.17551529 1    
14.17701934 1    
14.17826335 1    
14.17976553 1    
14.18126254 1    
14.18251627 1    
14.18401302 1    
14.18526009 1    
14.18675719 1    
14.18826196 1    
14.18950586 1    
14.19100790 1    
14.19225543 1    
14.19373670 1    
14.19523362 1    
14.19648113 1    
14.19797947 1    
14.19948166 1    
14.20075137 1    
14.20225492 1    
14.20350016 1    
14.20500147 1    
14.20649947 1    
14.20764135 -1   
14.20772498 1    
14.20774141 -1   
14.20922861 1    
14.21047485 1    
14.21197861 1    
14.21347417 1    
14.21472117 1    
14.21622272 1    
14.21772325 1    
14.21896930 1    
14.22047184 1    
14.22171825 1    
14.22322179 1    
14.22471698 1    
14.22596564 1    
14.22746569 1    
14.22871713 1    
14.23021301 1    
14.23171547 1    
14.23296292 1    
14.23446634 1    
14.23596117 1    
14.23720906 1    
14.23870856 1    
14.24021138 1    
14.24145686 1    
14.24295876 1    
14.24447694 1    
14.24572974 1    
14.24722294 1    
14.24845307 1    
14.24995076 1    
14.25145412 1    
14.25270098 1    
14.25422194 1    
14.25546896 1    
14.25662936 -1   
14.25695013 1    
14.25846700 1    
14.31444293 1    
14.31593532 1    
14.31741577 1    
14.31866272 1    
14.32016713 1    
14.32166046 1    
14.32340986 1    
14.32491003 1    
14.32643145 1    
14.36069716 -1   
14.38990054 1    
14.39139046 1    
14.39286987 1    
14.39415063 1    
14.39564122 1    
14.39689015 1    
14.39836995 1    
14.39988709 1    
14.40286705 1    
14.40416351 1    
14.40563366 1    
14.40713757 1    
14.40836665 1    
14.47834511 1    
14.47981990 1    
14.48134260 1    
14.48228799 1    
14.56432082 1    
14.60500482 1    
14.60511319 -1   
14.60651908 1    
14.60802149 1    
14.60926930 1    
14.61076201 1    
14.61201895 1    
14.61351377 1    
14.61501563 1    
14.61626300 1    
14.61774012 1    
14.61899056 1    
14.62051469 1    
14.62201351 1    
14.62326196 1    
14.63251523 1    
14.64524963 1    
14.71919149 1    
14.72070437 1    
14.72220527 1    
14.72345362 1    
14.72495441 1    
14.72620024 1    
14.72768081 1    
14.72917642 1    
14.73042568 1    
14.73192340 1    
14.73342741 1    
14.73469475 1    
14.73620114 1    
14.73744204 1    
14.73894331 1    
14.74044227 1    
14.74169052 1    
14.74316972 1    
14.75645997 -1   
14.77265781 1    
14.77415119 1    
14.78511979 1    
14.79364307 1    
14.79488939 1    
14.80113740 1    
14.80263809 1    
14.80415756 1    
14.80540304 1    
14.80690563 1    
14.80815933 1    
14.80965150 1    
14.81114997 1    
14.81240177 1    
14.81390517 1    
14.81540197 1    
14.81665145 1    
14.81815029 1    
14.81939787 1    
14.82089565 1    
14.82239445 1    
14.82364343 1    
14.82373729 -1   
14.82514745 1    
14.82637280 1    
14.82787257 1    
14.82936876 1    
14.83061836 1    
14.83211905 1    
14.83337143 1    
14.83486602 1    
14.83636802 1    
14.83761252 1    
14.83911504 1    
14.84061176 1    
14.84186065 1    
14.84335870 1    
14.87759822 1    
14.87911172 1    
14.88061498 1    
14.88185986 1    
14.88336298 1    
14.88461004 1    
14.88608721 1    
14.88760776 1    
14.88885964 1    
14.89035847 1    
14.89160731 1    
14.89308465 1    
14.89458543 1    
14.89608251 1    
14.89732979 1    
14.89882859 1    
14.90033235 1    
14.90157668 1    
14.90336026 1    
14.90459891 1    
14.90582845 1    
14.90732450 1    
14.90857568 1    
14.90867915 -1   
14.91007768 1    
14.91157182 1    
14.91282385 1    
14.91432000 1    
14.91557263 1    
14.91707008 1    
14.91856840 1    
14.91981832 1    
14.92131948 1    
14.92281517 1    
14.92406805 1    
14.92556505 1    
14.92683386 1    
14.92833761 1    
14.92983394 1    
14.94517638 1    
14.94519654 -1   
14.98430065 -1   
14.98880144 1    
14.99855319 1    
15.00004678 1    
15.09655713 1    
15.09659314 -1   
15.24819288 -1   
15.35594483 1    
15.54708846 1    
15.55197889 1    
15.55348078 1    
15.55495626 1    
15.55504174 -1   
15.55620670 1    
15.55770459 1    
15.55920579 1    
15.56072092 1    
15.56220246 1    
15.56370147 1    
15.56522370 1    
15.58546272 1    
15.58670653 1    
15.58820717 1    
15.58970754 1    
15.59095533 1    
15.59293661 1    
15.61369553 1    
15.64368167 1    
15.70488284 1    
15.74940671 -1   
15.85617507 1    
16.00731618 1    
16.03021392 -1   
16.39133537 1    
16.43297998 1    
16.58225834 1    
21.03671992 1    
23.11426049 -1   
23.12341879 -1   
23.12347840 -1   
23.26560087 -1   
23.56574453 1    
23.79137056 1    
26.60925625 1    
26.60942589 -1   
29.99380148 -1   
30.37309476 1    
30.37398788 -1   
