0.00000000 -1   
0.00014012 1    
0.15265416 -1   
0.15275551 1    
2.59737860 1    
2.80764065 -1   
2.89275799 1    
3.03823733 -1   
3.04449203 1    
3.18964996 -1   
3.19706645 1    
3.25301570 -1   
3.34976046 -1   
3.34991689 1    
3.50096739 -1   
3.54114002 1    
3.75208028 -1   
3.89333755 1    
4.03868171 -1   
4.04460182 1    
4.19032872 -1   
4.19650361 1    
4.36747409 -1   
4.36777103 1    
4.52015910 -1   
4.52046326 1    
4.67282013 -1   
4.97115356 -1   
4.97322520 1    
5.31395924 -1   
5.31493918 1    
5.69288809 -1   
5.69436157 -1   
5.69475583 -1   
5.70073019 1    
5.89475551 1    
5.90086624 -1   
6.04648650 1    
6.09124545 -1   
6.19789762 1    
6.25150271 -1   
6.26425413 1    
6.34928464 1    
6.40333046 -1   
6.49970288 1    
6.62819930 -1   
6.65137145 1    
6.77986479 -1   
6.97134601 -1   
6.97364619 1    
7.33629800 -1   
7.33726833 1    
7.70398830 -1   
7.70546103 -1   
7.70584377 -1   
7.70981861 1    
7.86119489 1    
8.01358309 1    
8.05888104 -1   
8.05911693 1    
8.21329514 -1   
8.21333496 1    
8.36468649 -1   
8.36885148 -1   
8.37035570 -1   
8.39184032 -1   
8.39331931 -1   
8.39458670 -1   
8.40106855 -1   
8.40256128 -1   
8.40381497 -1   
8.42886725 1    
8.49732164 -1   
8.52226647 -1   
8.52376470 -1   
8.52526081 -1   
8.52651163 -1   
8.54525172 -1   
8.54648076 -1   
8.54797735 -1   
8.54922820 -1   
8.55074673 -1   
8.55224707 -1   
8.55349419 -1   
8.55499626 -1   
8.55622217 -1   
8.55774436 -1   
8.55924293 -1   
8.56049246 -1   
8.58233999 -1   
8.58236923 1    
8.73783355 -1   
8.73802762 1    
8.74673314 1    
8.89985058 1    
8.91647288 -1   
9.01748705 -1   
9.09518541 -1   
9.09553749 1    
9.11091449 -1   
9.12117193 -1   
9.13939611 -1   
9.27215689 -1   
9.27234085 1    
9.42409684 -1   
9.45998098 -1   
9.46001529 1    
9.48469882 -1   
9.50545036 -1   
9.61222797 -1   
9.81172139 -1   
9.81229642 1    
9.81258478 1    
9.96671322 1    
10.12854927 -1   
10.12886675 1    
10.14831510 -1   
10.28271495 -1   
10.28275114 1    
10.29343574 1    
10.29344375 1    
10.43601830 -1   
10.43605613 1    
10.58813304 1    
10.62706150 -1   
10.62855833 -1   
10.62950815 -1   
10.63103511 -1   
10.63755565 -1   
10.64272829 1    
10.77048360 -1   
10.77053838 1    
10.77197671 -1   
10.77345398 -1   
10.77470523 -1   
10.78147266 -1   
10.78297285 -1   
10.78410055 1    
10.78447476 -1   
10.78514909 -1   
10.79374871 1    
10.86690366 -1   
10.86814699 -1   
10.93717902 1    
10.94110009 -1   
10.95441850 1    
11.10947492 -1   
11.10951056 1    
11.15201268 -1   
11.15350732 -1   
11.15476069 -1   
11.15625117 -1   
11.15750628 -1   
11.15900276 -1   
11.16050279 -1   
11.16175343 -1   
11.16323662 -1   
11.16449861 -1   
11.16600100 -1   
11.16747851 -1   
11.19198843 -1   
11.21272761 -1   
11.21422324 -1   
11.21571947 -1   
11.25345893 -1   
11.25358369 1    
11.25470129 -1   
11.25619404 -1   
11.25742402 -1   
11.25894530 -1   
11.26045584 -1   
11.26169343 -1   
11.26317623 -1   
11.26442482 -1   
11.26594364 -1   
11.26741986 -1   
11.26868937 -1   
11.27020193 -1   
11.27143472 -1   
11.27291871 -1   
11.27444048 -1   
11.27568107 -1   
11.27718403 -1   
11.27841397 -1   
11.27993271 -1   
11.28143456 -1   
11.28144782 1    
11.28278281 -1   
11.30667570 -1   
11.30817039 -1   
11.30939501 -1   
11.31091909 -1   
11.31241461 -1   
11.31366309 -1   
11.31515955 -1   
11.31639362 -1   
11.31791094 -1   
11.31941303 -1   
11.32066060 -1   
11.32214164 -1   
11.32338724 -1   
11.32490693 -1   
11.32612967 -1   
11.32765570 -1   
11.32890470 -1   
11.33040658 -1   
11.33190287 -1   
11.33313280 -1   
11.33529091 1    
11.35239192 -1   
11.35389046 -1   
11.35539557 -1   
11.35661908 -1   
11.36613930 -1   
11.36762873 -1   
11.36888548 -1   
11.37036100 -1   
11.37162971 -1   
11.37310943 -1   
11.37462875 -1   
11.37587150 -1   
11.41036209 -1   
11.41160783 -1   
11.41311015 -1   
11.41433606 -1   
11.41585663 -1   
11.41733349 -1   
11.41860895 -1   
11.42010281 -1   
11.42135486 -1   
11.42283119 -1   
11.42435496 -1   
11.42559558 -1   
11.42707791 -1   
11.42832659 -1   
11.42984952 -1   
11.43132609 -1   
11.43259446 -1   
11.43409080 -1   
11.43522131 1    
11.43532579 -1   
11.43684391 -1   
11.43834812 -1   
11.43959118 -1   
11.44109000 -1   
11.44231930 -1   
11.44383694 -1   
11.44531773 -1   
11.44658787 -1   
11.44808642 -1   
11.44933890 -1   
11.45081462 -1   
11.45233640 -1   
11.45357863 -1   
11.45469211 1    
11.45508372 -1   
11.45658128 -1   
11.45783494 -1   
11.45933138 -1   
11.46058244 -1   
11.46205726 -1   
11.46207150 1    
11.46355937 -1   
11.46480615 -1   
11.46630658 -1   
11.46755423 -1   
11.46905602 -1   
11.47055301 -1   
11.47180550 -1   
11.47330205 -1   
11.47480364 -1   
11.47604922 -1   
11.47757018 -1   
11.47882065 -1   
11.48030100 -1   
11.48181483 1    
11.48181766 -1   
11.48304851 -1   
11.48454526 -1   
11.48581786 -1   
11.48732033 -1   
11.48881360 -1   
11.49006610 -1   
11.49117720 1    
11.49155616 -1   
11.49306074 -1   
11.49431186 -1   
11.49581076 -1   
11.49706189 -1   
11.49855944 -1   
11.50003923 -1   
11.50130795 -1   
11.50280926 -1   
11.50405738 -1   
11.50555343 -1   
11.50703291 -1   
11.50830734 -1   
11.50980101 -1   
11.51098365 1    
11.51128332 -1   
11.51255306 -1   
11.51402913 -1   
11.51527642 -1   
11.51679533 -1   
11.51829766 -1   
11.51955145 -1   
11.52104472 -1   
11.52227788 -1   
11.52379299 -1   
11.52529350 -1   
11.52654261 -1   
11.52804379 -1   
11.52929106 -1   
11.53079277 -1   
11.53228956 -1   
11.53354100 -1   
11.53503713 -1   
11.53628575 -1   
11.53778678 -1   
11.53929729 -1   
11.54053502 -1   
11.54063983 1    
11.54203692 -1   
11.54326254 -1   
11.54478472 -1   
11.54628120 -1   
11.54753581 -1   
11.54903277 -1   
11.55025956 -1   
11.56477908 -1   
11.56627198 -1   
11.56851735 -1   
11.57001957 -1   
11.57126776 -1   
11.57274825 -1   
11.57424419 -1   
11.57549441 -1   
11.57701279 -1   
11.57826284 -1   
11.57974143 -1   
11.58126392 -1   
11.58251081 -1   
11.58400713 -1   
11.58525815 -1   
11.58676522 -1   
11.58825873 -1   
11.58950736 -1   
11.59100653 -1   
11.59226158 -1   
11.59375247 -1   
11.59525589 -1   
11.59650152 -1   
11.59800538 -1   
11.59925081 -1   
11.60075049 -1   
11.60224851 -1   
11.60347889 -1   
11.60499679 -1   
11.60509015 1    
11.60625131 -1   
11.60772653 -1   
11.60922397 -1   
11.61047298 -1   
11.61197405 -1   
11.61322080 -1   
11.61472370 -1   
11.61621908 -1   
11.61747129 -1   
11.61898930 -1   
11.62048810 -1   
11.62173717 -1   
11.62321984 -1   
11.62473571 -1   
11.62598718 -1   
11.62748675 -1   
11.62898608 -1   
11.63023101 -1   
11.63174982 -1   
11.63197810 -1   
11.63475393 1    
11.63861598 1    
11.64838923 1    
11.72597948 1    
11.72598786 1    
11.78644645 1    
12.05434592 -1   
12.05527164 1    
12.08749702 -1   
12.08897170 -1   
12.15768704 -1   
12.15918085 -1   
12.16041417 -1   
12.16192971 -1   
12.16340958 -1   
12.16467825 -1   
12.16617518 -1   
12.16740418 -1   
12.16892619 -1   
12.17042561 -1   
12.17167640 -1   
12.17315549 -1   
12.17440088 -1   
12.17592066 -1   
12.17742292 -1   
12.17867059 -1   
12.18014959 -1   
12.18139459 -1   
12.18291926 -1   
12.18439279 -1   
12.18566404 -1   
12.18716424 -1   
12.18839342 -1   
12.18989096 -1   
12.19139306 -1   
12.19263796 -1   
12.19414062 -1   
12.19424441 1    
12.19538771 -1   
12.19688880 -1   
12.19838978 -1   
12.19965770 -1   
12.20115324 -1   
12.20265860 -1   
12.20390712 -1   
12.20540435 -1   
12.20663146 -1   
12.20815520 -1   
12.20965782 -1   
12.21090817 -1   
12.21240230 -1   
12.21365307 -1   
12.21513050 -1   
12.21662965 -1   
12.21789645 -1   
12.21939851 -1   
12.22089838 -1   
12.22214660 -1   
12.22363713 -1   
12.22489389 -1   
12.22639638 -1   
12.22789278 -1   
12.22913889 -1   
12.23064148 -1   
12.23065616 1    
12.23189269 -1   
12.24188665 -1   
12.24336003 -1   
12.24463338 -1   
12.24613263 -1   
12.31235405 -1   
12.31383683 -1   
12.31509411 -1   
12.31659547 -1   
12.31809654 -1   
12.31933663 -1   
12.32083936 -1   
12.32208864 -1   
12.32359149 -1   
12.32508733 -1   
12.32634113 -1   
12.32783493 -1   
12.32908557 -1   
12.33058428 -1   
12.33208218 -1   
12.33331184 -1   
12.33483248 -1   
12.33632803 -1   
12.33757998 -1   
12.33908174 -1   
12.34030809 -1   
12.34182602 -1   
12.34332879 -1   
12.34457749 -1   
12.34607545 -1   
12.34730013 -1   
12.34882608 -1   
12.35030424 -1   
12.35157214 -1   
12.35306973 -1   
12.35432226 -1   
12.35581891 -1   
12.35731930 -1   
12.35856743 -1   
12.36006931 -1   
12.36131668 -1   
12.36281645 -1   
12.36431253 -1   
12.36557181 -1   
12.36706384 -1   
12.36831305 -1   
12.36980846 -1   
12.37131176 -1   
12.37256235 -1   
12.37405884 -1   
12.37530656 -1   
12.37680876 -1   
12.37831024 -1   
12.37955602 -1   
12.38105154 -1   
12.38230584 -1   
12.38380421 -1   
12.38530499 -1   
12.38654970 -1   
12.38803228 -1   
12.38955099 -1   
12.39077977 -1   
12.39227459 -1   
12.39352617 -1   
12.39502761 -1   
12.39652510 -1   
12.39777143 -1   
12.39927266 -1   
12.40052186 -1   
12.40204415 -1   
12.40354025 -1   
12.40479262 -1   
12.40629261 -1   
12.40779285 -1   
12.40903646 -1   
12.41053929 -1   
12.41178922 -1   
12.41328740 -1   
12.41478465 -1   
12.41603570 -1   
12.41753510 -1   
12.41878417 -1   
12.42025943 -1   
12.42178182 -1   
12.42303154 -1   
12.42450901 -1   
12.42600444 -1   
12.42725704 -1   
12.42875630 -1   
12.43000672 -1   
12.43002344 1    
12.43150141 -1   
12.43300290 -1   
12.46598926 -1   
12.46723557 -1   
12.46975146 -1   
12.47125387 -1   
12.47427346 -1   
12.47550771 -1   
12.47822581 -1   
12.47947657 -1   
12.48122591 -1   
12.48372510 -1   
12.48487281 1    
12.48522363 -1   
12.48799274 -1   
12.48972324 -1   
12.49247439 -1   
12.49396837 -1   
12.49513490 1    
12.49521665 -1   
12.49796594 -1   
12.49923896 -1   
12.50198345 -1   
12.50423748 -1   
12.50746018 -1   
12.50895983 -1   
12.51045814 -1   
12.51195590 -1   
12.51370551 -1   
12.51520769 -1   
12.51645214 -1   
12.51797722 -1   
12.51920313 1    
12.51945375 -1   
12.52072967 -1   
12.52222270 -1   
12.52344889 -1   
12.52497433 -1   
12.52498414 -1   
12.53047874 -1   
12.53221736 -1   
12.53346819 -1   
12.53496615 -1   
12.53621231 -1   
12.53771463 -1   
12.53919831 -1   
12.54044497 -1   
12.54196427 -1   
12.61542436 -1   
12.61545602 1    
12.61691828 -1   
12.61842106 -1   
12.62691705 -1   
12.62816443 -1   
12.62966384 -1   
12.63088899 -1   
12.63238649 -1   
12.63388586 -1   
12.63516210 -1   
12.63665913 -1   
12.63790781 -1   
12.63938407 -1   
12.64090634 -1   
12.64215274 -1   
12.64365309 -1   
12.64515139 -1   
12.64638421 -1   
12.67651254 -1   
12.67664298 1    
12.74636150 -1   
12.74784378 -1   
12.75259727 -1   
12.75408963 -1   
12.75533908 -1   
12.75683775 -1   
12.75834007 -1   
12.75958767 -1   
12.76109343 -1   
12.76233661 -1   
12.76383885 -1   
12.76533298 -1   
12.76658242 -1   
12.76808312 -1   
12.76933426 -1   
12.77081020 -1   
12.77231299 -1   
12.77233096 1    
12.82431177 -1   
12.82579814 -1   
12.82813073 -1   
12.83254799 -1   
12.83404138 -1   
12.83529375 -1   
12.83679502 -1   
12.83829023 -1   
12.83952159 -1   
12.83959818 1    
12.84103946 -1   
12.84229033 -1   
12.84378780 -1   
12.84528701 -1   
12.84651858 -1   
12.84801207 -1   
12.84926489 -1   
12.85078312 -1   
12.85228217 -1   
12.85353218 -1   
12.85503648 -1   
12.85629677 -1   
12.85778314 -1   
12.85927984 -1   
12.86053323 -1   
12.86202764 -1   
12.86327705 -1   
12.86477561 -1   
12.86627770 -1   
12.86752541 -1   
12.86902533 -1   
12.87025241 -1   
12.87177379 -1   
12.87325061 -1   
12.87450023 -1   
12.87599953 -1   
12.87724994 -1   
12.87874696 -1   
12.88024836 -1   
12.88149296 -1   
12.88299706 -1   
12.88424344 -1   
12.88576321 -1   
12.88726433 -1   
12.88851572 -1   
12.88968260 1    
12.89002197 -1   
12.89151475 -1   
12.89276180 -1   
12.89426096 -1   
12.89550787 -1   
12.89700730 -1   
12.89851164 -1   
12.89975716 -1   
12.90125805 -1   
12.90275436 -1   
12.90400632 -1   
12.90550154 -1   
12.90673945 -1   
12.90822941 -1   
12.90975294 -1   
12.91099739 -1   
12.91250083 -1   
12.91399371 -1   
12.91525394 -1   
12.91674626 -1   
12.91824587 -1   
12.91949404 -1   
12.92099547 -1   
12.92224391 -1   
12.92374464 -1   
12.92525630 -1   
12.92649492 -1   
12.92798927 -1   
12.92924055 -1   
12.93073538 -1   
12.93224129 -1   
12.93348691 -1   
12.93498836 -1   
12.93500157 1    
12.93623776 -1   
12.97919707 -1   
12.98043888 -1   
12.98646017 -1   
12.98770604 -1   
12.98918645 -1   
12.99043451 -1   
12.99195319 -1   
12.99345279 -1   
12.99470512 -1   
12.99620070 -1   
12.99743138 -1   
12.99867372 -1   
13.08792789 1    
13.15068916 1    
13.15069874 1    
13.15097902 1    
13.15098456 1    
13.15104030 -1   
13.24531610 -1   
13.24535180 1    
13.26603161 -1   
13.26727503 -1   
13.26879821 -1   
13.31185485 -1   
13.46435075 -1   
13.51639393 -1   
13.51790370 -1   
13.53337910 -1   
13.53348575 1    
13.53489758 -1   
13.53614274 -1   
13.53761715 -1   
13.53912056 -1   
13.54037300 -1   
13.54186783 -1   
13.54311999 -1   
13.54461642 -1   
13.54611615 -1   
13.54736568 -1   
13.54888438 -1   
13.55011429 -1   
13.55163614 -1   
13.55313121 -1   
13.55438580 -1   
13.55588113 -1   
13.55736131 -1   
13.55860814 -1   
13.56012719 -1   
13.56137770 -1   
13.56288226 -1   
13.56437976 -1   
13.56562750 -1   
13.56710467 -1   
13.56837488 -1   
13.56985352 -1   
13.57135409 -1   
13.57259774 -1   
13.57410226 -1   
13.57535010 -1   
13.57685046 -1   
13.57834554 -1   
13.57959447 -1   
13.58109317 -1   
13.58234668 -1   
13.58384260 -1   
13.58534478 -1   
13.58659062 -1   
13.58667600 1    
13.58811339 -1   
13.58934072 -1   
13.59084480 -1   
13.59233716 -1   
13.59359079 -1   
13.59508635 -1   
13.59633681 -1   
13.59783536 -1   
13.59933765 -1   
13.60058362 -1   
13.60210797 -1   
13.60360369 -1   
13.60485587 -1   
13.60635302 -1   
13.60758783 -1   
13.60907714 -1   
13.61057715 -1   
13.61182496 -1   
13.61332705 -1   
13.61482555 -1   
13.61632810 -1   
13.61759576 -1   
13.61909634 -1   
13.62034583 -1   
13.62184517 -1   
13.62332359 -1   
13.62459025 -1   
13.62609310 -1   
13.62734238 -1   
13.62884015 -1   
13.63034242 -1   
13.63158960 -1   
13.63308805 -1   
13.67132197 -1   
13.67280858 -1   
13.68780619 -1   
13.68783468 1    
13.69003546 -1   
13.69130620 -1   
13.69330041 -1   
13.69480430 -1   
13.69630253 -1   
13.69755189 -1   
13.69904642 -1   
13.70052983 -1   
13.70177873 -1   
13.70330041 -1   
13.70454515 -1   
13.70602727 -1   
13.70752651 -1   
13.70877370 -1   
13.71027291 -1   
13.71152235 -1   
13.71302192 -1   
13.71452266 -1   
13.71578796 -1   
13.71726988 -1   
13.71879070 -1   
13.72004004 -1   
13.72153585 -1   
13.72278825 -1   
13.72428571 -1   
13.72578538 -1   
13.72703226 -1   
13.72853461 -1   
13.72978254 -1   
13.73126300 -1   
13.73277856 -1   
13.73403378 -1   
13.73602728 -1   
13.73752968 -1   
13.73877992 -1   
13.74025677 -1   
13.74175109 -1   
13.74300436 -1   
13.74450207 -1   
13.74575303 -1   
13.74725044 -1   
13.74875391 -1   
13.75002341 -1   
13.75152117 -1   
13.75276608 -1   
13.75426986 -1   
13.75576813 -1   
13.75701378 -1   
13.75851630 -1   
13.76001765 -1   
13.76126573 -1   
13.76276570 -1   
13.76401147 -1   
13.76551573 -1   
13.76699224 -1   
13.76826349 -1   
13.76975853 -1   
13.77101092 -1   
13.77248834 -1   
13.77400898 -1   
13.77525795 -1   
13.77675723 -1   
13.77823474 -1   
13.77950462 -1   
13.78100107 -1   
13.78223160 -1   
13.78375244 -1   
13.78525075 -1   
13.78674884 -1   
13.82521603 -1   
13.82645687 -1   
13.83449963 1    
13.84345088 -1   
13.84347306 1    
13.84496274 -1   
13.84796666 -1   
13.85044432 -1   
13.85246188 -1   
13.85370936 -1   
13.85643809 -1   
13.85818864 -1   
13.85943417 -1   
13.86193611 -1   
13.86343500 -1   
13.86618393 -1   
13.86795267 -1   
13.87069661 -1   
13.87217915 -1   
13.87468405 -1   
13.87617639 -1   
13.87817654 -1   
13.88092255 -1   
13.88367395 -1   
13.88519147 -1   
13.88744139 -1   
13.88943917 -1   
13.89092325 -1   
13.89241691 -1   
13.89616960 -1   
13.89766299 -1   
13.89916767 -1   
13.90066058 -1   
13.90218216 -1   
13.90341077 -1   
13.90493356 -1   
13.90589066 -1   
13.90601125 1    
13.94864502 -1   
13.95013388 -1   
13.95138148 -1   
13.95290353 -1   
13.95440717 -1   
13.95565171 -1   
13.95713229 -1   
13.95837900 -1   
13.95988036 -1   
13.96137595 -1   
13.96862306 -1   
13.97014283 -1   
13.97137483 -1   
13.97288556 -1   
13.97439456 -1   
13.97564024 -1   
13.97713760 -1   
14.04113451 1    
14.05582725 -1   
14.05732339 -1   
14.05882516 -1   
14.05907699 -1   
14.09305595 -1   
14.09430202 -1   
14.09579895 -1   
14.09704962 -1   
14.09855061 -1   
14.10004596 -1   
14.10129858 -1   
14.10281818 -1   
14.10431888 -1   
14.10556644 -1   
14.10706669 -1   
14.10831520 -1   
14.10981865 -1   
14.11131339 -1   
14.11256410 -1   
14.11406170 -1   
14.11531189 -1   
14.11680407 -1   
14.11828862 -1   
14.11953528 -1   
14.12105961 -1   
14.12228540 -1   
14.12380750 -1   
14.12528226 -1   
14.12655677 -1   
14.12805184 -1   
14.12930203 -1   
14.13080297 -1   
14.13230271 -1   
14.13352829 -1   
14.13505345 -1   
14.13515393 1    
14.13627980 -1   
14.13779902 -1   
14.16853608 -1   
14.17002872 -1   
14.17128158 -1   
14.17275796 -1   
14.17425795 -1   
14.17550492 -1   
14.17702701 -1   
14.17827494 -1   
14.17977564 -1   
14.18125031 -1   
14.18252475 -1   
14.18399851 -1   
14.18527388 -1   
14.18677107 -1   
14.18827249 -1   
14.18951771 -1   
14.19101782 -1   
14.19226717 -1   
14.21063641 -1   
14.21067644 1    
14.22125682 -1   
14.22272937 -1   
14.22400055 -1   
14.22549742 -1   
14.22699732 -1   
14.22822337 -1   
14.22974655 -1   
14.23099445 -1   
14.24722204 -1   
14.24871185 -1   
14.25021366 -1   
14.25145885 -1   
14.25345991 -1   
14.25495875 -1   
14.25620963 -1   
14.25773202 -1   
14.25923067 -1   
14.26072669 -1   
14.26222842 -1   
14.26348683 -1   
14.26497429 -1   
14.26645617 -1   
14.26772445 -1   
14.26888931 1    
14.26919630 -1   
14.27049240 -1   
14.27197339 -1   
14.27344787 -1   
14.27469797 -1   
14.27622416 -1   
14.27772269 -1   
14.27922002 -1   
14.28044635 -1   
14.28194231 -1   
14.28346594 -1   
14.28471235 -1   
14.28621136 -1   
14.28744214 -1   
14.28895777 -1   
14.29046190 -1   
14.29171196 -1   
14.29320722 -1   
14.29443759 -1   
14.29595692 -1   
14.32320029 -1   
14.32469082 -1   
14.32644464 -1   
14.32768914 -1   
14.32918955 -1   
14.33041744 -1   
14.33193497 -1   
14.33341427 -1   
14.33468714 -1   
14.33618311 -1   
14.33741845 -1   
14.33893403 -1   
14.34041497 -1   
14.34165924 -1   
14.34315829 -1   
14.34440762 -1   
14.34551142 1    
14.34592625 -1   
14.34741063 -1   
14.35040920 -1   
14.36451570 1    
14.36515597 -1   
14.36517266 1    
14.37589669 -1   
14.37713884 -1   
14.37864053 -1   
14.37988495 -1   
14.38138927 -1   
14.38290180 -1   
14.38438409 -1   
14.38565412 -1   
14.40214982 -1   
14.40337590 -1   
14.40489044 -1   
14.51765613 1    
14.73656124 -1   
14.88908177 -1   
14.90522328 1    
15.01830368 -1   
15.03953979 -1   
15.25425768 -1   
15.36959973 -1   
15.44666437 -1   
18.45095649 -1   
22.35909397 1    
22.36825336 1    
22.36858241 1    
22.51054336 1    
22.72223656 -1   
23.11201615 -1   
26.59878150 -1   
