0.00000000 1    
0.00012860 -1   
1.19851398 -1   
1.41443272 1    
1.41461637 -1   
1.56709628 1    
1.56713063 -1   
1.72088157 1    
1.72091704 -1   
1.91298123 1    
1.94929766 1    
1.95077438 1    
2.00478156 -1   
2.00676751 1    
2.10027757 1    
2.20370383 -1   
2.25145035 1    
2.35561860 -1   
2.40363580 1    
2.41203516 1    
2.44077495 1    
2.44224197 1    
2.55560542 1    
2.55589957 -1   
2.70696174 1    
2.78761100 -1   
2.89784698 1    
3.00513139 -1   
3.11023438 1    
3.23959932 -1   
3.34057861 1    
3.55165131 -1   
3.65191862 1    
3.84255678 1    
3.84260749 -1   
4.15913602 1    
4.15917174 -1   
4.37276318 1    
4.37279973 -1   
4.69922886 1    
4.70071985 1    
4.70094905 1    
4.70656524 -1   
4.96691859 1    
4.96722136 -1   
5.16490514 1    
5.16494051 -1   
5.17769319 -1   
5.32573878 1    
5.32577332 -1   
5.47632007 -1   
5.57232239 1    
5.77478031 1    
5.77480916 -1   
5.92737619 1    
5.92741109 -1   
6.24765943 -1   
6.27816930 1    
6.57426883 1    
6.57523626 -1   
6.89597066 1    
6.89744689 1    
6.89769093 1    
6.90155731 -1   
7.05417646 -1   
7.22513001 1    
7.22535924 -1   
7.39554678 1    
7.59557148 1    
7.59681366 1    
7.59799402 1    
7.59954297 1    
7.60078961 1    
7.60779146 1    
7.60905579 1    
7.61053467 1    
7.63503291 -1   
7.69749779 1    
7.69875477 1    
7.74972757 1    
7.75122727 1    
7.75272919 1    
7.75397451 1    
7.75547324 1    
7.75694922 1    
7.75844924 1    
7.75969458 1    
7.76121434 1    
7.76271546 1    
7.76396908 1    
7.76544354 1    
7.76671388 1    
7.76821953 1    
7.79046310 1    
7.79049688 -1   
7.79084765 1    
7.98353599 1    
7.98370822 -1   
7.99328333 -1   
8.13611309 1    
8.13615348 -1   
8.21172199 1    
8.28877066 1    
8.35136900 1    
8.35165564 -1   
8.38234689 1    
8.40383184 1    
8.43531756 1    
8.43932559 1    
8.53981967 1    
8.59026327 1    
8.59055252 -1   
8.81444938 1    
9.00657775 -1   
9.09553993 1    
9.09589791 -1   
9.25019859 1    
9.25023580 -1   
9.40156717 -1   
9.60152230 1    
9.60264930 -1   
9.62765736 1    
9.62889929 1    
9.75536850 1    
9.75540261 -1   
9.76607248 -1   
9.76608183 -1   
9.91928468 -1   
9.95144654 1    
9.95296367 1    
9.95332020 1    
9.96685602 -1   
10.10463209 1    
10.10468623 -1   
10.10587823 1    
10.12149928 1    
10.13493171 -1   
10.25559023 -1   
10.27977899 1    
10.28127526 1    
10.28150502 1    
10.29469394 -1   
10.29751895 1    
10.29899270 1    
10.30799250 1    
10.30950867 1    
10.31076205 1    
10.35066697 -1   
10.44845184 1    
10.44848823 -1   
10.46211823 -1   
10.58336057 1    
10.58486244 1    
10.60181315 1    
10.60184018 -1   
10.61550519 -1   
10.71401162 1    
10.71550283 1    
10.72577278 1    
10.72726845 1    
10.72877149 1    
10.75350629 1    
10.75498435 1    
10.75621804 1    
10.75622924 -1   
10.76350275 1    
10.76499897 1    
10.76624908 1    
10.78448992 1    
10.78598576 1    
10.80423020 1    
10.80572698 1    
10.81096696 1    
10.81247311 1    
10.81396817 1    
10.83945823 1    
10.84068442 1    
10.84695237 1    
10.85767398 1    
10.85919511 1    
10.86067215 1    
10.86769089 1    
10.86918704 1    
10.87843766 1    
10.87968106 1    
10.88117619 1    
10.88842963 1    
10.88992723 1    
10.89115371 1    
10.89867475 1    
10.90891533 1    
10.90899370 -1   
10.91041446 1    
10.91105799 1    
10.91107061 -1   
10.92015730 1    
10.92163745 1    
10.93090465 1    
10.93240189 1    
10.93365320 1    
10.93514862 1    
10.93664851 1    
10.93792800 1    
10.93989892 1    
10.94137447 1    
10.95861845 1    
10.96013737 1    
10.96163755 1    
10.96288317 1    
10.96438668 1    
10.96564992 1    
10.97562874 1    
10.97712603 1    
10.98337511 1    
10.98462105 1    
10.98612290 1    
10.99536747 1    
10.99661823 1    
10.99809231 1    
10.99934044 1    
11.00084174 1    
11.00234123 1    
11.00630996 -1   
11.00759221 1    
11.00911025 1    
11.01035931 1    
11.01760335 1    
11.01910166 1    
11.02832835 1    
11.02982563 1    
11.03108896 1    
11.03659878 1    
11.03809020 1    
11.03934325 1    
11.04081874 1    
11.04208216 1    
11.04358776 1    
11.04573670 -1   
11.04658973 1    
11.04808802 1    
11.04958831 1    
11.05083207 1    
11.05233403 1    
11.05358126 1    
11.05533719 1    
11.05657989 1    
11.06558304 1    
11.06707437 1    
11.06857818 1    
11.07007280 1    
11.07074193 1    
11.07075841 -1   
11.07530270 1    
11.07681895 1    
11.07807057 1    
11.08306631 1    
11.08456688 1    
11.08606258 1    
11.08731522 1    
11.08881414 1    
11.09157050 1    
11.09278931 1    
11.09428883 1    
11.09553522 1    
11.09703938 1    
11.09853628 1    
11.09978235 1    
11.10128324 1    
11.10282319 1    
11.10952832 1    
11.10991803 -1   
11.11078131 1    
11.11230098 1    
11.11352566 1    
11.11502829 1    
11.11902666 1    
11.12052339 1    
11.12177322 1    
11.12329502 1    
11.12481909 1    
11.12892202 -1   
11.13053959 1    
11.13203851 1    
11.13328949 1    
11.13878501 1    
11.14026239 1    
11.14177683 1    
11.14303240 1    
11.14450914 1    
11.14578184 1    
11.14727735 1    
11.14878370 1    
11.15002519 1    
11.15152524 1    
11.15302426 1    
11.15427666 1    
11.15577273 1    
11.15701911 1    
11.15850077 1    
11.16002360 1    
11.16124789 1    
11.16276919 1    
11.16402048 1    
11.16549943 1    
11.16699365 1    
11.16824681 1    
11.17225738 1    
11.17376512 1    
11.17500644 1    
11.17651176 1    
11.17775965 1    
11.17926152 1    
11.18075787 1    
11.18203024 1    
11.18350890 1    
11.18359814 -1   
11.18500914 1    
11.18650639 1    
11.18775691 1    
11.18925508 1    
11.19048734 1    
11.19198142 1    
11.19347840 1    
11.19472757 1    
11.19625238 1    
11.19747817 1    
11.19897948 1    
11.20049788 1    
11.20175232 1    
11.20322416 1    
11.20474383 1    
11.20599401 1    
11.20747468 1    
11.20874925 1    
11.21024792 1    
11.21131238 -1   
11.21174369 1    
11.21299794 1    
11.21449214 1    
11.21574186 1    
11.21724687 1    
11.21873918 1    
11.21998736 1    
11.22110785 -1   
11.22146471 1    
11.22273698 1    
11.22421492 1    
11.22571204 1    
11.22696358 1    
11.22846090 1    
11.22973338 1    
11.23122658 1    
11.23271086 1    
11.23272385 -1   
11.23397834 1    
11.23545614 1    
11.23674874 1    
11.23822445 1    
11.23972283 1    
11.24122208 1    
11.24245526 1    
11.24397134 1    
11.24522283 1    
11.24672070 1    
11.24791921 1    
11.25219893 -1   
11.26270228 1    
11.26421153 1    
11.26543832 1    
11.26695983 1    
11.26821345 1    
11.27443642 1    
11.27570705 1    
11.27720550 1    
11.27843295 1    
11.27995114 1    
11.28145227 1    
11.28267910 1    
11.28420406 1    
11.28544895 1    
11.28695075 1    
11.28842586 1    
11.28969296 1    
11.29117454 1    
11.29269808 1    
11.29419620 1    
11.29732511 -1   
11.38418439 -1   
11.40622729 1    
11.41627376 -1   
11.47195666 -1   
11.53784877 -1   
11.64534359 1    
11.75548374 -1   
11.84171457 1    
11.89058399 1    
11.89183160 1    
11.90660353 -1   
11.95507471 1    
11.97106435 1    
11.97255645 1    
11.97379948 1    
11.97528710 1    
11.97682302 1    
11.98805473 1    
11.98954299 1    
11.99078932 1    
11.99227428 1    
11.99377488 1    
11.99502112 1    
11.99652568 1    
11.99779510 1    
11.99977023 1    
12.00126769 1    
12.00278727 1    
12.00403782 1    
12.00553921 1    
12.00678839 1    
12.00826753 1    
12.00978539 1    
12.01103677 1    
12.01253678 1    
12.01400944 1    
12.01529368 1    
12.01678423 1    
12.01802951 1    
12.01953152 1    
12.01962544 -1   
12.02100881 1    
12.02225432 1    
12.02377549 1    
12.02500501 1    
12.02650628 1    
12.02800273 1    
12.02925321 1    
12.03074896 1    
12.03225244 1    
12.03349776 1    
12.03499702 1    
12.03624608 1    
12.03774758 1    
12.03924412 1    
12.04049751 1    
12.04199453 1    
12.04324512 1    
12.04474156 1    
12.04623960 1    
12.04692881 1    
12.04874545 1    
12.04999142 1    
12.05149108 1    
12.05276114 1    
12.05426096 1    
12.05575846 1    
12.05700672 1    
12.05848426 1    
12.05975747 1    
12.06125586 1    
12.06275700 1    
12.06399980 1    
12.06548358 1    
12.06672998 1    
12.06822950 1    
12.06829376 -1   
12.06975306 1    
12.07099832 1    
12.07250305 1    
12.07375531 1    
12.07522897 1    
12.07674696 1    
12.07799486 1    
12.07949607 1    
12.08099739 1    
12.08222106 1    
12.08375356 1    
12.08499228 1    
12.08649452 1    
12.08651264 -1   
12.08798984 1    
12.08948836 1    
12.09073574 1    
12.09223709 1    
12.09346776 1    
12.09498485 1    
12.09648828 1    
12.09773549 1    
12.09923245 1    
12.10073761 1    
12.10198368 1    
12.10348011 1    
12.10473444 1    
12.10622854 1    
12.10770955 1    
12.10897708 1    
12.11047581 1    
12.11172608 1    
12.11322871 1    
12.11472105 1    
12.11599091 1    
12.11608041 -1   
12.11745507 1    
12.11872179 1    
12.12022249 1    
12.12171599 1    
12.12297181 1    
12.12444789 1    
12.12572041 1    
12.12746569 1    
12.12871937 1    
12.13021425 1    
12.13171395 1    
12.13296419 1    
12.13444386 1    
12.13571135 1    
12.13721516 1    
12.14271028 1    
12.14394471 1    
12.14545748 1    
12.14670614 1    
12.14818540 1    
12.14968536 1    
12.15095269 1    
12.15245598 1    
12.15370055 1    
12.15520369 1    
12.15670073 1    
12.15792852 1    
12.15944758 1    
12.16070065 1    
12.16219824 1    
12.16369839 1    
12.16494559 1    
12.16644792 1    
12.16767641 1    
12.16918816 1    
12.17071014 1    
12.17078041 -1   
12.17219485 1    
12.17344021 1    
12.17494173 1    
12.17644010 1    
12.17843821 1    
12.17968998 1    
12.18116717 1    
12.18278873 1    
12.18393328 1    
12.18543342 1    
12.18668545 1    
12.18817943 1    
12.18968467 1    
12.19093022 1    
12.19243473 1    
12.19367866 1    
12.19518038 1    
12.19667699 1    
12.19792845 1    
12.19942510 1    
12.20067848 1    
12.20216734 1    
12.20367034 1    
12.20492251 1    
12.20642079 1    
12.20789894 1    
12.20917313 1    
12.21066779 1    
12.21192085 1    
12.21341699 1    
12.21491975 1    
12.21616871 1    
12.21766533 1    
12.21891489 1    
12.22041742 1    
12.22064773 1    
12.22069487 -1   
12.23867999 -1   
12.26737305 1    
12.26888965 1    
12.36033697 1    
12.36158293 1    
12.36308364 1    
12.36433287 1    
12.36783398 1    
12.37137273 1    
12.37355781 -1   
12.37707831 1    
12.37830195 1    
12.37982649 1    
12.38107265 1    
12.38257172 1    
12.38681886 1    
12.38832111 1    
12.38957324 1    
12.39104781 1    
12.39256727 1    
12.39381581 1    
12.41003731 1    
12.41006289 -1   
12.41157914 1    
12.46303478 1    
12.46450370 1    
12.47577229 1    
12.47726833 1    
12.47849300 1    
12.48001445 1    
12.48126714 1    
12.48276352 1    
12.48426859 1    
12.48549099 1    
12.48701451 1    
12.48850946 1    
12.48975802 1    
12.49123631 1    
12.49248875 1    
12.49400721 1    
12.49550779 1    
12.49675649 1    
12.49823404 1    
12.49830350 -1   
12.49948114 1    
12.50100312 1    
12.50248691 1    
12.50375243 1    
12.50525334 1    
12.50674895 1    
12.50799834 1    
12.50947646 1    
12.51074737 1    
12.51224686 1    
12.52289450 1    
12.52473694 1    
12.52599276 1    
12.52748821 1    
12.52899249 1    
12.53023010 1    
12.53171252 1    
12.53322921 1    
12.53448615 1    
12.53598336 1    
12.53723268 1    
12.53873063 1    
12.54023603 1    
12.54146523 1    
12.54297829 1    
12.54422829 1    
12.54572948 1    
12.54722609 1    
12.54845834 1    
12.54997095 1    
12.55145620 1    
12.55272339 1    
12.55422178 1    
12.55547151 1    
12.55695390 1    
12.55844769 1    
12.55969953 1    
12.56121792 1    
12.56133052 -1   
12.56244719 1    
12.56395481 1    
12.56544656 1    
12.56669190 1    
12.56819574 1    
12.56969115 1    
12.57096497 1    
12.57246274 1    
12.57371236 1    
12.57520909 1    
12.57770865 1    
12.57921100 1    
12.58046003 1    
12.58195608 1    
12.58320692 1    
12.58620335 1    
12.58621794 -1   
12.58772323 1    
12.58893308 1    
12.59043166 1    
12.59169929 1    
12.59545280 1    
12.59694886 1    
12.59819848 1    
12.59967526 1    
12.60092865 1    
12.60244593 1    
12.60394723 1    
12.60513167 -1   
12.60516384 1    
12.60667659 1    
12.60819343 1    
12.60944036 1    
12.61094417 1    
12.61218985 1    
12.61369127 1    
12.61518793 1    
12.61669075 1    
12.61791463 1    
12.61943488 1    
12.62068417 1    
12.62218583 1    
12.62368209 1    
12.62491193 1    
12.62641454 1    
12.62790947 1    
12.62915696 1    
12.63068170 1    
12.63192135 1    
12.63343022 1    
12.63492612 1    
12.63618016 1    
12.63767476 1    
12.63890255 1    
12.64040192 1    
12.64190538 1    
12.64317146 1    
12.64467458 1    
12.64592099 1    
12.64739987 1    
12.64891406 1    
12.64898759 -1   
12.65016497 1    
12.65166785 1    
12.65317035 1    
12.65441520 1    
12.65593218 1    
12.67542372 1    
12.73714670 -1   
12.78530813 -1   
12.78531740 -1   
12.78560331 -1   
12.78561117 -1   
12.82358532 1    
12.82693650 1    
12.93855522 -1   
13.02980210 1    
13.07892821 1    
13.08891902 1    
13.09042059 1    
13.09142091 -1   
13.12463157 1    
13.14761403 1    
13.15886492 1    
13.16035346 1    
13.16160583 1    
13.16310100 1    
13.16460206 1    
13.17159760 1    
13.17284946 1    
13.18409163 1    
13.18534270 1    
13.18683712 1    
13.19109085 1    
13.19258752 1    
13.19383981 1    
13.20083399 1    
13.20233271 1    
13.20360006 1    
13.20511395 1    
13.21109557 1    
13.21234010 1    
13.21859181 1    
13.22008954 1    
13.22131873 1    
13.22284261 1    
13.22434046 1    
13.22499480 1    
13.23302725 -1   
13.23881943 1    
13.24030872 1    
13.24158148 1    
13.24307707 1    
13.24457905 1    
13.24957911 1    
13.24960964 -1   
13.26957075 1    
13.27106239 1    
13.27229426 1    
13.27381130 1    
13.27531184 1    
13.27880926 1    
13.28030795 1    
13.28180569 1    
13.28305704 1    
13.28453362 1    
13.28605622 1    
13.28730225 1    
13.28880550 1    
13.29005015 1    
13.29152888 1    
13.29303054 1    
13.29428013 1    
13.29577680 1    
13.29702883 1    
13.29852446 1    
13.30002718 1    
13.30127137 1    
13.30277289 1    
13.30428154 1    
13.30552311 1    
13.30704523 1    
13.30828244 1    
13.31478807 1    
13.31490073 -1   
13.31628865 1    
13.31752626 1    
13.31904997 1    
13.32054251 1    
13.32178741 1    
13.32328220 1    
13.32452109 1    
13.33476023 1    
13.33600574 1    
13.33750138 1    
13.33875027 1    
13.34025148 1    
13.34175194 1    
13.34299870 1    
13.34450070 1    
13.34574566 1    
13.34724824 1    
13.34874829 1    
13.34999438 1    
13.35149246 1    
13.35274589 1    
13.36674271 1    
13.36798782 1    
13.36948402 1    
13.37748140 1    
13.37875034 1    
13.38025145 1    
13.38174909 1    
13.38300271 1    
13.40072114 1    
13.40198900 1    
13.40348523 1    
13.40473804 1    
13.40623412 1    
13.40773095 1    
13.40898526 1    
13.40909657 -1   
13.41048529 1    
13.41173129 1    
13.43347149 1    
13.43496970 1    
13.43647319 1    
13.43771603 1    
13.43921516 1    
13.44069368 1    
13.44196815 1    
13.44346537 1    
13.44644267 1    
13.44768991 1    
13.44919185 1    
13.45068853 1    
13.45193696 1    
13.45343580 1    
13.46099945 1    
13.46295083 1    
13.46422936 1    
13.46870051 1    
13.47019721 1    
13.47144950 1    
13.47294994 1    
13.47417555 1    
13.47568823 1    
13.47717657 1    
13.47718721 -1   
13.47867631 1    
13.47992153 1    
13.48142230 1    
13.48270596 1    
13.48419576 1    
13.48568915 1    
13.48694301 1    
13.48843853 1    
13.48994061 1    
13.49118685 1    
13.49268852 1    
13.49393275 1    
13.49542456 1    
13.49693255 1    
13.49841316 1    
13.49970228 1    
13.50240826 1    
13.50392867 1    
13.50543171 1    
13.50667917 1    
13.50819713 1    
13.50967355 1    
13.51092839 1    
13.51242428 1    
13.51367442 1    
13.51515128 1    
13.51667484 1    
13.51792048 1    
13.51940127 1    
13.52069047 1    
13.52866555 1    
13.52877265 -1   
13.52991046 1    
13.53141637 1    
13.53292853 1    
13.53541269 1    
13.53666109 1    
13.53815820 1    
13.53941240 1    
13.54090847 1    
13.54238370 1    
13.54365490 1    
13.54515733 1    
13.54665487 1    
13.54790613 1    
13.54942039 1    
13.55090079 1    
13.60684967 1    
13.60714510 -1   
13.62061837 1    
13.62211062 1    
13.62361429 1    
13.63335738 1    
13.63486664 1    
13.63610309 1    
13.63760146 1    
13.63910050 1    
13.65010018 1    
13.65134349 1    
13.65285041 1    
13.65434784 1    
13.65559683 1    
13.65709662 1    
13.65834400 1    
13.65983946 1    
13.68956082 1    
13.72519348 -1   
13.73530079 1    
13.73679706 1    
13.74152364 1    
13.74302227 1    
13.74427300 1    
13.74576929 1    
13.76001182 1    
13.76150734 1    
13.76301021 1    
13.76425758 1    
13.76575905 1    
13.76725638 1    
13.76850687 1    
13.77000253 1    
13.78827478 1    
13.78976815 1    
13.79129108 1    
13.79299489 1    
13.79424515 1    
13.79577209 1    
13.79723857 1    
13.79873829 1    
13.80001171 1    
13.80116802 -1   
13.80148630 1    
13.80276648 1    
13.80426137 1    
13.80575685 1    
13.80700448 1    
13.80848537 1    
13.81000847 1    
13.81126935 1    
13.81275619 1    
13.81425244 1    
13.81548208 1    
13.82081114 1    
13.82722411 1    
13.82847269 1    
13.82997380 1    
13.83124116 1    
13.83274422 1    
13.83823815 1    
13.83973931 1    
13.84098017 1    
13.84673156 1    
13.84823266 1    
13.84946104 1    
13.85097651 1    
13.85248325 1    
13.85372831 1    
13.85520893 1    
13.85645645 1    
13.85795571 1    
13.85945400 1    
13.86070652 1    
13.86220144 1    
13.86233909 -1   
13.86345435 1    
13.86497856 1    
13.86672108 1    
13.86796561 1    
13.86947228 1    
13.87071883 1    
13.87222254 1    
13.87373284 1    
13.87494410 1    
13.87644608 1    
13.87796679 1    
13.87921363 1    
13.88073027 1    
13.88221219 1    
13.88371375 1    
13.88494087 1    
13.88908748 1    
13.88910202 -1   
13.89918918 1    
13.90070255 1    
13.90745915 1    
13.91469305 1    
13.91620099 1    
13.91769470 1    
13.91894321 1    
13.92044257 1    
13.92195421 1    
13.96117729 1    
13.96264892 1    
13.96389347 1    
13.96539675 1    
13.96664171 1    
13.96814549 1    
13.96966119 1    
13.97367837 1    
13.98089078 1    
13.98238405 1    
13.98363081 1    
13.98515528 1    
13.98665277 1    
13.98790381 1    
13.98940219 1    
13.98946963 -1   
13.99062952 1    
13.99215235 1    
13.99914747 1    
14.00039530 1    
14.00189298 1    
14.00314195 1    
14.00464802 1    
14.00614120 1    
14.00739374 1    
14.00887005 1    
14.01736583 1    
14.01863470 1    
14.02013697 1    
14.02163122 1    
14.02288131 1    
14.02436121 1    
14.02561173 1    
14.02710745 1    
14.03687866 1    
14.03812260 1    
14.03960379 1    
14.04110079 1    
14.04235062 1    
14.04386958 1    
14.04512132 1    
14.04661599 1    
14.09318422 -1   
14.13916720 1    
14.24606100 -1   
14.30720726 1    
14.30869916 1    
14.30994835 1    
14.31144483 1    
14.31269719 1    
14.31419368 1    
14.31569282 1    
14.31696643 1    
14.31871504 1    
14.31881477 -1   
14.31996119 1    
14.32146296 1    
14.32271266 1    
14.32421097 1    
14.32571143 1    
14.32695677 1    
14.32846018 1    
14.33031741 1    
14.39721718 -1   
14.42340766 1    
14.48257466 1    
14.61279510 1    
14.63332441 1    
14.64922599 -1   
14.70325106 1    
14.78347599 1    
14.98118682 1    
15.00108559 1    
15.13153133 1    
18.52841561 -1   
22.06869039 -1   
22.07784177 -1   
22.07815074 -1   
22.21996820 -1   
23.11678335 1    
23.26843838 1    
28.73406333 1    
28.73422655 -1   
31.25899832 -1   
