0.0304718017578 -1.0
0.0305199623108 1.0
0.0508868694305 -1.0
0.0556519031525 -1.0
0.115113019943 -1.0
0.133972883224 -1.0
0.151389837265 -1.0
0.168036937714 -1.0
0.168264865875 1.0
0.18778181076 -1.0
0.189242839813 -1.0
0.209025859833 -1.0
0.233222961426 -1.0
0.254145860672 -1.0
0.275255918503 -1.0
0.275265932083 1.0
0.28143286705 -1.0
0.285722017288 -1.0
0.295099973679 -1.0
0.315143823624 -1.0
0.361481904984 -1.0
0.390076875687 -1.0
0.428297996521 -1.0
0.439108848572 -1.0
0.439118862152 1.0
0.458837032318 -1.0
0.479861974716 -1.0
0.499632835388 -1.0
0.522416830063 -1.0
0.542021989822 -1.0
0.579365968704 -1.0
0.602002859116 -1.0
0.602765798569 1.0
0.621519804001 -1.0
0.659502029419 -1.0
0.677933931351 -1.0
0.744491815567 -1.0
0.769351005554 -1.0
0.840263843536 -1.0
0.899827003479 -1.0
0.905602931976 -1.0
0.906024932861 1.0
0.925611972809 -1.0
1.06491279602 -1.0
1.08672690392 -1.0
1.14596986771 -1.0
1.21845602989 -1.0
1.2325258255 -1.0
1.29217791557 -1.0
1.33491802216 -1.0
1.37406897545 1.0
1.44743084908 -1.0
1.47319889069 -1.0
1.4927649498 -1.0
1.49354100227 -1.0
1.51316380501 -1.0
1.63567495346 -1.0
1.63581895828 1.0
1.65580797195 -1.0
1.74840188026 -1.0
1.80548596382 -1.0
1.93584299088 -1.0
2.13612484932 -1.0
2.16044282913 -1.0
2.18003296852 -1.0
2.18003988266 1.0
3.03618502617 -1.0
3.05632781982 -1.0
3.05640602112 -1.0
3.07610297203 -1.0
3.54832291603 -1.0
3.56936883926 -1.0
3.56937980652 1.0
3.58904480934 -1.0
3.58921480179 -1.0
3.93664693832 -1.0
3.95630192757 -1.0
4.03690886497 -1.0
4.0383079052 1.0
4.05673193932 -1.0
4.05774283409 -1.0
4.07715582848 -1.0
4.07716488838 1.0
4.07888484001 -1.0
4.08158898354 -1.0
4.09037494659 -1.0
4.09679579735 -1.0
4.30890393257 -1.0
4.32841801643 -1.0
4.33176589012 -1.0
4.34087395668 -1.0
4.34887695312 -1.0
4.34888386726 1.0
4.40598893166 -1.0
4.53540086746 -1.0
4.55618882179 -1.0
4.55620598793 -1.0
4.57573390007 -1.0
4.6379468441 -1.0
4.63823795319 1.0
4.65780591965 -1.0
4.65781402588 -1.0
4.67734789848 -1.0
4.78067684174 -1.0
4.80103993416 -1.0
4.8010969162 -1.0
4.82074379921 -1.0
4.83416199684 -1.0
4.84243988991 -1.0
4.85519886017 -1.0
4.85520792007 1.0
4.87985897064 -1.0
4.89944791794 -1.0
4.93792700768 -1.0
5.03789401054 -1.0
5.03790783882 -1.0
5.03793597221 -1.0
5.05753183365 -1.0
5.05754089355 1.0
5.05756187439 -1.0
5.11424589157 -1.0
5.13766098022 -1.0
5.13767385483 -1.0
5.15729689598 -1.0
5.23825883865 -1.0
5.2382838726 -1.0
5.23831892014 1.0
5.25793600082 -1.0
5.28582882881 -1.0
5.30540394783 -1.0
5.64370393753 -1.0
5.66363191605 -1.0
5.74706983566 -1.0
5.74712586403 1.0
5.83528590202 -1.0
5.85818386078 -1.0
5.8777859211 -1.0
5.877794981 1.0
5.88059282303 -1.0
5.88064479828 -1.0
5.88077688217 -1.0
5.89728784561 -1.0
6.25044894218 -1.0
6.26065301895 -1.0
6.28024792671 -1.0
6.36646986008 -1.0
8.88083791733 -1.0
8.90088582039 -1.0
9.86164999008 1.0
9.88290786743 -1.0
9.88330698013 -1.0
9.88342690468 -1.0
9.90254187584 -1.0
15.5436170101 -1.0
15.6425228119 -1.0
15.6425418854 1.0
16.4577388763 -1.0
16.5795478821 -1.0
20.8611090183 -1.0
20.8811788559 -1.0
21.3567438126 -1.0
