0.0244379043579 -1.0
0.0244479179382 1.0
0.045089006424 -1.0
0.0645568370819 -1.0
0.123840808868 -1.0
0.185401916504 -1.0
0.234222888947 -1.0
0.255272865295 -1.0
0.255292892456 1.0
0.274776935577 -1.0
0.328763961792 -1.0
0.348361968994 -1.0
0.389597892761 -1.0
0.422758817673 -1.0
0.422781944275 1.0
0.444301843643 -1.0
0.444316864014 -1.0
0.523404836655 -1.0
0.623672008514 -1.0
0.644330024719 -1.0
0.701810836792 -1.0
0.723325014114 -1.0
0.76239490509 1.0
0.823002815247 -1.0
0.844198942184 -1.0
0.915046930313 -1.0
0.928897857666 -1.0
1.0255959034 -1.0
1.02596902847 1.0
1.04667186737 -1.0
1.08206796646 -1.0
1.23737096786 -1.0
1.246737957 -1.0
1.24681591988 -1.0
1.2575469017 -1.0
1.26638484001 -1.0
1.26639485359 1.0
1.28574800491 -1.0
1.28636193275 -1.0
1.32238793373 -1.0
1.32353901863 -1.0
1.32366800308 -1.0
1.32879590988 1.0
1.34568786621 -1.0
1.35867500305 -1.0
1.40215682983 -1.0
1.43461298943 -1.0
1.43467593193 -1.0
1.52619886398 -1.0
1.53874087334 -1.0
1.54156589508 -1.0
1.54847693443 -1.0
1.54848599434 1.0
1.59442782402 -1.0
1.59872484207 -1.0
1.62568187714 -1.0
1.67438697815 -1.0
1.67441701889 1.0
1.72622299194 -1.0
1.73890185356 -1.0
1.74570584297 -1.0
1.80245304108 -1.0
1.82469797134 -1.0
1.82472300529 -1.0
1.82536888123 1.0
1.83181595802 -1.0
1.8442428112 -1.0
1.84544897079 -1.0
1.90255284309 -1.0
1.92414093018 -1.0
1.94420480728 -1.0
1.94844102859 -1.0
1.98238182068 1.0
2.02590703964 -1.0
2.07864904404 -1.0
2.12316799164 -1.0
2.13486790657 -1.0
2.14279198647 -1.0
2.15472602844 -1.0
2.15474200249 1.0
2.16232681274 -1.0
2.24003791809 -1.0
2.26022696495 -1.0
2.2799539566 -1.0
2.29980993271 -1.0
2.32040286064 -1.0
2.32041192055 1.0
2.3408639431 -1.0
2.34087300301 -1.0
2.42510986328 -1.0
2.42512702942 -1.0
2.44480681419 -1.0
2.4646499157 -1.0
2.46466684341 -1.0
2.4646718502 1.0
2.48433303833 -1.0
2.48435688019 -1.0
2.48940396309 -1.0
2.5037779808 -1.0
2.54700994492 -1.0
2.60291695595 -1.0
2.82168889046 -1.0
2.82171297073 1.0
2.8416159153 -1.0
2.94067192078 -1.0
3.02722787857 -1.0
3.04424285889 -1.0
3.04699397087 -1.0
3.35142397881 -1.0
3.35144782066 1.0
3.37463998795 -1.0
3.39442586899 -1.0
3.73292803764 -1.0
3.83799982071 -1.0
3.92651796341 -1.0
3.9462749958 -1.0
3.94629192352 1.0
4.47521090508 -1.0
4.49463796616 -1.0
5.47589898109 -1.0
5.475908041 1.0
5.47617793083 -1.0
5.47635483742 -1.0
5.49546504021 -1.0
6.47603988647 -1.0
6.47627997398 -1.0
6.47663784027 -1.0
6.49563002586 -1.0
7.4576189518 1.0
7.47687101364 -1.0
7.47718286514 -1.0
7.47725987434 -1.0
7.47748088837 -1.0
7.49642086029 -1.0
15.9471039772 -1.0
16.0675170422 -1.0
16.0926468372 -1.0
16.0926530361 1.0
18.3771839142 -1.0
18.3967299461 -1.0
18.8700900078 -1.0
22.151211977 -1.0
31.0439589024 -1.0
31.1459038258 -1.0
31.145925045 1.0
31.2748880386 -1.0
31.294454813 -1.0
31.4484429359 -1.0
31.9694168568 -1.0
32.1444108486 -1.0
