0.00547504425049 -1.0
0.00578689575195 1.0
0.0636720657349 -1.0
0.0680720806122 -1.0
0.122917890549 -1.0
0.125567913055 -1.0
0.159655094147 -1.0
0.21945309639 -1.0
0.277945041656 -1.0
0.27795791626 1.0
0.28412103653 -1.0
0.303688049316 -1.0
0.324284076691 -1.0
0.358304023743 -1.0
0.408022880554 -1.0
0.466442108154 -1.0
0.466461896896 1.0
0.468898057938 -1.0
0.523766994476 -1.0
0.527216911316 -1.0
0.551251888275 -1.0
0.558510065079 -1.0
0.600712060928 -1.0
0.611568927765 -1.0
0.651151895523 -1.0
0.666455984116 -1.0
0.666505098343 1.0
0.681677103043 -1.0
0.685981988907 -1.0
0.739619016647 -1.0
0.783858060837 -1.0
0.841954946518 -1.0
0.898071050644 -1.0
0.907999038696 -1.0
0.908047914505 1.0
0.927498102188 -1.0
0.936613082886 -1.0
0.956170082092 -1.0
0.95617890358 1.0
0.961348056793 -1.0
1.01412892342 -1.0
1.01848506927 -1.0
1.03803992271 -1.0
1.05501103401 -1.0
1.11404109001 -1.0
1.12869095802 -1.0
1.16209888458 1.0
1.17914104462 -1.0
1.19821810722 -1.0
1.19865202904 -1.0
1.21867895126 -1.0
1.2521750927 -1.0
1.2720708847 -1.0
1.27229499817 1.0
1.27853393555 -1.0
1.29196691513 -1.0
1.31157207489 -1.0
1.3353869915 -1.0
1.39402389526 -1.0
1.39737391472 -1.0
1.39770102501 -1.0
1.39772295952 1.0
1.39788103104 -1.0
1.40462803841 -1.0
1.40858006477 -1.0
1.40965890884 -1.0
1.41832494736 -1.0
1.44044589996 -1.0
1.46308588982 -1.0
1.46382594109 -1.0
1.49441504478 -1.0
1.52223610878 -1.0
1.52225995064 1.0
1.54235291481 -1.0
1.55806207657 -1.0
1.57761192322 -1.0
1.5938179493 -1.0
1.59788703918 -1.0
1.59883499146 -1.0
1.59934711456 -1.0
1.61340594292 -1.0
1.62431502342 -1.0
1.62434005737 1.0
1.6397960186 -1.0
1.64333701134 -1.0
1.65323400497 -1.0
1.66298794746 -1.0
1.664894104 -1.0
1.67582392693 -1.0
1.68273091316 -1.0
1.69917488098 -1.0
1.72018408775 -1.0
1.72120308876 -1.0
1.72134208679 -1.0
1.72139501572 -1.0
1.7214179039 1.0
1.72143888474 -1.0
1.72169089317 -1.0
1.72245311737 -1.0
1.7252779007 -1.0
1.74069309235 -1.0
1.79017496109 -1.0
1.79734992981 -1.0
1.79740405083 1.0
1.79921007156 -1.0
1.81733393669 -1.0
1.8377559185 -1.0
1.88695788383 -1.0
1.9068479538 -1.0
1.94564604759 1.0
1.95018100739 -1.0
2.15757107735 -1.0
2.17751598358 -1.0
2.35792088509 -1.0
2.38230991364 -1.0
2.40200304985 -1.0
2.42397904396 -1.0
2.48267698288 -1.0
2.55175089836 -1.0
2.55176401138 1.0
2.57425808907 -1.0
2.5939810276 -1.0
2.84302401543 -1.0
2.85805106163 -1.0
2.87758398056 -1.0
3.19239401817 -1.0
4.56837105751 1.0
4.5889980793 -1.0
4.61220407486 -1.0
4.82995700836 -1.0
4.9524769783 -1.0
5.58804297447 -1.0
5.58805298805 1.0
5.58805894852 -1.0
5.60765600204 -1.0
6.56994509697 1.0
6.58874893188 -1.0
6.58876609802 -1.0
6.58889198303 -1.0
6.58905696869 -1.0
6.58933711052 -1.0
6.60845398903 -1.0
7.58920097351 -1.0
16.2792429924 -1.0
16.4013130665 -1.0
16.4265260696 -1.0
17.5565860271 1.0
17.5763869286 -1.0
17.5960009098 -1.0
18.0707581043 -1.0
19.8990809917 -1.0
19.8999679089 -1.0
19.9300429821 -1.0
19.9304130077 1.0
19.9877800941 -1.0
20.7470850945 -1.0
