0.0186140537262 -1.0
0.248471021652 1.0
0.258977174759 -1.0
0.268926143646 -1.0
0.288756132126 -1.0
0.582892179489 -1.0
0.593333959579 -1.0
0.593362092972 -1.0
0.608131170273 -1.0
0.608201026917 -1.0
0.613986968994 -1.0
0.635209083557 1.0
0.65355014801 -1.0
0.655193090439 -1.0
0.656799077988 -1.0
0.665338993073 -1.0
0.673237085342 -1.0
0.887134075165 1.0
0.903485059738 -1.0
0.905513048172 -1.0
0.906809091568 -1.0
0.916162014008 -1.0
0.923122167587 -1.0
1.90111207962 -1.0
6.27998709679 -1.0
8.88278102875 1.0
8.90235304832 -1.0
8.90238714218 -1.0
8.9218981266 -1.0
8.92242908478 -1.0
8.97409701347 -1.0
9.03258013725 -1.0
9.10166597366 -1.0
9.12150096893 -1.0
9.14340019226 -1.0
9.16544699669 -1.0
9.16546416283 1.0
9.18560218811 -1.0
9.2216501236 -1.0
9.25730204582 -1.0
9.2784371376 -1.0
9.28435206413 -1.0
9.29783201218 -1.0
9.3005900383 -1.0
9.3202650547 -1.0
9.32027316093 1.0
9.37982296944 -1.0
9.40480709076 -1.0
9.46411299706 -1.0
9.48175096512 -1.0
9.51976108551 -1.0
9.52749705315 -1.0
9.52783608437 1.0
9.54046702385 -1.0
9.56896805763 -1.0
9.58842611313 -1.0
9.62777709961 -1.0
9.62882614136 -1.0
9.67403912544 -1.0
9.67453718185 1.0
9.68653917313 -1.0
9.72752904892 -1.0
9.74261116982 -1.0
9.75109815598 -1.0
9.75114703178 -1.0
9.77095007896 -1.0
9.80749416351 -1.0
9.80969119072 -1.0
9.80971217155 1.0
9.82919001579 -1.0
9.86373901367 -1.0
9.88318610191 -1.0
9.92261099815 -1.0
9.94215106964 -1.0
9.97997808456 -1.0
9.99849796295 -1.0
10.0181729794 -1.0
10.0182261467 1.0
10.2007601261 -1.0
10.2214841843 -1.0
10.3670480251 -1.0
10.3869740963 -1.0
10.4845671654 -1.0
10.5093071461 -1.0
10.5288770199 -1.0
10.552396059 -1.0
10.5524051189 1.0
10.5718941689 -1.0
10.6435091496 -1.0
10.7121491432 -1.0
10.7390899658 -1.0
10.7391121387 -1.0
10.7585921288 -1.0
10.8814580441 1.0
10.9009411335 -1.0
10.9009621143 -1.0
10.9009649754 1.0
10.9009721279 -1.0
10.9010791779 -1.0
10.9010829926 -1.0
10.9012031555 -1.0
10.9206421375 -1.0
10.9206490517 -1.0
10.9206969738 -1.0
11.0368030071 -1.0
11.0565390587 -1.0
11.0653560162 -1.0
11.0949590206 -1.0
11.097328186 -1.0
11.0973601341 1.0
11.097454071 -1.0
11.1065080166 -1.0
11.1168601513 -1.0
11.1182689667 -1.0
11.1290240288 -1.0
11.1370539665 -1.0
11.1735200882 -1.0
11.2110211849 1.0
11.2301709652 -1.0
11.2309811115 -1.0
11.2740330696 -1.0
11.2755420208 -1.0
11.2762510777 1.0
11.293405056 -1.0
11.2962939739 -1.0
11.2963311672 -1.0
11.2979650497 -1.0
11.2980129719 -1.0
11.3129720688 -1.0
11.3190500736 -1.0
11.3210160732 -1.0
11.3211181164 1.0
11.3387451172 -1.0
11.3421251774 -1.0
11.3422050476 -1.0
11.3422269821 -1.0
11.3615951538 -1.0
11.3616039753 -1.0
11.3635239601 -1.0
11.3636710644 -1.0
11.3643260002 -1.0
11.3810679913 -1.0
11.418982029 1.0
11.4538831711 -1.0
11.4749701023 -1.0
11.5336711407 -1.0
11.5531749725 -1.0
11.5918910503 -1.0
11.6106450558 -1.0
11.6469819546 1.0
11.6664099693 -1.0
11.7010200024 -1.0
11.7209801674 -1.0
11.9058849812 -1.0
11.9332101345 -1.0
11.9516611099 -1.0
11.9517550468 1.0
12.0079500675 -1.0
12.0998501778 -1.0
12.2103199959 -1.0
15.1232881546 -1.0
15.1232991219 1.0
15.1237900257 -1.0
15.124060154 -1.0
15.1427891254 -1.0
16.1245601177 -1.0
16.1455361843 -1.0
17.1249611378 -1.0
17.1249930859 -1.0
17.1250801086 -1.0
17.1446340084 -1.0
18.1053841114 1.0
18.1262350082 -1.0
25.2457439899 -1.0
25.2797541618 -1.0
25.300506115 -1.0
26.6925930977 -1.0
26.7121810913 -1.0
26.9339640141 -1.0
26.933989048 1.0
29.8506221771 -1.0
32.900042057 -1.0
33.2289841175 -1.0
33.2487859726 -1.0
