0.0319678783417 -1.0
0.031977891922 1.0
0.0515007972717 -1.0
0.24383187294 -1.0
0.26371383667 -1.0
0.272715806961 -1.0
0.332024812698 -1.0
0.366842985153 -1.0
0.386868953705 -1.0
0.38958978653 -1.0
0.409154891968 -1.0
0.409180879593 1.0
0.428730964661 -1.0
0.485808849335 -1.0
0.491786956787 -1.0
0.500374794006 -1.0
0.505309820175 -1.0
0.52497792244 -1.0
0.524986982346 1.0
0.584071874619 -1.0
0.592764854431 -1.0
0.60364484787 -1.0
0.670784950256 -1.0
0.72012090683 -1.0
0.871635913849 -1.0
0.871663808823 -1.0
0.871668815613 1.0
0.8913397789 -1.0
0.891360998154 -1.0
0.911240816116 -1.0
0.935010910034 1.0
0.952526807785 -1.0
0.971519947052 -1.0
1.00046777725 -1.0
1.055975914 -1.0
1.18031692505 -1.0
1.18386077881 1.0
1.2012898922 -1.0
1.20342993736 -1.0
1.20494389534 -1.0
1.22088384628 -1.0
1.24158883095 -1.0
1.25500488281 -1.0
1.26122283936 -1.0
1.27122187614 -1.0
1.27122998238 1.0
1.28085184097 -1.0
1.30036091805 -1.0
1.31998181343 -1.0
1.32062482834 -1.0
1.32063293457 1.0
1.3400759697 -1.0
1.37156796455 -1.0
1.42810583115 -1.0
1.48166179657 -1.0
1.48167681694 -1.0
1.50120377541 -1.0
1.5688149929 -1.0
1.56883382797 -1.0
1.56883788109 1.0
1.58857584 -1.0
1.60826683044 -1.0
1.62797093391 -1.0
1.64748692513 -1.0
1.66819787025 -1.0
1.66825294495 -1.0
1.66830682755 1.0
1.68808484077 -1.0
1.744109869 -1.0
1.76394486427 -1.0
1.77030587196 -1.0
1.78997278214 -1.0
1.78999996185 1.0
1.84007787704 -1.0
1.859623909 -1.0
2.07238793373 -1.0
2.09203982353 -1.0
2.13245892525 -1.0
2.15201282501 -1.0
2.57105779648 -1.0
2.7042889595 -1.0
2.70431494713 1.0
2.72412490845 -1.0
4.59052085876 -1.0
4.59071397781 -1.0
4.60991597176 -1.0
5.57162690163 1.0
5.59116697311 -1.0
5.59133386612 -1.0
5.61088085175 -1.0
6.57220983505 1.0
6.59084892273 -1.0
6.59108877182 -1.0
6.59118580818 -1.0
6.59154176712 -1.0
6.59175777435 -1.0
6.61042690277 -1.0
15.0908579826 -1.0
15.1253509521 -1.0
15.1463158131 -1.0
15.1669647694 -1.0
17.1147987843 1.0
17.1343019009 -1.0
17.1540088654 -1.0
17.4853417873 -1.0
