0.00233101844788 1.0
0.0169820785522 -1.0
0.0366151332855 -1.0
0.0535750389099 -1.0
0.0749700069427 -1.0
0.0749771595001 1.0
0.132914066315 -1.0
0.152575016022 -1.0
0.172118186951 -1.0
0.272471189499 -1.0
0.405105113983 -1.0
0.468814134598 -1.0
0.468827962875 1.0
0.488373994827 -1.0
0.5078561306 -1.0
0.527539968491 -1.0
0.552245140076 -1.0
0.552272081375 1.0
0.609347105026 -1.0
0.653810977936 -1.0
0.709906101227 -1.0
0.753103971481 -1.0
0.822683095932 -1.0
0.852627038956 -1.0
0.852638959885 1.0
0.865309000015 -1.0
0.872117042542 -1.0
0.952512979507 -1.0
1.05239415169 -1.0
1.0719370842 -1.0
1.07194900513 1.0
1.09138917923 -1.0
1.11083912849 -1.0
1.11477017403 -1.0
1.11477899551 1.0
1.13134503365 -1.0
1.15196609497 -1.0
1.17155218124 -1.0
1.22973299026 -1.0
1.3513481617 1.0
1.35347795486 -1.0
1.36510801315 -1.0
1.38094806671 -1.0
1.38453698158 -1.0
1.40417504311 -1.0
1.46294498444 -1.0
1.47213196754 -1.0
1.47621917725 -1.0
1.47651910782 1.0
1.47887706757 -1.0
1.48394107819 -1.0
1.49584317207 -1.0
1.49890804291 -1.0
1.54658699036 -1.0
1.55913996696 -1.0
1.58168196678 -1.0
1.65340209007 -1.0
1.69029211998 1.0
1.70598912239 -1.0
1.75378417969 -1.0
1.75381708145 -1.0
1.77343702316 -1.0
1.79309511185 -1.0
1.85306215286 -1.0
1.85307407379 1.0
1.87280011177 -1.0
1.87281918526 -1.0
1.89244318008 -1.0
1.95178318024 -1.0
1.97138810158 -1.0
2.03005814552 -1.0
2.05384111404 -1.0
2.05385303497 -1.0
2.05387997627 1.0
2.07356500626 -1.0
2.09336900711 -1.0
2.09338903427 -1.0
2.11291599274 -1.0
2.25518202782 -1.0
2.27513408661 -1.0
2.27514314651 1.0
2.2948641777 -1.0
2.31437397003 -1.0
2.31640100479 -1.0
2.33407497406 -1.0
2.39427113533 -1.0
2.39428400993 1.0
2.41382908821 -1.0
2.57461500168 -1.0
2.79861807823 -1.0
2.81817817688 -1.0
2.85256695747 -1.0
2.87221908569 -1.0
2.95313811302 -1.0
2.95629405975 1.0
2.9757540226 -1.0
2.99538707733 -1.0
3.46581101418 -1.0
3.47614812851 -1.0
3.49585318565 -1.0
4.47394895554 1.0
4.49315810204 -1.0
4.49356007576 -1.0
4.51258301735 -1.0
5.49385809898 -1.0
5.51354002953 -1.0
6.47500514984 1.0
6.49414396286 -1.0
6.49465298653 -1.0
6.51370096207 -1.0
7.47567200661 1.0
7.49473595619 -1.0
7.49477100372 -1.0
7.49523997307 -1.0
7.51421308517 -1.0
15.2627701759 -1.0
15.3622920513 -1.0
16.163187027 -1.0
16.2820501328 -1.0
17.9591910839 1.0
17.9788661003 -1.0
17.9989640713 -1.0
18.6754901409 -1.0
