0.0182700157166 -1.0
0.0323629379272 -1.0
0.0327570438385 1.0
0.0910561084747 -1.0
0.128385066986 -1.0
0.214720964432 -1.0
0.232896089554 -1.0
0.252618074417 -1.0
0.272107124329 -1.0
0.303004026413 -1.0
0.310218095779 -1.0
0.310398101807 1.0
0.330618143082 -1.0
0.387037038803 -1.0
0.412488937378 -1.0
0.434270143509 -1.0
0.512583017349 -1.0
0.532727003098 -1.0
0.535602092743 1.0
0.595144033432 -1.0
0.612296104431 -1.0
0.624897956848 -1.0
0.63076210022 -1.0
0.651324987411 -1.0
0.670813083649 -1.0
0.693845033646 1.0
0.717501163483 -1.0
0.717539072037 -1.0
0.717606067657 -1.0
0.717633008957 -1.0
0.738042116165 -1.0
0.757431030273 -1.0
0.79689002037 1.0
0.91717004776 -1.0
0.963360071182 -1.0
0.981569051743 1.0
0.982969045639 -1.0
1.00248193741 -1.0
1.01111793518 -1.0
1.03223514557 -1.0
1.0530769825 -1.0
1.07294607162 -1.0
1.11138296127 -1.0
1.11139392853 1.0
1.13093495369 -1.0
1.15098500252 -1.0
1.15451693535 -1.0
1.20802211761 -1.0
1.2106859684 -1.0
1.21451210976 -1.0
1.21453213692 1.0
1.22527909279 -1.0
1.2341029644 -1.0
1.25432014465 -1.0
1.26591801643 -1.0
1.27400612831 -1.0
1.29399394989 -1.0
1.2940120697 1.0
1.30998706818 -1.0
1.31001114845 -1.0
1.31004810333 -1.0
1.32990407944 -1.0
1.32994794846 -1.0
1.33663916588 -1.0
1.34968996048 -1.0
1.34973692894 -1.0
1.34979605675 1.0
1.36924409866 -1.0
1.41187214851 -1.0
1.41192412376 -1.0
1.4375641346 -1.0
1.44203209877 -1.0
1.46146607399 -1.0
1.52248096466 -1.0
1.61186504364 -1.0
1.61190414429 1.0
1.64023900032 -1.0
1.71115708351 -1.0
1.73227500916 -1.0
2.11327505112 -1.0
2.24121403694 -1.0
2.2618200779 -1.0
4.42817997932 1.0
4.44787216187 -1.0
4.4485001564 -1.0
4.46731996536 -1.0
5.44867110252 -1.0
5.46838307381 -1.0
5.5621740818 -1.0
6.42945194244 1.0
6.44890809059 -1.0
6.44929695129 -1.0
6.449406147 -1.0
6.44963812828 -1.0
6.44986104965 -1.0
6.46844506264 -1.0
15.3317899704 -1.0
15.3318171501 1.0
15.3667931557 -1.0
16.6743330956 -1.0
16.6937811375 -1.0
17.0126111507 -1.0
21.3124980927 -1.0
