0.0111889839172 -1.0
0.0111978054047 1.0
0.0305049419403 -1.0
0.0683448314667 -1.0
0.0879189968109 -1.0
0.1331179142 -1.0
0.157353878021 -1.0
0.17703795433 -1.0
0.213496923447 1.0
0.231206893921 -1.0
0.231239795685 -1.0
0.235569000244 -1.0
0.25514292717 -1.0
0.316232919693 -1.0
0.331554889679 -1.0
0.351156949997 -1.0
0.351166009903 1.0
0.408391952515 -1.0
0.43187379837 -1.0
0.545387983322 -1.0
0.545455932617 -1.0
0.565201997757 -1.0
0.566346883774 -1.0
0.630857944489 -1.0
0.734148979187 -1.0
0.736634969711 1.0
0.79626083374 -1.0
0.831588983536 -1.0
0.888375997543 -1.0
0.940897941589 -1.0
1.00044584274 -1.0
1.43209481239 -1.0
1.45171499252 -1.0
1.47161984444 -1.0
1.47162985802 1.0
1.49115681648 -1.0
1.55203080177 -1.0
1.57202291489 -1.0
1.73104286194 -1.0
1.7310628891 -1.0
1.75062298775 -1.0
1.78059887886 -1.0
1.80016589165 -1.0
1.83019280434 -1.0
1.83122992516 1.0
1.88840198517 -1.0
1.90801787376 -1.0
1.9369328022 -1.0
1.95680189133 -1.0
2.0164039135 -1.0
2.03640890121 -1.0
2.07241678238 -1.0
2.12818479538 -1.0
2.12903785706 1.0
2.16378498077 -1.0
2.54271793365 -1.0
2.5629799366 -1.0
2.62052583694 -1.0
2.75697278976 1.0
2.77661800385 -1.0
2.83078598976 -1.0
2.8507578373 -1.0
2.92910480499 -1.0
2.94902777672 -1.0
3.03135895729 -1.0
3.09024000168 -1.0
3.10993385315 -1.0
3.15558385849 -1.0
3.1945848465 1.0
3.21412682533 -1.0
3.24694180489 -1.0
3.26674294472 -1.0
3.28655099869 -1.0
3.5397028923 -1.0
3.59807181358 -1.0
3.59808492661 1.0
3.61919379234 -1.0
3.62929487228 -1.0
3.6488969326 -1.0
3.67123389244 -1.0
3.7305829525 -1.0
3.73062300682 1.0
3.77730679512 -1.0
3.82885789871 -1.0
3.8887348175 -1.0
3.90197300911 1.0
3.92032289505 -1.0
3.92172789574 -1.0
3.93131995201 -1.0
3.97669577599 -1.0
3.99036097527 -1.0
3.99622178078 -1.0
4.01588487625 -1.0
4.01589393616 1.0
4.03304100037 -1.0
4.07270288467 -1.0
4.13073682785 -1.0
4.2335319519 -1.0
4.26480579376 -1.0
4.26548194885 1.0
4.28447794914 -1.0
4.28466200829 -1.0
4.28498578072 -1.0
4.30422878265 -1.0
4.33267092705 -1.0
4.33269691467 -1.0
4.3523337841 -1.0
4.37190699577 -1.0
4.43277692795 -1.0
4.43279886246 -1.0
4.43280291557 1.0
4.54364991188 -1.0
4.54375982285 -1.0
4.56314182281 -1.0
4.56329989433 -1.0
4.58267092705 -1.0
4.58272194862 -1.0
4.58273983002 1.0
4.58276200294 -1.0
4.60224890709 -1.0
4.60938692093 -1.0
4.66060996056 -1.0
4.66602087021 -1.0
4.68016982079 -1.0
4.68017888069 1.0
4.69974088669 -1.0
4.83418798447 -1.0
4.93190383911 -1.0
4.95133686066 -1.0
4.97126984596 -1.0
5.0335149765 -1.0
5.05626392365 -1.0
5.05627298355 1.0
5.07579183578 -1.0
5.43105792999 -1.0
5.6307079792 -1.0
5.67343878746 -1.0
5.67344784737 1.0
5.67383694649 -1.0
5.67407083511 -1.0
5.69287180901 -1.0
5.73145985603 -1.0
5.83168292046 -1.0
8.71309280396 -1.0
8.7346508503 -1.0
9.65505981445 1.0
9.67450499535 -1.0
9.67452096939 -1.0
9.67476201057 -1.0
9.67478990555 -1.0
9.6941049099 -1.0
16.1443879604 -1.0
16.230932951 -1.0
20.0396909714 1.0
20.0596158504 -1.0
20.079146862 -1.0
20.4315738678 -1.0
