0.0 -1.0
0.0226218700409 1.0
0.0809710025787 -1.0
0.0811259746552 -1.0
0.131473779678 -1.0
0.165388822556 -1.0
0.185264825821 -1.0
0.245711803436 -1.0
0.245720863342 1.0
0.250342845917 -1.0
0.306782960892 -1.0
0.308967828751 -1.0
0.337303876877 -1.0
0.359147787094 -1.0
0.42151093483 -1.0
0.501503944397 1.0
0.502851963043 -1.0
0.546131849289 -1.0
0.565683841705 -1.0
0.630934000015 -1.0
0.773283004761 -1.0
0.793100833893 -1.0
0.793164968491 1.0
0.812608003616 -1.0
0.812614917755 -1.0
0.871064901352 -1.0
0.938205957413 -1.0
0.959411859512 -1.0
1.05794477463 -1.0
1.09544181824 1.0
1.11489200592 -1.0
1.15449786186 -1.0
1.17145586014 -1.0
1.19122195244 -1.0
1.22924280167 -1.0
1.25395798683 -1.0
1.25398087502 -1.0
1.25399899483 1.0
1.27429080009 -1.0
1.27736592293 -1.0
1.29692077637 -1.0
1.3532037735 -1.0
1.35321497917 1.0
1.37307786942 -1.0
1.39301776886 -1.0
1.48101592064 -1.0
1.52924799919 -1.0
1.54923892021 -1.0
1.54924988747 1.0
1.56899881363 -1.0
1.57771992683 -1.0
1.62402677536 -1.0
1.68155789375 -1.0
1.6902577877 -1.0
1.71028399467 -1.0
1.76911783218 -1.0
1.76912689209 1.0
1.77318191528 -1.0
1.82689094543 -1.0
1.83148288727 -1.0
1.85547780991 -1.0
1.85583877563 -1.0
1.85588979721 -1.0
1.87040185928 -1.0
1.87506198883 -1.0
1.87507295609 1.0
1.93317484856 -1.0
1.93648386002 -1.0
1.99316883087 -1.0
1.99552583694 -1.0
2.03001689911 -1.0
2.04979896545 -1.0
2.05001091957 1.0
2.10038900375 -1.0
2.15927791595 -1.0
2.21218681335 -1.0
2.26098680496 -1.0
2.26101088524 -1.0
2.26554679871 -1.0
2.26555681229 -1.0
2.27251887321 -1.0
2.27254676819 1.0
2.33347797394 -1.0
2.41792392731 -1.0
2.43756389618 -1.0
2.4489428997 -1.0
2.46786379814 -1.0
2.46875977516 -1.0
2.47122883797 1.0
2.48856878281 -1.0
2.50390195847 -1.0
2.52337479591 -1.0
2.58788585663 -1.0
2.6076529026 -1.0
2.63227391243 -1.0
2.63238596916 1.0
2.65254187584 -1.0
2.6785697937 -1.0
2.67884087563 -1.0
2.67893600464 -1.0
2.68995785713 -1.0
2.69820094109 -1.0
2.79308199883 -1.0
2.79626297951 -1.0
2.79628896713 1.0
2.79819989204 -1.0
2.81320881844 -1.0
2.8431198597 -1.0
2.9013569355 -1.0
2.92850279808 -1.0
3.29549980164 -1.0
3.29552483559 1.0
3.34806585312 -1.0
3.37068891525 -1.0
3.39183592796 -1.0
3.84958696365 -1.0
3.90716695786 -1.0
3.94512081146 -1.0
3.94512987137 1.0
4.05098891258 -1.0
4.65332484245 -1.0
4.65370893478 -1.0
4.67277979851 -1.0
4.92075586319 -1.0
5.63412499428 1.0
5.65400099754 -1.0
5.65408778191 -1.0
5.65418696404 -1.0
5.6736907959 -1.0
6.65382695198 -1.0
6.67328977585 -1.0
7.63495087624 1.0
7.65478682518 -1.0
7.65517497063 -1.0
7.65553092957 -1.0
7.65554594994 -1.0
7.65593290329 -1.0
7.67434477806 -1.0
16.1981739998 -1.0
16.1982018948 1.0
16.2991828918 -1.0
18.3729817867 -1.0
18.3942599297 -1.0
18.7977929115 -1.0
