0.0356230735779 -1.0
0.0356321334839 1.0
0.094841003418 -1.0
0.114417076111 -1.0
0.136105060577 -1.0
0.275448083878 -1.0
0.335106134415 -1.0
0.335116147995 1.0
0.395020961761 -1.0
0.838037014008 -1.0
0.858040094376 -1.0
0.881729125977 -1.0
0.904093980789 -1.0
0.923680067062 -1.0
0.943657159805 -1.0
0.981882095337 1.0
0.9837641716 -1.0
1.00172710419 -1.0
1.03962397575 -1.0
1.09892416 -1.0
1.11967515945 -1.0
1.1743619442 -1.0
1.22414517403 -1.0
1.26191401482 1.0
1.30478715897 -1.0
1.34335803986 -1.0
1.36374211311 -1.0
1.38393998146 -1.0
1.40348696709 -1.0
1.423787117 -1.0
1.4817609787 -1.0
1.51788115501 1.0
1.51999115944 -1.0
1.52539300919 -1.0
1.53796815872 -1.0
1.54629802704 -1.0
1.57048296928 -1.0
1.5902121067 -1.0
1.59369301796 1.0
1.60144996643 -1.0
1.6114320755 -1.0
1.6231751442 -1.0
1.64180612564 -1.0
1.68036007881 -1.0
1.69735813141 -1.0
1.69996213913 -1.0
1.73391914368 1.0
1.83513998985 -1.0
1.83917617798 -1.0
1.86148500443 -1.0
1.8720459938 1.0
1.88130116463 -1.0
1.90099215508 -1.0
1.92571902275 -1.0
1.94580411911 -1.0
2.00307297707 -1.0
2.02253699303 -1.0
2.04234313965 -1.0
2.06179308891 -1.0
2.06180310249 1.0
2.10484194756 -1.0
2.1244571209 -1.0
2.15406298637 -1.0
2.15581011772 -1.0
2.15817308426 -1.0
2.17408704758 -1.0
2.17409801483 1.0
2.2223379612 -1.0
2.23920416832 -1.0
2.24209403992 -1.0
2.26200509071 -1.0
2.27268815041 -1.0
2.27452611923 -1.0
2.27456998825 -1.0
2.27604198456 -1.0
2.2760591507 1.0
2.29319000244 -1.0
2.33096814156 -1.0
2.35945606232 -1.0
2.37890100479 -1.0
2.44377303123 -1.0
2.44388794899 -1.0
2.4648900032 -1.0
2.46491503716 1.0
2.4894220829 -1.0
2.51051902771 -1.0
2.51447916031 -1.0
2.51449894905 -1.0
2.53004312515 -1.0
2.53655600548 -1.0
2.53658103943 -1.0
2.55621910095 -1.0
2.55622696877 1.0
2.62304902077 -1.0
2.63000607491 -1.0
2.63089704514 -1.0
2.64960312843 -1.0
2.6542429924 -1.0
2.65426516533 -1.0
2.65427613258 1.0
2.65965795517 -1.0
2.67053508759 -1.0
2.7270720005 -1.0
2.74834108353 -1.0
2.86944103241 -1.0
2.98999810219 -1.0
3.05099606514 -1.0
3.05100703239 1.0
3.07083511353 -1.0
3.10127997398 -1.0
3.1867980957 -1.0
3.27577209473 -1.0
3.36572003365 -1.0
3.43256902695 -1.0
3.53371596336 -1.0
3.56991696358 1.0
3.58953595161 -1.0
4.85503005981 -1.0
4.91128396988 -1.0
6.83552598953 1.0
6.85510516167 -1.0
6.85512113571 -1.0
6.8552839756 -1.0
6.85550713539 -1.0
6.8746650219 -1.0
7.83575296402 1.0
7.85489201546 -1.0
7.85552501678 -1.0
7.85553097725 -1.0
7.85560798645 -1.0
7.85576796532 -1.0
7.87725996971 -1.0
15.4358241558 -1.0
15.5351641178 -1.0
16.4367351532 -1.0
16.4367589951 1.0
16.5358510017 -1.0
18.015378952 -1.0
18.0367171764 -1.0
18.6605670452 -1.0
