0.0 1.0
0.00925016403198 -1.0
0.0204911231995 -1.0
0.0273630619049 -1.0
0.0469431877136 -1.0
0.104139089584 -1.0
0.111701011658 -1.0
0.124065160751 -1.0
0.143573999405 -1.0
0.179993152618 1.0
0.196959018707 -1.0
0.20026922226 -1.0
0.266720056534 -1.0
0.281098127365 -1.0
0.300803184509 -1.0
0.364366054535 -1.0
0.365235090256 1.0
0.397078037262 -1.0
0.448617219925 -1.0
0.573896169662 -1.0
0.644511222839 -1.0
0.703709125519 -1.0
0.79246711731 -1.0
0.831996202469 1.0
0.851876020432 -1.0
0.866344213486 -1.0
0.883292198181 -1.0
0.884037017822 -1.0
0.886305093765 -1.0
0.894986152649 -1.0
0.89515209198 -1.0
0.906026124954 1.0
0.906745195389 -1.0
0.925887107849 -1.0
0.928665161133 -1.0
0.946112155914 -1.0
1.0043361187 -1.0
1.02404308319 -1.0
1.15412807465 1.0
1.17390608788 -1.0
1.17606401443 -1.0
1.17802619934 -1.0
1.19343805313 -1.0
1.21340417862 -1.0
1.25635409355 -1.0
1.25636219978 1.0
1.2604842186 -1.0
1.28086709976 -1.0
1.34059906006 -1.0
1.34344506264 -1.0
1.34563016891 -1.0
1.36464214325 -1.0
1.42429113388 -1.0
1.4243080616 1.0
1.43077015877 -1.0
1.48015618324 -1.0
1.51305413246 -1.0
1.51344418526 -1.0
1.53300404549 -1.0
1.57218599319 -1.0
1.61520600319 -1.0
1.61988520622 -1.0
1.61990809441 1.0
1.63942503929 -1.0
1.65960621834 -1.0
1.67915320396 -1.0
1.68256807327 -1.0
1.69807720184 -1.0
1.70351314545 -1.0
1.70525407791 -1.0
1.72340106964 -1.0
1.72350001335 1.0
1.74255108833 -1.0
1.74257802963 -1.0
1.74280500412 -1.0
1.74284720421 -1.0
1.74293518066 -1.0
1.7431910038 -1.0
1.76268100739 -1.0
1.77995419502 -1.0
1.77998805046 -1.0
1.79194998741 -1.0
1.80176711082 -1.0
1.83999919891 1.0
1.89745211601 -1.0
1.912307024 -1.0
1.91694808006 -1.0
1.9297940731 -1.0
1.9493200779 -1.0
1.97202205658 -1.0
1.97508502007 1.0
1.99393320084 -1.0
1.99899220467 -1.0
1.99909710884 -1.0
2.01913309097 -1.0
2.04563117027 -1.0
2.04564809799 -1.0
2.08351612091 -1.0
2.10517001152 -1.0
2.1075501442 1.0
2.16405200958 -1.0
2.21079421043 -1.0
2.34721517563 -1.0
2.34723615646 -1.0
2.424036026 -1.0
2.42826008797 -1.0
2.43109703064 -1.0
2.44354510307 -1.0
2.44646310806 1.0
2.46594119072 -1.0
2.48697304726 -1.0
2.55464410782 -1.0
2.86120820045 -1.0
2.9046690464 -1.0
2.92545700073 -1.0
2.92558002472 1.0
2.94530701637 -1.0
2.94684314728 -1.0
4.89617204666 -1.0
4.9525821209 -1.0
5.16063499451 -1.0
5.87637019157 1.0
5.89626908302 -1.0
5.89648008347 -1.0
5.89656805992 -1.0
5.89693021774 -1.0
5.91580915451 -1.0
6.87725806236 1.0
6.89724802971 -1.0
6.89739513397 -1.0
6.89779114723 -1.0
6.89793300629 -1.0
6.89806008339 -1.0
6.91709208488 -1.0
15.3793179989 -1.0
15.4606261253 -1.0
15.4606339931 1.0
15.4808981419 -1.0
17.4678649902 -1.0
17.4874720573 -1.0
17.8018200397 -1.0
17.8214790821 -1.0
