0.0 -1.0
0.00583696365356 -1.0
0.00584697723389 1.0
0.0258808135986 -1.0
0.0478119850159 -1.0
0.142643928528 -1.0
0.145359992981 -1.0
0.165755033493 -1.0
0.224557876587 -1.0
0.25612282753 -1.0
0.25613284111 1.0
0.312963008881 -1.0
0.372694969177 -1.0
0.417742967606 -1.0
0.44732093811 -1.0
0.64820599556 -1.0
0.707890033722 -1.0
0.727541923523 -1.0
0.749171972275 -1.0
0.749212026596 1.0
0.807768821716 -1.0
0.849561929703 -1.0
0.87073802948 -1.0
0.947904825211 -1.0
0.968901872635 -1.0
1.14724397659 -1.0
1.14726185799 -1.0
1.14729595184 1.0
1.16670894623 -1.0
1.20045590401 -1.0
1.24770283699 -1.0
1.26734089851 -1.0
1.26903486252 -1.0
1.26904296875 1.0
1.27071094513 -1.0
1.27971482277 -1.0
1.28858780861 -1.0
1.30808782578 -1.0
1.36969399452 -1.0
1.39127802849 -1.0
1.41092896461 -1.0
1.45183181763 -1.0
1.50142884254 1.0
1.51863503456 -1.0
1.52483296394 -1.0
1.53828597069 -1.0
1.53952884674 -1.0
1.59591889381 -1.0
1.65397882462 -1.0
1.65398788452 1.0
1.71183991432 -1.0
1.81756591797 -1.0
1.85772681236 -1.0
1.91601800919 -1.0
1.9472849369 -1.0
1.9479060173 1.0
1.96879696846 -1.0
1.96949291229 -1.0
1.98913693428 -1.0
2.14859104156 -1.0
2.16934490204 -1.0
2.16975998878 -1.0
2.2491979599 -1.0
2.24920797348 1.0
2.44832491875 -1.0
2.44836091995 -1.0
2.46783590317 -1.0
2.55384492874 -1.0
2.55386900902 -1.0
2.55434203148 1.0
2.57361292839 -1.0
2.5736579895 -1.0
2.57369399071 -1.0
2.57401990891 -1.0
2.59319901466 -1.0
2.59322881699 -1.0
2.63195800781 -1.0
2.64815497398 -1.0
2.64817595482 -1.0
2.6528069973 -1.0
2.66775393486 -1.0
2.66918301582 1.0
2.72796988487 -1.0
2.95058393478 -1.0
3.04861593246 -1.0
3.04864287376 -1.0
3.06830000877 -1.0
3.07110190392 -1.0
3.07111096382 1.0
3.09066486359 -1.0
3.11018300056 -1.0
3.14873194695 -1.0
3.19215893745 -1.0
3.24858093262 -1.0
3.47210884094 -1.0
3.47685980797 1.0
3.53607702255 -1.0
3.54891586304 -1.0
3.55503082275 -1.0
3.55790495872 -1.0
3.5746679306 -1.0
4.04900193214 -1.0
4.1065030098 -1.0
4.14785790443 -1.0
4.1478729248 1.0
4.87252283096 -1.0
4.92842197418 -1.0
5.87268590927 -1.0
5.87270498276 1.0
5.87329888344 -1.0
5.89232492447 -1.0
6.87310886383 -1.0
6.89252781868 -1.0
7.86106085777 1.0
7.8802549839 -1.0
7.88029885292 -1.0
7.88039398193 -1.0
7.88052082062 -1.0
7.88072896004 -1.0
7.89984202385 -1.0
16.0485599041 -1.0
17.048252821 -1.0
18.4985690117 -1.0
18.4985790253 1.0
18.5188410282 -1.0
18.8497018814 -1.0
