0.0 1.0
0.0180439949036 -1.0
0.0374848842621 -1.0
0.0569999217987 -1.0
0.190588951111 -1.0
0.276090860367 -1.0
0.276100873947 1.0
0.296408891678 -1.0
0.355206012726 -1.0
0.390577793121 -1.0
0.447238922119 -1.0
0.478312969208 -1.0
0.531154870987 -1.0
0.676189899445 -1.0
0.676201820374 1.0
0.707374811172 -1.0
0.72681593895 -1.0
0.730855941772 -1.0
0.781199932098 -1.0
0.787177801132 -1.0
0.794880867004 -1.0
0.794904947281 1.0
0.803206920624 -1.0
0.814552783966 -1.0
0.874361991882 -1.0
0.880831003189 -1.0
0.880936861038 -1.0
0.894963979721 -1.0
0.934172868729 1.0
0.939746856689 -1.0
0.953728914261 -1.0
0.95414185524 -1.0
0.956337928772 -1.0
0.959181785583 -1.0
0.979980945587 -1.0
0.979990959167 1.0
0.999585866928 -1.0
1.09606599808 -1.0
1.12509894371 -1.0
1.16560983658 -1.0
1.19737887383 1.0
1.20743894577 -1.0
1.22830581665 -1.0
1.31295585632 -1.0
1.33288097382 -1.0
1.37511181831 -1.0
1.38267993927 -1.0
1.38285398483 1.0
1.39627194405 -1.0
1.40314984322 -1.0
1.40493583679 -1.0
1.41818094254 -1.0
1.45929193497 -1.0
1.48358082771 -1.0
1.49788188934 -1.0
1.49791193008 -1.0
1.50536894798 -1.0
1.50789284706 1.0
1.51743197441 -1.0
1.56722378731 -1.0
1.58702898026 -1.0
1.58931183815 -1.0
1.60229897499 -1.0
1.60865688324 -1.0
1.60866498947 1.0
1.61092185974 -1.0
1.63074088097 -1.0
1.67243790627 -1.0
1.6766808033 -1.0
1.69094586372 -1.0
1.69719982147 -1.0
1.6972079277 1.0
1.69721579552 -1.0
1.71222686768 -1.0
1.77724981308 -1.0
1.79717183113 -1.0
1.80004382133 -1.0
1.80045199394 1.0
1.80285382271 -1.0
1.80405187607 -1.0
1.81978082657 -1.0
1.82369089127 -1.0
1.87678599358 -1.0
1.89867591858 -1.0
1.97795200348 -1.0
1.97796678543 -1.0
1.9779958725 1.0
1.99827694893 -1.0
1.99831795692 -1.0
2.01781082153 -1.0
2.07877993584 -1.0
2.07879590988 -1.0
2.07882285118 -1.0
2.3195669651 -1.0
2.31959295273 1.0
2.33936691284 -1.0
2.40347790718 -1.0
2.42298793793 -1.0
2.47936677933 -1.0
2.98300695419 -1.0
3.18801188469 -1.0
3.18803882599 1.0
3.21131896973 -1.0
3.23087000847 -1.0
3.54106783867 -1.0
3.64645290375 -1.0
3.67551183701 -1.0
3.6986207962 -1.0
3.69862985611 1.0
3.81307983398 -1.0
4.60738897324 -1.0
4.60803580284 -1.0
4.62762880325 -1.0
5.58791089058 1.0
5.60750293732 -1.0
5.60778093338 -1.0
5.62744784355 -1.0
6.60779285431 -1.0
6.60795593262 -1.0
6.6083278656 -1.0
6.62787294388 -1.0
7.58917689323 1.0
7.60970282555 -1.0
7.60971784592 -1.0
7.60978388786 -1.0
7.62930393219 -1.0
15.7790470123 -1.0
15.8004829884 -1.0
15.9118559361 -1.0
15.911867857 1.0
18.2146918774 -1.0
18.2341449261 -1.0
18.9029929638 -1.0
