0.0113370418549 -1.0
0.0179588794708 -1.0
0.0179698467255 1.0
0.0749180316925 -1.0
0.121376991272 -1.0
0.14103102684 -1.0
0.144649982452 -1.0
0.166063070297 -1.0
0.245426893234 -1.0
0.245452880859 1.0
0.266561985016 -1.0
0.286278963089 -1.0
0.344019889832 -1.0
0.34969496727 -1.0
0.406013965607 -1.0
0.40883398056 -1.0
0.463273048401 -1.0
0.463281869888 1.0
0.46496295929 -1.0
0.487627029419 -1.0
0.546335935593 -1.0
0.604676008224 -1.0
0.624253988266 -1.0
0.636096000671 -1.0
0.643732070923 -1.0
0.658086061478 1.0
0.664496898651 -1.0
0.715298891068 -1.0
0.73454284668 -1.0
0.77118396759 -1.0
0.827215909958 -1.0
0.828830957413 -1.0
0.850262880325 -1.0
0.850380897522 -1.0
0.870127916336 -1.0
0.871484041214 1.0
0.891978979111 -1.0
0.912884950638 -1.0
0.9713139534 -1.0
1.02753400803 -1.0
1.0493710041 -1.0
1.07118201256 -1.0
1.07151389122 1.0
1.12742304802 -1.0
1.13758802414 -1.0
1.14905786514 -1.0
1.16854405403 -1.0
1.17426085472 -1.0
1.19873595238 -1.0
1.19876384735 1.0
1.2183470726 -1.0
1.23331189156 -1.0
1.25512099266 -1.0
1.31165885925 -1.0
1.31999802589 -1.0
1.33705496788 -1.0
1.33708691597 -1.0
1.33801984787 -1.0
1.3380279541 1.0
1.35873389244 -1.0
1.38812208176 -1.0
1.40775585175 -1.0
1.42719388008 -1.0
1.46032094955 -1.0
1.47402405739 -1.0
1.48848485947 -1.0
1.49352693558 -1.0
1.49353599548 1.0
1.49360799789 -1.0
1.51293492317 -1.0
1.53252696991 -1.0
1.56803107262 -1.0
1.58748793602 -1.0
1.59036803246 -1.0
1.59048700333 -1.0
1.60995388031 -1.0
1.60998702049 -1.0
1.62959504128 -1.0
1.62968397141 -1.0
1.63815593719 -1.0
1.63816404343 1.0
1.64917087555 -1.0
1.65951299667 -1.0
1.6694278717 -1.0
1.67905688286 -1.0
1.69857406616 -1.0
1.69870185852 -1.0
1.71826004982 -1.0
1.71882295609 -1.0
1.73767399788 -1.0
1.73768305779 1.0
1.73779296875 -1.0
1.75720000267 -1.0
1.81581997871 -1.0
1.83391499519 -1.0
1.83533287048 -1.0
1.85871505737 -1.0
1.87824988365 -1.0
1.91602492332 -1.0
1.91721796989 1.0
1.93676495552 -1.0
1.96389102936 -1.0
2.03599786758 -1.0
2.09198689461 -1.0
2.15042495728 -1.0
2.20810103416 -1.0
2.27337408066 -1.0
2.3172249794 1.0
2.35372185707 -1.0
2.4337990284 -1.0
2.55806207657 -1.0
2.58293485641 -1.0
2.61982989311 -1.0
2.63946604729 -1.0
2.89860892296 -1.0
2.93720984459 1.0
2.93829393387 -1.0
2.95718789101 -1.0
3.18743991852 -1.0
4.76057696342 -1.0
4.76058697701 1.0
4.76110291481 -1.0
4.78000307083 -1.0
5.4301109314 -1.0
5.45426893234 -1.0
5.47432494164 -1.0
5.55299305916 -1.0
5.57798504829 -1.0
5.68367004395 -1.0
5.68367886543 1.0
5.76063704491 -1.0
5.76108598709 -1.0
5.76124501228 -1.0
5.76133584976 -1.0
5.78011894226 -1.0
6.20353198051 -1.0
6.20355987549 1.0
6.61009001732 -1.0
6.65633106232 -1.0
6.74267506599 1.0
6.76385307312 -1.0
6.76395797729 -1.0
6.76431798935 -1.0
6.7645008564 -1.0
6.78343987465 -1.0
6.95337700844 -1.0
15.9818060398 -1.0
16.1057810783 -1.0
16.1308870316 -1.0
16.1308948994 1.0
17.6236898899 -1.0
17.6432609558 -1.0
18.1101579666 -1.0
