0.00446915626526 -1.0
0.00447702407837 1.0
0.0240111351013 -1.0
0.0805549621582 -1.0
0.146667003632 -1.0
0.204467058182 -1.0
0.292431116104 -1.0
0.347090959549 -1.0
0.548509120941 -1.0
0.548527002335 1.0
0.580434083939 -1.0
0.600059986115 -1.0
0.641071081161 -1.0
0.657348155975 -1.0
0.661630153656 -1.0
0.748803138733 -1.0
0.748824119568 1.0
0.855355024338 -1.0
0.960653066635 -1.0
0.982278108597 -1.0
1.04897999763 -1.0
1.04899001122 -1.0
1.04900693893 -1.0
1.06890416145 -1.0
1.06891202927 1.0
1.0884180069 -1.0
1.12041807175 -1.0
1.12225008011 -1.0
1.14026904106 -1.0
1.14027905464 1.0
1.14825701714 -1.0
1.19647908211 -1.0
1.21619415283 -1.0
1.34965205193 -1.0
1.36203503609 1.0
1.36931395531 -1.0
1.37462997437 -1.0
1.38897204399 -1.0
1.4085559845 -1.0
1.48450899124 -1.0
1.5409591198 -1.0
1.54987096786 -1.0
1.56931209564 -1.0
1.5717561245 1.0
1.62844514847 -1.0
1.64766407013 -1.0
1.66109609604 -1.0
1.6805369854 -1.0
1.7475540638 -1.0
1.74757695198 -1.0
1.76845002174 -1.0
1.77162599564 1.0
1.7914249897 -1.0
1.84705710411 -1.0
1.84707808495 -1.0
1.86661505699 -1.0
1.86765003204 -1.0
1.86765813828 1.0
1.92465400696 -1.0
1.96062994003 -1.0
1.9761929512 -1.0
1.99568915367 -1.0
2.04951000214 -1.0
2.04954910278 -1.0
2.05462002754 -1.0
2.14799809456 -1.0
2.24920916557 -1.0
2.26107501984 -1.0
2.26109814644 1.0
2.28079009056 -1.0
2.34934711456 -1.0
2.34938097 -1.0
2.36885404587 -1.0
2.3688750267 -1.0
2.38845801353 -1.0
2.38846707344 1.0
2.38847398758 -1.0
2.40788912773 -1.0
2.40797710419 -1.0
2.40798902512 -1.0
2.42731714249 -1.0
2.44727516174 -1.0
2.44728398323 1.0
2.44901299477 -1.0
2.4668469429 -1.0
2.46846103668 -1.0
2.54803705215 -1.0
2.54806613922 -1.0
2.56844305992 -1.0
2.56845211983 1.0
2.56845998764 -1.0
2.5684671402 -1.0
2.58821201324 -1.0
2.60790705681 -1.0
2.60791611671 1.0
2.61994600296 -1.0
2.62740206718 -1.0
2.84897494316 -1.0
3.04936599731 -1.0
3.24939393997 -1.0
3.27251815796 -1.0
3.29217004776 -1.0
3.74849104881 -1.0
3.74856209755 1.0
3.76827001572 -1.0
3.78785204887 -1.0
5.02917003632 -1.0
5.02930116653 -1.0
5.05009508133 -1.0
5.44911503792 -1.0
5.5496981144 -1.0
5.54971694946 1.0
6.02926397324 -1.0
6.02939200401 -1.0
6.05044102669 -1.0
7.0104060173 1.0
7.0293610096 -1.0
7.02963614464 -1.0
7.03010702133 -1.0
7.03011894226 -1.0
7.05000209808 -1.0
8.02990603447 -1.0
8.05094194412 -1.0
15.7754721642 -1.0
16.001830101 -1.0
16.0018529892 1.0
18.2750170231 -1.0
18.2951381207 -1.0
18.7533769608 -1.0
