0.0559499263763 -1.0
0.0559659004211 1.0
0.0757579803467 -1.0
0.0763249397278 -1.0
0.13813996315 -1.0
0.159150838852 -1.0
0.197383880615 -1.0
0.204780817032 -1.0
0.224368810654 -1.0
0.243911981583 -1.0
0.243922948837 1.0
0.277089834213 -1.0
0.336159944534 -1.0
0.348359823227 -1.0
0.356492996216 -1.0
0.396790981293 -1.0
0.399377822876 -1.0
0.402565956116 -1.0
0.40259885788 1.0
0.408138990402 -1.0
0.456977844238 -1.0
0.515826940536 -1.0
0.535465955734 -1.0
0.560519933701 -1.0
0.565979957581 -1.0
0.580222845078 -1.0
0.622529983521 -1.0
0.622557878494 1.0
0.683468818665 -1.0
0.715031862259 -1.0
0.735012769699 -1.0
0.762603998184 -1.0
0.86325097084 -1.0
0.864855766296 1.0
0.874289989471 -1.0
0.877400875092 -1.0
0.882956981659 -1.0
0.882964849472 -1.0
0.904115915298 -1.0
0.904126882553 1.0
0.914794921875 -1.0
0.960941791534 -1.0
0.981494903564 -1.0
1.08010697365 -1.0
1.13995289803 -1.0
1.13996076584 1.0
1.15622377396 -1.0
1.16662788391 -1.0
1.18715977669 -1.0
1.22561979294 -1.0
1.29791283607 -1.0
1.35611581802 -1.0
1.37654089928 -1.0
1.41210484505 -1.0
1.43164491653 -1.0
1.43182182312 1.0
1.48795580864 -1.0
1.49577498436 -1.0
1.55190896988 -1.0
1.56607079506 -1.0
1.62390494347 -1.0
1.76552176476 -1.0
1.76555895805 -1.0
1.78683781624 -1.0
1.78684878349 1.0
1.78685879707 -1.0
1.78996992111 -1.0
1.80641484261 -1.0
1.81026792526 -1.0
1.81027579308 1.0
1.86507296562 -1.0
1.87045383453 -1.0
1.87049484253 -1.0
1.89170193672 -1.0
1.96608281136 -1.0
1.96610188484 -1.0
1.96615481377 -1.0
1.98575878143 -1.0
2.04790997505 -1.0
2.04792380333 1.0
2.06615781784 -1.0
2.07192087173 -1.0
2.08729887009 -1.0
2.12791085243 -1.0
2.16461992264 -1.0
2.26584887505 -1.0
2.26586484909 -1.0
2.26587200165 -1.0
2.26589679718 1.0
2.28701496124 -1.0
2.2870259285 -1.0
2.30644893646 -1.0
2.36401891708 -1.0
2.46735787392 -1.0
2.46738481522 -1.0
2.46739697456 -1.0
2.48816394806 -1.0
2.48817396164 1.0
2.48820185661 -1.0
2.48825192451 -1.0
2.66803789139 -1.0
2.77716898918 -1.0
3.06762099266 -1.0
3.091329813 -1.0
3.09133887291 1.0
3.11109685898 -1.0
3.46740698814 -1.0
3.56817698479 -1.0
3.58796477318 -1.0
3.66799783707 -1.0
4.56853699684 1.0
4.58768582344 -1.0
4.58833289146 -1.0
4.60710287094 -1.0
5.58792185783 -1.0
5.58918881416 -1.0
5.60846996307 -1.0
6.56865692139 1.0
6.58830595016 -1.0
6.58870792389 -1.0
6.58879685402 -1.0
6.60797595978 -1.0
7.57009983063 1.0
7.59101891518 -1.0
7.59123086929 -1.0
7.59163999557 -1.0
7.61087584496 -1.0
15.961304903 -1.0
16.0044369698 -1.0
16.0239188671 -1.0
16.1198949814 -1.0
18.0733838081 1.0
18.0947809219 -1.0
18.1154079437 -1.0
18.7008869648 -1.0
