0.0296080112457 1.0
0.0387849807739 -1.0
0.0493049621582 -1.0
0.0958399772644 -1.0
0.115437030792 -1.0
0.166781902313 -1.0
0.186686038971 -1.0
0.186696052551 1.0
0.24399805069 -1.0
0.24782705307 -1.0
0.283294916153 -1.0
0.28332400322 -1.0
0.302963018417 -1.0
0.323567867279 -1.0
0.323576927185 1.0
0.334710836411 -1.0
0.38187789917 -1.0
0.394907951355 -1.0
0.403759002686 -1.0
0.414602994919 -1.0
0.458840847015 -1.0
0.458852052689 1.0
0.473906040192 -1.0
0.515714883804 -1.0
0.532646894455 -1.0
0.569201946259 -1.0
0.581382036209 -1.0
0.590632915497 -1.0
0.591502904892 1.0
0.618217945099 -1.0
0.665294885635 -1.0
0.720629930496 -1.0
0.724993944168 -1.0
0.744503974915 -1.0
0.804296016693 -1.0
0.815710067749 -1.0
0.815724849701 -1.0
0.82817196846 -1.0
0.828201055527 1.0
0.835244894028 -1.0
0.854820013046 -1.0
0.865607023239 -1.0
0.886339902878 -1.0
0.886906862259 1.0
0.943740844727 -1.0
0.956264972687 -1.0
0.963479042053 -1.0
1.01291394234 -1.0
1.06868004799 -1.0
1.09775686264 1.0
1.09791588783 -1.0
1.11737895012 -1.0
1.11757206917 -1.0
1.11949801445 -1.0
1.17893004417 -1.0
1.1985449791 -1.0
1.19855594635 1.0
1.21826291084 -1.0
1.238093853 -1.0
1.28870892525 -1.0
1.3083589077 -1.0
1.34910106659 -1.0
1.34910988808 1.0
1.35474705696 -1.0
1.40805888176 -1.0
1.41275501251 -1.0
1.4278550148 -1.0
1.42910790443 -1.0
1.44721388817 -1.0
1.44855999947 -1.0
1.44858884811 -1.0
1.45654702187 -1.0
1.45655584335 1.0
1.47796988487 -1.0
1.49754500389 -1.0
1.50603294373 -1.0
1.52562999725 -1.0
1.58631706238 -1.0
1.61376190186 -1.0
1.61377692223 -1.0
1.61423993111 1.0
1.62215805054 -1.0
1.62382388115 -1.0
1.62385797501 -1.0
1.62556004524 -1.0
1.62963891029 -1.0
1.63347005844 -1.0
1.67279005051 -1.0
1.72324299812 -1.0
1.72429800034 -1.0
1.73687005043 -1.0
1.73687601089 1.0
1.73694992065 -1.0
1.7370159626 -1.0
1.73737287521 -1.0
1.74269104004 -1.0
1.74841690063 -1.0
1.7488629818 -1.0
1.74911189079 -1.0
1.75644207001 -1.0
1.75653386116 -1.0
1.75654792786 1.0
1.76206302643 -1.0
1.77659606934 -1.0
1.79616904259 -1.0
1.85296201706 -1.0
1.86433792114 -1.0
1.87067604065 -1.0
1.87166404724 1.0
1.87443685532 -1.0
1.89736104012 -1.0
1.91684603691 -1.0
1.96566295624 -1.0
1.99681091309 -1.0
2.01643490791 -1.0
2.03628087044 -1.0
2.11960601807 -1.0
2.1196410656 1.0
2.164083004 -1.0
2.24967384338 -1.0
2.3091340065 -1.0
2.37885284424 -1.0
2.68213295937 -1.0
2.6821539402 1.0
2.92393803596 -1.0
2.98827695847 -1.0
3.00791597366 -1.0
3.21839094162 -1.0
3.33503484726 -1.0
3.35477399826 -1.0
3.35478305817 1.0
3.45524287224 -1.0
5.32872486115 -1.0
5.32906293869 -1.0
5.34868597984 -1.0
6.3096768856 1.0
6.32907390594 -1.0
6.32908892632 -1.0
6.32934689522 -1.0
6.32951903343 -1.0
6.33000087738 -1.0
6.34861087799 -1.0
7.31006193161 1.0
7.32934904099 -1.0
7.32955288887 -1.0
7.32978391647 -1.0
7.32991290092 -1.0
7.33016991615 -1.0
7.34879302979 -1.0
14.1459438801 -1.0
14.1461758614 1.0
14.1666500568 -1.0
15.9521579742 -1.0
16.0442218781 -1.0
16.1437649727 -1.0
17.9505958557 -1.0
17.9705429077 -1.0
18.4438128471 -1.0
18.4438378811 1.0
24.1655709743 -1.0
24.2885029316 -1.0
26.525069952 -1.0
