0.0404939651489 -1.0
0.105277776718 -1.0
0.105288982391 1.0
0.16450381279 -1.0
0.21893286705 -1.0
0.281955003738 -1.0
0.340132951736 -1.0
0.411930799484 -1.0
0.423537969589 -1.0
0.480354785919 -1.0
0.480362892151 1.0
0.506815910339 -1.0
0.70741891861 -1.0
0.740635871887 -1.0
0.827299833298 -1.0
0.883936882019 -1.0
0.972823858261 -1.0
0.973227977753 1.0
0.992947816849 -1.0
1.07375383377 -1.0
1.09402990341 -1.0
1.09486699104 -1.0
1.11363196373 -1.0
1.11367583275 1.0
1.11607289314 -1.0
1.15578079224 -1.0
1.17564582825 -1.0
1.19847798347 -1.0
1.21889686584 -1.0
1.26396083832 -1.0
1.26687479019 -1.0
1.28539586067 -1.0
1.28543996811 1.0
1.30073881149 -1.0
1.3066368103 -1.0
1.34274792671 -1.0
1.34883499146 -1.0
1.36178994179 -1.0
1.36180186272 1.0
1.37248277664 -1.0
1.38760995865 -1.0
1.44375777245 -1.0
1.52215385437 -1.0
1.52688598633 -1.0
1.52909898758 -1.0
1.52914381027 -1.0
1.53367495537 -1.0
1.54000592232 -1.0
1.54915380478 -1.0
1.54939079285 1.0
1.56028699875 -1.0
1.57078385353 -1.0
1.59057497978 -1.0
1.61137390137 -1.0
1.63361692429 -1.0
1.63363194466 1.0
1.67159199715 -1.0
1.67306184769 -1.0
1.67518687248 -1.0
1.69276690483 -1.0
1.69922089577 -1.0
1.71250391006 -1.0
1.7138710022 -1.0
1.73239588737 -1.0
1.75017380714 -1.0
1.75019693375 1.0
1.75204277039 -1.0
1.76067781448 -1.0
1.77707195282 -1.0
1.77711296082 -1.0
1.77832698822 -1.0
1.7810997963 -1.0
1.7814218998 -1.0
1.78318285942 -1.0
1.7832698822 -1.0
1.78328585625 1.0
1.80168199539 -1.0
1.80873179436 -1.0
1.80975484848 -1.0
1.81947898865 -1.0
1.81953477859 -1.0
1.82950592041 -1.0
1.8326048851 -1.0
1.86519384384 -1.0
1.8652048111 1.0
1.92496299744 -1.0
1.94245791435 -1.0
1.94296193123 -1.0
1.96443295479 -1.0
1.97793388367 -1.0
1.99757480621 -1.0
2.01557397842 -1.0
2.03212499619 -1.0
2.03643298149 -1.0
2.05831599236 -1.0
2.0618019104 1.0
2.11371898651 -1.0
2.21403384209 -1.0
2.32015490532 -1.0
2.34144282341 -1.0
2.35246181488 -1.0
2.35247182846 1.0
2.41436982155 -1.0
2.71611380577 -1.0
2.81706094742 -1.0
3.06794881821 -1.0
3.29988098145 -1.0
4.5633289814 -1.0
4.56333780289 1.0
4.5828127861 -1.0
5.56538081169 -1.0
5.56539678574 -1.0
5.58667778969 -1.0
6.57175087929 -1.0
6.57176184654 1.0
6.57176780701 -1.0
6.59140491486 -1.0
7.56407284737 -1.0
7.5643157959 -1.0
7.58358192444 -1.0
15.4407739639 -1.0
15.6236798763 -1.0
15.7148118019 -1.0
15.7148249149 1.0
17.3468477726 -1.0
17.3664858341 -1.0
17.6244618893 -1.0
18.0344779491 -1.0
18.0344908237 -1.0
