0.0102939605713 -1.0
0.0103039741516 1.0
0.0298190116882 -1.0
0.072597026825 -1.0
0.0933449268341 -1.0
0.171056985855 -1.0
0.191103935242 -1.0
0.233346939087 1.0
0.269026041031 -1.0
0.327054023743 -1.0
0.369995832443 -1.0
0.48347401619 -1.0
0.542928934097 -1.0
0.680955886841 -1.0
0.76901102066 -1.0
0.769023895264 1.0
0.790156841278 -1.0
0.869106054306 -1.0
0.969514846802 -1.0
1.04040193558 -1.0
1.16929602623 -1.0
1.1693148613 -1.0
1.28204894066 -1.0
1.28207087517 1.0
1.30157399178 -1.0
1.32131505013 -1.0
1.34100484848 -1.0
1.36308002472 1.0
1.36948895454 -1.0
1.37998485565 -1.0
1.38189888 -1.0
1.38302898407 -1.0
1.38983392715 -1.0
1.39960694313 -1.0
1.45532488823 -1.0
1.51754403114 -1.0
1.53730392456 -1.0
1.56693196297 -1.0
1.56727004051 1.0
1.58644795418 -1.0
1.58720397949 -1.0
1.60939788818 -1.0
1.63111400604 -1.0
1.65058898926 -1.0
1.65060186386 1.0
1.67454195023 -1.0
1.68187999725 -1.0
1.69459605217 -1.0
1.75104904175 -1.0
1.76545190811 -1.0
1.76546502113 -1.0
1.76549196243 -1.0
1.78564286232 -1.0
1.78569698334 -1.0
1.78570485115 1.0
1.81805086136 -1.0
1.8182258606 -1.0
1.81836390495 -1.0
1.83807897568 -1.0
1.85787892342 -1.0
1.87912487984 -1.0
1.87916588783 -1.0
1.87926602364 1.0
1.88990497589 -1.0
1.89876484871 -1.0
1.90358901024 -1.0
1.91917300224 -1.0
1.91920804977 -1.0
1.93859291077 -1.0
1.93861985207 1.0
1.95757198334 -1.0
2.01518297195 -1.0
2.06658983231 -1.0
2.16721987724 -1.0
2.17310285568 -1.0
2.1731569767 -1.0
2.18756198883 -1.0
2.199010849 -1.0
2.19904088974 -1.0
2.20829200745 -1.0
2.20830082893 1.0
2.21852302551 -1.0
2.27330994606 -1.0
2.29276800156 -1.0
2.33172893524 -1.0
2.67746591568 -1.0
2.73519492149 -1.0
2.73520493507 1.0
2.86346197128 -1.0
2.96330595016 -1.0
3.0647919178 -1.0
4.70550203323 -1.0
4.70551204681 1.0
4.70595884323 -1.0
4.72515296936 -1.0
5.08757996559 -1.0
5.3135778904 -1.0
5.68573188782 1.0
5.70649290085 -1.0
5.70658898354 -1.0
5.70674300194 -1.0
5.70695900917 -1.0
5.72607588768 -1.0
6.70512700081 -1.0
6.70540595055 -1.0
6.72463393211 -1.0
7.70501685143 -1.0
7.70502591133 1.0
7.72448801994 -1.0
15.2090740204 -1.0
15.3707408905 -1.0
15.419107914 -1.0
16.4881229401 -1.0
17.2367768288 -1.0
17.2367868423 1.0
17.2562968731 -1.0
17.4820659161 -1.0
21.8772530556 -1.0
