0.0 -1.0
0.000478982925415 1.0
0.0390419960022 -1.0
0.0921440124512 -1.0
0.114681959152 -1.0
0.115870952606 -1.0
0.135411977768 -1.0
0.155805110931 1.0
0.165931940079 -1.0
0.18584394455 -1.0
0.215953111649 -1.0
0.23560500145 -1.0
0.296026945114 -1.0
0.354398965836 -1.0
0.35440993309 1.0
0.373980998993 -1.0
0.462427139282 -1.0
0.510968923569 -1.0
0.530745029449 -1.0
0.533082962036 -1.0
0.536643028259 -1.0
0.540486097336 -1.0
0.544532060623 -1.0
0.552618980408 -1.0
0.589184999466 -1.0
0.589194059372 1.0
0.609596014023 -1.0
0.69499206543 -1.0
0.791198015213 -1.0
0.940570116043 -1.0
0.961051940918 -1.0
0.988034009933 -1.0
0.98804807663 1.0
1.00757598877 -1.0
1.0464849472 -1.0
1.0642991066 -1.0
1.08828902245 1.0
1.09130907059 -1.0
1.11077594757 -1.0
1.216340065 -1.0
1.25211811066 -1.0
1.27231001854 -1.0
1.29197597504 -1.0
1.29254293442 -1.0
1.29273700714 1.0
1.31181311607 -1.0
1.33152198792 -1.0
1.34945511818 -1.0
1.3883831501 -1.0
1.38841295242 -1.0
1.40785694122 -1.0
1.4236741066 -1.0
1.42369508743 1.0
1.42370605469 -1.0
1.42738103867 -1.0
1.44685411453 -1.0
1.50376296043 -1.0
1.50485992432 -1.0
1.52135491371 -1.0
1.52471208572 -1.0
1.52473807335 1.0
1.54434299469 -1.0
1.54438209534 -1.0
1.54700613022 -1.0
1.56511712074 -1.0
1.56654810905 -1.0
1.58958911896 -1.0
1.58961510658 -1.0
1.58964395523 -1.0
1.59292793274 -1.0
1.59726405144 -1.0
1.59727406502 1.0
1.61148905754 -1.0
1.6954240799 -1.0
1.6954600811 -1.0
1.71522498131 -1.0
1.71525192261 -1.0
1.71557497978 1.0
1.73543310165 -1.0
1.76210308075 -1.0
1.79252910614 -1.0
1.79256010056 -1.0
1.81287312508 -1.0
1.8129029274 1.0
1.85057091713 -1.0
1.87032198906 -1.0
1.89168906212 -1.0
1.99280714989 -1.0
2.00236201286 -1.0
2.01425409317 -1.0
2.05050611496 -1.0
2.09119701385 -1.0
2.09121894836 -1.0
2.09125995636 1.0
2.11077404022 -1.0
2.13309311867 -1.0
2.15258312225 -1.0
2.5063560009 -1.0
2.59229803085 -1.0
2.5923140049 1.0
2.60074996948 -1.0
2.61279797554 -1.0
2.69390010834 -1.0
2.71373510361 -1.0
2.79452705383 -1.0
2.89302301407 -1.0
2.89303398132 1.0
4.56603312492 -1.0
4.58543896675 -1.0
5.56685113907 -1.0
5.56743502617 -1.0
5.58660912514 -1.0
6.54748702049 1.0
6.56743812561 -1.0
6.56764602661 -1.0
6.58742308617 -1.0
7.56762194633 -1.0
7.56765007973 -1.0
7.58719611168 -1.0
16.0217330456 -1.0
16.0217599869 1.0
16.0919201374 -1.0
16.1119549274 -1.0
17.1160759926 -1.0
17.1361980438 -1.0
17.4057359695 -1.0
