0.0458559989929 -1.0
0.0458669662476 1.0
0.101379156113 -1.0
0.119421958923 -1.0
0.145960092545 -1.0
0.20551609993 -1.0
0.22812795639 -1.0
0.253430128098 -1.0
0.253616094589 1.0
0.309461116791 -1.0
0.365620136261 -1.0
0.431141138077 -1.0
0.433265924454 -1.0
0.489732027054 -1.0
0.491167068481 -1.0
0.519945144653 -1.0
0.519956111908 1.0
0.526715993881 -1.0
0.539934158325 -1.0
0.589442968369 -1.0
0.61954498291 -1.0
0.74149107933 -1.0
0.818884134293 -1.0
0.818916082382 1.0
0.914921045303 -1.0
0.935678958893 -1.0
0.973614931107 -1.0
1.01769208908 -1.0
1.07758402824 -1.0
1.26979207993 1.0
1.28933405876 -1.0
1.31891393661 -1.0
1.37768101692 -1.0
1.43428301811 -1.0
1.66269898415 -1.0
1.68554711342 -1.0
1.76644706726 -1.0
1.76838803291 1.0
1.78593993187 -1.0
1.78794193268 -1.0
1.919039011 -1.0
1.93025612831 -1.0
1.93033909798 -1.0
1.93850493431 -1.0
1.93887805939 -1.0
1.94154500961 1.0
1.95845293999 -1.0
1.96117115021 -1.0
1.97694516182 -1.0
2.01760196686 -1.0
2.02192211151 -1.0
2.0335381031 -1.0
2.03522014618 -1.0
2.0371761322 -1.0
2.03719902039 1.0
2.04916810989 -1.0
2.05486798286 -1.0
2.06495094299 -1.0
2.1215569973 -1.0
2.12181806564 -1.0
2.14156603813 -1.0
2.17994499207 -1.0
2.19261407852 1.0
2.20457601547 -1.0
2.2124710083 -1.0
2.21257710457 -1.0
2.22418093681 -1.0
2.22516798973 -1.0
2.23214411736 -1.0
2.23219704628 -1.0
2.24363613129 -1.0
2.24364709854 1.0
2.25635313988 -1.0
2.25831413269 -1.0
2.2631919384 -1.0
2.27622699738 -1.0
2.28257513046 -1.0
2.30588006973 -1.0
2.3124871254 -1.0
2.32521009445 -1.0
2.3252351284 1.0
2.32540893555 -1.0
2.37472701073 -1.0
2.37513804436 -1.0
2.37991309166 -1.0
2.39359307289 -1.0
2.39440798759 -1.0
2.39450407028 -1.0
2.40940499306 -1.0
2.40949606895 -1.0
2.40951514244 1.0
2.41432404518 -1.0
2.42626810074 -1.0
2.4272351265 -1.0
2.42893910408 -1.0
2.43389296532 -1.0
2.45375299454 -1.0
2.46426796913 -1.0
2.46534013748 -1.0
2.46579504013 1.0
2.47353410721 -1.0
2.48494696617 -1.0
2.4860291481 -1.0
2.50468301773 -1.0
2.52655696869 -1.0
2.54742693901 -1.0
2.59162402153 -1.0
2.59681105614 -1.0
2.59683895111 1.0
2.61640095711 -1.0
2.6542930603 -1.0
2.67388796806 -1.0
2.83379006386 -1.0
2.84094905853 -1.0
2.86052298546 -1.0
2.86053514481 1.0
2.89712309837 -1.0
2.95525503159 -1.0
3.01412916183 -1.0
3.01931595802 -1.0
3.10135793686 -1.0
3.12115097046 -1.0
3.12116193771 1.0
3.14106798172 -1.0
3.34139204025 -1.0
3.54919505119 -1.0
3.63756608963 -1.0
3.69535803795 -1.0
3.75372004509 -1.0
5.26188111305 -1.0
5.2618970871 1.0
5.28145003319 -1.0
6.26205801964 -1.0
6.26246094704 -1.0
6.26253604889 -1.0
6.28170394897 -1.0
7.24303412437 1.0
7.2623000145 -1.0
7.26248693466 -1.0
7.28178906441 -1.0
8.26230597496 -1.0
8.26231503487 1.0
8.26295900345 -1.0
8.26299405098 -1.0
8.26320815086 -1.0
8.28184103966 -1.0
15.9219970703 -1.0
16.0284430981 -1.0
16.1231219769 -1.0
18.1280829906 -1.0
18.1489429474 -1.0
18.4381079674 -1.0
18.4381351471 1.0
