0.0249161720276 -1.0
0.0249509811401 1.0
0.039834022522 -1.0
0.0458891391754 -1.0
0.0845739841461 -1.0
0.142368078232 -1.0
0.147309064865 -1.0
0.233834981918 -1.0
0.271177053452 1.0
0.288511991501 -1.0
0.344653129578 -1.0
0.35299706459 -1.0
0.470470190048 -1.0
0.529942035675 -1.0
0.58860707283 -1.0
0.624385118484 -1.0
0.66024017334 -1.0
0.703161001205 1.0
0.837874174118 -1.0
0.89680814743 -1.0
0.926131010056 -1.0
0.933123111725 -1.0
0.945811986923 -1.0
1.03256702423 -1.0
1.08860206604 -1.0
1.12578201294 -1.0
1.13827896118 -1.0
1.13830113411 1.0
1.13850903511 -1.0
1.13854908943 -1.0
1.15323805809 -1.0
1.15765500069 -1.0
1.24252796173 -1.0
1.24728107452 1.0
1.26488900185 -1.0
1.2771589756 -1.0
1.3214840889 -1.0
1.32709002495 -1.0
1.4328520298 -1.0
1.4333050251 -1.0
1.45164299011 -1.0
1.45299100876 -1.0
1.45301508904 1.0
1.51640701294 -1.0
1.52545213699 -1.0
1.52548408508 1.0
1.53628015518 -1.0
1.54502010345 -1.0
1.55579400063 -1.0
1.61278414726 -1.0
1.62588906288 -1.0
1.6263961792 1.0
1.64622998238 -1.0
1.66598701477 -1.0
1.66748213768 -1.0
1.72571206093 -1.0
1.72620201111 -1.0
1.72624015808 -1.0
1.72627902031 -1.0
1.7466070652 -1.0
1.74662017822 1.0
1.75478005409 -1.0
1.75675106049 -1.0
1.75994205475 -1.0
1.7663769722 -1.0
1.76650500298 -1.0
1.82479000092 -1.0
1.82480096817 1.0
1.83974409103 -1.0
1.84927105904 -1.0
1.85069513321 -1.0
1.85301709175 -1.0
1.85470914841 -1.0
1.85648107529 -1.0
1.85929918289 -1.0
1.88385105133 -1.0
1.88386011124 1.0
1.88388109207 -1.0
1.90343999863 -1.0
1.95492315292 -1.0
1.95569205284 -1.0
1.97496914864 -1.0
2.05606412888 -1.0
2.11267113686 -1.0
2.12177014351 -1.0
2.15917205811 1.0
2.17914414406 -1.0
2.18228602409 -1.0
2.20173716545 -1.0
2.26694011688 -1.0
2.34805798531 -1.0
2.37105512619 -1.0
2.39062714577 -1.0
2.66374611855 -1.0
2.703166008 1.0
2.80923604965 -1.0
2.87602806091 -1.0
2.91317796707 -1.0
4.06836700439 -1.0
4.08837103844 -1.0
5.04885816574 1.0
5.06862902641 -1.0
5.06873011589 -1.0
5.08884716034 -1.0
6.06969118118 -1.0
6.06990098953 -1.0
6.08945202827 -1.0
7.04980397224 1.0
7.07114005089 -1.0
7.07128810883 -1.0
7.07182407379 -1.0
7.07182908058 -1.0
7.09227108955 -1.0
8.06933999062 -1.0
15.3267979622 -1.0
15.3268241882 1.0
15.4438869953 -1.0
15.4868090153 -1.0
17.3735830784 -1.0
17.3939180374 -1.0
17.6443920135 -1.0
