0.0180900096893 1.0
0.0376889705658 -1.0
0.0572199821472 -1.0
0.0854630470276 -1.0
0.121155977249 -1.0
0.180902957916 -1.0
0.18434715271 -1.0
0.201843976974 -1.0
0.222070932388 -1.0
0.222079992294 1.0
0.245244026184 -1.0
0.302329063416 -1.0
0.354598045349 -1.0
0.390962123871 -1.0
0.394211053848 -1.0
0.415287971497 -1.0
0.415297985077 1.0
0.449635028839 -1.0
0.490910053253 -1.0
0.508063077927 -1.0
0.510540008545 -1.0
0.565732955933 -1.0
0.565783023834 -1.0
0.568251132965 1.0
0.624410152435 -1.0
0.629405021667 -1.0
0.789373159409 -1.0
0.82160115242 -1.0
0.912836074829 -1.0
0.913495063782 1.0
0.932469129562 -1.0
0.972298145294 -1.0
0.98997592926 -1.0
1.00937795639 -1.0
1.0290760994 -1.0
1.04876112938 -1.0
1.08626699448 1.0
1.10623693466 -1.0
1.18768501282 -1.0
1.24435901642 -1.0
1.25416898727 -1.0
1.30037212372 -1.0
1.30037999153 1.0
1.31049704552 -1.0
1.35644698143 -1.0
1.3946890831 -1.0
1.45254206657 -1.0
1.48466801643 -1.0
1.55317807198 -1.0
1.61238908768 -1.0
1.65724992752 -1.0
1.65767002106 1.0
1.67967700958 -1.0
1.75803494453 -1.0
1.78375196457 -1.0
1.8270111084 -1.0
1.88579201698 -1.0
1.94828104973 -1.0
1.9488761425 1.0
1.9693441391 -1.0
1.99044799805 -1.0
2.01359701157 -1.0
2.06637501717 -1.0
2.12589597702 -1.0
2.12630605698 1.0
2.14608192444 -1.0
2.23488211632 -1.0
2.26181507111 -1.0
2.2822060585 -1.0
2.28637695312 -1.0
2.30173015594 -1.0
2.49085402489 -1.0
2.49120807648 1.0
2.5484919548 -1.0
2.94233608246 -1.0
2.96237397194 -1.0
2.98203992844 -1.0
2.98237109184 -1.0
3.01113605499 -1.0
3.04961204529 -1.0
3.26734304428 -1.0
3.26736998558 1.0
3.44334411621 -1.0
3.58214497566 -1.0
4.97270202637 -1.0
4.99341011047 -1.0
5.17051911354 -1.0
5.29395794868 -1.0
5.29397296906 1.0
5.93503904343 -1.0
5.93531799316 -1.0
5.93557500839 -1.0
5.95449495316 -1.0
6.93654108047 -1.0
6.93655204773 1.0
6.9562151432 -1.0
7.21539115906 -1.0
16.351680994 -1.0
16.4753620625 -1.0
16.5016069412 -1.0
