0.046336889267 -1.0
0.100466012955 1.0
0.158286094666 -1.0
0.218153953552 -1.0
0.255187988281 -1.0
0.255218029022 -1.0
0.275157928467 -1.0
0.292242050171 -1.0
0.298806905746 1.0
0.312716007233 -1.0
0.319550037384 -1.0
0.372318983078 -1.0
0.415996074677 -1.0
0.463391065598 -1.0
0.465938091278 -1.0
0.466126918793 1.0
0.485697031021 -1.0
0.488991975784 -1.0
0.509114980698 -1.0
0.532454967499 -1.0
0.590781927109 -1.0
0.611341953278 -1.0
0.611351966858 1.0
0.65233707428 -1.0
0.673861026764 -1.0
0.710787057877 -1.0
0.731559991837 -1.0
0.793556928635 -1.0
0.813987970352 -1.0
0.871598005295 -1.0
0.911216020584 1.0
0.943514108658 -1.0
1.00154995918 -1.0
1.13258600235 -1.0
1.2157831192 -1.0
1.23550891876 -1.0
1.25305104256 -1.0
1.25667500496 -1.0
1.35040807724 -1.0
1.35046100616 1.0
1.41018390656 -1.0
1.46071600914 -1.0
1.51870107651 -1.0
1.53892612457 -1.0
1.55859708786 -1.0
1.56075906754 -1.0
1.56090307236 -1.0
1.56107592583 1.0
1.5803539753 -1.0
1.59886193275 -1.0
1.59888195992 -1.0
1.61858797073 -1.0
1.69352889061 -1.0
1.75009202957 -1.0
1.80287504196 -1.0
1.80939412117 -1.0
1.81174492836 -1.0
1.81383395195 -1.0
1.81385612488 1.0
1.82898497581 -1.0
1.82907700539 -1.0
1.83829689026 -1.0
1.84057402611 -1.0
1.84878611565 -1.0
1.8488099575 1.0
1.85791993141 -1.0
1.85796809196 -1.0
1.8635571003 -1.0
1.87291789055 -1.0
1.88328003883 -1.0
1.93851709366 -1.0
1.99832892418 -1.0
2.00000190735 -1.0
2.00012111664 -1.0
2.00013899803 1.0
2.01484203339 -1.0
2.0200779438 -1.0
2.05834197998 -1.0
2.05889892578 -1.0
2.07829809189 -1.0
2.10325193405 1.0
2.11629009247 -1.0
2.12875008583 -1.0
2.12904596329 -1.0
2.13494300842 -1.0
2.13589811325 -1.0
2.14970588684 -1.0
2.17047095299 -1.0
2.20703411102 -1.0
2.20800089836 -1.0
2.20802402496 1.0
2.21381592751 -1.0
2.2275800705 -1.0
2.27369594574 -1.0
2.2867898941 -1.0
2.33194708824 -1.0
2.35772299767 -1.0
2.35998702049 -1.0
2.36957597733 -1.0
2.36960411072 1.0
2.37499594688 -1.0
2.37968397141 -1.0
2.39340305328 -1.0
2.39354300499 -1.0
2.39955711365 -1.0
2.41967606544 -1.0
2.42834711075 -1.0
2.4413421154 -1.0
2.46825408936 -1.0
2.46826601028 1.0
2.46933794022 -1.0
2.47010111809 -1.0
2.47084903717 -1.0
2.47093009949 -1.0
2.48993802071 -1.0
2.5545630455 -1.0
2.59644198418 -1.0
2.59797811508 -1.0
2.61760902405 -1.0
2.65515398979 1.0
2.7176990509 -1.0
2.71808695793 -1.0
2.73844909668 -1.0
2.86952996254 -1.0
2.88921499252 -1.0
2.96967601776 -1.0
2.98954510689 -1.0
3.17821907997 -1.0
3.21515607834 1.0
3.65459108353 -1.0
3.69428992271 -1.0
3.71373105049 -1.0
5.32433605194 -1.0
5.32434606552 1.0
5.32446694374 -1.0
5.34607410431 -1.0
5.44538712502 -1.0
5.48947191238 -1.0
6.32318210602 -1.0
6.32319092751 1.0
6.32326889038 -1.0
6.32349395752 -1.0
6.34280204773 -1.0
7.32327699661 -1.0
7.32349395752 -1.0
7.34298491478 -1.0
8.32367897034 -1.0
8.32368803024 1.0
8.32369399071 -1.0
8.34322404861 -1.0
15.9500529766 -1.0
16.0243239403 -1.0
16.1077880859 -1.0
16.127466917 -1.0
17.9336049557 -1.0
17.9336140156 1.0
17.9545519352 -1.0
18.1755540371 -1.0
