0.00387501716614 -1.0
0.00501012802124 1.0
0.0259749889374 -1.0
0.056380033493 -1.0
0.10218501091 -1.0
0.161666154861 -1.0
0.181699991226 -1.0
0.181709051132 1.0
0.238826990128 -1.0
0.297189950943 -1.0
0.348029136658 -1.0
0.407348155975 -1.0
0.493699073792 -1.0
0.62030506134 -1.0
0.654541015625 -1.0
0.654723167419 1.0
0.677308082581 -1.0
0.735444068909 -1.0
0.772717952728 -1.0
0.915591955185 -1.0
0.936517953873 -1.0
0.986711978912 -1.0
1.00476408005 -1.0
1.00799512863 -1.0
1.02576208115 -1.0
1.04736304283 1.0
1.06697416306 -1.0
1.08644795418 -1.0
1.1437561512 -1.0
1.20034313202 -1.0
1.22019410133 -1.0
1.23680996895 -1.0
1.24051904678 -1.0
1.24054217339 1.0
1.24845194817 -1.0
1.26007008553 -1.0
1.29857802391 -1.0
1.35098099709 -1.0
1.35194802284 -1.0
1.37171411514 -1.0
1.38648295403 1.0
1.40609502792 -1.0
1.45532417297 -1.0
1.4701859951 -1.0
1.474848032 -1.0
1.48535013199 -1.0
1.48536300659 1.0
1.49140000343 -1.0
1.50491595268 -1.0
1.52491402626 -1.0
1.55780315399 -1.0
1.58432602882 -1.0
1.60398817062 -1.0
1.64288401604 -1.0
1.64289402962 1.0
1.6544110775 -1.0
1.66381907463 -1.0
1.68411517143 -1.0
1.70685696602 -1.0
1.72734713554 -1.0
1.73564314842 -1.0
1.73567605019 -1.0
1.73805403709 -1.0
1.73809504509 -1.0
1.73812699318 1.0
1.73929214478 -1.0
1.74803900719 -1.0
1.76026296616 -1.0
1.76785802841 -1.0
1.80512809753 -1.0
1.80650210381 -1.0
1.80653500557 -1.0
1.82637500763 -1.0
1.82914304733 -1.0
1.83139014244 -1.0
1.8386490345 -1.0
1.83866810799 1.0
1.84636807442 -1.0
1.85873198509 -1.0
1.86121416092 -1.0
1.86806702614 -1.0
1.86902713776 -1.0
1.87046909332 -1.0
1.87614798546 -1.0
1.88060307503 -1.0
1.88118600845 -1.0
1.90097618103 -1.0
1.90102100372 1.0
1.90760302544 -1.0
1.91110897064 -1.0
1.91302108765 -1.0
1.92104101181 -1.0
1.9390001297 -1.0
1.94704508781 -1.0
1.95857214928 -1.0
1.98211312294 -1.0
2.01377606392 -1.0
2.0137860775 1.0
2.01380515099 -1.0
2.03374099731 -1.0
2.10332798958 -1.0
2.10454797745 -1.0
2.12435102463 -1.0
2.18034315109 -1.0
2.23976397514 -1.0
2.24487996101 -1.0
2.28462314606 1.0
2.33382511139 -1.0
2.39253497124 -1.0
2.4562561512 -1.0
2.51532506943 -1.0
2.64834403992 -1.0
2.79922103882 -1.0
3.21990203857 -1.0
3.21992707253 1.0
3.3482401371 -1.0
3.48367810249 -1.0
3.54277515411 -1.0
4.20241713524 -1.0
4.22217798233 -1.0
5.18328905106 1.0
5.20524406433 -1.0
5.22493100166 -1.0
6.20468211174 -1.0
6.20469999313 -1.0
6.22441601753 -1.0
7.18467307091 1.0
7.20382809639 -1.0
7.20421695709 -1.0
7.20437407494 -1.0
7.22340703011 -1.0
15.9122619629 -1.0
16.009950161 -1.0
16.0295009613 -1.0
17.398017168 1.0
17.4196441174 -1.0
17.4399330616 -1.0
17.6955060959 -1.0
21.1375620365 -1.0
21.1592981815 -1.0
22.2638061047 -1.0
27.4353120327 1.0
27.4549040794 -1.0
27.455258131 -1.0
27.5133361816 -1.0
27.5327110291 -1.0
27.5527281761 -1.0
27.9021041393 -1.0
