0.0136480331421 -1.0
0.0136590003967 1.0
0.0329971313477 -1.0
0.0619440078735 -1.0
0.0974311828613 -1.0
0.116888046265 -1.0
0.122505187988 -1.0
0.122514009476 1.0
0.147023200989 -1.0
0.159056186676 -1.0
0.217672109604 -1.0
0.237987995148 -1.0
0.241003990173 -1.0
0.286940097809 -1.0
0.338836193085 -1.0
0.361896038055 -1.0
0.361906051636 1.0
0.39599609375 -1.0
0.401363134384 -1.0
0.403800010681 -1.0
0.415608167648 -1.0
0.436352014542 -1.0
0.498239040375 -1.0
0.498248100281 1.0
0.53861117363 -1.0
0.59589099884 -1.0
0.639159202576 -1.0
0.697602987289 -1.0
0.712071180344 -1.0
0.771671056747 -1.0
0.81192111969 -1.0
0.848154067993 1.0
0.895133018494 -1.0
0.951855182648 -1.0
1.00971603394 -1.0
1.03884410858 -1.0
1.10165214539 -1.0
1.15253901482 -1.0
1.20812606812 -1.0
1.20851421356 1.0
1.22935318947 -1.0
1.26107215881 -1.0
1.31859517097 -1.0
1.33787798882 -1.0
1.37808704376 -1.0
1.39593815804 -1.0
1.45437598228 -1.0
1.52368116379 -1.0
1.52407598495 1.0
1.58194303513 -1.0
1.59952902794 -1.0
1.64913010597 -1.0
1.64915919304 -1.0
1.75671505928 -1.0
1.7806661129 -1.0
1.83793020248 -1.0
1.86052298546 -1.0
1.9217569828 -1.0
1.94242620468 -1.0
1.94413614273 1.0
1.99563503265 -1.0
2.10856699944 -1.0
2.10866713524 -1.0
2.1600921154 -1.0
2.21077919006 -1.0
2.23120498657 -1.0
2.23159599304 1.0
2.25101518631 -1.0
2.30767607689 -1.0
2.31086921692 -1.0
2.32749319077 -1.0
2.36786413193 -1.0
2.37184214592 1.0
2.40972900391 -1.0
2.4658780098 -1.0
2.76032114029 -1.0
2.78060102463 -1.0
3.20741915703 -1.0
3.22759914398 -1.0
3.22854304314 -1.0
3.24856519699 -1.0
3.24897003174 1.0
3.29487514496 -1.0
3.33580708504 -1.0
3.35686206818 -1.0
3.41384506226 -1.0
3.44642210007 -1.0
3.46856498718 -1.0
3.47009205818 -1.0
3.52470111847 -1.0
3.52507710457 1.0
3.54509115219 -1.0
3.60405898094 -1.0
3.70144414902 -1.0
3.7582821846 -1.0
3.78641700745 -1.0
3.84591698647 -1.0
3.84593605995 1.0
3.87395501137 -1.0
3.93855118752 -1.0
4.00375413895 -1.0
4.0533452034 -1.0
4.11003804207 -1.0
4.18758201599 1.0
4.24641418457 -1.0
4.26934719086 -1.0
4.32591700554 -1.0
4.37247204781 -1.0
4.43024301529 -1.0
4.45312309265 -1.0
4.59771704674 -1.0
4.6544110775 -1.0
5.00324702263 -1.0
5.00371217728 1.0
5.02329206467 -1.0
5.17525315285 -1.0
5.17553520203 -1.0
5.19484210014 -1.0
5.44350719452 -1.0
5.46466016769 -1.0
5.87063217163 -1.0
5.87098908424 1.0
5.8909971714 -1.0
6.17517113686 -1.0
6.17538118362 -1.0
6.19477915764 -1.0
6.207665205 -1.0
6.26613402367 -1.0
6.28608202934 -1.0
6.54615402222 -1.0
6.58413004875 1.0
6.65757918358 -1.0
6.7598772049 -1.0
6.75998520851 -1.0
6.78006911278 -1.0
7.1749382019 -1.0
7.17495107651 1.0
7.19448804855 -1.0
7.21404409409 -1.0
7.24172019958 -1.0
7.29815816879 -1.0
7.34445500374 -1.0
7.36456918716 -1.0
7.44264221191 -1.0
7.44340801239 1.0
7.50228214264 -1.0
7.64332818985 -1.0
7.66456007957 -1.0
7.75337100029 -1.0
7.77338719368 -1.0
7.97061920166 -1.0
7.99057006836 -1.0
8.15391898155 -1.0
8.21045804024 -1.0
8.24048399925 -1.0
8.2409260273 1.0
8.26054120064 -1.0
8.31830406189 -1.0
8.3423500061 -1.0
8.39206409454 -1.0
8.44285011292 -1.0
8.46243214607 -1.0
8.50012207031 1.0
8.51962399483 -1.0
9.24230599403 -1.0
9.29835414886 -1.0
9.3429980278 -1.0
9.36358904839 -1.0
9.44400405884 -1.0
9.48015499115 1.0
15.6545021534 -1.0
15.8016381264 -1.0
15.8211100101 -1.0
16.728579998 -1.0
