0.00000000 1    
0.22961699 -1   
0.22993530 1    
0.41274962 1    
0.45569333 -1   
0.47760147 -1   
0.47882167 -1   
0.58452013 -1   
0.58510210 1    
0.63185372 -1   
0.78395691 1    
0.82622950 -1   
0.93963606 1    
1.00887937 -1   
1.09529981 1    
1.14370052 -1   
1.16299674 -1   
1.24997557 1    
1.31794879 -1   
1.41205688 1    
1.45408935 -1   
1.45952066 -1   
1.47314468 -1   
1.48000325 -1   
1.62829271 -1   
1.62860394 1    
1.78322100 -1   
1.78345869 1    
1.95985391 -1   
1.96016385 1    
2.01322999 -1   
2.02046823 -1   
2.05245358 -1   
2.11791361 -1   
2.41201657 1    
2.41632006 -1   
2.57125381 -1   
2.57155578 1    
2.72618645 -1   
2.77179000 1    
2.92055022 -1   
2.92647124 1    
3.13568273 -1   
3.32982360 -1   
3.33014905 1    
5.20994332 -1   
5.21114030 -1   
5.21161494 -1   
5.21988797 -1   
5.22113759 -1   
5.22263379 -1   
5.25535051 1    
5.26400547 1    
5.27508906 -1   
5.27658164 -1   
5.35131808 -1   
5.37598112 -1   
5.37629149 1    
5.41030810 1    
5.56472520 1    
5.73019702 -1   
5.73048686 1    
5.88610717 -1   
5.88643280 1    
5.93048730 -1   
5.98020723 -1   
5.98167762 -1   
5.98319482 -1   
5.98933549 1    
5.99094242 -1   
6.02392554 -1   
6.03114913 -1   
6.03266825 -1   
6.03416988 -1   
6.04272617 -1   
6.04274628 1    
6.07764954 -1   
6.07914457 -1   
6.08064641 -1   
6.08186793 -1   
6.08336689 -1   
6.08463719 -1   
6.08614023 -1   
6.08763746 -1   
6.10586270 -1   
6.13661533 -1   
6.13783739 -1   
6.13935950 -1   
6.14085918 -1   
6.19432703 -1   
6.19965534 -1   
6.19968966 1    
6.36873668 -1   
6.36895905 -1   
6.36923599 1    
6.49489509 -1   
6.49615310 -1   
6.51589860 -1   
6.51714073 -1   
6.51864154 -1   
6.52013977 -1   
6.52138951 -1   
6.52289014 -1   
6.52438794 -1   
6.52561698 -1   
6.52711393 -1   
6.52836015 -1   
6.52986381 -1   
6.53112132 -1   
6.53685830 -1   
6.53687685 1    
6.53813111 -1   
6.53962934 -1   
6.54113179 -1   
6.54237716 -1   
6.54388018 -1   
6.54538643 -1   
6.54662794 -1   
6.54812404 -1   
6.54937997 -1   
6.55087312 -1   
6.58710807 -1   
6.58860347 -1   
6.59010344 -1   
6.59132531 -1   
6.59282458 -1   
6.59407469 -1   
6.59557497 -1   
6.59709728 -1   
6.59832472 -1   
6.59984485 -1   
6.60109686 -1   
6.60259432 -1   
6.60409264 -1   
6.60534892 -1   
6.60684155 -1   
6.60806588 -1   
6.61258917 -1   
6.61578447 1    
6.65283617 -1   
6.65431322 -1   
6.65581357 -1   
6.65705974 -1   
6.67380683 -1   
6.67503826 -1   
6.67653142 -1   
6.67802859 -1   
6.67927468 -1   
6.68077382 -1   
6.68202614 -1   
6.68352251 -1   
6.68502255 -1   
6.68627099 -1   
6.68777187 -1   
6.68926882 -1   
6.69051783 -1   
6.69201618 -1   
6.69326985 -1   
6.69476465 -1   
6.69628955 -1   
6.69753952 -1   
6.69903874 -1   
6.70028482 -1   
6.70178751 -1   
6.70328261 -1   
6.70453613 -1   
6.70603417 -1   
6.70754021 -1   
6.70755639 1    
6.70876046 -1   
6.71027770 -1   
6.71052939 -1   
6.71200526 -1   
6.71350875 -1   
6.71500507 -1   
6.71627358 -1   
6.71777520 -1   
6.71900496 -1   
6.72050271 -1   
6.72203440 -1   
6.72327240 -1   
6.72475267 -1   
6.72605673 -1   
6.72752420 -1   
6.72902011 -1   
6.73026923 -1   
6.73176799 -1   
6.73326731 -1   
6.73451836 -1   
6.73589216 1    
6.74674490 -1   
6.74798803 -1   
6.74948905 -1   
6.75100564 -1   
6.75225517 -1   
6.75375628 -1   
6.75498934 -1   
6.75650266 -1   
6.75798422 -1   
6.75925308 -1   
6.76075409 -1   
6.76225371 -1   
6.76349924 -1   
6.76499809 -1   
6.76625156 -1   
6.76774706 -1   
6.76924814 -1   
6.77049768 -1   
6.77199009 -1   
6.77324606 -1   
6.77474223 -1   
6.77622010 -1   
6.77747253 -1   
6.77896655 -1   
6.78046905 -1   
6.78171601 -1   
6.78289779 1    
6.78341654 -1   
6.78446324 -1   
6.78596665 -1   
6.78746222 -1   
6.78871439 -1   
6.79021321 -1   
6.79147893 -1   
6.79300726 -1   
6.79948267 -1   
6.81095307 -1   
6.81245161 -1   
6.81369788 -1   
6.81519642 -1   
6.81669693 -1   
6.81795031 -1   
6.81946693 -1   
6.82096749 -1   
6.83196376 -1   
6.83207039 1    
6.84293756 -1   
6.84417983 -1   
6.84568271 -1   
6.84717800 -1   
6.84843042 -1   
6.84992933 -1   
6.85143201 -1   
6.85267480 -1   
6.86069389 -1   
6.86192197 -1   
6.86344347 -1   
6.86493993 -1   
6.86619350 -1   
6.86768832 -1   
6.86777388 1    
6.86918218 -1   
6.86919916 1    
6.87069532 -1   
6.87191356 -1   
6.87344360 -1   
6.87466330 -1   
6.87616561 -1   
6.87712335 -1   
6.87866051 -1   
6.88015892 -1   
6.88616187 -1   
6.88767680 -1   
6.88917995 -1   
6.89042153 -1   
6.89190855 -1   
6.89317579 -1   
6.89590235 -1   
6.89717170 -1   
6.89867418 -1   
6.90016975 -1   
6.90142336 -1   
6.90291907 -1   
6.90442010 -1   
6.90566735 -1   
6.90716628 -1   
6.90864449 -1   
6.90990648 -1   
6.91139043 -1   
6.91264376 -1   
6.91413968 -1   
6.91564312 -1   
6.91688799 -1   
6.91841020 -1   
6.93564962 -1   
6.93715107 -1   
6.94137847 -1   
6.94146297 1    
6.94287778 -1   
6.94437267 -1   
6.94562175 -1   
6.94711995 -1   
6.95212347 -1   
6.95364127 -1   
6.95489297 -1   
6.95638767 -1   
6.95764172 -1   
6.95913657 -1   
6.96063450 -1   
6.96213995 -1   
6.96363948 -1   
6.98162674 -1   
6.98287565 -1   
6.98437199 -1   
6.98587798 -1   
6.98712058 -1   
6.99234810 -1   
6.99384575 -1   
6.99536414 -1   
7.00184430 -1   
7.00312924 -1   
7.00461045 -1   
7.02441445 1    
7.03113325 -1   
7.07230962 -1   
7.07380160 -1   
7.23318352 -1   
7.23334449 1    
7.26394726 -1   
7.26519850 -1   
7.27518929 -1   
7.27670994 -1   
7.27793215 -1   
7.27945745 -1   
7.28070883 -1   
7.28220590 -1   
7.28370628 -1   
7.28381795 1    
7.28492883 -1   
7.28645496 -1   
7.28770105 -1   
7.28919749 -1   
7.29668026 -1   
7.29792269 -1   
7.29942314 -1   
7.30094014 -1   
7.30219886 -1   
7.30369263 -1   
7.30491540 -1   
7.30643903 -1   
7.30794041 -1   
7.30943683 -1   
7.31068188 -1   
7.31216127 -1   
7.31369108 -1   
7.31491080 -1   
7.31643246 -1   
7.31768467 -1   
7.31918238 -1   
7.32067960 -1   
7.32190965 -1   
7.32342892 -1   
7.32467844 -1   
7.32617796 -1   
7.32767516 -1   
7.32890399 -1   
7.33042715 -1   
7.33167310 -1   
7.33317549 -1   
7.33467265 -1   
7.33590035 -1   
7.33742218 -1   
7.33891874 -1   
7.33902749 1    
7.34017083 -1   
7.34164840 -1   
7.34289844 -1   
7.34439380 -1   
7.34589610 -1   
7.34714199 -1   
7.34889322 -1   
7.35014291 -1   
7.35739165 -1   
7.35888675 -1   
7.36038798 -1   
7.36163515 -1   
7.36315934 -1   
7.36438476 -1   
7.36590809 -1   
7.36740622 -1   
7.36865401 -1   
7.37015327 -1   
7.37165609 -1   
7.37289917 -1   
7.37440162 -1   
7.37562690 -1   
7.38787708 -1   
7.38914054 -1   
7.39064189 -1   
7.39213481 -1   
7.39339481 -1   
7.39486509 -1   
7.39638915 -1   
7.39763770 -1   
7.39913481 -1   
7.40038487 -1   
7.40188725 -1   
7.40338218 -1   
7.40463409 -1   
7.40613491 -1   
7.40738537 -1   
7.40749055 1    
7.40885818 -1   
7.41035730 -1   
7.41160784 -1   
7.41310347 -1   
7.41460613 -1   
7.41485832 -1   
7.41487535 1    
7.41660475 -1   
7.41812862 -1   
7.41937280 -1   
7.42087392 -1   
7.42212582 -1   
7.42362399 -1   
7.42510989 -1   
7.42638057 -1   
7.42790585 -1   
7.42913467 -1   
7.43886552 -1   
7.44011157 -1   
7.44159262 -1   
7.44308738 -1   
7.44433904 -1   
7.44583916 -1   
7.44733870 -1   
7.44858703 -1   
7.45008427 -1   
7.45135492 -1   
7.45285682 -1   
7.45435407 -1   
7.45560399 -1   
7.45710085 -1   
7.45720995 1    
7.45834941 -1   
7.45985367 -1   
7.46135379 -1   
7.46259804 -1   
7.46410063 -1   
7.46559950 -1   
7.46684986 -1   
7.46834494 -1   
7.46959592 -1   
7.47109539 -1   
7.47259573 -1   
7.47384697 -1   
7.47532182 -1   
7.47656863 -1   
7.47806717 -1   
7.47956686 -1   
7.48081895 -1   
7.48231642 -1   
7.48359300 -1   
7.48508640 -1   
7.48658806 -1   
7.48781211 -1   
7.48933254 -1   
7.49056372 -1   
7.49208351 -1   
7.49323403 1    
7.53281779 -1   
7.53405806 -1   
7.57513768 -1   
7.57517948 1    
7.63823482 -1   
7.63974816 -1   
7.73080791 -1   
7.73084859 1    
7.88675286 -1   
7.88680907 1    
7.91384750 -1   
8.00779653 -1   
8.00811299 1    
8.00904525 -1   
8.04341888 -1   
8.04345832 1    
8.10399572 -1   
8.10523374 -1   
8.19881899 -1   
8.19885819 1    
8.21815107 -1   
8.21967076 -1   
8.28338570 -1   
8.28485713 -1   
8.28638232 -1   
8.35577800 -1   
8.35582044 1    
8.37058477 -1   
8.37183125 -1   
8.39229980 -1   
8.39379544 -1   
8.39529369 -1   
8.40304373 -1   
8.40454036 -1   
8.40578808 -1   
8.41178645 -1   
8.41328199 -1   
8.43879616 -1   
8.51287699 -1   
8.51293354 1    
8.56595459 -1   
8.65521961 -1   
8.67111421 -1   
8.67151572 1    
8.82676834 -1   
8.97721984 -1   
8.97800361 1    
8.97871260 -1   
9.02098497 -1   
9.17590881 1    
9.27791924 -1   
9.41203966 1    
9.55189397 -1   
9.55224419 -1   
9.56096116 1    
9.56668435 1    
9.59606823 1    
9.72258223 1    
9.86955333 -1   
10.05167264 1    
10.06455396 -1   
10.07630581 1    
10.07708678 -1   
10.07860436 -1   
10.10435014 -1   
10.10558203 -1   
10.10708244 -1   
10.16405854 -1   
10.16438824 1    
10.16555841 -1   
10.16680306 -1   
10.19529805 -1   
10.19676303 -1   
10.19804331 -1   
10.19953429 -1   
10.20076114 -1   
10.20228297 -1   
10.20378475 -1   
10.20504546 -1   
10.20653244 -1   
10.20775855 -1   
10.20926018 -1   
10.20927879 1    
10.21575489 -1   
10.21727717 -1   
10.21877526 -1   
10.22004322 -1   
10.22152589 -1   
10.22275300 -1   
10.22276763 -1   
10.24753719 -1   
10.24873469 -1   
10.25473091 -1   
10.25598173 -1   
10.25748933 -1   
10.25898010 -1   
10.26024778 -1   
10.26173721 -1   
10.26449690 -1   
10.26461761 1    
10.26573939 -1   
10.26724482 -1   
10.26874007 -1   
10.26997181 -1   
10.27149997 -1   
10.27572327 -1   
10.27721817 -1   
10.27874823 -1   
10.28774029 -1   
10.28923685 -1   
10.29071264 -1   
10.29196035 -1   
10.29348093 -1   
10.29472864 -1   
10.29622847 -1   
10.29772907 -1   
10.29895706 -1   
10.30047866 -1   
10.30172617 -1   
10.30322600 -1   
10.30472802 -1   
10.30595328 -1   
10.30747432 -1   
10.30869845 -1   
10.31020090 -1   
10.31169580 -1   
10.31294742 -1   
10.31444519 -1   
10.31594680 -1   
10.31719344 -1   
10.31869117 -1   
10.31994203 -1   
10.32144663 -1   
10.32296703 -1   
10.32305199 1    
10.32421816 -1   
10.32569058 -1   
10.32693856 -1   
10.32846190 -1   
10.32994074 -1   
10.33121301 -1   
10.34820790 -1   
10.34969794 -1   
10.35092773 -1   
10.36617488 -1   
10.36653722 1    
10.36766766 -1   
10.36916358 -1   
10.37041536 -1   
10.37042919 1    
10.37191406 -1   
10.37591847 -1   
10.37741016 -1   
10.37865891 -1   
10.38015924 -1   
10.38458969 1    
10.40278578 -1   
10.40381230 1    
10.42365845 -1   
10.42488141 -1   
10.43565013 -1   
10.43687595 -1   
10.43840262 -1   
10.54116190 1    
10.56251936 -1   
10.61680476 -1   
10.71677944 -1   
10.71681815 1    
10.72598699 1    
10.88342590 1    
10.91261285 -1   
10.91385324 -1   
10.91434962 -1   
10.94086506 -1   
10.94234234 -1   
10.94358589 -1   
10.94508693 -1   
10.94636067 -1   
10.95148989 1    
10.96085229 -1   
10.96234657 -1   
10.97034630 -1   
10.97184368 -1   
10.97334182 -1   
10.97459024 -1   
10.97608851 -1   
10.97758992 -1   
10.97884209 -1   
10.98033524 -1   
10.98158940 -1   
10.99081066 -1   
10.99233227 -1   
10.99382932 -1   
10.99508152 -1   
10.99658055 -1   
10.99783388 -1   
10.99932772 -1   
11.00082609 -1   
11.00207666 -1   
11.00357809 -1   
11.00482387 -1   
11.00631622 -1   
11.00639646 1    
11.00781405 -1   
11.00904926 -1   
11.01055052 -1   
11.01204680 -1   
11.01329851 -1   
11.01479584 -1   
11.01604400 -1   
11.01754375 -1   
11.01904516 -1   
11.02028935 -1   
11.02179311 -1   
11.03182067 -1   
11.03334361 -1   
11.03457405 -1   
11.03605643 -1   
11.03730405 -1   
11.03881277 -1   
11.04030233 -1   
11.04153478 -1   
11.04302877 -1   
11.04430418 -1   
11.04577825 -1   
11.04730190 -1   
11.04814075 1    
11.04865929 -1   
11.05002808 -1   
11.05154867 -1   
11.05277195 -1   
11.05278410 1    
11.05430049 -1   
11.05554575 -1   
11.05766476 1    
11.05902358 -1   
11.06051958 -1   
11.06176966 -1   
11.06326764 -1   
11.06451835 -1   
11.06765995 1    
11.06901744 -1   
11.07051378 -1   
11.07201296 -1   
11.07326072 -1   
11.07476124 -1   
11.07601210 -1   
11.07751361 -1   
11.07900808 -1   
11.08026069 -1   
11.08175827 -1   
11.08300729 -1   
11.08450305 -1   
11.08600506 -1   
11.08725171 -1   
11.08875316 -1   
11.09027576 -1   
11.09150477 -1   
11.09302214 -1   
11.09427325 -1   
11.09574829 -1   
11.09726965 -1   
11.09852004 -1   
11.09999808 -1   
11.10124461 -1   
11.10274499 -1   
11.10424283 -1   
11.10549568 -1   
11.10701976 -1   
11.10849170 -1   
11.10962571 1    
11.10990058 -1   
11.11126624 -1   
11.11253450 -1   
11.11426454 -1   
11.11574012 -1   
11.11698466 -1   
11.11850969 -1   
11.11975673 -1   
11.12126098 -1   
11.12273408 -1   
11.12372497 -1   
11.12525480 -1   
11.12673429 -1   
11.12798121 -1   
11.12949499 -1   
11.13097950 -1   
11.13249044 -1   
11.13815831 1    
11.14674385 -1   
11.14823983 -1   
11.20998734 1    
11.23943904 -1   
11.24066505 -1   
11.24218987 -1   
11.25018655 -1   
11.25168059 -1   
11.25318274 -1   
11.25443123 -1   
11.25592931 -1   
11.25941100 -1   
11.26090466 -1   
11.26915470 -1   
11.27064940 -1   
11.27214676 -1   
11.28041665 -1   
11.28094260 -1   
11.36365797 1    
11.37661942 -1   
11.37811098 -1   
11.37960725 -1   
11.38735903 -1   
11.38862649 -1   
11.39585485 -1   
11.39713170 1    
11.39741221 -1   
11.39857909 -1   
11.40435172 -1   
11.40582295 -1   
11.40734455 -1   
11.40859435 -1   
11.41007401 -1   
11.41156854 -1   
11.41284536 -1   
11.41433944 -1   
11.41559394 -1   
11.41906534 -1   
11.42056563 -1   
11.42181376 -1   
11.42656553 -1   
11.42806422 -1   
11.42956250 -1   
11.43081073 -1   
11.43785683 -1   
11.43932119 -1   
11.44055108 -1   
11.44205298 -1   
11.44330386 -1   
11.44479878 -1   
11.44490128 1    
11.44682520 -1   
11.44832443 -1   
11.44982361 -1   
11.45107426 -1   
11.45256501 -1   
11.45381791 -1   
11.45894355 1    
11.45979262 -1   
11.46796997 1    
11.47484728 -1   
11.49431701 1    
11.55556189 1    
11.69718441 -1   
11.69867709 -1   
11.69985710 -1   
11.70117438 -1   
11.70267438 -1   
11.71867918 -1   
11.72014391 -1   
11.72163986 -1   
11.73664087 -1   
11.73682035 1    
11.74488628 -1   
11.74637911 -1   
11.74762496 -1   
11.74912409 -1   
11.75037634 -1   
11.75189445 -1   
11.75339745 -1   
11.75464297 -1   
11.75614390 -1   
11.75740271 -1   
11.75887018 -1   
11.76036833 -1   
11.76164427 -1   
11.76313990 -1   
11.76464044 -1   
11.76586804 -1   
11.76738904 -1   
11.76863629 -1   
11.76873669 1    
11.77015390 -1   
11.80684793 -1   
11.80834241 -1   
11.80984588 -1   
11.85931935 -1   
11.87150913 -1   
11.88955375 -1   
11.89104584 -1   
11.89630054 -1   
11.89779172 -1   
11.89928939 -1   
11.93729333 -1   
11.93731500 1    
11.93853561 -1   
11.95353805 -1   
12.01173447 -1   
12.01324876 -1   
12.01480116 -1   
12.02575786 -1   
12.16021633 1    
12.41775262 -1   
12.41899103 -1   
12.41948792 -1   
12.42801943 -1   
12.42951572 -1   
12.47374264 -1   
12.47496501 -1   
12.47645933 -1   
12.49373234 -1   
12.49522390 -1   
12.49672350 -1   
12.49794860 -1   
12.49947168 -1   
12.50547098 -1   
12.50694806 -1   
12.50844320 -1   
12.51719417 -1   
12.51868872 -1   
12.51993684 -1   
12.52143413 -1   
12.52268233 -1   
12.52418197 -1   
12.52570507 -1   
12.52692894 -1   
12.52845609 -1   
12.52969599 -1   
12.53120338 -1   
12.53269846 -1   
12.53619290 -1   
12.53769771 -1   
12.53919888 -1   
12.58333313 -1   
12.58349232 1    
12.58517113 -1   
12.58666959 -1   
12.68164900 -1   
12.74196154 -1   
12.74213089 1    
12.94246024 1    
13.24137608 -1   
13.45756614 -1   
13.63682648 -1   
13.93123438 -1   
14.50002076 -1   
15.24326571 -1   
15.42342133 -1   
15.62978487 -1   
16.04931103 1    
23.16227669 -1   
29.03737152 -1   
