0.00000000 -1   
0.23497473 -1   
0.30164873 1    
0.45738972 1    
0.45769410 -1   
0.61313905 -1   
0.64894403 1    
0.81034376 -1   
0.84441825 1    
0.87422255 1    
0.90345454 1    
0.94267729 1    
0.99871583 1    
0.99888478 -1   
1.15438462 1    
1.22951248 1    
1.23535618 -1   
1.25976707 1    
1.27823882 1    
1.38424982 1    
1.60344223 1    
1.60373943 -1   
1.80003918 1    
1.80037533 -1   
2.04414281 1    
2.23585321 -1   
2.33473420 1    
2.39239298 -1   
2.53071143 1    
2.54777765 -1   
2.70349323 1    
2.93738405 1    
2.93771469 -1   
3.16452584 1    
3.23560330 -1   
3.35839321 1    
3.39029889 -1   
3.54654133 1    
3.54685267 -1   
3.74067485 1    
3.74097037 -1   
3.95634343 1    
5.48983373 1    
5.49132291 1    
5.49179667 1    
5.52781353 -1   
5.53749713 -1   
5.59156741 1    
5.59274160 1    
5.64684763 1    
5.68297426 1    
5.68302003 -1   
5.69018735 1    
5.69143397 1    
5.79740025 1    
5.84629082 1    
5.85488792 -1   
6.01409835 1    
6.02555497 -1   
6.23861175 -1   
6.31570171 1    
6.46406869 -1   
6.54545918 1    
6.54694241 1    
6.54821328 1    
6.54969137 1    
6.54994158 1    
6.55500108 -1   
6.70063602 1    
6.70069370 -1   
6.70212870 1    
6.73322092 1    
6.75464502 1    
6.75582622 1    
6.76507299 1    
6.76656721 1    
6.76806898 1    
6.80831711 1    
6.82604030 1    
6.82730676 1    
6.83904913 1    
6.84054854 1    
6.85728956 1    
6.85853998 1    
6.85855308 -1   
6.88865948 1    
6.95373054 1    
6.95496028 1    
6.95648424 1    
6.99494255 1    
6.99618681 1    
7.05796235 -1   
7.09406971 1    
7.09712950 1    
7.25349409 1    
7.25417578 -1   
7.26480558 1    
7.29077479 1    
7.41077776 1    
7.41081521 -1   
7.42097712 -1   
7.51842411 1    
7.51965398 1    
7.56728879 1    
7.56732701 -1   
7.61784165 1    
7.61935219 1    
7.67630706 1    
7.67779455 1    
7.67907442 1    
7.68057086 1    
7.68206770 1    
7.68631644 1    
7.68756520 1    
7.68906637 1    
7.69056174 1    
7.69181210 1    
7.72351824 1    
7.72354449 -1   
7.73001903 1    
7.79823828 1    
7.81572260 1    
7.81721315 1    
7.82623634 1    
7.82774853 1    
7.82920874 1    
7.83048650 1    
7.83195658 1    
7.83323340 1    
7.83722719 1    
7.87721247 1    
7.87763702 -1   
7.87843457 1    
7.87992856 1    
7.88061985 1    
7.88062999 -1   
7.91741714 1    
7.91890797 1    
7.92018062 1    
7.99391851 1    
7.99538354 1    
7.99664224 1    
7.99813613 1    
8.00413383 1    
8.00563517 1    
8.00713168 1    
8.00838087 1    
8.02244110 1    
8.02359737 1    
8.02514358 1    
8.03628607 1    
8.03630452 -1   
8.04286564 1    
8.14630892 1    
8.15407143 1    
8.15529638 1    
8.15654272 1    
8.15804611 1    
8.15955522 1    
8.17428798 1    
8.17578164 1    
8.18428378 1    
8.18575475 1    
8.19372647 1    
8.19374310 -1   
8.24550160 1    
8.24699824 1    
8.31796665 1    
8.31920175 1    
8.32070260 1    
8.32219847 1    
8.32344704 1    
8.32494522 1    
8.32619927 1    
8.32769433 1    
8.32919964 1    
8.33042287 1    
8.34492296 1    
8.35099468 1    
8.38240351 1    
8.38366479 1    
8.48061964 1    
8.48079376 -1   
8.48211057 1    
8.48335675 1    
8.48485948 1    
8.48635424 1    
8.48760357 1    
8.48910267 1    
8.49060545 1    
8.49185152 1    
8.49335471 1    
8.50757223 1    
8.52634130 1    
8.52782998 1    
8.62753021 1    
8.63877127 1    
8.64003082 1    
8.64151592 1    
8.64301805 1    
8.64426684 1    
8.64574462 1    
8.65024172 1    
8.65026908 -1   
8.65148732 1    
8.65300894 1    
8.65451818 1    
8.65576414 1    
8.66206719 1    
8.73347327 1    
8.73471289 1    
8.74245942 1    
8.77524321 1    
8.77669250 1    
8.77819142 1    
8.78343833 1    
8.78491252 1    
8.78616504 1    
8.78766017 1    
8.81092658 1    
8.81095969 -1   
8.81239645 1    
8.81391772 1    
8.81517031 1    
8.81667107 1    
8.81816938 1    
8.83840922 1    
8.86309871 1    
8.94632805 1    
8.95434355 1    
8.95581708 1    
8.95708519 1    
8.95858878 1    
8.96008227 1    
8.96133545 1    
8.96281103 1    
8.96406142 1    
8.96558174 1    
8.96708355 1    
8.96720113 -1   
8.96832563 1    
8.97105592 1    
9.02633988 -1   
9.06426618 1    
9.09926424 1    
9.10075900 1    
9.10673302 1    
9.10825389 1    
9.10947624 1    
9.11102283 1    
9.11247440 1    
9.11374751 1    
9.11524576 1    
9.11674644 1    
9.11797203 1    
9.11948979 1    
9.12074161 1    
9.12223741 1    
9.12649861 1    
9.13923859 1    
9.14048293 1    
9.14697384 -1   
9.19395906 1    
9.24471688 -1   
9.25707600 1    
9.27189087 1    
9.27315453 1    
9.27465450 1    
9.27615182 1    
9.27740351 1    
9.27887981 1    
9.28015244 1    
9.28164906 1    
9.28315111 1    
9.28439983 1    
9.28590918 1    
9.35111904 1    
9.35233731 1    
9.35386080 1    
9.35511151 1    
9.35660840 1    
9.35810443 1    
9.42008281 1    
9.42132301 1    
9.42282469 1    
9.42406999 1    
9.42556833 1    
9.42707010 1    
9.42832161 1    
9.42981467 1    
9.43131787 1    
9.43135287 -1   
9.43281347 1    
9.43406251 1    
9.43558857 1    
9.44605675 1    
9.44755698 1    
9.44905372 1    
9.44906862 1    
9.45730410 1    
9.45880391 1    
9.46006417 1    
9.58746529 1    
9.60421819 1    
9.60571541 1    
9.60721275 1    
9.60846469 1    
9.60996009 1    
9.61121248 1    
9.61270861 1    
9.61421052 1    
9.61545876 1    
9.61695998 1    
9.61820637 1    
9.61970849 1    
9.61981025 -1   
9.62120890 1    
9.62245471 1    
9.62395198 1    
9.62520241 1    
9.62673370 1    
9.62674312 1    
9.62676838 -1   
9.66041905 1    
9.66168251 1    
9.73762290 1    
9.73914081 1    
9.74038809 1    
9.74188619 1    
9.74338873 1    
9.74463446 1    
9.74613166 1    
9.74763115 1    
9.74886124 1    
9.75038113 1    
9.75162553 1    
9.75312853 1    
9.75737644 1    
9.75860553 1    
9.76010582 1    
9.76285443 1    
9.76435307 1    
9.76559872 1    
9.81118929 1    
9.81122918 -1   
9.82681931 1    
9.87581857 1    
9.96027151 1    
9.96176023 1    
9.96326539 1    
9.96973426 1    
9.97102363 1    
9.97250645 1    
9.97402298 1    
9.97525384 1    
9.97675809 1    
9.97825218 1    
9.97948164 1    
9.97973220 1    
9.97974292 -1   
9.98876721 1    
9.99001147 1    
9.99149900 1    
9.99272549 1    
9.99424684 1    
9.99574299 1    
9.99697194 1    
9.99849254 1    
10.07917717 1    
10.08042049 1    
10.08193139 1    
10.09191654 1    
10.09318777 1    
10.09468507 1    
10.09618589 1    
10.09743098 1    
10.09893465 1    
10.10017997 1    
10.10167933 1    
10.10318053 1    
10.10443080 1    
10.10592775 1    
10.10715848 1    
10.10867531 1    
10.11018024 1    
10.11990287 1    
10.12117361 1    
10.13391301 1    
10.13401664 -1   
10.13541358 1    
10.13691509 1    
10.17672763 1    
10.17678389 -1   
10.18136493 1    
10.18286540 1    
10.35624470 1    
10.35692492 -1   
10.36674091 -1   
10.54475602 1    
10.54479469 -1   
10.70411620 -1   
11.22164689 1    
11.22224835 -1   
11.60558531 1    
11.60580825 1    
11.60604751 -1   
11.61527488 -1   
11.76180385 -1   
11.83879030 1    
11.91819345 -1   
12.03590951 1    
12.09034522 -1   
12.40385232 1    
12.40536568 1    
12.40583615 1    
12.53627434 1    
12.53751903 1    
12.56365444 1    
12.64371391 1    
12.64523172 1    
12.67371545 1    
12.67403888 -1   
12.67521025 1    
12.67670661 1    
12.67793638 1    
12.67945575 1    
12.71775570 1    
12.79064708 1    
12.79214315 1    
12.83290058 -1   
12.88707125 1    
12.93727074 1    
12.98776631 1    
12.98902903 1    
13.09392160 1    
13.09424988 -1   
13.30536203 1    
13.30629538 1    
13.30661447 -1   
13.47326124 1    
13.47475595 1    
13.47522680 1    
13.47551359 -1   
13.55846583 1    
13.55972609 1    
13.63180181 1    
13.63211635 -1   
13.69438855 1    
13.69562486 1    
13.70611899 1    
13.70759648 1    
13.70911983 1    
13.78767783 1    
13.78771686 -1   
13.81229311 1    
13.81380630 1    
13.91074192 1    
13.91225788 1    
13.94382099 1    
14.00271119 1    
14.00419780 1    
14.01344661 1    
14.01470069 1    
14.15292558 1    
14.30476699 1    
14.31161903 1    
14.62160923 1    
14.62182941 1    
14.67058016 1    
14.67206570 1    
14.67331558 1    
14.67479285 1    
14.67606791 1    
14.68131355 1    
14.68256448 1    
14.68405818 1    
14.72879206 1    
14.72892416 -1   
14.73003581 1    
14.73803578 1    
14.77658918 1    
14.79598324 1    
14.79722458 1    
14.81549430 1    
14.81696116 1    
14.81823292 1    
14.81974710 1    
14.82123111 1    
14.82248800 1    
14.82397811 1    
14.82548417 1    
14.82672861 1    
14.82823067 1    
14.82945484 1    
14.83095557 1    
14.83245035 1    
14.83371876 1    
14.83522639 1    
14.83645108 1    
14.83798320 1    
14.83946862 1    
14.84071315 1    
14.84222044 1    
14.84371839 1    
14.84494825 1    
14.84646673 1    
14.84771844 1    
14.84921324 1    
14.85071336 1    
14.85194069 1    
14.85346544 1    
14.92647446 -1   
14.93167001 1    
14.94139302 1    
14.94291388 1    
14.94416182 1    
14.95072761 1    
14.97115309 1    
14.97240168 1    
14.97389817 1    
14.97537278 1    
14.97664780 1    
14.97813999 1    
14.97937070 1    
14.98086574 1    
14.98536615 1    
14.98661658 1    
14.98813651 1    
14.98962733 1    
14.99086551 1    
14.99238196 1    
14.99388412 1    
14.99513499 1    
14.99663390 1    
14.99785799 1    
14.99895099 -1   
14.99938015 1    
15.00087637 1    
15.00213252 1    
15.00362905 1    
15.07107537 1    
15.07259048 1    
15.10699328 1    
15.10703014 -1   
15.11661427 -1   
15.14931288 -1   
15.26127905 -1   
15.37701676 1    
15.51838604 -1   
15.52657968 1    
15.58533414 1    
15.59589035 -1   
15.67429630 -1   
15.74164797 1    
15.74720517 1    
15.74845297 1    
15.82820498 -1   
15.90383837 1    
15.91409147 1    
15.91533524 1    
15.92360368 1    
15.96461482 1    
15.96606900 1    
15.97555860 -1   
15.98158049 1    
15.98306970 1    
15.98457118 1    
15.98459097 -1   
16.06026749 1    
16.13853311 -1   
16.24665368 1    
16.24816583 1    
16.25541577 1    
16.25688706 1    
16.25840894 1    
16.25909009 1    
16.26589395 1    
16.26713274 1    
16.26863261 1    
16.26882237 -1   
16.27015357 1    
16.27140232 1    
16.29567929 -1   
16.35159459 1    
16.35310348 1    
16.35460695 1    
16.36259180 1    
16.36411899 1    
16.36537375 1    
16.41331002 1    
16.41479732 1    
16.41604731 1    
16.41754437 1    
16.41879900 1    
16.42029197 1    
16.42180695 1    
16.42190825 -1   
16.42304312 1    
16.42453969 1    
16.42578808 1    
16.42731450 1    
16.42881270 1    
16.43006036 1    
16.43154157 1    
16.43306065 1    
16.43431669 1    
16.43578591 1    
16.43705795 1    
16.43856073 1    
16.44006187 1    
16.44130773 1    
16.44177645 1    
16.44183329 -1   
16.44855387 1    
16.45005168 1    
16.45130198 1    
16.45277683 1    
16.45402649 1    
16.50505975 -1   
16.55272630 1    
16.55421693 1    
16.56373561 1    
16.56400484 -1   
16.58947369 1    
16.59094705 1    
16.59222258 1    
16.59371964 1    
16.59494656 1    
16.59645925 1    
16.59794047 1    
16.59915862 -1   
16.59918616 1    
16.59992114 1    
16.60171675 1    
16.60319009 1    
16.60445678 1    
16.65041575 1    
16.67190754 1    
16.67194465 -1   
16.73237453 1    
16.73327723 -1   
16.75666831 1    
16.75753428 -1   
16.88635101 -1   
16.91563984 1    
17.09169213 1    
17.09172975 -1   
17.09317904 1    
17.09466055 1    
17.09591072 1    
17.09743026 1    
17.09869735 1    
17.10193106 1    
17.10317833 1    
17.11190058 1    
17.11316675 1    
17.11467233 1    
17.11602860 1    
17.13914034 1    
17.14040870 1    
17.14190784 1    
17.14213283 -1   
17.14338176 1    
17.14462954 1    
17.15114910 1    
17.15132913 -1   
17.15264324 1    
17.15414485 1    
17.15537545 1    
17.15689799 1    
17.15814930 1    
17.16141333 1    
17.18041033 1    
17.18188293 1    
17.18338207 1    
17.18460788 1    
17.18612950 1    
17.18738275 1    
17.18885404 1    
17.19035314 1    
17.19160489 1    
17.19337144 1    
17.19347731 -1   
17.19485751 1    
17.19610054 1    
17.24707945 1    
17.29384272 1    
17.29386985 -1   
17.30343963 -1   
17.44952405 -1   
17.73482508 1    
17.73631810 1    
17.73678614 1    
17.74503901 1    
17.74653964 1    
17.74803695 1    
17.74928688 1    
17.75078145 1    
17.91238366 1    
17.93745193 1    
17.93895131 1    
17.94019526 1    
17.94170085 1    
17.94292363 1    
17.94442644 1    
17.94451613 -1   
17.94592251 1    
17.94719310 1    
17.94869350 1    
17.94991697 1    
17.95144200 1    
17.95291615 1    
17.95416836 1    
18.01741615 1    
18.01888434 1    
18.02037779 1    
18.02165433 1    
18.02315552 1    
18.02440051 1    
18.04189567 1    
18.04339165 1    
18.04488784 1    
18.04613738 1    
18.05238766 1    
18.05385868 1    
18.05513533 1    
18.05663241 1    
18.05785788 1    
18.05938322 1    
18.06088060 1    
18.06210362 1    
18.06362705 1    
18.06485168 1    
18.06637602 1    
18.06787248 1    
18.06910080 1    
18.07059981 1    
18.07211861 1    
18.07337212 1    
18.07487538 1    
18.07611993 1    
18.07623253 -1   
18.07761814 1    
18.07909636 1    
18.08286487 1    
18.08411312 1    
18.10211537 1    
18.10333175 1    
18.10485300 1    
18.10510410 1    
18.10860408 -1   
18.12834129 1    
18.12981586 1    
18.13106605 1    
18.13258429 1    
18.13384243 1    
18.13533814 1    
18.13681561 1    
18.13808145 1    
18.15932717 1    
18.16081893 1    
18.16204917 1    
18.20580047 1    
18.20704676 1    
18.20854957 1    
18.21301892 1    
18.21453978 1    
18.21603744 1    
18.21729180 1    
18.21876497 1    
18.22003760 1    
18.22153345 1    
18.22303715 1    
18.22428269 1    
18.22578098 1    
18.22703560 1    
18.22851167 1    
18.23002480 1    
18.23127606 1    
18.23275739 1    
18.23391601 -1   
18.23419683 1    
18.23553248 1    
18.23700633 1    
18.23825319 1    
18.23975543 1    
18.24103584 1    
18.24254337 1    
18.24877311 1    
18.25002366 1    
18.25152122 1    
18.27132509 1    
18.33002531 -1   
18.34797240 1    
18.46443223 1    
18.56689363 -1   
18.62088763 1    
18.72577750 -1   
19.17000605 1    
19.17124649 1    
19.17172011 1    
19.27219117 1    
19.27343380 1    
19.27493848 1    
19.31314982 1    
19.31441158 1    
19.32391569 1    
19.32540786 1    
19.32785283 1    
19.34140155 1    
19.34290016 1    
19.34439641 1    
19.34452002 -1   
19.34562389 1    
19.34712163 1    
19.34836636 1    
19.34986722 1    
19.35139449 1    
19.35261432 1    
19.35411581 1    
19.35568283 1    
19.38387775 1    
19.38512212 1    
19.38661747 1    
19.40811085 1    
19.40960774 1    
19.41808688 1    
19.41958690 1    
19.42082605 1    
19.48307512 1    
19.48323915 -1   
19.48456433 1    
19.48551489 1    
19.50182114 1    
19.50305251 1    
19.50454833 1    
19.50604937 1    
19.50730156 1    
19.50879869 1    
19.51002887 1    
19.51152308 1    
19.51304554 1    
19.51429685 1    
19.51579727 1    
19.51704343 1    
19.51854524 1    
19.52004268 1    
19.52128872 1    
19.52279092 1    
19.52428934 1    
19.52553465 1    
19.52703990 1    
19.52826848 1    
19.52976774 1    
19.53126408 1    
19.53251462 1    
19.53401112 1    
19.53526279 1    
19.53676109 1    
19.53828724 1    
19.53830607 -1   
19.53978251 1    
19.62398919 1    
19.62523187 1    
19.62673413 1    
19.63371200 1    
19.63386681 -1   
19.63495723 1    
19.63645350 1    
19.63795482 1    
19.63920234 1    
19.64107084 1    
19.71368934 1    
19.71373111 -1   
19.72915875 1    
19.73040399 1    
19.81460839 1    
19.81612740 1    
19.81762862 1    
19.81885150 1    
19.82037663 1    
19.83586491 1    
19.83711724 1    
19.83860732 1    
19.83862128 1    
19.91012029 -1   
19.97606577 1    
20.03153894 1    
20.36631745 1    
20.36780642 1    
20.36803689 1    
20.38605909 1    
20.38752839 1    
20.38880113 1    
20.39029681 1    
20.39154522 1    
20.43219214 -1   
20.51923491 1    
20.52072493 1    
20.52222329 1    
20.52346925 1    
20.52494434 1    
20.52621608 1    
20.52769776 1    
20.52919269 1    
20.52944428 1    
20.53846618 1    
20.53996528 1    
20.55645569 1    
20.55794719 1    
20.58745880 -1   
20.60218168 1    
20.60340097 1    
20.66539569 1    
20.67563524 1    
20.68638339 1    
20.68785198 1    
20.68913066 1    
20.69349340 1    
20.72910887 1    
20.73060286 1    
20.75407424 1    
20.75411303 -1   
20.75557961 1    
20.75708726 1    
20.83202951 1    
20.83326954 1    
20.83477113 1    
20.83601770 1    
20.83751938 1    
20.83904060 1    
20.84029092 1    
20.84178698 1    
20.84303806 1    
20.84453757 1    
20.84838133 1    
20.85952963 1    
20.86102881 1    
20.95078890 -1   
20.95647828 1    
21.00218056 1    
21.00342315 1    
21.00494699 1    
21.00619435 1    
21.00767079 1    
21.01483299 1    
21.14617215 -1   
21.20898049 1    
21.36484423 1    
21.68016207 1    
22.03759059 -1   
22.35077697 1    
22.55845365 1    
22.73031394 1    
22.90596688 1    
23.24006428 1    
30.51742779 -1   
