0.00000000 1    
0.21244399 -1   
0.21271652 1    
0.39384052 -1   
0.44854621 1    
0.60420605 -1   
0.60452713 1    
0.76061306 -1   
0.76090984 1    
0.91679668 -1   
0.91729839 1    
1.07818189 -1   
1.07849915 1    
1.23437148 -1   
1.23486086 1    
1.39103009 -1   
1.71284771 -1   
1.71301220 1    
1.87249936 -1   
1.87280565 1    
2.18557979 -1   
2.18587906 1    
3.38429283 -1   
3.38553147 -1   
3.38613998 -1   
3.39475667 -1   
3.39627830 -1   
3.39752331 -1   
3.40952087 -1   
3.41100223 -1   
3.41249733 -1   
3.42653653 1    
3.43577691 1    
3.55387065 -1   
3.55423352 1    
3.58447183 1    
3.82288262 -1   
3.82323412 1    
3.88150284 -1   
3.88299624 -1   
3.88422381 -1   
3.88574507 -1   
3.88699625 -1   
3.88847138 -1   
3.89149445 -1   
3.89300029 -1   
3.89307493 1    
3.89449179 -1   
3.89573793 -1   
3.89723712 -1   
3.89848844 -1   
3.89998792 -1   
3.91273169 -1   
3.91397712 -1   
3.93647060 -1   
3.93794522 -1   
4.02767209 -1   
4.02772834 1    
4.02915991 -1   
4.05016544 -1   
4.05140173 -1   
4.05289740 -1   
4.05409298 -1   
4.16331929 -1   
4.18384986 1    
4.21256288 -1   
4.21403427 -1   
4.22278433 -1   
4.22427690 -1   
4.22554884 -1   
4.22702680 -1   
4.22862686 -1   
4.23152873 -1   
4.23277334 -1   
4.23427576 -1   
4.23552742 -1   
4.23701913 -1   
4.23854474 -1   
4.23979124 -1   
4.24129263 -1   
4.24253383 -1   
4.24404024 -1   
4.24918621 -1   
4.25103752 -1   
4.25229362 -1   
4.25377581 -1   
4.25389563 1    
4.25526407 -1   
4.25653449 -1   
4.25803256 -1   
4.25929958 -1   
4.26078324 -1   
4.26225629 -1   
4.26350751 -1   
4.27100272 -1   
4.27252625 -1   
4.27402510 -1   
4.27525661 -1   
4.27677023 -1   
4.28151991 -1   
4.28301863 -1   
4.28429257 -1   
4.28576361 -1   
4.28699680 -1   
4.28849291 -1   
4.28998904 -1   
4.29123828 -1   
4.34298293 -1   
4.34303758 1    
4.34449993 -1   
4.38426338 -1   
4.38568719 -1   
4.38718606 -1   
4.38843401 -1   
4.40395439 -1   
4.40544449 -1   
4.40571341 1    
4.40667143 -1   
4.40817357 -1   
4.40944064 -1   
4.41094662 -1   
4.41244473 -1   
4.41369145 -1   
4.42492061 -1   
4.42643582 -1   
4.42916083 -1   
4.43043290 -1   
4.43342833 -1   
4.43467761 -1   
4.43618283 -1   
4.43742769 -1   
4.44617609 -1   
4.44742230 -1   
4.44891527 -1   
4.45042445 -1   
4.45440434 -1   
4.45589604 -1   
4.45739489 -1   
4.45864672 -1   
4.46441375 -1   
4.46566038 -1   
4.46716240 -1   
4.46840346 -1   
4.47265913 -1   
4.47416007 -1   
4.47538771 -1   
4.47690672 -1   
4.47840936 -1   
4.47965650 -1   
4.48115738 -1   
4.48240492 -1   
4.48390330 -1   
4.48540305 -1   
4.48665224 -1   
4.48812782 -1   
4.48940009 -1   
4.49090217 -1   
4.49240392 -1   
4.49355424 1    
4.49382751 -1   
4.49512177 -1   
4.49664023 -1   
4.49788651 -1   
4.49938874 -1   
4.50063467 -1   
4.50213686 -1   
4.50364031 -1   
4.50488310 -1   
4.50638259 -1   
4.50764157 -1   
4.50911782 -1   
4.51063834 -1   
4.51188455 -1   
4.51338342 -1   
4.51488385 -1   
4.51611271 -1   
4.51763050 -1   
4.51888310 -1   
4.52035906 -1   
4.52187489 -1   
4.52310725 -1   
4.52462066 -1   
4.52585585 -1   
4.52737239 -1   
4.52887072 -1   
4.53012200 -1   
4.53130121 1    
4.53160045 -1   
4.53311945 -1   
4.53437324 -1   
4.53587164 -1   
4.53711819 -1   
4.53861373 -1   
4.54011829 -1   
4.54137070 -1   
4.54287318 -1   
4.54288812 1    
4.54409320 -1   
4.54834446 -1   
4.54986801 -1   
4.55261163 -1   
4.55409563 -1   
4.55536009 -1   
4.55686346 -1   
4.55835822 -1   
4.55960885 -1   
4.56110886 -1   
4.56235626 -1   
4.56660907 -1   
4.56810699 -1   
4.56935248 -1   
4.57083286 -1   
4.57232853 -1   
4.57358145 -1   
4.57507688 -1   
4.57632671 -1   
4.57782382 -1   
4.57932495 -1   
4.58057185 -1   
4.58068222 1    
4.58207335 -1   
4.58332132 -1   
4.58482219 -1   
4.58631988 -1   
4.58759667 -1   
4.59034266 -1   
4.59184491 -1   
4.59334029 -1   
4.59459420 -1   
4.59606434 -1   
4.59734181 -1   
4.59884001 -1   
4.60033681 -1   
4.60158604 -1   
4.60308864 -1   
4.60456099 -1   
4.60583393 -1   
4.60733107 -1   
4.60858157 -1   
4.61008052 -1   
4.61157192 -1   
4.61282049 -1   
4.61433235 -1   
4.61557791 -1   
4.61707910 -1   
4.61857753 -1   
4.61982853 -1   
4.62007856 1    
4.62132082 -1   
4.62282164 -1   
4.62682241 -1   
4.62831797 -1   
4.62981593 -1   
4.63104588 -1   
4.63256883 -1   
4.63381648 -1   
4.63531563 -1   
4.63681343 -1   
4.64106432 -1   
4.64231048 -1   
4.64381087 -1   
4.64503751 -1   
4.65205766 -1   
4.65355680 -1   
4.65505660 -1   
4.65630449 -1   
4.65638654 1    
4.66055203 -1   
4.66205271 -1   
4.66330406 -1   
4.66480179 -1   
4.66904740 -1   
4.67054817 -1   
4.67177059 -1   
4.67329282 -1   
4.67479984 -1   
4.67604008 -1   
4.67752020 -1   
4.67879349 -1   
4.68603469 -1   
4.68726301 -1   
4.68878925 -1   
4.69003418 -1   
4.69004855 -1   
4.70452144 -1   
4.70577089 -1   
4.72156915 1    
4.79970237 -1   
4.80119784 -1   
4.80697358 -1   
4.80846737 -1   
4.80969638 -1   
4.81119343 -1   
4.81246634 -1   
4.81397608 -1   
4.81549497 -1   
4.81672877 -1   
4.81822551 -1   
4.81935476 1    
4.81966392 -1   
4.82093946 -1   
4.82246304 -1   
4.82370898 -1   
4.82520969 -1   
4.82646007 -1   
4.82795925 -1   
4.82945644 -1   
4.83071062 -1   
4.83220455 -1   
4.83345580 -1   
4.83495366 -1   
4.83645112 -1   
4.83769287 -1   
4.83918039 -1   
4.84069678 -1   
4.84194856 -1   
4.84343866 -1   
4.84467514 -1   
4.84617093 -1   
4.84770315 -1   
4.84894114 -1   
4.85046326 -1   
4.85076927 1    
4.85169228 -1   
4.85319182 -1   
4.85469114 -1   
4.85593809 -1   
4.85743247 -1   
4.85893748 -1   
4.86016849 -1   
4.86168521 -1   
4.86293628 -1   
4.86442804 -1   
4.86593497 -1   
4.86715990 -1   
4.86868058 -1   
4.86992956 -1   
4.87142465 -1   
4.87292718 -1   
4.87415937 -1   
4.87567939 -1   
4.87717790 -1   
4.87842667 -1   
4.87992534 -1   
4.88115142 -1   
4.88227919 1    
4.88281485 -1   
4.88417457 -1   
4.88542267 -1   
4.88692388 -1   
4.88839793 -1   
4.88966767 -1   
4.89117072 -1   
4.89140079 -1   
4.89317286 -1   
4.89464569 -1   
4.89591902 -1   
4.89741347 -1   
4.89866292 -1   
4.90016279 -1   
4.90166590 -1   
4.90291124 -1   
4.90441487 -1   
4.90591266 -1   
4.90713988 -1   
4.90866138 -1   
4.90990963 -1   
4.91291037 -1   
4.91292548 1    
4.91415893 -1   
4.91565845 -1   
4.91690681 -1   
4.91840615 -1   
4.91990544 -1   
4.92112969 -1   
4.92263125 -1   
4.92414859 -1   
4.92540154 -1   
4.92690044 -1   
4.92812816 -1   
4.92962366 -1   
4.93112132 -1   
4.93237163 -1   
4.93387191 -1   
4.93512059 -1   
4.93628907 1    
4.93662257 -1   
4.93812107 -1   
4.93936825 -1   
4.94086588 -1   
4.94236838 -1   
4.94511648 -1   
4.94639259 -1   
4.94788749 -1   
4.94938630 -1   
4.96036849 -1   
4.96185933 -1   
4.96335513 -1   
4.96460268 -1   
4.96610570 -1   
4.96615548 1    
4.96737970 -1   
4.96887541 -1   
4.97037864 -1   
4.97161685 -1   
4.97311912 -1   
4.97437055 -1   
4.97586856 -1   
4.98011583 -1   
4.98136796 -1   
4.98286650 -1   
4.98436898 -1   
4.98561427 -1   
4.98709694 -1   
4.98834151 -1   
4.98984146 -1   
4.99133921 -1   
4.99258984 -1   
4.99408900 -1   
4.99558470 -1   
4.99683426 -1   
4.99835998 -1   
5.00260471 -1   
5.00270487 1    
5.00382972 -1   
5.00535214 -1   
5.00660446 -1   
5.00810008 -1   
5.00960122 -1   
5.01085248 -1   
5.01235091 -1   
5.01384707 -1   
5.01507480 -1   
5.04733303 -1   
5.04817493 1    
5.04893808 -1   
5.06402624 -1   
5.09308467 1    
5.15702248 -1   
5.22069753 -1   
5.23920399 -1   
5.29744033 -1   
5.29747551 1    
5.34091961 -1   
5.34213953 -1   
5.37631342 -1   
5.41111057 -1   
5.41259935 -1   
5.46557424 -1   
5.46560994 1    
5.46706871 -1   
5.46834002 -1   
5.46983944 -1   
5.47131517 -1   
5.47831610 -1   
5.47958273 -1   
5.48107992 -1   
5.48233187 -1   
5.48383138 -1   
5.48532983 -1   
5.49132371 -1   
5.49280075 -1   
5.49432369 -1   
5.56229217 -1   
5.56378363 -1   
5.57324471 -1   
5.57623638 1    
5.70423212 1    
5.73012533 -1   
5.82587130 -1   
5.82711122 -1   
5.92385892 -1   
6.07935134 -1   
6.07971125 1    
6.36674109 -1   
6.36752390 1    
6.56551362 1    
6.67050082 -1   
6.80411428 1    
6.89028324 -1   
6.89050489 -1   
6.89910427 1    
6.93705696 1    
6.96403019 1    
7.24358858 -1   
7.24507533 -1   
7.24554630 -1   
7.25332152 -1   
7.25480264 -1   
7.26332015 -1   
7.26481799 -1   
7.26631279 -1   
7.26756583 -1   
7.26791120 1    
7.26903556 -1   
7.27028693 -1   
7.27178816 -1   
7.27453802 -1   
7.27603462 -1   
7.27755598 -1   
7.27878192 -1   
7.28028529 -1   
7.28153647 -1   
7.28303006 -1   
7.28453216 -1   
7.28578008 -1   
7.28728045 -1   
7.28852988 -1   
7.29002787 -1   
7.29152629 -1   
7.29277759 -1   
7.29427680 -1   
7.29552275 -1   
7.29704122 -1   
7.29854719 -1   
7.29978932 -1   
7.30128828 -1   
7.30279190 -1   
7.30401782 -1   
7.30407645 1    
7.30551777 -1   
7.30676565 -1   
7.30828137 -1   
7.30978067 -1   
7.31103281 -1   
7.31252849 -1   
7.31377774 -1   
7.31527599 -1   
7.31678251 -1   
7.31803156 -1   
7.32253204 -1   
7.32377200 -1   
7.32527944 -1   
7.32652790 -1   
7.32800490 -1   
7.33501810 -1   
7.33652481 -1   
7.33774763 -1   
7.33924933 -1   
7.34051607 -1   
7.34199397 -1   
7.34351877 -1   
7.34476036 -1   
7.34625717 -1   
7.34776696 -1   
7.36301022 -1   
7.36450278 -1   
7.36600567 -1   
7.37573400 -1   
7.37699017 -1   
7.37847560 -1   
7.37999620 -1   
7.38012015 1    
7.38125341 -1   
7.38274637 -1   
7.38424700 -1   
7.38549185 -1   
7.38697376 -1   
7.38822060 -1   
7.39521484 -1   
7.39673281 -1   
7.39823865 -1   
7.39948187 -1   
7.39971746 1    
7.40095854 -1   
7.40248372 -1   
7.40373263 -1   
7.40520730 -1   
7.41348414 -1   
7.41495303 -1   
7.41647557 -1   
7.42260995 1    
7.44116432 -1   
7.44120775 1    
7.54366022 -1   
7.59848569 -1   
7.59850967 1    
7.60948882 1    
7.74104388 -1   
7.74253597 -1   
7.74378569 -1   
7.74530038 -1   
7.74653751 -1   
7.74803365 -1   
7.74953619 -1   
7.75078223 -1   
7.75378098 -1   
7.75388672 1    
7.75526310 -1   
7.75650711 -1   
7.75800784 -1   
7.75925560 -1   
7.76075289 -1   
7.76225668 -1   
7.76350598 -1   
7.76500272 -1   
7.76652768 -1   
7.76777547 -1   
7.76927207 -1   
7.77077107 -1   
7.77199636 -1   
7.77352161 -1   
7.77353658 -1   
7.77354383 1    
7.77651951 -1   
7.77802158 -1   
7.78229109 -1   
7.78376602 -1   
7.78526733 -1   
7.78651593 -1   
7.78798874 -1   
7.78923927 -1   
7.79074157 -1   
7.79223688 -1   
7.79650788 -1   
7.79775719 -1   
7.79926713 -1   
7.80050630 -1   
7.80198212 -1   
7.80350187 -1   
7.80473209 -1   
7.80623037 -1   
7.80747981 -1   
7.80897686 -1   
7.81047614 -1   
7.81172546 -1   
7.81322627 -1   
7.81447396 -1   
7.81597382 -1   
7.81747073 -1   
7.81867806 1    
7.81895842 -1   
7.82022129 -1   
7.82147368 -1   
7.82572332 -1   
7.82721930 -1   
7.82846597 -1   
7.82996661 -1   
7.83146334 -1   
7.83271418 -1   
7.83421305 -1   
7.83548345 -1   
7.83698839 -1   
7.83849135 -1   
7.83973447 -1   
7.84122926 -1   
7.84245827 -1   
7.84398456 -1   
7.84547718 -1   
7.84670924 -1   
7.84820287 -1   
7.84970477 -1   
7.85096882 -1   
7.85247327 -1   
7.85370568 -1   
7.85520439 -1   
7.85610189 1    
7.85686624 -1   
7.85795007 -1   
7.85945072 -1   
7.86069973 -1   
7.86219727 -1   
7.86371423 -1   
7.86494603 -1   
7.86644588 -1   
7.86795789 -1   
7.87194526 -1   
7.89443637 -1   
7.89593007 -1   
7.89717637 -1   
7.93363185 -1   
7.93367109 1    
7.96164551 -1   
7.96316204 -1   
7.97063961 -1   
7.97213306 -1   
7.97363416 -1   
7.97488485 -1   
7.97638375 -1   
7.97787937 -1   
7.97913085 -1   
7.98062924 -1   
7.98187856 -1   
7.98337495 -1   
7.98487982 -1   
7.98637667 -1   
7.98762690 -1   
7.98912230 -1   
7.99037440 -1   
7.99191018 -1   
7.99340060 -1   
7.99462173 -1   
7.99614757 -1   
7.99764569 -1   
7.99889227 -1   
8.00039371 -1   
8.00164336 -1   
8.00314150 -1   
8.00464297 -1   
8.00589228 -1   
8.00739051 -1   
8.00863877 -1   
8.01011608 -1   
8.01165363 -1   
8.01313626 -1   
8.02246242 1    
8.12487949 1    
8.17300453 -1   
8.17451714 -1   
8.17576857 -1   
8.18578820 -1   
8.18728464 -1   
8.18853075 -1   
8.19003276 -1   
8.19129185 -1   
8.19275726 -1   
8.19428313 -1   
8.19548031 1    
8.19551054 -1   
8.20127742 -1   
8.32376394 1    
8.33065090 -1   
8.43064818 -1   
8.43214296 -1   
8.43339542 -1   
8.43489164 -1   
8.43637012 -1   
8.43761783 -1   
8.43912018 -1   
8.44039105 -1   
8.44738775 -1   
8.44888566 -1   
8.45036214 -1   
8.45436470 -1   
8.45586226 -1   
8.45737861 -1   
8.45860669 -1   
8.46013442 -1   
8.46138168 -1   
8.46285472 -1   
8.46347682 1    
8.46437122 -1   
8.46562495 -1   
8.46712158 -1   
8.46837543 -1   
8.46987761 -1   
8.47137171 -1   
8.47260017 -1   
8.47409648 -1   
8.47536304 -1   
8.47686995 -1   
8.47836395 -1   
8.47961484 -1   
8.48660945 -1   
8.48668426 1    
8.48809081 -1   
8.48960945 -1   
8.49660846 -1   
8.49664539 1    
8.49783736 -1   
8.49935774 -1   
8.50210576 -1   
8.50359854 -1   
8.50484814 -1   
8.50601143 1    
8.50632972 -1   
8.50759555 -1   
8.50907868 -1   
8.51057690 -1   
8.51182491 -1   
8.51334863 -1   
8.51556037 1    
8.52493157 -1   
8.66254155 1    
8.76618684 -1   
8.76654042 -1   
8.77470553 -1   
8.77617259 -1   
8.77625396 1    
8.77744750 -1   
8.77893972 -1   
8.78044962 -1   
8.78169501 -1   
8.78317091 -1   
8.78443942 -1   
8.79018991 -1   
8.79143675 -1   
8.79293167 -1   
8.79441383 -1   
8.79569091 -1   
8.79718595 -1   
8.79843662 -1   
8.79993154 -1   
8.80143032 -1   
8.80268363 -1   
8.80416180 -1   
8.80542806 -1   
8.80633043 1    
8.80709336 -1   
8.80841005 -1   
8.80967835 -1   
8.81117934 -1   
8.81392959 -1   
8.81515245 -1   
8.81667842 -1   
8.81792336 -1   
8.81794643 1    
8.82417663 -1   
8.82539944 -1   
8.82692338 -1   
8.83241780 -1   
8.83391511 -1   
8.84916187 -1   
8.86090548 -1   
8.86240339 -1   
8.91038277 -1   
8.92064666 -1   
8.97437510 1    
9.03130951 -1   
9.03279851 -1   
9.03402598 -1   
9.03554563 -1   
9.03679725 -1   
9.03827577 -1   
9.03979891 -1   
9.04090749 1    
9.04118723 -1   
9.04255005 -1   
9.04402152 -1   
9.04529462 -1   
9.07698503 -1   
9.08952140 -1   
9.09101950 -1   
9.09251424 -1   
9.09374394 -1   
9.09523981 -1   
9.10242025 1    
9.11099424 -1   
9.11248177 -1   
9.11373330 -1   
9.11526739 -1   
9.11650300 -1   
9.11800173 -1   
9.11950342 -1   
9.12075036 -1   
9.14924117 -1   
9.14927701 1    
9.15046425 -1   
9.15867722 1    
9.15946466 -1   
9.16070452 -1   
9.16220624 -1   
9.16347406 -1   
9.16497699 -1   
9.16647475 -1   
9.16772344 -1   
9.16971982 -1   
9.17120185 -1   
9.22442639 -1   
9.24425783 -1   
9.25344785 1    
9.30664061 1    
9.61657116 -1   
10.46367359 -1   
10.77465991 -1   
10.93066588 -1   
11.59294516 -1   
13.82379816 1    
21.16971687 -1   
25.13395122 -1   
29.26379310 1    
29.27214365 1    
29.41918507 1    
29.82651012 -1   
