0.00000000 1    
0.24781830 -1   
0.40168864 -1   
0.40206190 1    
0.55777513 1    
0.58955602 -1   
0.61594274 -1   
0.61718653 -1   
0.62670171 -1   
0.63544742 -1   
0.77129930 -1   
0.77175022 1    
0.92631086 1    
0.92860219 -1   
1.11547504 -1   
1.11551262 1    
1.12095518 -1   
1.13591577 -1   
1.15613735 -1   
1.29280276 -1   
1.29283999 1    
1.44762339 -1   
1.44794675 1    
1.68770113 -1   
1.77184860 1    
1.88083798 -1   
2.07372682 -1   
2.07376356 1    
2.30858260 1    
2.50323416 -1   
2.50355858 1    
2.71610853 -1   
5.51951429 -1   
5.54937391 -1   
5.55063737 -1   
5.55886508 -1   
5.56011082 -1   
5.56160874 -1   
5.56310881 -1   
5.56392240 1    
5.56444180 -1   
5.57085888 -1   
5.57405772 1    
5.67553578 -1   
5.67588873 1    
5.73683289 1    
5.89003983 1    
5.94223960 -1   
6.07457177 -1   
6.07460809 1    
6.07606283 -1   
6.09033074 -1   
6.09155477 -1   
6.09968625 1    
6.10057202 -1   
6.10179602 -1   
6.10332371 -1   
6.11104822 -1   
6.11229103 -1   
6.11378740 -1   
6.11504038 -1   
6.12031226 -1   
6.12181101 -1   
6.12903655 -1   
6.13052794 -1   
6.13203178 -1   
6.13805625 -1   
6.13929722 -1   
6.14081616 -1   
6.14104560 -1   
6.23300311 -1   
6.23306011 1    
6.23449129 -1   
6.24674253 -1   
6.24796553 -1   
6.29563134 -1   
6.35518210 -1   
6.35642101 -1   
6.42768614 1    
6.45025420 -1   
6.49433261 -1   
6.58259437 1    
6.60438116 -1   
6.63927198 -1   
6.64048887 -1   
6.64699383 -1   
6.64823447 -1   
6.64973463 -1   
6.65098495 -1   
6.65248480 -1   
6.65823248 -1   
6.65975461 -1   
6.66100315 -1   
6.66772528 -1   
6.66899548 -1   
6.67049127 -1   
6.67199285 -1   
6.67322145 -1   
6.67471665 -1   
6.68499518 -1   
6.68621052 -1   
6.68773495 -1   
6.68780366 1    
6.68923499 -1   
6.69045938 -1   
6.69198347 -1   
6.69320650 -1   
6.69472366 -1   
6.69622972 -1   
6.69747931 -1   
6.69897543 -1   
6.70020342 -1   
6.70172272 -1   
6.70322695 -1   
6.70447218 -1   
6.70597344 -1   
6.70719919 -1   
6.70870139 -1   
6.71019579 -1   
6.71144586 -1   
6.71294461 -1   
6.71594630 -1   
6.71719358 -1   
6.71871756 -1   
6.72019187 -1   
6.72146481 -1   
6.73170745 -1   
6.75995310 -1   
6.75997121 1    
6.76143987 -1   
6.79642819 -1   
6.79767202 -1   
6.79916845 -1   
6.80066676 -1   
6.80416606 -1   
6.80541745 -1   
6.80689337 -1   
6.80839464 -1   
6.80964022 -1   
6.81114460 -1   
6.81238916 -1   
6.81390321 -1   
6.81714289 -1   
6.81864035 -1   
6.82013921 -1   
6.82138612 -1   
6.82289965 -1   
6.82413435 -1   
6.82565360 -1   
6.82715212 -1   
6.82840092 -1   
6.82990424 -1   
6.83115071 -1   
6.83265046 -1   
6.83412708 -1   
6.83540034 -1   
6.83689596 -1   
6.83814439 -1   
6.83964553 -1   
6.84112531 -1   
6.84237376 -1   
6.84389738 -1   
6.84514165 -1   
6.84664230 -1   
6.84814087 -1   
6.84938772 -1   
6.85088809 -1   
6.85214084 -1   
6.85364022 -1   
6.85514312 -1   
6.85638894 -1   
6.85753754 1    
6.85788438 -1   
6.85938784 -1   
6.86063763 -1   
6.86213526 -1   
6.86338761 -1   
6.86488385 -1   
6.86638540 -1   
6.86763283 -1   
6.86912780 -1   
6.87037940 -1   
6.87188334 -1   
6.87337889 -1   
6.87460627 -1   
6.87610576 -1   
6.87735465 -1   
6.87885126 -1   
6.87909548 1    
6.88035170 -1   
6.88160135 -1   
6.88310085 -1   
6.88462423 -1   
6.88587165 -1   
6.88736843 -1   
6.88861607 -1   
6.89011883 -1   
6.89162089 -1   
6.89284317 -1   
6.89436361 -1   
6.89586559 -1   
6.89709348 -1   
6.89861317 -1   
6.90011017 -1   
6.90135918 -1   
6.90286146 -1   
6.90435894 -1   
6.90561074 -1   
6.90710696 -1   
6.90833583 -1   
6.90985577 -1   
6.90995010 1    
6.91135240 -1   
6.91202452 -1   
6.91385679 -1   
6.91508145 -1   
6.91660224 -1   
6.91810128 -1   
6.91936822 -1   
6.92084720 -1   
6.92086245 1    
6.92234393 -1   
6.95259032 -1   
6.95383667 -1   
6.95533222 -1   
6.95683411 -1   
6.95805648 -1   
6.95957754 -1   
6.96107284 -1   
6.96232626 -1   
6.96407751 -1   
6.96532814 -1   
6.96682395 -1   
6.96807274 -1   
6.96957084 -1   
6.97107233 -1   
6.97231853 -1   
6.97381707 -1   
6.97393734 1    
6.97504824 -1   
6.97654488 -1   
6.97804506 -1   
6.97934033 -1   
6.98083947 -1   
6.98208441 -1   
6.98359217 -1   
6.98506464 -1   
6.98631319 -1   
6.98781190 -1   
6.98906208 -1   
6.99055935 -1   
6.99204054 -1   
6.99330759 -1   
6.99480941 -1   
6.99603498 -1   
6.99755939 -1   
6.99903306 -1   
7.00030785 -1   
7.00180013 -1   
7.00329925 -1   
7.00455327 -1   
7.00605531 -1   
7.00728090 -1   
7.00880212 -1   
7.01029737 -1   
7.01154987 -1   
7.01304911 -1   
7.01504569 -1   
7.01629385 -1   
7.01779639 -1   
7.01929487 -1   
7.02054363 -1   
7.02204033 -1   
7.02328825 -1   
7.02478945 -1   
7.02626654 -1   
7.02635528 1    
7.02754222 -1   
7.02903711 -1   
7.03029061 -1   
7.03178114 -1   
7.03328706 -1   
7.03452797 -1   
7.03602620 -1   
7.03751108 -1   
7.03878299 -1   
7.04025923 -1   
7.04153258 -1   
7.04303071 -1   
7.04453123 -1   
7.04577871 -1   
7.05502444 -1   
7.05627098 -1   
7.05777204 -1   
7.06499814 -1   
7.06649413 -1   
7.06769891 -1   
7.07524086 -1   
7.07676200 -1   
7.08301369 -1   
7.08303091 1    
7.08450868 -1   
7.08600924 -1   
7.08723635 -1   
7.08875362 -1   
7.09000402 -1   
7.10398144 -1   
7.10550186 -1   
7.10699515 -1   
7.12699098 -1   
7.18367954 -1   
7.18492602 -1   
7.18645202 -1   
7.18794717 -1   
7.18917883 -1   
7.19069793 -1   
7.19269023 -1   
7.19389620 1    
7.19416946 -1   
7.19544255 -1   
7.20768748 -1   
7.20916172 -1   
7.21043700 -1   
7.21193162 -1   
7.21343330 -1   
7.21468253 -1   
7.21618010 -1   
7.21767863 -1   
7.21892986 -1   
7.22042719 -1   
7.22054655 1    
7.22292160 -1   
7.22415279 -1   
7.22565599 -1   
7.22690212 -1   
7.22715492 -1   
7.23565123 -1   
7.23717052 -1   
7.23841709 -1   
7.23991551 -1   
7.24141768 -1   
7.24266650 -1   
7.24415851 -1   
7.24565792 -1   
7.24690483 -1   
7.24839032 -1   
7.24963705 -1   
7.24964875 1    
7.25113821 -1   
7.25538396 -1   
7.25665455 -1   
7.25813529 -1   
7.25965360 -1   
7.26090472 -1   
7.26240870 -1   
7.26365753 -1   
7.26512941 -1   
7.26665349 -1   
7.26790536 -1   
7.26939940 -1   
7.27090018 -1   
7.27212661 -1   
7.27362842 -1   
7.27514776 -1   
7.27639403 -1   
7.27789460 -1   
7.27939697 -1   
7.28064108 -1   
7.28214376 -1   
7.28364283 -1   
7.28484685 1    
7.28487760 -1   
7.28638909 -1   
7.28764276 -1   
7.28913829 -1   
7.29064094 -1   
7.31013625 -1   
7.31135821 -1   
7.32212036 -1   
7.32362214 -1   
7.32511821 -1   
7.32636852 -1   
7.32786552 -1   
7.32911957 -1   
7.33061507 -1   
7.33209100 -1   
7.33336147 -1   
7.33486350 -1   
7.33611466 -1   
7.33761211 -1   
7.33910988 -1   
7.34026847 1    
7.34080830 -1   
7.34183726 -1   
7.34333838 -1   
7.34483414 -1   
7.34608493 -1   
7.34758235 -1   
7.34883412 -1   
7.35032806 -1   
7.35182922 -1   
7.35309441 -1   
7.35459735 -1   
7.35584644 -1   
7.35734548 -1   
7.35884038 -1   
7.36009290 -1   
7.36159043 -1   
7.36307388 -1   
7.36434033 -1   
7.36584368 -1   
7.36708647 -1   
7.36858841 -1   
7.37008596 -1   
7.37133844 -1   
7.37281667 -1   
7.37407982 -1   
7.37556710 -1   
7.37706676 -1   
7.37831359 -1   
7.38059101 -1   
7.38208978 -1   
7.38332245 -1   
7.38481989 -1   
7.38806008 -1   
7.38957450 -1   
7.39107706 -1   
7.39115006 1    
7.39232715 -1   
7.39382280 -1   
7.39507157 -1   
7.39657104 -1   
7.39805516 -1   
7.39930226 -1   
7.40080312 -1   
7.40193973 1    
7.40221105 -1   
7.40355239 -1   
7.40380473 -1   
7.41304944 -1   
7.41308830 1    
7.41454804 -1   
7.41604283 -1   
7.41731640 -1   
7.41881662 -1   
7.42006559 -1   
7.42156479 -1   
7.42306103 -1   
7.42880956 -1   
7.43031454 -1   
7.43918651 1    
7.45480498 -1   
7.48778344 -1   
7.48900081 -1   
7.49052398 -1   
7.51149988 -1   
7.52103071 1    
7.53248815 -1   
7.56627237 -1   
7.56629349 1    
7.61057390 1    
7.71969568 1    
7.74738102 -1   
7.74832240 -1   
7.87533328 1    
7.90029624 -1   
7.90178651 -1   
7.90180532 -1   
7.91110167 1    
7.93200809 -1   
7.93351786 -1   
7.96099626 -1   
7.96248195 -1   
7.96398411 -1   
7.97951936 -1   
7.97997004 1    
7.98094917 -1   
7.98221750 -1   
7.98934846 1    
7.99073875 -1   
7.99196619 -1   
7.99346597 -1   
7.99496073 -1   
7.99625571 -1   
7.99773163 -1   
7.99890919 1    
8.01747891 -1   
8.01897122 -1   
8.02020144 -1   
8.05793255 -1   
8.05798397 1    
8.06519741 -1   
8.06644301 -1   
8.06921145 -1   
8.06941610 1    
8.15639729 -1   
8.15764070 -1   
8.22390535 1    
8.22757220 -1   
8.25134777 -1   
8.25259051 -1   
8.26358436 -1   
8.26505865 -1   
8.26633071 -1   
8.29157675 -1   
8.29340355 1    
8.36477600 -1   
8.36625031 -1   
8.36776460 -1   
8.38225944 -1   
8.38228093 1    
8.40450562 -1   
8.41223137 -1   
8.41372416 -1   
8.41497241 -1   
8.41532424 1    
8.41647108 -1   
8.41797106 -1   
8.41922396 -1   
8.42071932 -1   
8.42198195 -1   
8.42346900 -1   
8.42497116 -1   
8.42621776 -1   
8.42771662 -1   
8.42921513 -1   
8.43046635 -1   
8.43196461 -1   
8.43346711 -1   
8.43471201 -1   
8.43621425 -1   
8.43745963 -1   
8.43895946 -1   
8.44048321 -1   
8.44173064 -1   
8.44322725 -1   
8.44472862 -1   
8.44620455 -1   
8.44747825 -1   
8.44897342 -1   
8.45322461 -1   
8.45472357 -1   
8.45620017 -1   
8.45624953 1    
8.45747178 -1   
8.45896571 -1   
8.46019369 -1   
8.46171704 -1   
8.46319933 -1   
8.46446509 -1   
8.46596226 -1   
8.46719248 -1   
8.46871617 -1   
8.47018891 -1   
8.47147249 -1   
8.47296198 -1   
8.47446423 -1   
8.47571311 -1   
8.47721467 -1   
8.47871056 -1   
8.47996020 -1   
8.48145892 -1   
8.48271051 -1   
8.48420662 -1   
8.48570775 -1   
8.48695250 -1   
8.48845642 -1   
8.48970383 -1   
8.49120051 -1   
8.49269977 -1   
8.49392859 -1   
8.49544980 -1   
8.49694806 -1   
8.49817600 -1   
8.49967522 -1   
8.50092333 -1   
8.50202180 1    
8.50317338 -1   
8.50441906 -1   
8.51242106 -1   
8.51391438 -1   
8.51516627 -1   
8.51666265 -1   
8.51816167 -1   
8.51944047 -1   
8.52093913 -1   
8.52216064 -1   
8.52368861 -1   
8.53266508 -1   
8.53415912 -1   
8.56651150 -1   
8.56654690 1    
8.57580820 1    
8.60342498 -1   
8.60487126 -1   
8.62363226 -1   
8.64587164 -1   
8.64622340 1    
8.64709194 -1   
8.67385519 -1   
8.69207400 -1   
8.69331571 -1   
8.69481576 -1   
8.69631565 -1   
8.69756175 -1   
8.69906292 -1   
8.70033288 -1   
8.70182920 -1   
8.70333245 -1   
8.70458102 -1   
8.70608012 -1   
8.70730672 -1   
8.70882533 -1   
8.71032317 -1   
8.72317785 -1   
8.72319889 1    
8.74279500 -1   
8.74430675 -1   
8.74580548 -1   
8.79352899 -1   
8.79383291 1    
8.79475715 -1   
8.79629385 -1   
8.79778033 -1   
8.79900210 -1   
8.80052700 -1   
8.80200091 -1   
8.80328849 -1   
8.80527203 -1   
8.80652229 -1   
8.82230494 -1   
8.82351457 -1   
8.82500869 -1   
8.82654521 -1   
8.85474708 -1   
8.85624449 -1   
8.85772015 -1   
8.86773792 -1   
8.86896172 -1   
8.87046262 -1   
8.87696651 -1   
8.87820835 -1   
8.87973097 -1   
8.88120802 -1   
8.88145946 -1   
8.88147101 1    
8.88396946 -1   
8.88547724 -1   
8.88672838 -1   
8.88820260 -1   
8.88972428 -1   
8.89095177 -1   
8.89245473 -1   
8.89397056 -1   
8.89519666 -1   
8.89669700 -1   
8.89794828 -1   
8.89948488 -1   
8.90096620 -1   
8.90219428 -1   
8.90371999 -1   
8.90521621 -1   
8.90646406 -1   
8.90795952 -1   
8.92820834 -1   
8.92970016 -1   
8.94792690 -1   
8.94825473 1    
9.00291533 -1   
9.00438380 -1   
9.00590755 -1   
9.00714695 -1   
9.01281562 1    
9.01282512 1    
9.01310210 1    
9.01407214 -1   
9.01512899 -1   
9.02339895 -1   
9.02463912 -1   
9.02612382 -1   
9.02764396 -1   
9.02889436 -1   
9.03039076 -1   
9.03164788 -1   
9.03880647 -1   
9.03882224 1    
9.08037248 -1   
9.10910522 -1   
9.11035000 -1   
9.11184535 -1   
9.11334627 -1   
9.11459326 -1   
9.11984002 -1   
9.12133863 -1   
9.12284119 -1   
9.12959312 -1   
9.13108661 -1   
9.13233369 -1   
9.13983170 -1   
9.14130685 -1   
9.17855988 -1   
9.17980851 -1   
9.18130783 -1   
9.19460268 -1   
9.19463771 1    
9.27073867 -1   
9.27225333 -1   
9.27373413 -1   
9.27497962 -1   
9.27650366 -1   
9.27774973 -1   
9.27923382 -1   
9.28074844 -1   
9.28200029 -1   
9.28315608 1    
9.28349662 -1   
9.28474829 -1   
9.28625156 -1   
9.28774537 -1   
9.28899521 -1   
9.29049175 -1   
9.29197162 -1   
9.29374553 -1   
9.29524366 -1   
9.29673916 -1   
9.29799040 -1   
9.29946697 -1   
9.30073054 -1   
9.30223872 -1   
9.30373778 -1   
9.30498526 -1   
9.30649250 -1   
9.30771412 -1   
9.30921222 -1   
9.31073175 -1   
9.31198190 -1   
9.31348372 -1   
9.31496163 -1   
9.31620570 -1   
9.31772887 -1   
9.31897466 -1   
9.32047991 -1   
9.32197819 -1   
9.32320523 -1   
9.32473324 -1   
9.32619569 1    
9.32620653 -1   
9.32745215 -1   
9.32897050 -1   
9.33046328 -1   
9.33171671 -1   
9.33319690 -1   
9.33469939 -1   
9.33594600 -1   
9.33600956 1    
9.33746564 -1   
9.33869326 -1   
9.34021137 -1   
9.34170694 -1   
9.34294342 -1   
9.34444057 -1   
9.34570831 -1   
9.34719076 -1   
9.34870694 -1   
9.34995557 -1   
9.35145532 -1   
9.35270463 -1   
9.35420322 -1   
9.35570505 -1   
9.35695785 -1   
9.35718151 1    
9.35843342 -1   
9.35993767 -1   
9.36118041 -1   
9.36269876 -1   
9.36395656 -1   
9.36544738 -1   
9.36693027 -1   
9.36703745 1    
9.36817491 -1   
9.36967580 -1   
9.36992958 -1   
9.36994083 1    
9.37117676 -1   
9.37267318 -1   
9.37844672 -1   
9.40116791 -1   
9.40268085 -1   
9.40415856 -1   
9.41034089 1    
9.42217397 -1   
9.42364587 -1   
9.43416921 -1   
9.43563921 -1   
9.43714109 -1   
9.45538312 -1   
9.45556748 1    
9.45662884 -1   
9.45812382 -1   
9.49211586 -1   
9.52209086 -1   
9.52337417 -1   
9.52338510 1    
9.59257584 -1   
9.59381858 -1   
9.59534044 -1   
9.59681219 -1   
9.59804720 -1   
9.59956644 -1   
9.60104991 -1   
9.60231400 -1   
9.60381512 -1   
9.60504091 -1   
9.60656408 -1   
9.61006260 -1   
9.61131375 -1   
9.61280815 -1   
9.62005594 -1   
9.67679686 -1   
9.67683534 1    
9.68349788 -1   
9.68499477 -1   
9.69376612 -1   
9.69527579 -1   
9.69650737 -1   
9.72201379 -1   
9.80045420 -1   
9.80194679 -1   
9.80318133 -1   
9.80469928 -1   
9.80618064 -1   
9.82144055 -1   
9.82294138 -1   
9.83192177 -1   
9.83274264 -1   
9.83275873 1    
9.85840945 -1   
9.85964704 -1   
9.86114718 -1   
9.86264418 -1   
9.86389627 -1   
9.86539119 -1   
9.86664038 -1   
9.86814051 -1   
9.88840913 -1   
9.88964933 -1   
9.89113288 -1   
9.89263031 -1   
9.89387915 -1   
9.90737643 -1   
9.95537195 -1   
9.95661452 -1   
9.96286510 -1   
9.96436285 -1   
9.96583508 -1   
9.97233099 -1   
9.97244237 1    
9.97358137 -1   
9.97508128 -1   
9.98484598 -1   
9.98632530 -1   
9.98784652 -1   
9.98785598 -1   
9.98788202 1    
10.03108113 -1   
10.03256836 -1   
10.07905334 -1   
10.08054014 -1   
10.08204200 -1   
10.08753732 -1   
10.08903652 -1   
10.11028040 -1   
10.11177551 -1   
10.11302486 -1   
10.12177112 -1   
10.12327970 -1   
10.14239698 -1   
10.14243701 1    
10.34344074 1    
10.75300966 -1   
11.61053068 -1   
11.76968181 -1   
11.92359431 -1   
12.07800748 -1   
12.23166872 -1   
12.71664337 -1   
14.00926723 1    
21.09734769 -1   
22.78442784 1    
27.80576620 -1   
30.17289302 1    
30.18125112 1    
30.32955522 1    
30.59413939 -1   
