0.00000000 -1   
0.19436899 1    
0.42363166 1    
0.42415287 -1   
0.60600169 1    
0.63665997 1    
0.65738032 1    
0.79404780 1    
0.94908183 1    
0.94926878 -1   
1.14346501 1    
1.14350097 -1   
1.16235658 1    
1.17259531 1    
1.19658823 1    
1.29993822 1    
1.45562642 1    
1.45594487 -1   
1.64143145 1    
1.64146701 -1   
1.85101669 -1   
1.97474170 1    
2.00614462 -1   
2.16288090 1    
2.35876750 1    
2.35908783 -1   
2.54942096 1    
2.54979184 -1   
2.74804515 1    
5.32873644 1    
5.33021882 1    
5.33069361 1    
5.34894236 1    
5.35043779 1    
5.36911414 -1   
5.36992696 1    
5.37814585 -1   
5.38166965 1    
5.38316423 1    
5.40616031 1    
5.48733555 1    
5.48764688 -1   
5.53539749 -1   
5.70644367 1    
5.70684089 -1   
5.80370555 1    
5.85466916 1    
5.85500395 -1   
5.85589480 1    
5.85739237 1    
5.85864273 1    
5.86017692 1    
5.86166202 1    
5.86291323 1    
5.86314066 1    
5.86315079 -1   
5.86427512 -1   
5.86481578 1    
5.86617101 1    
5.86766538 1    
5.86890725 1    
5.87465891 1    
5.87615470 1    
5.87740969 1    
5.87890173 1    
5.88013060 1    
6.00184211 1    
6.00332996 1    
6.01308093 1    
6.01457318 1    
6.01658290 1    
6.02152974 1    
6.02154406 -1   
6.04104652 1    
6.10128891 1    
6.10250300 1    
6.18196533 1    
6.18200135 -1   
6.19922806 1    
6.20046713 1    
6.20197446 1    
6.20346515 1    
6.20471089 1    
6.20646387 1    
6.20771499 1    
6.20887088 -1   
6.20921710 1    
6.21046270 1    
6.21196311 1    
6.21345960 1    
6.21470865 1    
6.21620788 1    
6.21746123 1    
6.21896011 1    
6.22045805 1    
6.22170801 1    
6.22320600 1    
6.22445319 1    
6.22595185 1    
6.22745271 1    
6.22870479 1    
6.23020011 1    
6.23145278 1    
6.23294906 1    
6.23445085 1    
6.23569669 1    
6.23719661 1    
6.23844444 1    
6.23994848 1    
6.24144437 1    
6.24269796 1    
6.24419172 1    
6.24569687 1    
6.24691836 1    
6.24844008 1    
6.24968841 1    
6.25118985 1    
6.25894151 1    
6.26043562 1    
6.26169846 1    
6.26181194 -1   
6.26315865 1    
6.34089768 1    
6.34093375 -1   
6.34238985 1    
6.35687859 1    
6.35837607 1    
6.35987639 1    
6.36110685 1    
6.36262660 1    
6.36388557 1    
6.36562545 1    
6.36687163 1    
6.36837032 1    
6.36962111 1    
6.37112367 1    
6.37261949 1    
6.37387049 1    
6.37537616 1    
6.37662065 1    
6.37811797 1    
6.37960802 1    
6.38084303 1    
6.38237008 1    
6.38386187 1    
6.38509233 1    
6.38661109 1    
6.38786585 1    
6.38936211 1    
6.39085670 1    
6.39208457 1    
6.39360933 1    
6.39485562 1    
6.39635744 1    
6.39785513 1    
6.39908340 1    
6.40060227 1    
6.40184951 1    
6.40334430 1    
6.40485406 1    
6.40607696 1    
6.40760028 1    
6.40907672 1    
6.41034966 1    
6.41184576 1    
6.41305818 -1   
6.41307519 1    
6.41459830 1    
6.41609910 1    
6.41734498 1    
6.41884423 1    
6.42007049 1    
6.42158969 1    
6.42309019 1    
6.42432079 1    
6.42583888 1    
6.42733694 1    
6.42859872 1    
6.43006879 1    
6.43133964 1    
6.43283447 1    
6.43432625 1    
6.43558438 1    
6.43708315 1    
6.43833385 1    
6.43983084 1    
6.44131038 1    
6.44258221 1    
6.44407712 1    
6.44557828 1    
6.44682175 1    
6.44832750 1    
6.44957734 1    
6.44984273 -1   
6.45105366 1    
6.45257391 1    
6.45381688 1    
6.45532006 1    
6.45657434 1    
6.45806990 1    
6.45957425 1    
6.46081789 1    
6.46231845 1    
6.46356693 1    
6.46506999 1    
6.46656567 1    
6.46781643 1    
6.46794359 -1   
6.46931909 1    
6.47056296 1    
6.47206402 1    
6.49855152 1    
6.49858237 -1   
6.50002480 1    
6.51805674 1    
6.53153439 1    
6.53303067 1    
6.53453113 1    
6.53577767 1    
6.53727871 1    
6.53852349 1    
6.54003093 1    
6.54150172 1    
6.54277518 1    
6.54426467 1    
6.54551575 1    
6.54699767 1    
6.54852114 1    
6.54976661 1    
6.55126883 1    
6.55251854 1    
6.55401822 1    
6.55412603 -1   
6.55551996 1    
6.55676649 1    
6.55826476 1    
6.55974180 1    
6.56101064 1    
6.56250933 1    
6.56375584 1    
6.56526088 1    
6.56676089 1    
6.56800613 1    
6.56951140 1    
6.57075888 1    
6.57225678 1    
6.57375685 1    
6.57498444 1    
6.57650390 1    
6.57800749 1    
6.57925181 1    
6.58073268 1    
6.58197798 1    
6.58350106 1    
6.58500025 1    
6.58625192 1    
6.58774986 1    
6.58897783 1    
6.59049653 1    
6.59197475 1    
6.59324528 1    
6.59474585 1    
6.59624269 1    
6.59630801 -1   
6.59749648 1    
6.59899322 1    
6.60024351 1    
6.60174070 1    
6.60321576 1    
6.60448882 1    
6.60599089 1    
6.60723626 1    
6.60871829 1    
6.61023574 1    
6.61148825 1    
6.61298538 1    
6.61448211 1    
6.61573350 1    
6.61723585 1    
6.61848112 1    
6.61998187 1    
6.62147989 1    
6.62273136 1    
6.62422826 1    
6.62548070 1    
6.62666692 -1   
6.62718556 1    
6.62847936 1    
6.62972669 1    
6.63122419 1    
6.63247595 1    
6.63397178 1    
6.63544602 1    
6.63669848 1    
6.63820515 1    
6.63946795 1    
6.64097178 1    
6.64246207 1    
6.64371517 1    
6.64521576 1    
6.65398060 -1   
6.67226685 1    
6.76287627 1    
6.76439547 1    
6.76989741 1    
6.77139027 1    
6.77264025 1    
6.77414011 1    
6.77538528 1    
6.77688923 1    
6.77838906 1    
6.77848057 -1   
6.77963768 1    
6.78111872 1    
6.78263224 1    
6.78388286 1    
6.78536700 1    
6.78661088 1    
6.78811209 1    
6.78960968 1    
6.79085991 1    
6.79237574 1    
6.79360637 1    
6.79510681 1    
6.79662037 1    
6.79785492 1    
6.79935429 1    
6.80060330 1    
6.80210813 1    
6.80360382 1    
6.80485298 1    
6.80635107 1    
6.80760381 1    
6.80938595 1    
6.81060292 1    
6.81184771 1    
6.81334823 1    
6.81459754 1    
6.81609515 1    
6.81759893 1    
6.81885714 1    
6.82038453 1    
6.82161081 1    
6.82309440 1    
6.82459790 1    
6.82584129 1    
6.82733737 1    
6.82883604 1    
6.82895538 -1   
6.83008986 1    
6.83158342 1    
6.83284103 1    
6.83435613 1    
6.83585152 1    
6.83708083 1    
6.83860472 1    
6.83985108 1    
6.84133213 1    
6.84283541 1    
6.84407911 1    
6.84560346 1    
6.84707604 1    
6.84834184 1    
6.84836267 -1   
6.84984499 1    
6.85109428 1    
6.85260106 1    
6.85409232 1    
6.85534947 1    
6.85684561 1    
6.85806768 1    
6.85956940 1    
6.86107138 1    
6.86231648 1    
6.86381870 1    
6.86506628 1    
6.86658862 1    
6.86808496 1    
6.86933768 1    
6.87083619 1    
6.87233443 1    
6.87358528 1    
6.87508228 1    
6.87633712 1    
6.87783107 1    
6.87933038 1    
6.88058128 1    
6.88207646 1    
6.88332839 1    
6.88482657 1    
6.88632182 1    
6.88757601 1    
6.88905460 1    
6.88909399 -1   
6.89057094 1    
6.89182223 1    
6.89331936 1    
6.89457224 1    
6.89607550 1    
6.89757238 1    
6.89881749 1    
6.90031026 1    
6.90156774 1    
6.90306446 1    
6.90454538 1    
6.90579151 1    
6.90729473 1    
6.90854074 1    
6.91004132 1    
6.91155875 1    
6.91280857 1    
6.91430735 1    
6.91556275 1    
6.91705781 1    
6.91855888 1    
6.91980790 1    
6.92130881 1    
6.92255390 1    
6.92403122 1    
6.92555555 1    
6.92680332 1    
6.92830257 1    
6.92955526 1    
6.93102734 1    
6.93255258 1    
6.93404779 1    
6.93554538 1    
6.93679706 1    
6.93829054 1    
6.93956812 1    
6.94090505 -1   
6.94227485 1    
6.94352136 1    
6.94502432 1    
6.94629060 1    
6.94776847 1    
6.94928910 1    
6.95051827 1    
6.95201774 1    
6.95326824 1    
6.95478422 1    
6.95628688 1    
6.95753389 1    
6.95901290 1    
6.95907727 -1   
6.96052690 1    
6.96177313 1    
6.99877037 1    
7.00025933 1    
7.04579509 -1   
7.09459208 1    
7.12094127 1    
7.21164704 1    
7.21168729 -1   
7.21311892 1    
7.27703406 1    
7.30609332 1    
7.30637350 -1   
7.30757882 1    
7.41457362 -1   
7.43323375 1    
7.55095477 1    
7.55244401 1    
7.56847314 -1   
7.58903351 1    
7.62265840 1    
7.62415536 1    
7.62540430 1    
7.62691498 1    
7.62813037 1    
7.63565023 1    
7.63715261 1    
7.64564848 1    
7.64688971 1    
7.64839531 1    
7.65186834 1    
7.65194795 -1   
7.65339204 1    
7.65463876 1    
7.68262587 1    
7.68386316 1    
7.68537374 1    
7.73159856 1    
7.73163167 -1   
7.77978995 1    
7.78009399 -1   
7.88680483 -1   
7.99971236 1    
8.00002819 1    
8.06413937 1    
8.06419092 -1   
8.06565553 1    
8.09661979 1    
8.09811558 1    
8.09962507 1    
8.11462808 1    
8.11587267 1    
8.11737157 1    
8.11862154 1    
8.12010082 1    
8.12161911 1    
8.12286905 1    
8.12436608 1    
8.12562117 1    
8.12711629 1    
8.12861452 1    
8.14186075 1    
8.14336107 1    
8.14460533 1    
8.14610589 1    
8.14735367 1    
8.14885560 1    
8.15035100 1    
8.15159995 1    
8.15307999 1    
8.15460387 1    
8.15579134 -1   
8.15582264 1    
8.15735019 1    
8.15860017 1    
8.16007520 1    
8.16159999 1    
8.16284900 1    
8.16434607 1    
8.16457500 1    
8.16609578 1    
8.16759218 1    
8.19058332 1    
8.19205755 1    
8.20007916 1    
8.20028610 -1   
8.20155227 1    
8.20857111 1    
8.21004948 1    
8.21156762 1    
8.21831800 1    
8.21956223 1    
8.22106260 1    
8.22231139 1    
8.22381151 1    
8.22530903 1    
8.23955400 1    
8.23957408 -1   
8.24080366 1    
8.24229867 1    
8.25054708 1    
8.25202352 1    
8.27003848 1    
8.27153229 1    
8.27278488 1    
8.28902536 1    
8.29050250 1    
8.29851810 1    
8.29862559 -1   
8.30001795 1    
8.30126736 1    
8.30851619 1    
8.31909452 1    
8.32948305 1    
8.34624111 1    
8.34748799 1    
8.34896959 1    
8.39724365 -1   
8.47809409 1    
8.62134551 1    
8.62138179 -1   
8.62283766 1    
8.62405774 1    
8.62558388 1    
8.62682983 1    
8.62833090 1    
8.62982743 1    
8.63105285 1    
8.63257640 1    
8.63382724 1    
8.63532281 1    
8.63682958 1    
8.63804927 1    
8.63957438 1    
8.64107089 1    
8.64232030 1    
8.64381870 1    
8.64504935 1    
8.64656909 1    
8.64804806 1    
8.64931774 1    
8.65083767 1    
8.65229336 1    
8.65356470 1    
8.65506106 1    
8.65656377 1    
8.65781105 1    
8.65930682 1    
8.65941492 -1   
8.66056208 1    
8.66205958 1    
8.66353685 1    
8.66480680 1    
8.66630817 1    
8.66755551 1    
8.66905772 1    
8.67055549 1    
8.67180520 1    
8.67330350 1    
8.67455306 1    
8.67603135 1    
8.67755571 1    
8.67879830 1    
8.68030386 1    
8.68155051 1    
8.68304939 1    
8.68454701 1    
8.68577190 1    
8.68727117 1    
8.68844810 -1   
8.68896626 1    
8.69002090 1    
8.69154740 1    
8.69278985 1    
8.69326552 1    
8.76251040 1    
8.76372869 1    
8.76525227 1    
8.77249511 1    
8.77374256 1    
8.78474274 1    
8.78476308 -1   
8.78623750 1    
8.78748960 1    
8.81123088 1    
8.81272297 1    
8.81395322 1    
8.88779838 1    
8.99811282 1    
8.99816579 -1   
8.99962131 1    
9.00086801 1    
9.00761480 1    
9.00908903 1    
9.01061176 1    
9.01185750 1    
9.01333627 1    
9.01460686 1    
9.01611186 1    
9.01760837 1    
9.01885527 1    
9.03458133 1    
9.03582519 1    
9.04426288 1    
9.05109701 1    
9.11481142 1    
9.11513232 -1   
9.11630432 1    
9.12629252 1    
9.12754401 1    
9.15577867 1    
9.15727973 1    
9.15852502 1    
9.16000501 1    
9.16152571 1    
9.16277728 1    
9.16602219 1    
9.16603777 -1   
9.16752146 1    
9.16877126 1    
9.17027118 1    
9.17151684 1    
9.17302155 1    
9.17451559 1    
9.17576608 1    
9.17726428 1    
9.17851321 1    
9.18000418 1    
9.18151442 1    
9.18626003 1    
9.18751186 1    
9.18900790 1    
9.19910437 1    
9.23449187 1    
9.23596344 1    
9.23722981 1    
9.31998354 -1   
9.34664803 -1   
9.38921264 1    
9.44311574 1    
9.44461193 1    
9.45209500 1    
9.45360708 1    
9.45485321 1    
9.46210268 1    
9.46360423 1    
9.48259478 1    
9.48261975 -1   
9.48406910 1    
9.48534111 1    
9.50208568 1    
9.50357692 1    
9.50482721 1    
9.55855303 1    
9.56002374 1    
9.57654320 1    
9.57778802 1    
9.57928690 1    
9.58718112 1    
9.64435592 1    
9.64575549 1    
9.65799513 1    
9.65950495 1    
9.70697157 1    
9.70846296 1    
9.72718324 1    
9.72816489 -1   
9.72843696 1    
9.72993052 1    
9.73120040 1    
9.73271094 1    
9.73419799 1    
9.73544437 1    
9.73692474 1    
9.73699590 -1   
9.73819577 1    
9.73969150 1    
9.74119442 1    
9.74244229 1    
9.74393947 1    
9.74543912 1    
9.74669371 1    
9.74816643 1    
9.74867237 1    
9.75018991 1    
9.76568248 1    
9.80414638 1    
9.80540341 1    
9.80690581 1    
9.80840798 1    
9.80965367 1    
9.81115352 1    
9.81265162 1    
9.81275550 -1   
9.81389384 1    
9.81540022 1    
9.81665099 1    
9.81812649 1    
9.81964912 1    
9.82089652 1    
9.82239992 1    
9.82389352 1    
9.82512152 1    
9.82664428 1    
9.82864577 1    
9.83011965 1    
9.83139295 1    
9.83289113 1    
9.83438851 1    
9.83563900 1    
9.83713989 1    
9.83838459 1    
9.83988773 1    
9.84138432 1    
9.84263774 1    
9.84413123 1    
9.84563061 1    
9.84688215 1    
9.84838149 1    
9.84963031 1    
9.85113195 1    
9.85262845 1    
9.85387345 1    
9.85537091 1    
9.85661970 1    
9.85810496 1    
9.85962630 1    
9.86087379 1    
9.86237659 1    
9.86362049 1    
9.86369289 -1   
9.86509845 1    
9.86662050 1    
9.87361862 1    
9.87485926 1    
9.87636287 1    
9.87761436 1    
9.87909277 1    
9.88061275 1    
9.89460540 1    
9.89585341 1    
9.89735516 1    
9.90012397 -1   
9.90522266 1    
9.96357318 1    
9.96504268 1    
10.00080222 1    
10.05704388 -1   
10.06226392 1    
10.06376006 1    
10.06498831 1    
10.07549993 1    
10.07698207 1    
10.10115361 1    
10.10273479 1    
10.10423296 1    
10.10548699 1    
10.11665653 -1   
10.25596413 1    
10.25601934 -1   
10.35632481 1    
10.41117966 1    
10.41120837 -1   
10.50625900 1    
10.51642044 -1   
10.56750848 1    
10.56756374 -1   
10.72772382 1    
10.72774429 -1   
10.82330635 1    
10.82483918 1    
10.84281705 1    
10.84403798 1    
10.84556304 1    
10.85105844 1    
10.85256162 1    
10.85381303 1    
10.85980388 1    
10.86129665 1    
10.86255200 1    
10.86403055 1    
10.87755393 1    
10.88516213 -1   
10.88652816 1    
10.88654437 -1   
10.89414698 -1   
11.04474806 -1   
11.09385573 1    
11.10413682 -1   
11.24339087 -1   
11.26301236 1    
11.27705067 1    
11.28656813 1    
11.28778438 1    
11.28930464 1    
11.29053571 1    
11.29203462 1    
11.29353222 1    
11.29478769 1    
11.29627982 1    
11.29637070 -1   
11.29903444 1    
11.30054940 1    
11.30180138 1    
11.30329696 1    
11.30455240 1    
11.30604668 1    
11.30754782 1    
11.30879858 1    
11.31027543 1    
11.31154730 1    
11.31304574 1    
11.31454145 1    
11.31579586 1    
11.31730446 1    
11.31879066 1    
11.32004056 1    
11.33848441 -1   
11.43158790 1    
11.43163010 -1   
11.44119380 -1   
11.47920974 1    
11.48046272 1    
11.48195155 1    
11.48317404 1    
11.48470037 1    
11.48619405 1    
11.48744260 1    
11.48894371 1    
11.49044305 1    
11.49191888 1    
11.49342303 1    
11.50643810 1    
11.55840658 1    
11.56794710 -1   
11.58693516 1    
11.58696992 -1   
11.74339762 1    
11.94678413 1    
12.31907409 1    
13.21206594 1    
16.09563054 -1   
20.76003629 1    
27.48661367 -1   
30.69932031 -1   
