0.00000000 -1   
0.30018020 1    
0.30039175 -1   
0.45536411 1    
0.45540780 -1   
0.61260652 1    
0.61264504 -1   
0.81789872 -1   
0.90158564 1    
0.97276436 -1   
1.10503901 1    
1.12743184 -1   
1.30962233 1    
1.31005646 -1   
1.55573096 1    
1.78205299 -1   
1.93950861 1    
1.93990181 -1   
2.12990298 1    
2.13035902 -1   
2.28610918 1    
2.28656663 -1   
2.44372514 1    
2.96393314 1    
2.96427895 -1   
4.61162497 1    
4.61310544 1    
4.61360115 1    
4.63811928 1    
4.63934099 1    
4.64809638 1    
4.65312792 -1   
4.66188022 -1   
4.66607912 1    
4.68939224 1    
4.69056648 1    
4.78457268 -1   
4.79848179 1    
4.81203912 -1   
4.97827066 1    
4.97868121 -1   
5.13566107 1    
5.13597411 -1   
5.22903325 1    
5.23027278 1    
5.23939987 -1   
5.24974726 1    
5.25124047 1    
5.25935905 -1   
5.26800721 1    
5.26925203 1    
5.27075013 1    
5.28697610 1    
5.28847130 1    
5.28974081 1    
5.29124161 1    
5.29246824 1    
5.29371441 1    
5.29372931 -1   
5.29673539 1    
5.29798545 1    
5.29948573 1    
5.30446309 1    
5.30598520 1    
5.30722906 1    
5.38667290 1    
5.38817933 1    
5.38943785 1    
5.39118161 1    
5.45156914 1    
5.45160491 -1   
5.62231083 1    
5.62236472 -1   
5.62277975 1    
5.64904528 1    
5.65053467 1    
5.68751973 1    
5.68901309 1    
5.69023797 1    
5.70926176 1    
5.71047799 1    
5.72399277 1    
5.72411783 -1   
5.73899350 1    
5.74023350 1    
5.74173688 1    
5.74298229 1    
5.74448426 1    
5.74598267 1    
5.74722973 1    
5.74872645 1    
5.75023016 1    
5.75147699 1    
5.75297708 1    
5.75422301 1    
5.75572591 1    
5.75722144 1    
5.75847025 1    
5.75996448 1    
5.76121774 1    
5.76271847 1    
5.76421549 1    
5.76547058 1    
5.76697116 1    
5.76820921 1    
5.76972054 1    
5.77121625 1    
5.77244421 1    
5.77396285 1    
5.77521369 1    
5.77670938 1    
5.77821324 1    
5.77946019 1    
5.78095980 1    
5.78220826 1    
5.78470966 1    
5.78472297 -1   
5.78620817 1    
5.80543027 1    
5.80694337 1    
5.80819274 1    
5.80969452 1    
5.84418340 1    
5.84540283 1    
5.84692306 1    
5.84817310 1    
5.84966994 1    
5.85117449 1    
5.85241707 1    
5.85389738 1    
5.86791344 1    
5.86938850 1    
5.87065975 1    
5.87215819 1    
5.88365173 1    
5.88517370 1    
5.89690412 1    
5.89839462 1    
5.89962116 1    
5.90114665 1    
5.90239346 1    
5.90389435 1    
5.90539125 1    
5.90664882 1    
5.90813838 1    
5.90936655 1    
5.90946729 -1   
5.91088983 1    
5.91238492 1    
5.91365995 1    
5.91513323 1    
5.91638571 1    
5.91788337 1    
5.91935879 1    
5.92064003 1    
5.92213727 1    
5.92338049 1    
5.92488176 1    
5.92635518 1    
5.92763961 1    
5.92912659 1    
5.93035233 1    
5.93187437 1    
5.93337273 1    
5.93460250 1    
5.93612434 1    
5.93763577 1    
5.93887401 1    
5.94036928 1    
5.94159519 1    
5.94309342 1    
5.94461908 1    
5.94586444 1    
5.94736619 1    
5.94858897 1    
5.95010899 1    
5.95160928 1    
5.95285863 1    
5.95433804 1    
5.95585406 1    
5.95934982 1    
5.96061920 1    
5.96210588 1    
5.96335307 1    
5.96448519 -1   
5.96500284 1    
5.96636802 1    
5.96758074 1    
5.96910036 1    
5.97035419 1    
5.97184813 1    
5.97334871 1    
5.97457580 1    
5.97607745 1    
5.97734442 1    
5.97884737 1    
5.98034681 1    
5.98157625 1    
5.98309620 1    
5.98432322 1    
5.98581888 1    
5.98734188 1    
5.98735651 -1   
5.98856939 1    
5.99033791 1    
5.99156530 1    
5.99308881 1    
5.99458826 1    
5.99583763 1    
5.99705803 1    
6.06980458 1    
6.07102178 1    
6.10303362 1    
6.10450070 1    
6.10602572 1    
6.14385505 -1   
6.17199327 1    
6.17322971 1    
6.17473839 1    
6.17596297 1    
6.17748591 1    
6.17898275 1    
6.18022674 1    
6.18136815 -1   
6.18173213 1    
6.18320571 1    
6.18445822 1    
6.18598074 1    
6.18723028 1    
6.18872711 1    
6.19022972 1    
6.19147261 1    
6.19297411 1    
6.19422537 1    
6.19572645 1    
6.19722334 1    
6.19847249 1    
6.19997022 1    
6.20122522 1    
6.20271983 1    
6.20421868 1    
6.20544510 1    
6.20696919 1    
6.20821543 1    
6.21019492 1    
6.21168970 1    
6.21318788 1    
6.21443720 1    
6.21593870 1    
6.21718563 1    
6.21870407 1    
6.22020664 1    
6.22146005 1    
6.22294914 1    
6.22420598 1    
6.22570330 1    
6.22720821 1    
6.22843037 1    
6.22995777 1    
6.23119943 1    
6.23128314 -1   
6.23270406 1    
6.23420238 1    
6.23545781 1    
6.23694970 1    
6.23820139 1    
6.23969791 1    
6.24120018 1    
6.24242372 1    
6.24416674 1    
6.24517072 1    
6.24667095 1    
6.24819481 1    
6.24942216 1    
6.25091586 1    
6.25241935 1    
6.25309339 1    
6.25466559 1    
6.25594033 1    
6.25744122 1    
6.25893732 1    
6.26018854 1    
6.26168714 1    
6.26318647 1    
6.26443449 1    
6.26593457 1    
6.26718309 1    
6.26868569 1    
6.27018134 1    
6.27140866 1    
6.27292801 1    
6.27418073 1    
6.27565393 1    
6.29639923 1    
6.29792047 1    
6.34339623 1    
6.34343423 -1   
6.34464121 1    
6.34613858 1    
6.34736853 1    
6.34888306 1    
6.35038533 1    
6.35165067 1    
6.35313355 1    
6.35438023 1    
6.35588144 1    
6.35738059 1    
6.35865001 1    
6.36010561 1    
6.36136002 1    
6.36144723 -1   
6.36287546 1    
6.36437402 1    
6.36563090 1    
6.36711789 1    
6.36835239 1    
6.36986616 1    
6.37135117 1    
6.37261852 1    
6.37409666 1    
6.37559524 1    
6.37684670 1    
6.37834299 1    
6.37959466 1    
6.38109208 1    
6.38259378 1    
6.38383983 1    
6.38533935 1    
6.38658868 1    
6.38809069 1    
6.38960556 1    
6.39083827 1    
6.39233591 1    
6.39383850 1    
6.39508387 1    
6.39658199 1    
6.39783369 1    
6.39933912 1    
6.40083037 1    
6.40209912 1    
6.40359527 1    
6.40367879 -1   
6.40483216 1    
6.40635015 1    
6.40785338 1    
6.40909934 1    
6.41060057 1    
6.41207419 1    
6.41335076 1    
6.41484747 1    
6.41486505 1    
6.42535262 1    
6.42682120 1    
6.47331784 1    
6.47453962 1    
6.47606254 1    
6.47731089 1    
6.47881188 1    
6.48298196 -1   
6.49030628 1    
6.49178075 1    
6.49328018 1    
6.49452630 1    
6.49602764 1    
6.49752808 1    
6.49877668 1    
6.50027595 1    
6.50152543 1    
6.50304498 1    
6.50452191 1    
6.50579505 1    
6.50729545 1    
6.50854082 1    
6.51004342 1    
6.51153954 1    
6.51277050 1    
6.51428975 1    
6.51576460 1    
6.51703710 1    
6.51851668 1    
6.51978449 1    
6.52126714 1    
6.52278269 1    
6.52286411 -1   
6.52402677 1    
6.52552544 1    
6.52676328 1    
6.52825756 1    
6.53175899 1    
6.53325863 1    
6.53450478 1    
6.53600192 1    
6.53601113 -1   
6.53725598 1    
6.53877341 1    
6.54027343 1    
6.54150255 1    
6.54302768 1    
6.54427561 1    
6.54576873 1    
6.54727257 1    
6.54877091 1    
6.55002163 1    
6.55151882 1    
6.55299485 1    
6.55427419 1    
6.55576864 1    
6.55701258 1    
6.55851103 1    
6.55999301 1    
6.56123940 1    
6.56273909 1    
6.56423702 1    
6.56548982 1    
6.56701135 1    
6.56825747 1    
6.56975440 1    
6.57125135 1    
6.57248358 1    
6.57400634 1    
6.57523100 1    
6.57531778 -1   
6.57675023 1    
6.57825018 1    
6.57948206 1    
6.58097855 1    
6.58223060 1    
6.58372816 1    
6.58523278 1    
6.58647574 1    
6.58797395 1    
6.58922516 1    
6.59072622 1    
6.59222208 1    
6.59296494 1    
6.63264149 1    
6.63396823 1    
6.64221919 1    
6.67493033 1    
6.67574458 -1   
6.67626367 1    
6.70178082 -1   
6.70518366 1    
6.70667961 1    
6.74766416 1    
6.74915849 1    
6.75038025 1    
6.80337508 1    
6.80464551 1    
6.80466090 1    
6.81297099 -1   
6.86686835 -1   
6.93055879 1    
6.96071660 1    
7.02180169 -1   
7.11817668 1    
7.14693722 1    
7.14818433 1    
7.20712937 1    
7.20716325 -1   
7.20862193 1    
7.21014226 1    
7.27011638 1    
7.27135516 1    
7.30534356 1    
7.30681429 1    
7.30874841 1    
7.31481796 1    
7.31493313 -1   
7.31605925 1    
7.32308013 1    
7.32430678 1    
7.32581836 1    
7.33482246 -1   
7.34380002 1    
7.34393001 -1   
7.34529579 1    
7.34653993 1    
7.37530929 1    
7.37533330 -1   
7.37677245 1    
7.37828700 1    
7.41328254 1    
7.41363286 -1   
7.46880494 1    
7.53024544 -1   
7.70102899 1    
7.70135979 -1   
7.75783750 1    
7.83127382 1    
7.84148381 -1   
7.86596697 1    
7.86631219 -1   
7.86774227 1    
7.86775659 -1   
7.86901035 1    
7.87051482 1    
7.87201463 1    
7.87326510 1    
7.87476505 1    
7.87623732 1    
7.87748799 1    
7.87901114 1    
7.88023956 1    
7.88175698 1    
7.88325300 1    
7.88441339 -1   
7.88469468 1    
7.88748836 1    
7.88899410 1    
7.89028984 1    
7.91498943 1    
7.91622390 1    
7.91772225 1    
7.93222463 1    
7.93370532 1    
7.96469909 1    
8.00569573 1    
8.00718582 1    
8.00843769 1    
8.01418361 1    
8.01540997 1    
8.02267818 1    
8.02417601 1    
8.02544305 1    
8.02711904 1    
8.03516927 1    
8.03518488 -1   
8.03667148 1    
8.03814573 1    
8.03941873 1    
8.04091398 1    
8.04239479 1    
8.04364149 1    
8.04516654 1    
8.04641077 1    
8.04791402 1    
8.04938971 1    
8.05065860 1    
8.05215830 1    
8.05338901 1    
8.05491107 1    
8.05641228 1    
8.05765966 1    
8.05915195 1    
8.06065697 1    
8.06192277 1    
8.06340264 1    
8.06465284 1    
8.06615150 1    
8.06765169 1    
8.06889893 1    
8.07040451 1    
8.07164705 1    
8.07314977 1    
8.07464754 1    
8.07589044 1    
8.07737480 1    
8.07889545 1    
8.08014228 1    
8.08164558 1    
8.08289227 1    
8.08437003 1    
8.08586898 1    
8.08713530 1    
8.08864544 1    
8.08873670 -1   
8.08989329 1    
8.09138566 1    
8.09286634 1    
8.09413558 1    
8.09563401 1    
8.09713261 1    
8.09836305 1    
8.09986107 1    
8.10136306 1    
8.10260805 1    
8.10410785 1    
8.10563271 1    
8.10687579 1    
8.10837583 1    
8.10962981 1    
8.11112472 1    
8.11262633 1    
8.11387486 1    
8.11537406 1    
8.11660022 1    
8.11812250 1    
8.11962070 1    
8.12087066 1    
8.12098898 -1   
8.12386959 1    
8.12534604 1    
8.12659376 1    
8.19111366 1    
8.19115221 -1   
8.23828948 1    
8.23980516 1    
8.25380309 1    
8.25529536 1    
8.25651902 1    
8.25804592 1    
8.25927209 1    
8.26078945 1    
8.28802189 1    
8.28926655 1    
8.28990312 -1   
8.29081013 1    
8.29204702 1    
8.29350786 1    
8.30627036 1    
8.30751646 1    
8.30899159 1    
8.31024245 1    
8.31173939 1    
8.32601196 1    
8.32725034 1    
8.32875261 1    
8.35242662 1    
8.35246307 -1   
8.37798521 1    
8.40821902 1    
8.40943546 1    
8.41920024 1    
8.42042822 1    
8.42194720 1    
8.42917990 1    
8.43042094 1    
8.43192296 1    
8.43316995 1    
8.44816961 1    
8.44966039 1    
8.45017280 -1   
8.45642946 1    
8.45792706 1    
8.45917158 1    
8.46065308 1    
8.46215629 1    
8.46340000 1    
8.51162453 1    
8.51165969 -1   
8.55735777 1    
8.55859716 1    
8.66766212 1    
8.66767737 -1   
8.70278031 1    
8.70426577 1    
8.71053641 1    
8.71203181 1    
8.71328404 1    
8.71853180 1    
8.72002933 1    
8.72119140 -1   
8.72147399 1    
8.72277703 1    
8.72427991 1    
8.72552494 1    
8.72702573 1    
8.72827793 1    
8.72979012 1    
8.73326996 1    
8.73449607 1    
8.73601801 1    
8.73724999 1    
8.73876560 1    
8.74026751 1    
8.74151717 1    
8.74299447 1    
8.74424045 1    
8.74574115 1    
8.74723774 1    
8.76926867 1    
8.77072706 1    
8.78172957 1    
8.78189164 -1   
8.81895725 1    
8.82513422 1    
8.82515303 -1   
8.92316666 1    
8.92465850 1    
8.94865409 1    
8.94987412 1    
8.95139692 1    
8.95264388 1    
8.95414639 1    
8.96736777 1    
8.96749920 -1   
8.96888544 1    
8.97013456 1    
8.98198442 1    
8.98202505 -1   
8.98614039 1    
9.00535535 1    
9.00686579 1    
9.13686210 1    
9.13690234 -1   
9.14703644 1    
9.14828447 1    
9.15653116 1    
9.15778755 1    
9.15925558 1    
9.16050192 1    
9.16203091 1    
9.16352607 1    
9.16477430 1    
9.16626687 1    
9.16750419 1    
9.17801941 1    
9.17951593 1    
9.18076204 1    
9.19650745 1    
9.19775455 1    
9.19925556 1    
9.20073138 1    
9.20095737 -1   
9.20225746 1    
9.20347830 1    
9.20500164 1    
9.20625160 1    
9.20773075 1    
9.20924653 1    
9.21049954 1    
9.21200013 1    
9.21324803 1    
9.21474426 1    
9.21624526 1    
9.21749369 1    
9.23873784 1    
9.23998318 1    
9.24648263 1    
9.24795263 1    
9.24922689 1    
9.25297171 1    
9.25447361 1    
9.25572060 1    
9.27346915 1    
9.27493786 1    
9.27620749 1    
9.27771118 1    
9.27921249 1    
9.28371360 1    
9.28380957 -1   
9.28520976 1    
9.28645510 1    
9.29418138 1    
9.29432168 -1   
9.29442972 1    
9.29444312 -1   
9.30145298 1    
9.35392655 1    
9.39462159 1    
9.39611884 1    
9.39739320 1    
9.41188764 1    
9.41313163 1    
9.43362402 1    
9.43487190 1    
9.43636791 1    
9.44286138 1    
9.44433943 1    
9.44558912 1    
9.44711359 1    
9.44836597 1    
9.45514135 1    
9.45515317 -1   
9.47334946 1    
9.55054097 1    
9.55180131 1    
9.61723878 1    
9.61772725 -1   
9.62692957 -1   
9.64248768 1    
9.64399849 1    
9.67324000 1    
9.67445886 1    
9.67596136 1    
9.67720801 1    
9.67873601 1    
9.68223391 1    
9.68345273 1    
9.68497684 1    
9.68623010 1    
9.68772577 1    
9.68922715 1    
9.69047158 1    
9.69195173 1    
9.69322461 1    
9.72471542 1    
9.72620169 1    
9.72743111 1    
9.72765150 -1   
9.72893636 1    
9.73020107 1    
9.74217752 1    
9.74367182 1    
9.74518118 1    
9.74732552 -1   
9.75119308 1    
9.75268816 1    
9.75409075 1    
9.77481328 1    
9.78697269 -1   
9.80414379 1    
9.80563519 1    
9.89933910 1    
9.90083112 1    
9.90208007 1    
9.91882692 1    
9.92006985 1    
9.92156952 1    
9.92915807 1    
9.93408637 1    
9.93533367 1    
9.97182100 1    
9.97185841 -1   
9.97331130 1    
9.97453665 1    
10.05302370 1    
10.06923910 1    
10.07048322 1    
10.08940308 1    
10.09572615 1    
10.09721718 1    
10.11823728 1    
10.11972633 1    
10.12097775 1    
10.12245373 1    
10.12266793 -1   
10.12397592 1    
10.12522349 1    
10.12672465 1    
10.12795057 1    
10.12947563 1    
10.13097197 1    
10.13221751 1    
10.13371956 1    
10.13521892 1    
10.13646574 1    
10.13796872 1    
10.13921885 1    
10.14221179 1    
10.14222602 -1   
10.14369724 1    
10.14518955 1    
10.14643907 1    
10.14793631 1    
10.14918583 1    
10.15670960 1    
10.15793749 1    
10.15943106 1    
10.16070403 1    
10.16220163 1    
10.16369950 1    
10.16494944 1    
10.16645225 1    
10.16795027 1    
10.18220283 1    
10.18341871 1    
10.18494375 1    
10.23141557 1    
10.23291061 1    
10.24789906 1    
10.26865116 1    
10.26989016 1    
10.27137322 1    
10.27265249 1    
10.27413704 1    
10.27561611 1    
10.28081262 -1   
10.29846591 -1   
10.31011975 1    
10.31134844 1    
10.40365269 1    
10.49731777 -1   
10.65336330 -1   
11.19319785 1    
11.71367947 1    
12.08621789 1    
12.24812089 1    
12.88605383 -1   
13.17413070 1    
13.47116634 1    
13.77981997 -1   
14.61939165 -1   
15.43729307 1    
24.14730997 1    
29.44821557 -1   
