0.00000000 -1   
0.23634989 1    
0.41063377 1    
0.44576032 -1   
0.60542036 -1   
0.60572785 1    
0.76407660 -1   
0.80648451 1    
0.96721425 -1   
0.96753782 1    
0.99783029 -1   
1.02808513 -1   
1.03807256 -1   
1.12832305 -1   
1.28387601 -1   
1.28404689 1    
1.44788954 1    
1.47759552 -1   
1.51977721 -1   
1.53026648 -1   
1.54028291 -1   
1.63939643 -1   
1.63943312 1    
1.83714046 1    
1.95140287 -1   
2.03380657 1    
2.14757725 -1   
2.26992053 1    
2.51305790 -1   
3.58312642 -1   
3.58461465 -1   
3.58508856 -1   
3.59784425 -1   
3.59908372 -1   
3.62108222 -1   
3.62153814 1    
3.63026882 1    
3.63081918 -1   
3.63206383 -1   
3.63356460 -1   
3.74273584 -1   
3.74305423 1    
3.78929555 1    
3.99598193 -1   
3.99632105 1    
4.05959765 -1   
4.08108193 -1   
4.08255244 -1   
4.09070788 1    
4.09907477 -1   
4.10031635 -1   
4.10181939 -1   
4.10806355 -1   
4.11281242 -1   
4.11431750 -1   
4.11857587 -1   
4.12005933 -1   
4.12130218 -1   
4.12278504 -1   
4.12403346 -1   
4.12555046 -1   
4.12706680 -1   
4.12979904 -1   
4.15304040 -1   
4.15306486 1    
4.15453618 -1   
4.23849393 -1   
4.23996684 -1   
4.24123817 -1   
4.24245703 -1   
4.30719899 -1   
4.30821324 1    
4.30822059 1    
4.39761042 -1   
4.41539300 -1   
4.41686310 -1   
4.42460986 -1   
4.42613935 -1   
4.42738704 -1   
4.42886649 -1   
4.42897016 1    
4.43010574 -1   
4.43437500 -1   
4.43587371 -1   
4.43710012 -1   
4.43862376 -1   
4.44012116 -1   
4.44137351 -1   
4.44286883 -1   
4.44409845 -1   
4.44561246 -1   
4.44711607 -1   
4.44836470 -1   
4.44986826 -1   
4.45109359 -1   
4.45261181 -1   
4.45409218 -1   
4.45536732 -1   
4.45686366 -1   
4.45808725 -1   
4.45961096 -1   
4.46108879 -1   
4.46235723 -1   
4.46386367 -1   
4.46508976 -1   
4.46660629 -1   
4.46811011 -1   
4.46935206 -1   
4.47085199 -1   
4.47208227 -1   
4.47360158 -1   
4.47510215 -1   
4.47634895 -1   
4.47785177 -1   
4.47907734 -1   
4.48057564 -1   
4.48207451 -1   
4.48730023 1    
4.50994443 1    
4.57255409 -1   
4.57379522 -1   
4.57529691 -1   
4.57654345 -1   
4.58154055 -1   
4.58303854 -1   
4.58429241 -1   
4.58578895 -1   
4.58729265 -1   
4.58853837 -1   
4.59003866 -1   
4.59151471 -1   
4.59276417 -1   
4.59428209 -1   
4.59551370 -1   
4.59700845 -1   
4.59853122 -1   
4.59978254 -1   
4.60127828 -1   
4.60277670 -1   
4.60400917 -1   
4.60552911 -1   
4.60677805 -1   
4.60827458 -1   
4.60977550 -1   
4.61127609 -1   
4.61250064 -1   
4.61401956 -1   
4.61527440 -1   
4.61676913 -1   
4.61826479 -1   
4.61952014 -1   
4.62099733 -1   
4.62226496 -1   
4.62376525 -1   
4.62387847 1    
4.62526636 -1   
4.62651325 -1   
4.62802093 -1   
4.62951085 -1   
4.63076303 -1   
4.63226399 -1   
4.63351294 -1   
4.63500865 -1   
4.63650993 -1   
4.63775776 -1   
4.63925835 -1   
4.64050556 -1   
4.64200751 -1   
4.64350614 -1   
4.64475187 -1   
4.64625182 -1   
4.64775388 -1   
4.64898070 -1   
4.65050280 -1   
4.65174942 -1   
4.65325057 -1   
4.65474756 -1   
4.65598973 -1   
4.65749887 -1   
4.66049079 -1   
4.66174305 -1   
4.66324712 -1   
4.66474026 -1   
4.66591216 1    
4.66618755 -1   
4.66749205 -1   
4.66874470 -1   
4.67023798 -1   
4.67174184 -1   
4.67298706 -1   
4.67598924 -1   
4.67748380 -1   
4.67873909 -1   
4.68023398 -1   
4.68173626 -1   
4.68177336 1    
4.72921281 -1   
4.73070387 -1   
4.73195677 -1   
4.73345332 -1   
4.73895096 -1   
4.74019714 -1   
4.74170173 -1   
4.74292573 -1   
4.74444778 -1   
4.74592381 -1   
4.74719804 -1   
4.74869423 -1   
4.75019319 -1   
4.75142035 -1   
4.75148707 1    
4.75292094 -1   
4.75418899 -1   
4.75569348 -1   
4.75718846 -1   
4.75843697 -1   
4.75993916 -1   
4.76119240 -1   
4.76268844 -1   
4.76418682 -1   
4.76543282 -1   
4.76691497 -1   
4.76818657 -1   
4.76968076 -1   
4.77118011 -1   
4.77243177 -1   
4.77393169 -1   
4.77518083 -1   
4.77667762 -1   
4.77818184 -1   
4.77942608 -1   
4.78092515 -1   
4.78217344 -1   
4.78367599 -1   
4.78517268 -1   
4.78642491 -1   
4.78792513 -1   
4.78909594 1    
4.78938563 -1   
4.79066966 -1   
4.79217138 -1   
4.79339652 -1   
4.79489885 -1   
4.79641712 -1   
4.79766812 -1   
4.79916789 -1   
4.80041321 -1   
4.80191259 -1   
4.80341549 -1   
4.80466110 -1   
4.80616209 -1   
4.80741262 -1   
4.80889019 -1   
4.81038719 -1   
4.81165844 -1   
4.81315623 -1   
4.81465943 -1   
4.81588427 -1   
4.81740610 -1   
4.81865388 -1   
4.82016020 -1   
4.82165484 -1   
4.82290110 -1   
4.82440039 -1   
4.82566004 -1   
4.82714942 -1   
4.82865076 -1   
4.82875375 1    
4.83016655 -1   
4.83139740 -1   
4.83289427 -1   
4.83416786 -1   
4.83564784 -1   
4.83914510 -1   
4.84064273 -1   
4.84189010 -1   
4.84338953 -1   
4.84488996 -1   
4.84616458 -1   
4.84763797 -1   
4.84886575 -1   
4.84887887 1    
4.88710567 -1   
4.88839665 -1   
4.89011427 -1   
4.89136260 -1   
4.89711000 -1   
4.89860729 -1   
4.90110827 -1   
4.90260510 -1   
4.90383477 -1   
4.90535371 -1   
4.90658071 -1   
4.90810278 -1   
4.90960468 -1   
4.91082854 -1   
4.91232945 -1   
4.91258142 -1   
4.91782698 1    
4.95008984 -1   
4.95132825 -1   
4.95807624 -1   
4.95957340 -1   
4.96105322 -1   
4.96232189 -1   
4.96381941 -1   
4.96531899 -1   
4.96657197 -1   
4.96668443 1    
4.96807164 -1   
4.96931748 -1   
4.97081719 -1   
4.97231682 -1   
4.97357065 -1   
4.97506836 -1   
4.97631755 -1   
4.97781151 -1   
4.97930853 -1   
4.98056069 -1   
4.98206226 -1   
4.98356021 -1   
4.98481009 -1   
4.98630168 -1   
4.98756075 -1   
4.98905742 -1   
4.99055724 -1   
4.99180450 -1   
4.99329648 -1   
4.99455252 -1   
4.99605789 -1   
4.99755143 -1   
4.99880176 -1   
5.00029438 -1   
5.00180155 -1   
5.00302521 -1   
5.00454612 -1   
5.00579592 -1   
5.00729513 -1   
5.00879617 -1   
5.01002575 -1   
5.01154301 -1   
5.01279770 -1   
5.01429107 -1   
5.01579156 -1   
5.01701811 -1   
5.01710204 1    
5.01854214 -1   
5.01978994 -1   
5.02128903 -1   
5.02278691 -1   
5.02403815 -1   
5.02553513 -1   
5.02701572 -1   
5.02828387 -1   
5.02978782 -1   
5.03100954 -1   
5.03253269 -1   
5.03400966 -1   
5.03528257 -1   
5.03677787 -1   
5.03803012 -1   
5.03952744 -1   
5.04102782 -1   
5.04227469 -1   
5.04377878 -1   
5.04502313 -1   
5.04652258 -1   
5.04802598 -1   
5.04804190 1    
5.04927414 -1   
5.05551861 -1   
5.05677043 -1   
5.05826752 -1   
5.05976622 -1   
5.06101785 -1   
5.06251675 -1   
5.06399391 -1   
5.06526607 -1   
5.06674318 -1   
5.06801040 -1   
5.06951007 -1   
5.07099142 -1   
5.07107089 1    
5.07226009 -1   
5.07375693 -1   
5.07500910 -1   
5.07650966 -1   
5.07800498 -1   
5.10724674 -1   
5.10873636 -1   
5.11548488 -1   
5.11696337 -1   
5.11822896 -1   
5.11973558 -1   
5.12123134 -1   
5.12273148 -1   
5.12522982 -1   
5.12672174 -1   
5.12822564 -1   
5.12947818 -1   
5.13097512 -1   
5.13247711 -1   
5.13372274 -1   
5.13522691 -1   
5.13647204 -1   
5.13796947 -1   
5.13947068 -1   
5.14072119 -1   
5.14221839 -1   
5.14347098 -1   
5.14496588 -1   
5.14646912 -1   
5.14771355 -1   
5.14921260 -1   
5.14929092 1    
5.15071538 -1   
5.15194291 -1   
5.15346333 -1   
5.15471162 -1   
5.15621292 -1   
5.15770902 -1   
5.15893711 -1   
5.16045804 -1   
5.16171014 -1   
5.16320517 -1   
5.16470722 -1   
5.16593305 -1   
5.16745705 -1   
5.16895496 -1   
5.17020156 -1   
5.17170108 -1   
5.17295216 -1   
5.17445137 -1   
5.17593358 -1   
5.17719765 -1   
5.17870177 -1   
5.17994666 -1   
5.18144454 -1   
5.18294478 -1   
5.18419660 -1   
5.18569324 -1   
5.18692717 -1   
5.18919262 -1   
5.19069235 -1   
5.21311485 1    
5.22670477 1    
5.34512057 -1   
5.35360739 -1   
5.38140013 1    
5.40682493 -1   
5.40832184 -1   
5.50900388 -1   
5.51852304 1    
5.52425188 -1   
5.52575020 -1   
5.57398178 -1   
5.57403855 1    
5.57522564 -1   
5.57671825 -1   
5.71533003 -1   
5.73364266 -1   
5.73488325 -1   
5.73638003 -1   
5.73763076 -1   
5.73913036 -1   
5.74062665 -1   
5.74187901 -1   
5.74337817 -1   
5.74462594 -1   
5.74464032 1    
5.75187406 -1   
5.76511706 -1   
5.76636480 -1   
5.76786109 -1   
5.91377096 -1   
5.98278919 1    
6.09418233 -1   
6.09567123 -1   
6.12937964 -1   
6.13952835 1    
6.14967161 1    
6.65871355 -1   
6.65896654 1    
6.82136569 -1   
6.97918650 -1   
6.98042170 -1   
7.03294420 -1   
7.03338731 1    
7.04274329 1    
7.19859311 1    
7.51285331 -1   
7.51409245 -1   
7.51458641 -1   
7.52209303 -1   
7.52358822 -1   
7.52483236 -1   
7.52633281 -1   
7.52783246 -1   
7.52908973 -1   
7.52938170 1    
7.53258561 -1   
7.53382792 -1   
7.53533604 -1   
7.53657878 -1   
7.53807911 -1   
7.53957976 -1   
7.54082989 -1   
7.54232774 -1   
7.54382934 -1   
7.54507244 -1   
7.54657374 -1   
7.54781990 -1   
7.60480034 1    
7.67053308 -1   
7.67177547 -1   
7.67191454 1    
7.67327353 -1   
7.67453560 -1   
7.67776977 -1   
7.67926879 -1   
7.68051810 -1   
7.68201786 -1   
7.68351547 -1   
7.68476549 -1   
7.68626688 -1   
7.68751335 -1   
7.68901497 -1   
7.69051143 -1   
7.69176361 -1   
7.69325941 -1   
7.69450823 -1   
7.69452173 1    
7.69599000 -1   
7.69750622 -1   
7.69876005 -1   
7.70025545 -1   
7.70175738 -1   
7.70300701 -1   
7.70450166 -1   
7.70600087 -1   
7.70725519 -1   
7.71025046 -1   
7.71175139 -1   
7.71324645 -1   
7.71449662 -1   
7.71597525 -1   
7.71725030 -1   
7.71875247 -1   
7.72025794 -1   
7.72152717 -1   
7.72300796 -1   
7.72424708 -1   
7.72574493 -1   
7.72724093 -1   
7.72847019 -1   
7.72996774 -1   
7.73124327 -1   
7.82794476 -1   
7.82917769 -1   
7.83068357 -1   
7.83218000 -1   
7.83518177 -1   
7.83529171 1    
7.83642925 -1   
7.83792807 -1   
7.83917912 -1   
7.84067479 -1   
7.84217577 -1   
7.84342728 -1   
7.84490559 -1   
7.84617074 -1   
7.84765395 -1   
7.84917551 -1   
7.85042119 -1   
7.85192190 -1   
7.85317390 -1   
7.85426834 1    
7.85478555 -1   
7.85617131 -1   
7.85686210 -1   
7.86405193 1    
7.89496140 1    
8.19102763 -1   
8.19248081 -1   
8.19295435 -1   
8.20272299 -1   
8.20397592 -1   
8.20546904 -1   
8.20697237 -1   
8.20821249 -1   
8.21396484 -1   
8.21546208 -1   
8.21671248 -1   
8.21681987 1    
8.21821371 -1   
8.21970827 -1   
8.22095994 -1   
8.22245701 -1   
8.22370884 -1   
8.22520457 -1   
8.22670315 -1   
8.22795341 -1   
8.22945498 -1   
8.23070205 -1   
8.23218344 -1   
8.23369923 -1   
8.23493128 -1   
8.23644952 -1   
8.23792510 -1   
8.23919593 -1   
8.24070129 -1   
8.24192352 -1   
8.24345206 -1   
8.24494204 -1   
8.24619562 -1   
8.24769239 -1   
8.24891916 -1   
8.25044322 -1   
8.25194198 -1   
8.25319262 -1   
8.25468962 -1   
8.25618838 -1   
8.25743848 -1   
8.25893384 -1   
8.26018489 -1   
8.26168265 -1   
8.26323539 -1   
8.26493446 -1   
8.26643246 -1   
8.26793113 -1   
8.27917997 -1   
8.27931316 1    
8.30167174 -1   
8.30289081 -1   
8.30463291 -1   
8.31016042 -1   
8.31140537 -1   
8.31255947 1    
8.31307752 -1   
8.31416624 -1   
8.31565647 -1   
8.31715085 -1   
8.31839998 -1   
8.31990220 -1   
8.32115232 -1   
8.32264931 -1   
8.32415387 -1   
8.32540063 -1   
8.32689898 -1   
8.32816068 -1   
8.32964480 -1   
8.33114569 -1   
8.33121963 1    
8.33239710 -1   
8.33389419 -1   
8.33539647 -1   
8.33664165 -1   
8.33813853 -1   
8.33939034 -1   
8.34089051 -1   
8.34238889 -1   
8.34363875 -1   
8.34513500 -1   
8.34639912 -1   
8.36289054 -1   
8.36438084 -1   
8.37312518 -1   
8.37437026 -1   
8.37586820 -1   
8.37709795 -1   
8.37861958 -1   
8.38011913 -1   
8.38527057 1    
8.38604960 -1   
8.38736546 -1   
8.38860991 -1   
8.38862409 1    
8.39011669 -1   
8.39161298 -1   
8.39286093 -1   
8.39435722 -1   
8.39561081 -1   
8.39708670 -1   
8.39859828 -1   
8.39985604 -1   
8.40135542 -1   
8.40260216 -1   
8.40410774 -1   
8.40560223 -1   
8.40685626 -1   
8.40835059 -1   
8.40984851 -1   
8.41107614 -1   
8.41257707 -1   
8.41384716 -1   
8.41536566 -1   
8.41684200 -1   
8.41807455 -1   
8.41959785 -1   
8.42075534 1    
8.42103464 -1   
8.42234741 -1   
8.42384212 -1   
8.42506941 -1   
8.42659430 -1   
8.42809034 -1   
8.42933945 -1   
8.43085747 -1   
8.44007514 1    
8.54759194 1    
8.59284854 -1   
8.70073331 1    
8.76765463 -1   
8.76914410 -1   
8.77788999 -1   
8.77939216 -1   
8.78063923 -1   
8.78213699 -1   
8.78363397 -1   
8.78488513 -1   
8.78638623 -1   
8.78763735 -1   
8.78913187 -1   
8.78949913 -1   
8.79963034 -1   
8.80087657 -1   
8.83736293 -1   
8.83885386 -1   
8.84007842 -1   
8.85687708 1    
8.89982119 -1   
8.90104574 -1   
8.90256858 -1   
8.90404646 -1   
8.90531789 -1   
8.91081282 -1   
8.91204245 -1   
8.91356028 -1   
8.94547270 -1   
8.94754429 -1   
8.94879221 -1   
8.95028990 -1   
8.95153622 -1   
8.95304060 -1   
8.95454334 -1   
8.95578829 -1   
8.95729210 -1   
8.95879799 -1   
8.96001501 -1   
8.96153254 -1   
8.96278159 -1   
8.96428203 -1   
8.96578279 -1   
8.96703511 -1   
8.96822969 1    
8.96852969 -1   
8.96978156 -1   
8.97127777 -1   
8.97277879 -1   
8.97402840 -1   
8.97552712 -1   
8.97702878 -1   
8.97827476 -1   
8.97977578 -1   
8.98102527 -1   
8.98252020 -1   
8.98401988 -1   
8.98527300 -1   
8.98676892 -1   
8.98802268 -1   
9.01279414 1    
9.10364759 -1   
9.14593322 -1   
9.14717706 -1   
9.15767592 -1   
9.15890131 -1   
9.16042117 -1   
9.16541717 -1   
9.16666866 -1   
9.16816613 -1   
9.16941643 -1   
9.17093180 -1   
9.17243001 -1   
9.17365095 -1   
9.17408277 1    
9.17516911 -1   
9.17663786 -1   
9.17665050 1    
9.17789018 -1   
9.17939312 -1   
9.18063603 -1   
9.18213820 -1   
9.18363614 -1   
9.18488168 -1   
9.18638351 -1   
9.18763217 -1   
9.21712731 -1   
9.21836990 -1   
9.21986835 -1   
9.29612195 -1   
9.33020713 1    
9.35731600 -1   
9.35878524 -1   
9.45012589 -1   
9.65472453 -1   
9.65690001 1    
9.80963031 -1   
9.81132196 1    
9.87552232 -1   
9.96674600 -1   
9.96712776 1    
9.97690756 1    
10.13371689 1    
10.14570936 -1   
10.33858902 -1   
10.52769492 -1   
10.52857015 1    
10.53175351 -1   
10.53773113 1    
10.68205883 -1   
10.68329964 -1   
10.68480081 -1   
10.68511928 1    
10.68602502 -1   
10.68754671 -1   
10.68904818 -1   
10.69029655 -1   
10.69179995 -1   
10.69183444 1    
10.69395270 1    
10.69484387 -1   
10.73177868 -1   
10.73326721 -1   
10.73456750 -1   
10.84501116 1    
10.88718031 -1   
10.93365578 -1   
10.93516927 -1   
10.93640701 -1   
11.09213416 -1   
11.09244122 1    
11.21150713 -1   
11.21297363 -1   
11.21899594 -1   
11.22049322 -1   
11.22164405 1    
11.22192417 -1   
11.22324284 -1   
11.22474165 -1   
11.22598700 -1   
11.22748994 -1   
11.22898574 -1   
11.23023436 -1   
11.23171387 -1   
11.23299011 -1   
11.23448606 -1   
11.23598928 -1   
11.23723376 -1   
11.23873747 -1   
11.23998407 -1   
11.24148101 -1   
11.24297745 -1   
11.26232571 -1   
11.26256487 1    
11.31669298 -1   
11.31818523 -1   
11.36670239 -1   
11.36816469 -1   
11.42279744 -1   
11.46086055 -1   
11.53857508 -1   
11.53889574 1    
11.53980788 -1   
11.54128496 -1   
11.54279007 -1   
11.54403546 -1   
11.54555922 -1   
11.54680444 -1   
11.54798471 1    
11.54851086 -1   
11.54980557 -1   
11.55103206 -1   
11.55255172 -1   
11.61616175 -1   
11.70776530 1    
11.79417053 -1   
11.79541368 -1   
11.81403571 -1   
11.82355585 1    
11.86169173 1    
12.15356334 -1   
15.68646950 1    
19.94727883 1    
21.42105993 1    
26.12236064 1    
31.25938687 -1   
