0.00000000 -1   
0.21840531 -1   
0.23827402 1    
0.39286378 -1   
0.57366974 1    
0.57422649 -1   
0.75229476 1    
0.75233016 -1   
0.93335587 1    
0.93349612 -1   
1.11502369 1    
1.11534041 -1   
1.29639763 1    
1.29643388 -1   
1.48228833 1    
1.48232430 -1   
1.65319469 1    
1.65350017 -1   
1.84385157 1    
1.84415256 -1   
2.03222609 1    
2.03263357 -1   
2.45223642 1    
3.17301262 1    
3.17449770 1    
3.17496909 1    
3.19596538 1    
3.19745945 1    
3.20696106 1    
3.20847018 1    
3.20994972 1    
3.21376017 -1   
3.21771809 1    
3.22234476 -1   
3.32987185 1    
3.33016166 -1   
3.36842893 -1   
3.58238725 1    
3.58270540 -1   
3.67146741 1    
3.71152435 1    
3.71184876 -1   
3.71268578 1    
3.71418389 1    
3.72033861 -1   
3.72118306 1    
3.72240435 1    
3.72392806 1    
3.72516963 1    
3.72669714 1    
3.73892598 1    
3.74041654 1    
3.74166495 1    
3.74316139 1    
3.74466308 1    
3.74591735 1    
3.74741351 1    
3.74866799 1    
3.74868280 -1   
3.74988243 1    
3.75291286 1    
3.86710674 1    
3.86859576 1    
3.86984882 1    
3.87134283 1    
3.90640077 1    
3.90670379 -1   
3.92656708 1    
4.04327667 1    
4.04447700 1    
4.04922371 1    
4.05048869 1    
4.05196981 1    
4.05321668 1    
4.05473752 1    
4.05621675 1    
4.05749570 1    
4.05898307 1    
4.06021543 1    
4.06173170 1    
4.06292669 -1   
4.06321494 1    
4.06365086 1    
4.06366400 -1   
4.06773216 1    
4.06923296 1    
4.07049719 1    
4.07197591 1    
4.07322674 1    
4.07472570 1    
4.07620466 1    
4.07745049 1    
4.07895164 1    
4.08044871 1    
4.08170042 1    
4.08319966 1    
4.08445004 1    
4.08594575 1    
4.08748750 1    
4.08871997 1    
4.09022041 1    
4.09144269 1    
4.09296699 1    
4.09446688 1    
4.09571905 1    
4.09722140 1    
4.09871363 1    
4.09996236 1    
4.10146408 1    
4.10270857 1    
4.10419414 1    
4.12895087 1    
4.13042359 1    
4.13052596 -1   
4.20013703 1    
4.20138082 1    
4.20290347 1    
4.20412762 1    
4.20615475 1    
4.20764802 1    
4.20890433 1    
4.21039641 1    
4.21189991 1    
4.21314505 1    
4.21464032 1    
4.21587275 1    
4.21737366 1    
4.21886967 1    
4.22012126 1    
4.22164094 1    
4.22288838 1    
4.22439087 1    
4.22589049 1    
4.22711759 1    
4.22861751 1    
4.22986451 1    
4.23136523 1    
4.23286281 1    
4.23411009 1    
4.23412780 -1   
4.23561143 1    
4.23711086 1    
4.23836167 1    
4.23987986 1    
4.24138140 1    
4.24263065 1    
4.24412907 1    
4.24562944 1    
4.24688054 1    
4.24835421 1    
4.24987581 1    
4.25111652 1    
4.25261959 1    
4.25387110 1    
4.25537031 1    
4.25687408 1    
4.25812507 1    
4.25959788 1    
4.26080341 -1   
4.26108607 1    
4.26234821 1    
4.26384310 1    
4.26509465 1    
4.26659656 1    
4.26809065 1    
4.26934162 1    
4.27084060 1    
4.27209023 1    
4.27358682 1    
4.27508531 1    
4.27633666 1    
4.27783752 1    
4.27908400 1    
4.28058782 1    
4.28208426 1    
4.28333489 1    
4.28484912 1    
4.28609677 1    
4.28760228 1    
4.28910530 1    
4.29035014 1    
4.29185183 1    
4.29307878 1    
4.29458087 1    
4.29607580 1    
4.29732483 1    
4.29882390 1    
4.30007675 1    
4.30158950 1    
4.30166655 -1   
4.30309744 1    
4.30434319 1    
4.30584508 1    
4.30709225 1    
4.30857371 1    
4.31009096 1    
4.31134206 1    
4.31283128 1    
4.31409054 1    
4.31558620 1    
4.31708615 1    
4.31831291 1    
4.31983737 1    
4.35707280 1    
4.35856653 1    
4.35979107 1    
4.36129204 1    
4.36278852 1    
4.36406024 1    
4.36557530 1    
4.36680674 1    
4.36828539 1    
4.36942516 -1   
4.36994219 1    
4.37105800 1    
4.37255419 1    
4.37294720 1    
4.39505939 1    
4.39509649 -1   
4.39654644 1    
4.39779571 1    
4.39926883 1    
4.40076733 1    
4.40203942 1    
4.40354001 1    
4.40469352 -1   
4.40503428 1    
4.40628694 1    
4.40778678 1    
4.40903846 1    
4.41053076 1    
4.41203139 1    
4.41328212 1    
4.41477922 1    
4.41602976 1    
4.42377642 1    
4.42527984 1    
4.42650108 1    
4.42799932 1    
4.42952223 1    
4.43077176 1    
4.43227207 1    
4.43349852 1    
4.43499509 1    
4.43649630 1    
4.43774342 1    
4.43924242 1    
4.44051876 1    
4.44202002 1    
4.44351606 1    
4.44476774 1    
4.44626493 1    
4.44776571 1    
4.44900733 1    
4.45051104 1    
4.45061282 -1   
4.45176446 1    
4.45323808 1    
4.45476250 1    
4.45600833 1    
4.45751002 1    
4.45875713 1    
4.46023334 1    
4.46175335 1    
4.46300382 1    
4.46449873 1    
4.46598004 1    
4.46749445 1    
4.46874692 1    
4.47024508 1    
4.47149619 1    
4.47299609 1    
4.47449546 1    
4.47574666 1    
4.47724995 1    
4.47850773 1    
4.47999799 1    
4.48149503 1    
4.48274262 1    
4.48424183 1    
4.48550867 1    
4.48699013 1    
4.48846939 1    
4.48973991 1    
4.51021201 1    
4.52572334 1    
4.53671304 1    
4.53796102 1    
4.54618912 1    
4.54770263 1    
4.54895325 1    
4.55667755 1    
4.55669578 -1   
4.55795306 1    
4.58342091 1    
4.58493417 1    
4.58617922 1    
4.59393312 1    
4.59517568 1    
4.60467457 1    
4.60591917 1    
4.60742076 1    
4.61514937 1    
4.61530075 -1   
4.61664464 1    
4.61791458 1    
4.61941877 1    
4.62091658 1    
4.62216388 1    
4.62365941 1    
4.62491010 1    
4.62638761 1    
4.62791064 1    
4.62915598 1    
4.63065138 1    
4.63190458 1    
4.63338669 1    
4.63490695 1    
4.63615654 1    
4.63764977 1    
4.63890642 1    
4.64039977 1    
4.64190545 1    
4.64312781 1    
4.64465230 1    
4.64589663 1    
4.64737336 1    
4.64887382 1    
4.65014239 1    
4.65163746 1    
4.65314065 1    
4.65439130 1    
4.65589373 1    
4.65714041 1    
4.65863922 1    
4.66013275 1    
4.66138433 1    
4.66288575 1    
4.66413187 1    
4.66563389 1    
4.66571164 -1   
4.66713782 1    
4.66838434 1    
4.66986668 1    
4.67113214 1    
4.67263728 1    
4.67413310 1    
4.67536162 1    
4.67685901 1    
4.67841389 1    
4.68012967 1    
4.68135556 1    
4.68285728 1    
4.68435617 1    
4.68563444 1    
4.68611910 1    
4.68786655 1    
4.68936559 1    
4.69087178 1    
4.69212281 1    
4.69362014 1    
4.69487113 1    
4.69636899 1    
4.69787134 1    
4.69909510 1    
4.69916644 -1   
4.70061328 1    
4.70186516 1    
4.70334529 1    
4.70486596 1    
4.70611422 1    
4.70761082 1    
4.70910600 1    
4.71033842 1    
4.71186450 1    
4.71310548 1    
4.71460444 1    
4.71608682 1    
4.71735680 1    
4.71885795 1    
4.72010917 1    
4.72160630 1    
4.72167600 -1   
4.72310519 1    
4.72435098 1    
4.72583373 1    
4.72709822 1    
4.72859534 1    
4.73007734 1    
4.73132893 1    
4.73284231 1    
4.73409314 1    
4.73559154 1    
4.73709386 1    
4.73834559 1    
4.73984319 1    
4.74109289 1    
4.74259617 1    
4.74407054 1    
4.74531983 1    
4.74681863 1    
4.74806890 1    
4.74956794 1    
4.75106545 1    
4.75231605 1    
4.75381459 1    
4.75438045 -1   
4.75514307 1    
4.75656147 1    
4.75806165 1    
4.75930873 1    
4.76083412 1    
4.76233055 1    
4.76234469 -1   
4.76358533 1    
4.76507937 1    
4.76633150 1    
4.76782646 1    
4.76932918 1    
4.77057758 1    
4.77207507 1    
4.77332870 1    
4.77482543 1    
4.77634346 1    
4.77757320 1    
4.77908012 1    
4.78056818 1    
4.78180034 1    
4.78329808 1    
4.78454620 1    
4.78465015 -1   
4.78604937 1    
4.78754317 1    
4.78879607 1    
4.79029156 1    
4.79155713 1    
4.79306800 1    
4.79456964 1    
4.79466222 -1   
4.79581692 1    
4.79731045 1    
4.79881557 1    
4.84327074 1    
4.84451457 1    
4.84501017 1    
4.85336940 -1   
4.91529633 -1   
4.96821897 1    
4.96971185 1    
4.99800036 1    
5.06895710 -1   
5.09589651 1    
5.12860540 1    
5.13010272 1    
5.13137257 1    
5.19869016 1    
5.26561870 -1   
5.27104291 1    
5.27253999 1    
5.27379087 1    
5.30102941 1    
5.30252085 1    
5.32074628 1    
5.32199050 1    
5.32351228 1    
5.33051220 1    
5.33175833 1    
5.33323462 1    
5.33750216 1    
5.33900056 1    
5.34798231 1    
5.34849028 -1   
5.34947690 1    
5.35072359 1    
5.35286060 1    
5.35808758 -1   
5.37821563 1    
5.37970626 1    
5.39122427 -1   
5.41020197 1    
5.41051393 -1   
5.42098708 -1   
5.51555983 1    
5.59786466 1    
5.59790183 -1   
5.59933314 1    
5.72058236 1    
5.73828102 1    
5.73950007 1    
5.74100367 1    
5.74196694 -1   
5.74252683 1    
5.74374903 1    
5.74950140 1    
5.75076793 1    
5.75226723 1    
5.75376717 1    
5.75499444 1    
5.75651262 1    
5.75776036 1    
5.75923767 1    
5.76074183 1    
5.76076214 -1   
5.76198823 1    
5.76348533 1    
5.76951556 1    
5.77098233 1    
5.77223093 1    
5.80024333 1    
5.80151191 1    
5.80298609 1    
5.80421439 1    
5.80573395 1    
5.80721341 1    
5.80848204 1    
5.80995896 1    
5.81120797 1    
5.81273708 1    
5.81389043 -1   
5.81420790 1    
5.81549952 1    
5.81698219 1    
5.81847971 1    
5.81972753 1    
5.82122792 1    
5.82249452 1    
5.82397520 1    
5.82545436 1    
5.82672253 1    
5.82822416 1    
5.82948347 1    
5.83096932 1    
5.83247707 1    
5.83371354 1    
5.83521144 1    
5.83671447 1    
5.83795847 1    
5.83944404 1    
5.84070798 1    
5.84220585 1    
5.84370902 1    
5.84496141 1    
5.84645251 1    
5.84769014 1    
5.84919856 1    
5.85070352 1    
5.85195003 1    
5.85343438 1    
5.85494982 1    
5.85620040 1    
5.85769964 1    
5.85894847 1    
5.86043094 1    
5.86167516 -1   
5.86194762 1    
5.86317876 1    
5.86468136 1    
5.86594073 1    
5.86744992 1    
5.86894697 1    
5.87020084 1    
5.87169521 1    
5.87294655 1    
5.87444660 1    
5.87594545 1    
5.87717152 1    
5.87867172 1    
5.87991708 1    
5.88140468 1    
5.88466928 -1   
5.88467554 -1   
5.91848625 -1   
5.92165067 1    
5.92314448 1    
5.92439322 1    
5.92589305 1    
5.92739275 1    
5.92864089 1    
5.93016787 1    
5.93139108 1    
5.93291334 1    
5.93441206 1    
5.93565923 1    
5.94090764 1    
5.94238609 1    
5.98193453 1    
5.98313867 1    
5.98463808 1    
5.99688930 1    
5.99835182 1    
5.99962525 1    
6.04143766 1    
6.04176977 -1   
6.08780947 1    
6.08786012 -1   
6.08930302 1    
6.09055069 1    
6.09205444 1    
6.09355292 1    
6.09480345 1    
6.09629899 1    
6.09755035 1    
6.09925767 1    
6.10054581 1    
6.10179140 1    
6.10331888 1    
6.10456294 1    
6.10606479 1    
6.10756182 1    
6.10882362 1    
6.11029016 1    
6.11178677 1    
6.11303577 1    
6.11456458 1    
6.11580616 1    
6.11728874 1    
6.11878458 1    
6.12003625 1    
6.12153461 1    
6.12277980 1    
6.12430602 1    
6.12580699 1    
6.12705281 1    
6.12855264 1    
6.13004704 1    
6.13127778 1    
6.13238386 -1   
6.13280012 1    
6.13579381 1    
6.19482824 1    
6.19951298 1    
6.20101346 1    
6.20500895 1    
6.20623538 1    
6.20775613 1    
6.20900579 1    
6.21048273 1    
6.21464132 -1   
6.21540669 1    
6.21647934 1    
6.21797788 1    
6.23374411 1    
6.24321360 1    
6.24471250 1    
6.25349251 1    
6.25352637 -1   
6.25470823 1    
6.25620373 1    
6.25745509 1    
6.25895249 1    
6.26050165 1    
6.26170291 1    
6.26320331 1    
6.26471792 1    
6.26595422 1    
6.26745133 1    
6.26870049 1    
6.27020369 1    
6.27130938 -1   
6.27396808 1    
6.27544449 1    
6.27672168 1    
6.28421070 1    
6.28571191 1    
6.28695726 1    
6.29343635 1    
6.29495724 1    
6.31320206 1    
6.31442143 1    
6.31594597 1    
6.35549099 1    
6.37943400 1    
6.42718696 -1   
6.43912960 1    
6.44035023 1    
6.44510280 1    
6.44661221 1    
6.44786305 1    
6.46211062 1    
6.46361282 1    
6.46508770 1    
6.48110722 1    
6.48232502 1    
6.48382488 1    
6.51020525 1    
6.51582718 1    
6.56203482 1    
6.56216097 -1   
6.56328078 1    
6.57329948 1    
6.57479733 1    
6.57603608 1    
6.57754096 1    
6.57904099 1    
6.58029156 1    
6.58326788 1    
6.58454202 1    
6.58604055 1    
6.58726590 1    
6.58878762 1    
6.59028776 1    
6.59153678 1    
6.59303260 1    
6.59453324 1    
6.59578464 1    
6.59580066 -1   
6.59726323 1    
6.59853298 1    
6.60002819 1    
6.60150753 1    
6.60275921 1    
6.60998229 -1   
6.62003141 1    
6.62124814 1    
6.62277196 1    
6.63949220 1    
6.64100344 1    
6.64225532 1    
6.64373794 1    
6.64498492 1    
6.64648475 1    
6.64800207 1    
6.64922022 -1   
6.64922815 1    
6.65072977 1    
6.65223029 1    
6.65350060 1    
6.65499524 1    
6.65622568 1    
6.65774501 1    
6.65922330 1    
6.66047652 1    
6.66197161 1    
6.66322282 1    
6.66474305 1    
6.66624597 1    
6.66750997 1    
6.66900551 1    
6.66991904 1    
6.67164861 1    
6.67299102 1    
6.68347637 -1   
6.68670932 1    
6.68822326 1    
6.76092590 1    
6.76241419 1    
6.76369069 1    
6.77043595 1    
6.77046756 -1   
6.77167885 1    
6.79815466 1    
6.82784985 1    
6.99006403 1    
6.99040722 -1   
6.99128642 1    
6.99280607 1    
6.99403057 1    
6.99553813 1    
6.99705643 1    
6.99830481 1    
6.99980650 1    
7.00102885 1    
7.00252817 1    
7.00402490 1    
7.00527296 1    
7.00679951 1    
7.00829973 1    
7.00954544 1    
7.01106538 1    
7.01230003 1    
7.01379782 1    
7.01529379 1    
7.01654548 1    
7.01804419 1    
7.01929509 1    
7.02079443 1    
7.02229290 1    
7.02312659 -1   
7.02351430 1    
7.02504242 1    
7.02653476 1    
7.02776440 1    
7.02928955 1    
7.03053753 1    
7.03201445 1    
7.03315626 -1   
7.03367416 1    
7.03476093 1    
7.03626151 1    
7.03750664 1    
7.03800297 1    
7.03975443 1    
7.04100716 1    
7.04252398 1    
7.04378052 1    
7.04527454 1    
7.05827264 1    
7.05976712 1    
7.06099775 1    
7.06249177 1    
7.06399429 1    
7.07849145 1    
7.07998453 1    
7.08123182 1    
7.10724823 1    
7.10848903 1    
7.11721969 1    
7.11873166 1    
7.12023500 1    
7.12522718 1    
7.12645891 1    
7.12795403 1    
7.12922602 1    
7.14546958 1    
7.14697126 1    
7.14820370 1    
7.14822737 -1   
7.19268439 1    
7.35391304 -1   
7.37884209 1    
7.38642865 1    
7.38851890 -1   
7.49353553 1    
7.49502315 1    
7.49625244 1    
7.49776090 1    
7.49926816 1    
7.50051802 1    
7.50201885 1    
7.50326180 1    
7.50333344 -1   
7.50476814 1    
7.50624058 1    
7.50751878 1    
7.50775683 -1   
7.53700352 1    
7.53849190 1    
7.54222960 1    
7.55178365 -1   
7.66150731 -1   
7.71674652 1    
7.85357817 1    
7.85361813 -1   
7.85479106 1    
7.85628965 1    
7.85778843 1    
7.85903817 1    
7.86056250 1    
7.86180732 1    
7.86330846 1    
7.86480613 1    
7.86603633 1    
7.86755518 1    
7.86905644 1    
7.87030237 1    
7.87180446 1    
7.87305222 1    
7.87455174 1    
7.87604779 1    
7.87727572 1    
7.87879882 1    
7.88004844 1    
7.88154676 1    
7.88304999 1    
7.88429488 1    
7.88579787 1    
7.88704552 1    
7.91104776 1    
7.97697800 1    
8.05397915 -1   
8.10801609 1    
8.11770692 -1   
8.20991171 -1   
8.64649675 1    
8.88013285 1    
9.03376144 1    
9.18874660 1    
9.83104067 1    
12.38801687 -1   
13.22006098 -1   
18.00466165 1    
22.99102338 1    
28.14058173 -1   
28.14991883 -1   
28.29688934 -1   
