0.00000000 1    
2.45136978 1    
2.66789688 -1   
2.66807472 1    
2.82175215 1    
2.85212190 -1   
3.02313691 1    
3.04567800 -1   
3.17704752 1    
3.19933820 -1   
3.37118164 1    
3.55438187 -1   
3.55469100 1    
3.70806016 -1   
3.75519917 1    
3.90118406 -1   
4.00652629 1    
4.10407202 -1   
4.20718754 1    
4.25797742 -1   
4.44355047 1    
4.53511979 -1   
4.75914972 1    
4.76918214 -1   
5.09544467 1    
5.30537960 -1   
7.22870709 -1   
7.23017952 -1   
7.23065439 -1   
7.24915614 -1   
7.25064344 -1   
7.25989798 -1   
7.26113982 -1   
7.26264111 -1   
7.26713997 -1   
7.27093675 1    
7.28083084 1    
7.38727477 -1   
7.38760378 1    
7.44686010 1    
7.63079994 -1   
7.63113455 1    
7.70739079 -1   
7.77485008 -1   
7.77609248 -1   
7.77760641 -1   
7.77886381 -1   
7.78035905 -1   
7.78185966 -1   
7.78460711 -1   
7.78573563 1    
7.78601793 -1   
7.78735834 -1   
7.78885717 -1   
7.79035233 -1   
7.79158024 -1   
7.79310291 -1   
7.79458216 -1   
7.79582794 -1   
7.79607917 -1   
7.79609038 1    
7.79782872 -1   
7.79932522 -1   
7.90379857 -1   
7.90528877 -1   
7.93053303 -1   
7.93175045 -1   
7.95245999 -1   
7.95278600 1    
8.01998292 -1   
8.02122214 -1   
8.02722208 -1   
8.10970783 -1   
8.10974540 1    
8.17514281 -1   
8.17663368 -1   
8.18538731 -1   
8.18660615 -1   
8.18810297 -1   
8.21711495 -1   
8.21833935 -1   
8.21983463 -1   
8.23335866 -1   
8.23459895 -1   
8.23608021 -1   
8.23760079 -1   
8.23882516 -1   
8.24034594 -1   
8.24159885 -1   
8.24309387 -1   
8.24457690 -1   
8.24582206 -1   
8.24732066 -1   
8.24856833 -1   
8.26458789 -1   
8.26608362 -1   
8.26733288 -1   
8.26883206 -1   
8.27033262 -1   
8.27157683 -1   
8.27251018 -1   
8.27252227 1    
8.32055592 -1   
8.32179902 -1   
8.32330533 -1   
8.33029411 -1   
8.33177751 -1   
8.33302449 -1   
8.33454326 -1   
8.33604048 -1   
8.33729328 -1   
8.33879148 -1   
8.34002301 -1   
8.34153854 -1   
8.34303820 -1   
8.34426541 -1   
8.34576488 -1   
8.34728618 -1   
8.34741796 1    
8.34851555 -1   
8.35003691 -1   
8.35127922 -1   
8.35278105 -1   
8.35428373 -1   
8.35552830 -1   
8.35703111 -1   
8.35827852 -1   
8.37252580 -1   
8.37401904 -1   
8.37552157 -1   
8.37674735 -1   
8.39499593 -1   
8.39623546 -1   
8.39773367 -1   
8.40348319 -1   
8.40473276 -1   
8.40622947 -1   
8.41097971 -1   
8.41107366 1    
8.41250142 -1   
8.41374755 -1   
8.41524509 -1   
8.41672434 -1   
8.41797355 -1   
8.41949304 -1   
8.42074628 -1   
8.42224136 -1   
8.42374385 -1   
8.42496842 -1   
8.43092114 -1   
8.43095061 1    
8.43221680 -1   
8.43371225 -1   
8.43496320 -1   
8.43648794 -1   
8.43798429 -1   
8.43923219 -1   
8.44073300 -1   
8.44195675 -1   
8.44348858 -1   
8.44495693 -1   
8.44622913 -1   
8.44772643 -1   
8.44922359 -1   
8.45072413 -1   
8.45195077 -1   
8.45347648 -1   
8.45472469 -1   
8.45621646 -1   
8.45772358 -1   
8.45894793 -1   
8.46046711 -1   
8.46169566 -1   
8.46894504 -1   
8.47046709 -1   
8.47771203 -1   
8.47893578 -1   
8.48046114 -1   
8.48170641 -1   
8.48599570 -1   
8.48743630 -1   
8.48870949 -1   
8.49019651 -1   
8.49170526 -1   
8.49518018 -1   
8.49643083 -1   
8.49792652 -1   
8.49942721 -1   
8.50067605 -1   
8.50217332 -1   
8.50367190 -1   
8.50379013 1    
8.50492760 -1   
8.51419097 -1   
8.51568963 -1   
8.51691652 -1   
8.51843569 -1   
8.51993424 -1   
8.52118703 -1   
8.52269369 -1   
8.52418690 -1   
8.52543725 -1   
8.52693438 -1   
8.52816044 -1   
8.52967923 -1   
8.53117921 -1   
8.54093094 -1   
8.54217504 -1   
8.54365291 -1   
8.54492424 -1   
8.54520495 1    
8.54639970 -1   
8.54789772 -1   
8.54917185 -1   
8.55066880 -1   
8.55216908 -1   
8.55341662 -1   
8.55491727 -1   
8.56404775 1    
8.58759760 -1   
8.58761959 1    
8.59539819 -1   
8.63261383 -1   
8.63412326 -1   
8.64262198 -1   
8.64384329 -1   
8.64536839 -1   
8.64661813 -1   
8.64811489 -1   
8.64961773 -1   
8.65086497 -1   
8.65236556 -1   
8.65386188 -1   
8.65511034 -1   
8.65660852 -1   
8.66258664 -1   
8.66385448 -1   
8.66535500 -1   
8.66684667 -1   
8.66808204 -1   
8.66957836 -1   
8.67107476 -1   
8.67118071 1    
8.67232969 -1   
8.67385029 -1   
8.67534616 -1   
8.67659478 -1   
8.67809896 -1   
8.67958984 -1   
8.68084333 -1   
8.68232111 -1   
8.68359360 -1   
8.68859089 -1   
8.68981813 -1   
8.69133883 -1   
8.69258931 -1   
8.69406326 -1   
8.69558361 -1   
8.69834223 -1   
8.69958961 -1   
8.70108289 -1   
8.70258297 -1   
8.70380944 -1   
8.70533251 -1   
8.70658209 -1   
8.70808207 -1   
8.70958098 -1   
8.71080663 -1   
8.71232960 -1   
8.71357988 -1   
8.71507777 -1   
8.71657890 -1   
8.72007433 -1   
8.72157423 -1   
8.72281842 -1   
8.72432404 -1   
8.72582445 -1   
8.72707452 -1   
8.72856933 -1   
8.72867498 1    
8.72979361 -1   
8.73131675 -1   
8.73282038 -1   
8.73408303 -1   
8.73556614 -1   
8.73707960 -1   
8.73831240 -1   
8.73981129 -1   
8.74107870 -1   
8.74256101 -1   
8.74405972 -1   
8.74531118 -1   
8.74680768 -1   
8.74808033 -1   
8.74852917 -1   
8.74853970 1    
8.75030238 -1   
8.75153075 -1   
8.75303240 -1   
8.75455112 -1   
8.75579599 -1   
8.75730146 -1   
8.75855129 -1   
8.76004793 -1   
8.76154728 -1   
8.76279684 -1   
8.76429820 -1   
8.76554546 -1   
8.76702335 -1   
8.76853771 -1   
8.76979086 -1   
8.77129320 -1   
8.77253312 -1   
8.77404071 -1   
8.77525371 1    
8.77555458 -1   
8.77677083 -1   
8.77826767 -1   
8.77976401 -1   
8.78101976 -1   
8.78251366 -1   
8.78377146 -1   
8.78526298 -1   
8.78676249 -1   
8.78800895 -1   
8.78950862 -1   
8.79075829 -1   
8.79228392 -1   
8.79379512 -1   
8.79500734 -1   
8.79652735 -1   
8.79802901 -1   
8.79927366 -1   
8.80079145 -1   
8.80377216 -1   
8.81600520 -1   
8.81724475 -1   
8.81874967 -1   
8.82598824 -1   
8.82724126 -1   
8.82873598 -1   
8.83025632 -1   
8.83150591 -1   
8.83301405 -1   
8.83311913 1    
8.83425865 -1   
8.83574971 -1   
8.83725696 -1   
8.83850530 -1   
8.84000177 -1   
8.84150110 -1   
8.86672511 -1   
8.86821329 -1   
8.87496206 -1   
8.87521514 1    
8.87621666 -1   
8.87770963 -1   
8.88295868 -1   
8.88448627 -1   
8.88572937 -1   
8.88722845 -1   
8.88872999 -1   
8.88995372 -1   
8.89147713 -1   
8.89297467 -1   
8.89447436 -1   
8.90221698 -1   
8.90346959 -1   
8.90494433 -1   
8.90646610 -1   
8.90771250 -1   
8.90921611 -1   
8.91069165 -1   
8.91193906 -1   
8.91343783 -1   
8.91468877 -1   
8.91532829 -1   
8.91534017 1    
8.91693919 -1   
8.91843503 -1   
8.91993672 -1   
8.92120593 -1   
8.92270362 -1   
8.92393144 -1   
8.92545618 -1   
8.92695288 -1   
8.92820544 -1   
8.92970030 -1   
8.93093016 -1   
8.93244972 -1   
8.93395081 -1   
8.97890764 -1   
8.98017444 -1   
8.98167738 -1   
8.98292396 -1   
8.98440220 -1   
8.98592395 -1   
8.98717035 -1   
8.98867118 -1   
8.99016786 -1   
8.99141516 -1   
8.99291842 -1   
8.99414113 -1   
8.99566519 -1   
8.99716207 -1   
8.99841169 -1   
8.99991108 -1   
9.00116219 -1   
9.00263725 -1   
9.00416020 -1   
9.00540961 -1   
9.00690837 -1   
9.00840750 -1   
9.00965355 -1   
9.01113345 -1   
9.01124702 1    
9.01238450 -1   
9.01387938 -1   
9.01540431 -1   
9.01665529 -1   
9.01815011 -1   
9.01940191 -1   
9.02090159 -1   
9.02239693 -1   
9.02364805 -1   
9.02512403 -1   
9.02662423 -1   
9.02787495 -1   
9.02939560 -1   
9.03064208 -1   
9.03214466 -1   
9.03364300 -1   
9.03489579 -1   
9.03638989 -1   
9.03764065 -1   
9.03913808 -1   
9.04063378 -1   
9.04188637 -1   
9.04338755 -1   
9.04462179 -1   
9.04611568 -1   
9.06738078 -1   
9.06755621 1    
9.06862377 -1   
9.07011948 -1   
9.07256244 -1   
9.07257897 1    
9.07688571 1    
9.08686706 -1   
9.16033036 -1   
9.16154593 -1   
9.18796562 1    
9.19789078 1    
9.22765856 -1   
9.22768464 1    
9.26778124 -1   
9.38339625 -1   
9.38343333 1    
9.44489585 -1   
9.44613338 -1   
9.47515055 -1   
9.48533737 1    
9.51335588 -1   
9.51446401 1    
9.51473863 -1   
9.51612315 -1   
9.52384657 -1   
9.52394575 1    
9.52509119 -1   
9.53036123 -1   
9.53183435 -1   
9.53293015 1    
9.53344790 -1   
9.53460822 -1   
9.53610849 -1   
9.53735548 -1   
9.53885222 -1   
9.54035341 -1   
9.54160657 -1   
9.54282057 -1   
9.54283444 1    
9.55083385 -1   
9.55234639 -1   
9.69182540 -1   
9.69707651 -1   
9.69709223 1    
9.83092842 -1   
9.83219013 -1   
9.84218826 -1   
9.84340582 -1   
9.85156150 1    
9.85184190 -1   
9.85317606 -1   
9.85467532 -1   
9.85589938 -1   
9.85742489 -1   
9.85866869 -1   
9.86215461 -1   
9.86219187 1    
9.86364657 -1   
9.86459770 -1   
9.86614327 -1   
9.86766157 -1   
9.86889510 -1   
9.87040786 -1   
9.87166792 -1   
9.87316197 -1   
9.87466490 -1   
9.87590824 -1   
9.87738758 -1   
9.87865767 -1   
9.88016062 -1   
9.88165102 -1   
9.88288570 -1   
9.88439443 -1   
9.88590620 -1   
9.88713296 -1   
9.88863205 -1   
9.88988058 -1   
9.89140462 -1   
9.89287889 -1   
9.89412949 -1   
9.89562849 -1   
9.89687860 -1   
9.89797464 1    
9.89849835 -1   
9.89987267 -1   
9.90112855 -1   
9.90262310 -1   
9.90414833 -1   
9.90539774 -1   
9.90687252 -1   
9.90694264 1    
9.90814403 -1   
9.90964368 -1   
9.91112042 -1   
9.91237000 -1   
9.91386975 -1   
9.91513444 -1   
9.91664260 -1   
9.91813937 -1   
9.91936252 -1   
9.92086173 -1   
9.92238553 -1   
9.92363023 -1   
9.92512931 -1   
9.92635812 -1   
9.92785932 -1   
9.92937953 -1   
9.93060748 -1   
9.93210497 -1   
9.93337902 -1   
9.93487572 -1   
9.93638112 -1   
9.93760160 -1   
9.93910165 -1   
9.94061747 -1   
9.94184822 -1   
9.94337016 -1   
9.94460235 -1   
9.94611346 -1   
9.94622830 1    
9.94762583 -1   
9.94887186 -1   
9.95036964 -1   
9.95159585 -1   
9.95311950 -1   
9.95461705 -1   
9.95584429 -1   
9.95736600 -1   
9.95861221 -1   
9.96012877 -1   
9.96158768 -1   
9.96784975 -1   
9.96933635 -1   
9.97510324 -1   
9.97661017 -1   
9.97785195 -1   
10.01713344 1    
10.01780850 -1   
10.08806392 -1   
10.08953810 -1   
10.09904178 -1   
10.10051059 -1   
10.10176775 -1   
10.17202123 1    
10.18124316 -1   
10.18246203 -1   
10.19073783 -1   
10.19195628 -1   
10.19348128 -1   
10.19495529 -1   
10.19622835 -1   
10.19772849 -1   
10.19895494 -1   
10.20047990 -1   
10.20195333 -1   
10.20322442 -1   
10.20439076 1    
10.20473994 -1   
10.20594842 -1   
10.20747654 -1   
10.20894703 -1   
10.21022417 -1   
10.21169609 -1   
10.21319782 -1   
10.21446546 -1   
10.21596983 -1   
10.21721944 -1   
10.21869493 -1   
10.22019043 -1   
10.22044313 -1   
10.22221439 -1   
10.22346640 -1   
10.22496269 -1   
10.22526161 1    
10.22646347 -1   
10.22770753 -1   
10.22920983 -1   
10.23045519 -1   
10.23545966 -1   
10.25270006 -1   
10.25418848 -1   
10.26319273 -1   
10.26346676 1    
10.26441870 -1   
10.28491118 -1   
10.28640587 -1   
10.29554677 1    
10.29607195 -1   
10.32241039 -1   
10.32365648 -1   
10.32515614 -1   
10.33490373 -1   
10.33492299 1    
10.33640196 -1   
10.33764745 -1   
10.33916005 -1   
10.34064779 -1   
10.34487482 -1   
10.34614071 -1   
10.34764166 -1   
10.37625627 -1   
10.47929956 -1   
10.48054270 -1   
10.49035568 -1   
10.49047282 1    
10.49153851 -1   
10.49305782 -1   
10.50079436 -1   
10.50084125 1    
10.50228435 -1   
10.50355042 -1   
10.51129853 -1   
10.51279572 -1   
10.51405738 -1   
10.53105959 -1   
10.53254030 -1   
10.53378808 -1   
10.53526246 -1   
10.53676074 -1   
10.53800727 -1   
10.53950761 -1   
10.53975950 -1   
10.54426145 -1   
10.54576545 -1   
10.55077678 -1   
10.55200297 -1   
10.55352563 -1   
10.55927308 -1   
10.56052378 -1   
10.56199932 -1   
10.56351640 -1   
10.56976936 -1   
10.57292297 1    
10.58001189 -1   
10.58125922 -1   
10.59050448 -1   
10.59098845 1    
10.59175111 -1   
10.59873006 -1   
10.60024771 -1   
10.60147503 -1   
10.60299570 -1   
10.60449890 -1   
10.60573985 -1   
10.60724295 -1   
10.60849551 -1   
10.60996884 -1   
10.61146906 -1   
10.61649083 -1   
10.61796792 -1   
10.61948699 -1   
10.62073825 -1   
10.62223269 -1   
10.62347813 -1   
10.62498489 -1   
10.62613990 1    
10.62690241 -1   
10.62820873 -1   
10.62945890 -1   
10.63097683 -1   
10.63248057 -1   
10.63545433 -1   
10.63902397 1    
10.64545436 -1   
10.64694903 -1   
10.64845141 -1   
10.64969787 -1   
10.65120001 -1   
10.65244573 -1   
10.65396735 -1   
10.65546330 -1   
10.65671316 -1   
10.65820603 -1   
10.65946455 -1   
10.66093895 -1   
10.66244322 -1   
10.66393723 -1   
10.66518678 -1   
10.66668368 -1   
10.66793338 -1   
10.66945274 -1   
10.67095113 -1   
10.67220213 -1   
10.67370549 -1   
10.67371778 1    
10.67520229 -1   
10.67645147 -1   
10.67792739 -1   
10.67917726 -1   
10.69940794 -1   
10.81785831 -1   
10.81934981 -1   
10.82059839 -1   
10.82211932 -1   
10.82361560 -1   
10.82486648 -1   
10.82637052 -1   
10.82759441 -1   
10.82909819 -1   
10.83025103 1    
10.83077569 -1   
10.83761604 -1   
10.83763202 1    
10.86909947 -1   
10.87058997 -1   
10.87882027 -1   
10.88033701 -1   
10.88183971 -1   
10.88308723 -1   
10.88458976 -1   
10.88608124 -1   
10.88734885 -1   
10.88852967 1    
10.88883838 -1   
10.89034809 -1   
10.89158595 -1   
10.89308776 -1   
10.89457263 -1   
10.89580354 -1   
10.89732529 -1   
10.89857414 -1   
10.90007596 -1   
10.90157314 -1   
10.90282304 -1   
10.90432137 -1   
10.90557174 -1   
10.90707610 -1   
10.90856987 -1   
10.90981905 -1   
10.91132730 -1   
10.91254553 -1   
10.91407070 -1   
10.91556858 -1   
10.91679507 -1   
10.91830727 -1   
10.91955561 -1   
10.92106953 -1   
10.92256259 -1   
10.92296414 1    
10.92397234 -1   
10.92530326 -1   
10.92578254 -1   
10.92755279 -1   
10.92880685 -1   
10.93030527 -1   
10.93153650 -1   
10.93271156 1    
10.93322815 -1   
10.93453393 -1   
10.93578193 -1   
10.93730638 -1   
10.93855352 -1   
10.94006577 -1   
10.94154939 -1   
10.94277677 -1   
10.94428079 -1   
10.94553380 -1   
10.94702864 -1   
10.94854132 -1   
10.95568809 1    
10.96927199 -1   
10.97920924 1    
10.97948755 -1   
10.98052528 -1   
10.98203584 -1   
10.98927310 -1   
10.99049966 -1   
10.99765179 1    
11.02051006 -1   
11.02054631 1    
11.08260627 -1   
11.08444730 -1   
11.08569655 -1   
11.11045242 -1   
11.11193101 -1   
11.11342875 -1   
11.11468046 -1   
11.11617660 -1   
11.12117823 -1   
11.15041487 -1   
11.15190917 -1   
11.15340742 -1   
11.15941406 -1   
11.17842255 -1   
11.17845894 1    
11.17964607 -1   
11.18917069 -1   
11.19038742 -1   
11.19190840 -1   
11.20038895 -1   
11.20187886 -1   
11.20339924 -1   
11.20465025 -1   
11.21015017 -1   
11.21137361 -1   
11.23686705 -1   
11.23838013 -1   
11.23962723 -1   
11.24112806 -1   
11.24262630 -1   
11.24327661 -1   
11.24713006 -1   
11.24837442 -1   
11.24987849 -1   
11.26484962 -1   
11.26634418 -1   
11.27484027 -1   
11.27635779 -1   
11.28510553 -1   
11.34081052 -1   
11.34084660 1    
11.34231755 -1   
11.39402163 -1   
11.39551884 -1   
11.39679150 -1   
11.39702082 -1   
11.41428827 -1   
11.41552839 -1   
11.43477071 -1   
11.43599509 -1   
11.43751497 -1   
11.54325440 1    
11.54945349 -1   
11.74495292 1    
11.87637048 -1   
12.97302062 -1   
13.14889889 -1   
13.30468474 -1   
13.45844437 -1   
13.87672447 -1   
16.68372729 1    
20.61077102 1    
27.47629017 1    
31.02134051 1    
31.57957268 1    
31.58795246 1    
31.73570921 1    
31.95113092 -1   
