0.00000000 1    
0.21094862 1    
0.21292080 -1   
0.36578950 1    
0.40840098 -1   
0.52719783 1    
0.57230622 -1   
0.75187484 -1   
0.75220547 1    
0.90750487 -1   
0.90766824 1    
1.06593708 -1   
1.21137433 1    
1.37359785 -1   
1.37408149 1    
1.63711684 -1   
1.63742282 1    
1.80276179 -1   
1.80308234 1    
1.96892655 -1   
6.00555303 -1   
6.00676000 -1   
6.00724054 -1   
6.04672400 -1   
6.04821546 -1   
6.04841848 1    
6.04946069 -1   
6.05096303 -1   
6.05245963 -1   
6.05781296 1    
6.05822875 -1   
6.16988029 -1   
6.17019017 1    
6.21744787 1    
6.22467949 1    
6.40712833 -1   
6.40740627 1    
6.57237455 -1   
6.57342777 1    
6.62564324 -1   
6.64992237 -1   
6.65028243 1    
6.65111808 -1   
6.65263672 -1   
6.65877436 1    
6.65929133 -1   
6.66038701 -1   
6.66188279 -1   
6.66313065 -1   
6.66463299 -1   
6.67860716 -1   
6.68009934 -1   
6.70009853 -1   
6.70137000 -1   
6.70285968 -1   
6.70760807 -1   
6.70885287 -1   
6.71760778 -1   
6.73109796 -1   
6.73112609 1    
6.73259029 -1   
6.80828206 -1   
6.80952702 -1   
6.81102945 -1   
6.81252292 -1   
6.81277602 -1   
6.82954315 -1   
6.83103441 -1   
6.92628368 1    
6.96993833 -1   
7.09519097 1    
7.13636930 -1   
7.13758741 -1   
7.13832632 -1   
7.16757738 -1   
7.16909649 -1   
7.17034971 -1   
7.17181776 -1   
7.17334513 -1   
7.17456678 -1   
7.17757132 -1   
7.17908569 -1   
7.18508226 -1   
7.18658118 -1   
7.18783188 -1   
7.18932842 -1   
7.19083224 -1   
7.19355523 -1   
7.19482873 -1   
7.19631860 -1   
7.19782347 -1   
7.20057507 -1   
7.20182384 -1   
7.20331488 -1   
7.20482243 -1   
7.20606893 -1   
7.20756854 -1   
7.20906805 -1   
7.22729622 -1   
7.22853324 -1   
7.23003316 -1   
7.23128285 -1   
7.23281051 -1   
7.23428235 -1   
7.23437818 1    
7.23553355 -1   
7.23705249 -1   
7.23830203 -1   
7.23979878 -1   
7.24130154 -1   
7.24553028 -1   
7.24680292 -1   
7.24829847 -1   
7.24954101 -1   
7.29105709 1    
7.29428654 -1   
7.29550641 -1   
7.29702409 -1   
7.29849418 -1   
7.29977960 -1   
7.30126769 -1   
7.32500890 -1   
7.32624526 -1   
7.32775409 -1   
7.32924746 -1   
7.33047924 -1   
7.33200478 -1   
7.33324852 -1   
7.33472505 -1   
7.33622499 -1   
7.33747052 -1   
7.33897343 -1   
7.34022202 -1   
7.34172050 -1   
7.34322054 -1   
7.34446962 -1   
7.34596639 -1   
7.34724740 -1   
7.34874180 -1   
7.35024251 -1   
7.35148632 -1   
7.35298099 -1   
7.35448631 -1   
7.35573878 -1   
7.35723577 -1   
7.35846323 -1   
7.35998336 -1   
7.36148528 -1   
7.36273297 -1   
7.36423297 -1   
7.36545569 -1   
7.36698300 -1   
7.36708981 1    
7.36850393 -1   
7.36973022 -1   
7.37122790 -1   
7.37272576 -1   
7.37397808 -1   
7.37547716 -1   
7.37671164 -1   
7.37819961 -1   
7.37972499 -1   
7.38097169 -1   
7.38247392 -1   
7.38394677 -1   
7.38519673 -1   
7.38669352 -1   
7.38796831 -1   
7.38946305 -1   
7.39096589 -1   
7.39219129 -1   
7.39371138 -1   
7.39496518 -1   
7.39644163 -1   
7.39796152 -1   
7.39921546 -1   
7.40071098 -1   
7.40191263 1    
7.40243150 -1   
7.40343618 -1   
7.40496445 -1   
7.40620908 -1   
7.41043567 -1   
7.41192854 -1   
7.41317978 -1   
7.41470320 -1   
7.41620506 -1   
7.41742561 -1   
7.41895459 -1   
7.42042463 -1   
7.42169735 -1   
7.42319635 -1   
7.42442126 -1   
7.42592276 -1   
7.42708308 1    
7.42761595 -1   
7.42868997 -1   
7.43018853 -1   
7.43144194 -1   
7.48064600 -1   
7.48191587 -1   
7.50040678 -1   
7.50043975 1    
7.50165287 -1   
7.50314984 -1   
7.50464992 -1   
7.50589654 -1   
7.50739535 -1   
7.50864920 -1   
7.51012793 -1   
7.51162292 -1   
7.51287477 -1   
7.51437175 -1   
7.51562188 -1   
7.51986898 -1   
7.51996313 1    
7.52136840 -1   
7.52261621 -1   
7.52328548 -1   
7.63008070 -1   
7.63132887 -1   
7.63282546 -1   
7.63432217 -1   
7.63555353 -1   
7.63982207 -1   
7.64108437 -1   
7.64254899 -1   
7.65030191 -1   
7.65179145 -1   
7.65303941 -1   
7.66778482 -1   
7.66928265 -1   
7.67053064 -1   
7.67203202 -1   
7.67352875 -1   
7.67480455 -1   
7.67627887 -1   
7.67638877 1    
7.67752887 -1   
7.68604616 -1   
7.68607989 1    
7.68729532 -1   
7.68879425 -1   
7.69029653 -1   
7.69151936 -1   
7.69301949 -1   
7.69426950 -1   
7.69576903 -1   
7.69726606 -1   
7.69851869 -1   
7.70001491 -1   
7.70126578 -1   
7.70276254 -1   
7.70426284 -1   
7.70550979 -1   
7.70701774 -1   
7.70850842 -1   
7.70975927 -1   
7.71125790 -1   
7.71252270 -1   
7.71400609 -1   
7.71550397 -1   
7.71963220 1    
7.72800441 -1   
7.72924676 -1   
7.73075141 -1   
7.73224540 -1   
7.73349819 -1   
7.73499543 -1   
7.73651329 -1   
7.73776229 -1   
7.73926458 -1   
7.74050723 -1   
7.74200887 -1   
7.74348811 -1   
7.74476980 -1   
7.74625548 -1   
7.74637188 1    
7.74748842 -1   
7.74900102 -1   
7.75050607 -1   
7.75175180 -1   
7.75325161 -1   
7.75449902 -1   
7.75599927 -1   
7.75749791 -1   
7.75874981 -1   
7.76023048 -1   
7.76173055 -1   
7.78672006 -1   
7.78822910 -1   
7.78888363 -1   
7.82419942 -1   
7.84671717 -1   
7.84795680 -1   
7.85219994 -1   
7.85370059 -1   
7.85495743 -1   
7.85644935 -1   
7.85769977 -1   
7.85917777 -1   
7.86069515 -1   
7.86194384 -1   
7.86344384 -1   
7.86469527 -1   
7.86619265 -1   
7.86769070 -1   
7.86894296 -1   
7.87044579 -1   
7.87154332 1    
7.87206207 -1   
7.87319128 -1   
7.87469387 -1   
7.87593910 -1   
7.87741622 -1   
7.87894165 -1   
7.88019101 -1   
7.88168458 -1   
7.88293435 -1   
7.88443467 -1   
7.88593696 -1   
7.88718286 -1   
7.88868482 -1   
7.89018216 -1   
7.89143224 -1   
7.89290504 -1   
7.89417701 -1   
7.89567465 -1   
7.89717035 -1   
7.89842386 -1   
7.89854228 1    
7.90264959 -1   
7.90414910 -1   
7.90539873 -1   
7.90689735 -1   
7.90817104 -1   
7.90966607 -1   
7.91117150 -1   
7.91239272 -1   
7.91391283 -1   
7.91540772 -1   
7.91665952 -1   
7.91816085 -1   
7.91940716 -1   
7.92090319 -1   
7.92241182 -1   
7.92365827 -1   
7.92515775 -1   
7.92638726 -1   
7.92790299 -1   
7.92939919 -1   
7.93063711 -1   
7.93214959 -1   
7.93363346 -1   
7.93488001 -1   
7.93609116 1    
7.93661464 -1   
7.93789833 -1   
7.93914579 -1   
7.94064265 -1   
7.94215217 -1   
7.94337689 -1   
7.94489912 -1   
7.94615070 -1   
7.94765227 -1   
7.94914915 -1   
7.95040032 -1   
7.95189524 -1   
7.95314849 -1   
7.95464727 -1   
7.95613824 -1   
7.95736621 -1   
7.95887680 -1   
7.96036710 -1   
7.96163617 -1   
7.96164941 1    
7.96313251 -1   
7.96437829 -1   
7.96588159 -1   
7.96736343 -1   
7.96863060 -1   
7.97012708 -1   
7.97137861 -1   
7.97287418 -1   
7.97437784 -1   
7.97560672 -1   
7.97712421 -1   
7.97864837 -1   
7.97987334 -1   
7.98135328 -1   
7.98263739 -1   
7.98411732 -1   
7.98561783 -1   
7.98686764 -1   
7.98836493 -1   
7.98960234 -1   
7.99111756 -1   
7.99261234 -1   
7.99384863 -1   
7.99534472 -1   
7.99659895 -1   
7.99811399 -1   
7.99961337 -1   
8.00085738 -1   
8.00236428 -1   
8.00358946 -1   
8.00511170 -1   
8.00659512 -1   
8.00786027 -1   
8.00934636 -1   
8.00942224 1    
8.01059030 -1   
8.01360090 -1   
8.01485314 -1   
8.01635222 -1   
8.01758419 -1   
8.01909874 -1   
8.02058071 -1   
8.02184632 -1   
8.02334725 -1   
8.02457807 -1   
8.02608043 -1   
8.02757661 -1   
8.02884389 -1   
8.03034296 -1   
8.03157424 -1   
8.03308897 -1   
8.03459190 -1   
8.03584435 -1   
8.03734024 -1   
8.03857406 -1   
8.04008944 -1   
8.04009580 -1   
8.04156891 -1   
8.04306991 -1   
8.04508647 -1   
8.04659006 -1   
8.04808032 -1   
8.06483110 -1   
8.06510350 1    
8.06633450 -1   
8.08308059 -1   
8.08445467 1    
8.15602866 -1   
8.15750345 -1   
8.15900811 -1   
8.15904168 1    
8.19399894 1    
8.21185063 -1   
8.31692048 -1   
8.38692482 1    
8.41338843 -1   
8.41485637 -1   
8.41677494 -1   
8.51508395 -1   
8.51607288 1    
8.51635151 -1   
8.57529355 -1   
8.57533540 1    
8.57676540 -1   
8.57803695 -1   
8.62848911 -1   
8.62881313 1    
8.63126502 -1   
8.63573230 -1   
8.75046890 1    
8.79869516 -1   
8.81008463 1    
8.82462777 -1   
8.82613693 -1   
8.87162911 -1   
8.87436510 -1   
8.87734527 -1   
8.88008860 -1   
8.88134281 -1   
8.88433592 -1   
8.88558802 -1   
8.88708360 -1   
8.88958212 -1   
8.89083374 -1   
8.89960439 -1   
8.90111468 -1   
8.90260481 -1   
8.90884579 -1   
8.91158159 1    
8.95182740 -1   
8.95186490 1    
8.98168023 -1   
8.99117154 1    
9.04650597 -1   
9.09172593 -1   
9.09322211 -1   
9.11273434 -1   
9.14169657 -1   
9.14173292 1    
9.14294180 -1   
9.15171478 -1   
9.15321081 -1   
9.15470600 -1   
9.15595949 -1   
9.15745251 -1   
9.15870610 -1   
9.16018127 -1   
9.16169803 -1   
9.16293064 -1   
9.16294348 -1   
9.16445362 -1   
9.16595325 -1   
9.16717557 -1   
9.16870016 -1   
9.16994750 -1   
9.17142370 -1   
9.17294647 -1   
9.17419689 -1   
9.17569622 -1   
9.17719374 -1   
9.17842035 -1   
9.17994347 -1   
9.18117117 1    
9.18119344 -1   
9.18268767 -1   
9.18418922 -1   
9.18543849 -1   
9.18693891 -1   
9.18818441 -1   
9.18968650 -1   
9.19118402 -1   
9.19241112 -1   
9.19391181 -1   
9.19541139 -1   
9.19668462 -1   
9.19818609 -1   
9.19942894 -1   
9.20090845 -1   
9.20240510 -1   
9.20367564 -1   
9.20517485 -1   
9.20640667 -1   
9.20792261 -1   
9.20942309 -1   
9.21065026 -1   
9.21217956 -1   
9.21366992 -1   
9.21491860 -1   
9.21639718 -1   
9.21767000 -1   
9.21917252 -1   
9.22066881 -1   
9.22191526 -1   
9.22341775 -1   
9.22466423 -1   
9.22614290 -1   
9.22622118 1    
9.22764357 -1   
9.22890574 -1   
9.23040811 -1   
9.23166335 -1   
9.23316173 -1   
9.23465918 -1   
9.24566637 -1   
9.24715412 -1   
9.24866301 -1   
9.24987821 -1   
9.25137938 -1   
9.25264141 -1   
9.25415103 -1   
9.25564800 -1   
9.25689759 -1   
9.25837374 -1   
9.25965723 -1   
9.26076996 1    
9.26128757 -1   
9.26262381 -1   
9.26414070 -1   
9.26564103 -1   
9.28236502 -1   
9.28388010 -1   
9.33860758 -1   
9.33864571 1    
9.34057936 -1   
9.34209981 -1   
9.34826860 1    
9.37906466 -1   
9.38032279 -1   
9.38182792 -1   
9.40055257 -1   
9.40181496 -1   
9.40331325 -1   
9.40454017 -1   
9.40606092 -1   
9.41858688 1    
9.42505376 -1   
9.42627871 -1   
9.42780006 -1   
9.43782047 -1   
9.43930511 -1   
9.44052214 -1   
9.45329737 -1   
9.45451277 -1   
9.45603290 -1   
9.45753016 -1   
9.45878603 -1   
9.48000146 -1   
9.52048020 -1   
9.52051827 1    
9.58169916 -1   
9.58206976 1    
9.58296491 -1   
9.58443561 -1   
9.58596336 -1   
9.58720153 -1   
9.58870459 -1   
9.58995958 -1   
9.59146185 -1   
9.60120179 -1   
9.60270444 -1   
9.60394935 -1   
9.60542724 -1   
9.60694931 -1   
9.60820081 -1   
9.60967269 -1   
9.61118766 -1   
9.61672962 -1   
9.61817160 -1   
9.61941578 -1   
9.62091586 -1   
9.62218727 -1   
9.62368417 -1   
9.62518694 -1   
9.62641572 -1   
9.62791212 -1   
9.62942939 -1   
9.63067910 -1   
9.63217993 -1   
9.63917714 -1   
9.64042777 -1   
9.64192637 -1   
9.64340699 -1   
9.71477896 -1   
9.71482181 1    
9.71836436 -1   
9.71963071 -1   
9.72112911 -1   
9.72260816 -1   
9.72388092 -1   
9.72537763 -1   
9.72913390 -1   
9.73037924 -1   
9.73187920 -1   
9.73337576 -1   
9.74762200 -1   
9.74886825 -1   
9.75034389 -1   
9.85656382 -1   
9.85695588 1    
9.85778608 -1   
9.85928013 -1   
9.86053209 -1   
9.86253446 -1   
9.86378043 -1   
9.86530003 -1   
9.86653052 -1   
9.86723494 1    
9.86805205 -1   
9.86954520 -1   
9.87079849 -1   
9.87229342 -1   
9.87381496 -1   
9.88628407 -1   
9.88677160 -1   
9.88679068 1    
9.89903594 -1   
9.90028089 -1   
9.91000949 -1   
9.91124948 -1   
9.91276780 -1   
9.92824535 -1   
9.92949080 -1   
9.93101323 -1   
9.93249089 -1   
9.93373691 -1   
9.93526255 -1   
9.93675699 -1   
9.93800498 -1   
9.93975650 -1   
9.94100965 -1   
9.94258310 -1   
10.00072534 -1   
10.00106513 1    
10.00195079 -1   
10.00347077 -1   
10.00597185 -1   
10.00722037 -1   
10.00869782 -1   
10.01021618 -1   
10.01137379 1    
10.01169315 -1   
10.03771049 -1   
10.03919892 -1   
10.04069463 -1   
10.07290945 -1   
10.07316135 -1   
10.07317509 1    
10.08742811 -1   
10.13064110 -1   
10.13214322 -1   
10.13364874 -1   
10.13489361 -1   
10.13639679 -1   
10.13764168 -1   
10.13914205 -1   
10.14063969 -1   
10.14189065 -1   
10.14336805 -1   
10.14464082 -1   
10.15886653 -1   
10.16010784 -1   
10.16163986 -1   
10.16313629 -1   
10.16437970 -1   
10.16588137 -1   
10.16735298 -1   
10.16863920 -1   
10.17012744 -1   
10.17137251 -1   
10.17285064 -1   
10.18363585 -1   
10.18486723 -1   
10.18637209 -1   
10.18759147 -1   
10.18779618 1    
10.18909068 -1   
10.19061522 -1   
10.19186715 -1   
10.19335677 -1   
10.19561455 -1   
10.19685854 -1   
10.19836377 -1   
10.19958418 -1   
10.20110752 -1   
10.20262782 -1   
10.20385565 -1   
10.20535302 -1   
10.20684940 -1   
10.20809556 -1   
10.20963373 -1   
10.21082909 -1   
10.21257217 -1   
10.21384341 -1   
10.21509526 -1   
10.21625890 1    
10.22632530 -1   
10.22784374 -1   
10.23525018 -1   
10.23526594 1    
10.23763532 -1   
10.23886198 -1   
10.24504491 1    
10.27505134 -1   
10.27654192 -1   
10.27781180 -1   
10.28495115 1    
10.28522780 -1   
10.28629247 -1   
10.29105965 -1   
10.29230680 -1   
10.29381205 -1   
10.29530304 -1   
10.32228752 -1   
10.32378504 -1   
10.33410191 -1   
10.33441369 1    
10.33551091 -1   
10.33677824 -1   
10.33828392 -1   
10.33977633 -1   
10.34675938 -1   
10.34825031 -1   
10.34951772 -1   
10.35751756 -1   
10.35877313 -1   
10.36024476 -1   
10.36151243 -1   
10.38200901 -1   
10.38348284 -1   
10.39036865 -1   
10.39038281 1    
10.39181962 1    
10.41022257 -1   
10.41172293 -1   
10.41871656 -1   
10.41995861 -1   
10.42146194 -1   
10.42873221 -1   
10.43022385 -1   
10.43170306 -1   
10.43295396 -1   
10.43447550 -1   
10.43572113 -1   
10.43722022 -1   
10.43872214 -1   
10.43996867 -1   
10.44147764 -1   
10.49516939 -1   
10.49548013 1    
10.49641411 -1   
10.51818579 -1   
10.51940498 -1   
10.52092284 -1   
10.53090162 -1   
10.53241601 -1   
10.55443960 -1   
10.55447240 1    
10.61312260 -1   
10.61437202 -1   
10.62584573 -1   
10.62709189 -1   
10.63611535 -1   
10.64538023 -1   
10.64658327 -1   
10.67059453 -1   
10.67181791 -1   
10.67333891 -1   
10.71666326 -1   
10.71670287 1    
10.72931808 -1   
10.73080501 -1   
10.73203277 -1   
10.74579946 -1   
10.74704278 -1   
10.74854193 -1   
10.75004299 -1   
10.75129314 -1   
10.75279237 -1   
10.75403766 -1   
10.75554032 -1   
10.75976515 -1   
10.77951330 -1   
10.78100116 -1   
10.79400610 -1   
10.79549524 -1   
10.79674485 -1   
10.79824494 -1   
10.79974242 -1   
10.80098985 -1   
10.81374144 -1   
10.81500486 -1   
10.83575071 -1   
10.85396763 -1   
10.85546369 -1   
10.87258032 -1   
10.87262874 1    
10.95467800 -1   
10.95617276 -1   
10.97517172 -1   
10.97639136 -1   
10.97788973 -1   
10.99315361 -1   
10.99465194 -1   
11.01262544 -1   
11.01388587 -1   
11.01536633 -1   
11.01546954 1    
11.07241713 1    
11.39778092 -1   
11.59091771 -1   
11.59107666 1    
12.46941972 -1   
12.66418472 -1   
12.81846338 -1   
12.97888417 -1   
13.36115741 -1   
14.93000891 -1   
14.93019385 1    
15.08488937 1    
22.33984085 1    
29.39249066 -1   
