0.00000000 1    
0.26235965 -1   
0.41087907 1    
0.41603930 -1   
0.42057181 1    
0.56565726 1    
0.57741745 -1   
0.75672883 -1   
0.75676511 1    
0.77599490 -1   
0.77634304 -1   
0.79722422 -1   
0.93534878 -1   
0.93551570 1    
1.09097256 -1   
1.11977232 -1   
1.11980804 1    
1.15152313 -1   
1.16726229 -1   
1.18750689 -1   
1.27780195 -1   
1.27814998 1    
1.44195121 -1   
1.48283828 1    
1.66483594 -1   
1.66513909 1    
2.27601638 -1   
2.27637329 1    
2.69172060 -1   
2.69204878 1    
2.97560368 -1   
2.97593881 1    
3.41140336 1    
3.56948186 -1   
3.56977671 1    
3.75338350 -1   
3.75371433 1    
4.01997787 -1   
4.32568702 -1   
4.32718306 -1   
4.32767823 -1   
4.35417268 -1   
4.35566695 -1   
4.36442024 -1   
4.37064224 1    
4.38060612 1    
4.41203330 1    
4.43065124 -1   
4.43186629 -1   
4.43339282 -1   
4.48334534 -1   
4.52463638 1    
4.68234325 -1   
4.68263326 1    
4.85881247 -1   
4.85914597 1    
5.01208744 -1   
5.01391697 -1   
5.01393743 1    
5.02343785 1    
5.13150232 -1   
5.13296670 -1   
5.14173803 -1   
5.14323536 -1   
5.14447967 -1   
5.14600411 -1   
5.14748144 -1   
5.17067361 -1   
5.17073536 1    
5.22494465 -1   
5.24219057 -1   
5.24340426 -1   
5.24965575 -1   
5.25089747 -1   
5.25242123 -1   
5.25392451 -1   
5.25517156 -1   
5.25667139 -1   
5.28895549 -1   
5.29015304 -1   
5.32597700 -1   
5.32603154 1    
5.36611499 -1   
5.36760387 -1   
5.48340712 -1   
5.48369912 1    
5.54499307 -1   
5.64079477 -1   
5.64112488 1    
5.65492574 -1   
5.65618788 -1   
5.66392226 -1   
5.66516000 -1   
5.66665918 -1   
5.67320996 -1   
5.67467720 -1   
5.67615673 -1   
5.67740750 -1   
5.67890245 -1   
5.68015389 -1   
5.68164998 -1   
5.68315325 -1   
5.68439858 -1   
5.68589883 -1   
5.68714887 -1   
5.68864889 -1   
5.69016893 -1   
5.69142274 -1   
5.69289693 -1   
5.69439367 -1   
5.69564429 -1   
5.69714400 -1   
5.69839177 -1   
5.69989340 -1   
5.70138807 -1   
5.70264042 -1   
5.76661268 -1   
5.76812694 -1   
5.77637625 -1   
5.78811861 -1   
5.78936942 -1   
5.79086073 -1   
5.79459208 -1   
5.79710912 -1   
5.79861367 -1   
5.81210505 -1   
5.81213493 1    
5.81360135 -1   
5.81509943 -1   
5.81635127 -1   
5.82084689 -1   
5.82234819 -1   
5.82359368 -1   
5.82509533 -1   
5.82906975 -1   
5.83033944 -1   
5.83184015 -1   
5.83331729 -1   
5.83458928 -1   
5.83483815 1    
5.83606525 -1   
5.83731801 -1   
5.83881241 -1   
5.84083597 -1   
5.84233243 -1   
5.84358201 -1   
5.84508249 -1   
5.84632849 -1   
5.84782738 -1   
5.84932707 -1   
5.85057864 -1   
5.85207489 -1   
5.85332615 -1   
5.85480402 -1   
5.85632560 -1   
5.85757320 -1   
5.85905162 -1   
5.86029918 -1   
5.86179988 -1   
5.86332231 -1   
5.86457351 -1   
5.86607262 -1   
5.86729607 -1   
5.86879262 -1   
5.87029106 -1   
5.87154198 -1   
5.87304240 -1   
5.87428988 -1   
5.87579033 -1   
5.87730964 -1   
5.87856270 -1   
5.88006050 -1   
5.88130780 -1   
5.88280993 -1   
5.88430985 -1   
5.88523800 -1   
5.89604099 -1   
5.89752610 -1   
5.89902877 -1   
5.90029779 -1   
5.90693824 1    
5.90804675 -1   
5.92703972 -1   
5.92828247 -1   
5.92976125 -1   
5.93128347 -1   
5.94927643 -1   
5.95049953 -1   
5.95199615 -1   
5.95327049 -1   
5.95474738 -1   
5.95627107 -1   
5.95751702 -1   
5.95899756 -1   
5.96074165 -1   
5.96225725 -1   
5.96351227 -1   
5.96501307 -1   
5.97798761 -1   
5.97802836 1    
5.97950820 -1   
5.98100429 -1   
5.98225814 -1   
5.98372900 -1   
5.98500246 -1   
5.98650231 -1   
5.98800206 -1   
5.98924980 -1   
5.99075104 -1   
5.99224923 -1   
5.99349691 -1   
5.99500856 -1   
5.99624477 -1   
5.99774667 -1   
5.99924835 -1   
6.00049273 -1   
6.00199144 -1   
6.00323864 -1   
6.00478004 -1   
6.01349202 -1   
6.01496333 -1   
6.03930009 -1   
6.03965377 1    
6.13446369 1    
6.14966554 -1   
6.15088403 -1   
6.16013600 -1   
6.16137595 -1   
6.16287692 -1   
6.16439965 -1   
6.16565334 -1   
6.16714538 -1   
6.16839668 -1   
6.16989437 -1   
6.17139642 -1   
6.17264250 -1   
6.17413557 -1   
6.17539581 -1   
6.17687125 -1   
6.17839668 -1   
6.17964391 -1   
6.18113652 -1   
6.18261909 -1   
6.18386430 -1   
6.18536014 -1   
6.18661211 -1   
6.18811148 -1   
6.18960826 -1   
6.19086079 -1   
6.19237913 -1   
6.19363209 -1   
6.19510897 -1   
6.19662713 -1   
6.19787685 -1   
6.19937995 -1   
6.20085308 -1   
6.20212661 -1   
6.20362463 -1   
6.20485490 -1   
6.20637264 -1   
6.20786469 -1   
6.20796727 1    
6.20910356 -1   
6.21060123 -1   
6.21184866 -1   
6.21336609 -1   
6.21486930 -1   
6.21611538 -1   
6.21759234 -1   
6.21909525 -1   
6.22036634 -1   
6.22186465 -1   
6.22309356 -1   
6.22461131 -1   
6.22612359 -1   
6.22736333 -1   
6.22883859 -1   
6.23010812 -1   
6.23161076 -1   
6.23310752 -1   
6.23435788 -1   
6.23585440 -1   
6.23735640 -1   
6.23860537 -1   
6.23883499 -1   
6.24910710 -1   
6.25060010 -1   
6.26909420 -1   
6.27059152 -1   
6.27208789 -1   
6.27333865 -1   
6.27483547 -1   
6.27608508 -1   
6.27758544 -1   
6.27908708 -1   
6.28033427 -1   
6.28040806 1    
6.28183479 -1   
6.28308231 -1   
6.28458005 -1   
6.28607873 -1   
6.28733189 -1   
6.28882755 -1   
6.29032696 -1   
6.29157584 -1   
6.29307521 -1   
6.29432692 -1   
6.33634122 1    
6.38253246 -1   
6.40471622 -1   
6.49177288 1    
6.62489604 -1   
6.62638767 -1   
6.62733718 -1   
6.62886004 -1   
6.63038344 -1   
6.63162985 -1   
6.63313201 -1   
6.63437705 -1   
6.63587813 -1   
6.63737721 -1   
6.63862569 -1   
6.64012312 -1   
6.64162458 -1   
6.64285164 -1   
6.64435390 -1   
6.64559878 -1   
6.65485138 -1   
6.65487919 1    
6.65611715 -1   
6.65761670 -1   
6.65909613 -1   
6.66036171 -1   
6.66186605 -1   
6.66336243 -1   
6.66461187 -1   
6.66611154 -1   
6.66735749 -1   
6.66886010 -1   
6.67036066 -1   
6.67160649 -1   
6.67311074 -1   
6.67435489 -1   
6.67585007 -1   
6.67733179 -1   
6.67858020 -1   
6.68007873 -1   
6.68157967 -1   
6.68282658 -1   
6.68433002 -1   
6.68582593 -1   
6.68710135 -1   
6.68859588 -1   
6.69009670 -1   
6.69134749 -1   
6.69282646 -1   
6.69409487 -1   
6.69417777 1    
6.69559023 -1   
6.69709468 -1   
6.72856050 -1   
6.73007277 -1   
6.73132465 -1   
6.74107276 -1   
6.74254975 -1   
6.74379825 -1   
6.78564323 -1   
6.86152846 1    
6.92771537 -1   
6.92921110 -1   
6.93072059 -1   
6.93193564 -1   
6.93345901 -1   
6.93470747 -1   
6.93620426 -1   
6.93770539 -1   
6.93893583 -1   
6.94045661 -1   
6.94195349 -1   
6.94318213 -1   
6.94468066 -1   
6.94592812 -1   
6.94744312 -1   
6.94892533 -1   
6.95019871 -1   
6.95170054 -1   
6.95292640 -1   
6.95444818 -1   
6.95592341 -1   
6.95719680 -1   
6.95869600 -1   
6.96017106 -1   
6.96144601 -1   
6.96291828 -1   
6.96418970 -1   
6.96569575 -1   
6.96716632 -1   
6.96727616 1    
6.96844164 -1   
6.96993934 -1   
6.97118908 -1   
6.97270936 -1   
6.97518848 -1   
6.97641240 -1   
6.97791835 -1   
6.97918343 -1   
6.98068504 -1   
6.98218032 -1   
6.98340851 -1   
6.98490480 -1   
6.98640500 -1   
6.98765424 -1   
6.98915112 -1   
6.99042326 -1   
6.99190298 -1   
6.99340423 -1   
6.99465330 -1   
6.99714676 -1   
6.99865007 -1   
6.99989833 -1   
7.00139738 -1   
7.00266406 -1   
7.00414644 -1   
7.00566563 -1   
7.00689504 -1   
7.00841108 -1   
7.00966557 -1   
7.01114353 -1   
7.01266196 -1   
7.01388712 -1   
7.01541086 -1   
7.01691025 -1   
7.01815809 -1   
7.01965420 -1   
7.02090589 -1   
7.02241121 -1   
7.02391000 -1   
7.02515756 -1   
7.02663600 -1   
7.02788403 -1   
7.02938178 -1   
7.02963376 -1   
7.05967619 1    
7.14806969 -1   
7.14958792 -1   
7.15283764 -1   
7.15533350 -1   
7.15680976 -1   
7.15833071 -1   
7.15955888 -1   
7.16107479 -1   
7.16233103 -1   
7.16475830 1    
7.17757356 -1   
7.17956734 -1   
7.18081701 -1   
7.18231559 -1   
7.18381987 -1   
7.25782194 1    
7.26125376 -1   
7.30423553 -1   
7.33840054 -1   
7.40244371 -1   
7.45543500 1    
7.49432068 -1   
7.61162119 1    
7.64705979 -1   
7.64830232 -1   
7.70195072 -1   
7.76896865 -1   
7.77020709 -1   
7.80774072 1    
7.85706984 -1   
8.05151502 -1   
8.08607741 -1   
8.08755482 -1   
8.10429483 -1   
8.10444612 1    
8.10556106 -1   
8.10703673 -1   
8.10853626 -1   
8.10976442 -1   
8.11476547 -1   
8.11626004 -1   
8.11750399 -1   
8.19175265 -1   
8.20198460 -1   
8.20323416 -1   
8.20696472 -1   
8.34518950 1    
8.36530781 -1   
8.47383690 -1   
8.51941672 -1   
9.65651115 -1   
9.89712615 -1   
10.08054168 -1   
10.23469334 -1   
10.38834534 -1   
10.54203709 -1   
13.41284533 1    
14.41853877 1    
14.59267710 -1   
14.59295290 1    
14.80131011 -1   
14.80164054 1    
15.05766276 -1   
18.52268959 -1   
18.52286557 1    
24.42634953 1    
24.59595707 -1   
24.59624388 1    
24.75336657 -1   
24.75436252 1    
24.93476226 -1   
24.93508487 1    
24.95690224 -1   
24.95814478 -1   
25.09420068 -1   
25.09730357 1    
25.30104906 -1   
25.30133877 1    
25.46471223 -1   
25.66218306 -1   
25.66315016 1    
25.85646467 -1   
25.85650833 1    
26.05455499 1    
26.08741578 -1   
26.09972487 -1   
26.27484875 -1   
26.27517169 1    
26.28523756 1    
26.31985016 1    
26.45858654 1    
26.55331268 -1   
26.62472931 1    
26.68516722 -1   
26.75040377 -1   
26.75140577 1    
26.76116786 1    
26.79014010 1    
26.85281480 -1   
26.85405887 -1   
26.85556079 -1   
26.85678476 -1   
26.86255847 -1   
26.87207581 1    
26.90959158 -1   
26.94855950 1    
26.97697706 -1   
26.97821596 -1   
27.00473476 -1   
27.00622028 -1   
27.00747443 -1   
27.02394458 -1   
27.02546607 -1   
27.02670103 -1   
27.11182559 -1   
27.11186183 1    
27.27700629 -1   
27.27704575 1    
27.28720943 1    
27.39325935 -1   
27.39474985 -1   
27.39601536 -1   
27.40217242 1    
27.43180401 -1   
27.43184877 1    
27.43423490 -1   
27.43547668 -1   
27.50244170 -1   
27.51193510 -1   
27.51343661 -1   
27.53292793 -1   
27.53441874 -1   
27.53567019 -1   
27.59604881 -1   
27.62487962 -1   
27.62637277 -1   
27.62761999 -1   
27.62789217 1    
27.62911457 -1   
27.63061406 -1   
27.63187200 -1   
27.63336287 -1   
27.63461478 -1   
27.63635992 -1   
27.63786179 -1   
27.63910937 -1   
27.66010441 -1   
27.66134530 -1   
27.66285013 -1   
27.66409374 -1   
27.74130746 -1   
27.75155973 1    
27.79439557 -1   
27.79526336 1    
27.84153641 1    
27.94669099 -1   
27.94817656 -1   
27.94967666 -1   
27.95682422 1    
27.96699030 -1   
27.98866336 -1   
27.98989117 -1   
27.99140751 -1   
27.99263831 -1   
27.99415478 -1   
28.04486515 -1   
28.04490540 1    
28.04638156 -1   
28.04762526 -1   
28.04910555 -1   
28.05060431 -1   
28.05385137 -1   
28.05510080 -1   
28.05661780 -1   
28.05811962 -1   
28.05937920 -1   
28.06084841 -1   
28.06212038 -1   
28.06361726 -1   
28.06661735 -1   
28.06682243 1    
28.06784491 -1   
28.06933946 -1   
28.07059111 -1   
28.07209178 -1   
28.07359158 -1   
28.07483996 -1   
28.07636229 -1   
28.07786124 -1   
28.07911465 -1   
28.08060329 -1   
28.08185752 -1   
28.08334588 -1   
28.08483830 -1   
28.08608494 -1   
28.08760571 -1   
28.08883021 -1   
28.09033144 -1   
28.09652751 1    
28.09732692 -1   
28.09882570 -1   
28.10009736 -1   
28.10159450 -1   
28.11833640 -1   
28.11950492 1    
28.12004170 -1   
28.12108931 -1   
28.12258438 -1   
28.12931187 -1   
28.13055742 -1   
28.15557259 -1   
28.15706832 -1   
28.15828997 -1   
28.15979286 -1   
28.16130681 -1   
28.16155837 -1   
28.18005493 -1   
28.18130421 -1   
28.18954947 -1   
28.19079711 -1   
28.19229275 -1   
28.20054274 -1   
28.21603579 -1   
28.21606203 1    
28.21753376 -1   
28.21978101 -1   
28.22102882 -1   
28.22252548 -1   
28.22378344 -1   
28.22527808 -1   
28.22677393 -1   
28.22800174 -1   
28.22952380 -1   
28.23102260 -1   
28.23227120 -1   
28.23376769 -1   
28.23502377 -1   
28.23651954 -1   
28.23801882 -1   
28.23927191 -1   
28.24076707 -1   
28.24201888 -1   
28.24352045 -1   
28.24501554 -1   
28.24626456 -1   
28.24773955 -1   
28.24926030 -1   
28.25051118 -1   
28.25075851 1    
28.25201204 -1   
28.25326042 -1   
28.25476684 -1   
28.25625581 -1   
28.25750721 -1   
28.25900693 -1   
28.26023542 -1   
28.26173034 -1   
28.26325970 -1   
28.26450113 -1   
28.26601684 -1   
28.26919043 1    
28.28874481 -1   
28.29001604 -1   
28.29900427 -1   
28.30022968 -1   
28.30173118 -1   
28.30323351 -1   
28.30448305 -1   
28.30600127 -1   
28.30723140 -1   
28.30872937 -1   
28.31022897 -1   
28.31145496 -1   
28.31297618 -1   
28.33896727 1    
28.34820285 1    
28.35056084 -1   
28.42423092 1    
28.69928250 -1   
28.69966208 1    
28.87940727 -1   
28.88089899 -1   
28.88137566 -1   
28.88151186 1    
28.88764838 -1   
28.88914528 -1   
28.89039636 -1   
28.89189257 -1   
28.89314351 -1   
28.89464061 -1   
28.89614178 -1   
28.89738790 -1   
28.89888803 -1   
28.90038758 -1   
28.90163775 -1   
28.90313642 -1   
28.90438806 -1   
28.90588546 -1   
28.90738479 -1   
28.90863279 -1   
28.91013509 -1   
28.91136049 -1   
28.91288163 -1   
28.91438031 -1   
28.91563009 -1   
28.91712964 -1   
28.91862592 -1   
28.91985552 -1   
28.92135652 -1   
28.92260334 -1   
28.92271825 1    
28.92412651 -1   
28.92562389 -1   
28.92687426 -1   
28.92837123 -1   
28.92962546 -1   
28.93109902 -1   
28.93262499 -1   
28.93386825 -1   
28.98159581 -1   
28.98282218 -1   
28.99158908 -1   
28.99281360 -1   
28.99431514 -1   
29.00107932 -1   
29.00257859 -1   
29.00407708 -1   
29.00532974 -1   
29.00683067 -1   
29.01232472 -1   
29.01382295 -1   
29.01532491 -1   
29.01682519 -1   
29.01832216 -1   
29.01957138 -1   
29.02107091 -1   
29.02231790 -1   
29.02381566 -1   
29.02531512 -1   
29.02656694 -1   
29.02804390 -1   
29.02931613 -1   
29.03081689 -1   
29.03231588 -1   
29.03356159 -1   
29.03506109 -1   
29.03631054 -1   
29.03781075 -1   
29.03930749 -1   
29.04056091 -1   
29.04204906 -1   
29.04330896 -1   
29.04480441 -1   
29.04630286 -1   
29.04755330 -1   
29.04905550 -1   
29.05030072 -1   
29.05180217 -1   
29.05332135 -1   
29.05455236 -1   
29.05605334 -1   
29.05729698 -1   
29.05879768 -1   
29.05891981 1    
29.06027605 -1   
29.06153941 -1   
29.06305146 -1   
29.06454339 -1   
29.06579574 -1   
29.06729262 -1   
29.06849508 1    
29.06851806 -1   
29.07004352 -1   
29.07154499 -1   
29.07278846 -1   
29.07428809 -1   
29.07553957 -1   
29.07703874 -1   
29.07853128 -1   
29.07978703 -1   
29.08128558 -1   
29.08553424 -1   
29.08554828 1    
29.08678345 -1   
29.08827881 -1   
29.08978053 -1   
29.09103075 -1   
29.09253656 -1   
29.09375572 -1   
29.09527751 -1   
29.09677105 -1   
29.09802182 -1   
29.09951816 -1   
29.10076866 -1   
29.10226808 -1   
29.10290055 -1   
29.12225926 -1   
29.12375280 -1   
29.12501421 -1   
29.13750579 -1   
29.13900433 -1   
29.23719678 -1   
29.23844599 -1   
29.23994342 -1   
29.24119386 -1   
29.24269687 -1   
29.24419241 -1   
29.24543918 -1   
29.24694267 -1   
29.25094036 -1   
29.25218836 -1   
29.25220385 1    
29.25368444 -1   
29.25518739 -1   
29.25673631 1    
29.25968769 -1   
29.26091044 -1   
29.26368167 -1   
29.26667991 -1   
29.26790629 -1   
29.26942784 -1   
29.27242668 -1   
29.28917035 -1   
29.29497888 1    
29.37660353 -1   
29.41704721 -1   
29.41706907 1    
29.71300866 -1   
29.71390356 -1   
29.71439982 -1   
29.71451944 1    
29.72316923 -1   
29.72466678 -1   
29.73291249 -1   
29.73441070 -1   
29.73566202 -1   
29.75215416 -1   
29.75340048 -1   
29.75487718 -1   
29.75615044 -1   
29.75764707 -1   
29.83361138 -1   
29.83510271 -1   
29.83635463 -1   
29.83785061 -1   
29.83908189 -1   
29.84060072 -1   
29.84211454 -1   
29.84332689 -1   
29.84482803 -1   
29.84632396 -1   
29.84757432 -1   
29.84907317 -1   
29.85032276 -1   
29.85182045 -1   
29.85331850 -1   
29.85457059 -1   
29.85606949 -1   
29.85731825 -1   
29.85882040 -1   
29.86033919 -1   
29.86159040 -1   
29.86308675 -1   
29.86458618 -1   
29.87232141 -1   
29.87233574 1    
29.95229513 -1   
29.95353406 -1   
29.96228159 -1   
29.96375962 -1   
29.96503025 -1   
29.96652653 -1   
29.96803150 -1   
29.96927809 -1   
29.97078088 -1   
29.97227373 -1   
30.03417851 -1   
30.06675812 1    
30.07547101 -1   
30.07697135 -1   
30.20664693 -1   
30.20814061 -1   
30.22255174 -1   
30.22257418 1    
30.61151194 -1   
31.21941870 -1   
