0.00000000 -1   
1.35215527 1    
1.79780439 1    
1.84492419 -1   
1.95258090 1    
1.99969015 -1   
2.00948177 1    
2.15794828 1    
2.19671546 -1   
2.31030526 -1   
2.32182196 -1   
2.38626697 -1   
2.38658346 1    
2.39044329 -1   
2.58485773 -1   
2.58503556 1    
2.73842852 -1   
2.79593815 1    
2.82601395 -1   
2.87825227 -1   
2.89373999 -1   
2.93127658 -1   
3.08631896 -1   
3.08683694 1    
3.26287840 -1   
3.26320349 1    
3.47875870 -1   
3.68989127 -1   
3.69019393 1    
4.87336699 -1   
4.87460287 -1   
4.87507651 -1   
4.90957129 -1   
4.91083765 -1   
4.91363588 1    
4.92236960 1    
5.01375824 -1   
5.01525132 -1   
5.06439421 -1   
5.06774461 1    
5.19091663 -1   
5.19215632 -1   
5.22343025 -1   
5.22375895 1    
5.37896394 -1   
5.37999269 1    
5.53580656 -1   
5.53612469 1    
5.67040475 -1   
5.68015018 -1   
5.68162787 -1   
5.68976061 1    
5.69261981 -1   
5.69263724 1    
5.80512627 -1   
5.80632587 -1   
5.80782185 -1   
5.80932667 -1   
5.81056732 -1   
5.81406672 -1   
5.84814922 -1   
5.84816977 1    
5.95400190 -1   
5.95548369 -1   
5.95696232 -1   
5.95821350 -1   
5.95973459 -1   
5.96098317 -1   
5.96248533 -1   
5.96397487 -1   
5.96548266 -1   
5.97447690 -1   
5.97572285 -1   
6.00540842 -1   
6.00544468 1    
6.10465707 -1   
6.10615290 -1   
6.10765076 -1   
6.16311680 -1   
6.16314509 1    
6.29679978 -1   
6.31864359 -1   
6.31867686 1    
6.33502814 -1   
6.33627659 -1   
6.33776874 -1   
6.33926742 -1   
6.34051735 -1   
6.34201436 -1   
6.34328615 -1   
6.34476321 -1   
6.35226280 -1   
6.35251547 1    
6.35351122 -1   
6.35500712 -1   
6.35650568 -1   
6.35775577 -1   
6.35923518 -1   
6.36050520 -1   
6.36200911 -1   
6.36349704 -1   
6.36475673 -1   
6.36625371 -1   
6.36774844 -1   
6.36900363 -1   
6.37050245 -1   
6.37174674 -1   
6.37322982 -1   
6.37474564 -1   
6.46970187 -1   
6.47117010 -1   
6.47269139 -1   
6.47643800 -1   
6.47645143 1    
6.47666796 -1   
6.48116639 -1   
6.48241293 -1   
6.48993539 -1   
6.49193340 -1   
6.49315477 -1   
6.49468153 -1   
6.49617487 -1   
6.49742905 -1   
6.49892590 -1   
6.50015021 -1   
6.50167238 -1   
6.50317469 -1   
6.50439881 -1   
6.50592381 -1   
6.50714812 -1   
6.50867063 -1   
6.51016913 -1   
6.51141618 -1   
6.51291546 -1   
6.51441832 -1   
6.51590917 -1   
6.51714454 -1   
6.51866430 -1   
6.52014502 -1   
6.52139249 -1   
6.52290954 -1   
6.52413833 -1   
6.52566226 -1   
6.52715895 -1   
6.52840895 -1   
6.52990061 -1   
6.53113715 -1   
6.53265599 -1   
6.53415504 -1   
6.53540431 -1   
6.53690443 -1   
6.53815565 -1   
6.53965326 -1   
6.54112735 -1   
6.54240146 -1   
6.54389807 -1   
6.54514677 -1   
6.54664401 -1   
6.54675360 1    
6.54812775 -1   
6.54939717 -1   
6.55089983 -1   
6.55214405 -1   
6.55364311 -1   
6.55514151 -1   
6.55639665 -1   
6.55789480 -1   
6.55939286 -1   
6.56063846 -1   
6.62661491 -1   
6.62960124 -1   
6.63107638 -1   
6.63359796 -1   
6.63361198 1    
6.63510177 -1   
6.63627998 1    
6.63656423 -1   
6.63785085 -1   
6.63909425 -1   
6.64057169 -1   
6.64209583 -1   
6.64334039 -1   
6.64484304 -1   
6.64609146 -1   
6.64758610 -1   
6.64908877 -1   
6.65033708 -1   
6.65183668 -1   
6.65306679 -1   
6.65458696 -1   
6.65608873 -1   
6.65733844 -1   
6.65883070 -1   
6.66006238 -1   
6.66158308 -1   
6.66308181 -1   
6.66433438 -1   
6.66582909 -1   
6.66707980 -1   
6.66857779 -1   
6.67007930 -1   
6.67132665 -1   
6.67142426 1    
6.67283116 -1   
6.67405205 -1   
6.67557573 -1   
6.67832412 -1   
6.67979758 -1   
6.68104713 -1   
6.68257193 -1   
6.68406823 -1   
6.68531893 -1   
6.68681650 -1   
6.68831701 -1   
6.68956129 -1   
6.69104239 -1   
6.69129351 -1   
6.76774962 -1   
6.76924712 -1   
6.78905892 1    
6.84767442 -1   
6.95315363 -1   
6.95320541 1    
6.95466270 -1   
6.97393325 -1   
6.97515890 -1   
6.97666375 -1   
6.98215629 -1   
7.00189108 -1   
7.00236723 1    
7.00312025 -1   
7.04233595 -1   
7.10583572 -1   
7.15807880 1    
7.19556120 -1   
7.25998173 -1   
7.26148897 -1   
7.26300079 -1   
7.26427475 -1   
7.27048617 -1   
7.27173114 -1   
7.27323853 -1   
7.27973382 -1   
7.28122661 -1   
7.28273105 -1   
7.28397771 -1   
7.28547360 -1   
7.28672449 -1   
7.28822106 -1   
7.28972557 -1   
7.29096971 -1   
7.29247367 -1   
7.29372032 -1   
7.29522010 -1   
7.29642609 1    
7.29672548 -1   
7.29797014 -1   
7.29946770 -1   
7.30096417 -1   
7.30219557 -1   
7.30371258 -1   
7.30496451 -1   
7.30646162 -1   
7.30796889 -1   
7.30918837 -1   
7.31071249 -1   
7.31195754 -1   
7.31346049 -1   
7.31493688 -1   
7.31618751 -1   
7.31771113 -1   
7.31920733 -1   
7.32045318 -1   
7.32195874 -1   
7.32318111 -1   
7.32470327 -1   
7.32618166 -1   
7.32745290 -1   
7.32894719 -1   
7.33017613 -1   
7.33169630 -1   
7.33319819 -1   
7.33444898 -1   
7.33594693 -1   
7.33717339 -1   
7.33869554 -1   
7.34019093 -1   
7.34144157 -1   
7.34293841 -1   
7.34416969 -1   
7.34569054 -1   
7.34719178 -1   
7.34728458 1    
7.34844036 -1   
7.34993848 -1   
7.35116185 -1   
7.35268612 -1   
7.35420603 -1   
7.36668087 -1   
7.36671672 1    
7.36817968 -1   
7.36967935 -1   
7.37090725 -1   
7.37240171 -1   
7.37390423 -1   
7.37515128 -1   
7.37665299 -1   
7.37792558 -1   
7.37942489 -1   
7.38092510 -1   
7.38214859 -1   
7.38791615 -1   
7.39416456 -1   
7.39566288 -1   
7.39716315 -1   
7.40850483 -1   
7.41215978 -1   
7.41365569 -1   
7.41515366 -1   
7.41639723 -1   
7.41790118 -1   
7.42112482 -1   
7.42262381 -1   
7.42412056 -1   
7.42537362 -1   
7.42689565 -1   
7.42814373 -1   
7.42964811 -1   
7.43114252 -1   
7.43239357 -1   
7.43389197 -1   
7.43511848 -1   
7.43661653 -1   
7.43811742 -1   
7.43936441 -1   
7.44086080 -1   
7.44211510 -1   
7.44361446 -1   
7.44511378 -1   
7.44635757 -1   
7.44785981 -1   
7.44910866 -1   
7.45061176 -1   
7.45210642 -1   
7.45335685 -1   
7.45485665 -1   
7.45610527 -1   
7.45760300 -1   
7.45910594 -1   
7.46035263 -1   
7.46188123 -1   
7.46337112 -1   
7.46462300 -1   
7.46612411 -1   
7.46737181 -1   
7.46886964 -1   
7.47037282 -1   
7.47162066 -1   
7.47311920 -1   
7.47436697 -1   
7.47584406 -1   
7.47734337 -1   
7.47859052 -1   
7.48009151 -1   
7.48159172 -1   
7.48284260 -1   
7.48433641 -1   
7.48558935 -1   
7.48708829 -1   
7.48858915 -1   
7.48983386 -1   
7.49133656 -1   
7.49258582 -1   
7.49408398 -1   
7.49558031 -1   
7.49683178 -1   
7.49833263 -1   
7.49983139 -1   
7.50107818 -1   
7.50257932 -1   
7.50382752 -1   
7.50532699 -1   
7.50682483 -1   
7.50807556 -1   
7.50957549 -1   
7.51084155 -1   
7.51233648 -1   
7.51384070 -1   
7.51507297 -1   
7.51657179 -1   
7.51806794 -1   
7.51931880 -1   
7.52081843 -1   
7.52206906 -1   
7.52356514 -1   
7.52506551 -1   
7.52631633 -1   
7.52781627 -1   
7.52906084 -1   
7.53056296 -1   
7.53206297 -1   
7.53331041 -1   
7.53480757 -1   
7.53605947 -1   
7.53756099 -1   
7.53905980 -1   
7.54032842 -1   
7.54182881 -1   
7.54307390 -1   
7.54457487 -1   
7.54606850 -1   
7.54732386 -1   
7.54882170 -1   
7.55006886 -1   
7.56279346 -1   
7.56404582 -1   
7.56556749 -1   
7.56706383 -1   
7.56831047 -1   
7.56981350 -1   
7.57130718 -1   
7.57256161 -1   
7.57405893 -1   
7.57531019 -1   
7.61328912 -1   
7.61478694 -1   
7.61601507 -1   
7.61602917 1    
7.61751695 -1   
7.62177631 -1   
7.62328129 -1   
7.62443460 1    
7.62446011 1    
7.62473943 -1   
7.62600991 -1   
7.62727899 -1   
7.63025921 -1   
7.63150199 -1   
7.63301422 -1   
7.63450201 -1   
7.63602213 -1   
7.63728120 -1   
7.63877564 -1   
7.64002634 -1   
7.64152342 -1   
7.64299693 -1   
7.65518103 1    
7.67423904 -1   
7.67550344 -1   
7.71621344 -1   
7.71822752 -1   
7.71972445 -1   
7.74197192 -1   
7.76945350 -1   
7.77008054 -1   
7.77030041 1    
7.78052350 1    
7.91037840 -1   
7.91186633 -1   
7.92421950 -1   
7.93413454 1    
8.26192281 -1   
8.26308959 -1   
8.26337258 1    
8.47904655 -1   
8.48021604 -1   
8.48052312 1    
8.56700048 -1   
8.56821840 -1   
8.57374096 -1   
8.57525161 -1   
8.57673692 -1   
8.57798442 -1   
8.57948588 -1   
8.58073441 -1   
8.58223275 -1   
8.58352499 1    
8.58380513 -1   
8.58498262 -1   
8.59447800 -1   
8.59597619 -1   
8.62297347 -1   
8.62419009 -1   
8.62571184 -1   
8.62718479 -1   
8.63350835 -1   
8.72193556 1    
8.76411400 -1   
8.82777550 -1   
8.89381865 1    
8.91781734 1    
8.98273488 -1   
9.07325512 1    
9.19365630 -1   
9.22864953 -1   
9.22868520 1    
9.23561051 -1   
9.33978395 -1   
9.34089359 1    
9.35018981 1    
9.38443179 -1   
9.38446646 1    
9.59395742 1    
9.62139830 -1   
9.62263617 -1   
9.62310917 -1   
9.71631693 -1   
9.71756052 -1   
9.71908730 -1   
9.72057898 -1   
9.72182909 -1   
9.74809136 1    
9.75504208 -1   
9.75653689 -1   
9.75803915 -1   
9.75930719 -1   
9.76080625 -1   
9.76203765 -1   
9.76353790 -1   
9.76503233 -1   
9.76630137 -1   
9.76780292 -1   
9.76903327 -1   
9.77055478 -1   
9.77204962 -1   
9.77330494 -1   
9.77480295 -1   
9.77602573 -1   
9.77754618 -1   
9.77902441 -1   
9.78029783 -1   
9.78177482 -1   
9.78302045 -1   
9.78454720 -1   
9.78604575 -1   
9.78615674 1    
9.78727324 -1   
9.78876823 -1   
9.79027042 -1   
9.79153410 -1   
9.79303810 -1   
9.79429437 -1   
9.79576821 -1   
9.79726400 -1   
9.79854222 -1   
9.80003749 -1   
9.80128999 -1   
9.80553323 -1   
9.80703147 -1   
9.80715639 1    
9.80856145 -1   
9.81632894 -1   
9.84424597 -1   
9.84551058 -1   
9.86175344 -1   
9.94146436 -1   
9.94150232 1    
9.94293514 -1   
9.94420178 -1   
9.95170396 -1   
9.95317591 -1   
9.95444610 -1   
9.95594498 -1   
9.95717588 -1   
9.95869489 -1   
9.96019549 -1   
9.96144426 -1   
9.96294661 -1   
9.96416827 -1   
9.96569291 -1   
9.96719136 -1   
9.96844379 -1   
9.96994413 -1   
9.97001877 1    
9.97116776 -1   
9.97268941 -1   
9.97418803 -1   
9.97543699 -1   
9.97693905 -1   
9.97816275 -1   
9.97966169 -1   
9.98115787 -1   
9.98243464 -1   
9.98393249 -1   
9.98515434 -1   
9.98668167 -1   
9.98817935 -1   
9.98943047 -1   
9.99093095 -1   
9.99242736 -1   
9.99367940 -1   
9.99515440 -1   
9.99639982 -1   
9.99792283 -1   
9.99942498 -1   
10.00067288 -1   
10.00217483 -1   
10.00339870 -1   
10.00489366 -1   
10.00642097 -1   
10.00766941 -1   
10.00832450 -1   
10.01016534 -1   
10.01139381 -1   
10.01289149 -1   
10.01416745 -1   
10.01566468 -1   
10.01716503 -1   
10.01839161 -1   
10.01988992 -1   
10.02113458 -1   
10.02265317 -1   
10.02415270 -1   
10.02540164 -1   
10.02688129 -1   
10.02813256 -1   
10.02965637 -1   
10.03115489 -1   
10.03240422 -1   
10.03390735 -1   
10.03513273 -1   
10.03664757 -1   
10.03814809 -1   
10.03940297 -1   
10.04090198 -1   
10.06088740 -1   
10.06238458 -1   
10.06388783 -1   
10.09237632 -1   
10.12589785 1    
10.15906552 -1   
10.16878170 1    
10.17758818 -1   
10.17908612 -1   
10.18034522 -1   
10.18682650 -1   
10.18703210 1    
10.18804555 -1   
10.18981691 -1   
10.19131737 -1   
10.19305877 -1   
10.19481400 -1   
10.19630767 -1   
10.19638193 1    
10.24477147 -1   
10.24525106 1    
10.24801208 -1   
10.31524918 -1   
10.31528942 1    
10.31617003 -1   
10.50973350 -1   
10.51003284 1    
10.58090406 -1   
10.58232418 -1   
10.58383663 -1   
10.59083988 -1   
10.59110829 1    
10.59206156 -1   
10.59358153 -1   
10.59508184 -1   
10.59633321 -1   
10.64031280 -1   
10.64198151 -1   
10.64330634 -1   
10.64455362 -1   
10.66499251 -1   
10.69177934 -1   
10.69181517 1    
10.69300408 -1   
10.69452350 -1   
10.69600126 -1   
10.69726597 -1   
10.69877314 -1   
10.69999795 -1   
10.70152726 -1   
10.72524198 -1   
10.72673527 -1   
10.72823145 -1   
10.72948073 -1   
10.73098118 -1   
10.73223204 -1   
10.73375400 -1   
10.73523458 -1   
10.73531957 1    
10.73651617 -1   
10.73800272 -1   
10.73924937 -1   
10.74074827 -1   
10.74224782 -1   
10.74539694 1    
10.75400066 -1   
10.77448120 -1   
10.77597824 -1   
10.77720345 -1   
10.83194802 -1   
10.83317093 -1   
10.83469360 -1   
10.84293993 -1   
10.84443821 -1   
10.84591549 -1   
10.84828536 -1   
10.84831392 1    
10.86043563 -1   
10.86192755 -1   
10.86342736 -1   
10.89740715 -1   
10.89890717 -1   
10.90040386 -1   
10.91789949 -1   
10.91939389 -1   
10.92089639 -1   
10.92214339 -1   
10.92364237 -1   
10.92513963 -1   
10.92637115 -1   
10.92788870 -1   
10.92913768 -1   
10.93064033 -1   
10.93211765 -1   
10.93338512 -1   
10.93488652 -1   
10.93602582 1    
10.93655549 -1   
10.93763855 -1   
10.93913429 -1   
10.94063436 -1   
10.94188978 -1   
10.94335801 -1   
10.94485746 -1   
10.94610595 -1   
10.94760819 -1   
10.94887663 -1   
10.95037723 -1   
10.98536282 -1   
10.98685122 -1   
10.98810651 -1   
10.98960783 -1   
11.00268188 -1   
11.00270421 1    
11.05032944 -1   
11.05181690 -1   
11.05956501 -1   
11.06104254 -1   
11.06231675 -1   
11.06381206 -1   
11.06504064 -1   
11.06956109 -1   
11.07979170 -1   
11.08103019 -1   
11.08252975 -1   
11.08955504 -1   
11.09105140 -1   
11.09254482 -1   
11.09379656 -1   
11.09529619 -1   
11.09952602 -1   
11.10101998 -1   
11.10252018 -1   
11.10364522 1    
11.10392638 -1   
11.10527209 -1   
11.10651993 -1   
11.10976670 -1   
11.11127560 -1   
11.11276320 -1   
11.11401331 -1   
11.11551321 -1   
11.11701291 -1   
11.11826292 -1   
11.12025888 -1   
11.12175853 -1   
11.12387062 1    
11.13102677 -1   
11.13228189 -1   
11.13377327 -1   
11.13526965 -1   
11.13652333 -1   
11.13802267 -1   
11.13952041 -1   
11.14076782 -1   
11.14224603 -1   
11.14351761 -1   
11.14499593 -1   
11.14651594 -1   
11.14799417 -1   
11.14926559 -1   
11.15751361 -1   
11.15898436 -1   
11.16098355 -1   
11.16099579 1    
11.16616028 1    
11.19850324 -1   
11.19998273 -1   
11.20121162 -1   
11.27469877 -1   
11.31625907 -1   
11.31628487 1    
11.50188912 -1   
11.50192597 1    
11.54302423 -1   
11.54453656 -1   
11.54604171 -1   
11.54728246 -1   
11.54878393 -1   
11.55278235 -1   
11.55403486 -1   
11.57078333 -1   
11.57228300 -1   
11.57374992 -1   
11.57502353 -1   
11.57651729 -1   
11.57802084 -1   
11.65654361 -1   
11.65658069 1    
11.67320421 -1   
11.70168614 -1   
11.70317256 -1   
11.73091525 -1   
11.73240944 -1   
11.73393094 -1   
11.73515537 -1   
11.73667965 -1   
11.73817987 -1   
11.73940347 -1   
11.74090204 -1   
11.81384425 -1   
11.81387977 1    
11.82538102 -1   
11.82687877 -1   
11.92107957 -1   
11.92256992 -1   
11.92406818 -1   
11.92531864 -1   
11.94031213 -1   
11.94181118 -1   
11.94303967 -1   
11.94313384 1    
11.94455886 -1   
11.94580694 -1   
11.96808112 -1   
11.96810099 1    
11.99479023 -1   
11.99628283 -1   
12.01400728 -1   
12.01524550 -1   
12.01674721 -1   
12.12314713 -1   
12.25339261 -1   
12.25488045 -1   
12.27775438 -1   
12.28362174 -1   
12.28511616 -1   
12.32375956 1    
12.39905759 -1   
12.40029675 -1   
12.40179828 -1   
12.43296484 -1   
12.43927860 -1   
12.44077702 -1   
12.44200338 -1   
12.44352088 -1   
12.44477631 -1   
12.44627601 -1   
12.44777763 -1   
12.44899718 -1   
12.45050310 -1   
12.45176560 -1   
12.45326393 -1   
12.45476471 -1   
12.45801909 -1   
12.45924399 -1   
12.46076334 -1   
12.51852871 1    
12.54521916 -1   
12.54671312 -1   
12.54819309 -1   
12.58789469 -1   
12.72786923 -1   
12.72911237 -1   
12.74225623 -1   
12.74241143 1    
12.96832968 -1   
13.53684814 -1   
13.92478679 -1   
14.26961893 -1   
14.43623935 -1   
14.94644971 -1   
14.94663085 1    
15.10009131 -1   
15.73086947 1    
15.88486102 1    
16.04780733 -1   
16.04823868 1    
16.27016466 -1   
16.27057464 1    
16.57975486 -1   
16.85860205 -1   
16.85873960 1    
20.79915101 1    
25.20905635 -1   
30.10177540 -1   
