0.00000000 -1   
0.20558379 1    
0.20575106 -1   
0.36322180 1    
0.36325676 -1   
0.51976342 1    
0.51980219 -1   
0.72621103 1    
0.75690378 1    
0.75839433 1    
0.88100627 1    
0.88119198 -1   
1.03932915 -1   
1.09032535 1    
1.11246871 1    
1.13370961 1    
1.14995280 1    
1.26838231 1    
1.26868408 -1   
1.44560828 1    
1.44566132 -1   
1.64746390 -1   
1.75623893 1    
1.84934642 -1   
1.95383686 1    
2.08427733 -1   
2.24293167 1    
2.24320907 -1   
2.41783885 1    
2.41815430 -1   
2.63419863 1    
6.97300442 -1   
8.62467875 1    
8.62616610 1    
8.62664033 1    
8.64189276 1    
8.65191250 1    
8.65340066 1    
8.66312690 1    
8.66462219 1    
8.66759086 -1   
8.67656666 -1   
8.68261641 1    
8.78328277 1    
8.78361872 -1   
8.82686693 -1   
8.98576215 -1   
9.04277883 1    
9.10340240 1    
9.14162508 1    
9.14284986 1    
9.14286554 -1   
9.15036428 1    
9.15155913 -1   
9.15159065 1    
9.15311272 1    
9.15461321 1    
9.15586129 1    
9.15733911 1    
9.15860796 1    
9.16060921 1    
9.16211055 1    
9.16360301 1    
9.16484001 1    
9.16635529 1    
9.16760246 1    
9.16911491 1    
9.23731766 1    
9.23881243 1    
9.29758530 1    
9.29901319 1    
9.30027833 1    
9.30177404 1    
9.30200489 1    
9.30201575 -1   
9.45773934 -1   
9.48727233 1    
9.65637512 -1   
9.66332210 1    
9.66481735 1    
9.66631572 1    
9.66754487 1    
9.66906670 1    
9.67581484 1    
9.67731534 1    
9.67856410 1    
9.68006211 1    
9.68156111 1    
9.68280701 1    
9.68430518 1    
9.68580711 1    
9.68703335 1    
9.68855560 1    
9.69005376 1    
9.69006813 1    
9.69155134 1    
9.69305253 1    
9.69430357 1    
9.69680070 1    
9.69690040 -1   
9.69802789 1    
9.69954949 1    
9.70079559 1    
9.70604337 1    
9.70729606 1    
9.70879105 1    
9.71553578 1    
9.71701506 1    
9.71828879 1    
9.71978635 1    
9.72128052 1    
9.72253570 1    
9.72401633 1    
9.72553144 1    
9.73378075 1    
9.73527656 1    
9.74352554 1    
9.74477030 1    
9.74626927 1    
9.74752090 1    
9.74900015 1    
9.82023204 1    
9.82028657 -1   
9.82172405 1    
9.82372751 1    
9.82497312 1    
9.82647459 1    
9.82770428 1    
9.83197202 1    
9.83322182 1    
9.83472020 1    
9.83622062 1    
9.83746746 1    
9.83894554 1    
9.84021786 1    
9.84169763 1    
9.84319706 1    
9.84446972 1    
9.84594124 1    
9.84721921 1    
9.84871102 1    
9.85020735 1    
9.85143943 1    
9.85294081 1    
9.85445904 1    
9.85570893 1    
9.85718452 1    
9.85844429 1    
9.85995748 1    
9.86143205 1    
9.86268774 1    
9.86419895 1    
9.86545309 1    
9.86695578 1    
9.86845215 1    
9.86856453 -1   
9.86970204 1    
9.87117890 1    
9.87242711 1    
9.87392489 1    
9.87544307 1    
9.87667411 1    
9.87817488 1    
9.87942368 1    
9.88092080 1    
9.88242075 1    
9.88367293 1    
9.88516842 1    
9.88642138 1    
9.88791862 1    
9.88941735 1    
9.89066666 1    
9.89216351 1    
9.89341646 1    
9.89491838 1    
9.89641422 1    
9.89765577 -1   
9.89766447 1    
9.89916370 1    
9.90040889 1    
9.90190908 1    
9.90341585 1    
9.90465797 1    
9.90615746 1    
9.90840651 1    
9.94491860 1    
9.94640943 1    
9.98139281 1    
9.98142935 -1   
9.98488655 1    
9.98613911 1    
9.98786374 1    
9.98914054 1    
9.99061244 1    
9.99213003 1    
9.99337758 1    
9.99487816 1    
9.99615083 1    
9.99762606 1    
9.99913827 1    
10.00037729 1    
10.00185522 1    
10.00335289 1    
10.00460024 1    
10.00613977 1    
10.00735428 1    
10.00887032 1    
10.01037215 1    
10.01160439 1    
10.01309738 1    
10.01436572 1    
10.01555531 -1   
10.01608059 1    
10.01736789 1    
10.01861765 1    
10.02009242 1    
10.02136827 1    
10.02286298 1    
10.02436298 1    
10.02561150 1    
10.02711472 1    
10.02858594 1    
10.02983941 1    
10.03135784 1    
10.03263075 1    
10.03408223 1    
10.03560775 1    
10.03785527 1    
10.03935318 1    
10.04058286 1    
10.04210019 1    
10.04358133 1    
10.04483701 1    
10.04634813 1    
10.04759241 1    
10.04909847 1    
10.04919908 -1   
10.05059434 1    
10.05185364 1    
10.05334610 1    
10.05458842 1    
10.05608541 1    
10.05759168 1    
10.05885424 1    
10.06033687 1    
10.06158553 1    
10.06306692 1    
10.06457101 1    
10.06581658 1    
10.06731652 1    
10.06881398 1    
10.07006442 1    
10.07158490 1    
10.07283554 1    
10.07433089 1    
10.07581776 1    
10.07705870 1    
10.07857443 1    
10.07982545 1    
10.08133081 1    
10.08283006 1    
10.08405676 1    
10.08557444 1    
10.08564589 -1   
10.08705323 1    
10.08832773 1    
10.08982601 1    
10.09105195 1    
10.09286242 1    
10.09406414 1    
10.09535699 1    
10.09685184 1    
10.09805081 1    
10.09956696 1    
10.10104970 1    
10.10231680 1    
10.10381842 1    
10.10531328 1    
10.10656897 1    
10.10806388 1    
10.10813611 -1   
10.10931477 1    
10.11081211 1    
10.11231277 1    
10.11356059 1    
10.13955587 1    
10.13959209 -1   
10.14079921 1    
10.14329425 1    
10.14454504 1    
10.14604164 1    
10.14754793 1    
10.14879324 1    
10.15029647 1    
10.15178866 1    
10.15301771 1    
10.15453621 1    
10.15579233 1    
10.15726409 1    
10.15879339 1    
10.18773542 1    
10.20051598 1    
10.20175883 1    
10.20323837 1    
10.20450120 1    
10.20598725 1    
10.21075436 1    
10.21225418 1    
10.21349958 1    
10.21500841 1    
10.21512430 -1   
10.21650273 1    
10.21775364 1    
10.21923921 1    
10.22047639 1    
10.22197800 1    
10.22349184 1    
10.22474567 1    
10.22624244 1    
10.22747207 1    
10.22897088 1    
10.23049382 1    
10.23174025 1    
10.23322035 1    
10.23471784 1    
10.23597101 1    
10.23746711 1    
10.23871574 1    
10.24021500 1    
10.24171543 1    
10.24296488 1    
10.24446475 1    
10.24571148 1    
10.24721336 1    
10.24871028 1    
10.24995897 1    
10.25146068 1    
10.25296013 1    
10.25422603 1    
10.25572805 1    
10.25695641 1    
10.25847771 1    
10.25995318 1    
10.26120215 1    
10.26272389 1    
10.26397028 1    
10.26545331 1    
10.26554308 -1   
10.26697045 1    
10.26819961 1    
10.26971802 1    
10.27119807 1    
10.27246995 1    
10.27394759 1    
10.27522082 1    
10.27669486 1    
10.27821668 1    
10.27946368 1    
10.28846387 1    
10.28993686 1    
10.29121222 1    
10.29268730 1    
10.29421067 1    
10.29546035 1    
10.29696049 1    
10.29703375 -1   
10.29845614 1    
10.29968377 1    
10.30120564 1    
10.30245598 1    
10.30395656 1    
10.30545449 1    
10.30670553 1    
10.30819710 1    
10.30944721 1    
10.31094989 1    
10.31245083 1    
10.31369897 1    
10.31520103 1    
10.31644121 1    
10.31645474 -1   
10.31792299 1    
10.31942223 1    
10.32069443 1    
10.32219211 1    
10.32342247 1    
10.32491640 1    
10.32644418 1    
10.32769031 1    
10.32919085 1    
10.33041342 1    
10.33191314 1    
10.33343137 1    
10.33468985 1    
10.33618636 1    
10.33743608 1    
10.33893321 1    
10.34043565 1    
10.34168158 1    
10.34318147 1    
10.34468039 1    
10.34590751 1    
10.34742144 1    
10.34750026 -1   
10.34890640 1    
10.35042307 1    
10.35167033 1    
10.35317210 1    
10.35442229 1    
10.35591514 1    
10.35742179 1    
10.35867354 1    
10.36017328 1    
10.36166565 1    
10.36291888 1    
10.36441442 1    
10.36566705 1    
10.36716479 1    
10.36864302 1    
10.36991188 1    
10.37139379 1    
10.37266701 1    
10.37416572 1    
10.37418082 1    
10.37565806 1    
10.37716022 1    
10.38765569 1    
10.38915373 1    
10.39365661 1    
10.39490492 1    
10.39640300 1    
10.39764897 1    
10.39912904 1    
10.40065182 1    
10.40190095 1    
10.40339433 1    
10.40489796 1    
10.40614753 1    
10.40764359 1    
10.42011558 1    
10.43788104 1    
10.43914137 1    
10.44062489 1    
10.47117299 -1   
10.52912997 1    
10.53132616 1    
10.53305153 1    
10.53457155 1    
10.54317887 -1   
10.58230033 1    
10.58377061 1    
10.58385405 -1   
10.69177753 -1   
10.69576521 1    
10.87638182 1    
10.87641780 -1   
10.89531676 1    
11.00578660 1    
11.00729677 1    
11.03479072 1    
11.03482675 -1   
11.03626010 1    
11.03778750 1    
11.03901241 1    
11.04052490 1    
11.04178026 1    
11.04327940 1    
11.04450800 1    
11.04600420 1    
11.04750403 1    
11.06400305 1    
11.06524460 1    
11.06674134 1    
11.07527302 1    
11.07677970 1    
11.08978096 1    
11.08994669 -1   
11.09648159 1    
11.21268551 1    
11.21272423 -1   
11.24730159 1    
11.45797686 1    
11.46377826 1    
11.61857405 1    
13.01231143 1    
13.18222936 1    
13.33607400 1    
13.49107321 1    
16.58073481 1    
18.98813325 -1   
19.15248811 1    
19.15277961 -1   
19.30740665 1    
19.39676791 -1   
19.54127694 1    
19.55169384 -1   
19.69534287 1    
19.69657718 1    
19.69705047 1    
19.70559930 -1   
19.86035801 1    
20.05370978 1    
20.05401127 -1   
20.46682773 1    
20.46781189 -1   
20.62185008 -1   
20.75784352 1    
20.77699877 -1   
20.93424418 1    
20.98035166 1    
21.13412945 1    
21.13441552 -1   
21.14445905 -1   
21.30670833 -1   
21.67418234 1    
21.67546351 1    
21.67581243 -1   
21.68508706 -1   
21.82964817 -1   
22.00176254 1    
22.00325589 1    
22.00373092 1    
22.01225332 1    
22.01350315 1    
22.02799258 1    
22.02949168 1    
22.03099597 1    
22.03224173 1    
22.03373959 1    
22.14236328 -1   
22.15129773 -1   
22.15892258 1    
22.16039706 1    
22.16166994 1    
22.16316975 1    
22.16817022 1    
22.16941133 1    
22.17013467 1    
22.17566272 1    
22.18365945 1    
22.18515826 1    
22.18639772 1    
22.18790286 1    
22.18914954 1    
22.19066659 1    
22.19212597 1    
22.19641692 1    
22.19764572 1    
22.19914772 1    
22.20639289 1    
22.20764251 1    
22.30688794 -1   
22.31632752 1    
22.31757504 1    
22.31905556 1    
22.32057374 1    
22.32182657 1    
22.32330139 1    
22.32457392 1    
22.32607043 1    
22.32757271 1    
22.32879845 1    
22.33032321 1    
22.33179841 1    
22.33304645 1    
22.33456615 1    
22.33581782 1    
22.33731474 1    
22.34104251 1    
22.34255701 1    
22.34381360 1    
22.34531103 1    
22.34656132 1    
22.34806107 1    
22.34955413 1    
22.35080689 1    
22.35230834 1    
22.35355469 1    
22.35505866 1    
22.35655331 1    
22.35780375 1    
22.35930194 1    
22.36055409 1    
22.36205406 1    
22.36355120 1    
22.36480052 1    
22.36630063 1    
22.36754797 1    
22.36904807 1    
22.37054471 1    
22.37179815 1    
22.37328729 1    
22.37704556 -1   
22.47324738 1    
22.47328801 -1   
22.47449009 1    
22.47598480 1    
22.47748407 1    
22.47873597 1    
22.48023368 1    
22.48146240 1    
22.48298354 1    
22.48447991 1    
22.48573314 1    
22.48720660 1    
22.48870587 1    
22.48995703 1    
22.49106210 -1   
22.49158732 1    
22.49212350 1    
22.50030530 -1   
22.60067123 1    
22.62719897 -1   
22.64666992 1    
22.65702071 -1   
22.78086098 -1   
22.83151280 1    
22.83278034 1    
22.83396311 1    
22.83552944 1    
22.83675945 1    
22.83827790 1    
22.83952916 1    
22.84100606 1    
22.84252401 1    
22.84377426 1    
22.84527699 1    
22.85477023 1    
22.85627318 1    
22.85776641 1    
22.85899707 1    
22.86051624 1    
22.86176372 1    
22.86326435 1    
22.86476464 1    
22.86599052 1    
22.86751614 1    
22.86875887 1    
22.87025676 1    
22.87175949 1    
22.87300790 1    
22.87450744 1    
22.87601105 1    
22.87725869 1    
22.87873781 1    
22.87998218 1    
22.88148517 1    
22.88160721 -1   
22.88298184 1    
22.88423153 1    
22.88573089 1    
22.88698031 1    
22.88847973 1    
22.88997519 1    
22.89125052 1    
22.89272491 1    
22.89424123 1    
22.89549556 1    
22.89699643 1    
22.89824248 1    
22.89974386 1    
22.90124191 1    
22.90249298 1    
22.90399271 1    
22.90524035 1    
22.90671930 1    
22.90824276 1    
22.90948843 1    
22.91098975 1    
22.91248529 1    
22.91373785 1    
22.91523521 1    
22.91647649 1    
22.91798548 1    
22.91948369 1    
22.92073355 1    
22.92222315 1    
22.92348257 1    
22.92495878 1    
22.92647388 1    
22.92772135 1    
22.92922330 1    
22.93047106 1    
22.93195635 1    
22.93347260 1    
22.93472613 1    
22.93622259 1    
22.93747399 1    
22.98024822 -1   
22.98871314 1    
22.99017306 1    
22.99144420 1    
22.99293985 1    
22.99419079 1    
22.99569129 1    
22.99719784 1    
22.99843544 1    
22.99991609 1    
23.00118797 1    
23.00268761 1    
23.00416217 1    
23.00541205 1    
23.00691300 1    
23.00845004 1    
23.00867977 1    
23.01068277 1    
23.01218102 1    
23.07339398 1    
23.07539270 1    
23.07662315 1    
23.07812014 1    
23.07962087 1    
23.08763666 1    
23.08913643 1    
23.09061766 1    
23.09213593 1    
23.09386107 1    
23.09390552 -1   
23.14609449 1    
23.14615048 -1   
23.14810317 1    
23.14960362 1    
23.15110100 1    
23.15234751 1    
23.15385182 1    
23.15508052 1    
23.15659786 1    
23.15807316 1    
23.15934701 1    
23.16109739 1    
23.16434588 1    
23.16461278 -1   
23.16585945 1    
23.16734303 1    
23.16856928 1    
23.17006516 1    
23.17156422 1    
23.17281327 1    
23.17399366 -1   
23.22981214 1    
23.23131214 1    
23.23255468 1    
23.23405314 1    
23.23530258 1    
23.23677824 1    
23.23827896 1    
23.23835114 -1   
23.23955366 1    
23.24102457 1    
23.24229745 1    
23.24379647 1    
23.24530017 1    
23.24745131 -1   
23.29928871 -1   
23.32330257 1    
23.43693909 1    
23.43843873 1    
23.44418382 1    
23.44568177 1    
23.44718850 1    
23.45242590 1    
23.49665167 1    
23.49669519 -1   
23.49815550 1    
23.51978813 1    
23.54188227 1    
23.54337449 1    
23.54485166 1    
23.54614664 1    
23.54762487 1    
23.56961357 1    
23.57108989 1    
23.57260720 1    
23.59210598 1    
23.59334521 1    
23.59484029 1    
23.60559042 1    
23.60710822 1    
23.60833919 1    
23.60984039 1    
23.61106603 1    
23.62432889 1    
23.62582616 1    
23.62732632 1    
23.62760066 -1   
23.62857778 1    
23.63007362 1    
23.63307576 1    
23.63457054 1    
23.63607346 1    
23.63731992 1    
23.63881969 1    
23.64004816 1    
23.64156630 1    
23.64504569 1    
23.64656701 1    
23.64781611 1    
23.65456733 1    
23.67305303 1    
23.67307257 -1   
23.67455129 1    
23.67602662 1    
23.67729934 1    
23.67765212 1    
23.68030477 1    
23.68154792 1    
23.68270474 -1   
23.68729733 1    
23.68879408 1    
23.69027030 1    
23.69154425 1    
23.69304036 1    
23.79398346 1    
23.83227577 1    
23.83231291 -1   
23.90042515 1    
23.96389062 1    
23.96538246 1    
23.97263248 1    
23.97410827 1    
23.97537607 1    
23.97688116 1    
23.97814346 1    
23.97962466 1    
23.98287450 1    
23.98438129 1    
23.98587839 1    
23.98713519 1    
23.98861966 1    
23.98987165 1    
23.99137209 1    
23.99286626 1    
23.99406732 1    
23.99408225 -1   
24.03433302 1    
24.03583917 1    
24.08407012 1    
24.13554481 1    
24.13701288 1    
24.13853586 1    
24.14569351 -1   
24.15253217 1    
24.15400259 1    
24.15404901 -1   
24.15550308 1    
24.15617373 1    
24.15618209 -1   
24.16102402 1    
24.16252033 1    
24.16377108 1    
24.16527120 1    
24.19675340 1    
24.19825005 1    
24.23498726 1    
24.31590010 1    
24.31619093 -1   
24.43587091 1    
24.44600984 -1   
24.47113128 1    
24.49506571 1    
24.49510039 -1   
24.49658273 1    
24.49782867 1    
24.49932915 1    
24.50057513 1    
24.50205604 1    
24.50357480 1    
24.50507658 1    
24.52536934 1    
24.52656936 1    
24.52804042 1    
24.52956197 1    
24.53079019 1    
24.53231489 1    
24.53380890 1    
24.53503921 1    
24.53655545 1    
24.53780855 1    
24.53930560 1    
24.54080367 1    
24.54203181 1    
24.54355586 1    
24.54480037 1    
24.54630492 1    
24.54779978 1    
24.56514466 -1   
24.65142689 1    
24.65144860 -1   
24.66000284 -1   
24.80850257 1    
24.80853943 -1   
24.81540318 1    
24.81664666 1    
24.81814316 1    
24.81939402 1    
24.82089621 1    
24.82239205 1    
24.82364316 1    
24.82513968 1    
24.82639432 1    
24.82788945 1    
24.82938782 1    
24.86062677 1    
24.88936332 1    
24.96532339 1    
24.96535607 -1   
24.97485669 -1   
25.13352773 -1   
25.14156369 1    
25.50310936 1    
25.62169287 1    
25.69590966 1    
25.88668153 1    
27.14896779 1    
29.43746334 -1   
