0.00000000 -1   
0.24988336 1    
0.25070611 -1   
0.40815198 -1   
0.42927734 1    
0.45108023 1    
0.47934405 1    
0.49207164 1    
0.61839195 1    
0.85075147 -1   
1.02112921 1    
1.02144438 -1   
1.19025955 1    
1.22693050 -1   
1.38217077 1    
1.38249668 -1   
1.58804590 1    
1.58834212 -1   
1.74993581 1    
1.85018324 -1   
2.01204027 1    
2.01232020 -1   
2.32088104 1    
2.32122483 -1   
2.81060366 1    
2.85372601 1    
2.85522474 1    
2.88521408 1    
2.88668773 1    
2.88818052 1    
2.89394297 1    
2.89542998 1    
2.89667848 1    
2.89817473 1    
2.92366678 -1   
2.93388157 -1   
3.00726117 1    
3.00760205 -1   
3.08114995 -1   
3.26959007 1    
3.26987342 -1   
3.36316776 1    
3.42634478 1    
3.42638118 -1   
3.43389509 1    
3.43538988 1    
3.43547285 -1   
3.44487021 1    
3.44636492 1    
3.44763467 1    
3.46213315 1    
3.46337941 1    
3.46486928 1    
3.46635178 1    
3.46762307 1    
3.47337375 1    
3.47461651 1    
3.48209899 1    
3.48333846 1    
3.48483947 1    
3.48636204 1    
3.48761303 1    
3.48913467 1    
3.55857825 1    
3.55979675 1    
3.58431386 1    
3.58435036 -1   
3.58478186 1    
3.61429680 1    
3.74398813 1    
3.74402398 -1   
3.74544272 1    
3.76969167 1    
3.78142997 1    
3.78291793 1    
3.83741583 1    
3.83890869 1    
3.84040809 1    
3.84048680 -1   
3.85341157 1    
3.85465109 1    
3.85615320 1    
3.85764762 1    
3.85887537 1    
3.86039995 1    
3.86165021 1    
3.86314882 1    
3.86464873 1    
3.86614289 1    
3.86739750 1    
3.86889288 1    
3.87039225 1    
3.87164251 1    
3.87314376 1    
3.87438984 1    
3.87589188 1    
3.87736601 1    
3.87861415 1    
3.88011315 1    
3.88138775 1    
3.88288519 1    
3.88436065 1    
3.88563390 1    
3.88711165 1    
3.88838156 1    
3.88988650 1    
3.89137880 1    
3.89260521 1    
3.89412946 1    
3.90137568 1    
3.90262001 1    
3.90412287 1    
3.91084970 1    
3.91087787 -1   
3.91236840 1    
3.91386585 1    
3.91511319 1    
3.91659105 1    
3.92609156 1    
3.92701570 1    
3.92861124 1    
3.93011032 1    
3.94283223 1    
3.94312622 -1   
3.94432680 1    
3.94583048 1    
3.94732713 1    
3.94857539 1    
3.99432526 1    
3.99581847 1    
3.99732005 1    
3.99856959 1    
4.00006681 1    
4.00131516 1    
4.01079425 1    
4.01228579 1    
4.01379267 1    
4.01503545 1    
4.01653680 1    
4.01780916 1    
4.01930644 1    
4.02080667 1    
4.02205833 1    
4.02355414 1    
4.02480589 1    
4.02630061 1    
4.02780313 1    
4.02906626 1    
4.03055264 1    
4.03205173 1    
4.03330247 1    
4.03479640 1    
4.03602427 1    
4.03754507 1    
4.03904564 1    
4.04029196 1    
4.04179592 1    
4.04301921 1    
4.04452199 1    
4.04601766 1    
4.04726912 1    
4.04876469 1    
4.05001344 1    
4.05153075 1    
4.05303148 1    
4.05428529 1    
4.05579081 1    
4.05728628 1    
4.05853831 1    
4.06000884 1    
4.06128128 1    
4.06277916 1    
4.06427977 1    
4.06553058 1    
4.06703099 1    
4.06827739 1    
4.06853293 -1   
4.06975384 1    
4.07127682 1    
4.07252161 1    
4.07401741 1    
4.07525320 1    
4.07675029 1    
4.07824975 1    
4.07951415 1    
4.07952760 -1   
4.08101287 1    
4.08226469 1    
4.08274323 1    
4.08599506 1    
4.08752060 1    
4.08899182 1    
4.09027623 1    
4.09176456 1    
4.09298899 1    
4.09450915 1    
4.09601555 1    
4.09728367 1    
4.10376538 1    
4.10525956 1    
4.10650960 1    
4.10800397 1    
4.10807599 -1   
4.10948341 1    
4.11625782 1    
4.15123966 1    
4.15272893 1    
4.15447872 1    
4.15597614 1    
4.15745503 1    
4.15870238 1    
4.16022574 1    
4.16872067 1    
4.16997008 1    
4.17146744 1    
4.17297052 1    
4.17412990 -1   
4.17444363 1    
4.17571575 1    
4.17721917 1    
4.17846400 1    
4.17996529 1    
4.18119083 1    
4.18271282 1    
4.18420923 1    
4.18546069 1    
4.18695787 1    
4.18818873 1    
4.18970818 1    
4.19118698 1    
4.19243476 1    
4.19393590 1    
4.19545284 1    
4.19670539 1    
4.19820635 1    
4.19943265 1    
4.20096573 1    
4.20248483 1    
4.20371537 1    
4.20520436 1    
4.20644598 1    
4.20794186 1    
4.20944465 1    
4.21069618 1    
4.21219338 1    
4.21344745 1    
4.21494261 1    
4.21644339 1    
4.21769182 1    
4.21918890 1    
4.22044018 1    
4.22194465 1    
4.22205015 -1   
4.22344082 1    
4.22468364 1    
4.22617060 1    
4.22741243 1    
4.22893195 1    
4.23043592 1    
4.23168803 1    
4.23318373 1    
4.23645984 -1   
4.24277735 1    
4.25542210 1    
4.25691727 1    
4.25841925 1    
4.25966885 1    
4.26114390 1    
4.26241728 1    
4.26391736 1    
4.26542171 1    
4.26664178 1    
4.26813992 1    
4.26940627 1    
4.27089016 1    
4.27238631 1    
4.27363839 1    
4.27514421 1    
4.27640974 1    
4.27791066 1    
4.27940444 1    
4.28065681 1    
4.28215693 1    
4.28340249 1    
4.28490397 1    
4.28640221 1    
4.28764913 1    
4.28915336 1    
4.29064998 1    
4.29189820 1    
4.30837531 1    
4.30988724 1    
4.31120892 -1   
4.31188952 1    
4.31338957 1    
4.31488382 1    
4.31611477 1    
4.32262937 1    
4.32487322 1    
4.32635920 1    
4.32760427 1    
4.32910535 1    
4.33286112 1    
4.33435390 1    
4.33562359 1    
4.33712633 1    
4.33837379 1    
4.33987283 1    
4.34137161 1    
4.34259756 1    
4.34411788 1    
4.34537144 1    
4.34686762 1    
4.34836818 1    
4.34961667 1    
4.35109515 1    
4.35236664 1    
4.35240980 -1   
4.35386597 1    
4.35536080 1    
4.35661343 1    
4.35809053 1    
4.35933969 1    
4.36085781 1    
4.36235114 1    
4.36360026 1    
4.36510312 1    
4.36635444 1    
4.36785611 1    
4.36935768 1    
4.37060769 1    
4.37210217 1    
4.37335460 1    
4.37484430 1    
4.37635239 1    
4.37760106 1    
4.37910207 1    
4.38034661 1    
4.38184964 1    
4.39034594 -1   
4.41024057 1    
4.41832886 1    
4.41982966 1    
4.43405175 1    
4.43531878 1    
4.43681582 1    
4.43831712 1    
4.43956438 1    
4.44104177 1    
4.44229477 1    
4.44348743 -1   
4.44381825 1    
4.44531411 1    
4.44956206 1    
4.45105957 1    
4.45230592 1    
4.45380591 1    
4.45528563 1    
4.45655382 1    
4.45803511 1    
4.45953183 1    
4.46078452 1    
4.46227934 1    
4.46352698 1    
4.46466600 -1   
4.46518733 1    
4.46652938 1    
4.46777670 1    
4.46927485 1    
4.47052446 1    
4.47202185 1    
4.47355900 1    
4.47479210 1    
4.47629414 1    
4.47754202 1    
4.47904253 1    
4.48054032 1    
4.48179364 1    
4.48328852 1    
4.48478778 1    
4.48603805 1    
4.48754030 1    
4.48878472 1    
4.49028739 1    
4.49178426 1    
4.49301380 1    
4.49451047 1    
4.49575887 1    
4.49700511 -1   
4.49729001 1    
4.49876061 1    
4.50000967 1    
4.50150627 1    
4.50300595 1    
4.50425270 1    
4.50575323 1    
4.50700284 1    
4.50852527 1    
4.51000015 1    
4.51125181 1    
4.51274877 1    
4.51425112 1    
4.51624940 1    
4.51749973 1    
4.51899575 1    
4.52024798 1    
4.52180836 1    
4.52328360 1    
4.52450984 1    
4.52599749 1    
4.52751308 1    
4.52901518 1    
4.53051182 1    
4.53176736 1    
4.53326307 1    
4.53451006 1    
4.53600937 1    
4.53611718 -1   
4.53751748 1    
4.53888837 1    
4.54025828 1    
4.54149989 1    
4.54298406 1    
4.54448288 1    
4.54574543 1    
4.54724747 1    
4.54848373 1    
4.54998030 1    
4.55147965 1    
4.55272596 1    
4.55273673 -1   
4.57398952 1    
4.57548809 1    
4.58946424 1    
4.59095564 1    
4.59247801 1    
4.59372689 1    
4.59524687 1    
4.59647385 1    
4.59797410 1    
4.59947278 1    
4.60168740 1    
4.63325086 -1   
4.70769190 -1   
4.74987228 1    
4.75136400 1    
4.79110106 1    
4.79134728 1    
4.85331535 1    
4.87404985 1    
4.87408370 -1   
4.87554464 1    
4.91189331 -1   
4.93903206 1    
4.93934124 -1   
4.94025787 1    
4.94401514 1    
5.04023891 1    
5.04027714 -1   
5.04147176 1    
5.09806852 1    
5.11343991 1    
5.11494492 1    
5.15066419 1    
5.15104906 -1   
5.25436130 1    
5.25439944 -1   
5.25557796 1    
5.25707584 1    
5.25859449 1    
5.25982196 1    
5.26134650 1    
5.26259496 1    
5.26409715 1    
5.26415093 -1   
5.26415746 -1   
5.26559115 1    
5.26597156 1    
5.26759267 1    
5.26909492 1    
5.27681892 1    
5.29757936 1    
5.29905206 1    
5.39452331 1    
5.39485425 -1   
5.40759317 -1   
5.42278199 1    
5.52268239 1    
5.52392398 1    
5.56122776 -1   
5.60813299 1    
5.60962504 1    
5.61883947 1    
5.62011623 1    
5.62164081 1    
5.62318172 1    
5.62564722 1    
5.62711628 1    
5.62838737 1    
5.62987968 1    
5.63139263 1    
5.63263357 1    
5.63411260 1    
5.63563185 1    
5.63712921 1    
5.63838264 1    
5.63987435 1    
5.64137622 1    
5.64260778 1    
5.64410216 1    
5.64562740 1    
5.64574756 -1   
5.64687297 1    
5.64837312 1    
5.64960418 1    
5.65111807 1    
5.65262429 1    
5.65387287 1    
5.65537285 1    
5.65686741 1    
5.65811707 1    
5.65959554 1    
5.66087020 1    
5.66236639 1    
5.66386892 1    
5.66511597 1    
5.66659204 1    
5.66783831 1    
5.66933835 1    
5.67083600 1    
5.67208857 1    
5.67361095 1    
5.67485738 1    
5.67635747 1    
5.67786191 1    
5.67908419 1    
5.68060713 1    
5.68210695 1    
5.68335923 1    
5.68485465 1    
5.68610603 1    
5.68760218 1    
5.68915157 1    
5.69734945 1    
5.69859650 1    
5.70007011 1    
5.70160087 1    
5.70284357 1    
5.70426400 -1   
5.70453713 1    
5.70558659 1    
5.70706980 1    
5.70859092 1    
5.70984324 1    
5.71131458 1    
5.71284066 1    
5.71408423 1    
5.71556131 1    
5.71682612 1    
5.71833354 1    
5.71983158 1    
5.72108427 1    
5.72257889 1    
5.72374218 -1   
5.72403285 1    
5.72530813 1    
5.72681153 1    
5.72805754 1    
5.72958105 1    
5.73082947 1    
5.73232595 1    
5.73234126 -1   
5.73380426 1    
5.73505107 1    
5.73657681 1    
5.73807222 1    
5.75929785 1    
5.76053763 1    
5.76203648 1    
5.77773038 1    
5.77804902 -1   
5.86750839 1    
5.86899991 1    
5.87849958 1    
5.87971868 1    
5.88123829 1    
5.89396527 1    
5.89400164 -1   
5.89548328 1    
5.90448041 1    
5.90570472 1    
5.90722846 1    
5.91398032 1    
5.91544824 1    
5.91695685 1    
5.92171231 1    
5.92296873 1    
5.92446435 1    
5.92594270 1    
5.92719058 1    
5.92871708 1    
5.93019071 1    
5.93144116 1    
5.93293723 1    
5.93418939 1    
5.93620913 1    
5.93770664 1    
5.93895873 1    
5.94009145 -1   
5.94061672 1    
5.94195709 1    
5.94318407 1    
5.94343638 1    
5.94518128 1    
5.94945168 1    
5.95069680 1    
5.95942532 1    
5.96069024 1    
5.96223505 1    
5.96619325 1    
5.96743907 1    
6.00692563 1    
6.00720967 -1   
6.01816897 1    
6.01938797 1    
6.02752611 -1   
6.03465249 1    
6.03612791 1    
6.03765316 1    
6.03889822 1    
6.04040044 1    
6.04164986 1    
6.04590027 1    
6.04738947 1    
6.04864501 1    
6.05561777 1    
6.05563468 -1   
6.05714096 1    
6.05839132 1    
6.06464108 1    
6.06613666 1    
6.06738124 1    
6.10234233 1    
6.20983397 -1   
6.23827006 1    
6.23978925 1    
6.24804063 1    
6.24950842 1    
6.25103018 1    
6.25227740 1    
6.25378329 1    
6.25527401 1    
6.25574836 1    
6.27599595 1    
6.27728290 1    
6.27876135 1    
6.30600655 1    
6.32621966 1    
6.32652043 -1   
6.32771262 1    
6.32923660 1    
6.33623873 1    
6.33770725 1    
6.34672773 1    
6.34681384 -1   
6.34820508 1    
6.34947161 1    
6.35096953 1    
6.35219769 1    
6.35372479 1    
6.35521698 1    
6.35771941 1    
6.35919573 1    
6.36069575 1    
6.36196460 1    
6.36346543 1    
6.36471656 1    
6.36619392 1    
6.36771342 1    
6.36896259 1    
6.37045900 1    
6.37171023 1    
6.37320696 1    
6.37322141 -1   
6.37470816 1    
6.37593477 1    
6.37746025 1    
6.37895391 1    
6.38018339 1    
6.38170414 1    
6.38295616 1    
6.38594957 1    
6.38724405 -1   
6.38753003 1    
6.38894530 1    
6.39017684 1    
6.39169400 1    
6.39468047 1    
6.39617307 1    
6.40217480 1    
6.40368862 1    
6.40519421 1    
6.40643865 1    
6.40794022 1    
6.40941758 1    
6.41067151 1    
6.41185803 -1   
6.41237986 1    
6.41343891 1    
6.41493864 1    
6.41643082 1    
6.41768792 1    
6.41916271 1    
6.42041272 1    
6.43215681 1    
6.43365023 1    
6.43514974 1    
6.43640064 1    
6.43790026 1    
6.43940022 1    
6.44037172 1    
6.44240034 1    
6.44389549 1    
6.44539557 1    
6.44664413 1    
6.44816884 1    
6.44939239 1    
6.48912924 1    
6.49061744 1    
6.49987203 1    
6.50020861 -1   
6.52866868 -1   
6.59391475 1    
6.60426629 -1   
6.61009785 1    
6.61132656 1    
6.61932543 1    
6.62056622 1    
6.62206971 1    
6.63004086 1    
6.63129117 1    
6.63280997 1    
6.66081925 1    
6.66230058 1    
6.66354529 1    
6.67077158 1    
6.68026596 -1   
6.68128616 1    
6.68277983 1    
6.69753487 1    
6.69756650 -1   
6.69900091 1    
6.70052313 1    
6.70826943 1    
6.70974542 1    
6.71124562 1    
6.71249050 1    
6.71399210 1    
6.71523896 1    
6.71674029 1    
6.71823789 1    
6.71948689 1    
6.72098516 1    
6.72228343 1    
6.72375690 1    
6.72526263 1    
6.72650846 1    
6.72801056 1    
6.72927368 1    
6.73074976 1    
6.73225507 1    
6.73350126 1    
6.74247675 1    
6.74372808 1    
6.74522584 1    
6.74643279 -1   
6.74695852 1    
6.74797904 1    
6.75222172 1    
6.75371654 1    
6.75521834 1    
6.75646640 1    
6.75797971 1    
6.75946532 1    
6.76203361 1    
6.76626075 -1   
6.78271517 1    
6.78420105 1    
6.78545267 1    
6.78694796 1    
6.84217635 1    
6.84247781 -1   
6.84343292 1    
6.84493702 1    
6.84641940 1    
6.84766469 1    
6.85216835 1    
6.85366104 1    
6.85516070 1    
6.86193028 1    
6.86196856 -1   
6.86343524 1    
6.86467644 1    
6.86992825 1    
6.87142173 1    
6.87292296 1    
6.87965437 1    
6.88114809 1    
6.88239602 1    
6.88389101 1    
6.88514297 1    
6.88664574 1    
6.88813949 1    
6.88824870 -1   
6.88941566 1    
6.89088970 1    
6.90088906 1    
6.90238410 1    
6.90988381 1    
6.91137749 1    
6.91262740 1    
6.92328707 1    
6.95136628 1    
6.95287969 1    
6.95437713 1    
6.95564153 1    
6.95712936 1    
6.95837169 1    
6.95987338 1    
6.96137165 1    
6.96287203 1    
6.96409666 1    
6.96561964 1    
6.96711885 1    
7.01668792 -1   
7.05408112 1    
7.06370008 -1   
7.07878340 1    
7.12954490 1    
7.13102552 1    
7.15974500 1    
7.16126851 1    
7.16275324 1    
7.17975353 1    
7.17979062 -1   
7.18125082 1    
7.18274526 1    
7.18424639 1    
7.18547536 1    
7.19121974 1    
7.21223770 1    
7.21348148 1    
7.22147645 1    
7.22297370 1    
7.22447499 1    
7.22572036 1    
7.22719691 1    
7.22846997 1    
7.22996773 1    
7.23146772 1    
7.27019986 1    
7.27144449 1    
7.27573704 1    
7.27991251 -1   
7.38218168 -1   
7.72353993 1    
8.84345243 1    
8.99854113 1    
9.15361151 1    
9.30765417 1    
9.73667304 1    
11.59625231 -1   
17.16564378 1    
19.85885097 -1   
27.28764783 -1   
27.29711608 -1   
27.44449353 -1   
30.07599770 1    
31.42815296 -1   
