0.00000000 -1   
0.20811657 1    
0.20831506 -1   
0.36370009 -1   
0.39904804 1    
0.55963944 -1   
0.59211122 1    
0.71346378 -1   
0.74626686 1    
0.89993062 1    
0.89996905 -1   
0.91605025 1    
0.94705523 1    
0.96829892 1    
1.05565698 1    
1.21057116 1    
1.21090428 -1   
1.41158899 -1   
1.42587605 1    
1.60899639 -1   
1.62011942 1    
1.66289212 1    
1.68663425 1    
1.68893548 1    
1.77610131 1    
1.77613655 -1   
2.06845943 -1   
2.20842740 1    
2.28159409 -1   
2.43627784 1    
2.43907309 -1   
2.67439292 1    
4.07527549 1    
4.07676416 1    
4.07699066 1    
4.09625643 1    
4.09773034 1    
4.10722745 1    
4.10871882 1    
4.11024002 1    
4.11597001 1    
4.12650000 -1   
4.13545188 -1   
4.23191973 1    
4.23226554 -1   
4.30318353 -1   
4.47188216 1    
4.47290765 -1   
4.59046780 1    
4.63090073 1    
4.63092383 -1   
4.64048460 -1   
4.68691359 1    
4.68815814 1    
4.69863514 1    
4.70016301 1    
4.70163060 1    
4.70289669 1    
4.70440002 1    
4.70589691 1    
4.70714709 1    
4.70865322 1    
4.70989299 1    
4.71139576 1    
4.71300219 1    
4.74388763 1    
4.74537786 1    
4.75387051 1    
4.78610955 1    
4.78760171 1    
4.78885078 1    
4.78886583 -1   
4.79034685 1    
4.85981383 1    
4.86130302 1    
4.86253738 1    
4.86405346 1    
4.88088504 1    
4.88117950 -1   
4.98729324 1    
4.98734995 -1   
5.06605727 1    
5.09592891 1    
5.09740332 1    
5.11841430 1    
5.11991065 1    
5.12115643 1    
5.12965673 1    
5.13115211 1    
5.14937717 1    
5.15088970 1    
5.15214261 1    
5.15364185 1    
5.15489462 1    
5.15638847 1    
5.16613429 1    
5.16760981 1    
5.16888496 1    
5.17037987 1    
5.17188193 1    
5.17313079 1    
5.17325305 -1   
5.17460837 1    
5.17587611 1    
5.17740532 1    
5.17887430 1    
5.18012660 1    
5.18014067 -1   
5.18160357 1    
5.18287567 1    
5.18435460 1    
5.18587240 1    
5.18712319 1    
5.18862028 1    
5.18986612 1    
5.19136776 1    
5.19287304 1    
5.19409522 1    
5.19561766 1    
5.22710221 1    
5.22832388 1    
5.22984708 1    
5.23259338 1    
5.23409544 1    
5.24533925 1    
5.24545607 -1   
5.24656400 1    
5.24808544 1    
5.30553991 1    
5.33903814 1    
5.33975690 1    
5.34153426 1    
5.34278532 1    
5.34428052 1    
5.34578752 1    
5.34702226 1    
5.34850722 1    
5.34977986 1    
5.35127800 1    
5.35277701 1    
5.35402649 1    
5.35552424 1    
5.35677639 1    
5.35825079 1    
5.35977207 1    
5.37076829 1    
5.37226577 1    
5.37376507 1    
5.37501663 1    
5.37926318 1    
5.38075880 1    
5.38102311 -1   
5.38201062 1    
5.38351143 1    
5.38773494 1    
5.38900576 1    
5.39050607 1    
5.39200354 1    
5.40450109 1    
5.40599662 1    
5.40724655 1    
5.40874456 1    
5.40999659 1    
5.41149196 1    
5.41299454 1    
5.41424071 1    
5.41724266 1    
5.41848755 1    
5.41999267 1    
5.42123273 1    
5.42273798 1    
5.42423578 1    
5.42823396 1    
5.42973353 1    
5.43123229 1    
5.43598269 1    
5.43599987 -1   
5.43723037 1    
5.43873089 1    
5.44022834 1    
5.44145365 1    
5.44297319 1    
5.44422274 1    
5.44570502 1    
5.44722239 1    
5.44845338 1    
5.45001441 1    
5.45150058 1    
5.45297019 1    
5.45448137 1    
5.45646591 1    
5.45797006 1    
5.45921518 1    
5.46071723 1    
5.46198239 1    
5.46346284 1    
5.46496384 1    
5.46645163 1    
5.49580743 1    
5.53992587 1    
5.54116979 1    
5.56865565 1    
5.56882171 -1   
5.56988058 1    
5.57139816 1    
5.57860582 -1   
5.63191173 -1   
5.65761146 1    
5.65909992 1    
5.66060257 1    
5.66184952 1    
5.66334732 1    
5.66357645 1    
5.67734580 1    
5.67884118 1    
5.68033817 1    
5.68156574 1    
5.68311446 1    
5.68433705 1    
5.68583824 1    
5.68732976 1    
5.68856350 1    
5.69006315 1    
5.69156088 1    
5.69283415 1    
5.69433529 1    
5.69555641 1    
5.69708529 1    
5.69855552 1    
5.69983412 1    
5.70092199 -1   
5.70132572 1    
5.70255263 1    
5.70408016 1    
5.70557946 1    
5.70682904 1    
5.70832131 1    
5.71257253 1    
5.71381901 1    
5.71532042 1    
5.71681200 1    
5.71806950 1    
5.71956579 1    
5.74405172 1    
5.74554988 1    
5.74705779 1    
5.76104577 1    
5.76252202 1    
5.76378914 1    
5.76529083 1    
5.76651707 1    
5.76803939 1    
5.76814778 -1   
5.76951897 1    
5.77078887 1    
5.77228776 1    
5.77351437 1    
5.77503384 1    
5.77776357 1    
5.78076779 1    
5.78200970 1    
5.78351023 1    
5.78479169 1    
5.78628366 1    
5.78775723 1    
5.78903312 1    
5.79052524 1    
5.79175489 1    
5.79327375 1    
5.79477285 1    
5.79600017 1    
5.79751748 1    
5.79877751 1    
5.80027692 1    
5.80177386 1    
5.80574883 1    
5.80724372 1    
5.80875999 1    
5.81313577 1    
5.83025950 1    
5.83029274 -1   
5.83175090 1    
5.83325113 1    
5.83450148 1    
5.83599839 1    
5.83725128 1    
5.83874810 1    
5.84027445 1    
5.84174629 1    
5.84299463 1    
5.84449478 1    
5.84601261 1    
5.84749173 1    
5.84875844 1    
5.86573644 1    
5.86698627 1    
5.86848154 1    
5.86972864 1    
5.88672367 1    
5.88796831 1    
5.88944746 1    
5.89070046 1    
5.89221674 1    
5.89371815 1    
5.89496443 1    
5.89646708 1    
5.89771450 1    
5.89921206 1    
5.90071150 1    
5.90196465 1    
5.90345990 1    
5.90471090 1    
5.90621066 1    
5.90771123 1    
5.90889648 -1   
5.90892950 1    
5.91045621 1    
5.91170706 1    
5.91320479 1    
5.91470654 1    
5.91596939 1    
5.91745646 1    
5.91895202 1    
5.92020159 1    
5.92170411 1    
5.92295167 1    
5.92442757 1    
5.92595388 1    
5.92719668 1    
5.92867842 1    
5.92994911 1    
5.93144283 1    
5.93294547 1    
5.93813371 -1   
5.93994289 1    
5.94143976 1    
5.95543116 1    
5.95692954 1    
5.95843102 1    
5.95967860 1    
5.96118137 1    
5.96265509 1    
5.96392844 1    
5.96540503 1    
5.96668177 1    
5.96817335 1    
5.97518005 1    
5.97667122 1    
5.97792079 1    
5.97939626 1    
5.98367486 1    
5.98491500 1    
5.98641939 1    
5.98789005 1    
5.99064031 1    
5.99188873 1    
5.99341457 1    
5.99352164 -1   
5.99491351 1    
5.99616105 1    
5.99888464 1    
6.00038368 1    
6.00190795 1    
6.00315265 1    
6.00465782 1    
6.00590617 1    
6.00611874 -1   
6.00737843 1    
6.00887894 1    
6.01015167 1    
6.01165555 1    
6.01290068 1    
6.01440157 1    
6.01715122 1    
6.01864458 1    
6.01989774 1    
6.02139638 1    
6.02414345 1    
6.02564227 1    
6.02689455 1    
6.02839955 1    
6.02989513 1    
6.03113973 1    
6.03261969 1    
6.03413556 1    
6.03538440 1    
6.03838497 1    
6.03964814 1    
6.04264683 1    
6.04638126 1    
6.04641377 -1   
6.04787731 1    
6.04912347 1    
6.05060962 1    
6.05187560 1    
6.05337724 1    
6.05487332 1    
6.05612429 1    
6.05767987 1    
6.05937322 1    
6.06087129 1    
6.06212030 1    
6.06361867 1    
6.06487020 1    
6.06637974 1    
6.06786462 1    
6.06936752 1    
6.07089357 1    
6.07236564 1    
6.07386348 1    
6.07511171 1    
6.07661295 1    
6.07786043 1    
6.07942807 1    
6.08109122 1    
6.08258690 1    
6.08411217 1    
6.08422741 -1   
6.11659030 1    
6.11783833 1    
6.11933865 1    
6.12083633 1    
6.12208756 1    
6.12358580 1    
6.12483585 1    
6.12633543 1    
6.12783504 1    
6.12908327 1    
6.14455215 1    
6.14607209 1    
6.14732426 1    
6.14882149 1    
6.15007143 1    
6.15156691 1    
6.15307167 1    
6.15432104 1    
6.15582859 1    
6.15605874 1    
6.17031064 1    
6.17180945 1    
6.18180417 1    
6.18304663 1    
6.18452769 1    
6.18580119 1    
6.18730191 1    
6.24330540 -1   
6.28925271 1    
6.29073360 1    
6.29198777 1    
6.30596806 1    
6.30745805 1    
6.30870953 1    
6.31826370 -1   
6.32322184 1    
6.32646879 1    
6.32822056 1    
6.33894421 1    
6.34171422 1    
6.35777930 -1   
6.38094404 1    
6.45871519 -1   
6.46513704 1    
6.48137157 1    
6.61860240 -1   
6.62274608 1    
6.80667939 1    
6.80672746 -1   
6.80819773 1    
6.80854715 1    
6.92161216 1    
6.92312746 1    
6.93287156 1    
6.93409908 1    
6.93562196 1    
6.93711897 1    
6.93834766 1    
6.93984349 1    
6.94200157 -1   
6.94833867 1    
6.94959007 1    
6.95810891 1    
6.95960438 1    
6.96085693 1    
6.96235393 1    
6.96358384 1    
6.96510350 1    
6.97521375 1    
6.97523192 -1   
7.13718943 1    
7.13722939 -1   
7.29333226 1    
7.29337653 -1   
7.51029517 1    
7.51033176 -1   
7.51052256 1    
7.57776543 1    
7.57900423 1    
7.58775065 1    
7.58924962 1    
7.59049739 1    
7.59199329 1    
7.59324645 1    
7.59474222 1    
7.59624015 1    
7.59746883 1    
7.60449005 1    
7.60596799 1    
7.60746844 1    
7.61446521 1    
7.61570704 1    
7.61722638 1    
7.61845981 1    
7.61997886 1    
7.62146041 1    
7.62270890 1    
7.62421035 1    
7.62545701 1    
7.62695334 1    
7.62708991 -1   
7.62876667 1    
7.64722831 1    
7.64868944 1    
7.64996688 1    
7.65144114 1    
7.65296230 1    
7.65418959 1    
7.65568550 1    
7.65694229 1    
7.65843887 1    
7.65993506 1    
7.66118555 1    
7.66268751 1    
7.67242890 1    
7.67392770 1    
7.67519640 1    
7.67530656 -1   
7.67669722 1    
7.67819574 1    
7.69068862 1    
7.69218723 1    
7.69344013 1    
7.69493665 1    
7.69643685 1    
7.69768376 1    
7.70743173 1    
7.70744741 -1   
7.70892802 1    
7.71042595 1    
7.71192773 1    
7.71317439 1    
7.71465458 1    
7.72017044 1    
7.72039973 1    
7.87258898 1    
7.87383379 1    
7.88357969 1    
7.88359684 -1   
7.88507705 1    
7.88657484 1    
7.89082189 1    
7.89207155 1    
7.89932155 1    
7.90081612 1    
7.90231561 1    
7.91415944 1    
7.91904063 1    
7.92053398 1    
7.98625454 1    
7.98662704 -1   
7.98776870 1    
7.98901648 1    
7.99049763 1    
7.99174447 1    
7.99324447 1    
7.99474232 1    
7.99601538 1    
8.00826670 1    
8.00975478 1    
8.01125311 1    
8.01548750 1    
8.01673167 1    
8.01823220 1    
8.01972872 1    
8.02098167 1    
8.06835261 1    
8.06837751 -1   
8.07794497 1    
8.07946882 1    
8.08071664 1    
8.08221647 1    
8.08369041 1    
8.08496230 1    
8.08644400 1    
8.08768813 1    
8.08919558 1    
8.09071098 1    
8.09196262 1    
8.09413431 -1   
8.15342888 1    
8.15492150 1    
8.15642316 1    
8.15765039 1    
8.15916913 1    
8.16066777 1    
8.16192008 1    
8.16310196 -1   
8.16361913 1    
8.16467033 1    
8.16614735 1    
8.16767426 1    
8.17166552 1    
8.17316515 1    
8.17468772 1    
8.17591160 1    
8.17741479 1    
8.17891167 1    
8.18015768 1    
8.18165988 1    
8.18291029 1    
8.18990572 1    
8.19137980 1    
8.19290331 1    
8.19415516 1    
8.19565242 1    
8.19690195 1    
8.22895120 1    
8.22898705 -1   
8.25735867 1    
8.25886332 1    
8.26361215 1    
8.26485945 1    
8.26636011 1    
8.28457913 1    
8.28609973 1    
8.29134334 1    
8.29284190 1    
8.29409417 1    
8.29559482 1    
8.38793058 1    
8.38796807 -1   
8.41353349 1    
8.45125812 1    
8.45235738 -1   
8.45275379 1    
8.46175109 1    
8.46185425 -1   
8.46324767 1    
8.46472384 1    
8.47200355 1    
8.47347115 1    
8.47499459 1    
8.47624072 1    
8.47774429 1    
8.47899085 1    
8.48199066 1    
8.48346164 1    
8.48471040 1    
8.51172631 1    
8.54682182 1    
8.54687939 -1   
8.55419365 1    
8.55569206 1    
8.56269378 1    
8.56418911 1    
8.56545187 1    
8.56972492 1    
8.59919318 1    
8.60691851 1    
8.60839209 1    
8.60991479 1    
8.61118059 1    
8.61231361 -1   
8.61267710 1    
8.62240483 1    
8.62388538 1    
8.62516622 1    
8.62963330 1    
8.63090035 1    
8.63240531 1    
8.63690867 1    
8.63815103 1    
8.63964496 1    
8.64089586 1    
8.64239705 1    
8.64387113 1    
8.64587611 1    
8.64712129 1    
8.64862161 1    
8.64987403 1    
8.65136822 1    
8.65286993 1    
8.65411840 1    
8.65562684 1    
8.65686513 1    
8.65838363 1    
8.65986495 1    
8.66586376 1    
8.66596015 -1   
8.66710914 1    
8.66860970 1    
8.69410560 1    
8.69559528 1    
8.69684450 1    
8.70683616 1    
8.70810695 1    
8.70960475 1    
8.71085615 1    
8.71235513 1    
8.71385526 1    
8.71510107 1    
8.71851351 1    
8.71852785 -1   
8.76482925 1    
8.76632167 1    
8.76755023 1    
8.76906712 1    
8.77030598 1    
8.77179658 1    
8.77331659 1    
8.77454536 1    
8.77607111 1    
8.77731841 1    
8.77881730 1    
8.78029284 1    
8.78154564 1    
8.78306741 1    
8.78454268 1    
8.78579034 1    
8.78728788 1    
8.78853811 1    
8.79003854 1    
8.79153500 1    
8.80405730 1    
8.80552955 1    
8.80680294 1    
8.80827681 1    
8.80977786 1    
8.80982499 -1   
8.82229039 1    
8.82376672 1    
8.82504499 1    
8.82653974 1    
8.82778655 1    
8.82928687 1    
8.85102739 1    
8.85250157 1    
8.85402175 1    
8.85527467 1    
8.85677246 1    
8.85802120 1    
8.85952715 1    
8.86069860 -1   
8.86122174 1    
8.86801384 1    
8.86926656 1    
8.87076407 1    
8.87224260 1    
8.87349046 1    
8.87501116 1    
8.87623630 1    
8.88512414 1    
8.88514221 -1   
9.00394789 1    
9.00544028 1    
9.00669336 1    
9.00816398 1    
9.00944218 1    
9.01093287 1    
9.01243121 1    
9.01366061 1    
9.01518144 1    
9.01667787 1    
9.02067955 1    
9.02217697 1    
9.02367465 1    
9.02490418 1    
9.02640893 1    
9.02765450 1    
9.03564970 1    
9.04563858 1    
9.04567893 -1   
9.07815029 1    
9.08514403 1    
9.08661931 1    
9.08813744 1    
9.09613458 1    
9.10513052 1    
9.10660783 1    
9.10812839 1    
9.10937114 1    
9.11087606 1    
9.11212574 1    
9.11587211 1    
9.11737335 1    
9.11859833 1    
9.12012374 1    
9.12136883 1    
9.12287056 1    
9.12436511 1    
9.12559827 1    
9.12711381 1    
9.12836359 1    
9.12986616 1    
9.14261126 1    
9.15460356 1    
9.15480720 -1   
9.15582776 1    
9.15734389 1    
9.16351761 -1   
9.20244730 1    
9.20246640 -1   
9.40201399 -1   
9.45169025 1    
9.45315897 1    
9.45439880 1    
9.45565739 1    
9.45718212 1    
9.47368913 1    
9.49266209 1    
9.49390638 1    
9.49541166 1    
9.49690759 1    
9.49815580 1    
9.49965326 1    
9.50115265 1    
9.50237978 1    
9.50553120 -1   
9.55966350 -1   
9.60972365 1    
9.61207878 -1   
9.70154950 1    
9.70184934 -1   
9.75553325 -1   
9.76802080 1    
9.77838621 -1   
9.91245294 -1   
9.93500702 1    
9.96088695 1    
9.96239199 1    
9.96388753 1    
9.96512511 1    
9.96663386 1    
9.96788751 1    
9.96939520 1    
9.97088218 1    
9.97401432 -1   
9.99712579 1    
9.99859433 1    
10.00012049 1    
10.00136857 1    
10.00286598 1    
10.00411571 1    
10.00725015 -1   
10.04334440 1    
10.05289188 -1   
10.11541716 1    
10.11545802 -1   
10.16875573 1    
10.17026526 1    
10.17176008 1    
10.17302892 1    
10.17451567 1    
10.17575145 1    
10.17725154 1    
10.17876696 1    
10.19674912 1    
10.19823144 1    
10.19975726 1    
10.20102125 1    
10.27168558 1    
10.27174274 -1   
10.28144811 -1   
10.31194680 1    
10.31343787 1    
10.31468809 1    
10.31618466 1    
10.31743943 1    
10.31893450 1    
10.32041353 1    
10.32168234 1    
10.34392951 1    
10.34542230 1    
10.34691951 1    
10.34816673 1    
10.34967796 1    
10.42751703 1    
10.42754063 -1   
10.43706410 -1   
10.58237612 -1   
10.60211945 1    
10.79501219 1    
10.98816734 1    
10.98831016 -1   
11.13995542 1    
11.14224467 1    
12.02831484 1    
14.99888278 -1   
20.70635430 1    
28.43691863 1    
30.44560947 -1   
30.45499195 -1   
30.59936936 -1   
