0.00000000 -1   
0.88733595 -1   
1.04339708 -1   
1.13760043 1    
1.19751793 -1   
1.29911688 1    
1.30896948 -1   
1.36926166 -1   
1.47251230 1    
1.50656371 1    
1.52804871 1    
1.58924468 1    
1.58957265 -1   
1.59048783 1    
1.66137989 1    
1.80368086 -1   
1.81551288 1    
1.95810437 -1   
2.00495970 1    
2.03375779 1    
2.04425454 1    
2.16090712 1    
2.16121695 -1   
2.37339210 1    
2.37374195 -1   
2.54006869 1    
2.54036938 -1   
2.74520818 1    
2.74554043 -1   
2.90110856 1    
3.91783389 -1   
4.14380222 1    
4.14530241 1    
4.14577344 1    
4.15352853 1    
4.15502273 1    
4.15652152 1    
4.17676542 1    
4.17827719 1    
4.18287799 -1   
4.19203556 -1   
4.19232209 1    
4.30141826 1    
4.30173696 -1   
4.34821105 -1   
4.51968458 1    
4.52068368 -1   
4.66325271 1    
4.67844792 1    
4.67847274 -1   
4.68800147 -1   
4.73246748 1    
4.73395799 1    
4.74221611 1    
4.75018464 1    
4.75144678 1    
4.76844592 1    
4.76994309 1    
4.77743670 1    
4.77868710 1    
4.78018205 1    
4.78168651 1    
4.78918084 1    
4.81366896 1    
4.81491432 1    
4.81641509 1    
4.81915866 1    
4.82204296 -1   
4.83515792 1    
4.83518200 -1   
4.83640365 1    
4.83789769 1    
4.83940066 1    
4.88987055 1    
4.89109638 1    
4.89262076 1    
4.89411019 1    
4.98861787 -1   
5.05937621 1    
5.07676915 1    
5.14423812 1    
5.14570488 1    
5.14572859 -1   
5.15422698 1    
5.16444620 1    
5.16594260 1    
5.18443809 1    
5.18593050 1    
5.18717767 1    
5.19418098 1    
5.19567359 1    
5.19717427 1    
5.19842126 1    
5.19992358 1    
5.20117077 1    
5.20467285 1    
5.20616687 1    
5.20741648 1    
5.20891673 1    
5.21016685 1    
5.21166373 1    
5.21316626 1    
5.21566262 1    
5.21579135 -1   
5.21690341 1    
5.23441247 1    
5.23590771 1    
5.24467573 1    
5.24616129 1    
5.25289728 1    
5.25440556 1    
5.25590996 1    
5.25713630 1    
5.25865656 1    
5.26015998 1    
5.26140796 1    
5.26291080 1    
5.26413428 1    
5.26565789 1    
5.26715280 1    
5.26840676 1    
5.26990153 1    
5.27113089 1    
5.27265683 1    
5.27412860 1    
5.27540364 1    
5.28190731 1    
5.28339726 1    
5.30137446 1    
5.30285957 1    
5.30411416 1    
5.30562634 1    
5.32013339 1    
5.32016501 -1   
5.32162725 1    
5.32312210 1    
5.32437516 1    
5.34011506 1    
5.34136325 1    
5.34286097 1    
5.34436404 1    
5.34560713 1    
5.34708959 1    
5.34860845 1    
5.34987133 1    
5.35260425 1    
5.35408552 1    
5.35535326 1    
5.35685167 1    
5.35835252 1    
5.35960145 1    
5.36109947 1    
5.36234980 1    
5.36384739 1    
5.36534941 1    
5.36659500 1    
5.36807419 1    
5.36959343 1    
5.37084560 1    
5.37234534 1    
5.37244094 -1   
5.37359575 1    
5.37506919 1    
5.37659132 1    
5.37783336 1    
5.37935823 1    
5.38083417 1    
5.38208831 1    
5.38358753 1    
5.38508431 1    
5.38633565 1    
5.38783849 1    
5.38909817 1    
5.39058469 1    
5.39258311 1    
5.39408084 1    
5.39532917 1    
5.39683191 1    
5.40005739 1    
5.40157763 1    
5.40307595 1    
5.40432858 1    
5.40882401 1    
5.41004871 1    
5.41154836 1    
5.41307619 1    
5.41429702 1    
5.41582330 1    
5.41707233 1    
5.41857487 1    
5.42005703 1    
5.42134969 1    
5.42282925 1    
5.42431972 1    
5.42556269 1    
5.42706800 1    
5.42831266 1    
5.42946400 -1   
5.43000018 1    
5.43130812 1    
5.43256122 1    
5.43405741 1    
5.43532936 1    
5.43680834 1    
5.43830426 1    
5.43981044 1    
5.44105540 1    
5.44255287 1    
5.44380550 1    
5.44530189 1    
5.44678095 1    
5.44803041 1    
5.44954779 1    
5.45049651 1    
5.45279965 1    
5.45795182 -1   
5.45873282 1    
5.46004375 1    
5.46154463 1    
5.46302272 1    
5.47903846 1    
5.47906754 -1   
5.48053733 1    
5.48200869 1    
5.48816707 -1   
5.49752929 1    
5.60454811 1    
5.63376191 -1   
5.67590820 1    
5.67716805 1    
5.75876367 1    
5.76461929 1    
5.76612029 1    
5.77536202 1    
5.77686525 1    
5.77811101 1    
5.77961651 1    
5.78083830 1    
5.78235698 1    
5.78385849 1    
5.78511032 1    
5.78660501 1    
5.78785781 1    
5.78935314 1    
5.79085516 1    
5.79210557 1    
5.79360119 1    
5.79510133 1    
5.79628931 -1   
5.79634772 1    
5.79785497 1    
5.79907967 1    
5.80059816 1    
5.80209825 1    
5.80211333 -1   
5.80334262 1    
5.83481224 1    
5.83632406 1    
5.83782656 1    
5.83908044 1    
5.84057584 1    
5.84207192 1    
5.84332225 1    
5.84482541 1    
5.84607232 1    
5.84757374 1    
5.84904894 1    
5.85029814 1    
5.85179612 1    
5.85304366 1    
5.85454523 1    
5.85604608 1    
5.85731904 1    
5.85881601 1    
5.86004220 1    
5.86156426 1    
5.86306566 1    
5.86430952 1    
5.86581412 1    
5.86704058 1    
5.86855952 1    
5.87006033 1    
5.87130653 1    
5.87281109 1    
5.87405448 1    
5.87555294 1    
5.87703284 1    
5.87830874 1    
5.87838033 -1   
5.87981292 1    
5.88530469 1    
5.88680487 1    
5.88804958 1    
5.88954938 1    
5.89104782 1    
5.89229492 1    
5.89979349 1    
5.90129043 1    
5.90279119 1    
5.90404354 1    
5.90553723 1    
5.90703983 1    
5.91128892 1    
5.91278606 1    
5.91401254 1    
5.91553526 1    
5.91675986 1    
5.91943985 1    
5.92571563 -1   
5.95502484 -1   
6.01048030 1    
6.01197808 1    
6.04971295 1    
6.05120490 1    
6.05245184 1    
6.05793191 1    
6.05918401 1    
6.06069854 1    
6.06219905 1    
6.06344582 1    
6.06869804 1    
6.07019174 1    
6.07144094 1    
6.07791979 1    
6.07944000 1    
6.08095465 1    
6.08216652 1    
6.08368462 1    
6.08516565 1    
6.08643273 1    
6.08666313 1    
6.08843921 1    
6.08993539 1    
6.09115880 1    
6.09268416 1    
6.09390718 1    
6.09540768 1    
6.09690796 1    
6.09702616 -1   
6.09815630 1    
6.10768409 1    
6.10915152 1    
6.11067215 1    
6.12967265 1    
6.12971368 -1   
6.13114004 1    
6.13240692 1    
6.13391040 1    
6.13513614 1    
6.13966512 1    
6.14113289 1    
6.14240157 1    
6.14638171 1    
6.15315881 1    
6.15439682 1    
6.15589917 1    
6.15737317 1    
6.15862411 1    
6.16239119 1    
6.16389015 1    
6.16511542 1    
6.16665179 1    
6.16788732 1    
6.16939080 1    
6.17088755 1    
6.17211833 1    
6.17364527 1    
6.17486208 1    
6.17493716 -1   
6.17636353 1    
6.17785898 1    
6.17910948 1    
6.18063198 1    
6.18213239 1    
6.18338187 1    
6.18488232 1    
6.18635454 1    
6.18760673 1    
6.18910503 1    
6.19062931 1    
6.19210256 1    
6.19338210 1    
6.19487624 1    
6.19610138 1    
6.19762253 1    
6.19910132 1    
6.20037319 1    
6.20187098 1    
6.20309543 1    
6.22566512 1    
6.22708510 1    
6.22860926 1    
6.22985238 1    
6.23135702 1    
6.23260441 1    
6.23410319 1    
6.23559782 1    
6.23684985 1    
6.23835129 1    
6.23947053 -1   
6.23998785 1    
6.24107576 1    
6.24260157 1    
6.24409589 1    
6.24501133 1    
6.25434103 1    
6.25583093 1    
6.26258444 1    
6.26408633 1    
6.26533208 1    
6.27134007 1    
6.27257318 1    
6.27982944 1    
6.28132490 1    
6.28282419 1    
6.28407512 1    
6.28557111 1    
6.28704845 1    
6.29157222 1    
6.29158675 -1   
6.29307153 1    
6.29431837 1    
6.29581801 1    
6.29704083 1    
6.29856804 1    
6.30004151 1    
6.30131223 1    
6.30280505 1    
6.31630806 1    
6.31780510 1    
6.31905718 1    
6.32053039 1    
6.32180128 1    
6.32329970 1    
6.32480150 1    
6.32604698 1    
6.32754507 1    
6.32879609 1    
6.33029831 1    
6.33329456 1    
6.33479436 1    
6.34478677 1    
6.34601485 1    
6.34753407 1    
6.34901114 1    
6.35576008 1    
6.35701192 1    
6.35852811 1    
6.36527921 1    
6.36675167 1    
6.37801987 1    
6.38916476 -1   
6.41167721 1    
6.43522025 1    
6.43673877 1    
6.52993501 1    
6.52999319 -1   
6.53143489 1    
6.58981585 1    
6.66413089 1    
6.74649088 1    
6.74655627 -1   
6.77777680 1    
6.77901608 1    
6.84925582 1    
6.85047604 1    
6.90279740 1    
6.90282259 -1   
6.95419368 1    
6.95543647 1    
7.06076354 1    
7.06080001 -1   
7.16232547 1    
7.16379770 1    
7.18154108 1    
7.18303444 1    
7.18430952 1    
7.19048505 -1   
7.21155091 1    
7.21301800 1    
7.21667016 1    
7.21668379 -1   
7.22780488 1    
7.22903035 1    
7.25800328 1    
7.25951251 1    
7.26076316 1    
7.26626138 1    
7.33920444 1    
7.37340410 1    
7.37344361 -1   
7.45170841 1    
7.53197774 1    
7.53201377 -1   
7.58256554 1    
7.58407827 1    
7.60206337 1    
7.60355317 1    
7.60504654 1    
7.67751323 1    
7.67780224 -1   
7.67900487 1    
7.68027370 1    
7.68175502 1    
7.68299958 1    
7.68650277 1    
7.68799665 1    
7.68949461 1    
7.68989505 1    
7.68991181 -1   
7.70601779 1    
7.70725946 1    
7.70875857 1    
7.71025802 1    
7.71150497 1    
7.71650274 1    
7.71800391 1    
7.71924945 1    
7.75349375 1    
7.75495817 1    
7.75648460 1    
7.76922640 1    
7.77072216 1    
7.77196963 1    
7.79671693 1    
7.79821901 1    
7.79945514 1    
7.84795887 1    
7.84915388 1    
7.85184821 1    
7.85186177 -1   
7.86317219 1    
7.86466751 1    
7.86616960 1    
7.88317849 1    
7.98683827 1    
7.98807914 1    
7.99734502 1    
7.99884283 1    
8.00007024 1    
8.00658532 1    
8.00808452 1    
8.00958294 1    
8.01081326 1    
8.01233264 1    
8.01381280 1    
8.01508208 1    
8.01658287 1    
8.01804927 1    
8.01806303 -1   
8.01983187 1    
8.02107636 1    
8.02258341 1    
8.02382637 1    
8.02532627 1    
8.02682430 1    
8.03232111 1    
8.03381780 1    
8.04131773 1    
8.04281410 1    
8.04431534 1    
8.07205292 1    
8.07226202 -1   
8.07329737 1    
8.07479535 1    
8.08529348 1    
8.08678885 1    
8.16417692 -1   
8.17478905 1    
8.17482052 -1   
8.18422302 -1   
8.34244251 -1   
8.40019378 1    
8.41259172 1    
8.58228988 1    
8.58234602 -1   
8.59263146 -1   
8.65524959 1    
8.65646778 1    
8.73980638 1    
8.73986344 -1   
8.82410311 1    
8.82559601 1    
8.83961684 1    
8.84108713 1    
8.84236386 1    
8.85635645 1    
8.85784485 1    
8.86310196 1    
8.89464977 1    
8.89468654 -1   
8.91257226 1    
8.91406627 1    
8.96629800 1    
8.96778540 1    
8.96903667 1    
8.97850912 1    
8.98001123 1    
8.98827338 1    
9.04654964 1    
9.04800100 1    
9.04857001 -1   
9.05058789 1    
9.05061889 -1   
9.05846882 1    
9.16469038 1    
9.16614873 1    
9.20689252 1    
9.29735376 1    
9.29772961 -1   
9.30763605 -1   
9.36252010 1    
9.38978078 1    
9.39104899 1    
9.46404421 -1   
9.46975478 1    
9.47097498 1    
9.47247529 1    
9.58168987 1    
9.58318461 1    
9.58365882 1    
9.59468142 1    
9.59617642 1    
9.61816921 1    
9.66389220 1    
9.66391592 -1   
9.66511722 1    
9.66663760 1    
9.67376755 -1   
9.68138438 1    
9.68287580 1    
9.68437413 1    
9.68562466 1    
9.68712579 1    
9.68987266 1    
9.69110057 1    
9.69262199 1    
9.69412153 1    
9.69536801 1    
9.69686703 1    
9.69836637 1    
9.73932596 1    
9.73960352 -1   
9.79131860 1    
9.82205293 1    
9.82961515 -1   
9.83282988 -1   
9.87153095 1    
9.89874824 1    
9.89907351 -1   
9.94171519 1    
9.96746456 1    
9.96894124 1    
9.97021437 1    
9.97569374 1    
9.97705329 -1   
9.97733462 1    
9.97843684 1    
9.97993633 1    
9.98118488 1    
9.98271032 1    
9.98418501 1    
9.98545679 1    
9.98695021 1    
9.98821946 1    
9.98844598 -1   
10.00792620 1    
10.00919371 1    
10.02439930 -1   
10.05412420 1    
10.13487475 1    
10.13609460 1    
10.13761859 1    
10.13911545 1    
10.14036776 1    
10.14461432 1    
10.14611394 1    
10.14736015 1    
10.14886206 1    
10.15010974 1    
10.15160865 1    
10.15310807 1    
10.15435902 1    
10.15585517 1    
10.15710397 1    
10.15711855 -1   
10.15860690 1    
10.16010307 1    
10.16160346 1    
10.16285176 1    
10.16433226 1    
10.16584880 1    
10.16709924 1    
10.16859977 1    
10.17010572 1    
10.19341048 -1   
10.24922382 1    
10.25876466 -1   
10.31331770 -1   
10.93492285 1    
10.93613623 1    
10.93678438 1    
11.01337529 1    
11.01486489 1    
11.11861784 1    
11.12004051 1    
11.12128920 1    
11.13040587 1    
11.16253977 1    
11.20299952 1    
11.20448557 1    
11.25021860 1    
11.25173067 1    
11.25295989 1    
11.27022338 1    
11.27146962 1    
11.28023232 1    
11.28033914 -1   
11.28171310 1    
11.28320966 1    
11.28457910 1    
11.30120520 1    
11.30270195 1    
11.31144527 1    
11.31293071 1    
11.31444231 1    
11.32116981 1    
11.32268930 1    
11.35243326 1    
11.35391898 1    
11.35542165 1    
11.36191563 1    
11.36314587 1    
11.38038509 1    
11.38190647 1    
11.38313063 1    
11.39065037 1    
11.39212514 1    
11.39339932 1    
11.40039447 1    
11.40189565 1    
11.40338972 1    
11.42938262 1    
11.43039032 1    
11.43415266 -1   
11.44312766 1    
11.44462073 1    
11.44584804 1    
11.44736970 1    
11.44860114 1    
11.45009098 1    
11.45158974 1    
11.45279690 -1   
11.45497465 1    
11.49309753 1    
11.49434581 1    
11.49584090 1    
11.49706814 1    
11.49858719 1    
11.50359041 1    
11.50508704 1    
11.50658435 1    
11.50783262 1    
11.50933210 1    
11.51082799 1    
11.52533229 1    
11.53404673 1    
11.53556708 1    
11.53681920 1    
11.53831890 1    
11.53956535 1    
11.55481439 1    
11.55603162 1    
11.55755427 1    
11.56479937 1    
11.56602526 1    
11.56755103 1    
11.56905405 1    
11.57330058 1    
11.58179325 1    
11.58301594 1    
11.59028592 1    
11.59178503 1    
11.59778280 1    
11.59779672 -1   
11.59901144 1    
11.60052727 1    
11.60952666 1    
11.61102122 1    
11.61227047 1    
11.64736022 1    
11.66074891 1    
11.66224096 1    
11.70572604 1    
11.71546979 1    
11.71564196 -1   
11.72532637 -1   
11.79397217 -1   
11.80125156 1    
11.94738742 -1   
12.27708589 1    
12.27739519 -1   
12.43196792 1    
12.43202582 -1   
12.58790464 1    
12.58794142 -1   
12.78642577 -1   
12.99898360 1    
13.00047762 1    
13.00071102 1    
13.01774246 1    
13.01921695 1    
13.02619085 1    
13.02771508 1    
13.03596052 1    
13.10168194 1    
13.10314844 1    
13.10442184 1    
13.10589538 1    
13.10714604 1    
13.10866503 1    
13.11016734 1    
13.11027686 -1   
13.11141587 1    
13.17138740 1    
13.17287743 1    
13.17379215 1    
13.18285327 1    
13.19409899 1    
13.19561338 1    
13.19686757 1    
13.19834386 1    
13.19961143 1    
13.20111321 1    
13.20260687 1    
13.22408414 1    
13.22532409 1    
13.22682559 1    
13.23582081 1    
13.33267161 1    
13.33270680 -1   
13.34977866 1    
13.35102732 1    
13.37901828 1    
13.38051094 1    
13.38175941 1    
13.39075531 1    
13.39200524 1    
13.40724480 1    
13.41723937 1    
13.41873931 1    
13.41999006 1    
13.42798383 1    
13.42948481 1    
13.45002023 1    
13.45147153 1    
13.45271796 1    
13.49314847 1    
13.52843011 1    
13.52992762 1    
13.61538494 1    
13.61556712 -1   
13.61687447 1    
13.68500818 1    
14.01513786 1    
14.01639715 1    
14.01687070 1    
14.02512743 1    
14.02636774 1    
14.03489289 1    
14.03507383 -1   
14.03611500 1    
14.03763372 1    
14.04488955 1    
14.04637950 1    
14.04762876 1    
14.06585453 1    
14.06709363 1    
14.07611781 1    
14.07736409 1    
14.07885969 1    
14.08508856 1    
14.08635342 1    
14.08786724 1    
14.08908221 1    
14.09060511 1    
14.09210547 1    
14.09333091 1    
14.09482806 1    
14.09607951 1    
14.09759548 1    
14.09907705 1    
14.10034694 1    
14.10184045 1    
14.10309813 1    
14.10459889 1    
14.10607090 1    
14.10733843 1    
14.10884184 1    
14.17199955 1    
14.18885039 -1   
14.82422380 -1   
15.09551708 1    
15.28986021 1    
15.88156523 1    
21.54740546 -1   
29.64299341 -1   
