0.00000000 -1   
0.23583618 1    
0.23606167 -1   
0.39051837 1    
0.39056263 -1   
0.54651509 1    
0.54656945 -1   
0.70631212 1    
0.70659563 -1   
0.88845953 1    
0.88879111 -1   
1.07512274 1    
1.07529967 -1   
1.23003911 1    
1.47902267 -1   
1.58606802 1    
1.67421334 -1   
1.73978824 1    
1.82816295 -1   
2.02006082 1    
2.02040706 -1   
2.17524036 1    
2.17563754 -1   
2.33839338 1    
5.11852374 1    
5.11971245 1    
5.12018126 1    
5.13043678 1    
5.13167439 1    
5.14667968 1    
5.14816978 1    
5.14966527 1    
5.15367023 1    
5.16304396 -1   
5.17283917 -1   
5.27507308 1    
5.27540748 -1   
5.32868169 -1   
5.48179050 -1   
5.60853481 1    
5.63570722 -1   
5.65065275 1    
5.69437789 1    
5.70237468 1    
5.70325645 -1   
5.70384984 1    
5.71761779 1    
5.71883773 1    
5.72035932 1    
5.72810797 1    
5.72960384 1    
5.73085536 1    
5.73235509 1    
5.73360507 1    
5.73510240 1    
5.73660082 1    
5.73784220 1    
5.73935125 1    
5.74059736 1    
5.79233784 1    
5.79237660 -1   
5.79381014 1    
5.84554598 1    
5.84678728 1    
5.85804340 1    
5.85952937 1    
5.86019155 1    
5.99425506 -1   
6.01404206 1    
6.04043313 1    
6.09990192 1    
6.10138992 1    
6.12988349 1    
6.13112956 1    
6.13262883 1    
6.13887119 1    
6.13899691 -1   
6.14037521 1    
6.14912034 1    
6.15061404 1    
6.15064924 -1   
6.16785803 1    
6.16935249 1    
6.17060577 1    
6.17210406 1    
6.17360311 1    
6.17485017 1    
6.17486411 1    
6.17759652 1    
6.17885336 1    
6.18034469 1    
6.18559597 1    
6.18711155 1    
6.18859237 1    
6.18984093 1    
6.19133971 1    
6.19558664 1    
6.19683971 1    
6.19833477 1    
6.19984083 1    
6.20106764 1    
6.20258619 1    
6.20408353 1    
6.20558141 1    
6.20706245 1    
6.20858148 1    
6.20982896 1    
6.21133077 1    
6.21257591 1    
6.21407745 1    
6.21557550 1    
6.21681572 1    
6.21832447 1    
6.24131614 1    
6.24280894 1    
6.24291686 -1   
6.25680884 1    
6.25830103 1    
6.25980143 1    
6.26102736 1    
6.28652614 1    
6.28803414 1    
6.28953657 1    
6.29078119 1    
6.29453232 1    
6.29578125 1    
6.29727421 1    
6.29878028 1    
6.30477819 1    
6.30627433 1    
6.30752749 1    
6.30902080 1    
6.31027262 1    
6.31028611 -1   
6.31177175 1    
6.32476341 1    
6.32626571 1    
6.32751252 1    
6.32901304 1    
6.33050963 1    
6.33176326 1    
6.33325725 1    
6.33473558 1    
6.33598461 1    
6.33748473 1    
6.33873233 1    
6.34023316 1    
6.34172985 1    
6.34298240 1    
6.34447854 1    
6.34572740 1    
6.34725190 1    
6.34875469 1    
6.34940708 1    
6.35100484 1    
6.35249960 1    
6.35399875 1    
6.36797003 1    
6.36948795 1    
6.37948206 1    
6.37960267 -1   
6.40947706 1    
6.41094320 1    
6.41246749 1    
6.42995509 1    
6.43145336 1    
6.43295537 1    
6.43420204 1    
6.43570170 1    
6.43692938 1    
6.43844736 1    
6.43995564 1    
6.44119514 1    
6.44269459 1    
6.44419462 1    
6.44544537 1    
6.44694253 1    
6.44818948 1    
6.44966996 1    
6.45119371 1    
6.45268571 1    
6.45393719 1    
6.45544022 1    
6.45669145 1    
6.45818871 1    
6.45969045 1    
6.46093450 1    
6.46243678 1    
6.46368345 1    
6.46918049 1    
6.46919547 -1   
6.47040857 1    
6.47190741 1    
6.47343399 1    
6.47467668 1    
6.47615907 1    
6.47740471 1    
6.47892700 1    
6.48042326 1    
6.48167558 1    
6.48317462 1    
6.48692453 1    
6.48841899 1    
6.48967059 1    
6.49116781 1    
6.49127202 -1   
6.49239653 1    
6.49716538 1    
6.49841563 1    
6.50382910 1    
6.50738940 1    
6.50890756 1    
6.51770442 1    
6.51917265 1    
6.52065362 1    
6.52740023 1    
6.52889942 1    
6.53039457 1    
6.53164641 1    
6.53314374 1    
6.53729421 -1   
6.53759265 1    
6.53889324 1    
6.54039278 1    
6.55463355 1    
6.55613553 1    
6.56362884 1    
6.56512486 1    
6.56712860 1    
6.56862302 1    
6.57512518 1    
6.58712331 1    
6.58861431 1    
6.58984325 1    
6.59136042 1    
6.59261435 1    
6.59412003 1    
6.59561030 1    
6.59683625 1    
6.59799303 -1   
6.59851133 1    
6.59960339 1    
6.60112469 1    
6.60258373 1    
6.60383282 1    
6.60535236 1    
6.60660464 1    
6.60808081 1    
6.60959649 1    
6.61082825 1    
6.61234834 1    
6.61359827 1    
6.61510102 1    
6.61659513 1    
6.61782587 1    
6.61934572 1    
6.62059528 1    
6.62211609 1    
6.62358686 1    
6.62482028 1    
6.62633698 1    
6.62783715 1    
6.62911191 1    
6.63058181 1    
6.63059483 -1   
6.63183829 1    
6.63333090 1    
6.63483457 1    
6.63611438 1    
6.63758194 1    
6.63882776 1    
6.64033543 1    
6.64183020 1    
6.64308906 1    
6.64457951 1    
6.64615039 1    
6.64732331 1    
6.64881420 1    
6.65005570 1    
6.65157289 1    
6.65308675 1    
6.65432546 1    
6.65957096 1    
6.66083051 1    
6.66506858 1    
6.66656937 1    
6.67507512 1    
6.67656741 1    
6.68306192 1    
6.68456262 1    
6.68579505 1    
6.68730727 1    
6.68903262 1    
6.69055449 1    
6.69605063 1    
6.69613465 -1   
6.69677038 1    
6.71929211 1    
6.72078472 1    
6.72228567 1    
6.72351617 1    
6.72503292 1    
6.72651376 1    
6.72778297 1    
6.73003382 1    
6.73153040 1    
6.73274022 -1   
6.73277003 1    
6.74427257 1    
6.74577308 1    
6.74727305 1    
6.74852347 1    
6.75001971 1    
6.75151795 1    
6.75274800 1    
6.75426224 1    
6.75651944 1    
6.75801888 1    
6.75951422 1    
6.76076531 1    
6.76224113 1    
6.76351524 1    
6.76501088 1    
6.76651485 1    
6.76775989 1    
6.76923793 1    
6.77050162 1    
6.77200893 1    
6.77350818 1    
6.77475740 1    
6.77625550 1    
6.77749938 1    
6.77898147 1    
6.78050307 1    
6.78175060 1    
6.78325247 1    
6.78475141 1    
6.78597754 1    
6.78750142 1    
6.78875363 1    
6.78876884 -1   
6.79024878 1    
6.79174929 1    
6.79324222 1    
6.79449850 1    
6.79599839 1    
6.79749516 1    
6.79874347 1    
6.80023663 1    
6.80149219 1    
6.80296808 1    
6.80448855 1    
6.80573848 1    
6.80723874 1    
6.80848551 1    
6.80875160 -1   
6.80996643 1    
6.81146260 1    
6.81273026 1    
6.81423261 1    
6.81548794 1    
6.81698202 1    
6.81848288 1    
6.82047844 1    
6.82198123 1    
6.83072407 1    
6.83221535 1    
6.83897566 1    
6.84046889 1    
6.84196674 1    
6.84322013 1    
6.84471494 1    
6.84621509 1    
6.84996309 1    
6.85146670 1    
6.85294052 1    
6.87495845 1    
6.87644635 1    
6.87794764 1    
6.87944627 1    
6.88069589 1    
6.88219247 1    
6.88369251 1    
6.88519238 1    
6.88719570 1    
6.88844027 1    
6.89065766 -1   
6.89967040 1    
6.90116035 1    
6.90265873 1    
6.90418265 1    
6.90566255 1    
6.90718228 1    
6.90868238 1    
6.91015806 1    
6.91290886 1    
6.91440717 1    
6.91565212 1    
6.91717665 1    
6.91842704 1    
6.91992540 1    
6.92142572 1    
6.92267123 1    
6.92414971 1    
6.92542149 1    
6.92689584 1    
6.92842074 1    
6.92966970 1    
6.93117019 1    
6.93242048 1    
6.93389220 1    
6.93542068 1    
6.93666659 1    
6.93816300 1    
6.93942074 1    
6.94091282 1    
6.94241210 1    
6.94366449 1    
6.94516100 1    
6.94641285 1    
6.94642787 -1   
6.94790489 1    
6.94940731 1    
6.95063765 1    
6.95214908 1    
6.95340524 1    
6.95490092 1    
6.95640590 1    
6.95765273 1    
6.95914228 1    
6.99009558 -1   
7.01263169 1    
7.01411737 1    
7.01537030 1    
7.01686492 1    
7.01837178 1    
7.01961537 1    
7.02336225 1    
7.02460746 1    
7.02770825 -1   
7.04385925 1    
7.04535025 1    
7.06411827 1    
7.06558953 1    
7.12206258 1    
7.12210416 -1   
7.14636854 1    
7.18577712 1    
7.27800321 -1   
7.30970797 1    
7.31119875 1    
7.34013476 1    
7.47441298 -1   
7.48235405 1    
7.48359989 1    
7.48510093 1    
7.49859400 1    
7.51731429 1    
7.51857938 1    
7.52007952 1    
7.53815814 -1   
7.54811944 1    
7.62932043 -1   
7.67623409 1    
7.67771990 1    
7.67924484 1    
7.69448447 1    
7.69596011 1    
7.70372489 1    
7.70520205 1    
7.70672244 1    
7.70797329 1    
7.70947030 1    
7.71072262 1    
7.71221956 1    
7.71232874 -1   
7.72376384 1    
7.75169292 1    
7.82671639 -1   
7.90629877 1    
7.92485652 1    
7.92635215 1    
8.01430784 1    
8.01434604 -1   
8.01552683 1    
8.05452909 1    
8.05577623 1    
8.05727108 1    
8.07914814 1    
8.09407880 -1   
8.10649701 1    
8.10799316 1    
8.10949401 1    
8.11074324 1    
8.11224345 1    
8.11346796 1    
8.11497121 1    
8.11649221 1    
8.11773575 1    
8.11923007 1    
8.12073834 1    
8.12222735 1    
8.12348712 1    
8.13822882 1    
8.13947718 1    
8.14097446 1    
8.14572132 1    
8.20069397 1    
8.20072600 -1   
8.20219600 1    
8.21018480 1    
8.21143643 1    
8.21293075 1    
8.22042849 1    
8.22192701 1    
8.22343012 1    
8.23267136 1    
8.23419254 1    
8.24366588 1    
8.25483084 1    
8.29064738 1    
8.29213977 1    
8.32685183 1    
8.40313266 -1   
8.44870575 1    
8.45552413 1    
8.45704524 1    
8.47928580 1    
8.48078019 1    
8.48228081 1    
8.48353131 1    
8.48502537 1    
8.49027526 1    
8.49152345 1    
8.49300256 1    
8.51151413 1    
8.51301517 1    
8.51451112 1    
8.52406277 1    
8.52420308 -1   
8.52548338 1    
8.52698206 1    
8.54674706 1    
8.54824431 1    
8.54949450 1    
8.55097074 1    
8.55224033 1    
8.55373872 1    
8.55523703 1    
8.55648564 1    
8.55766857 -1   
8.55820638 1    
8.55948841 1    
8.56073724 1    
8.56077214 -1   
8.57872508 1    
8.61078073 1    
8.61920321 1    
8.62969516 1    
8.63119581 1    
8.64043794 1    
8.64168848 1    
8.64318571 1    
8.65868119 1    
8.66017768 1    
8.66142709 1    
8.66292511 1    
8.66417552 1    
8.66567447 1    
8.67317300 1    
8.67441806 1    
8.67991907 1    
8.68141331 1    
8.68291562 1    
8.76042286 -1   
8.76624983 1    
8.85482033 1    
8.85631454 1    
8.87155839 1    
8.87303437 1    
8.87430387 1    
8.87753116 1    
8.87877656 1    
8.88030053 1    
8.89654467 1    
8.89778971 1    
8.90654215 1    
8.90665187 -1   
8.91655561 -1   
8.92041160 1    
8.94280946 1    
9.00522443 1    
9.00647868 1    
9.01972971 1    
9.02121594 1    
9.02271560 1    
9.02394965 1    
9.02545051 1    
9.02671567 1    
9.02821793 1    
9.02971535 1    
9.03094327 1    
9.03246653 1    
9.03394296 1    
9.03521192 1    
9.03670981 1    
9.03796001 1    
9.03946513 1    
9.04095860 1    
9.04220431 1    
9.04370857 1    
9.04496090 1    
9.04670445 1    
9.04820294 1    
9.04970109 1    
9.05645238 1    
9.05792712 1    
9.05945066 1    
9.05996165 -1   
9.06067756 1    
9.06217260 1    
9.06342335 1    
9.06492155 1    
9.06642398 1    
9.06968682 -1   
9.07994452 1    
9.08143402 1    
9.09916059 1    
9.10042299 1    
9.10043763 1    
9.13015561 -1   
9.13906424 -1   
9.14965236 1    
9.21036901 1    
9.21160721 1    
9.22186056 1    
9.22335552 1    
9.22460703 1    
9.23784698 1    
9.23786699 -1   
9.23934935 1    
9.24684106 1    
9.27833660 1    
9.27957233 1    
9.28107311 1    
9.28612084 1    
9.30231541 1    
9.30355838 1    
9.31180625 1    
9.36228299 1    
9.36350211 1    
9.36499844 1    
9.37274698 1    
9.37427007 1    
9.38275902 1    
9.38426429 1    
9.43452657 -1   
9.43876927 1    
9.47046879 1    
9.47171544 1    
9.48420514 1    
9.48545024 1    
9.48695149 1    
9.50069746 1    
9.50219273 1    
9.50344933 1    
9.50494590 1    
9.50619325 1    
9.50769458 1    
9.50781820 -1   
9.50918914 1    
9.51043844 1    
9.51194128 1    
9.51318840 1    
9.51468944 1    
9.51818634 1    
9.51968785 1    
9.52743426 1    
9.52865703 1    
9.53017698 1    
9.53168052 1    
9.57141026 1    
9.57290419 1    
9.57440554 1    
9.58151624 -1   
9.59389729 1    
9.59391648 -1   
9.59539674 1    
9.60313983 1    
9.60438728 1    
9.60588404 1    
9.61264182 1    
9.61410890 1    
9.61562955 1    
9.61687813 1    
9.61785023 -1   
9.62437881 1    
9.62573428 1    
9.62690822 -1   
9.65336499 1    
9.65460687 1    
9.65612191 1    
9.65735922 1    
9.65883693 1    
9.66135576 1    
9.66283892 1    
9.66435129 1    
9.66560149 1    
9.66710055 1    
9.66860221 1    
9.67009729 1    
9.67135121 1    
9.67284663 1    
9.67298168 -1   
9.67409718 1    
9.67559618 1    
9.67710512 1    
9.67834705 1    
9.67984912 1    
9.68109129 1    
9.68259330 1    
9.68409004 1    
9.68533903 1    
9.68683880 1    
9.68834101 1    
9.68956421 1    
9.69109251 1    
9.69233592 1    
9.69383744 1    
9.69533434 1    
9.69657678 1    
9.69808151 1    
9.69933537 1    
9.70083281 1    
9.70233148 1    
9.70357853 1    
9.70508031 1    
9.70657677 1    
9.70782678 1    
9.70932449 1    
9.71057779 1    
9.71207876 1    
9.71357869 1    
9.71482743 1    
9.71494536 -1   
9.71632595 1    
9.71757362 1    
9.71905259 1    
9.72057917 1    
9.72182312 1    
9.72335764 1    
9.72458293 1    
9.72607172 1    
9.72757002 1    
9.72879334 1    
9.73031921 1    
9.74709452 -1   
9.78073530 1    
9.85075041 1    
9.85224460 1    
9.86321755 1    
9.86448826 1    
9.86598618 1    
9.87296293 1    
9.87448441 1    
9.89422204 1    
9.91096539 1    
9.91245875 1    
9.91371047 1    
9.91521054 1    
9.91646065 1    
9.91845603 1    
9.91970492 1    
9.91995093 -1   
9.97377939 1    
9.98466914 1    
9.98614648 1    
9.98766761 1    
9.98889606 1    
9.99041509 1    
9.99516503 1    
9.99641211 1    
9.99791498 1    
9.99941056 1    
10.00066176 1    
10.00315758 1    
10.00441096 1    
10.00588546 1    
10.00740796 1    
10.00865424 1    
10.01015733 1    
10.01165379 1    
10.01287969 1    
10.02240770 1    
10.02364830 1    
10.02514489 1    
10.02637465 1    
10.02647561 -1   
10.07537604 1    
10.07684531 1    
10.07811585 1    
10.13192627 -1   
10.14368736 1    
10.29281129 -1   
10.31666796 1    
10.32688104 -1   
10.47624668 1    
10.47626863 -1   
10.63315126 1    
10.63318762 -1   
10.73300585 1    
10.79174509 1    
10.79177416 -1   
10.80196277 -1   
10.84341558 1    
10.84465513 1    
10.84615627 1    
10.84740428 1    
10.84890498 1    
10.85040120 1    
10.85542283 1    
10.85666869 1    
10.85817443 1    
10.89090945 1    
10.90889645 1    
10.91040538 1    
10.94706004 1    
10.94709601 -1   
11.10346805 1    
11.10350466 -1   
11.11374013 -1   
11.23996273 1    
11.24669896 1    
11.24819691 1    
11.24969597 1    
11.25089032 -1   
11.25117533 1    
11.25244523 1    
11.25369126 1    
11.25519167 1    
11.25669532 1    
11.25826918 1    
11.25828312 -1   
11.26144247 1    
11.26268795 1    
11.27118561 1    
11.41539136 1    
11.41542978 -1   
11.42389811 -1   
11.57219931 1    
11.57223830 -1   
11.58450549 1    
11.58575271 1    
11.58725472 1    
11.58849930 1    
11.58997951 1    
11.59149972 1    
11.59274681 1    
11.59424626 1    
11.59549849 1    
11.59699547 1    
11.59850072 1    
11.59974957 1    
11.60124846 1    
11.60249217 1    
11.60399551 1    
11.60549146 1    
11.60673698 1    
11.60825842 1    
11.60949391 1    
11.61096655 1    
11.61248931 1    
11.61373501 1    
11.61524029 1    
11.64347601 1    
11.64494523 1    
11.72670066 1    
11.72673605 -1   
11.73642151 -1   
11.88269086 1    
11.88273019 -1   
12.03732791 1    
13.03032495 1    
15.99035497 1    
15.99054165 -1   
16.24186145 -1   
19.40463770 1    
24.88624812 1    
30.60799155 -1   
