0.00000000 -1   
0.12354046 1    
0.34528789 -1   
0.42930411 1    
0.50020205 -1   
0.58310610 1    
0.65411220 -1   
0.73676569 1    
0.85025069 -1   
0.90591798 1    
1.00790859 -1   
1.06482512 1    
1.16706443 -1   
1.22272181 1    
1.32297523 -1   
1.42933787 1    
1.58932572 -1   
1.59224764 1    
1.75547947 -1   
1.75581449 1    
1.95711316 -1   
1.95746488 1    
2.22021553 -1   
2.76980585 -1   
2.77130129 -1   
2.77155440 -1   
2.79004148 -1   
2.79153957 -1   
2.80003948 -1   
2.80885755 1    
2.81252435 -1   
2.81402375 -1   
2.81527297 -1   
2.81845481 1    
2.94815387 -1   
2.94846238 1    
2.98472694 1    
3.12669454 -1   
3.22109453 1    
3.26901719 -1   
3.30674389 -1   
3.30735882 1    
3.30824194 -1   
3.31924226 -1   
3.32073391 -1   
3.32223116 -1   
3.32348029 -1   
3.32497991 -1   
3.32623107 -1   
3.32772960 -1   
3.32923003 -1   
3.33047547 -1   
3.33197845 -1   
3.35572103 -1   
3.35720988 -1   
3.35871122 -1   
3.36398704 -1   
3.36870527 -1   
3.36995516 -1   
3.41346429 1    
3.44866441 -1   
3.45015866 -1   
3.48939242 -1   
3.49063504 -1   
3.50613897 -1   
3.55515291 -1   
3.55550530 1    
3.62856658 -1   
3.62861577 1    
3.73811079 -1   
3.79471536 -1   
3.79621347 -1   
3.80870396 -1   
3.81020367 -1   
3.81145096 -1   
3.81844879 -1   
3.81994695 -1   
3.82144710 -1   
3.82269401 -1   
3.82419439 -1   
3.82569254 -1   
3.82694400 -1   
3.82844239 -1   
3.82994347 -1   
3.83143845 -1   
3.83269313 -1   
3.83271159 1    
3.84543164 -1   
3.84668010 -1   
3.84818222 -1   
3.84967902 -1   
3.85093100 -1   
3.85242828 -1   
3.85392810 -1   
3.85517590 -1   
3.85667467 -1   
3.85792417 -1   
3.86792017 -1   
3.86916731 -1   
3.87066942 -1   
3.87216787 -1   
3.87341913 -1   
3.87491403 -1   
3.87616689 -1   
3.87766366 -1   
3.87916100 -1   
3.88059036 -1   
3.88191221 -1   
3.88616010 -1   
3.88740984 -1   
3.89740411 -1   
3.89865325 -1   
3.97861093 -1   
3.98010761 -1   
3.98041297 1    
3.98135582 -1   
3.98285306 -1   
3.99834487 -1   
3.99959384 -1   
4.00109456 -1   
4.00234114 -1   
4.00659019 -1   
4.00808982 -1   
4.00933682 -1   
4.01083670 -1   
4.02358075 -1   
4.02482839 -1   
4.02632959 -1   
4.02757764 -1   
4.02907823 -1   
4.03057427 -1   
4.03182491 -1   
4.03332568 -1   
4.04032415 -1   
4.04181810 -1   
4.04306728 -1   
4.04456773 -1   
4.04581950 -1   
4.04731632 -1   
4.04881670 -1   
4.05031480 -1   
4.05431158 -1   
4.05581225 -1   
4.05731210 -1   
4.05857294 -1   
4.06555510 -1   
4.06556815 1    
4.06705689 -1   
4.08030339 -1   
4.08154876 -1   
4.08304498 -1   
4.08454653 -1   
4.08729366 -1   
4.08854441 -1   
4.09004090 -1   
4.09154256 -1   
4.09579431 -1   
4.09703801 -1   
4.09853641 -1   
4.09978943 -1   
4.10187953 1    
4.10403813 -1   
4.10553210 -1   
4.10678154 -1   
4.10828170 -1   
4.11253112 -1   
4.11402738 -1   
4.11527862 -1   
4.11678646 -1   
4.13227099 -1   
4.13351693 -1   
4.13501756 -1   
4.13626659 -1   
4.13776436 -1   
4.13926302 -1   
4.14051545 -1   
4.14201158 -1   
4.14326247 -1   
4.14476114 -1   
4.14626105 -1   
4.14750812 -1   
4.14900657 -1   
4.15055936 -1   
4.15175959 -1   
4.15875529 -1   
4.16025185 -1   
4.16150023 -1   
4.16300265 -1   
4.16999884 -1   
4.17124658 -1   
4.17143792 1    
4.17274587 -1   
4.17424278 -1   
4.18124164 -1   
4.18248902 -1   
4.18399857 -1   
4.18548821 -1   
4.20648292 -1   
4.20772530 -1   
4.22796851 -1   
4.22946174 -1   
4.23071393 -1   
4.23221035 -1   
4.23646141 -1   
4.23770775 -1   
4.23920856 -1   
4.24070606 -1   
4.24770133 -1   
4.24895151 -1   
4.25045147 -1   
4.25194962 -1   
4.25320009 -1   
4.25328732 1    
4.25469880 -1   
4.25594678 -1   
4.25744453 -1   
4.26169397 -1   
4.26319419 -1   
4.26444212 -1   
4.26594280 -1   
4.26719107 -1   
4.26868893 -1   
4.27019104 -1   
4.28293465 -1   
4.28418001 -1   
4.28787197 1    
4.28863586 -1   
4.28993102 -1   
4.29142870 -1   
4.29267624 -1   
4.29417707 -1   
4.29542336 -1   
4.29692199 -1   
4.29842196 -1   
4.29967477 -1   
4.30117138 -1   
4.30242116 -1   
4.30391946 -1   
4.30542152 -1   
4.30666678 -1   
4.31091747 -1   
4.31241501 -1   
4.31641242 -1   
4.31791086 -1   
4.31940926 -1   
4.32066035 -1   
4.32216075 -1   
4.32915479 -1   
4.32917334 1    
4.33040360 -1   
4.33740037 -1   
4.33890165 -1   
4.34039863 -1   
4.34164625 -1   
4.35014597 -1   
4.35164225 -1   
4.35564498 -1   
4.35714124 -1   
4.36413521 -1   
4.36563526 -1   
4.36688207 -1   
4.36838467 -1   
4.37263488 -1   
4.37387753 -1   
4.37812994 -1   
4.38237622 -1   
4.38387437 -1   
4.38812619 -1   
4.38937001 -1   
4.39087143 -1   
4.39786490 -1   
4.39936596 -1   
4.40061403 -1   
4.40071287 1    
4.40211537 -1   
4.41186107 -1   
4.41335796 -1   
4.41460489 -1   
4.41610760 -1   
4.42057941 -1   
4.42160353 -1   
4.42585207 -1   
4.42734833 -1   
4.42859512 -1   
4.43009813 -1   
4.43134533 -1   
4.43284660 -1   
4.43434326 -1   
4.43559710 -1   
4.43709213 -1   
4.43834246 -1   
4.44201129 -1   
4.47607211 -1   
4.47732036 -1   
4.49006630 -1   
4.49131211 -1   
4.49281285 -1   
4.49431032 -1   
4.49555991 -1   
4.49705777 -1   
4.50680242 -1   
4.50692671 1    
4.50830503 -1   
4.51529771 -1   
4.51679614 -1   
4.51804557 -1   
4.52229522 -1   
4.52379419 -1   
4.52504460 -1   
4.54628360 -1   
4.54753247 -1   
4.55878139 -1   
4.55882008 1    
4.56027246 -1   
4.56152080 -1   
4.56302349 -1   
4.56427219 -1   
4.56577013 -1   
4.56726787 -1   
4.56851899 -1   
4.57001637 -1   
4.57126475 -1   
4.57276540 -1   
4.57426625 -1   
4.57551283 -1   
4.57701414 -1   
4.57826105 -1   
4.57976286 -1   
4.58126041 -1   
4.58250859 -1   
4.58400984 -1   
4.58526039 -1   
4.58675730 -1   
4.58825972 -1   
4.58950515 -1   
4.59101360 -1   
4.59250540 -1   
4.59375180 -1   
4.59525146 -1   
4.59535813 1    
4.59650297 -1   
4.59800133 -1   
4.61074589 -1   
4.61199359 -1   
4.61349032 -1   
4.62324279 -1   
4.62473485 -1   
4.62598355 -1   
4.64722269 -1   
4.64847195 -1   
4.64997274 -1   
4.65121909 -1   
4.65272166 -1   
4.65421758 -1   
4.65546992 -1   
4.65696604 -1   
4.65821483 -1   
4.65971749 -1   
4.65982333 1    
4.66121700 -1   
4.66246345 -1   
4.66396583 -1   
4.66521175 -1   
4.66670964 -1   
4.66821105 -1   
4.66946122 -1   
4.67371057 -1   
4.67520904 -1   
4.67645727 -1   
4.67795352 -1   
4.67920379 -1   
4.68070481 -1   
4.68220208 -1   
4.68345389 -1   
4.68495171 -1   
4.68620120 -1   
4.68769938 -1   
4.68919737 -1   
4.69056754 -1   
4.69194959 -1   
4.69319625 -1   
4.69469658 -1   
4.69619588 -1   
4.70869506 -1   
4.71018829 -1   
4.71168685 -1   
4.71293389 -1   
4.71443518 -1   
4.71593695 -1   
4.71743396 -1   
4.72292874 -1   
4.72442804 -1   
4.72567780 -1   
4.72578452 1    
4.72717928 -1   
4.72842803 -1   
4.72992657 -1   
4.73692519 -1   
4.74116841 -1   
4.74241804 -1   
4.74391650 -1   
4.74541590 -1   
4.74941306 -1   
4.75091244 -1   
4.75516024 -1   
4.75641023 -1   
4.76915566 -1   
4.77065297 -1   
4.77215318 -1   
4.77340105 -1   
4.77489896 -1   
4.77614824 -1   
4.78039783 -1   
4.78051682 1    
4.78189841 -1   
4.79164148 -1   
4.79863502 -1   
4.80013587 -1   
4.80438534 -1   
4.80563145 -1   
4.80987912 -1   
4.81137830 -1   
4.83087085 -1   
4.83236679 -1   
4.83361723 -1   
4.83363126 1    
4.83511671 -1   
4.83661456 -1   
4.83786221 -1   
4.83936172 -1   
4.84061360 -1   
4.84486156 -1   
4.84636030 -1   
4.84760896 -1   
4.84910587 -1   
4.85060577 -1   
4.85185957 -1   
4.85335419 -1   
4.85485530 -1   
4.85581506 -1   
4.87092936 1    
4.89933168 -1   
5.01326884 -1   
5.01451175 -1   
5.05014168 -1   
5.05018005 1    
5.17267830 -1   
5.17417056 -1   
5.17542169 -1   
5.18355309 1    
5.24694675 -1   
5.24698808 1    
5.26012962 -1   
5.26137171 -1   
5.39180465 -1   
5.44083810 -1   
5.44087690 1    
5.59118548 -1   
5.59268216 -1   
5.59418177 -1   
5.59542866 -1   
5.59693318 -1   
5.59842658 -1   
5.59992839 -1   
5.60117644 -1   
5.60267872 -1   
5.60417506 -1   
5.60542678 -1   
5.63916203 -1   
5.65019901 -1   
5.65022223 1    
5.65764752 -1   
5.65914299 -1   
5.69962703 -1   
5.70111861 -1   
5.76008995 -1   
5.76977671 1    
5.80030950 1    
5.85122484 -1   
5.85128792 1    
6.08995014 1    
6.12813175 -1   
6.12937384 -1   
6.13011513 -1   
6.13737464 -1   
6.13862086 -1   
6.14011865 -1   
6.14136903 -1   
6.14286755 -1   
6.14436586 -1   
6.14561403 -1   
6.14711534 -1   
6.14836344 -1   
6.14986255 -1   
6.16535926 -1   
6.23956798 -1   
6.24076746 1    
6.24105982 -1   
6.24231103 -1   
6.24930773 -1   
6.25080514 -1   
6.25230664 -1   
6.26205627 -1   
6.26308265 1    
6.26360184 -1   
6.26504554 -1   
6.26629764 -1   
6.26779759 -1   
6.26929572 -1   
6.27054298 -1   
6.27204556 -1   
6.27329274 -1   
6.27479050 -1   
6.27629036 -1   
6.27754258 -1   
6.27903804 -1   
6.28029021 -1   
6.28178644 -1   
6.28328703 -1   
6.28453707 -1   
6.29427917 -1   
6.29577954 -1   
6.29727642 -1   
6.29852585 -1   
6.30003074 -1   
6.30127807 -1   
6.30143684 1    
6.30277706 -1   
6.30427470 -1   
6.30552280 -1   
6.30702223 -1   
6.30827591 -1   
6.30977118 -1   
6.31127161 -1   
6.31251981 -1   
6.31402023 -1   
6.31526728 -1   
6.31676634 -1   
6.31826581 -1   
6.31951743 -1   
6.32101475 -1   
6.32251537 -1   
6.32376358 -1   
6.32526351 -1   
6.32536613 1    
6.32651041 -1   
6.33501500 -1   
6.33650727 -1   
6.33775669 -1   
6.33925369 -1   
6.34900057 -1   
6.35049614 -1   
6.36024472 -1   
6.36276440 1    
6.40626872 -1   
6.51365633 -1   
6.52295835 1    
6.59511226 -1   
6.59515303 1    
6.66932372 -1   
6.67028521 -1   
6.67831259 -1   
6.67980992 -1   
6.68130680 -1   
6.68256489 -1   
6.68405988 -1   
6.68555524 -1   
6.68680638 -1   
6.68830394 -1   
6.68955425 -1   
6.69105182 -1   
6.69255120 -1   
6.69380232 -1   
6.69530358 -1   
6.69679903 -1   
6.69829992 -1   
6.69954649 -1   
6.70104891 -1   
6.70254558 -1   
6.70379453 -1   
6.70529559 -1   
6.70679512 -1   
6.70829380 -1   
6.70954343 -1   
6.71104200 -1   
6.71229395 -1   
6.71379020 -1   
6.71548722 -1   
6.71653843 -1   
6.71804089 -1   
6.71928693 -1   
6.72078727 -1   
6.72089729 1    
6.72228700 -1   
6.72353411 -1   
6.72503159 -1   
6.72628209 -1   
6.72778399 -1   
6.72928049 -1   
6.73053199 -1   
6.73203023 -1   
6.73327963 -1   
6.73477692 -1   
6.73627661 -1   
6.73752630 -1   
6.73902751 -1   
6.74027460 -1   
6.74177530 -1   
6.74327183 -1   
6.74452345 -1   
6.74602005 -1   
6.74727024 -1   
6.74877070 -1   
6.74995470 1    
6.75047337 -1   
6.75152018 -1   
6.75301845 -1   
6.75426557 -1   
6.75578336 -1   
6.80027670 1    
6.83918542 -1   
6.86046697 -1   
6.86195872 -1   
6.86995832 -1   
6.87119918 -1   
6.87270142 -1   
6.87394879 -1   
6.87544789 -1   
6.87694713 -1   
6.94291550 -1   
6.94440976 -1   
6.94565870 -1   
6.94715436 -1   
6.94876728 -1   
6.94990673 -1   
6.95140521 -1   
6.95265146 -1   
6.95415295 -1   
6.95565380 -1   
6.95690215 -1   
6.95839793 -1   
6.95990110 -1   
6.96115131 -1   
6.96265030 -1   
6.96389650 -1   
6.96539715 -1   
6.96689780 -1   
6.96814688 -1   
6.96964250 -1   
6.98088852 -1   
6.98213725 -1   
6.98363814 -1   
6.98513739 -1   
6.98638224 -1   
6.98788600 -1   
6.98913353 -1   
6.99912907 -1   
6.99914568 1    
7.00037783 -1   
7.00187736 -1   
7.00337265 -1   
7.00462458 -1   
7.00612371 -1   
7.01587598 -1   
7.01736723 -1   
7.01861653 -1   
7.03135838 -1   
7.03260994 -1   
7.03410864 -1   
7.03535684 -1   
7.05067699 -1   
7.10257832 -1   
7.10406930 -1   
7.10831392 -1   
7.10956428 -1   
7.11256452 -1   
7.12208721 1    
7.15754501 -1   
7.16245310 1    
7.20815787 1    
7.28392559 -1   
7.29312174 1    
7.31970001 -1   
7.32094156 -1   
7.32918858 -1   
7.33043725 -1   
7.33193972 -1   
7.38816183 -1   
7.38822237 1    
7.38940562 -1   
7.39540059 -1   
7.39689834 -1   
7.39814784 -1   
7.39965511 -1   
7.40114719 -1   
7.40239713 -1   
7.40389599 -1   
7.40514529 -1   
7.40664261 -1   
7.40814226 -1   
7.40939107 -1   
7.41089217 -1   
7.41214029 -1   
7.41364029 -1   
7.41613944 -1   
7.41738938 -1   
7.41888527 -1   
7.44970456 -1   
7.56131327 -1   
7.56135240 1    
7.56280535 -1   
7.56430255 -1   
7.57230314 -1   
7.57379701 -1   
7.57504954 -1   
7.58155846 -1   
7.58304478 -1   
7.58429189 -1   
7.58439065 1    
7.58578974 -1   
7.58728969 -1   
7.58853995 -1   
7.59003745 -1   
7.59153853 -1   
7.60403955 -1   
7.60527819 -1   
7.60677830 -1   
7.60828184 -1   
7.60952727 -1   
7.61102802 -1   
7.61227685 -1   
7.61377573 -1   
7.61527253 -1   
7.61652203 -1   
7.61802190 -1   
7.61927237 -1   
7.62077066 -1   
7.62227146 -1   
7.62236981 1    
7.62352036 -1   
7.62501798 -1   
7.62626739 -1   
7.63251455 -1   
7.63401553 -1   
7.63526136 -1   
7.70772830 -1   
7.70896908 -1   
7.71896804 -1   
7.72021567 -1   
7.72171435 -1   
7.72321420 -1   
7.72446394 -1   
7.73720634 -1   
7.73724306 1    
7.73845537 -1   
7.73995657 -1   
7.74120487 -1   
7.77068717 -1   
7.84564838 -1   
7.84688972 -1   
7.84839265 -1   
7.86257194 -1   
7.86688286 -1   
7.87210998 1    
7.87687442 -1   
7.88087422 -1   
7.88207547 1    
7.88259319 -1   
7.88387336 -1   
7.89087213 -1   
7.90061881 -1   
7.90067414 1    
7.90211189 -1   
7.90335855 -1   
7.91362731 1    
7.91510736 -1   
7.93085021 -1   
8.00455932 -1   
8.00729962 -1   
8.01029917 -1   
8.02429456 -1   
8.02553916 -1   
8.02703721 -1   
8.02828958 -1   
8.02978581 -1   
8.03128644 -1   
8.03278476 -1   
8.03403583 -1   
8.03553216 -1   
8.03703115 -1   
8.03828246 -1   
8.03978315 -1   
8.04102998 -1   
8.04252973 -1   
8.04319796 -1   
8.04777629 -1   
8.04902870 -1   
8.05052790 -1   
8.05202411 -1   
8.05327450 -1   
8.06876335 -1   
8.08831233 1    
8.09000009 -1   
8.09125075 -1   
8.10038278 1    
8.10074617 -1   
8.10199611 -1   
8.10349283 -1   
8.10474344 -1   
8.10624378 -1   
8.10774208 -1   
8.10899639 -1   
8.11048930 -1   
8.20055684 -1   
8.25595879 1    
8.26240585 -1   
8.26365248 -1   
8.26515453 -1   
8.26640085 -1   
8.26790040 -1   
8.26939879 -1   
8.27065006 -1   
8.27214922 -1   
8.29039012 -1   
8.30713519 -1   
8.30862941 -1   
8.35985233 -1   
8.39483295 -1   
8.39514570 1    
8.39632551 -1   
8.39757589 -1   
8.39907707 -1   
8.40032845 -1   
8.40182544 -1   
8.40404348 1    
8.40456648 -1   
8.42331730 -1   
8.42335844 1    
8.42456315 -1   
8.43456000 -1   
8.43580705 -1   
8.43730154 -1   
8.49152645 -1   
8.55299198 -1   
8.55448632 -1   
8.55573832 -1   
8.55723468 -1   
8.55848648 -1   
8.55999345 -1   
8.56148378 -1   
8.56266393 1    
8.56294493 -1   
8.56422976 -1   
8.57397737 -1   
8.57547421 -1   
8.57672528 -1   
8.57822144 -1   
8.57972521 -1   
8.59623098 -1   
8.59627119 1    
8.60991681 1    
8.75018100 1    
9.05879926 -1   
9.59024932 -1   
9.85609785 -1   
10.01084922 -1   
10.16442447 -1   
11.34249902 -1   
12.43220170 1    
12.63649895 -1   
12.63681964 1    
12.81440403 -1   
12.81474953 1    
13.03277103 -1   
13.12763549 1    
16.43580962 1    
16.60247662 -1   
16.60275709 1    
16.79012550 -1   
16.79045225 1    
17.00025565 -1   
21.43753009 1    
27.44771260 1    
27.62292179 -1   
27.62318639 1    
27.90875923 -1   
27.90908645 1    
28.27130168 -1   
28.62503034 1    
28.63443889 1    
28.77996379 1    
29.11557014 -1   
