0.00000000 1    
0.90984195 -1   
1.11033670 1    
1.11050513 -1   
1.26403835 1    
1.26428539 -1   
1.40040976 -1   
1.42324029 1    
1.42328338 -1   
1.57855884 1    
1.57885599 -1   
1.60020573 1    
1.63893578 1    
1.66991517 1    
1.67765783 1    
1.73373180 1    
1.73392184 -1   
1.88936979 1    
1.88968219 -1   
1.93849374 1    
1.95122901 1    
1.98023792 1    
2.04619651 1    
2.20107993 1    
2.20156479 -1   
2.40076599 -1   
2.54879980 1    
2.59791410 -1   
2.74188028 1    
2.83780250 -1   
3.02072380 1    
3.02105369 -1   
3.26837244 1    
6.78128569 1    
6.78274110 1    
6.78321184 1    
6.81220755 1    
6.81369704 1    
6.82231175 -1   
6.83214525 -1   
6.86646185 1    
6.86791631 1    
6.93771139 1    
6.95386984 1    
6.95511459 1    
6.98790410 -1   
7.10795096 1    
7.24577626 -1   
7.30107448 1    
7.35691556 1    
7.35791573 -1   
7.39943619 -1   
7.45603645 1    
7.46564732 -1   
7.55233829 -1   
7.63749710 1    
7.63897469 1    
7.63946652 1    
7.65646781 1    
7.65797437 1    
7.71046509 1    
7.71192806 1    
7.71320807 1    
7.71695062 1    
7.71843110 1    
7.71992314 1    
7.72117252 1    
7.72129677 -1   
7.72269692 1    
7.72394335 1    
7.79439273 1    
7.79590547 1    
7.79740708 1    
7.79865348 1    
7.81214904 1    
7.81364433 1    
7.81514588 1    
7.81639574 1    
7.85285867 1    
7.85409540 1    
7.86811618 1    
7.86933719 1    
7.87239579 -1   
7.87733776 1    
7.87885622 1    
7.88935209 1    
7.88936975 -1   
7.89085326 1    
7.89234495 1    
7.89734696 1    
7.89882079 1    
7.90009842 1    
7.90157289 1    
7.90282222 1    
7.91733844 1    
7.91883352 1    
7.92008213 1    
7.92707679 1    
7.92857704 1    
7.93330696 1    
7.95606923 1    
7.95757093 1    
7.95880705 1    
7.96031125 1    
7.96153504 1    
7.96304980 1    
7.96903365 1    
7.97055518 1    
7.97202940 1    
7.97330755 1    
7.97477757 1    
7.97602793 1    
8.01028617 1    
8.01177801 1    
8.01827869 1    
8.02502501 1    
8.02626340 1    
8.03449850 1    
8.03599309 1    
8.03724329 1    
8.03733631 -1   
8.03876171 1    
8.04526302 1    
8.04528597 -1   
8.04676494 1    
8.04825963 1    
8.04948606 1    
8.05100350 1    
8.05426129 1    
8.05575217 1    
8.05725521 1    
8.05848007 1    
8.06001260 1    
8.06127729 1    
8.07301678 1    
8.07449729 1    
8.07597224 1    
8.07722141 1    
8.07873788 1    
8.07998896 1    
8.08423429 1    
8.08573655 1    
8.09023677 1    
8.11196942 1    
8.11345183 1    
8.11472224 1    
8.11621709 1    
8.11744728 1    
8.11896880 1    
8.12046967 1    
8.12172042 1    
8.12444351 1    
8.12596525 1    
8.12607037 -1   
8.12746478 1    
8.12871142 1    
8.13021219 1    
8.13171001 1    
8.13296176 1    
8.13443664 1    
8.13568838 1    
8.13718416 1    
8.16594959 1    
8.16741684 1    
8.17342259 1    
8.17491374 1    
8.17643674 1    
8.18168126 1    
8.18293325 1    
8.18440934 1    
8.18592856 1    
8.19192499 1    
8.19342761 1    
8.19567488 1    
8.19692504 1    
8.20115040 1    
8.20117534 -1   
8.20264903 1    
8.20391831 1    
8.20541714 1    
8.20666649 1    
8.20816294 1    
8.20966622 1    
8.21091589 1    
8.21241349 1    
8.21391504 1    
8.21515695 1    
8.21663960 1    
8.21790761 1    
8.21941088 1    
8.22090868 1    
8.22216294 1    
8.22365614 1    
8.22491207 1    
8.23040712 1    
8.23190049 1    
8.23315137 1    
8.23465338 1    
8.23589876 1    
8.23740050 1    
8.23889968 1    
8.23900633 -1   
8.24014586 1    
8.24164681 1    
8.24289724 1    
8.24439599 1    
8.24589610 1    
8.26786857 1    
8.26913571 1    
8.27062982 1    
8.27188008 1    
8.27335730 1    
8.27488091 1    
8.27612710 1    
8.27762923 1    
8.27887377 1    
8.28035670 1    
8.28185119 1    
8.28310002 1    
8.28460254 1    
8.28587427 1    
8.28737436 1    
8.28887199 1    
8.29012038 1    
8.29162369 1    
8.29273603 -1   
8.29303405 1    
8.29434400 1    
8.29586994 1    
8.29711959 1    
8.29861592 1    
8.29986470 1    
8.30134570 1    
8.30286144 1    
8.30410951 1    
8.30561082 1    
8.30686539 1    
8.32285267 1    
8.32432978 1    
8.33034167 1    
8.33184508 1    
8.33300044 -1   
8.33351689 1    
8.33462170 1    
8.33732294 1    
8.33884279 1    
8.34034326 1    
8.34160962 1    
8.34308806 1    
8.34460710 1    
8.34733705 1    
8.34883811 1    
8.35106440 1    
8.35256297 1    
8.35408457 1    
8.35533121 1    
8.35933313 1    
8.35936204 -1   
8.36083029 1    
8.36232838 1    
8.36360707 1    
8.36513553 1    
8.36655834 1    
8.36782325 1    
8.36932956 1    
8.37055052 1    
8.37207367 1    
8.37355428 1    
8.37482535 1    
8.37632382 1    
8.37755241 1    
8.37907022 1    
8.38057319 1    
8.38181913 1    
8.38331822 1    
8.38481132 1    
8.38604416 1    
8.38757341 1    
8.38881551 1    
8.39031439 1    
8.39181527 1    
8.39303752 1    
8.39457704 1    
8.39581183 1    
8.39731423 1    
8.39880442 1    
8.39887720 -1   
8.40006023 1    
8.40153433 1    
8.40280250 1    
8.40430080 1    
8.40580074 1    
8.40704615 1    
8.40855718 1    
8.40980349 1    
8.41130368 1    
8.41280442 1    
8.41404918 1    
8.41554649 1    
8.41680092 1    
8.41829208 1    
8.41977426 1    
8.42103788 1    
8.42193156 1    
8.55450626 -1   
8.69215084 1    
8.69363892 1    
8.69386782 1    
8.70986733 1    
8.71112699 1    
8.71262921 1    
8.71387461 1    
8.71537462 1    
8.71688209 1    
8.71810495 1    
8.71960170 1    
8.72085367 1    
8.72234939 1    
8.72384754 1    
8.72509877 1    
8.72662053 1    
8.72786957 1    
8.72934841 1    
8.73086471 1    
8.73211706 1    
8.73213229 -1   
8.73359255 1    
8.73484226 1    
8.73634634 1    
8.73783889 1    
8.73909051 1    
8.74058819 1    
8.74184233 1    
8.74333610 1    
8.74485868 1    
8.74610897 1    
8.74760908 1    
8.74885611 1    
8.75035762 1    
8.75185334 1    
8.75310698 1    
8.75460148 1    
8.75584632 1    
8.75735127 1    
8.75885205 1    
8.76009860 1    
8.76160318 1    
8.76311614 1    
8.76457858 1    
8.76584645 1    
8.76734554 1    
8.76857365 1    
8.76866771 -1   
8.77007375 1    
8.77156982 1    
8.77284495 1    
8.77434239 1    
8.77559643 1    
8.77709012 1    
8.77859034 1    
8.77983149 1    
8.78131872 1    
8.78283423 1    
8.78406557 1    
8.78558709 1    
8.78682768 1    
8.78833170 1    
8.78983805 1    
8.79107991 1    
8.79256333 1    
8.79383045 1    
8.79533102 1    
8.79683137 1    
8.79807832 1    
8.79957648 1    
8.80083029 1    
8.80230349 1    
8.80382251 1    
8.80507364 1    
8.80657489 1    
8.80782248 1    
8.80929867 1    
8.81079833 1    
8.81207353 1    
8.81357083 1    
8.81365618 -1   
8.81482360 1    
8.81632021 1    
8.81781865 1    
8.81907001 1    
8.82056969 1    
8.82181610 1    
8.82332776 1    
8.82481606 1    
8.82606646 1    
8.82756252 1    
8.82905794 1    
8.83030698 1    
8.83181409 1    
8.83305823 1    
8.83453854 1    
8.83605506 1    
8.83731834 1    
8.83880436 1    
8.84005214 1    
8.84153261 1    
8.84304768 1    
8.84430296 1    
8.84580576 1    
8.84705101 1    
8.84855184 1    
8.85005229 1    
8.85129685 1    
8.85279653 1    
8.85429774 1    
8.85552399 1    
8.85704190 1    
8.85829363 1    
8.85979508 1    
8.86005270 -1   
8.86127006 1    
8.86251915 1    
8.86403569 1    
8.86528333 1    
8.86678544 1    
8.86826566 1    
8.86937680 -1   
8.86967538 1    
8.87102907 1    
8.87253220 1    
8.87377723 1    
8.87526257 1    
8.87651019 1    
8.87803346 1    
8.87950875 1    
8.88078341 1    
8.88228130 1    
8.88350805 1    
8.88502716 1    
8.88652884 1    
8.88777665 1    
8.88927958 1    
8.89077486 1    
8.89202254 1    
8.89350109 1    
8.89476757 1    
8.89627094 1    
8.89633011 -1   
8.89778605 1    
8.89901962 1    
8.90049841 1    
8.90174840 1    
8.90265952 1    
8.91554056 -1   
8.92405760 -1   
8.95447530 1    
9.07335292 1    
9.12967431 -1   
9.20086398 1    
9.21657245 1    
9.21781977 1    
9.22773463 1    
9.23515378 -1   
9.25350869 -1   
9.28513072 -1   
9.31754048 1    
9.31877915 1    
9.38188789 1    
9.42996969 1    
9.43121527 1    
9.48892163 1    
9.48895889 -1   
9.49843144 1    
9.49866188 -1   
9.49990728 1    
9.50840549 1    
9.50991995 1    
9.51142058 1    
9.51716939 1    
9.51866510 1    
9.51991709 1    
9.52139373 1    
9.52266530 1    
9.54888164 1    
9.54986486 -1   
9.55037513 1    
9.55164793 1    
9.55889572 1    
9.57550580 1    
9.57588888 -1   
9.57787791 1    
9.65414178 -1   
9.72833647 1    
9.73879691 -1   
9.80855460 -1   
9.82922509 1    
9.83073691 1    
9.83223558 1    
9.88177522 1    
9.90945078 1    
9.95165652 1    
9.95289890 1    
9.95441850 1    
9.96067050 1    
9.96189038 1    
9.96220710 -1   
9.96339218 1    
9.96491215 1    
9.96616210 1    
9.97138717 1    
9.97141019 -1   
9.97290089 1    
9.97438283 1    
9.98190359 1    
9.98339887 1    
9.98465134 1    
9.98615102 1    
9.98740201 1    
9.98889861 1    
9.99039906 1    
9.99164484 1    
9.99314681 1    
9.99439277 1    
9.99589950 1    
9.99739544 1    
9.99889430 1    
10.00040741 1    
10.00764627 1    
10.00886391 1    
10.01036314 1    
10.01188620 1    
10.01311464 1    
10.01462981 1    
10.01613021 1    
10.01760978 1    
10.01887549 1    
10.02035701 1    
10.02187993 1    
10.02312618 1    
10.02323096 -1   
10.02463158 1    
10.02587970 1    
10.02738032 1    
10.02887607 1    
10.03012468 1    
10.03162151 1    
10.03287438 1    
10.03434913 1    
10.03584709 1    
10.03709777 1    
10.03860947 1    
10.03986707 1    
10.04135283 1    
10.04286548 1    
10.04409493 1    
10.04561454 1    
10.04686434 1    
10.04836184 1    
10.04986697 1    
10.05111551 1    
10.05260715 1    
10.05383595 1    
10.05536359 1    
10.05685992 1    
10.05811058 1    
10.05960985 1    
10.06083738 1    
10.06235367 1    
10.06385888 1    
10.06510437 1    
10.06624420 -1   
10.06677924 1    
10.06782788 1    
10.06933443 1    
10.07082687 1    
10.07207859 1    
10.07359906 1    
10.07509928 1    
10.07632717 1    
10.07784244 1    
10.07933791 1    
10.08208994 1    
10.08357013 1    
10.09557417 -1   
10.10081768 1    
10.10230955 1    
10.10380596 1    
10.10508036 1    
10.12607645 1    
10.12754686 1    
10.12781804 -1   
10.12907250 1    
10.13032760 1    
10.13181494 1    
10.16580788 -1   
10.19260000 1    
10.31876425 -1   
10.32920161 1    
10.33744795 1    
10.33874923 -1   
10.33904673 1    
10.34744459 1    
10.34894596 1    
10.35044159 1    
10.35167076 1    
10.35319009 1    
10.35468935 1    
10.35591608 1    
10.35743794 1    
10.35868512 1    
10.36018741 1    
10.36027342 -1   
10.36168398 1    
10.36293306 1    
10.36441339 1    
10.36568101 1    
10.36716076 1    
10.36867875 1    
10.36990860 1    
10.37142389 1    
10.37293091 1    
10.37417903 1    
10.37568029 1    
10.37692788 1    
10.37842811 1    
10.37994423 1    
10.38119621 1    
10.38268346 1    
10.38392291 1    
10.38539903 1    
10.38737897 1    
10.38764642 -1   
10.41441183 1    
10.47391918 1    
10.47419943 -1   
10.49440889 -1   
10.54363817 1    
10.58578570 1    
10.58703206 1    
10.59780391 1    
10.59904619 1    
10.60053111 1    
10.60929711 1    
10.61079089 1    
10.61203852 1    
10.61354170 1    
10.61478783 1    
10.61628707 1    
10.61776432 1    
10.61901978 1    
10.62018066 -1   
10.62051319 1    
10.62178875 1    
10.62329008 1    
10.62478810 1    
10.62601084 1    
10.62750841 1    
10.62878343 1    
10.63025789 1    
10.63178516 1    
10.64706405 -1   
10.65327137 1    
10.65476385 1    
10.65601132 1    
10.65751752 1    
10.67576345 1    
10.67700818 1    
10.67848315 1    
10.68000513 1    
10.68597989 1    
10.69566921 -1   
10.71773933 1    
10.71895704 1    
10.72971296 1    
10.72988493 -1   
10.73095624 1    
10.73245227 1    
10.73395412 1    
10.73520287 1    
10.73670339 1    
10.73837814 1    
10.73957019 -1   
10.74045275 1    
10.74194369 1    
10.75021895 1    
10.77520697 1    
10.77667359 1    
10.80197702 -1   
10.86492025 1    
10.86639598 1    
10.87343080 1    
10.87487014 1    
10.87639449 1    
10.87764129 1    
10.87913916 1    
10.88063689 1    
10.88339067 1    
10.88488858 1    
10.88613854 1    
10.88763226 1    
10.88773648 -1   
10.88886193 1    
10.89313289 1    
10.89361284 1    
10.92411617 1    
10.92561189 1    
10.93385686 1    
10.93508663 1    
10.93658498 1    
10.93783060 1    
10.93934472 1    
10.98556147 1    
10.98558481 -1   
10.98680583 1    
10.98830130 1    
10.98955497 1    
10.99107583 1    
10.99257535 1    
10.99382430 1    
10.99532605 1    
10.99655110 1    
10.99807493 1    
10.99955138 1    
11.00082400 1    
11.00229572 1    
11.00379311 1    
11.00504233 1    
11.00626451 -1   
11.00654446 1    
11.00779373 1    
11.00929368 1    
11.01078991 1    
11.01206028 1    
11.01356047 1    
11.01484014 1    
11.01599514 -1   
11.01828857 1    
11.01979067 1    
11.02103830 1    
11.02253322 1    
11.02378418 1    
11.02528084 1    
11.02678105 1    
11.02803070 1    
11.02953213 1    
11.05352234 1    
11.05476692 1    
11.05626523 1    
11.05751465 1    
11.05901154 1    
11.06317330 -1   
11.06393585 1    
11.06507004 1    
11.06653143 1    
11.06777405 1    
11.06928379 1    
11.07868909 1    
11.07904004 -1   
11.08376800 1    
11.08524879 1    
11.08650172 1    
11.11375305 1    
11.11498316 1    
11.11647959 1    
11.11799527 1    
11.11922792 1    
11.12073195 1    
11.12222758 1    
11.12237128 -1   
11.12347736 1    
11.12499769 1    
11.12624429 1    
11.12774287 1    
11.12924688 1    
11.13047201 1    
11.13199776 1    
11.13349451 1    
11.13474544 1    
11.13622034 1    
11.13896856 1    
11.14046728 1    
11.14171671 1    
11.14321377 1    
11.14446739 1    
11.14946177 1    
11.14948207 -1   
11.15096234 1    
11.20168640 1    
11.23275407 1    
11.30494793 -1   
11.34987867 1    
11.35134485 1    
11.36984321 1    
11.37108284 1    
11.37258274 1    
11.38535678 1    
11.38685200 1    
11.38806541 1    
11.40557154 1    
11.40683453 1    
11.43481099 1    
11.44930544 1    
11.45079103 1    
11.45203747 1    
11.45353688 1    
11.45480997 1    
11.46181235 1    
11.46305492 1    
11.46455694 1    
11.46580296 1    
11.46730474 1    
11.46879886 1    
11.46882339 -1   
11.47227761 1    
11.50451358 1    
11.50575919 1    
11.52377822 1    
11.54291895 1    
11.60171308 1    
11.60295003 1    
11.60444828 1    
11.60569930 1    
11.60722692 1    
11.63321409 1    
11.63325075 -1   
11.70944785 1    
11.71089263 1    
11.72790866 1    
11.72915120 1    
11.73064841 1    
11.73189825 1    
11.73337934 1    
11.73839605 1    
11.73862588 1    
11.83058404 1    
11.83062053 -1   
11.83206906 1    
11.88481807 1    
11.88629213 1    
11.88781370 1    
11.88903963 1    
11.89057165 1    
11.89180261 1    
11.91580198 1    
11.91729292 1    
11.92652368 1    
11.92778696 1    
11.92928589 1    
11.93268911 1    
12.00125186 1    
12.00128909 -1   
12.00275173 1    
12.00399724 1    
12.00547067 1    
12.00699122 1    
12.01872072 1    
12.01996285 1    
12.02146465 1    
12.02271080 1    
12.02421318 1    
12.03897648 1    
12.08709115 1    
12.17438526 1    
12.17589538 1    
12.28045248 1    
12.35355156 1    
12.35479324 1    
12.40575493 1    
12.40726119 1    
12.40849225 1    
12.40857497 -1   
12.41626196 1    
12.41775918 1    
12.43569765 1    
12.51196313 1    
12.51345242 1    
12.60970460 -1   
12.62843952 1    
12.76408877 -1   
13.01153019 1    
13.37186032 1    
13.40655883 -1   
13.56894980 1    
13.56921685 -1   
13.72387620 1    
13.91701204 1    
13.91731840 -1   
14.07069618 1    
14.19550309 1    
14.26541356 1    
15.02087378 1    
15.40769935 1    
16.17800419 1    
16.30197819 -1   
22.40318751 1    
22.40748281 -1   
23.41290772 -1   
23.44007114 1    
23.56668090 -1   
23.63344489 1    
23.72039017 -1   
23.92727062 1    
23.92760506 -1   
24.27137465 1    
28.35399076 1    
28.35415708 -1   
