0.00000000 -1   
1.93675146 -1   
2.42835276 1    
2.42874696 -1   
2.84819748 1    
2.84823414 -1   
3.84729558 1    
3.84764701 -1   
4.46269124 1    
4.46299704 -1   
6.12015137 1    
6.12140027 1    
6.12258983 1    
6.15797876 -1   
6.16672021 -1   
6.52764045 1    
6.52890489 1    
6.53038372 1    
6.53163174 1    
6.56414473 1    
6.56418601 -1   
6.65477618 1    
6.87393910 1    
6.99341372 1    
6.99345159 -1   
7.07959631 1    
7.42349145 1    
7.42353072 -1   
7.43314218 -1   
7.54482777 1    
7.54607333 1    
7.55732045 1    
7.56979707 1    
7.57128862 1    
7.57278371 1    
7.57406024 1    
7.57553461 1    
7.57678103 1    
7.57830248 1    
7.59105563 1    
7.59229333 1    
7.59379710 1    
7.78509887 1    
7.78514041 -1   
7.89612971 1    
7.92284010 1    
7.92410321 1    
7.92835125 1    
7.92983218 1    
7.93409819 1    
7.93557661 1    
8.00579639 1    
8.00705872 1    
8.04229176 1    
8.04353168 1    
8.05053134 1    
8.14698599 1    
8.14702689 -1   
8.14847829 1    
8.28066009 1    
8.28215025 1    
8.28914823 1    
8.29064358 1    
8.29464140 1    
8.29614385 1    
8.34387061 1    
8.37610784 1    
8.37759664 1    
8.41258271 1    
8.41407750 1    
8.46178071 1    
8.51525135 1    
8.51529502 -1   
8.57748726 1    
8.63919801 1    
8.64067796 1    
8.64194344 1    
8.65044088 1    
8.65168907 1    
8.65869245 1    
8.66016361 1    
8.73890945 1    
8.74014250 1    
8.77387403 1    
8.77537309 1    
8.83434334 1    
8.83583732 1    
8.88755966 1    
8.88758831 -1   
9.00798946 1    
9.00923280 1    
9.01348172 1    
9.01497993 1    
9.01623170 1    
9.02372893 1    
9.02522634 1    
9.04071767 1    
9.04196637 1    
9.11767799 1    
9.11917043 1    
9.15290858 1    
9.15440288 1    
9.25659658 1    
9.25663337 -1   
9.36629259 1    
9.36753022 1    
9.37453031 1    
9.37602372 1    
9.38726775 1    
9.38852021 1    
9.39001703 1    
9.40826123 1    
9.40973594 1    
9.45148640 1    
9.49071727 1    
9.49221064 1    
9.52594562 1    
9.52743822 1    
9.72053477 1    
9.72758279 1    
9.73457856 1    
9.77255640 1    
9.77289507 -1   
9.85975500 1    
9.86374884 1    
9.89873118 1    
9.90022821 1    
10.08812492 1    
10.09536712 1    
10.10235867 1    
10.13584351 1    
10.23154203 1    
10.23157910 -1   
10.23276061 1    
10.23428125 1    
10.23553751 1    
10.27201812 1    
10.27351349 1    
10.45691096 1    
10.45815952 1    
10.50463313 1    
10.50589615 1    
10.60280285 1    
10.60285850 -1   
10.60707071 1    
10.60856757 1    
10.65752363 1    
10.65876633 1    
10.66028792 1    
10.71775749 1    
10.84266995 1    
10.84668813 1    
10.89164027 1    
10.89315430 1    
10.97561566 1    
10.97983580 1    
10.98135460 1    
10.98146638 -1   
11.03184876 1    
11.03332472 1    
11.08229613 1    
11.08377463 1    
11.15376293 1    
11.23671337 1    
11.23795218 1    
11.28019400 1    
11.28168276 1    
11.36564144 1    
11.36713568 1    
11.36863456 1    
11.41186765 1    
11.41335613 1    
11.41366846 -1   
11.46655965 1    
11.46808067 1    
11.46932672 1    
11.59425874 1    
11.63350271 1    
11.63498166 1    
11.67571485 1    
11.67696013 1    
11.76266220 1    
11.76415669 1    
11.81311095 1    
11.81460443 1    
11.85661004 1    
11.85664784 -1   
11.85783331 1    
11.90283209 1    
11.90430834 1    
12.03750644 1    
12.03900036 1    
12.07948214 1    
12.08097819 1    
12.12445576 1    
12.15818639 1    
12.15968298 1    
12.20439047 1    
12.25061289 1    
12.25084140 -1   
12.47225214 1    
12.51148775 1    
12.54671321 1    
12.55070914 1    
12.59441753 1    
12.63366065 1    
12.63394311 -1   
12.72735064 1    
12.72738986 -1   
12.89326549 1    
12.89476314 1    
12.89600796 1    
12.94198601 1    
12.94348297 1    
13.02117152 1    
13.02266764 1    
13.12063319 1    
13.12068969 -1   
13.28204672 1    
13.28353638 1    
13.34375534 1    
13.34525020 1    
13.34650321 1    
13.40122215 1    
13.42221026 1    
13.42645786 1    
13.51490974 1    
13.51496590 -1   
13.67057394 1    
13.67206445 1    
13.73928369 1    
13.74075334 1    
13.79125384 1    
13.82898135 1    
13.83048055 1    
13.83197318 1    
13.87970555 1    
13.93291635 1    
14.04286065 1    
14.04435361 1    
14.09459635 1    
14.09607199 1    
14.17201922 1    
14.17325691 1    
14.17750783 1    
14.17764670 -1   
14.17900402 1    
14.18025123 1    
14.26997722 1    
14.30920481 1    
14.36542483 1    
14.36691500 1    
14.41989338 1    
14.42139012 1    
14.49485060 1    
14.49634310 1    
14.50334289 1    
14.50335906 -1   
14.50758884 1    
14.50881295 1    
14.51033415 1    
14.63926566 1    
14.64076147 1    
14.68974112 1    
14.69123141 1    
14.74170637 1    
14.74295442 1    
14.82640485 1    
14.82790584 1    
14.83915126 1    
14.83918860 -1   
14.84339503 1    
14.84464585 1    
14.84614512 1    
14.89511597 1    
14.98758221 1    
14.98878975 1    
15.04378803 1    
15.04503127 1    
15.09275723 1    
15.09424916 1    
15.18395730 1    
15.18519949 1    
15.20069147 1    
15.20071559 -1   
15.21068327 1    
15.22059615 -1   
15.56974978 1    
15.56980642 -1   
15.57991439 -1   
15.93760360 1    
15.93764555 -1   
16.15437706 1    
16.40803909 1    
16.40808164 -1   
16.41755695 -1   
16.79146809 1    
16.79151370 -1   
17.04164898 1    
17.04289744 1    
17.05563198 1    
17.05712656 1    
17.05837858 1    
17.05987544 1    
17.06112600 1    
17.07112235 1    
17.07126657 -1   
17.07234952 1    
17.07386664 1    
17.07536741 1    
17.07661647 1    
17.07811683 1    
17.20003453 1    
17.20007334 -1   
17.42514960 1    
17.42664557 1    
17.42817222 1    
17.44366415 1    
17.44492078 1    
17.44913585 1    
17.45063101 1    
17.46465034 1    
17.46589569 1    
17.47014225 1    
17.47161832 1    
17.47589078 1    
17.47714075 1    
17.52361233 1    
17.60631599 1    
17.60637255 -1   
17.81494666 1    
17.81644178 1    
17.81768997 1    
17.83593057 1    
17.83743124 1    
17.84717311 1    
17.84867580 1    
17.86541699 1    
17.86666452 1    
17.87665681 1    
17.87790868 1    
17.88215472 1    
17.88365374 1    
17.92161641 1    
17.97210721 1    
18.01259279 1    
18.01263020 -1   
18.20548015 1    
18.20696682 1    
18.22921025 1    
18.23070455 1    
18.23220689 1    
18.24468020 1    
18.24620294 1    
18.26293660 1    
18.26444016 1    
18.27692976 1    
18.27843267 1    
18.28393109 1    
18.28540438 1    
18.33040649 1    
18.33162626 1    
18.42559739 1    
18.42565336 -1   
18.42709059 1    
18.59400095 1    
18.59547446 1    
18.62348519 1    
18.62497832 1    
18.62623251 1    
18.64172255 1    
18.64321921 1    
18.66695692 1    
18.66847077 1    
18.68244874 1    
18.68369985 1    
18.69219157 1    
18.69367016 1    
18.72442804 1    
18.73167303 1    
18.73292183 1    
18.82559623 1    
18.82565170 -1   
18.86332499 1    
18.97850959 1    
18.97975448 1    
19.00651434 1    
19.00801018 1    
19.02475229 1    
19.02624919 1    
19.02772963 1    
19.05848703 1    
19.05971137 1    
19.06483226 -1   
19.07795500 1    
19.07944745 1    
19.31546937 1    
19.31552769 -1   
19.56837707 1    
19.56913628 -1   
19.80649135 1    
19.80654768 -1   
20.18725228 1    
20.18728999 -1   
20.55756916 1    
20.55760920 -1   
20.93734360 1    
20.93738012 -1   
21.26622465 1    
21.26771776 1    
21.30970125 1    
21.31004039 -1   
21.44409694 1    
21.44413756 -1   
21.55107512 1    
21.55230346 1    
21.59154031 1    
21.59303072 1    
21.59452913 1    
21.59577870 1    
21.59727982 1    
21.60702150 1    
21.60852251 1    
21.60977244 1    
21.61125044 1    
21.61251224 1    
21.61401963 1    
21.81464624 1    
21.94488189 -1   
21.94932833 1    
22.02779006 1    
22.02927432 1    
22.04477777 1    
22.04602047 1    
22.04752223 1    
22.06001583 1    
22.06151349 1    
22.06300998 1    
22.06425967 1    
22.06575811 1    
22.06701111 1    
22.06850812 1    
22.07000889 1    
22.07123403 1    
22.07973015 1    
22.08125227 1    
22.08251301 1    
22.08399911 1    
22.08550059 1    
22.15446825 1    
22.34660695 1    
22.34664887 -1   
22.34810337 1    
22.36759429 1    
22.36908840 1    
22.38458228 1    
22.38580700 1    
22.39007526 1    
22.39157900 1    
22.39581989 1    
22.39704998 1    
22.40131972 1    
22.40282989 1    
22.40706704 1    
22.40831310 1    
22.40981419 1    
22.41956125 1    
22.42105711 1    
22.42530289 1    
22.42655478 1    
22.46876104 1    
22.59646262 1    
22.69740118 1    
22.69864700 1    
22.69903020 -1   
22.73938018 1    
22.74362497 1    
22.75361765 1    
22.75486824 1    
22.76185979 1    
22.76336087 1    
22.81258872 1    
22.93724590 1    
23.03794287 1    
23.03945466 1    
23.09118047 1    
23.09121833 -1   
23.09265188 1    
23.09391953 1    
23.10009141 -1   
23.44653535 1    
23.44659255 -1   
23.78598066 1    
23.78603877 -1   
24.02214198 1    
24.02290196 -1   
24.02361971 1    
24.02489624 1    
24.06561967 1    
24.06711366 1    
24.06861603 1    
24.06984193 1    
24.07134107 1    
24.07258900 1    
24.07411400 1    
24.07560915 1    
24.17505726 1    
24.17511326 -1   
24.39965864 1    
24.40092112 1    
24.40242449 1    
24.40392282 1    
24.44864863 1    
24.45014406 1    
24.45439147 1    
24.45839018 1    
24.45989115 1    
24.46413601 1    
24.46563975 1    
24.56808093 1    
24.56811799 -1   
24.76546769 1    
24.76696430 1    
24.76846396 1    
24.77246140 1    
24.77396377 1    
24.81469223 1    
24.83417727 1    
24.84280413 -1   
25.03883535 -1   
25.20301335 1    
25.52084355 -1   
25.64871285 1    
25.65021023 1    
26.00181361 1    
26.02874931 1    
26.03024366 1    
26.03174382 1    
26.38851920 1    
26.41600191 1    
26.41749939 1    
26.42174485 1    
26.42299656 1    
26.42449199 1    
26.76132706 1    
26.79355887 1    
26.79503708 1    
26.80205165 1    
26.80905188 1    
26.81029528 1    
26.81179621 1    
27.17809143 1    
27.17933183 1    
27.18933418 1    
27.19057525 1    
27.20332629 1    
27.20457053 1    
27.24680176 1    
27.24822753 1    
27.56309882 1    
27.56459048 1    
27.56470223 -1   
27.57735944 1    
27.57860678 1    
27.59682405 1    
27.59834557 1    
27.63208338 1    
27.63332447 1    
27.63482742 1    
27.95415459 1    
27.95561699 1    
27.96963334 1    
27.96965550 -1   
27.97113351 1    
27.99211851 1    
27.99336455 1    
28.03134683 1    
28.03260549 1    
28.06357803 1    
28.34692621 1    
28.34841645 1    
28.34963960 1    
28.37065653 1    
28.39039333 1    
28.39313936 1    
28.39347143 -1   
28.43660383 1    
28.43809265 1    
28.47160400 1    
28.47309404 1    
28.49565306 -1   
28.74666810 1    
28.74818385 1    
28.74943435 1    
28.77067514 1    
28.77192593 1    
28.79566685 1    
28.79715903 1    
28.84213034 1    
28.84215043 -1   
28.84338102 1    
28.87436720 1    
28.87561274 1    
28.99913186 1    
29.14396979 1    
29.16520483 1    
29.16669693 1    
29.16794483 1    
29.16944328 1    
29.19591986 1    
29.19740908 1    
29.24240151 1    
29.24640077 1    
29.24641543 -1   
29.28161421 1    
29.28286205 1    
29.32960096 1    
29.55547974 1    
29.55697394 1    
29.56122147 1    
29.56246728 1    
29.56397103 1    
29.59343384 1    
29.59467934 1    
29.63693018 1    
29.64692070 1    
29.64841876 1    
29.64875761 -1   
29.68490217 1    
29.68639173 1    
29.69502379 -1   
30.08872799 1    
30.08876719 -1   
30.49153733 1    
30.49157978 -1   
30.74405473 1    
30.99399244 1    
30.99402759 -1   
31.00350312 -1   
31.15781108 1    
31.15930481 1    
31.19154063 1    
31.19276283 1    
31.22652415 1    
31.24176192 1    
31.43091608 1    
31.43095429 -1   
31.65325460 1    
31.65474843 1    
31.65600212 1    
31.65749657 1    
31.66324495 1    
31.66449428 1    
31.66599283 1    
31.66723986 1    
31.66874049 1    
31.70797483 1    
31.94670463 1    
31.94674241 -1   
32.04555709 1    
32.04829861 1    
32.04954930 1    
32.05654435 1    
32.05804407 1    
32.09178049 1    
32.40584336 1    
32.40591648 -1   
32.41008690 1    
32.41283752 1    
32.42408147 1    
32.45756701 1    
32.76564286 1    
32.76963130 1    
32.77112784 1    
32.77114035 -1   
32.77537824 1    
32.79637094 1    
32.79760315 1    
32.83410293 1    
32.83534614 1    
33.12868634 1    
33.13293329 1    
33.13715559 1    
33.13718784 -1   
33.16515780 1    
33.16663400 1    
33.21013568 1    
33.21160796 1    
33.27033372 1    
33.31058300 1    
33.31207935 1    
33.31482467 1    
33.32031884 1    
33.34930623 1    
33.35080448 1    
33.35094087 -1   
33.39778152 1    
