2.13866018 -1   
3.32382507 -1   
3.74693865 1    
3.74715771 -1   
4.10398501 1    
4.10404472 -1   
4.14245524 -1   
4.46236870 1    
4.46240939 -1   
4.56362079 1    
4.58184804 1    
4.61407652 1    
4.81414751 1    
4.81432117 -1   
5.17444999 1    
5.18368592 -1   
5.21504641 -1   
5.21949727 1    
5.24198821 1    
5.27445048 1    
5.28695920 1    
5.44711262 1    
5.70847792 1    
5.70851772 1    
5.70882396 -1   
5.99060829 -1   
6.12832752 1    
6.33090469 -1   
6.52335618 1    
6.94570008 1    
6.94588021 -1   
7.49007497 -1   
10.52971739 1    
10.53095539 1    
10.53142788 1    
10.56042216 1    
10.57517727 -1   
10.58165892 1    
10.58290249 1    
10.58507792 -1   
10.60691580 1    
10.60813729 1    
10.60965898 1    
10.94567861 1    
10.94599178 -1   
10.95974643 -1   
11.28535218 1    
11.29555424 -1   
11.51639501 1    
11.53611412 1    
11.53762457 1    
11.54577151 -1   
11.55859899 1    
11.56011407 1    
11.56136801 1    
11.56286462 1    
11.56411424 1    
11.56561410 1    
11.58959986 1    
11.59084760 1    
11.59234802 1    
11.62033807 1    
11.62182789 1    
11.63430220 1    
11.63433998 -1   
11.63479363 1    
11.63630096 1    
11.88043757 1    
11.88167970 1    
11.89440570 1    
11.90716924 1    
11.90866809 1    
11.91291920 1    
11.91416217 1    
11.91839374 1    
11.92457751 -1   
11.98718864 1    
11.98722919 -1   
12.33015222 1    
12.33167209 1    
12.34180193 1    
12.34183781 -1   
12.36064069 1    
12.36190856 1    
12.38440463 1    
12.38589480 1    
12.38711967 1    
12.39688938 1    
12.39838901 1    
12.41086337 1    
12.41235524 1    
12.41387018 1    
12.41510789 1    
12.42212807 1    
12.42359894 1    
12.42486740 1    
12.42637007 1    
12.43911690 1    
12.72520652 1    
12.72669955 1    
12.75044421 1    
12.75047893 -1   
12.75168795 1    
12.77290622 1    
12.77414800 1    
12.78266439 1    
12.78416939 1    
12.79691227 1    
12.79815734 1    
12.80238561 1    
12.80387929 1    
12.81365549 1    
12.81489844 1    
12.81640072 1    
12.81789820 1    
12.81914889 1    
12.82914372 1    
12.83039373 1    
13.07725670 1    
13.07872154 1    
13.10823705 1    
13.11645723 1    
13.12919872 1    
13.12957342 -1   
13.13346329 1    
13.14046031 1    
13.15568907 1    
13.15869804 1    
13.16269797 1    
13.16970035 1    
13.17269657 1    
13.17542127 1    
13.17669563 1    
13.41104176 1    
13.41255335 1    
13.44055695 1    
13.45028589 1    
13.46575841 1    
13.47852704 1    
13.47856405 -1   
13.47977075 1    
13.49523638 1    
13.49675806 1    
13.51073114 1    
13.51197904 1    
13.51899600 1    
13.52050017 1    
13.56120002 1    
13.56246801 1    
13.75186827 1    
13.76310484 1    
13.78135089 1    
13.79384625 1    
13.79536913 1    
13.81083323 1    
13.82755399 1    
13.82758916 -1   
13.84855987 1    
13.85003369 1    
13.86405587 1    
13.86554386 1    
13.87803809 1    
13.87953596 1    
13.88651445 1    
13.92188078 1    
13.92300993 1    
13.92451086 1    
14.12091111 1    
14.12212635 1    
14.15313817 1    
14.15438018 1    
14.17560546 1    
14.17686616 1    
14.17836866 1    
14.19510813 1    
14.19513229 -1   
14.21684821 1    
14.21809576 1    
14.23356623 1    
14.23483244 1    
14.25033383 1    
14.25182648 1    
14.29953352 1    
14.30077358 1    
14.30502430 1    
14.30652114 1    
14.51141094 1    
14.51292547 1    
14.51415384 1    
14.54091212 1    
14.54240847 1    
14.55790518 1    
14.55912472 1    
14.57738918 1    
14.57741859 -1   
14.57889114 1    
14.59288839 1    
14.59437993 1    
14.60987573 1    
14.61109811 1    
14.62661758 1    
14.62785690 1    
14.66582388 1    
14.66706431 1    
14.67433082 1    
14.67558689 1    
14.85421503 1    
14.85570717 1    
14.86272869 1    
14.88796983 1    
14.88945726 1    
14.88957979 -1   
14.90770632 1    
14.90893988 1    
14.93416665 1    
14.93420622 -1   
14.93566161 1    
14.94690569 1    
14.94817828 1    
14.96367015 1    
14.96516757 1    
14.97642029 1    
14.97766071 1    
15.01289442 1    
15.01439245 1    
15.01451215 -1   
15.02138643 1    
15.02288529 1    
15.05635016 1    
15.19227038 1    
15.19378539 1    
15.22475318 1    
15.22601469 1    
15.23301806 1    
15.24850638 1    
15.24998097 1    
15.27374700 1    
15.27378412 -1   
15.28921575 1    
15.29072798 1    
15.30472582 1    
15.30596578 1    
15.31871584 1    
15.31996193 1    
15.35794485 1    
15.35916691 1    
15.36616319 1    
15.37343356 1    
15.37466011 1    
15.46188404 1    
15.51339510 -1   
15.53757278 1    
15.53881438 1    
15.57255073 1    
15.57379505 1    
15.59356658 1    
15.59505811 1    
15.62154466 1    
15.62158212 -1   
15.62304032 1    
15.64001405 1    
15.64125891 1    
15.65952472 1    
15.66102194 1    
15.67676748 1    
15.67800951 1    
15.71735607 1    
15.71873588 1    
15.73396025 1    
15.73545100 1    
15.77618446 1    
15.85741455 1    
15.89389143 1    
15.89538429 1    
15.93309476 1    
15.93461227 1    
15.95708197 1    
15.95860035 1    
15.97532241 1    
15.97534833 -1   
15.97958898 1    
15.98083658 1    
15.98506071 1    
15.98655686 1    
15.99080496 1    
15.99207826 1    
15.99905140 1    
16.00057504 1    
16.00182326 1    
16.00607168 1    
16.00758782 1    
16.02281833 1    
16.05377856 1    
16.05526796 1    
16.09302680 1    
16.09452351 1    
16.11549763 1    
16.11699988 1    
16.14074730 1    
16.14078325 -1   
16.14222095 1    
16.14648821 1    
16.14773842 1    
16.15473979 1    
16.15621594 1    
16.16045872 1    
16.16173236 1    
16.17172465 1    
16.17297481 1    
16.17997380 1    
16.18041417 -1   
16.18146898 1    
16.19821524 1    
16.19968704 1    
16.21918310 1    
16.22068880 1    
16.25016791 1    
16.25165901 1    
16.27541809 1    
16.27691253 1    
16.30213320 1    
16.30216968 -1   
16.30637649 1    
16.30762398 1    
16.31763998 1    
16.31888973 1    
16.32588088 1    
16.32738417 1    
16.33763574 1    
16.33888677 1    
16.34885286 1    
16.35010038 1    
16.37259686 1    
16.37408600 1    
16.40633173 1    
16.40782311 1    
16.45954657 1    
16.46106431 1    
16.49180138 1    
16.49329014 1    
16.52677648 1    
16.52681208 -1   
16.52825178 1    
16.53526852 1    
16.53677120 1    
16.55224114 1    
16.55350700 1    
16.56622870 1    
16.56774690 1    
16.58174968 1    
16.58298906 1    
16.59848386 1    
16.59972950 1    
16.63221641 1    
16.63345848 1    
16.63374859 -1   
16.66845055 1    
16.66993444 1    
16.72891372 1    
16.73013584 1    
16.76963661 1    
16.77088267 1    
16.81036602 1    
16.81040389 -1   
16.81735838 1    
16.81860769 1    
16.84259828 1    
16.84381897 1    
16.86208687 1    
16.86318303 -1   
16.86355699 1    
16.87268259 -1   
16.88160206 1    
16.89110263 -1   
17.11748606 -1   
17.19371801 1    
17.45772217 1    
17.45776345 -1   
17.45921884 1    
17.54324349 1    
17.55286130 -1   
17.81831037 -1   
18.05722554 1    
18.12086455 1    
18.23603082 1    
18.23638927 -1   
18.23727137 1    
18.23879031 1    
18.39743607 1    
18.39867830 1    
18.42487022 1    
18.42943236 1    
18.43067999 1    
18.44615657 1    
18.44767542 1    
18.48390818 1    
18.48540255 1    
18.55834284 1    
18.55837940 -1   
18.55985994 1    
18.56410911 1    
18.56535550 1    
18.56683210 1    
18.56833073 1    
18.73651343 1    
18.73775478 1    
18.73925640 1    
18.74074919 1    
18.77183612 1    
18.77928505 -1   
18.81719569 1    
18.81871031 1    
18.95166938 -1   
19.10205120 1    
19.11308711 1    
19.17276589 1    
19.17399996 1    
19.19523114 1    
19.19649319 1    
19.19799345 1    
19.24145157 1    
19.24294439 1    
19.24419805 1    
19.24571493 1    
19.24721628 1    
19.25696130 1    
19.25709855 -1   
19.28644139 1    
19.28769042 1    
19.37040147 1    
19.37044090 -1   
19.47076553 1    
19.54255442 1    
19.80789986 1    
19.80937189 1    
19.83586742 1    
19.84287841 1    
19.84412547 1    
19.86386707 1    
19.86535937 1    
19.86684233 1    
19.90733774 1    
19.90883589 1    
19.91036219 1    
19.92283288 1    
19.92435212 1    
19.92557391 1    
19.92707867 1    
19.92718784 -1   
19.92857576 1    
19.94105164 1    
19.94254634 1    
19.94379312 1    
19.96630162 1    
19.99154571 1    
19.99304239 1    
20.16894318 1    
20.17043572 1    
20.18290785 1    
20.20115059 1    
20.20266558 1    
20.20966259 1    
20.21091433 1    
20.21391331 1    
20.23765534 1    
20.23914563 1    
20.24039726 1    
20.27963390 1    
20.28662233 1    
20.28811889 1    
20.29236630 1    
20.30485855 1    
20.30635869 1    
20.30785597 1    
20.30936086 1    
20.31060444 1    
20.31210838 1    
20.31635202 1    
20.31636797 -1   
20.31785304 1    
20.32760031 1    
20.32884649 1    
20.33184350 1    
20.33307305 1    
20.34433986 1    
20.37932398 1    
20.38081870 1    
20.42429620 1    
20.42579084 1    
20.55070236 1    
20.55219592 1    
20.58870561 1    
20.58994483 1    
20.59144648 1    
20.59269474 1    
20.59967350 1    
20.60116767 1    
20.60816896 1    
20.60968403 1    
20.62217957 1    
20.62367627 1    
20.62492918 1    
20.62917410 1    
20.66988951 1    
20.67168106 1    
20.67182537 -1   
20.68057466 1    
20.72059957 -1   
20.72815814 -1   
20.75245770 -1   
21.05119445 -1   
21.11200047 1    
21.31728616 1    
21.31852188 1    
21.34249749 1    
21.34374266 1    
21.34526508 1    
21.35500822 1    
21.35648822 1    
21.35774977 1    
21.36623065 1    
21.36773326 1    
21.36897968 1    
21.37727093 -1   
21.39299037 1    
21.39448491 1    
21.42519834 1    
21.44505318 1    
21.44598424 -1   
21.50443406 1    
21.50567193 1    
21.50714895 1    
21.50867117 1    
21.50992315 1    
21.52817551 1    
21.52965653 1    
21.53090760 1    
21.53239127 1    
21.53363418 1    
21.53513617 1    
21.53665957 1    
21.53790884 1    
21.56612106 1    
21.56739048 1    
21.56888830 1    
21.58438212 1    
21.58562475 1    
21.58712851 1    
21.58837999 1    
21.58987780 1    
21.61361998 1    
21.61511331 1    
21.62760763 1    
21.65309190 1    
21.65458450 1    
21.66433777 1    
21.66580853 1    
21.66708229 1    
21.68530475 1    
21.70633688 1    
21.70780836 1    
21.71480874 1    
21.72730331 1    
21.73154467 1    
21.73301921 1    
21.74978036 1    
21.75125875 1    
21.76253138 1    
21.76377491 1    
21.76527410 1    
21.79326447 1    
21.79330190 -1   
21.79476112 1    
21.79600924 1    
21.80575976 1    
21.80722630 1    
21.81236329 -1   
21.83712149 1    
21.84173208 1    
21.84298004 1    
21.89495361 1    
21.89598282 -1   
21.90535246 -1   
21.98340405 1    
21.98356659 -1   
22.15010040 -1   
22.17770780 1    
22.43889233 1    
22.44038639 1    
22.46392820 -1   
22.46837256 1    
22.46986796 1    
22.47136808 1    
22.51185624 1    
22.51337091 1    
22.53980331 1    
22.59455559 1    
22.59605017 1    
22.59727563 1    
22.59879257 1    
22.60002264 1    
22.60154455 1    
22.60304905 1    
22.60427097 1    
22.61703747 1    
22.61826246 1    
22.61978661 1    
22.63252498 1    
22.63375213 1    
22.64925191 1    
22.65076771 1    
22.65201490 1    
22.66876828 1    
22.67023280 1    
22.67175727 1    
22.69274892 1    
22.69399338 1    
22.69549132 1    
22.72499077 1    
22.72620007 1    
22.74744692 1    
22.74759476 -1   
22.74894071 1    
22.75021032 1    
22.76143260 1    
22.76292959 1    
22.76418066 1    
22.77694882 1    
22.77816936 1    
22.77969528 1    
22.78119297 1    
22.79643468 1    
22.79791245 1    
22.79943124 1    
22.80065811 1    
22.80217827 1    
22.82042788 1    
22.82166843 1    
22.82316825 1    
22.82467596 1    
22.82591671 1    
22.84264194 1    
22.84413358 1    
22.84450863 -1   
22.84565480 1    
22.84690543 1    
22.84838347 1    
22.86515310 1    
22.86518237 -1   
22.86664200 1    
22.88614120 1    
22.88763429 1    
22.91160029 1    
22.93261242 1    
22.93385554 1    
22.93507309 1    
22.93660238 1    
22.99830121 1    
22.99979509 1    
23.00104457 1    
23.00257028 1    
23.00407199 1    
23.00529056 1    
23.03203765 1    
23.03327645 1    
23.04877182 1    
23.05026480 1    
23.05727874 1    
23.05743520 -1   
23.05855722 1    
23.06007982 1    
23.06154051 1    
23.06277998 1    
23.06428229 1    
23.06575725 1    
23.06701023 1    
23.06850669 1    
23.08100436 1    
23.11201040 1    
23.11322755 1    
23.12133017 -1   
23.12875324 1    
23.12998626 1    
23.13148943 1    
23.14273922 1    
23.14421214 1    
23.14548085 1    
23.15821445 1    
23.15945715 1    
23.17220711 1    
23.17369636 1    
23.18494702 1    
23.18618622 1    
23.19618997 1    
23.19743227 1    
23.19895334 1    
23.20045530 1    
23.22398594 -1   
23.29297444 1    
23.53257430 -1   
23.62394304 1    
23.62543451 1    
23.62671004 1    
23.64051268 1    
23.64373784 -1   
23.65942177 1    
23.66069045 1    
23.68193070 1    
23.68315212 1    
23.68468033 1    
23.69441336 1    
23.70141344 1    
23.70566440 1    
23.71177101 -1   
23.75064009 1    
23.75186366 1    
23.75338972 1    
23.75488184 1    
23.75611230 1    
23.76887684 1    
23.77010468 1    
23.77162419 1    
23.77312497 1    
23.77437436 1    
23.77587673 1    
23.78284605 1    
23.78296124 -1   
23.78434818 1    
23.78559359 1    
23.78709171 1    
23.80109091 1    
23.80258600 1    
23.80383239 1    
23.83332967 1    
23.83456636 1    
23.85031891 1    
23.85155696 1    
23.85988334 -1   
23.90778255 1    
23.90927382 1    
23.93028723 1    
23.93153525 1    
23.95277624 1    
23.95399720 1    
23.97839440 1    
23.99125640 1    
23.99275239 1    
23.99399837 1    
24.00947428 1    
24.01074005 1    
24.01223888 1    
24.02198742 1    
24.06146843 1    
24.06162415 -1   
24.06270926 1    
24.07970676 1    
24.08117680 1    
24.11043537 1    
24.11193203 1    
24.12167428 1    
24.13442058 1    
24.13566859 1    
24.15666098 1    
24.15813182 1    
24.20586484 1    
24.20735256 1    
24.20860103 1    
24.21012746 1    
24.21558073 -1   
24.24508937 1    
24.24512625 -1   
24.24658086 1    
24.25210097 1    
24.25360295 1    
24.26459745 1    
24.26609490 1    
24.26759097 1    
24.28583648 1    
24.34766005 1    
24.44349201 1    
24.44498907 1    
24.48271571 1    
24.48419518 1    
24.48571907 1    
24.49271840 1    
24.49396503 1    
24.50945980 1    
24.51093045 1    
24.51245028 1    
24.52492647 1    
24.55716321 1    
24.59070882 -1   
24.62864125 1    
24.63011065 1    
24.63163441 1    
24.63879473 -1   
24.64687767 1    
24.64837240 1    
24.66659835 1    
24.68611088 1    
24.68759927 1    
24.69703721 1    
24.70132369 1    
24.70256713 1    
24.70407011 1    
24.70558845 1    
24.70681884 1    
24.70833822 1    
24.70984417 1    
24.71107086 1    
24.71259117 1    
24.71383773 1    
24.72658084 1    
24.72807865 1    
24.72935529 1    
24.78705137 1    
24.78827010 1    
24.78979276 1    
24.80227166 1    
24.82777696 1    
24.82902140 1    
24.83051650 1    
24.85276209 1    
24.85425667 1    
24.86973339 1    
24.87097410 1    
24.87249971 1    
24.89921703 1    
24.90045694 1    
24.90197825 1    
24.90320365 1    
24.91320391 1    
24.91447049 1    
24.91595115 1    
24.92296637 1    
24.92329518 -1   
24.92446868 1    
24.92571328 1    
24.93271036 1    
24.93418756 1    
24.95817874 1    
24.95967372 1    
24.96092215 1    
25.00040881 1    
25.00042981 -1   
25.00192253 1    
25.00316743 1    
25.00934794 -1   
25.05997171 1    
25.32827698 -1   
25.42277924 1    
25.64461267 -1   
25.68128792 1    
25.68278095 1    
25.68702954 1    
25.68825560 1    
25.68977575 1    
25.75131830 1    
25.78995231 1    
25.79119544 1    
25.79271613 1    
25.79396487 1    
25.79546831 1    
25.80820916 1    
25.80946292 1    
25.81095677 1    
25.81220839 1    
25.81370710 1    
25.81520906 1    
25.81643388 1    
25.81793223 1    
25.81917826 1    
25.82070752 1    
25.82220203 1    
25.82344914 1    
25.89089743 1    
25.99208762 1    
26.07887687 -1   
26.09671959 1    
26.10651650 -1   
26.14050852 1    
26.14174470 1    
26.14324541 1    
26.14474381 1    
26.14599429 1    
26.15024086 1    
26.21371278 1    
26.21520271 1    
26.21647998 1    
26.22922249 1    
26.30091377 1    
26.30215356 1    
26.42831553 1    
26.42835486 -1   
26.43787590 -1   
26.65208231 1    
26.65211974 -1   
28.62237570 1    
29.00080934 -1   
33.14985695 -1   
