0.00000000 -1   
0.26272174 1    
0.26291312 -1   
0.41663175 1    
0.41689514 -1   
0.57589636 1    
0.57593364 -1   
0.78628256 1    
0.78632052 -1   
0.82829842 1    
0.84104228 1    
0.97445343 1    
1.20745187 1    
1.20775347 -1   
1.40583651 1    
1.44871493 -1   
1.64592331 1    
1.65187086 -1   
1.85255887 1    
1.86124972 -1   
2.07304447 1    
2.07335544 -1   
2.30881733 1    
2.30914480 -1   
2.64460448 1    
3.57669153 -1   
5.38946622 1    
5.39095942 1    
5.39143078 1    
5.43046824 -1   
5.44018696 -1   
5.55511298 1    
5.55635509 1    
5.61445816 1    
5.65384691 -1   
5.67953880 1    
5.68076463 1    
5.69751311 1    
5.80572031 1    
5.87576496 1    
5.91820129 -1   
6.08806361 1    
6.08928114 1    
6.09759870 1    
6.09771331 -1   
6.10709148 -1   
6.14407112 -1   
6.31867657 1    
6.32017030 1    
6.32142280 1    
6.32291961 1    
6.32442045 1    
6.32566944 1    
6.32714494 1    
6.32841278 1    
6.33120762 1    
6.33865785 1    
6.34015916 1    
6.34990353 1    
6.35690169 1    
6.35839822 1    
6.44313189 -1   
6.54304852 1    
6.54454032 1    
6.54577028 1    
6.54729194 1    
6.55154003 1    
6.55303548 1    
6.55428718 1    
6.55578837 1    
6.56004855 1    
6.56125889 1    
6.56279454 1    
6.56400664 1    
6.56827363 1    
6.56975433 1    
6.57125594 1    
6.57250143 1    
6.57877427 -1   
6.58526756 1    
6.58651130 1    
6.58801485 1    
6.58926522 1    
6.60199034 1    
6.60325735 1    
6.60475853 1    
6.60625457 1    
6.61599624 1    
6.61725137 1    
6.61875151 1    
6.62024627 1    
6.70424323 -1   
6.76892619 1    
6.77041420 1    
6.77166286 1    
6.77316149 1    
6.77741104 1    
6.77890702 1    
6.78015829 1    
6.78163353 1    
6.78866100 1    
6.78990223 1    
6.79140234 1    
6.79287615 1    
6.79714990 1    
6.79839900 1    
6.79989936 1    
6.80114605 1    
6.80814057 1    
6.80962102 1    
6.81112192 1    
6.81236709 1    
6.81662023 1    
6.81813301 1    
6.81938705 1    
6.82088977 1    
6.82788596 1    
6.82938073 1    
6.83062550 1    
6.83212020 1    
6.83637803 1    
6.83759998 1    
6.83910161 1    
6.84037545 1    
6.84758162 -1   
6.85586909 1    
6.85736346 1    
6.85859176 1    
6.86011161 1    
6.86558699 1    
6.86710653 1    
6.86858608 1    
6.86985687 1    
6.88534509 1    
6.88683972 1    
6.88809506 1    
6.88959671 1    
6.89384271 1    
6.89509419 1    
6.89659159 1    
6.89783800 1    
6.91056072 1    
6.91208486 1    
6.91333624 1    
6.91482934 1    
6.91907945 1    
6.92057811 1    
6.92183353 1    
6.92332607 1    
7.00582827 -1   
7.02302479 1    
7.02452010 1    
7.02599639 1    
7.02724374 1    
7.02874294 1    
7.03001590 1    
7.03151986 1    
7.03301357 1    
7.03998479 1    
7.04125576 1    
7.04273730 1    
7.04425865 1    
7.04824997 1    
7.04973017 1    
7.05125848 1    
7.05250262 1    
7.05947957 1    
7.06097509 1    
7.06222550 1    
7.06372145 1    
7.06522353 1    
7.06647052 1    
7.06796674 1    
7.06921647 1    
7.07346497 1    
7.07496471 1    
7.07621556 1    
7.07771306 1    
7.07921126 1    
7.07942356 -1   
7.08046312 1    
7.08198387 1    
7.08897837 1    
7.09047748 1    
7.09170594 1    
7.09447828 1    
7.09747668 1    
7.09870201 1    
7.10020074 1    
7.10144865 1    
7.10571827 1    
7.10721847 1    
7.10869650 1    
7.10996862 1    
7.11146826 1    
7.11269235 1    
7.11421913 1    
7.11570836 1    
7.12271331 1    
7.12396091 1    
7.12543948 1    
7.12693919 1    
7.12820349 1    
7.12837582 -1   
7.12968714 1    
7.13093266 1    
7.13242937 1    
7.13947282 1    
7.14097465 1    
7.14246371 1    
7.14367829 1    
7.14517524 1    
7.14732112 -1   
7.14944672 1    
7.15069639 1    
7.15219259 1    
7.15369194 1    
7.17318606 1    
7.17468020 1    
7.17563884 1    
7.18373215 -1   
7.18842526 1    
7.18992190 1    
7.19142292 1    
7.19264772 1    
7.19414536 1    
7.20115121 1    
7.20239284 1    
7.20389113 1    
7.20538752 1    
7.20663737 1    
7.20813881 1    
7.20963723 1    
7.22215972 1    
7.22638294 1    
7.22787761 1    
7.22912508 1    
7.23062859 1    
7.23488261 1    
7.23614745 1    
7.23763758 1    
7.23889332 1    
7.24614362 1    
7.24739050 1    
7.24888632 1    
7.25015282 1    
7.25438569 1    
7.25588471 1    
7.25713135 1    
7.25863447 1    
7.27410527 1    
7.27535207 1    
7.27687128 1    
7.27837265 1    
7.28237058 1    
7.28386704 1    
7.28398519 -1   
7.28536165 1    
7.28661023 1    
7.29509266 1    
7.29633748 1    
7.29783785 1    
7.29933598 1    
7.30333598 1    
7.30483096 1    
7.30652973 1    
7.30758192 1    
7.34556599 1    
7.34561331 -1   
7.34681292 1    
7.34830717 1    
7.34980640 1    
7.35105766 1    
7.35257979 1    
7.35407812 1    
7.35532864 1    
7.35682574 1    
7.35832548 1    
7.35955360 1    
7.36107127 1    
7.36257208 1    
7.36382279 1    
7.36531964 1    
7.36657326 1    
7.37231602 1    
7.37356897 1    
7.37654261 1    
7.37779643 1    
7.37929003 1    
7.38080464 1    
7.38204588 1    
7.38353836 1    
7.38478733 1    
7.38631002 1    
7.39053556 1    
7.39180784 1    
7.39328322 1    
7.39478269 1    
7.39596225 -1   
7.39624289 1    
7.40030021 1    
7.40180507 1    
7.40304987 1    
7.40454655 1    
7.40879774 1    
7.41002640 1    
7.41152169 1    
7.41302219 1    
7.41701999 1    
7.41851880 1    
7.42003313 1    
7.42128430 1    
7.42553610 1    
7.42703441 1    
7.42828290 1    
7.42978651 1    
7.43528450 1    
7.43677889 1    
7.43827795 1    
7.43950946 1    
7.44101922 1    
7.44525781 1    
7.44650335 1    
7.44799982 1    
7.44925079 1    
7.45075222 1    
7.45224716 1    
7.45241460 -1   
7.45350080 1    
7.45499554 1    
7.45624377 1    
7.45777170 1    
7.46476875 1    
7.46626157 1    
7.46751148 1    
7.46901064 1    
7.47598909 1    
7.47748364 1    
7.47873287 1    
7.48023105 1    
7.48148354 1    
7.48298167 1    
7.48450737 1    
7.48574534 1    
7.48725110 1    
7.48849188 1    
7.48999644 1    
7.49149510 1    
7.49849003 1    
7.49998714 1    
7.54324908 1    
7.54368976 -1   
7.60418816 1    
7.60543188 1    
7.60693881 1    
7.60842862 1    
7.60966053 1    
7.61118058 1    
7.61242768 1    
7.61392630 1    
7.61543442 1    
7.61665465 1    
7.61818035 1    
7.61942769 1    
7.62092936 1    
7.62242517 1    
7.62367661 1    
7.62517402 1    
7.62641654 1    
7.62792153 1    
7.62942038 1    
7.63066844 1    
7.63077975 -1   
7.63216692 1    
7.63341570 1    
7.63491833 1    
7.63641478 1    
7.63766788 1    
7.64066571 1    
7.64466425 1    
7.64615993 1    
7.64763949 1    
7.64891122 1    
7.65040344 1    
7.65165358 1    
7.65315189 1    
7.65465084 1    
7.65590939 1    
7.65740175 1    
7.65890448 1    
7.66015145 1    
7.66164942 1    
7.66290533 1    
7.66439697 1    
7.66556508 -1   
7.66608392 1    
7.66990077 1    
7.67140000 1    
7.67289546 1    
7.67414540 1    
7.67563238 1    
7.67714805 1    
7.67839354 1    
7.67989546 1    
7.68114175 1    
7.68264004 1    
7.68414138 1    
7.68538914 1    
7.68688939 1    
7.68814263 1    
7.68963617 1    
7.69113915 1    
7.69238475 1    
7.69388399 1    
7.69538258 1    
7.69662899 1    
7.69812944 1    
7.69938512 1    
7.70087723 1    
7.70787328 1    
7.70799501 -1   
7.70937097 1    
7.71062156 1    
7.71212379 1    
7.71336984 1    
7.71487505 1    
7.71637021 1    
7.71761740 1    
7.71911757 1    
7.72036885 1    
7.72186693 1    
7.72609578 1    
7.72611062 -1   
7.72734072 1    
7.74011457 1    
7.74133538 1    
7.74285819 1    
7.74435839 1    
7.74560100 1    
7.76684930 1    
7.76688878 -1   
7.76809203 1    
7.79057996 1    
7.79207819 1    
7.86475090 1    
7.86514343 -1   
7.88877473 1    
8.00723369 -1   
8.09910336 1    
8.10564709 1    
8.12938987 1    
8.13089045 1    
8.13213101 1    
8.23033028 1    
8.23066954 -1   
8.27380380 1    
8.27383937 -1   
8.31526423 1    
8.31650585 1    
8.34598648 1    
8.35610404 -1   
8.44544012 1    
8.44693033 1    
8.44818064 1    
8.46944984 1    
8.47094526 1    
8.47244058 1    
8.47368738 1    
8.47516498 1    
8.47641593 1    
8.47793600 1    
8.47943831 1    
8.48918402 1    
8.48927762 -1   
8.49070395 1    
8.53668788 -1   
8.62160210 1    
8.63834778 1    
8.69031729 1    
8.69071322 -1   
8.79380744 -1   
8.79822925 1    
8.79972838 1    
8.80124530 1    
8.82549371 1    
8.82696540 1    
8.86921293 1    
8.87043889 1    
8.88537267 1    
8.88639730 -1   
8.89660811 -1   
9.05290934 -1   
9.13457718 1    
9.13730802 1    
9.14853502 1    
9.15004883 1    
9.15127823 1    
9.15830320 1    
9.15980801 1    
9.16072474 1    
9.16227213 1    
9.16377042 1    
9.16526777 1    
9.16651726 1    
9.16801784 1    
9.16926426 1    
9.17080173 1    
9.17226508 1    
9.17354073 1    
9.17503702 1    
9.17628504 1    
9.17778552 1    
9.17928921 1    
9.18053480 1    
9.18203430 1    
9.18328265 1    
9.18478435 1    
9.19602787 1    
9.19727822 1    
9.19875382 1    
9.20024710 1    
9.20149608 1    
9.20299892 1    
9.20427047 1    
9.20577129 1    
9.20726847 1    
9.20737629 -1   
9.20849232 1    
9.20999407 1    
9.21149714 1    
9.21274117 1    
9.21424257 1    
9.21549013 1    
9.21699168 1    
9.21848816 1    
9.21973720 1    
9.22698702 1    
9.22823288 1    
9.22973185 1    
9.23123139 1    
9.23248131 1    
9.23400339 1    
9.23525387 1    
9.23674805 1    
9.23824503 1    
9.24799426 1    
9.28847193 1    
9.28997118 1    
9.29147123 1    
9.29269489 1    
9.29421776 1    
9.29546843 1    
9.29696986 1    
9.29846564 1    
9.29969353 1    
9.30119227 1    
9.30268975 1    
9.30393636 1    
9.30543854 1    
9.30668724 1    
9.30818926 1    
9.30968505 1    
9.31096061 1    
9.31245895 1    
9.31370968 1    
9.31520478 1    
9.31670610 1    
9.31795454 1    
9.32920460 1    
9.33069961 1    
9.33194788 1    
9.33344968 1    
9.33492265 1    
9.33620032 1    
9.33769117 1    
9.33919739 1    
9.34044427 1    
9.34194433 1    
9.34343862 1    
9.34468853 1    
9.34618786 1    
9.34769197 1    
9.44312272 1    
9.44317678 -1   
9.44435795 1    
9.44585999 1    
9.44736052 1    
9.44860814 1    
9.45010530 1    
9.45160860 1    
9.45285441 1    
9.45435410 1    
9.45585016 1    
9.45710171 1    
9.45860158 1    
9.45987677 1    
9.46687240 1    
9.46837130 1    
9.46987235 1    
9.47112101 1    
9.47536894 1    
9.49672546 1    
9.52084072 1    
9.52233783 1    
9.52656212 1    
9.53208067 1    
9.53355887 1    
9.53567805 -1   
9.55880078 1    
9.56306972 1    
9.56496989 -1   
9.56581120 1    
9.56729192 1    
9.57475126 -1   
9.69054362 -1   
9.74559462 1    
9.94232892 1    
9.94236507 -1   
9.94359750 1    
9.95633898 1    
9.95756743 1    
9.95910492 1    
9.96031675 1    
9.96181501 1    
9.96333362 1    
9.96458138 1    
9.96608299 1    
9.96730854 1    
9.96880890 1    
9.97033122 1    
9.97158694 1    
9.97308039 1    
9.97457887 1    
10.03298075 1    
10.10751239 1    
10.16222975 1    
10.16265425 -1   
10.16344979 1    
10.16496710 1    
10.16646829 1    
10.16769393 1    
10.16921358 1    
10.17046407 1    
10.17155924 -1   
10.17207721 1    
10.17346044 1    
10.17469107 1    
10.17620456 1    
10.17770012 1    
10.17895974 1    
10.19020919 1    
10.19036527 -1   
10.19993323 1    
10.19997406 -1   
10.20144193 1    
10.20294720 1    
10.20419731 1    
10.20567213 1    
10.21816977 1    
10.21966395 1    
10.22116375 1    
10.22241100 1    
10.22391354 1    
10.22515937 1    
10.22666097 1    
10.22815732 1    
10.22940646 1    
10.23093269 1    
10.23243136 1    
10.23368191 1    
10.23518159 1    
10.23665449 1    
10.24640420 1    
10.24789828 1    
10.24917213 1    
10.25064640 1    
10.25191968 1    
10.25341828 1    
10.25353786 -1   
10.25492174 1    
10.25616687 1    
10.32334184 1    
10.43611442 -1   
10.50653571 1    
10.57949294 1    
10.58097560 1    
10.58223086 1    
10.58372923 1    
10.58523249 1    
10.59033319 -1   
10.59497672 1    
10.59621652 1    
10.59771288 1    
10.59922282 1    
10.60044853 1    
10.60196656 1    
10.60321989 1    
10.60471605 1    
10.60621891 1    
10.60746734 1    
10.60893972 1    
10.61020777 1    
10.61171515 1    
10.61321030 1    
10.61446313 1    
10.61597499 1    
10.61743801 1    
10.62718777 1    
10.62731929 -1   
10.62845214 1    
10.62995000 1    
10.63145383 1    
10.63267961 1    
10.64243358 1    
10.64669748 1    
10.65793896 1    
10.65941412 1    
10.66066361 1    
10.66218268 1    
10.66343334 1    
10.66493209 1    
10.66641229 1    
10.70439268 1    
10.72440150 1    
10.72587443 1    
10.72737719 1    
10.72862465 1    
10.73014749 1    
10.73162283 1    
10.73376332 -1   
10.74412900 1    
10.74418990 -1   
10.74565166 1    
10.74688841 1    
10.74838563 1    
10.74988977 1    
10.75113790 1    
10.85483413 1    
10.85630098 1    
10.85755058 1    
10.85904995 1    
10.86054977 1    
10.86182082 1    
10.86332033 1    
10.86481854 1    
10.87456128 1    
10.87582936 1    
10.87729247 1    
10.87881257 1    
10.88006406 1    
10.88153643 1    
10.88165327 -1   
10.88305698 1    
10.88428568 1    
10.88580082 1    
10.88705671 1    
10.88855643 1    
10.90830342 1    
10.90978693 1    
10.92906357 1    
10.92932763 -1   
10.98001000 1    
11.04747148 1    
11.04751420 -1   
11.04894328 1    
11.05018993 1    
11.05168859 1    
11.05320874 1    
11.05837402 -1   
11.06020517 1    
11.06144739 1    
11.06295646 1    
11.07545022 1    
11.07692625 1    
11.07844685 1    
11.08819090 1    
11.11918100 1    
11.11954436 -1   
11.12040236 1    
11.12192217 1    
11.14016515 1    
11.14045978 -1   
11.14163966 1    
11.15415949 1    
11.15563083 1    
11.15689874 1    
11.15840068 1    
11.15990267 1    
11.16112877 1    
11.16264866 1    
11.16390147 1    
11.17439234 1    
11.17562097 1    
11.17711731 1    
11.17863590 1    
11.17988638 1    
11.18136699 1    
11.18288599 1    
11.19401834 -1   
11.19688206 1    
11.21510522 1    
11.21636152 1    
11.21786480 1    
11.21934613 1    
11.23318819 1    
11.31231932 1    
11.31356304 1    
11.31506513 1    
11.31628629 1    
11.31780927 1    
11.33328268 1    
11.33480462 1    
11.33732625 -1   
11.34054929 1    
11.34177433 1    
11.34327494 1    
11.35305080 1    
11.35729024 1    
11.35876407 1    
11.36001182 1    
11.36150951 1    
11.36276342 1    
11.37003270 1    
11.37127894 1    
11.37277670 1    
11.37402789 1    
11.37552433 1    
11.37700501 1    
11.37826696 1    
11.37977457 1    
11.48646575 1    
11.48796370 1    
11.48921386 1    
11.49071015 1    
11.49221239 1    
11.49343616 1    
11.49493445 1    
11.49618335 1    
11.52170337 1    
11.52294459 1    
11.52935856 1    
11.55067088 1    
11.55192864 1    
11.55342810 1    
11.55369825 -1   
11.55465312 1    
11.55617319 1    
11.55767281 1    
11.55915018 1    
11.56042451 1    
11.56739766 1    
11.56891837 1    
11.57041587 1    
11.58291870 1    
11.67491266 -1   
11.78734191 1    
11.79688403 -1   
11.93700401 -1   
12.15917346 1    
12.58315225 -1   
12.85702315 1    
12.85732640 -1   
13.12387581 1    
13.26045297 1    
13.26086786 -1   
13.43097802 1    
13.73659724 1    
14.16528449 1    
16.08982616 -1   
24.99016691 -1   
