0.00000000 1    
0.32365970 -1   
0.35462955 1    
0.48204562 -1   
0.48244004 1    
0.50846878 1    
0.63921988 -1   
0.70917341 1    
0.74532246 -1   
0.74654135 -1   
0.75281199 -1   
0.80129146 -1   
0.83183469 -1   
0.86304543 1    
0.91721716 -1   
0.98495793 -1   
1.01695272 1    
1.08559733 -1   
1.09535952 -1   
1.12636824 -1   
1.13840518 -1   
1.29209573 -1   
1.35519405 1    
1.49146465 -1   
1.58913667 1    
1.68509973 -1   
1.90522580 1    
2.08991293 -1   
2.09022802 1    
2.24628312 -1   
2.24657477 1    
2.40123663 -1   
3.98920893 -1   
3.99070512 -1   
3.99117938 -1   
4.03073108 1    
4.03960069 1    
4.12286652 -1   
4.12412741 -1   
4.13262376 -1   
4.14466007 -1   
4.15286768 -1   
4.19588804 1    
4.29864754 -1   
4.30705259 -1   
4.30851635 -1   
4.45201309 -1   
4.45204959 1    
4.60829285 -1   
4.60832891 1    
4.61853905 1    
4.76365251 -1   
4.76368951 1    
4.79375130 -1   
4.91779044 -1   
4.91782917 1    
4.92733062 1    
4.95515894 -1   
4.95665004 -1   
5.07369939 -1   
5.07373871 1    
5.22859972 -1   
5.22863987 1    
5.23124794 -1   
5.23249120 -1   
5.36317498 -1   
5.36464180 -1   
5.36616467 -1   
5.37342214 -1   
5.38289221 -1   
5.38438184 -1   
5.38590618 -1   
5.38715405 -1   
5.38716880 -1   
5.38717658 1    
5.52360314 -1   
5.52506096 -1   
5.52657570 -1   
5.54273009 -1   
5.54276020 1    
5.54429315 -1   
5.54578705 -1   
5.55354186 -1   
5.63325083 -1   
5.63476595 -1   
5.66148158 -1   
5.66299862 -1   
5.69811881 -1   
5.69815726 1    
5.70747231 -1   
5.77893502 -1   
5.78040321 -1   
5.78193216 -1   
5.78942405 -1   
5.82015657 -1   
5.82163152 -1   
5.85352681 -1   
5.85356253 1    
5.86211530 -1   
5.86360594 -1   
5.90611541 -1   
5.90758090 -1   
5.92714647 -1   
5.99756108 -1   
5.99903191 -1   
6.01099783 -1   
6.01103260 1    
6.03254210 -1   
6.04270542 1    
6.05227983 -1   
6.05376356 -1   
6.05527085 -1   
6.05651892 -1   
6.06450150 -1   
6.06599165 -1   
6.16657815 -1   
6.16661555 1    
6.16820885 -1   
6.16970591 -1   
6.17120514 -1   
6.18020629 -1   
6.25616667 -1   
6.25739739 -1   
6.30488826 -1   
6.30612606 -1   
6.30762896 -1   
6.30912229 -1   
6.31037587 -1   
6.31659854 -1   
6.31812403 -1   
6.32018409 -1   
6.32019748 1    
6.37434994 -1   
6.37583882 -1   
6.43654136 -1   
6.43805499 -1   
6.44504978 -1   
6.44630001 -1   
6.44779832 -1   
6.47648208 -1   
6.47651761 1    
6.56121876 -1   
6.56273276 -1   
6.56898172 -1   
6.57022509 -1   
6.57172619 -1   
6.57322474 -1   
6.57447885 -1   
6.57946965 -1   
6.58097412 -1   
6.58219642 -1   
6.58372287 -1   
6.60820552 -1   
6.60943003 -1   
6.63284428 -1   
6.63288182 1    
6.70542476 -1   
6.73867868 -1   
6.74013237 -1   
6.74162806 -1   
6.79143287 -1   
6.79146972 1    
6.87029005 -1   
6.87177853 -1   
6.87330220 -1   
6.87452988 -1   
6.87603192 -1   
6.87729735 -1   
6.87880351 -1   
6.88030037 -1   
6.88154865 -1   
6.88303997 -1   
6.88429687 -1   
6.94746991 -1   
6.94750835 1    
6.96301160 -1   
6.96450148 -1   
6.99271827 -1   
7.01422565 -1   
7.01571543 -1   
7.02421728 -1   
7.02569478 -1   
7.10315857 -1   
7.10467859 -1   
7.10533511 -1   
7.10534524 1    
7.12396023 -1   
7.12516527 -1   
7.18888306 -1   
7.19012547 -1   
7.21759406 -1   
7.23610144 -1   
7.24559133 -1   
7.24708742 -1   
7.25987618 -1   
7.25990379 1    
7.28607355 -1   
7.28731382 -1   
7.35603115 -1   
7.35727536 -1   
7.36552194 -1   
7.36701906 -1   
7.39326437 -1   
7.39448090 -1   
7.41514801 -1   
7.41532825 1    
7.43924291 -1   
7.46896682 -1   
7.47021061 -1   
7.47170891 -1   
7.49920447 -1   
7.50071531 -1   
7.50219301 -1   
7.56945824 -1   
7.66486048 -1   
7.66610063 -1   
7.68109455 -1   
7.68256897 -1   
7.68383761 -1   
7.68533585 -1   
7.68656773 -1   
7.68808419 -1   
7.68958767 -1   
7.68980653 1    
7.69081359 -1   
7.70083362 -1   
7.70207571 -1   
7.72503278 -1   
7.73954110 -1   
7.75705108 -1   
7.78503900 -1   
7.81352415 -1   
7.81501426 -1   
7.83548634 -1   
7.83700154 -1   
7.87825797 -1   
7.87829229 1    
7.88672208 -1   
7.88822045 -1   
7.95049065 -1   
7.95193562 -1   
7.95343753 -1   
8.00014265 -1   
8.00166278 -1   
8.03511392 -1   
8.03514923 1    
8.04663501 -1   
8.07362254 -1   
8.07510980 -1   
8.07634164 -1   
8.07784364 -1   
8.07908956 -1   
8.09408411 -1   
8.14880934 -1   
8.15879681 -1   
8.16006628 -1   
8.19015304 -1   
8.19019041 1    
8.20504827 -1   
8.22526229 -1   
8.22677638 -1   
8.22827669 -1   
8.27725846 -1   
8.28675116 -1   
8.28824712 -1   
8.31046444 -1   
8.31198032 -1   
8.34523903 -1   
8.34643739 -1   
8.34705220 -1   
8.34706670 1    
8.36543288 -1   
8.41365346 -1   
8.41517012 -1   
8.41639986 -1   
8.44516276 -1   
8.44663062 -1   
8.47287067 -1   
8.47411498 -1   
8.47561167 -1   
8.49210792 -1   
8.50322665 -1   
8.50326262 1    
8.52659057 -1   
8.52810440 -1   
8.58158325 -1   
8.60907204 -1   
8.61053818 -1   
8.61205783 -1   
8.61680559 -1   
8.61805503 -1   
8.62454896 -1   
8.62604868 -1   
8.63302962 -1   
8.63427351 -1   
8.65842344 -1   
8.65853870 1    
8.71350779 -1   
8.71499776 -1   
8.75321149 -1   
8.75445448 -1   
8.79119062 -1   
8.79243128 -1   
8.79395807 -1   
8.81408290 -1   
8.84043620 -1   
8.84192506 -1   
8.84315298 -1   
8.84326039 1    
8.84465274 -1   
8.89015237 -1   
8.89139755 -1   
8.89290332 -1   
8.89414882 -1   
8.89562212 -1   
8.93937660 -1   
8.94087163 -1   
8.96822573 -1   
8.97808193 -1   
9.00634152 -1   
9.00637871 1    
9.00782840 -1   
9.12379855 -1   
9.16100363 -1   
9.16224317 -1   
9.19698004 -1   
9.19845149 -1   
9.19970087 -1   
9.20121882 -1   
9.20245112 -1   
9.20396790 -1   
9.20547005 -1   
9.20671601 -1   
9.20821872 -1   
9.20944231 -1   
9.21096806 -1   
9.21246579 -1   
9.21257414 1    
9.21369253 -1   
9.21521121 -1   
9.23645780 -1   
9.25744275 -1   
9.27942161 -1   
9.29641774 -1   
9.31841228 -1   
9.31990184 -1   
9.38637017 -1   
9.38640681 1    
9.38786438 -1   
9.38911305 -1   
9.42510146 -1   
9.42633672 -1   
9.42784643 -1   
9.42908787 -1   
9.45126573 -1   
9.47704632 -1   
9.47854042 -1   
9.51304681 -1   
9.51430053 -1   
9.51578782 -1   
9.60157883 1    
9.63208189 -1   
9.63422520 -1   
9.63545272 -1   
9.73317177 -1   
9.73466650 -1   
9.73616398 -1   
9.73741399 -1   
9.73891413 -1   
9.74016071 -1   
9.74166135 -1   
9.74315481 -1   
9.74438493 -1   
9.74590950 -1   
9.74715775 -1   
9.75543303 1    
9.78962236 -1   
9.79188524 -1   
9.79338003 -1   
9.80910747 -1   
9.81062059 -1   
9.83786365 -1   
9.94030405 -1   
9.94179325 -1   
9.94618189 -1   
9.94629204 1    
9.95129690 -1   
9.95279182 -1   
9.96153783 -1   
9.96303365 -1   
9.96453371 -1   
9.97977777 -1   
9.98103045 -1   
10.07948117 -1   
10.08996506 -1   
10.09120981 -1   
10.10071398 -1   
10.10238938 -1   
10.10240125 1    
10.11145165 -1   
10.11294602 -1   
10.22215011 -1   
10.22361158 -1   
10.22513302 -1   
10.22638452 -1   
10.22788402 -1   
10.23438329 -1   
10.25899777 -1   
10.26361545 -1   
10.26511345 -1   
10.28233392 -1   
10.28385402 -1   
10.41821644 -1   
10.41839537 1    
10.52395679 -1   
10.52544107 -1   
10.52671364 -1   
10.52821640 -1   
10.52943855 -1   
10.53096272 -1   
10.53246200 -1   
10.53370692 -1   
10.53521057 -1   
10.53643341 -1   
10.53795736 -1   
10.53945205 -1   
10.54420746 -1   
10.54542772 -1   
10.57336784 -1   
10.61446743 1    
10.64163011 -1   
10.64314406 -1   
10.67962964 -1   
10.68112521 -1   
10.75463782 -1   
10.76456359 -1   
10.76605615 -1   
10.76970599 -1   
10.76972106 1    
10.80506258 -1   
10.80655171 -1   
10.89476187 -1   
10.89625208 -1   
10.90447977 -1   
10.90597215 -1   
10.90747361 -1   
10.92426157 -1   
10.93971055 -1   
10.94122331 -1   
10.97719729 -1   
10.97870501 -1   
10.97995287 -1   
10.98006222 1    
11.07442864 -1   
11.07589648 -1   
11.07850470 -1   
11.08539758 -1   
11.08689303 -1   
11.15434240 -1   
11.15585361 -1   
11.15710932 -1   
11.17034704 -1   
11.17184517 -1   
11.17309143 -1   
11.17459506 -1   
11.17609087 -1   
11.20583642 -1   
11.20599828 1    
11.20732390 -1   
11.23971216 -1   
11.32374289 -1   
11.32498192 -1   
11.33248314 -1   
11.33399923 -1   
11.33524998 -1   
11.39954715 -1   
11.39958642 1    
11.48767575 -1   
11.48916306 -1   
11.55527682 -1   
11.55650094 1    
11.56591463 1    
11.72131134 1    
12.22188686 -1   
12.22218453 1    
12.48785353 -1   
12.48807384 -1   
12.48837256 1    
12.49790525 1    
12.64280702 1    
12.83288109 -1   
12.83438035 -1   
12.83486527 -1   
12.83520549 1    
13.13849399 -1   
13.13994571 -1   
13.14044129 -1   
13.15944064 -1   
13.16095793 -1   
13.29663709 -1   
13.29813209 -1   
13.31479263 -1   
13.33668753 1    
13.39405629 -1   
13.39529686 -1   
13.40232441 -1   
13.40381476 -1   
13.40531857 -1   
13.46970114 -1   
13.47004479 1    
13.49056400 1    
13.61720521 -1   
13.61871018 -1   
13.62019613 -1   
13.62375161 -1   
13.64520335 1    
14.04339493 -1   
14.16364517 -1   
14.16488455 -1   
14.16638042 -1   
14.16760852 -1   
14.16913234 -1   
14.19385184 -1   
14.19509476 -1   
14.23929284 -1   
14.29603963 -1   
14.29753729 -1   
14.31928169 -1   
14.32076677 -1   
14.32229316 -1   
14.39257187 -1   
14.46047252 -1   
14.46196497 -1   
14.46321369 -1   
14.47171195 -1   
14.47295849 -1   
14.47793080 -1   
14.47806217 1    
14.58215332 -1   
14.61913417 -1   
14.62062231 -1   
14.62761548 -1   
14.63378480 -1   
14.63401539 1    
14.64336091 1    
14.65319323 1    
14.79732627 1    
15.14614199 -1   
15.14765336 1    
15.15745453 1    
15.26301415 -1   
15.26425447 -1   
15.30336346 -1   
15.30550204 1    
15.44563704 -1   
15.44689619 -1   
15.44839745 -1   
15.44962094 -1   
15.45114514 -1   
15.45264100 -1   
15.45386930 -1   
15.45536741 -1   
15.45661953 -1   
15.46638796 -1   
15.46642954 1    
15.46788912 -1   
15.61007433 -1   
15.61128380 -1   
15.61280300 -1   
15.61427824 -1   
15.61555619 -1   
15.61704992 -1   
15.61830197 -1   
15.61978443 -1   
15.62554948 -1   
15.62703882 -1   
15.63378686 -1   
15.63381798 1    
15.63504299 -1   
15.63651560 -1   
15.67701713 -1   
15.67849391 -1   
15.67884323 1    
15.68750802 -1   
15.76598435 -1   
15.76846590 -1   
15.76997291 -1   
15.77171065 -1   
15.77321134 -1   
15.77446139 -1   
15.77593588 -1   
15.78145964 -1   
15.78370642 -1   
15.78495852 -1   
15.78814104 1    
15.78927370 -1   
15.78928718 1    
15.94409560 -1   
15.94560981 -1   
15.94608329 -1   
15.99956908 -1   
16.00107896 -1   
16.00233469 -1   
16.00382624 -1   
16.00507754 -1   
16.00657574 -1   
16.01106177 -1   
16.03581980 -1   
16.03618837 1    
16.04610590 1    
16.07652348 -1   
16.07778718 -1   
16.07928942 -1   
16.08053700 -1   
16.08203381 -1   
16.10150786 -1   
16.13956745 -1   
16.15174790 -1   
16.20175764 1    
16.20569827 -1   
16.20719203 -1   
16.20843971 -1   
16.20993951 -1   
16.21118617 -1   
16.28093152 -1   
16.28239664 -1   
16.28364964 -1   
16.30538970 -1   
16.30690753 -1   
16.30713721 -1   
16.31630182 1    
16.34419301 -1   
16.34561244 -1   
16.34713298 -1   
16.34837805 -1   
16.39716064 1    
16.46090430 -1   
16.46531587 -1   
16.46681779 -1   
16.47255953 -1   
16.47406121 -1   
16.47530761 -1   
16.48482448 -1   
16.48630510 -1   
16.50305041 -1   
16.59305108 1    
16.61098739 -1   
16.61220765 -1   
16.61373483 -1   
16.61498172 -1   
16.61645721 -1   
16.61795290 -1   
16.61920289 -1   
16.62072362 -1   
16.62080543 1    
16.62197331 -1   
16.62347633 -1   
16.62797340 -1   
16.62946777 -1   
16.63060539 1    
16.63112239 -1   
16.63222267 -1   
16.64194947 -1   
16.64344030 -1   
16.69684204 -1   
16.74697441 1    
16.76865269 -1   
16.77014255 -1   
16.77136471 -1   
16.77288680 -1   
16.77414395 -1   
16.77561375 -1   
16.77736525 -1   
16.77888914 -1   
16.78061438 -1   
16.78188144 -1   
16.78305263 1    
16.78563266 -1   
16.78713235 -1   
16.78938148 -1   
16.79060502 -1   
16.79274880 1    
16.79910598 -1   
16.85384708 -1   
16.89207706 -1   
16.92778621 -1   
16.92782229 1    
16.92905036 -1   
16.93052584 -1   
16.93178916 -1   
16.93327201 -1   
16.93477524 -1   
16.93754091 -1   
16.93762080 1    
16.93779215 -1   
16.98552149 -1   
16.98576875 1    
17.07470427 -1   
17.07594292 -1   
17.07744562 -1   
17.07869183 -1   
17.08020963 -1   
17.08171111 -1   
17.08296180 -1   
17.08495828 -1   
17.08497257 1    
17.08646015 -1   
17.13020133 -1   
17.13418342 -1   
17.13567965 -1   
17.13718044 -1   
17.17838706 -1   
17.24910242 -1   
17.24946748 1    
17.25636889 -1   
17.25783778 -1   
17.25898612 1    
17.25926802 -1   
17.26059076 -1   
17.26208637 -1   
17.26733788 -1   
17.26886234 -1   
17.27010598 -1   
17.27160334 -1   
17.27310061 -1   
17.28208046 -1   
17.28444225 -1   
17.32908070 -1   
17.33057098 -1   
17.37403070 -1   
17.41300811 -1   
17.41305303 1    
17.41450162 -1   
17.42262830 1    
17.43994536 -1   
17.45548169 -1   
17.45674842 -1   
17.57852990 1    
17.60952540 -1   
17.63987687 -1   
17.64114368 -1   
17.76602202 -1   
17.76606116 1    
17.78981410 -1   
17.79105524 -1   
17.79253156 -1   
17.79380273 -1   
17.79530488 -1   
17.79780090 -1   
17.79903120 -1   
17.80054916 -1   
17.92448407 -1   
17.92598119 -1   
17.92599773 -1   
17.92602209 1    
17.99723371 -1   
17.99866765 -1   
18.06066649 -1   
18.06215250 -1   
18.06340569 -1   
18.07966570 -1   
18.13711505 -1   
18.15560313 -1   
18.15685221 -1   
18.18858422 -1   
18.19008143 -1   
18.19132592 -1   
18.23306625 -1   
18.26052016 -1   
18.31726563 -1   
18.31848144 -1   
18.35649486 -1   
18.35663976 1    
18.35798197 -1   
18.41588609 -1   
18.47640280 -1   
18.47763935 -1   
18.48641979 -1   
18.48790756 -1   
18.57053278 -1   
18.58486124 -1   
18.62131704 -1   
18.62283319 -1   
18.62932826 -1   
18.62945561 1    
18.63082881 -1   
18.63207507 -1   
18.63357492 -1   
18.72355740 -1   
18.87966993 -1   
18.88090878 -1   
18.88188517 -1   
18.88341290 -1   
18.88493042 -1   
19.03708301 -1   
19.03732607 1    
19.03832569 -1   
19.03924314 -1   
19.04708003 1    
19.06981137 -1   
19.07107536 -1   
19.15607882 -1   
19.19180641 1    
19.19523930 -1   
19.19725419 -1   
19.32666524 -1   
19.35288278 -1   
19.35616870 -1   
19.50803085 -1   
19.51780437 -1   
19.51929752 -1   
19.66101674 -1   
19.66153873 1    
19.81475407 -1   
19.85790802 1    
19.90485645 -1   
20.00784555 -1   
20.01284218 1    
20.16153295 -1   
20.16218668 1    
20.16697283 1    
20.32088458 1    
20.42842330 -1   
20.47457180 1    
20.62951371 -1   
20.62984542 1    
20.81784367 -1   
20.81907534 -1   
20.81954764 -1   
20.81987970 1    
20.90253720 -1   
20.90402701 -1   
20.97995656 -1   
21.03094462 -1   
21.03220475 -1   
21.11416497 -1   
21.14868443 -1   
21.16761444 -1   
21.16912357 -1   
21.17037904 -1   
21.17791379 -1   
21.30078980 -1   
21.30204825 -1   
21.30354602 -1   
21.30366943 1    
21.31254629 -1   
21.31404026 -1   
21.33296170 -1   
21.42923307 -1   
21.43047311 -1   
21.50418527 -1   
21.50569232 -1   
21.52684111 -1   
21.56095080 -1   
21.56215230 -1   
21.57214684 -1   
21.57362014 -1   
21.57489096 -1   
21.68143348 -1   
21.69581145 -1   
21.69704865 -1   
21.69855595 -1   
21.69868432 1    
21.70004592 -1   
21.70129383 -1   
21.70279700 -1   
21.70406523 -1   
21.70557147 -1   
21.71381112 -1   
21.82415195 -1   
21.82448210 1    
21.82522876 -1   
21.82672794 -1   
21.83554560 -1   
21.85227856 1    
21.87247753 -1   
21.87371952 -1   
21.87522030 -1   
21.91570260 -1   
21.97767001 -1   
21.97915917 -1   
22.00715564 -1   
22.00839080 -1   
22.00989296 -1   
22.01114482 -1   
22.01116302 -1   
22.01124937 1    
22.09285618 -1   
22.09413707 -1   
22.09559347 -1   
22.09709101 -1   
22.09836024 -1   
22.13305737 -1   
22.13455041 -1   
22.16666723 -1   
22.16670366 1    
22.22000256 -1   
22.22149894 -1   
22.22274889 -1   
22.22427040 -1   
22.24401853 -1   
22.24525262 -1   
22.24675992 -1   
22.32124444 -1   
22.32128110 1    
22.35522447 -1   
22.35667314 -1   
22.35792117 -1   
22.35942015 -1   
22.40265430 -1   
22.40391581 -1   
22.40541827 -1   
22.44512924 -1   
22.44662311 -1   
22.44814225 -1   
22.47622434 -1   
22.48586990 -1   
22.48712232 -1   
22.48861791 -1   
22.54360156 -1   
22.54483738 -1   
22.54634305 -1   
22.54783689 -1   
22.56756218 -1   
22.56771843 1    
22.56882751 -1   
22.57032581 -1   
22.63579779 -1   
22.63703443 -1   
22.63853354 -1   
22.64003045 -1   
22.64128249 -1   
22.64878882 -1   
22.67701746 -1   
22.75025650 -1   
22.75028456 1    
22.75144744 -1   
22.75296835 -1   
22.76644415 -1   
22.76770953 -1   
22.77945977 -1   
22.78095577 -1   
22.81042176 -1   
22.81170390 -1   
22.81318847 -1   
22.81319828 -1   
22.81940951 -1   
22.89614344 -1   
22.89761044 -1   
22.89888064 -1   
22.90038279 -1   
22.90763321 -1   
22.90887829 -1   
22.94109553 -1   
22.94113043 1    
22.94259021 -1   
22.94408631 -1   
22.94533347 -1   
22.94683236 -1   
22.98265478 -1   
23.04178544 -1   
23.04329640 -1   
23.04452781 -1   
23.04604952 -1   
23.04752743 -1   
23.06003752 -1   
23.06154535 -1   
23.07028482 -1   
23.09377925 -1   
23.09502001 -1   
23.14104976 1    
23.19405100 -1   
23.34822429 -1   
23.50189106 -1   
24.44011166 -1   
24.61557371 -1   
24.99733494 -1   
