0.09878141 1    
3.68798384 -1   
4.04948483 -1   
4.19993285 1    
4.56181884 1    
4.56223930 -1   
4.87300900 -1   
4.92185413 1    
4.93466297 1    
4.94590768 1    
4.96264885 1    
5.00062839 1    
5.16783533 -1   
5.22917222 1    
5.47068717 -1   
5.53466926 1    
5.78473292 -1   
5.85158528 1    
5.86713132 1    
5.89411387 1    
5.94733792 1    
6.11129426 -1   
6.14647079 1    
6.17571552 1    
6.49133181 -1   
6.85066708 1    
6.85099502 -1   
7.12676117 1    
11.91217403 1    
11.91341674 1    
11.91391313 1    
11.95568107 -1   
11.96469732 -1   
11.97863605 1    
11.98012525 1    
11.99287222 1    
11.99412008 1    
11.99561929 1    
12.05433871 1    
12.13824327 1    
12.13857036 -1   
12.17881622 -1   
12.42047530 1    
12.42163968 -1   
12.64459764 1    
12.64495444 -1   
12.72095709 1    
12.72245225 1    
12.72369952 1    
12.80791086 1    
12.80940282 1    
12.81089963 1    
12.81805170 -1   
12.87237106 1    
12.87386580 1    
12.87809543 1    
12.87810882 -1   
12.88635687 1    
12.88785702 1    
12.93958362 1    
12.94107786 1    
12.95781772 1    
12.95931513 1    
12.96745357 -1   
12.99155278 1    
12.99304716 1    
12.99454801 1    
13.02103523 1    
13.02253296 1    
13.02402858 1    
13.02528085 1    
13.02677670 1    
13.11740186 1    
13.11742816 -1   
13.12447066 1    
13.12597093 1    
13.25365059 1    
13.34824694 1    
13.34828311 -1   
13.43680483 1    
13.43829155 1    
13.43954227 1    
13.44104127 1    
13.49426340 1    
13.49442874 -1   
13.51524978 1    
13.51674677 1    
13.51824545 1    
13.51949407 1    
13.52099598 1    
13.52224324 1    
13.52374405 1    
13.52541663 1    
13.56447549 1    
13.56571979 1    
13.59246088 1    
13.59395447 1    
13.59670023 1    
13.59945227 1    
13.60095086 1    
13.60219809 1    
13.60369861 1    
13.60494526 1    
13.60643105 1    
13.60644386 -1   
13.65767206 1    
13.65891633 1    
13.66041442 1    
13.66166466 1    
13.66316458 1    
13.66466155 1    
13.66591413 1    
13.66741025 1    
13.67715678 1    
13.67865540 1    
13.73462938 1    
13.73612054 1    
13.73737049 1    
13.73887131 1    
13.74012178 1    
13.74161903 1    
13.74311864 1    
13.74436588 1    
13.74586897 1    
13.74736431 1    
13.74861323 1    
13.79209088 1    
13.80058750 1    
13.80088027 -1   
13.80208293 1    
13.80333237 1    
13.80483471 1    
13.80608221 1    
13.81124001 -1   
13.81882372 1    
13.82007272 1    
13.82157309 1    
13.84531202 1    
13.84680996 1    
13.84980995 1    
13.85255537 1    
13.85405411 1    
13.86654607 1    
13.86804521 1    
13.86929837 1    
13.87545309 1    
13.87546642 -1   
13.88005074 1    
13.88153874 1    
13.88278835 1    
13.88428533 1    
13.88578857 1    
13.89977836 1    
13.90102951 1    
13.90252573 1    
13.95425184 1    
13.95574637 1    
13.95724732 1    
13.95849344 1    
13.95999470 1    
13.96149286 1    
13.96274369 1    
13.96424290 1    
13.96973870 1    
13.97123619 1    
13.97131217 -1   
13.97248789 1    
13.97973197 1    
13.98098266 1    
13.98247992 1    
14.00896720 1    
14.01046408 1    
14.01196530 1    
14.01321308 1    
14.01471324 1    
14.01895937 1    
14.02020770 1    
14.02170782 1    
14.02295959 1    
14.02445553 1    
14.04269774 1    
14.04394521 1    
14.07218419 1    
14.07367958 1    
14.07517563 1    
14.07642649 1    
14.07792853 1    
14.09042273 1    
14.09191933 1    
14.09316796 1    
14.09466706 1    
14.09616436 1    
14.09741372 1    
14.09891292 1    
14.10016542 1    
14.11292184 1    
14.11440664 1    
14.11565318 1    
14.14882769 1    
14.14886285 -1   
14.16712893 1    
14.16862406 1    
14.17012535 1    
14.17137160 1    
14.17287274 1    
14.17412151 1    
14.17561831 1    
14.17711893 1    
14.17836988 1    
14.17986659 1    
14.18136883 1    
14.18261533 1    
14.18411653 1    
14.18536583 1    
14.20660368 1    
14.20785096 1    
14.21784647 1    
14.21812349 -1   
14.21909399 1    
14.22609155 1    
14.22759251 1    
14.22883897 1    
14.23033741 1    
14.23183639 1    
14.24008189 1    
14.24158190 1    
14.24583211 1    
14.24707788 1    
14.25982440 1    
14.26107146 1    
14.26532200 1    
14.26682127 1    
14.26806876 1    
14.26956542 1    
14.26968532 -1   
14.28205895 1    
14.28355824 1    
14.28505982 1    
14.29506130 1    
14.29630284 1    
14.29779994 1    
14.30204747 1    
14.30329544 1    
14.32853739 1    
14.33003384 1    
14.33128319 1    
14.33277879 1    
14.33428028 1    
14.33552773 1    
14.33702573 1    
14.33712543 -1   
14.33827827 1    
14.33977510 1    
14.35801754 1    
14.36501255 1    
14.36651220 1    
14.36775868 1    
14.36925829 1    
14.37075856 1    
14.37200907 1    
14.37350672 1    
14.37475705 1    
14.37625384 1    
14.37775793 1    
14.37900267 1    
14.38050323 1    
14.38175416 1    
14.38325299 1    
14.41274142 1    
14.41398314 1    
14.41548206 1    
14.43522960 1    
14.43647250 1    
14.43797222 1    
14.43946818 1    
14.44071932 1    
14.44221787 1    
14.44232682 -1   
14.44371767 1    
14.44771904 1    
14.44921583 1    
14.45071323 1    
14.45771489 1    
14.45774876 -1   
14.45896056 1    
14.46895639 1    
14.47020333 1    
14.47444801 1    
14.47594913 1    
14.47719921 1    
14.47869741 1    
14.48294537 1    
14.48419182 1    
14.48510829 1    
14.50068701 1    
14.50193281 1    
14.51192894 1    
14.51342703 1    
14.51492809 1    
14.51617519 1    
14.51767493 1    
14.51892289 1    
14.52042419 1    
14.52192305 1    
14.53441906 1    
14.53724246 1    
14.53866455 1    
14.54016020 1    
14.54141274 1    
14.54290892 1    
14.54415905 1    
14.54840590 1    
14.54990859 1    
14.55040469 -1   
14.56514986 1    
14.56664629 1    
14.56814708 1    
14.57514111 1    
14.57638958 1    
14.57788926 1    
14.57939119 1    
14.58063727 1    
14.58214002 1    
14.58338551 1    
14.58488638 1    
14.58638703 1    
14.59338074 1    
14.59462893 1    
14.59613364 1    
14.59762850 1    
14.59887592 1    
14.60037615 1    
14.60047693 -1   
14.60162806 1    
14.60312382 1    
14.60462697 1    
14.61711803 1    
14.61861470 1    
14.65210147 1    
14.65359882 1    
14.65509431 1    
14.65634610 1    
14.65784476 1    
14.66209059 1    
14.66334367 1    
14.66484169 1    
14.67733904 1    
14.67883340 1    
14.68008006 1    
14.68158279 1    
14.68307844 1    
14.68432685 1    
14.68582761 1    
14.68732837 1    
14.68857649 1    
14.69007832 1    
14.69132423 1    
14.69832271 1    
14.69981992 1    
14.70681453 1    
14.73805236 1    
14.75757670 -1   
14.76880388 1    
14.77052859 1    
14.77203311 1    
14.77327827 1    
14.77477839 1    
14.77602555 1    
14.77752826 1    
14.77902403 1    
14.78027225 1    
14.78177263 1    
14.78302372 1    
14.78452221 1    
14.78602260 1    
14.78726917 1    
14.78877086 1    
14.79001745 1    
14.79151621 1    
14.79301610 1    
14.79426818 1    
14.79576467 1    
14.81400628 1    
14.81525434 1    
14.81675545 1    
14.84474176 1    
14.84623563 1    
14.84748409 1    
14.85173453 1    
14.85184025 -1   
14.85324763 1    
14.85473035 1    
14.85597913 1    
14.85748008 1    
14.85873040 1    
14.86022735 1    
14.86172912 1    
14.86297639 1    
14.86447854 1    
14.86572508 1    
14.86722293 1    
14.86872200 1    
14.86997427 1    
14.87147044 1    
14.87297259 1    
14.87422078 1    
14.88696488 1    
14.88821235 1    
14.88971088 1    
14.89144872 -1   
14.94018497 1    
14.94168244 1    
14.94293368 1    
14.94442888 1    
14.94592811 1    
14.94717727 1    
14.94867870 1    
14.94992547 1    
14.95142688 1    
14.95292363 1    
14.95417506 1    
14.95567361 1    
14.96266930 1    
14.96416760 1    
14.96542080 1    
14.96691573 1    
14.96841450 1    
14.96966502 1    
14.97116594 1    
14.97266265 1    
14.97391599 1    
14.97541258 1    
14.98515635 1    
14.99490065 1    
14.99640181 1    
14.99790100 1    
15.00764327 1    
15.00914263 1    
15.01039375 1    
15.01189015 1    
15.01314139 1    
15.01463887 1    
15.01474363 -1   
15.01614040 1    
15.01738811 1    
15.01888891 1    
15.02013583 1    
15.03562789 1    
15.06084793 1    
15.06086974 -1   
15.09010396 1    
15.15755832 1    
15.15905663 1    
15.16030791 1    
15.29781203 1    
15.29785530 -1   
15.34045916 1    
15.45964025 1    
15.46113484 1    
15.53874001 1    
15.53877792 -1   
15.68126308 1    
15.68275723 1    
15.78408022 1    
15.78411871 -1   
15.79419394 1    
15.79569235 1    
15.93320032 -1   
15.97284390 1    
15.97317482 -1   
16.03312397 1    
16.03316216 -1   
16.15274123 1    
16.15423743 1    
16.15573924 1    
16.15720644 1    
16.15848692 1    
16.15998296 1    
16.16123297 1    
16.18797246 1    
16.18947090 1    
16.19071584 1    
16.22445266 1    
16.22461561 -1   
16.27617363 1    
16.27766860 1    
16.27916691 1    
16.30574110 1    
16.30577504 -1   
16.31889452 1    
16.56151105 1    
16.56267521 -1   
16.56300283 1    
16.56856624 1    
16.56857971 -1   
16.57289376 -1   
16.63347057 1    
16.63496110 1    
16.71116968 1    
16.71241748 1    
16.71391954 1    
16.71541608 1    
16.71666621 1    
16.71816332 1    
16.71966208 1    
16.72091238 1    
16.72241459 1    
16.72390933 1    
16.72516277 1    
16.73790808 1    
16.73915115 1    
16.74065064 1    
16.74215455 1    
16.74339932 1    
16.74490276 1    
16.74639821 1    
16.74764872 1    
16.74914767 1    
16.75039472 1    
16.75189531 1    
16.75339836 1    
16.75349221 -1   
16.75739245 1    
16.75889074 1    
16.80386814 1    
16.80511563 1    
16.80661524 1    
16.81936249 1    
16.82060761 1    
16.82210510 1    
16.83185123 1    
16.83334947 1    
16.83459910 1    
16.83609661 1    
16.83759571 1    
16.83884450 1    
16.84034593 1    
16.84159554 1    
16.84309537 1    
16.84459166 1    
16.84584400 1    
16.84734003 1    
16.84858880 1    
16.85009188 1    
16.85158939 1    
16.85583751 1    
16.85708698 1    
16.86558131 1    
16.86683103 1    
16.90586864 1    
16.90590742 -1   
16.92479757 1    
16.94454003 1    
16.94878201 1    
16.95003205 1    
16.95153272 1    
16.96427744 1    
16.96552525 1    
17.01325262 1    
17.01354948 -1   
17.01474455 1    
17.01599300 1    
17.03723549 1    
17.03848079 1    
17.11144296 1    
17.11293773 1    
17.11418758 1    
17.11568634 1    
17.11718808 1    
17.11843426 1    
17.12055881 -1   
17.18590070 1    
17.18739635 1    
17.18864742 1    
17.19014616 1    
17.19164129 1    
17.19289152 1    
17.19439375 1    
17.19564039 1    
17.19714295 1    
17.19863869 1    
17.19989089 1    
17.20138793 1    
17.20563662 1    
17.20688383 1    
17.20838523 1    
17.20988319 1    
17.21113354 1    
17.21973502 1    
17.21975069 -1   
17.23412025 1    
17.23561847 1    
17.23718223 1    
17.23836652 1    
17.24811445 1    
17.24961054 1    
17.25111160 1    
17.25235925 1    
17.25386037 1    
17.25510609 1    
17.25660463 1    
17.28334669 1    
17.28459181 1    
17.30583398 1    
17.30707922 1    
17.31682472 1    
17.31693421 -1   
17.40827563 1    
17.40951957 1    
17.41377033 1    
17.41526663 1    
17.41676642 1    
17.41794223 -1   
17.41821741 1    
17.41952697 1    
17.42076505 1    
17.42226197 1    
17.42376343 1    
17.42500918 1    
17.42651144 1    
17.42766717 -1   
17.42794793 1    
17.42925736 1    
17.43625509 1    
17.43775201 1    
17.45874417 1    
17.45998989 1    
17.46148773 1    
17.46299026 1    
17.46423866 1    
17.46573694 1    
17.47697961 1    
17.47847842 1    
17.49097194 1    
17.49247463 1    
17.49372031 1    
17.54910181 1    
17.54913598 -1   
17.55368796 1    
17.63789326 1    
17.75732521 1    
17.80354714 1    
17.80393411 -1   
17.80504132 1    
17.81329144 1    
17.82603349 1    
17.82727904 1    
17.82878058 1    
17.83027854 1    
17.83177822 1    
17.84702211 1    
17.84851573 1    
17.85001807 1    
17.86743391 1    
17.86744978 -1   
17.89026194 1    
17.89998835 1    
17.90148979 1    
17.90273552 1    
17.90423415 1    
17.90698656 1    
17.93547272 1    
17.93696733 1    
17.95795812 1    
17.95920438 1    
17.96070262 1    
17.97194671 1    
17.97319988 1    
17.97469441 1    
17.97594744 1    
17.97674613 -1   
17.98539597 -1   
17.98868808 1    
18.07014587 1    
18.07163921 1    
18.12211411 1    
18.12229757 -1   
18.12336170 1    
18.12485853 1    
18.13185468 1    
18.13310599 1    
18.13460528 1    
18.13610235 1    
18.13735504 1    
18.13885018 1    
18.14010158 1    
18.14160016 1    
18.15134618 1    
18.15284343 1    
18.15409081 1    
18.15559130 1    
18.15709337 1    
18.15833936 1    
18.15984058 1    
18.16133968 1    
18.16533580 1    
18.16683498 1    
18.16833563 1    
18.16958595 1    
18.17108501 1    
18.17145249 -1   
18.17246128 1    
18.17383140 1    
18.18082909 1    
18.18232697 1    
18.19207271 1    
18.23127793 1    
18.23130300 -1   
18.24679377 1    
18.24828757 1    
18.26927898 1    
18.27077623 1    
18.27227331 1    
18.27352399 1    
18.27502469 1    
18.27627216 1    
18.27777372 1    
18.27926972 1    
18.31050810 1    
18.31200240 1    
18.31325163 1    
18.31475029 1    
18.31625141 1    
18.31749927 1    
18.31762669 -1   
18.31899953 1    
18.32024621 1    
18.38221281 1    
18.42568930 1    
18.51688903 1    
18.51727033 -1   
18.51813670 1    
18.51963199 1    
18.52680283 -1   
18.52937807 1    
18.53087763 1    
18.54911737 1    
18.55036539 1    
18.55186344 1    
18.55461527 1    
18.55736327 1    
18.55886114 1    
18.56036144 1    
18.56160979 1    
18.56311041 1    
18.56435649 1    
18.56442752 -1   
18.56585963 1    
18.57285251 1    
18.57435320 1    
18.57560161 1    
18.57710361 1    
18.57859920 1    
18.57984988 1    
18.59932311 1    
18.59935638 -1   
18.62882564 1    
18.63032162 1    
18.65280797 1    
18.67379878 1    
18.67409174 -1   
18.67504764 1    
18.67654276 1    
18.67804493 1    
18.67929077 1    
18.68079030 1    
18.68204116 1    
18.68324820 -1   
18.68376615 1    
18.68504137 1    
18.68628940 1    
18.69903160 1    
18.70027906 1    
18.71876971 1    
18.72001967 1    
18.85045250 1    
18.85194223 1    
18.86011046 -1   
18.95356179 1    
18.95360159 -1   
18.95813108 1    
18.95963117 1    
18.98761794 1    
18.98911526 1    
18.99036591 1    
18.99216487 1    
18.99311449 1    
18.99461085 1    
18.99611297 1    
19.00011022 1    
19.00160958 1    
19.01135256 1    
19.01285328 1    
19.01410052 1    
19.02959185 1    
19.03108988 1    
19.03234171 1    
19.05208040 1    
19.05242954 -1   
19.05357783 1    
19.05507655 1    
19.05632649 1    
19.06273943 -1   
19.07881448 1    
19.08006148 1    
19.08705782 1    
19.08855669 1    
19.12653839 1    
19.12778501 1    
19.12928769 1    
19.13053433 1    
19.13203392 1    
19.14054714 1    
19.14177905 1    
19.14327535 1    
19.17276549 1    
19.17425904 1    
19.18825482 1    
19.21774000 1    
19.21898547 1    
19.22048200 1    
19.22198370 1    
19.22324980 1    
19.22472810 1    
19.22597851 1    
19.22748085 1    
19.22897637 1    
19.23018535 -1   
19.23046022 1    
19.23172694 1    
19.25421464 1    
19.25546096 1    
19.25696308 1    
19.27520338 1    
19.27624808 1    
19.27626198 -1   
19.33991716 1    
19.39613357 1    
19.39763110 1    
19.42162275 1    
19.42286698 1    
19.42436651 1    
19.45510140 1    
19.45659852 1    
19.45809635 1    
19.57736140 1    
19.57738126 -1   
19.58602439 1    
19.58752194 1    
19.69122037 1    
19.69271214 1    
19.69421264 1    
19.69546024 1    
19.69695838 1    
19.72769646 1    
19.72919641 1    
19.73068905 1    
19.75717815 1    
19.75867438 1    
19.75992494 1    
19.77266691 1    
19.77392003 1    
19.77541366 1    
19.77691177 1    
19.77816256 1    
19.77966380 1    
19.83013564 1    
19.83031010 -1   
19.83163414 1    
19.90346430 1    
19.90350470 -1   
20.51009704 1    
20.91736650 1    
21.25575651 1    
21.59772316 1    
21.94477942 1    
22.62838346 1    
23.51854504 -1   
23.96923886 -1   
24.33390419 1    
24.33420520 -1   
24.74166874 1    
24.74196592 -1   
25.17992640 1    
29.67144043 -1   
33.12572650 -1   
