3.31481146 1    
3.69244541 1    
3.70396695 -1   
4.11720294 1    
4.22352482 -1   
4.31760894 1    
4.50198637 1    
4.60746890 -1   
4.75603973 -1   
4.79549559 -1   
4.84022097 -1   
4.89051270 1    
4.99749996 -1   
5.21303299 -1   
5.23679199 1    
5.52292844 -1   
5.56115254 1    
5.59528627 -1   
5.62901712 -1   
5.63603307 -1   
5.89254554 -1   
5.89259582 1    
6.23778900 -1   
6.23807894 1    
6.66377275 -1   
6.66407683 1    
7.07455896 -1   
11.23262215 1    
15.39055631 -1   
16.32180763 1    
16.59534698 -1   
16.59563803 1    
16.81723683 -1   
16.85663700 1    
17.04934728 -1   
17.04968610 1    
17.23582746 -1   
17.32179142 1    
17.46758563 -1   
17.66922509 -1   
17.66953959 1    
17.89936152 -1   
17.89968814 1    
18.16146299 -1   
22.28583169 -1   
28.06564403 1    
30.32834875 1    
34.89761315 -1   
