3.37136689 -1   
3.37165841 -1   
3.67416888 -1   
3.67747560 1    
4.02674852 -1   
4.04527030 1    
4.36283857 1    
4.36334750 -1   
4.68990455 1    
4.73945756 -1   
4.74652342 1    
4.77875450 1    
4.79149137 1    
5.05926117 1    
5.06911055 -1   
5.32269589 1    
5.39643469 1    
5.39678383 -1   
5.40791934 -1   
5.46436098 1    
5.47684921 1    
5.50933477 1    
5.73487007 1    
5.94658765 1    
5.94690112 -1   
6.08004928 1    
6.29069225 -1   
6.46188582 1    
6.62499524 -1   
6.74023078 1    
7.12675992 1    
7.71857497 1    
7.71981610 1    
7.72031246 1    
7.74181120 1    
7.74305579 1    
7.75430109 1    
7.75505411 -1   
7.75579443 1    
7.76405806 -1   
7.76829391 1    
7.76978645 1    
8.01534771 1    
8.01567618 -1   
8.05167744 -1   
8.31757701 1    
8.40448016 -1   
8.53110500 1    
8.57433045 1    
8.57468753 -1   
8.57582703 1    
8.57732359 1    
8.58342036 -1   
8.58831770 1    
8.58981670 1    
8.59131887 1    
8.60381154 1    
8.62779950 1    
8.62929415 1    
8.63054660 1    
8.63204358 1    
8.63329117 1    
8.64603569 1    
8.64753579 1    
8.64878433 1    
8.65028425 1    
8.65153189 1    
8.68526650 1    
8.68676049 1    
8.73554321 -1   
8.84542592 1    
8.84668588 1    
8.88619351 1    
8.88641825 1    
8.89339604 1    
8.95235934 1    
8.95385792 1    
9.05087744 -1   
9.10129980 1    
9.10277592 1    
9.10402570 1    
9.10554466 1    
9.10704667 1    
9.10829325 1    
9.10976936 1    
9.11177076 1    
9.11304877 1    
9.11453724 1    
9.11501183 1    
9.11676522 1    
9.11828621 1    
9.11953777 1    
9.12104081 1    
9.12228582 1    
9.12378207 1    
9.12528373 1    
9.12653148 1    
9.12803108 1    
9.12927939 1    
9.13078102 1    
9.13087769 -1   
9.13228234 1    
9.13352612 1    
9.13502764 1    
9.13627606 1    
9.13775375 1    
9.13927369 1    
9.14052507 1    
9.14202477 1    
9.14352268 1    
9.14477195 1    
9.14627405 1    
9.14752097 1    
9.14901703 1    
9.15051490 1    
9.15176865 1    
9.15326570 1    
9.15451786 1    
9.15601586 1    
9.15751531 1    
9.15876256 1    
9.16026211 1    
9.16176035 1    
9.16299158 1    
9.16451153 1    
9.16575168 1    
9.24553399 -1   
9.29069082 1    
9.29191544 1    
9.29343801 1    
9.29466381 1    
9.29890966 1    
9.30043174 1    
9.30168308 1    
9.30318079 1    
9.30742745 1    
9.30892951 1    
9.31017783 1    
9.31167395 1    
9.31592378 1    
9.31717175 1    
9.31866720 1    
9.31992314 1    
9.32291901 1    
9.32416945 1    
9.32566985 1    
9.32716577 1    
9.33116491 1    
9.33266463 1    
9.33541484 1    
9.33691271 1    
9.33814047 1    
9.33963742 1    
9.34540858 1    
9.34665557 1    
9.34815585 1    
9.34940399 1    
9.35365433 1    
9.35515250 1    
9.35526419 -1   
9.35640415 1    
9.35787787 1    
9.35940072 1    
9.36064907 1    
9.36215045 1    
9.36339532 1    
9.36764482 1    
9.36941462 1    
9.37039550 1    
9.37189321 1    
9.37886516 1    
9.38038719 1    
9.38163889 1    
9.38313572 1    
9.38438626 1    
9.39013639 1    
9.39138105 1    
9.39287971 1    
9.39438095 1    
9.39562962 1    
9.39712654 1    
9.39860369 1    
9.39985427 1    
9.40137377 1    
9.40262537 1    
9.40412299 1    
9.40562487 1    
9.40677771 -1   
9.41261918 1    
9.41386745 1    
9.41536786 1    
9.41686657 1    
9.42236455 1    
9.42390074 1    
9.42785797 1    
9.42935871 1    
9.43086235 1    
9.43210873 1    
9.43635606 1    
9.43785234 1    
9.44210257 1    
9.44335111 1    
9.44484923 1    
9.44609801 1    
9.45034858 1    
9.45184392 1    
9.45610534 1    
9.45734390 1    
9.45882232 1    
9.46034063 1    
9.46434169 1    
9.46457153 1    
9.46675268 -1   
9.51886027 -1   
9.53430153 1    
9.53579823 1    
9.54554563 1    
9.54704429 1    
9.54829299 1    
9.54978938 1    
9.55128999 1    
9.55253761 1    
9.55403667 1    
9.55553469 1    
9.55676730 1    
9.55828391 1    
9.55951420 1    
9.56103326 1    
9.56253365 1    
9.57502726 1    
9.57652378 1    
9.57777259 1    
9.57927397 1    
9.58077198 1    
9.58202501 1    
9.58351904 1    
9.58363345 -1   
9.58477105 1    
9.58628935 1    
9.59326679 1    
9.60026422 1    
9.60177177 1    
9.60298688 1    
9.60451090 1    
9.60598796 1    
9.60725440 1    
9.60875601 1    
9.61025570 1    
9.61150335 1    
9.61300621 1    
9.61425173 1    
9.63249439 1    
9.63397141 1    
9.63524263 1    
9.63673917 1    
9.63824076 1    
9.63946610 1    
9.64098640 1    
9.64223511 1    
9.64373748 1    
9.64523531 1    
9.64648583 1    
9.65073126 1    
9.65084408 -1   
9.65223305 1    
9.65347991 1    
9.65498042 1    
9.65623053 1    
9.65772982 1    
9.67047108 1    
9.67171749 1    
9.67321892 1    
9.67446944 1    
9.67596726 1    
9.68021445 1    
9.69270800 1    
9.69420766 1    
9.69993503 1    
9.70120497 1    
9.71394691 1    
9.71519689 1    
9.72244019 1    
9.72367099 1    
9.72793828 1    
9.72943743 1    
9.73493483 1    
9.73643471 1    
9.74068328 1    
9.74192977 1    
9.74617993 1    
9.74767925 1    
9.78605369 1    
9.81466658 -1   
9.82813150 1    
9.82938271 1    
9.84060533 1    
9.84212336 1    
9.84337331 1    
9.84487157 1    
9.84637159 1    
9.84762078 1    
9.84912441 1    
9.85036556 1    
9.85186798 1    
9.85336856 1    
9.85461574 1    
9.85886402 1    
9.86036822 1    
9.86160912 1    
9.86311147 1    
9.86436296 1    
9.86586042 1    
9.86735699 1    
9.86861036 1    
9.87010810 1    
9.87135838 1    
9.87283300 1    
9.87435306 1    
9.88409942 1    
9.88559963 1    
9.88709807 1    
9.88834846 1    
9.88984364 1    
9.89109562 1    
9.89259600 1    
9.89409391 1    
9.89533978 1    
9.89684425 1    
9.89834201 1    
9.89959060 1    
9.90106773 1    
9.90234041 1    
9.90384109 1    
9.90533836 1    
9.90658408 1    
9.91508123 1    
9.91633558 1    
9.91782720 1    
9.91932932 1    
9.92058349 1    
9.92207824 1    
9.93907443 1    
9.96128770 1    
9.96280116 1    
9.97129973 1    
9.97252874 1    
9.97404668 1    
9.97529787 1    
9.97679780 1    
9.98379242 1    
9.98528915 1    
9.98654236 1    
9.98804124 1    
9.98928968 1    
9.99078699 1    
9.99228881 1    
9.99353800 1    
9.99503576 1    
9.99653278 1    
9.99778582 1    
9.99926201 1    
10.00053490 1    
10.00202986 1    
10.00476190 1    
10.00625913 1    
10.00752727 1    
10.01327617 1    
10.01477178 1    
10.01603178 1    
10.01752369 1    
10.01877332 1    
10.02027190 1    
10.02174977 1    
10.02303457 1    
10.02451885 1    
10.02576682 1    
10.02726703 1    
10.02876969 1    
10.03001652 1    
10.03150505 1    
10.03300894 1    
10.03425812 1    
10.03576207 1    
10.03700554 1    
10.04550379 1    
10.04700620 1    
10.05250217 1    
10.05676398 1    
10.06524603 1    
10.07074242 1    
10.07224017 1    
10.07773865 1    
10.08196645 1    
10.08323612 1    
10.08473571 1    
10.08623123 1    
10.09444936 -1   
10.09598113 1    
10.11222278 1    
10.11225418 -1   
10.12471750 1    
10.12745768 1    
10.13170708 1    
10.13445926 1    
10.13720333 1    
10.14020324 1    
10.14292900 1    
10.14844921 1    
10.14992732 1    
10.15419706 1    
10.15844008 1    
10.16118939 1    
10.16266761 1    
10.16419227 1    
10.16543601 1    
10.16818921 1    
10.17243423 1    
10.17393377 1    
10.17543444 1    
10.17668269 1    
10.17817741 1    
10.17942972 1    
10.18093040 1    
10.18515347 1    
10.18640372 1    
10.18940021 1    
10.19065146 1    
10.19214921 1    
10.19339887 1    
10.19490046 1    
10.19641600 1    
10.19766728 1    
10.19916528 1    
10.20040449 1    
10.21091095 1    
10.21124472 -1   
10.22070639 -1   
10.22098961 -1   
10.22638519 1    
10.23038272 1    
10.24039640 1    
10.24164350 1    
10.24313852 1    
10.24738925 1    
10.24864336 1    
10.25286717 1    
10.26101112 -1   
10.31315181 1    
10.31612596 -1   
10.37011992 -1   
10.54370356 1    
10.54466338 1    
10.65066198 1    
10.65071711 -1   
10.69187189 1    
10.69336251 1    
10.73809081 1    
10.73958757 1    
10.74111232 1    
10.76463082 1    
10.76500234 -1   
10.78034037 1    
10.78181282 1    
10.80280792 1    
10.80429879 1    
10.80555111 1    
10.80706794 1    
10.80829967 1    
10.80981869 1    
10.81132039 1    
10.81256997 1    
10.81476452 -1   
10.83631062 1    
10.83780540 1    
10.83930212 1    
10.86728994 1    
10.86853042 1    
10.87003373 1    
10.96103216 -1   
10.98109271 1    
11.19535318 1    
11.24193528 1    
11.24195660 -1   
11.25831227 1    
11.25978839 1    
11.27230353 1    
11.27262574 -1   
11.27378362 1    
11.27529868 1    
11.30602107 1    
11.43247271 1    
11.43368902 1    
11.43520957 1    
11.44493615 1    
11.44645450 1    
11.45345165 1    
11.45495238 1    
11.45619845 1    
11.45769542 1    
11.45892289 1    
11.46044873 1    
11.47319057 1    
11.47443891 1    
11.47593489 1    
11.47718841 1    
11.47868357 1    
11.48539503 1    
11.48540847 -1   
11.49267973 1    
11.64758691 1    
11.64881562 1    
11.65883328 1    
11.66008176 1    
11.66158180 1    
11.67130297 1    
11.67280487 1    
11.68531818 1    
11.68681766 1    
11.68831547 1    
11.68956300 1    
11.69106217 1    
11.69231806 1    
11.71355205 1    
11.71505069 1    
11.72944706 -1   
11.73005665 1    
11.73008031 -1   
11.73833545 -1   
11.76825590 1    
11.76974478 1    
11.77124322 1    
11.77249495 1    
11.77401711 1    
11.77551409 1    
11.77676874 1    
11.77826160 1    
11.77951341 1    
11.78101302 1    
11.78251005 1    
11.79225955 1    
11.79377052 1    
11.79498132 1    
11.79650520 1    
11.79772980 1    
11.79925270 1    
11.80075122 1    
11.80086423 -1   
11.80201051 1    
11.81174164 1    
11.81324380 1    
11.81474147 1    
11.81597307 1    
11.81748935 1    
11.81899118 1    
11.82023842 1    
11.82296569 1    
11.84972570 1    
11.85121797 1    
11.93368271 1    
11.93398611 -1   
11.93515251 1    
11.93639989 1    
11.94065160 1    
11.94216992 1    
11.94367192 1    
11.94491841 1    
11.94641898 1    
11.94766578 1    
11.94916629 1    
11.95066615 1    
11.95191730 1    
11.95310118 -1   
11.95361835 1    
11.95466534 1    
11.97015441 1    
11.97164741 1    
11.97991507 1    
11.97993174 -1   
12.06560580 1    
12.11632430 1    
12.11732665 -1   
12.15130482 1    
12.15278065 1    
12.15429649 1    
12.15554807 1    
12.15703126 1    
12.16216016 -1   
12.17528574 1    
12.17653639 1    
12.17803519 1    
12.18653207 1    
12.20803318 1    
12.20951671 1    
12.22116628 1    
12.22118163 -1   
12.24248014 1    
12.27348360 1    
12.27472506 1    
12.27622982 1    
12.27772895 1    
12.27895476 1    
12.28047467 1    
12.28172411 1    
12.28322615 1    
12.28472338 1    
12.28595261 1    
12.28747052 1    
12.28872269 1    
12.29021864 1    
12.29171834 1    
12.29294733 1    
12.29446940 1    
12.29596767 1    
12.29721748 1    
12.29871641 1    
12.29994714 1    
12.30146266 1    
12.30296410 1    
12.34918880 1    
12.35043739 1    
12.36168119 1    
12.36190849 -1   
12.42639183 1    
12.42787047 1    
12.42914296 1    
12.44186699 1    
12.44313664 1    
12.44463213 1    
12.44612931 1    
12.44737928 1    
12.45737600 1    
12.45862272 1    
12.46012561 1    
12.46138611 1    
12.46287335 1    
12.46436997 1    
12.46562396 1    
12.46711873 1    
12.46836765 1    
12.46986637 1    
12.47136788 1    
12.47261116 1    
12.47411766 1    
12.47536349 1    
12.47684465 1    
12.47692109 -1   
12.47834075 1    
12.47961118 1    
12.48111204 1    
12.48235429 1    
12.48386130 1    
12.48535903 1    
12.48660983 1    
12.48810842 1    
12.48936718 1    
12.49085549 1    
12.49235839 1    
12.50095385 1    
12.50096996 -1   
12.50834553 1    
12.50959636 1    
12.51109195 1    
12.51259346 1    
12.51384544 1    
12.51533990 1    
12.51684458 1    
12.51808946 1    
12.51959158 1    
12.52081771 1    
12.52231507 1    
12.52383547 1    
12.52398738 -1   
12.52508768 1    
12.52658378 1    
12.52783910 1    
12.52933722 1    
12.53083590 1    
12.53208557 1    
12.58555563 1    
12.58680278 1    
12.58830162 1    
12.58979444 1    
12.62078679 1    
12.62203233 1    
12.62927855 1    
12.63052485 1    
12.63203032 1    
12.63327587 1    
12.63477504 1    
12.63902432 1    
12.64026848 1    
12.64176770 1    
12.64326942 1    
12.64452221 1    
12.64601806 1    
12.64726571 1    
12.64875561 1    
12.66201149 1    
12.66325555 1    
12.66475980 1    
12.66625645 1    
12.66750784 1    
12.66900258 1    
12.67025387 1    
12.67175590 1    
12.73904364 1    
12.73908342 -1   
12.75345729 1    
12.75620806 1    
12.77869318 1    
12.78019292 1    
12.78293950 1    
12.78568617 1    
12.81817153 1    
12.82241632 1    
12.82941245 1    
12.83340961 1    
12.83490901 1    
12.83913506 1    
12.84040782 1    
12.84463314 1    
12.84612970 1    
12.84926996 -1   
12.85039889 1    
12.85164786 1    
12.85315359 1    
12.86014441 1    
12.87999349 -1   
12.88687975 1    
12.94010380 1    
12.94013034 -1   
12.94984605 1    
12.95134151 1    
12.95259365 1    
12.95408915 1    
12.95556773 1    
12.95683875 1    
12.95833910 1    
12.95958628 1    
12.96108943 1    
12.96258493 1    
12.96383709 1    
12.96808409 1    
12.96959799 1    
12.99332256 1    
12.99481850 1    
12.99631687 1    
12.99756501 1    
13.00181571 1    
13.00331438 1    
13.00731222 1    
13.01155897 1    
13.04254405 1    
13.04403863 1    
13.05103457 1    
13.05228660 1    
13.05927883 1    
13.05939914 -1   
13.06078098 1    
13.06827552 1    
13.06977691 1    
13.07127263 1    
13.07252219 1    
13.07620363 1    
13.08401662 1    
13.08526465 1    
13.19175490 -1   
13.23543467 1    
13.27540548 1    
13.28567495 -1   
13.32588370 1    
13.32737807 1    
13.33712109 1    
13.33877120 1    
13.33984819 1    
13.42132997 1    
13.42138560 -1   
13.42256548 1    
13.43531718 1    
13.43656764 1    
13.43806334 1    
13.43929368 1    
13.44078954 1    
13.44228950 1    
13.44353777 1    
13.44503516 1    
13.44653428 1    
13.44778606 1    
13.44928470 1    
13.45053416 1    
13.45203279 1    
13.45353336 1    
13.45478007 1    
13.45628392 1    
13.45905116 1    
13.46055471 1    
13.46330112 1    
13.46480195 1    
13.47029361 1    
13.47179586 1    
13.51110556 1    
13.66918985 1    
13.66922717 -1   
13.67943504 -1   
13.71703967 1    
13.72721185 -1   
13.75963180 1    
13.76112847 1    
13.77360079 1    
13.77512164 1    
13.77637209 1    
13.78361442 1    
13.78484299 1    
13.78636285 1    
13.80310801 1    
13.80460334 1    
13.80584996 1    
13.80734977 1    
13.89759998 -1   
13.94100811 1    
13.95131044 -1   
14.03922643 1    
14.03950190 -1   
14.04071998 1    
14.04221568 1    
14.04346505 1    
14.04494427 1    
14.05471006 1    
14.05620968 1    
14.05745989 1    
14.06745178 1    
14.06870440 1    
14.07019950 1    
14.07170139 1    
14.16394801 -1   
14.17435945 1    
14.18293017 -1   
14.25035834 1    
14.25159656 1    
14.25307704 1    
14.25434483 1    
14.25582326 1    
14.25734408 1    
14.25859537 1    
14.26009268 1    
14.26134307 1    
14.26281912 1    
14.26434343 1    
14.26558454 1    
14.36530754 1    
14.36675957 1    
14.36828193 1    
14.37441209 -1   
14.38077804 1    
14.38227224 1    
14.38352279 1    
14.38502257 1    
14.38627203 1    
14.38777011 1    
14.38926660 1    
14.39051712 1    
14.39201913 1    
14.39326617 1    
14.39603731 -1   
14.40727396 1    
14.43218503 -1   
14.61419399 -1   
14.65246907 1    
14.91232049 1    
15.01242197 1    
15.17960485 1    
15.40778862 1    
16.37022506 -1   
16.43070122 1    
16.65482159 1    
16.65513599 -1   
16.91692567 1    
16.91724948 -1   
17.27446931 1    
25.48140159 -1   
27.38067763 -1   
27.68775312 1    
27.68805646 -1   
28.10227079 1    
28.10259124 -1   
28.68568697 1    
34.38264067 -1   
34.45778018 -1   
34.45779005 -1   
34.72543207 -1   
