0.00000000 1    
0.25777313 -1   
0.25792880 1    
0.41143317 -1   
0.41168204 1    
0.56768039 -1   
0.56771688 1    
0.84768564 1    
0.88041788 -1   
1.00154245 1    
1.11727998 -1   
1.15569449 1    
1.27098180 -1   
1.32659579 1    
1.49728989 -1   
1.51300905 1    
1.72317860 -1   
1.72350422 1    
1.93656050 -1   
1.93661193 1    
2.09669831 -1   
2.09701967 1    
2.32733623 -1   
2.32764275 1    
2.68888605 -1   
3.94579978 -1   
3.94728467 -1   
3.94778117 -1   
3.98391451 1    
3.99372286 1    
4.00902672 -1   
4.01036528 -1   
4.01351884 -1   
4.03301538 -1   
4.03450718 -1   
4.03600389 -1   
4.10292611 -1   
4.10327021 1    
4.14248612 1    
4.40914671 -1   
4.40948048 1    
4.55353072 -1   
4.63968348 -1   
4.64005549 1    
4.64088737 -1   
4.64240758 -1   
4.64940623 -1   
4.64951337 1    
4.65088446 -1   
4.66467786 -1   
4.66470735 1    
4.67214352 -1   
4.70410454 -1   
4.70562284 -1   
4.70711849 -1   
4.70837118 -1   
4.70986865 -1   
4.71136921 -1   
4.71986586 -1   
4.72111426 -1   
4.72261185 -1   
4.72410794 -1   
4.83778053 -1   
4.83904488 -1   
4.92325405 -1   
4.92749556 -1   
4.92874714 -1   
4.94423597 -1   
4.95953137 -1   
4.95956046 1    
4.96147716 -1   
5.02868995 -1   
5.03016616 -1   
5.11437241 -1   
5.11563827 -1   
5.11711868 -1   
5.11734259 1    
5.11863745 -1   
5.12563230 -1   
5.13987366 -1   
5.14112078 -1   
5.14262352 -1   
5.15111870 -1   
5.15236606 -1   
5.16510506 -1   
5.16660922 -1   
5.16810958 -1   
5.16940654 -1   
5.17110333 -1   
5.17236392 -1   
5.17385352 -1   
5.17535532 -1   
5.17660069 -1   
5.20758984 -1   
5.21308143 -1   
5.21458305 -1   
5.21580890 -1   
5.22007653 -1   
5.22155374 -1   
5.22432492 -1   
5.27355263 -1   
5.27357913 1    
5.27477570 -1   
5.32402543 -1   
5.35151269 -1   
5.35273179 -1   
5.35701526 -1   
5.42871710 -1   
5.43020553 -1   
5.43420409 -1   
5.43570305 -1   
5.44269935 -1   
5.44419911 -1   
5.44545061 -1   
5.44694775 -1   
5.46516960 -1   
5.46643542 -1   
5.46794320 -1   
5.46805992 1    
5.47066145 -1   
5.47218361 -1   
5.47367946 -1   
5.49167233 -1   
5.49317220 -1   
5.49741627 -1   
5.49890342 -1   
5.50016539 -1   
5.50166623 -1   
5.50589005 -1   
5.50713866 -1   
5.51138678 -1   
5.51288769 -1   
5.51413434 -1   
5.51566130 -1   
5.51688494 -1   
5.51840329 -1   
5.52540074 -1   
5.53664669 -1   
5.53814499 -1   
5.53939402 -1   
5.54089478 -1   
5.54212422 -1   
5.54364253 -1   
5.55213941 -1   
5.55339266 -1   
5.55486535 -1   
5.58711491 -1   
5.60260931 -1   
5.60265442 1    
5.60410691 -1   
5.65458413 -1   
5.67407331 -1   
5.67556677 -1   
5.67706501 -1   
5.67831600 -1   
5.67979158 -1   
5.68106628 -1   
5.70930020 -1   
5.71054977 -1   
5.71477154 -1   
5.71627435 -1   
5.71754434 -1   
5.71904807 -1   
5.72328961 -1   
5.72454118 -1   
5.73028686 -1   
5.73176335 -1   
5.73303434 -1   
5.73453746 -1   
5.74702503 -1   
5.74852072 -1   
5.75002303 -1   
5.75125728 -1   
5.75277299 -1   
5.75408172 -1   
5.75551842 -1   
5.75702200 -1   
5.75726508 1    
5.75827541 -1   
5.75977001 -1   
5.76826686 -1   
5.77226136 -1   
5.77525900 -1   
5.77648879 -1   
5.78773375 -1   
5.78925343 -1   
5.79050617 -1   
5.79200251 -1   
5.79349950 -1   
5.79474612 -1   
5.79625316 -1   
5.79750084 -1   
5.79899967 -1   
5.80049701 -1   
5.80172111 -1   
5.80322441 -1   
5.80474422 -1   
5.80599098 -1   
5.81599384 -1   
5.81872757 -1   
5.82023308 -1   
5.82148223 -1   
5.82158793 1    
5.82423521 -1   
5.82570892 -1   
5.82723159 -1   
5.82848343 -1   
5.82998365 -1   
5.83146013 -1   
5.83270541 -1   
5.83420397 -1   
5.83545609 -1   
5.83695836 -1   
5.83845261 -1   
5.85369631 -1   
5.85489865 1    
5.85541865 -1   
5.85669618 -1   
5.85794172 -1   
5.88194147 -1   
5.88198248 1    
5.91266615 -1   
5.91415773 -1   
5.93115480 -1   
5.93240490 -1   
5.93390012 -1   
5.93514642 -1   
5.93665227 -1   
5.93814502 -1   
5.94214414 -1   
5.94364279 -1   
5.96316779 -1   
5.96465525 -1   
5.96615208 -1   
5.96887981 -1   
5.97039888 -1   
5.97164878 -1   
5.97312267 -1   
5.97439401 -1   
5.97447914 1    
5.97587642 -1   
5.97739561 -1   
5.98287053 -1   
5.98439519 -1   
5.98564392 -1   
5.98986693 -1   
5.99139035 -1   
5.99263785 -1   
5.99413905 -1   
5.99563627 -1   
5.99686019 -1   
5.99838043 -1   
5.99963825 -1   
6.00113227 -1   
6.00263205 -1   
6.00385540 -1   
6.00538421 -1   
6.00685423 -1   
6.00812680 -1   
6.00962464 -1   
6.01085494 -1   
6.01237318 -1   
6.01387404 -1   
6.03761591 -1   
6.03910958 -1   
6.04060981 -1   
6.05036032 -1   
6.05185128 -1   
6.05197174 1    
6.05310605 -1   
6.05459948 -1   
6.05585028 -1   
6.05734812 -1   
6.05882700 -1   
6.06009987 -1   
6.06159754 -1   
6.06282347 -1   
6.06434555 -1   
6.06584260 -1   
6.06709233 -1   
6.06859318 -1   
6.07009663 -1   
6.07133995 -1   
6.07284465 -1   
6.07408808 -1   
6.07558987 -1   
6.07708832 -1   
6.07833734 -1   
6.07983767 -1   
6.09932746 -1   
6.10082402 -1   
6.10207456 -1   
6.10357167 -1   
6.10507450 -1   
6.10629826 -1   
6.10654892 -1   
6.14592112 1    
6.19107353 1    
6.24197528 -1   
6.24322009 -1   
6.24471656 -1   
6.24600012 -1   
6.24749139 -1   
6.24898936 -1   
6.25023831 -1   
6.25174022 -1   
6.25179397 1    
6.25298689 -1   
6.25448351 -1   
6.25598792 -1   
6.25873231 -1   
6.26023512 -1   
6.26146009 -1   
6.26572969 -1   
6.26722710 -1   
6.26873134 -1   
6.27147482 -1   
6.27273102 -1   
6.27422319 -1   
6.27697458 -1   
6.27847127 -1   
6.27970395 -1   
6.28122257 -1   
6.28270014 -1   
6.28398593 -1   
6.28547965 -1   
6.28555685 1    
6.28697720 -1   
6.28822112 -1   
6.28971057 -1   
6.29096369 -1   
6.29246792 -1   
6.29395925 -1   
6.29520852 -1   
6.29670768 -1   
6.29797022 -1   
6.31220775 -1   
6.31345453 -1   
6.31493375 -1   
6.31620246 -1   
6.31768182 -1   
6.32744228 -1   
6.32892147 -1   
6.33019411 -1   
6.33167387 -1   
6.33319218 -1   
6.33443305 -1   
6.33592142 -1   
6.33718670 -1   
6.33868141 -1   
6.34020260 -1   
6.34143723 -1   
6.35269422 -1   
6.35418159 -1   
6.35542953 -1   
6.35690635 -1   
6.35722665 1    
6.35840441 -1   
6.35967861 -1   
6.36117598 -1   
6.36242193 -1   
6.36392496 -1   
6.36542054 -1   
6.36667381 -1   
6.36817217 -1   
6.36942155 -1   
6.37091870 -1   
6.37241553 -1   
6.37366602 -1   
6.37516789 -1   
6.37666566 -1   
6.37698163 1    
6.37789140 -1   
6.37940866 -1   
6.38066465 -1   
6.38491314 -1   
6.38641095 -1   
6.38766015 -1   
6.38915668 -1   
6.39065941 -1   
6.39188644 -1   
6.40188848 -1   
6.40313081 -1   
6.40462743 -1   
6.40587856 -1   
6.40737489 -1   
6.40887426 -1   
6.41012395 -1   
6.41162877 -1   
6.41861876 -1   
6.42013427 -1   
6.42138968 -1   
6.42288983 -1   
6.42414814 -1   
6.42564019 -1   
6.42713574 -1   
6.42839338 -1   
6.42988513 -1   
6.43113340 -1   
6.43263474 -1   
6.43687896 -1   
6.45237826 -1   
6.45385213 -1   
6.45512236 -1   
6.45662629 -1   
6.45786948 -1   
6.45937594 -1   
6.46086801 -1   
6.46095734 1    
6.46211601 -1   
6.47136270 -1   
6.47283797 -1   
6.47410844 -1   
6.47561075 -1   
6.47710664 -1   
6.47835955 -1   
6.48135993 -1   
6.48410427 -1   
6.48560223 -1   
6.48683078 -1   
6.48835191 -1   
6.49959803 -1   
6.50082185 -1   
6.50234600 -1   
6.51208806 -1   
6.51358837 -1   
6.51483543 -1   
6.51908299 -1   
6.52140426 1    
6.52607497 -1   
6.52610873 1    
6.52757565 -1   
6.52907966 -1   
6.53032963 -1   
6.53182767 -1   
6.54157165 -1   
6.54304979 -1   
6.55554542 -1   
6.58778041 -1   
6.58929534 -1   
6.59354185 -1   
6.59479371 -1   
6.59629004 -1   
6.59752025 -1   
6.62577195 -1   
6.62702283 -1   
6.62786040 1    
6.66650041 -1   
6.66800243 -1   
6.66924989 -1   
6.67506890 -1   
6.67640935 1    
6.67717305 -1   
6.67976834 1    
6.81615094 -1   
6.81739210 -1   
6.82845405 -1   
6.83292771 1    
6.99854219 -1   
6.99857775 1    
6.99981231 -1   
7.00018856 -1   
7.07727589 -1   
7.07876338 -1   
7.14573483 -1   
7.14697521 -1   
7.14845648 -1   
7.14995086 -1   
7.15122059 -1   
7.15272227 -1   
7.15397709 -1   
7.15546942 -1   
7.15615678 -1   
7.15617031 1    
7.18371186 -1   
7.18401291 1    
7.18496543 -1   
7.18645336 -1   
7.18795540 -1   
7.23092944 -1   
7.23242585 -1   
7.23992539 -1   
7.24938635 1    
7.32100808 -1   
7.32104273 1    
7.49462645 -1   
7.49466086 1    
7.58098572 -1   
7.58247474 -1   
7.59047470 -1   
7.59169886 -1   
7.59321080 -1   
7.61021736 -1   
7.61146443 -1   
7.61295744 -1   
7.61421381 -1   
7.61568734 -1   
7.61721164 -1   
7.61731731 1    
7.61845950 -1   
7.62418135 -1   
7.62545298 -1   
7.62692947 -1   
7.62819466 -1   
7.62967775 -1   
7.63119688 -1   
7.63245198 -1   
7.63393102 -1   
7.64244465 -1   
7.64369513 -1   
7.64518917 -1   
7.66337751 -1   
7.66339601 1    
7.70966484 -1   
7.71087971 -1   
7.71240463 -1   
7.71365199 -1   
7.71514937 -1   
7.71664933 -1   
7.71787895 -1   
7.71939740 -1   
7.72089894 -1   
7.72214545 -1   
7.72364899 -1   
7.72614500 -1   
7.72763854 -1   
7.72887238 -1   
7.73639200 -1   
7.77836752 -1   
7.77850759 1    
7.77984594 -1   
7.78111063 -1   
7.78261011 -1   
7.78411047 -1   
7.78536384 -1   
7.78686422 -1   
7.78810636 -1   
7.78985585 -1   
7.79110827 -1   
7.79260722 -1   
7.79410341 -1   
7.79535187 -1   
7.82181127 -1   
7.82184332 1    
7.82333984 -1   
7.82483755 -1   
7.82609120 -1   
7.90480130 -1   
7.90626886 -1   
7.90752023 -1   
7.91404695 -1   
7.91527905 1    
7.91528305 -1   
7.91678881 -1   
7.91803552 -1   
7.91953043 -1   
7.92276161 -1   
7.92402943 -1   
7.92552736 -1   
7.94926922 -1   
7.95076897 -1   
7.96603483 1    
7.96823765 -1   
7.96948173 -1   
7.97100623 -1   
7.97223279 -1   
7.97375375 -1   
7.97488184 1    
7.97875208 -1   
7.98024749 -1   
7.98150425 -1   
7.98299526 -1   
7.98449868 -1   
7.98574375 -1   
7.98575769 -1   
7.98578274 1    
7.99999061 -1   
8.00148454 -1   
8.02173223 -1   
8.02298004 -1   
8.02447546 -1   
8.14100467 -1   
8.14104027 1    
8.19563764 -1   
8.19712136 -1   
8.19837561 -1   
8.19985138 -1   
8.20112687 -1   
8.20837349 -1   
8.20962238 -1   
8.21111693 -1   
8.21237071 -1   
8.21386396 -1   
8.21536658 -1   
8.21856303 1    
8.22761128 -1   
8.24634827 -1   
8.25709272 -1   
8.25801782 1    
8.25853553 -1   
8.25983853 -1   
8.26108978 -1   
8.26258711 -1   
8.27633368 -1   
8.27757705 -1   
8.27908144 -1   
8.28032596 -1   
8.28182470 -1   
8.28332377 -1   
8.28457769 -1   
8.28607415 -1   
8.28732410 -1   
8.28882081 -1   
8.29030073 -1   
8.29156877 -1   
8.29304686 -1   
8.29456852 -1   
8.29706933 -1   
8.29856089 -1   
8.29979649 -1   
8.30131393 -1   
8.30281816 -1   
8.30406524 -1   
8.30556139 -1   
8.30678910 -1   
8.30683414 1    
8.30857790 -1   
8.30978768 -1   
8.31105931 -1   
8.31255910 -1   
8.31278843 -1   
8.31279803 1    
8.31455751 -1   
8.31580846 -1   
8.33380085 -1   
8.35228649 -1   
8.35324338 1    
8.35376273 -1   
8.36303195 -1   
8.36453382 -1   
8.36577833 -1   
8.36728069 -1   
8.36875588 -1   
8.37002656 -1   
8.37151831 -1   
8.37263681 1    
8.37315401 -1   
8.37427367 -1   
8.37577520 -1   
8.37703885 -1   
8.37851771 -1   
8.38001920 -1   
8.38127170 -1   
8.38274548 -1   
8.38427000 -1   
8.38551470 -1   
8.38701679 -1   
8.38826515 -1   
8.38976135 -1   
8.39126309 -1   
8.39250836 -1   
8.39401030 -1   
8.39526352 -1   
8.39676373 -1   
8.39826157 -1   
8.39950703 -1   
8.40100068 -1   
8.40252124 -1   
8.40376176 -1   
8.41075542 -1   
8.41226010 -1   
8.41350041 -1   
8.41500122 -1   
8.41507259 1    
8.41649738 -1   
8.41774660 -1   
8.41924811 -1   
8.42074700 -1   
8.42349551 -1   
8.42474327 -1   
8.42624252 -1   
8.42774327 -1   
8.43323923 -1   
8.43471733 -1   
8.43599271 -1   
8.43873591 -1   
8.44023710 -1   
8.44173330 -1   
8.44298268 -1   
8.44448314 -1   
8.44598275 -1   
8.44722974 -1   
8.44871264 -1   
8.45000318 -1   
8.45149979 -1   
8.46994575 -1   
8.47000237 1    
8.60989645 -1   
8.61138666 -1   
8.61263597 -1   
8.61413397 -1   
8.61563644 -1   
8.61686144 -1   
8.61838554 -1   
8.61963101 -1   
8.62112693 -1   
8.62262905 -1   
8.62385808 -1   
8.62662871 -1   
8.62813045 -1   
8.63208667 -1   
8.63210180 1    
8.64711764 -1   
8.64837574 -1   
8.65811868 -1   
8.74082357 -1   
8.74111425 1    
8.74206085 -1   
8.74355679 -1   
8.75056017 -1   
8.75178643 -1   
8.78829603 -1   
8.78953463 -1   
8.79103627 -1   
8.79348643 -1   
8.79351836 1    
8.81176180 -1   
8.81300391 -1   
8.81450324 -1   
8.82127352 -1   
8.82274511 -1   
8.82401822 -1   
8.82551912 -1   
8.82701384 -1   
8.82826917 -1   
8.82976060 -1   
8.83101298 -1   
8.84575404 -1   
8.84700333 -1   
8.84856102 -1   
8.85000288 -1   
8.85127404 -1   
8.85277311 -1   
8.86824392 -1   
8.86946937 -1   
8.87098872 -1   
8.87816591 1    
8.87844691 -1   
8.87948917 -1   
8.89772834 -1   
8.89897308 -1   
8.90047384 -1   
8.90197521 -1   
8.90322299 -1   
8.90621997 -1   
8.93196307 -1   
8.94853869 -1   
8.94855957 1    
8.99815295 -1   
8.99964200 -1   
9.00114315 -1   
9.00241350 -1   
9.00391625 -1   
9.00513945 -1   
9.00663661 -1   
9.00814005 -1   
9.00941068 -1   
9.01088838 -1   
9.01216000 -1   
9.01365820 -1   
9.01515121 -1   
9.01640421 -1   
9.01788154 -1   
9.02215566 -1   
9.02434996 1    
9.02765254 -1   
9.02914618 -1   
9.03039873 -1   
9.04615097 -1   
9.04764007 -1   
9.04913646 -1   
9.05563788 -1   
9.10442686 -1   
9.10445320 1    
9.16532885 -1   
9.16679819 -1   
9.16807268 -1   
9.16956595 -1   
9.17104492 -1   
9.17231535 -1   
9.17381613 -1   
9.17498466 1    
9.17527122 -1   
9.17656647 -1   
9.17806486 -1   
9.17931050 -1   
9.18081128 -1   
9.18205993 -1   
9.18356181 -1   
9.19355489 -1   
9.19505780 -1   
9.19630229 -1   
9.20654490 -1   
9.20666003 1    
9.20804777 -1   
9.20929530 -1   
9.25862206 -1   
9.25867741 1    
9.41436797 -1   
9.41440279 1    
9.54459131 -1   
9.54583227 -1   
9.54735133 -1   
9.55448149 1    
9.56865858 -1   
9.56868402 1    
9.62731363 -1   
9.62880682 -1   
9.69327752 -1   
9.69451616 -1   
9.69602011 -1   
9.69726467 -1   
9.69876675 -1   
9.70026387 -1   
9.70151233 -1   
9.70301066 -1   
9.72543559 -1   
9.72546708 1    
9.73491799 1    
9.88260462 -1   
9.88266026 1    
9.89177419 1    
9.91564797 -1   
9.91713967 -1   
9.92388630 -1   
9.92536467 -1   
9.92663891 -1   
9.92813555 -1   
9.92963599 -1   
9.93563307 -1   
9.93685870 -1   
9.93837309 -1   
9.93987652 -1   
9.94612343 -1   
10.03687069 -1   
10.03690994 1    
10.04641912 1    
10.13002714 -1   
10.13124734 -1   
10.13276563 -1   
10.13401530 -1   
10.13552225 -1   
10.13699572 -1   
10.13826002 -1   
10.14101162 -1   
10.16150735 -1   
10.16274980 -1   
10.16425122 -1   
10.16574712 -1   
10.19554004 -1   
10.19557250 1    
10.21772734 -1   
10.30667243 -1   
10.30814513 -1   
10.30942003 -1   
10.31658078 1    
10.35047714 -1   
10.35051578 1    
10.36538684 -1   
10.36688183 -1   
10.37261774 -1   
10.37385741 -1   
10.37535734 -1   
10.37685666 -1   
10.37810753 -1   
10.37960374 -1   
10.39736950 -1   
10.39884184 -1   
10.50640864 -1   
10.50674202 1    
10.71421538 1    
10.79549516 -1   
10.98863707 -1   
11.18585828 -1   
11.41963734 -1   
12.08426145 -1   
14.88423340 1    
19.28719301 1    
24.43794286 1    
30.53877282 1    
30.54827570 1    
30.69254815 1    
30.96345630 -1   
