0.00000000 1    
2.01057179 1    
2.17295954 -1   
2.17326993 1    
2.37384550 -1   
2.37435265 1    
2.59296405 -1   
3.23571462 1    
3.43598556 -1   
3.43617297 1    
3.63561894 -1   
3.63566567 1    
3.79211749 -1   
3.79215801 1    
4.00719643 1    
4.07536956 -1   
4.16253077 1    
4.27150895 -1   
4.32018036 1    
4.51586616 -1   
4.51621057 1    
4.66952735 -1   
4.67319882 1    
4.82918724 -1   
5.00758908 1    
5.04381675 -1   
5.19872687 -1   
5.19876999 1    
5.39907182 1    
5.62073281 -1   
5.62108427 1    
5.83235834 -1   
7.10304549 -1   
7.10453607 -1   
7.10548790 -1   
7.11278768 -1   
7.14314585 1    
7.15281772 1    
7.25970009 -1   
7.26094225 -1   
7.26244173 -1   
7.26611960 -1   
7.27318484 -1   
7.29772414 1    
7.42104971 -1   
7.45463229 1    
7.61043385 -1   
7.61158204 1    
7.67720976 -1   
7.76876892 -1   
7.76881016 1    
7.77733800 1    
7.83912038 -1   
7.84061037 -1   
7.84211119 -1   
7.84335937 -1   
7.84485809 -1   
7.85186201 -1   
7.86160124 -1   
7.86309742 -1   
7.87009299 -1   
7.87134331 -1   
7.87834156 -1   
7.89258659 -1   
7.89274225 1    
7.92581648 -1   
7.92585694 1    
7.92706693 -1   
7.99802788 -1   
7.99952244 -1   
8.00101997 -1   
8.00226749 -1   
8.00651507 -1   
8.00801391 -1   
8.00926592 -1   
8.01076347 -1   
8.02051605 -1   
8.02174051 -1   
8.08303596 1    
8.11270881 -1   
8.17043112 -1   
8.17167213 -1   
8.17317226 -1   
8.17441927 -1   
8.17591945 -1   
8.17741826 -1   
8.17867311 -1   
8.18090216 1    
8.18697962 -1   
8.18891408 -1   
8.19041161 -1   
8.22539652 -1   
8.22689332 -1   
8.23938907 -1   
8.24088340 -1   
8.24213004 -1   
8.24362928 -1   
8.24512966 -1   
8.29215706 1    
8.30910073 -1   
8.33033853 -1   
8.33183137 -1   
8.33607956 -1   
8.33732858 -1   
8.34157745 -1   
8.34307296 -1   
8.35007249 -1   
8.35132264 -1   
8.35831686 -1   
8.35981565 -1   
8.39055249 -1   
8.39204652 -1   
8.40179487 -1   
8.40329271 -1   
8.40753621 -1   
8.40878697 -1   
8.41028544 -1   
8.41178351 -1   
8.48699983 -1   
8.48704693 1    
8.48849204 -1   
8.49548915 -1   
8.49673817 -1   
8.50398035 -1   
8.50523218 -1   
8.50672963 -1   
8.51647950 -1   
8.51797302 -1   
8.52921681 -1   
8.53046525 -1   
8.55720488 -1   
8.55870103 -1   
8.55900451 1    
8.56844404 -1   
8.56994307 -1   
8.57394234 -1   
8.57544064 -1   
8.57694043 -1   
8.57818781 -1   
8.57935908 1    
8.61817036 -1   
8.64765613 -1   
8.64769613 1    
8.65739922 -1   
8.65889248 -1   
8.66863940 -1   
8.67013591 -1   
8.67438472 -1   
8.67563226 -1   
8.68138169 -1   
8.68562760 -1   
8.68688006 -1   
8.69962001 -1   
8.70111671 -1   
8.73060484 -1   
8.73185260 -1   
8.74184431 -1   
8.74309745 -1   
8.74734421 -1   
8.74884191 -1   
8.75008890 -1   
8.75159218 -1   
8.80781154 -1   
8.80786051 1    
8.80905475 -1   
8.81630614 -1   
8.81755306 -1   
8.83179931 -1   
8.83304236 -1   
8.84003928 -1   
8.84153936 -1   
8.85403209 -1   
8.85552896 -1   
8.85702829 -1   
8.87227383 -1   
8.87376917 -1   
8.90025844 -1   
8.90175618 -1   
8.91024758 -1   
8.91149817 -1   
8.91849612 -1   
8.91999329 -1   
8.92149007 -1   
8.92274138 -1   
8.92284239 1    
8.96097169 -1   
8.97621969 -1   
8.97625853 1    
8.98470558 -1   
8.98620505 -1   
8.99595267 -1   
8.99719909 -1   
9.00719610 -1   
9.00844202 -1   
9.00994255 -1   
9.02518337 -1   
9.02668407 -1   
9.03093235 -1   
9.03243043 -1   
9.05067175 -1   
9.05191627 -1   
9.07166272 -1   
9.07290357 -1   
9.07990367 -1   
9.08124019 1    
9.08152141 -1   
9.09115078 -1   
9.09265081 -1   
9.09689649 -1   
9.09814198 -1   
9.14461643 -1   
9.14463099 1    
9.14586293 -1   
9.15586032 -1   
9.15710620 -1   
9.16135731 -1   
9.16835115 -1   
9.16984881 -1   
9.17959902 -1   
9.18109320 -1   
9.19933958 -1   
9.20083282 -1   
9.20783087 -1   
9.20907610 -1   
9.22732408 -1   
9.22881537 -1   
9.24406218 -1   
9.24555743 -1   
9.25530821 -1   
9.25679964 -1   
9.25693640 1    
9.26654363 -1   
9.26804391 -1   
9.27504212 -1   
9.27653781 -1   
9.31002227 -1   
9.32001942 -1   
9.32005656 1    
9.32126489 -1   
9.33100874 -1   
9.33250779 -1   
9.33675445 -1   
9.33800517 -1   
9.34499976 -1   
9.34649733 -1   
9.35624516 -1   
9.35774103 -1   
9.37723480 -1   
9.37873014 -1   
9.39147561 -1   
9.39297345 -1   
9.40821553 -1   
9.40971413 -1   
9.41946470 -1   
9.42095826 -1   
9.42108437 1    
9.43344880 -1   
9.43494806 -1   
9.44469160 -1   
9.44619026 -1   
9.45468971 -1   
9.45593585 -1   
9.46018304 -1   
9.49516840 -1   
9.49520650 1    
9.49666464 -1   
9.50366282 -1   
9.50515984 -1   
9.51215447 -1   
9.51340153 -1   
9.51765099 -1   
9.51915203 -1   
9.53314844 -1   
9.53439301 -1   
9.55563400 -1   
9.55687818 -1   
9.57237661 -1   
9.57362024 -1   
9.58636396 -1   
9.58786245 -1   
9.59486144 -1   
9.59610704 -1   
9.60035635 -1   
9.61459892 -1   
9.61584421 -1   
9.62284030 -1   
9.62708881 -1   
9.62858979 -1   
9.64108579 -1   
9.64258194 -1   
9.67481665 -1   
9.67485405 1    
9.67606147 -1   
9.68030683 -1   
9.68180476 -1   
9.69305063 -1   
9.69430021 -1   
9.69579852 -1   
9.69729885 -1   
9.71254640 -1   
9.71403653 -1   
9.73503411 -1   
9.73652363 -1   
9.75477021 -1   
9.75601510 -1   
9.76026045 -1   
9.76726424 -1   
9.76875666 -1   
9.77700219 -1   
9.77850094 -1   
9.78000362 -1   
9.78124943 -1   
9.78953196 1    
9.79674692 -1   
9.79799136 -1   
9.81073616 -1   
9.81223169 -1   
9.82472527 -1   
9.82622429 -1   
9.85720902 -1   
9.85724844 1    
9.85845705 -1   
9.85995390 -1   
9.86120530 -1   
9.87120335 -1   
9.87244950 -1   
9.87944418 -1   
9.88094413 -1   
9.89069030 -1   
9.89493764 -1   
9.89643297 -1   
9.91742839 -1   
9.91892238 -1   
9.94116523 -1   
9.94265805 -1   
9.94690682 -1   
9.94815353 -1   
9.95515406 -1   
9.95664928 -1   
9.96364532 -1   
9.96514380 -1   
9.96639541 -1   
9.96789271 -1   
9.98338942 -1   
9.98463324 -1   
10.00012794 -1   
10.00162387 -1   
10.01562255 -1   
10.01686443 -1   
10.02686337 -1   
10.04210901 -1   
10.04214597 1    
10.04634773 -1   
10.04784710 -1   
10.05484859 -1   
10.05634198 -1   
10.06608961 -1   
10.06758552 -1   
10.07733342 -1   
10.07883084 -1   
10.08583024 -1   
10.08707541 -1   
10.10456762 -1   
10.10606303 -1   
10.12980451 -1   
10.13105022 -1   
10.13529749 -1   
10.13679556 -1   
10.14379235 -1   
10.14404248 1    
10.14504035 -1   
10.15229279 -1   
10.15353861 -1   
10.15778325 -1   
10.15928730 -1   
10.16053422 -1   
10.17052755 -1   
10.17177603 -1   
10.19152262 -1   
10.19276464 -1   
10.20276152 -1   
10.20400680 -1   
10.23075159 -1   
10.23078999 1    
10.23199036 -1   
10.23349025 -1   
10.23499235 -1   
10.24198856 -1   
10.24323496 -1   
10.25298172 -1   
10.25447788 -1   
10.26572559 -1   
10.26722113 -1   
10.27721656 -1   
10.27846326 -1   
10.27996282 -1   
10.29520647 -1   
10.29670682 -1   
10.32344303 -1   
10.32468839 -1   
10.32618987 -1   
10.32743733 -1   
10.33443571 -1   
10.34018229 -1   
10.34168044 -1   
10.34567650 -1   
10.34717809 -1   
10.35142645 -1   
10.35267380 -1   
10.36267224 -1   
10.36391788 -1   
10.38516069 -1   
10.38640428 -1   
10.39615110 -1   
10.39764788 -1   
10.40739915 -1   
10.42138274 -1   
10.42140100 1    
10.42562973 -1   
10.42713140 -1   
10.43413327 -1   
10.43537508 -1   
10.44237053 -1   
10.44387475 -1   
10.45361328 -1   
10.45511546 -1   
10.46761120 -1   
10.46910586 -1   
10.47335223 -1   
10.47485378 -1   
10.49009356 -1   
10.49159402 -1   
10.51408692 -1   
10.51558076 -1   
10.51982929 -1   
10.52107581 -1   
10.53082510 -1   
10.53231956 -1   
10.53656961 -1   
10.53669877 1    
10.53806853 -1   
10.54506405 -1   
10.54631247 -1   
10.55605710 -1   
10.55755635 -1   
10.57580087 -1   
10.57704267 -1   
10.59129100 -1   
10.59253666 -1   
10.60228413 -1   
10.60260420 1    
10.60378129 -1   
10.61652637 -1   
10.61656557 1    
10.61777168 -1   
10.62202108 -1   
10.62352428 -1   
10.62767885 1    
10.63051540 -1   
10.63176253 -1   
10.63875877 -1   
10.64025860 -1   
10.65000585 -1   
10.65094976 -1   
10.66374741 -1   
10.67844023 1    
10.78998019 1    
10.82610288 -1   
10.92184971 -1   
10.92290341 1    
10.96512807 1    
11.03989928 -1   
11.05036978 1    
11.07401751 -1   
11.07550897 -1   
11.11599185 -1   
11.11748418 -1   
11.11898587 -1   
11.18637299 1    
11.19069252 -1   
11.19219145 -1   
11.19344393 -1   
11.20894033 -1   
11.20912012 1    
11.21018017 -1   
11.21168117 -1   
11.21318131 -1   
11.21442859 -1   
11.21593000 -1   
11.21717774 -1   
11.21867996 -1   
11.22017579 -1   
11.23267304 -1   
11.23416747 -1   
11.24883537 -1   
11.25830858 1    
11.27439759 -1   
11.27564558 -1   
11.34860982 -1   
11.35010117 -1   
11.35135329 -1   
11.39336064 1    
11.44073926 -1   
11.44854858 -1   
11.45004365 -1   
11.46528707 -1   
11.46678484 -1   
11.46828533 -1   
11.61695703 -1   
11.61699760 1    
11.61820025 -1   
11.61941542 -1   
11.62926114 1    
11.69241114 -1   
11.69390562 -1   
11.69515770 -1   
11.69665512 -1   
11.69815524 -1   
11.69940289 -1   
11.70089931 -1   
11.70214988 -1   
11.70325125 1    
11.70376957 -1   
11.70515188 -1   
11.71764136 -1   
11.72463774 -1   
11.72613824 -1   
11.72738874 -1   
11.72888454 -1   
11.73163907 -1   
11.73438132 -1   
11.73588203 -1   
11.73738186 -1   
11.73863010 -1   
11.75137242 -1   
11.75262152 -1   
11.76386980 -1   
11.76536463 -1   
11.76661622 -1   
11.76811198 -1   
11.76961339 -1   
11.77385845 -1   
11.77511129 -1   
11.77660734 -1   
11.77785828 -1   
11.78485308 -1   
11.79760130 -1   
11.83283332 -1   
11.83287424 1    
11.83407760 -1   
11.83557440 -1   
11.83707446 -1   
11.88454585 -1   
11.88604399 -1   
11.89029166 -1   
11.89179187 -1   
11.89579076 -1   
11.89728766 -1   
11.89879258 -1   
11.90278786 -1   
11.90428649 -1   
11.90853120 -1   
11.91277924 -1   
11.92952276 -1   
11.93102227 -1   
11.93527015 -1   
11.93652434 -1   
11.94076378 -1   
11.94226466 -1   
11.94651251 -1   
11.94776088 -1   
11.94925750 -1   
11.95050653 -1   
11.95200701 -1   
11.95350939 -1   
11.96073257 1    
11.96600506 -1   
11.96749951 -1   
11.98299899 -1   
11.98423977 -1   
11.98573988 -1   
11.98698783 -1   
11.99698368 -1   
11.99824197 -1   
12.00247744 -1   
12.00397618 -1   
12.01372330 -1   
12.01497197 -1   
12.04896004 -1   
12.04900268 1    
12.05020298 -1   
12.05169978 -1   
12.05320114 -1   
12.05444741 -1   
12.05594983 -1   
12.08243831 -1   
12.09243244 -1   
12.09367798 -1   
12.09444518 1    
12.09942487 -1   
12.10067121 -1   
12.10380033 1    
12.10769322 -1   
12.10916824 -1   
12.11342022 -1   
12.11466670 -1   
12.11891722 -1   
12.12041098 -1   
12.13865638 -1   
12.13989880 -1   
12.14690004 -1   
12.14839401 -1   
12.14989621 -1   
12.15114395 -1   
12.15448238 1    
12.15814163 -1   
12.15963907 -1   
12.16664221 -1   
12.16813360 -1   
12.17212976 -1   
12.17362984 -1   
12.17513364 -1   
12.17637820 -1   
12.18337858 -1   
12.19037756 -1   
12.19187151 -1   
12.19611761 -1   
12.20736422 -1   
12.20860965 -1   
12.20873765 1    
12.21285866 -1   
12.21435609 -1   
12.22135323 -1   
12.22260321 -1   
12.22959846 -1   
12.23109754 -1   
12.24109089 -1   
12.24234043 -1   
12.26908032 -1   
12.26911895 1    
12.27057306 -1   
12.27207251 -1   
12.27332394 -1   
12.27482196 -1   
12.27607302 -1   
12.29581775 -1   
12.29706211 -1   
12.29828120 -1   
12.30651905 1    
12.39400395 -1   
12.39525458 -1   
12.39675435 -1   
12.39800112 -1   
12.39950357 -1   
12.40099905 -1   
12.40224865 -1   
12.40342210 1    
12.40394087 -1   
12.41349480 -1   
12.41499558 -1   
12.41624381 -1   
12.41774196 -1   
12.43023528 -1   
12.49993562 -1   
12.49997600 1    
12.50937688 1    
12.58989744 -1   
12.59139162 -1   
12.59839203 -1   
12.59963623 -1   
12.60113478 -1   
12.60263583 -1   
12.60388534 -1   
12.62787841 -1   
12.62912162 -1   
12.63061936 -1   
12.63186901 -1   
12.63336927 -1   
12.63486623 -1   
12.64611419 -1   
12.68384491 -1   
12.70483182 -1   
12.70632715 -1   
12.70782445 -1   
12.70907484 -1   
12.71057222 -1   
12.71207585 -1   
12.71332094 -1   
12.71443566 1    
12.71495391 -1   
12.71607174 -1   
12.71757050 -1   
12.71906858 -1   
12.72031848 -1   
12.72070535 -1   
12.72071853 1    
12.72956463 -1   
12.73106355 -1   
12.75205825 -1   
12.75354795 -1   
12.75504692 -1   
12.76220165 1    
12.80002715 -1   
12.80127192 -1   
12.80277321 -1   
12.80401828 -1   
12.80551954 -1   
12.80701795 -1   
12.81951797 -1   
12.82101053 -1   
12.82225819 -1   
12.82375961 -1   
12.82525837 -1   
12.82650591 -1   
12.82800734 -1   
12.82925728 -1   
12.83075657 -1   
12.83225293 -1   
12.83350085 -1   
12.83500210 -1   
12.83650260 -1   
12.84050252 -1   
12.84165534 1    
12.84750182 -1   
12.84899650 -1   
12.85049453 -1   
12.85174134 -1   
12.89397600 -1   
12.89521885 -1   
12.89671568 -1   
12.89796458 -1   
12.89830300 1    
12.89946850 -1   
12.90096342 -1   
12.90221583 -1   
12.90371260 -1   
12.91645947 -1   
12.91770422 -1   
12.93670190 -1   
12.93819375 -1   
12.94519676 -1   
12.94643673 -1   
12.95343053 -1   
12.95344880 1    
12.96893245 -1   
12.98841938 -1   
12.98991182 -1   
12.99141331 -1   
12.99266283 -1   
12.99416066 -1   
12.99541349 -1   
12.99690871 -1   
12.99840977 -1   
12.99847787 1    
13.01090634 -1   
13.01240139 -1   
13.01365088 -1   
13.03764240 -1   
13.14439911 -1   
13.14444615 1    
13.15407477 1    
13.25576741 -1   
13.25726002 -1   
13.26975857 -1   
13.27125277 -1   
13.27250248 -1   
13.30498756 -1   
13.30623389 -1   
13.30773173 -1   
13.30898216 -1   
13.31047950 -1   
13.31197988 -1   
13.31324202 -1   
13.31473002 -1   
13.31597533 -1   
13.31747762 -1   
13.31897486 -1   
13.32022515 -1   
13.32172335 -1   
13.32297189 -1   
13.32447098 -1   
13.32597269 -1   
13.32722134 -1   
13.33696988 -1   
13.33846514 -1   
13.33997289 -1   
13.34121147 -1   
13.34271534 -1   
13.35096606 -1   
13.35245676 -1   
13.35395359 -1   
13.35520462 -1   
13.35670564 -1   
13.35820434 -1   
13.35945159 -1   
13.36095406 -1   
13.36219942 -1   
13.36370216 -1   
13.36519808 -1   
13.36944907 -1   
13.37094607 -1   
13.37219662 -1   
13.37369235 -1   
13.37519521 -1   
13.37644093 -1   
13.37794045 -1   
13.37804457 1    
13.38219622 -1   
13.39743605 -1   
13.40298394 -1   
13.40300359 1    
13.41042592 -1   
13.45240142 -1   
13.45389781 -1   
13.45514915 -1   
13.45664655 -1   
13.45814850 -1   
13.46514241 -1   
13.46639377 -1   
13.52261729 -1   
13.52410660 -1   
13.52535754 -1   
13.52685532 -1   
13.52810416 -1   
13.54084747 -1   
13.54209805 -1   
13.54359660 -1   
13.54510038 -1   
13.54634369 -1   
13.54784638 -1   
13.54909196 -1   
13.54919453 1    
13.55059369 -1   
13.55209155 -1   
13.55334216 -1   
13.55484172 -1   
13.55609001 -1   
13.56033538 -1   
13.56183785 -1   
13.56308488 -1   
13.57583562 -1   
13.57732564 -1   
13.57858078 -1   
13.58857299 -1   
13.63185748 -1   
13.63190090 1    
13.83266361 1    
13.94662249 -1   
13.94811411 -1   
13.94861021 -1   
13.97260800 -1   
13.97410173 -1   
13.99509757 -1   
13.99633867 -1   
13.99783373 -1   
14.02032615 -1   
14.02157186 -1   
14.02307478 -1   
14.02457018 -1   
14.02581797 -1   
14.02731940 -1   
14.02857067 -1   
14.03006798 -1   
14.03156880 -1   
14.03306708 -1   
14.03431617 -1   
14.05660388 1    
14.07229239 -1   
14.07379158 -1   
14.09053638 -1   
14.09203151 -1   
14.18667258 -1   
14.31022851 1    
14.72727147 -1   
15.25697442 -1   
15.46235092 -1   
15.67473337 -1   
15.89060853 -1   
16.00794990 1    
16.04851316 -1   
16.23016067 -1   
16.23048752 1    
16.45928061 -1   
16.45961382 1    
16.64767012 -1   
16.87828916 -1   
17.61232267 1    
17.89816438 1    
25.12712710 1    
28.90295822 1    
32.36005215 1    
33.52600941 -1   
33.52628383 1    
