0.00000000 -1   
0.23840144 1    
0.39206458 1    
0.39256505 -1   
0.54743905 -1   
0.69922163 1    
0.70480135 1    
0.71280309 1    
0.74403736 1    
0.74435222 -1   
0.86060574 1    
1.06542974 1    
1.06575609 -1   
1.21909847 1    
1.21950808 -1   
1.37474909 1    
1.47618332 -1   
1.48986007 1    
1.56735089 1    
1.63477542 1    
1.63627021 1    
1.63630036 -1   
1.72244874 1    
1.83720761 -1   
1.99964444 1    
1.99992775 -1   
2.15332757 1    
2.20123304 -1   
2.41617606 1    
3.30457854 1    
3.30606447 1    
3.30699580 1    
3.30854331 1    
3.31256750 1    
3.32131480 1    
3.32255767 1    
3.32405805 1    
3.32905933 1    
3.35043903 -1   
3.35929562 -1   
3.46108806 1    
3.46137055 -1   
3.51497281 -1   
3.67517723 1    
3.67545376 -1   
3.79327366 1    
3.79451300 1    
3.80367963 -1   
3.82955037 1    
3.82959214 -1   
3.83921338 -1   
3.85725677 1    
3.85847605 1    
3.86848142 1    
3.86996822 1    
3.87124023 1    
3.88973842 1    
3.89097725 1    
3.89247928 1    
3.89697731 1    
3.89847643 1    
3.89997392 1    
3.91447157 1    
3.91464398 -1   
3.91594472 1    
3.91718906 1    
3.92368488 1    
3.95068099 1    
3.95217193 1    
3.98404749 1    
3.98408373 -1   
3.99142301 1    
3.99266441 1    
4.00092117 1    
4.01389247 1    
4.12259814 1    
4.12383808 1    
4.13978740 1    
4.13980858 -1   
4.15258594 1    
4.21105154 1    
4.21227251 1    
4.22079110 1    
4.22201527 1    
4.22353976 1    
4.23202054 1    
4.23222581 -1   
4.23326142 1    
4.23478014 1    
4.23627915 1    
4.23752969 1    
4.23900852 1    
4.24177792 1    
4.24327833 1    
4.24477525 1    
4.24602680 1    
4.24752205 1    
4.25177251 1    
4.25327041 1    
4.26874779 1    
4.28150875 1    
4.28275611 1    
4.28425137 1    
4.28550157 1    
4.28700377 1    
4.29673050 1    
4.29822429 1    
4.29972451 1    
4.29997490 1    
4.29998622 -1   
4.30222402 1    
4.30371772 1    
4.30497896 1    
4.30646751 1    
4.30796450 1    
4.30924125 1    
4.31073833 1    
4.32423419 1    
4.33421158 1    
4.33547376 1    
4.33697532 1    
4.33847149 1    
4.33972175 1    
4.34121850 1    
4.34247045 1    
4.34396717 1    
4.34747067 1    
4.34871406 1    
4.35021757 1    
4.36793865 1    
4.36943093 1    
4.37092936 1    
4.37126374 -1   
4.37220409 1    
4.37770021 1    
4.37895244 1    
4.38044790 1    
4.38194703 1    
4.38744530 1    
4.38894466 1    
4.39019102 1    
4.39169303 1    
4.39316776 1    
4.39442004 1    
4.39591626 1    
4.39741404 1    
4.39866432 1    
4.40016634 1    
4.40141347 1    
4.41443440 1    
4.41565547 1    
4.42417669 1    
4.42565162 1    
4.42689988 1    
4.42839689 1    
4.42989882 1    
4.43114480 1    
4.43265014 1    
4.43541582 1    
4.43691781 1    
4.43814532 1    
4.43965614 1    
4.44241603 1    
4.46063292 1    
4.46212845 1    
4.46338046 1    
4.46487649 1    
4.46496867 -1   
4.46639525 1    
4.46764668 1    
4.46914732 1    
4.47039638 1    
4.48408111 1    
4.48409977 -1   
4.48846894 1    
4.48988567 1    
4.49138400 1    
4.49261039 1    
4.49411520 1    
4.49560778 1    
4.49688736 1    
4.49838053 1    
4.49987128 1    
4.50110483 1    
4.50262537 1    
4.50388132 1    
4.50537676 1    
4.50687535 1    
4.50810352 1    
4.50962544 1    
4.51088543 1    
4.51237158 1    
4.51389571 1    
4.51509778 1    
4.51662137 1    
4.51811941 1    
4.51937022 1    
4.52086611 1    
4.52209830 1    
4.52361443 1    
4.52509257 1    
4.52636354 1    
4.52786640 1    
4.52909211 1    
4.53021839 -1   
4.53060939 1    
4.53210866 1    
4.53336205 1    
4.53485823 1    
4.53608871 1    
4.53760867 1    
4.53908639 1    
4.54035563 1    
4.54185541 1    
4.54308320 1    
4.54658332 1    
4.54785141 1    
4.54933155 1    
4.55085002 1    
4.55207983 1    
4.55634844 1    
4.55760193 1    
4.55909683 1    
4.56023263 -1   
4.56075134 1    
4.56184691 1    
4.56509420 1    
4.56657146 1    
4.56808911 1    
4.56933851 1    
4.57084094 1    
4.57606485 1    
4.57731345 1    
4.57881101 1    
4.58031167 1    
4.58155911 1    
4.58305807 1    
4.58433008 1    
4.58583156 1    
4.58732240 1    
4.58857560 1    
4.59007965 1    
4.59130784 1    
4.59532541 1    
4.59657285 1    
4.59807298 1    
4.59957635 1    
4.60879876 1    
4.61029432 1    
4.61154196 1    
4.61304373 1    
4.61431359 1    
4.61579341 1    
4.61731165 1    
4.61856195 1    
4.62005977 1    
4.62406080 1    
4.62530072 1    
4.62680750 1    
4.62829986 1    
4.62840468 -1   
4.62955474 1    
4.63105434 1    
4.63255839 1    
4.63380234 1    
4.63529830 1    
4.63655062 1    
4.63805058 1    
4.63954945 1    
4.64080048 1    
4.64229202 1    
4.64352576 1    
4.64502250 1    
4.64652497 1    
4.64778717 1    
4.64802264 1    
4.64803290 -1   
4.66253393 1    
4.66378405 1    
4.66528603 1    
4.66678314 1    
4.66803418 1    
4.66953232 1    
4.67103017 1    
4.67277889 1    
4.67426017 1    
4.67577623 1    
4.68253640 1    
4.68375111 1    
4.68526990 1    
4.68677168 1    
4.69277064 1    
4.69399751 1    
4.69551793 1    
4.69701473 1    
4.70249575 1    
4.70401130 1    
4.70526407 1    
4.70676139 1    
4.70825986 1    
4.70907954 -1   
4.70974085 1    
4.71098515 1    
4.71248627 1    
4.71398436 1    
4.71525872 1    
4.71674926 1    
4.73575409 1    
4.73724741 1    
4.73873772 1    
4.73999143 1    
4.74149368 1    
4.74273403 1    
4.74521812 1    
4.74674176 1    
4.74798917 1    
4.74946523 1    
4.75098965 1    
4.75223341 1    
4.75373531 1    
4.75496130 1    
4.75648355 1    
4.76220845 1    
4.76372682 1    
4.76498000 1    
4.76647987 1    
4.76797568 1    
4.76922594 1    
4.77072390 1    
4.77083128 -1   
4.77194929 1    
4.77347223 1    
4.77497590 1    
4.79071900 1    
4.79194077 1    
4.79346216 1    
4.79496347 1    
4.79620848 1    
4.79770858 1    
4.79895778 1    
4.80045810 1    
4.80196021 1    
4.80320815 1    
4.80470327 1    
4.80595718 1    
4.80745144 1    
4.84024264 1    
4.84028089 -1   
4.84216697 1    
4.84366143 1    
4.84491116 1    
4.84641027 1    
4.84765673 1    
4.84915705 1    
4.85036934 -1   
4.85089561 1    
4.85190674 1    
4.85865249 1    
4.86017179 1    
4.86167302 1    
4.86291988 1    
4.86842139 1    
4.86989595 1    
4.87116990 1    
4.87266555 1    
4.87416777 1    
4.87539468 1    
4.87691253 1    
4.87841257 1    
4.87966399 1    
4.88115916 1    
4.88240577 1    
4.88391042 1    
4.88863778 1    
4.88990955 1    
4.89140363 1    
4.89288124 1    
4.89403270 -1   
4.89430904 1    
4.89563236 1    
4.90688023 1    
4.90816145 1    
4.90963911 1    
4.91114388 1    
4.91239392 1    
4.91389272 1    
4.91516125 1    
4.91664006 1    
4.91814200 1    
4.91938747 1    
4.92088726 1    
4.92212039 1    
4.92711568 1    
4.93663365 1    
4.93813253 1    
4.93937595 1    
4.94087735 1    
4.94237569 1    
4.94712249 1    
4.94837142 1    
4.94987326 1    
4.95811779 1    
4.95934516 1    
4.96087001 1    
4.96236455 1    
4.96361245 1    
4.96511390 1    
4.96636290 1    
4.96786359 1    
4.96935873 1    
4.97061032 1    
4.97068315 -1   
4.97210840 1    
4.97335897 1    
4.97485824 1    
4.97635576 1    
4.97760837 1    
4.97910354 1    
4.98059947 1    
4.98185319 1    
4.99160094 1    
4.99307418 1    
4.99459552 1    
4.99584441 1    
4.99734595 1    
4.99882389 1    
5.00858376 1    
5.00983842 1    
5.02257104 1    
5.02258847 -1   
5.03508447 1    
5.03657435 1    
5.03782407 1    
5.07381044 1    
5.07527976 1    
5.07679889 1    
5.07805147 1    
5.07954608 1    
5.08079757 1    
5.08229710 1    
5.08345271 -1   
5.08377097 1    
5.08504689 1    
5.08654528 1    
5.08802014 1    
5.08929040 1    
5.09128992 1    
5.09252158 1    
5.10953583 1    
5.14976491 1    
5.15125518 1    
5.15275561 1    
5.17778420 1    
5.17782243 -1   
5.25270350 1    
5.25394795 1    
5.29667396 1    
5.35054641 1    
5.35058365 -1   
5.46308706 1    
5.46432546 1    
5.46582689 1    
5.50584530 1    
5.50586729 -1   
5.53628789 1    
5.53778563 1    
5.55825840 1    
5.55976649 1    
5.58052004 1    
5.59008774 -1   
5.62352064 -1   
5.66179662 1    
5.66182790 -1   
5.68044032 1    
5.68193113 1    
5.69168439 1    
5.69192324 -1   
5.69317573 1    
5.69467192 1    
5.70842392 1    
5.70991424 1    
5.71118524 1    
5.71268530 1    
5.71391506 1    
5.71543470 1    
5.71693478 1    
5.74015461 1    
5.81886626 1    
5.81890408 -1   
5.94553039 1    
5.94581191 -1   
5.96130064 1    
5.96231676 -1   
5.97549259 1    
5.97551225 -1   
6.00002690 1    
6.00127026 1    
6.03074207 1    
6.03223023 1    
6.03373062 1    
6.05247498 1    
6.05397101 1    
6.05521821 1    
6.06247276 1    
6.06358608 -1   
6.06411296 1    
6.06521344 1    
6.06671712 1    
6.06795796 1    
6.06946077 1    
6.07095691 1    
6.07223290 1    
6.07338066 -1   
6.07896345 1    
6.08020408 1    
6.08170907 1    
6.08295261 1    
6.08445074 1    
6.08594933 1    
6.09319954 1    
6.09471845 1    
6.09596630 1    
6.09746493 1    
6.09896647 1    
6.10021402 1    
6.10171583 1    
6.10296098 1    
6.10446333 1    
6.10595906 1    
6.10720888 1    
6.10870760 1    
6.11018969 1    
6.11468554 1    
6.11618415 1    
6.11768099 1    
6.11893076 1    
6.12043079 1    
6.12167682 1    
6.12317629 1    
6.12467796 1    
6.12644966 1    
6.12794896 1    
6.12944539 1    
6.13070029 1    
6.13081607 -1   
6.13219488 1    
6.13242392 1    
6.13243551 -1   
6.13894356 1    
6.14018878 1    
6.14169378 1    
6.14316673 1    
6.14441707 1    
6.14719005 1    
6.15718359 1    
6.15841945 1    
6.15993090 1    
6.16867417 1    
6.17892538 1    
6.18041630 1    
6.28260876 1    
6.28408544 1    
6.28560641 1    
6.28685782 1    
6.28835809 1    
6.28836786 1    
6.28837758 -1   
6.29308585 1    
6.29458281 1    
6.29608166 1    
6.29732781 1    
6.29882704 1    
6.30007827 1    
6.30157849 1    
6.30307362 1    
6.30432515 1    
6.30582357 1    
6.30707292 1    
6.30857003 1    
6.31007359 1    
6.32806760 1    
6.32931526 1    
6.33081099 1    
6.35557215 1    
6.36507063 1    
6.36654107 1    
6.36684209 -1   
6.36805881 1    
6.36930761 1    
6.37081057 1    
6.37203390 1    
6.37356287 1    
6.37505518 1    
6.37628587 1    
6.37778398 1    
6.38929925 1    
6.39779997 1    
6.39928812 1    
6.40076850 1    
6.40203745 1    
6.40354067 1    
6.40479086 1    
6.40628869 1    
6.40778662 1    
6.40901326 1    
6.41053766 1    
6.41201131 1    
6.41209345 -1   
6.41328634 1    
6.41478307 1    
6.41600998 1    
6.41752536 1    
6.41901336 1    
6.42028008 1    
6.42178238 1    
6.42302754 1    
6.42452927 1    
6.42600862 1    
6.42727809 1    
6.42876979 1    
6.43003342 1    
6.43152304 1    
6.44542593 1    
6.44544963 -1   
6.45376629 1    
6.45525908 1    
6.46898575 1    
6.47025095 1    
6.47175321 1    
6.47324912 1    
6.47450059 1    
6.47597755 1    
6.47748115 1    
6.47874657 1    
6.48024493 1    
6.49186270 -1   
6.49674435 1    
6.50446785 1    
6.50596086 1    
6.50720660 1    
6.50870969 1    
6.50995622 1    
6.51342675 1    
6.51470300 1    
6.51597770 1    
6.55268981 1    
6.60121899 1    
6.60125834 -1   
6.62539870 1    
6.62691193 1    
6.63513760 1    
6.63663385 1    
6.63791076 1    
6.64440827 1    
6.64456739 -1   
6.64590288 1    
6.64715535 1    
6.64864921 1    
6.64987773 1    
6.67264518 1    
6.67387124 1    
6.71062321 1    
6.71208958 1    
6.71359184 1    
6.72059006 1    
6.72208793 1    
6.72360657 1    
6.73035616 1    
6.73160166 1    
6.73310390 1    
6.73460137 1    
6.73584812 1    
6.73734792 1    
6.73884954 1    
6.74007428 1    
6.75034385 1    
6.75073452 -1   
6.75181934 1    
6.75309245 1    
6.75725907 1    
6.75727356 -1   
6.76002715 -1   
6.81331455 1    
6.84254939 1    
6.84290370 -1   
6.84401730 1    
6.85276675 1    
6.85428137 1    
6.85577929 1    
6.85703200 1    
6.85850889 1    
6.85977471 1    
6.86128009 1    
6.86278138 1    
6.86402749 1    
6.86552748 1    
6.86702771 1    
6.86827799 1    
6.86977558 1    
6.87100296 1    
6.87302273 1    
6.87452901 1    
6.87599842 1    
6.87724938 1    
6.87874796 1    
6.88450044 1    
6.88599510 1    
6.88749318 1    
6.88874352 1    
6.89024389 1    
6.89149043 1    
6.89299111 1    
6.89448887 1    
6.89574088 1    
6.89723831 1    
6.89848889 1    
6.90264195 -1   
6.90475455 1    
6.90600158 1    
6.90749915 1    
6.90897717 1    
6.91023239 1    
6.91346320 1    
6.91348308 -1   
7.04093451 1    
7.04217569 1    
7.04891996 1    
7.05016854 1    
7.05167048 1    
7.07008090 1    
7.07011796 -1   
7.07188359 1    
7.07313226 1    
7.08038793 1    
7.08187908 1    
7.08337769 1    
7.11661557 1    
7.14687277 1    
7.14809109 1    
7.14961226 1    
7.15673285 -1   
7.15701376 1    
7.15808887 1    
7.16459314 1    
7.16610263 1    
7.16735385 1    
7.20283131 1    
7.21357682 1    
7.21370214 -1   
7.21505471 1    
7.21632318 1    
7.21782810 1    
7.21905009 1    
7.22332370 1    
7.22481914 1    
7.22604534 1    
7.22756111 1    
7.22904718 1    
7.23031662 1    
7.23181811 1    
7.23329179 1    
7.23454267 1    
7.23604211 1    
7.23605158 1    
7.23605946 -1   
7.23756475 1    
7.23906197 1    
7.24031213 1    
7.24456027 1    
7.24605987 1    
7.24755644 1    
7.25230325 1    
7.26203265 1    
7.26327560 1    
7.27217151 -1   
7.28129502 1    
7.30151058 1    
7.30300456 1    
7.30450094 1    
7.31652121 1    
7.31799514 1    
7.31951863 1    
7.32425789 1    
7.32549437 1    
7.32698923 1    
7.33250945 1    
7.33368675 -1   
7.33420552 1    
7.33525495 1    
7.33675774 1    
7.33800606 1    
7.34248562 1    
7.34365539 -1   
7.34417402 1    
7.34523046 1    
7.35374414 1    
7.35499436 1    
7.35647400 1    
7.36324195 1    
7.38723197 1    
7.38847695 1    
7.39213729 1    
7.39215181 -1   
7.46541890 1    
7.46690815 1    
7.47540849 1    
7.47691513 1    
7.47840411 1    
7.47964983 1    
7.48114911 1    
7.48241543 1    
7.48392246 1    
7.48542029 1    
7.48667127 1    
7.48816717 1    
7.49689510 1    
7.50641093 1    
7.50790569 1    
7.50915412 1    
7.51616448 1    
7.51763100 1    
7.51890419 1    
7.52039982 1    
7.52190164 1    
7.52315724 1    
7.52464665 1    
7.52612572 1    
7.52618028 -1   
7.52739295 1    
7.52889716 1    
7.53016315 1    
7.53164392 1    
7.53314130 1    
7.53439128 1    
7.53589271 1    
7.53711840 1    
7.53863702 1    
7.54013870 1    
7.54139039 1    
7.54563761 1    
7.54567016 -1   
7.58334897 1    
7.58485904 1    
7.59386513 1    
7.60110666 1    
7.60258308 1    
7.60373529 -1   
7.60426548 1    
7.60535286 1    
7.60684916 1    
7.60807748 1    
7.60960027 1    
7.61107861 1    
7.61235249 1    
7.61384558 1    
7.61507631 1    
7.67756621 1    
7.67903604 1    
7.68031040 1    
7.68180719 1    
7.68303643 1    
7.68455577 1    
7.68603643 1    
7.68713900 -1   
7.68742263 1    
7.68880321 1    
7.69003301 1    
7.69156654 1    
7.69303150 1    
7.69427986 1    
7.70132829 1    
7.70136729 -1   
7.73327745 -1   
7.85701014 -1   
8.26658072 1    
9.13508475 1    
9.29008194 1    
9.45965067 1    
9.61331106 1    
10.21996221 1    
12.32858964 -1   
19.23880341 1    
26.34414173 -1   
27.76169588 -1   
27.77005258 -1   
27.91627434 -1   
