0.00000000 -1   
0.20875326 1    
0.24613083 -1   
0.36241228 1    
0.36277561 -1   
0.40108825 -1   
0.51957681 1    
0.59318954 1    
0.59322674 -1   
0.62791591 1    
0.63890242 1    
0.65939886 1    
0.71629587 1    
0.92632414 1    
0.92665198 -1   
1.08023437 1    
1.08057209 -1   
1.24716075 -1   
1.41231105 1    
1.41260167 -1   
1.56854411 1    
1.56901987 -1   
1.72363513 1    
1.72395838 -1   
1.95800284 1    
4.66208919 1    
4.66332493 1    
4.66382176 1    
4.68482286 1    
4.69132036 1    
4.69281541 1    
4.69406444 1    
4.69556328 1    
4.69705721 1    
4.70300708 -1   
4.71238719 -1   
4.81869050 1    
4.81903936 -1   
4.85676225 -1   
5.06771863 1    
5.06805756 -1   
5.16679684 1    
5.21178555 1    
5.21301280 1    
5.21451020 1    
5.21603217 1    
5.21729425 1    
5.22145610 -1   
5.22314164 1    
5.22315672 -1   
5.24875012 1    
5.25024093 1    
5.25173995 1    
5.25323609 1    
5.25451220 1    
5.25600685 1    
5.25723680 1    
5.25835801 -1   
5.26023639 1    
5.26173224 1    
5.26323347 1    
5.27075195 1    
5.36196098 1    
5.36317516 1    
5.36717608 1    
5.36873906 1    
5.37044560 1    
5.37961895 1    
5.37965103 -1   
5.46339573 1    
5.53580562 1    
5.53584205 -1   
5.61206087 1    
5.61355405 1    
5.63979403 1    
5.64101456 1    
5.64254005 1    
5.64828341 1    
5.64953386 1    
5.65103576 1    
5.65253398 1    
5.65378054 1    
5.65527831 1    
5.65652794 1    
5.68801375 1    
5.68923715 1    
5.69076252 1    
5.69225847 1    
5.69350442 1    
5.69472408 1    
5.69473956 -1   
5.72399942 1    
5.72521892 1    
5.72673542 1    
5.72821677 1    
5.72948724 1    
5.73098758 1    
5.73221540 1    
5.73373526 1    
5.73523692 1    
5.73648543 1    
5.73798695 1    
5.75147619 1    
5.75297277 1    
5.75420190 1    
5.75572258 1    
5.75721959 1    
5.76020125 1    
5.76146885 1    
5.77072223 1    
5.77219231 1    
5.77346177 1    
5.77496112 1    
5.78895644 1    
5.78906941 -1   
5.79018289 1    
5.79170153 1    
5.80345348 1    
5.80469296 1    
5.80619416 1    
5.80769269 1    
5.80894293 1    
5.81044112 1    
5.81169133 1    
5.81316701 1    
5.81469020 1    
5.81591578 1    
5.82941422 1    
5.83068263 1    
5.83215927 1    
5.83365545 1    
5.83492357 1    
5.84966871 1    
5.85117024 1    
5.85239325 1    
5.85391519 1    
5.85541559 1    
5.85666639 1    
5.85816271 1    
5.85903544 1    
5.85904700 -1   
5.87214071 1    
5.87365985 1    
5.88115260 1    
5.88265247 1    
5.88414960 1    
5.88539771 1    
5.88689659 1    
5.88812425 1    
5.88964795 1    
5.89114529 1    
5.89239748 1    
5.90114403 1    
5.90239030 1    
5.92812813 1    
5.92962119 1    
5.93112267 1    
5.93237306 1    
5.93386896 1    
5.93512516 1    
5.93661651 1    
5.93783564 -1   
5.93811592 1    
5.93936695 1    
5.94211359 1    
5.95986392 1    
5.96135614 1    
5.96283357 1    
5.96410165 1    
5.96560086 1    
5.96684996 1    
5.96835082 1    
5.96985187 1    
5.97109978 1    
5.97259697 1    
5.97384824 1    
5.97534941 1    
5.97682401 1    
5.97807468 1    
5.99534233 1    
5.99681325 1    
5.99806172 1    
5.99958174 1    
6.00108372 1    
6.00233550 1    
6.00382962 1    
6.00505986 1    
6.00657857 1    
6.00807943 1    
6.00930569 1    
6.01333260 1    
6.01348136 -1   
6.01455320 1    
6.01605029 1    
6.01701025 1    
6.01702296 -1   
6.03206477 1    
6.03331230 1    
6.03481568 1    
6.03631357 1    
6.03756209 1    
6.03906231 1    
6.04030923 1    
6.04180661 1    
6.04328823 1    
6.04828582 1    
6.04953491 1    
6.05103129 1    
6.05255343 1    
6.06479610 1    
6.06508255 -1   
6.06627778 1    
6.06778741 1    
6.06904522 1    
6.07054192 1    
6.07179211 1    
6.07329247 1    
6.07479054 1    
6.08501854 1    
6.08651235 1    
6.08801095 1    
6.08925893 1    
6.09075877 1    
6.09200845 1    
6.10325625 1    
6.10477082 1    
6.10602187 1    
6.10752248 1    
6.10899715 1    
6.11025120 1    
6.11174646 1    
6.11299645 1    
6.11449413 1    
6.11599386 1    
6.11814770 -1   
6.11974324 1    
6.12124047 1    
6.12274123 1    
6.12398740 1    
6.12548792 1    
6.14398753 1    
6.14548050 1    
6.14697723 1    
6.14827316 1    
6.14974625 1    
6.15122596 1    
6.15249496 1    
6.15399493 1    
6.15599274 1    
6.15749310 1    
6.15896995 1    
6.16022035 1    
6.16173921 1    
6.16299194 1    
6.16448834 1    
6.16598757 1    
6.17104623 1    
6.17106126 -1   
6.17548654 1    
6.17695781 1    
6.17821071 1    
6.17972948 1    
6.18123055 1    
6.18247821 1    
6.18395420 1    
6.18520363 1    
6.18672749 1    
6.19696990 1    
6.19847120 1    
6.19996713 1    
6.20119553 1    
6.20271810 1    
6.21971389 1    
6.22118328 1    
6.22245689 1    
6.22395235 1    
6.22543369 1    
6.22670175 1    
6.22820448 1    
6.22830934 -1   
6.22970026 1    
6.23095092 1    
6.23244732 1    
6.23369770 1    
6.23670298 1    
6.24719747 1    
6.24869250 1    
6.25016745 1    
6.25144351 1    
6.25293946 1    
6.25419079 1    
6.25568785 1    
6.25718957 1    
6.25843714 1    
6.25993297 1    
6.26118153 1    
6.26268374 1    
6.26418039 1    
6.26543150 1    
6.26690828 1    
6.26817906 1    
6.27842398 1    
6.27967163 1    
6.28117396 1    
6.28267358 1    
6.28392324 1    
6.28866939 1    
6.28876378 -1   
6.29016519 1    
6.29141450 1    
6.29289583 1    
6.29439368 1    
6.29564353 1    
6.29713860 1    
6.29864158 1    
6.29988699 1    
6.30138673 1    
6.30266201 1    
6.30965603 1    
6.31113384 1    
6.31240509 1    
6.31390244 1    
6.31540434 1    
6.31665138 1    
6.31989883 1    
6.32139736 1    
6.32289913 1    
6.32414503 1    
6.32564769 1    
6.32687534 1    
6.32837306 1    
6.32845239 -1   
6.32989561 1    
6.33112107 1    
6.33113739 -1   
6.33239812 1    
6.33388475 1    
6.33514504 1    
6.34963656 1    
6.35113190 1    
6.35237920 1    
6.35388185 1    
6.35538078 1    
6.35985620 1    
6.36135424 1    
6.36285446 1    
6.36410089 1    
6.36559996 1    
6.36685502 1    
6.36834998 1    
6.36984636 1    
6.37109875 1    
6.37259465 1    
6.42932238 1    
6.42967171 -1   
6.43083986 1    
6.43206335 1    
6.43358603 1    
6.43506186 1    
6.43983326 1    
6.44132973 1    
6.44280818 1    
6.44407790 1    
6.44557824 1    
6.44682675 1    
6.44832701 1    
6.45980073 1    
6.46104762 1    
6.46254473 1    
6.46404168 1    
6.46529164 1    
6.46679537 1    
6.46803996 1    
6.46954227 1    
6.47103988 1    
6.47229149 1    
6.47380820 1    
6.47503845 1    
6.47656270 1    
6.48644832 1    
6.48646410 -1   
6.48830406 1    
6.48980119 1    
6.49103290 1    
6.49252861 1    
6.49377730 1    
6.49777537 1    
6.49902841 1    
6.50052262 1    
6.50202294 1    
6.50329567 1    
6.50479882 1    
6.50604162 1    
6.50753996 1    
6.50901928 1    
6.51030202 1    
6.51178819 1    
6.51304030 1    
6.51453928 1    
6.51603965 1    
6.52103364 1    
6.52110706 -1   
6.52253660 1    
6.52403263 1    
6.53026239 1    
6.53177827 1    
6.53302860 1    
6.53450394 1    
6.53602594 1    
6.53725283 1    
6.53877426 1    
6.54001262 1    
6.54151712 1    
6.54427269 1    
6.54576972 1    
6.54701870 1    
6.54852003 1    
6.55001616 1    
6.55124644 1    
6.55276570 1    
6.55430681 1    
6.56074179 1    
6.56199027 1    
6.56348753 1    
6.56976259 1    
6.57125880 1    
6.57275828 1    
6.57400742 1    
6.57548225 1    
6.57675489 1    
6.57686340 -1   
6.57823780 1    
6.57975306 1    
6.58125423 1    
6.58250418 1    
6.58399489 1    
6.58522364 1    
6.58674960 1    
6.58824596 1    
6.58949627 1    
6.59099362 1    
6.59222360 1    
6.59372168 1    
6.59997058 1    
6.60121814 1    
6.62624768 -1   
6.64211556 1    
6.64213728 -1   
6.70815989 1    
6.70942045 1    
6.79701276 1    
6.79704840 -1   
6.80641288 -1   
6.84533639 1    
6.95297220 1    
6.95301122 -1   
7.04074519 1    
7.04198668 1    
7.05823177 1    
7.07822321 1    
7.07971635 1    
7.10839073 1    
7.10842845 -1   
7.15492568 1    
7.15616990 1    
7.15766883 1    
7.15914676 1    
7.16039664 1    
7.16189447 1    
7.16314690 1    
7.16464170 1    
7.17441831 1    
7.17588795 1    
7.18440712 1    
7.18590541 1    
7.18713253 1    
7.26607794 1    
7.26611752 -1   
7.42345623 1    
7.42373843 -1   
7.43276735 1    
7.50597607 1    
7.50744936 1    
7.51561806 -1   
7.53753612 -1   
7.54638065 -1   
7.58014697 1    
7.58017177 -1   
7.58965165 -1   
7.73362079 -1   
7.88551122 1    
7.88700469 1    
7.88723417 1    
7.89600462 1    
7.89722753 1    
7.91474493 1    
7.91621738 1    
7.91771433 1    
7.92471971 1    
7.92510960 -1   
7.92621155 1    
7.93146343 1    
7.93296169 1    
7.93420366 1    
7.93570260 1    
7.93720026 1    
7.93845330 1    
7.95144756 1    
7.95271675 1    
7.95421226 1    
7.95571352 1    
7.95695704 1    
7.95843993 1    
7.96296355 1    
7.96445688 1    
7.96595661 1    
7.97168465 1    
7.97317956 1    
7.97470371 1    
7.97594630 1    
7.97604070 -1   
7.97745180 1    
7.97869939 1    
7.98020049 1    
7.98169705 1    
7.98295045 1    
7.98444573 1    
7.98569714 1    
7.99194288 1    
7.99341874 1    
7.99491963 1    
7.99616798 1    
7.99766844 1    
7.99894514 1    
8.00268929 1    
8.00418755 1    
8.00568718 1    
8.00693267 1    
8.00843421 1    
8.00968479 1    
8.00989533 -1   
8.01116195 1    
8.01265608 1    
8.01390796 1    
8.01540673 1    
8.01667732 1    
8.01815407 1    
8.01967724 1    
8.02092543 1    
8.02242677 1    
8.02391794 1    
8.02517439 1    
8.02833610 -1   
8.02942240 1    
8.03091986 1    
8.03641716 1    
8.03760694 -1   
8.03916819 1    
8.04066271 1    
8.04216386 1    
8.04339071 1    
8.04489169 1    
8.04613845 1    
8.04763668 1    
8.04913631 1    
8.05038923 1    
8.05188329 1    
8.05313545 1    
8.05463308 1    
8.05613340 1    
8.05738095 1    
8.05888089 1    
8.06013197 1    
8.06162973 1    
8.06200481 1    
8.06540278 1    
8.06664974 1    
8.06814942 1    
8.07489603 1    
8.07637240 1    
8.07789184 1    
8.07914451 1    
8.08064075 1    
8.08189419 1    
8.08336971 1    
8.08488896 1    
8.08613621 1    
8.08761836 1    
8.08913490 1    
8.09038751 1    
8.09188278 1    
8.09311281 1    
8.09312484 -1   
8.09463388 1    
8.09613063 1    
8.09738301 1    
8.09886025 1    
8.10011095 1    
8.10121647 -1   
8.10174189 1    
8.10510787 1    
8.10637823 1    
8.10787630 1    
8.10937364 1    
8.11062519 1    
8.11212522 1    
8.11362279 1    
8.11487344 1    
8.11635050 1    
8.11759908 1    
8.11911947 1    
8.12061752 1    
8.12184580 1    
8.12337431 1    
8.12461885 1    
8.12611603 1    
8.12761477 1    
8.12911605 1    
8.13036288 1    
8.13186250 1    
8.13311179 1    
8.13461383 1    
8.13471656 -1   
8.13611053 1    
8.13735964 1    
8.15859328 1    
8.16007410 1    
8.16132533 1    
8.21484180 1    
8.25707558 -1   
8.41095923 1    
8.41217850 1    
8.41267448 1    
8.43219876 1    
8.43341911 1    
8.43994129 1    
8.44008419 -1   
8.44116286 1    
8.44266201 1    
8.44416331 1    
8.44568102 1    
8.44693412 1    
8.44843134 1    
8.44966070 1    
8.46715620 1    
8.46867120 1    
8.47016782 1    
8.47142012 1    
8.47291503 1    
8.47418120 1    
8.47591067 1    
8.47716596 1    
8.47866521 1    
8.47991597 1    
8.48138912 1    
8.48290501 1    
8.48415867 1    
8.48565998 1    
8.48690755 1    
8.48840840 1    
8.48990504 1    
8.50415590 1    
8.50539698 1    
8.50689741 1    
8.50839690 1    
8.50962728 1    
8.51112439 1    
8.51239932 1    
8.51389138 1    
8.51539310 1    
8.51663996 1    
8.51811738 1    
8.52363734 1    
8.52375593 -1   
8.52511755 1    
8.52661461 1    
8.52787782 1    
8.52936203 1    
8.53063628 1    
8.53213131 1    
8.53329472 -1   
8.53381412 1    
8.53486300 1    
8.53635662 1    
8.53787886 1    
8.53912987 1    
8.54062641 1    
8.54185791 1    
8.54337706 1    
8.54885663 1    
8.55037128 1    
8.55187423 1    
8.55311935 1    
8.55462008 1    
8.55612014 1    
8.55736987 1    
8.55884706 1    
8.56009821 1    
8.56159404 1    
8.56309566 1    
8.56434311 1    
8.56585585 1    
8.56709051 1    
8.56884098 1    
8.57008990 1    
8.57161131 1    
8.57252685 1    
8.57261745 -1   
8.58860370 1    
8.59009889 1    
8.59786242 -1   
8.60084781 1    
8.60087115 -1   
8.62008458 1    
8.62133020 1    
8.62283342 1    
8.62408083 1    
8.62558024 1    
8.62705724 1    
8.62832884 1    
8.62982655 1    
8.63107488 1    
8.65554484 1    
8.65679018 1    
8.65828708 1    
8.66546002 -1   
8.69205205 1    
8.72531130 1    
8.80425806 -1   
8.92841507 1    
8.92990535 1    
8.93037920 1    
8.93865130 1    
8.94015174 1    
8.94139670 1    
8.94287838 1    
8.94412591 1    
8.94564726 1    
8.94714457 1    
8.94839267 1    
8.94988744 1    
8.95114849 1    
8.95264460 1    
8.95412350 1    
8.95939107 -1   
8.98885667 1    
8.99009755 1    
8.99162193 1    
8.99811602 1    
8.99936717 1    
9.00086550 1    
9.00236605 1    
9.00361401 1    
9.00508936 1    
9.00636038 1    
9.00786241 1    
9.00936558 1    
9.01055299 -1   
9.01108142 1    
9.01208446 1    
9.01360808 1    
9.03135286 1    
9.03282776 1    
9.03407510 1    
9.04307297 1    
9.04431759 1    
9.04583329 1    
9.04734089 1    
9.04859262 1    
9.07158183 1    
9.07282834 1    
9.07431700 1    
9.08232703 1    
9.08379363 1    
9.08504610 1    
9.09159993 1    
9.13102453 1    
9.13106357 -1   
9.17549209 1    
9.17699098 1    
9.17824305 1    
9.17976176 1    
9.18099126 1    
9.18250969 1    
9.18401017 1    
9.18523686 1    
9.19550745 1    
9.19700283 1    
9.19850531 1    
9.20424947 1    
9.20547818 1    
9.24496164 1    
9.25615554 1    
9.31219645 1    
9.31223538 -1   
9.41438382 1    
9.41587225 1    
9.44461848 1    
9.44585911 1    
9.44736266 1    
9.44885570 1    
9.45008478 1    
9.45160803 1    
9.45310695 1    
9.45436205 1    
9.45437691 1    
9.53211593 -1   
9.57677235 1    
9.57826547 1    
9.57978555 1    
9.58103069 1    
9.58253157 1    
9.58375700 1    
9.58525820 1    
9.58640606 -1   
9.58677665 1    
9.64924735 1    
9.66573948 1    
9.66698392 1    
9.66848319 1    
9.66998090 1    
9.67120971 1    
9.68602125 -1   
9.76343577 1    
9.80328078 1    
9.81320983 -1   
9.88940787 -1   
9.99701057 1    
10.08427185 -1   
10.10172157 1    
10.10298371 1    
10.12247673 1    
10.12369902 1    
10.12521745 1    
10.13196876 1    
10.13346729 1    
10.13496717 1    
10.13619386 1    
10.13771216 1    
10.13896554 1    
10.14046062 1    
10.19522923 1    
10.19718389 1    
10.24344103 -1   
10.35054876 1    
10.35708818 1    
10.35859038 1    
10.35972125 -1   
10.36006251 1    
10.36133551 1    
10.36283799 1    
10.36433353 1    
10.36557907 1    
10.36706173 1    
10.36849307 1    
10.36983032 1    
10.37132816 1    
10.37257583 1    
10.37407914 1    
10.40907981 -1   
10.42780138 1    
10.42902377 1    
10.43054952 1    
10.48376716 1    
10.48527946 1    
10.48651593 1    
10.48802562 1    
10.48924201 1    
10.49076221 1    
10.49224223 1    
10.50174212 -1   
10.51032059 1    
10.56801575 -1   
10.57246685 1    
10.57396376 1    
10.70683324 1    
10.71640556 -1   
10.72317665 -1   
11.00313676 1    
11.19979702 1    
11.41483331 1    
12.46173778 1    
14.80566565 -1   
15.25258609 -1   
15.41879027 1    
15.41908550 -1   
15.62767227 1    
15.62798911 -1   
15.94050183 1    
21.51556190 -1   
28.97999772 -1   
30.74006804 -1   
30.74942243 -1   
