0.00000000 -1   
0.20717691 1    
0.35856923 1    
0.35912753 -1   
0.62616069 1    
0.62633918 -1   
0.85245732 -1   
1.01243675 1    
1.01273272 -1   
1.23358768 1    
1.23387979 -1   
1.38625251 1    
1.38657803 -1   
1.53916869 1    
1.85244160 -1   
1.95417083 1    
2.05032038 -1   
2.10556647 1    
2.20171478 -1   
2.36366542 1    
2.36396149 -1   
2.56030267 1    
4.70073671 1    
4.70197531 1    
4.70235522 1    
4.73396914 1    
4.73520948 1    
4.73630574 -1   
4.73670828 1    
4.85539652 1    
4.85570400 -1   
4.93015226 -1   
5.26178322 1    
5.26209007 -1   
5.48703271 1    
5.48829739 1    
5.48865959 1    
5.48897826 -1   
5.49605040 1    
5.49754391 1    
5.49869367 -1   
5.50704208 1    
5.50828862 1    
5.50976963 1    
5.64020558 1    
5.64024331 -1   
5.73614279 1    
5.73764787 1    
5.77486705 1    
5.77611159 1    
5.79277279 1    
5.79282072 -1   
5.79435398 1    
5.82209178 1    
5.82358390 1    
5.87458172 1    
5.87607419 1    
5.94538679 1    
5.94572130 -1   
6.02785990 1    
6.09623200 1    
6.10619687 1    
6.10621453 -1   
6.10744498 1    
6.11442069 1    
6.11591308 1    
6.11716399 1    
6.11866521 1    
6.12016337 1    
6.12168499 1    
6.12294166 1    
6.12443483 1    
6.12590929 1    
6.13590933 1    
6.13715375 1    
6.13865315 1    
6.13989914 1    
6.14142390 1    
6.14290020 1    
6.14415263 1    
6.14589737 1    
6.22086396 1    
6.22235261 1    
6.24984461 1    
6.25110887 1    
6.26060641 1    
6.26062042 -1   
6.26210180 1    
6.26784938 1    
6.26910138 1    
6.27059852 1    
6.27182683 1    
6.27334975 1    
6.27485037 1    
6.27609614 1    
6.27759370 1    
6.27884234 1    
6.28034762 1    
6.28184189 1    
6.28309333 1    
6.28459123 1    
6.28608650 1    
6.28733986 1    
6.28881774 1    
6.29009169 1    
6.29159094 1    
6.29306608 1    
6.29431501 1    
6.29581061 1    
6.29706330 1    
6.29855946 1    
6.30006041 1    
6.30131060 1    
6.30136169 -1   
6.30281527 1    
6.30431165 1    
6.30555756 1    
6.30707765 1    
6.30832735 1    
6.30980363 1    
6.31132976 1    
6.31257667 1    
6.31408652 1    
6.31532491 1    
6.31682840 1    
6.37554278 1    
6.37703781 1    
6.37714447 -1   
6.37828869 1    
6.37978482 1    
6.40452926 1    
6.40574825 1    
6.40726982 1    
6.40877044 1    
6.41501894 1    
6.41503244 -1   
6.41651942 1    
6.42126365 1    
6.42251382 1    
6.42400975 1    
6.42550826 1    
6.42673890 1    
6.42823868 1    
6.42948365 1    
6.43100929 1    
6.43250583 1    
6.43373452 1    
6.43523001 1    
6.43648036 1    
6.43797858 1    
6.43948336 1    
6.44072905 1    
6.44223076 1    
6.44340422 -1   
6.44347824 1    
6.44499598 1    
6.44648992 1    
6.44743683 1    
6.44899486 1    
6.45047422 1    
6.45174753 1    
6.45324523 1    
6.46147515 1    
6.46298036 1    
6.47223464 1    
6.47348387 1    
6.48184641 -1   
6.48247012 1    
6.48395511 1    
6.48520722 1    
6.51971194 1    
6.52118346 1    
6.56595828 -1   
6.59839967 1    
6.59897622 1    
6.71862162 -1   
6.87376569 1    
6.87500125 1    
6.87595281 1    
6.87773060 1    
6.87898202 1    
6.88322606 1    
6.88472979 1    
6.88597269 1    
6.88747531 1    
6.88897203 1    
6.89022188 1    
6.89324474 1    
6.89335493 -1   
6.89474330 1    
6.89598979 1    
6.89748915 1    
6.89898833 1    
6.90024159 1    
6.90173551 1    
6.90298913 1    
6.90448611 1    
6.90598782 1    
6.90723310 1    
6.90873388 1    
6.90999008 1    
6.91148513 1    
6.91298108 1    
6.91423522 1    
6.91572827 1    
6.91722760 1    
6.91847559 1    
6.91997740 1    
6.92122443 1    
6.92272641 1    
6.92421776 1    
6.92547496 1    
6.92697280 1    
6.92822260 1    
6.92972058 1    
6.93122183 1    
6.93247047 1    
6.93397046 1    
6.93522228 1    
6.93671931 1    
6.93821530 1    
6.93946362 1    
6.94096411 1    
6.94246539 1    
6.94369061 1    
6.94521053 1    
6.94531045 -1   
6.94645835 1    
6.94795302 1    
6.94945875 1    
6.95068588 1    
7.00866243 1    
7.00994230 1    
7.02741719 1    
7.02866550 1    
7.02901234 1    
7.03842340 -1   
7.09017945 -1   
7.13835946 1    
7.16756732 1    
7.16908753 1    
7.19430287 1    
7.28207418 -1   
7.34249184 1    
7.34396562 1    
7.34523644 1    
7.34546462 1    
7.43348367 -1   
7.49675087 1    
7.52738955 1    
7.52887934 1    
7.54610218 1    
7.54759831 1    
7.54884293 1    
7.55611896 1    
7.55761400 1    
7.55884179 1    
7.56036275 1    
7.56186052 1    
7.56311014 1    
7.56461267 1    
7.56583342 1    
7.56736041 1    
7.56885840 1    
7.57011006 1    
7.57607971 1    
7.57732743 1    
7.57885163 1    
7.58010387 1    
7.58157496 1    
7.58307768 1    
7.58607510 1    
7.58609820 -1   
7.62407802 1    
7.62555092 1    
7.67970649 1    
7.68919297 -1   
7.78226362 -1   
7.84462028 1    
7.97417758 -1   
8.57320632 1    
8.57351188 -1   
8.90053278 1    
8.90087106 -1   
8.92081900 1    
8.96031616 1    
9.05389428 1    
9.05393030 -1   
9.06449735 1    
9.14369004 1    
9.14520212 1    
9.17969233 1    
9.18116362 1    
9.20675070 1    
9.49576065 1    
9.49725458 1    
9.49762862 1    
9.62991687 1    
9.63117348 1    
9.64844805 1    
9.65156703 -1   
10.16956048 1    
10.17283352 -1   
10.77775591 1    
10.77927699 1    
17.22365903 1    
23.41938451 1    
30.42288820 -1   
30.80897381 -1   
30.81838601 -1   
30.96051209 -1   
