0.00000000 1    
0.21617519 -1   
0.36759678 -1   
0.36794946 1    
0.52121216 1    
0.55598693 -1   
0.56712732 -1   
0.58437302 -1   
0.60635465 -1   
0.62609967 -1   
0.68606521 -1   
0.71757769 -1   
0.71787115 1    
0.90603738 -1   
0.90635779 1    
1.15664698 -1   
1.35951106 -1   
1.35982174 1    
1.51114063 1    
1.67209269 -1   
1.67236043 1    
1.87722120 -1   
1.87751227 1    
2.03012272 -1   
2.03040875 1    
2.21751420 -1   
5.41136826 -1   
5.41260683 -1   
5.41298449 -1   
5.44359890 -1   
5.44506711 -1   
5.44528524 1    
5.47832456 -1   
5.56598021 -1   
5.56628477 1    
5.63826274 1    
5.93039007 -1   
5.93067860 1    
6.17233800 -1   
6.17266099 1    
6.20838797 -1   
6.20962581 -1   
6.24636497 -1   
6.24786970 -1   
6.25601214 1    
6.26612318 -1   
6.27359315 -1   
6.32651728 -1   
6.32655567 1    
6.47173270 -1   
6.47322413 -1   
6.47862239 -1   
6.47863619 1    
6.50248608 -1   
6.50397809 -1   
6.55845242 -1   
6.55967499 -1   
6.56119253 -1   
6.62666411 -1   
6.62790722 -1   
6.63204212 -1   
6.63228429 1    
6.79581977 -1   
6.79703871 -1   
6.79742138 -1   
6.83855250 -1   
6.83857731 1    
6.84001759 -1   
6.84151430 -1   
6.85001669 -1   
6.85128417 -1   
6.85278295 -1   
6.86900265 -1   
6.87052473 -1   
6.87177048 -1   
6.87326900 -1   
6.87449463 -1   
6.87599915 -1   
6.89151263 -1   
6.89275954 -1   
6.95045844 -1   
6.95172222 -1   
6.95322101 -1   
6.95472055 -1   
6.99294257 -1   
6.99419843 -1   
6.99569983 -1   
6.99571365 1    
6.99695084 -1   
6.99894734 -1   
7.00044567 -1   
7.00192317 -1   
7.00319456 -1   
7.01016785 -1   
7.01141803 -1   
7.01291499 -1   
7.01441641 -1   
7.06014645 -1   
7.06165490 -1   
7.06291268 -1   
7.06438542 -1   
7.06591483 -1   
7.06714973 -1   
7.06863153 -1   
7.06990702 -1   
7.07140918 -1   
7.07290599 -1   
7.07415820 -1   
7.07565075 -1   
7.08063042 -1   
7.08070714 1    
7.08190020 -1   
7.08339673 -1   
7.08490045 -1   
7.12710330 -1   
7.12861827 -1   
7.13011995 -1   
7.13135010 -1   
7.13285078 -1   
7.13409635 -1   
7.13561378 -1   
7.13712605 -1   
7.14761129 -1   
7.14885321 -1   
7.16683392 -1   
7.16686967 1    
7.16807820 -1   
7.16957679 -1   
7.17109021 -1   
7.20307891 -1   
7.22780432 -1   
7.27754327 -1   
7.27901746 -1   
7.28601142 -1   
7.28751259 -1   
7.29526082 -1   
7.29650114 -1   
7.29800618 -1   
7.29950298 -1   
7.30225249 -1   
7.30374755 -1   
7.31250069 -1   
7.31399579 -1   
7.31527099 -1   
7.31674039 -1   
7.32374214 -1   
7.32523820 -1   
7.32948791 -1   
7.33073261 -1   
7.33225236 -1   
7.33348528 -1   
7.36172846 -1   
7.37146422 -1   
7.37298194 -1   
7.45066968 -1   
7.45193740 -1   
7.45618331 -1   
7.45768524 -1   
7.46043294 -1   
7.46193192 -1   
7.46317823 -1   
7.46467576 -1   
7.47017869 -1   
7.47169047 -1   
7.59061346 -1   
7.59074911 1    
7.59210884 -1   
7.59611108 -1   
7.60610542 -1   
7.60885144 -1   
7.62431999 -1   
7.62556703 -1   
7.62983905 -1   
7.63860080 1    
7.67055097 1    
7.68480820 -1   
7.69327992 -1   
7.69453036 -1   
7.70270208 1    
7.77076688 -1   
7.77224558 -1   
7.77348322 -1   
7.77500103 -1   
7.77648249 -1   
7.77773311 -1   
7.77922967 -1   
7.78047509 -1   
7.78197525 -1   
7.78347413 -1   
7.78747549 -1   
7.78748556 1    
7.78897226 -1   
7.79047001 -1   
7.79171992 -1   
7.79321757 -1   
7.79473985 -1   
7.79598841 -1   
7.79749073 -1   
7.79873643 -1   
7.80021629 -1   
7.80173521 -1   
7.80298621 -1   
7.80448463 -1   
7.80573286 -1   
7.80723140 -1   
7.80873500 -1   
7.80997547 -1   
7.81148234 -1   
7.81155150 1    
7.81298287 -1   
7.81697854 -1   
7.81847627 -1   
7.82272289 -1   
7.82397532 -1   
7.84094545 -1   
7.84371457 -1   
7.84920997 -1   
7.89990403 -1   
7.90565311 -1   
7.90715522 -1   
7.95312822 -1   
7.95466659 -1   
7.95664585 -1   
7.95789620 -1   
7.95937715 -1   
7.96089430 -1   
7.96214975 -1   
7.96364961 -1   
7.96514561 -1   
7.96636722 -1   
7.97338989 -1   
7.97340428 1    
7.97489283 -1   
7.97963785 -1   
7.98113524 -1   
7.98235987 -1   
7.98273754 -1   
8.18582405 1    
8.30894664 -1   
8.39763032 -1   
8.40841575 1    
8.44562431 -1   
8.44709550 -1   
8.47658645 -1   
8.47807696 -1   
8.47934716 -1   
8.51184460 -1   
8.52105559 -1   
8.52220926 1    
8.70349797 1    
8.76605076 -1   
8.86638340 -1   
8.86787406 -1   
8.87762354 -1   
8.87911715 -1   
8.88037892 -1   
8.88186828 -1   
8.88309593 -1   
8.91410675 -1   
8.91560005 -1   
8.91684629 -1   
8.91832499 -1   
8.91959563 -1   
8.92109502 -1   
8.92809910 -1   
8.92959286 -1   
8.93083779 -1   
8.93233727 -1   
8.93383992 -1   
8.93508792 -1   
8.93658401 -1   
8.93783769 -1   
8.95330915 -1   
8.95345977 1    
8.95482478 -1   
8.99132857 1    
9.05202924 -1   
9.05349761 -1   
9.08293689 -1   
9.14774549 1    
9.16144565 -1   
9.26963060 -1   
9.28267025 -1   
9.34309136 -1   
9.34312821 1    
9.43417134 -1   
9.58996487 -1   
9.64471092 -1   
9.76212255 -1   
9.79535368 -1   
9.87805555 -1   
9.87929428 -1   
9.98836800 -1   
9.98998937 1    
10.15167987 1    
10.85175107 -1   
10.85298821 -1   
10.85334764 -1   
10.97492644 -1   
11.04889042 -1   
11.17257543 -1   
11.17380186 -1   
11.23279859 -1   
11.31471337 -1   
11.42078102 -1   
11.42446682 1    
12.02407663 -1   
12.02558153 -1   
16.35046700 1    
23.43129076 1    
30.18650767 -1   
