0.00000000 -1   
0.15231925 -1   
0.21133456 1    
0.40406325 1    
0.40459506 -1   
0.55710884 -1   
0.57737365 1    
0.59953330 1    
0.61852795 1    
0.73793764 1    
0.75052186 1    
0.75081598 -1   
0.96889649 1    
1.07425695 -1   
1.23526345 1    
1.23555970 -1   
1.52583212 1    
1.52617128 -1   
1.88564166 1    
2.07653941 1    
2.07667444 -1   
2.25840895 1    
2.28032281 1    
2.30530903 1    
2.31854842 1    
2.44452978 1    
4.07658043 -1   
4.25926102 1    
4.25953975 -1   
4.41226699 1    
4.49732896 -1   
4.60606871 1    
4.64998792 -1   
4.68517473 1    
4.69494102 1    
4.70718421 1    
4.75854157 1    
4.84539461 -1   
4.91266051 1    
5.02900114 1    
5.04549147 1    
5.05573425 1    
5.06428102 1    
5.07634817 -1   
5.23497958 1    
5.23529182 -1   
5.41313166 1    
5.41345131 -1   
5.56603644 1    
5.56634583 -1   
5.71942768 1    
6.09898670 1    
6.09927494 -1   
6.25364214 1    
8.69388608 1    
8.69512522 1    
8.69550429 1    
8.72464097 1    
8.72586108 1    
8.73574293 -1   
8.76109239 1    
8.84771280 1    
8.84805871 -1   
8.92930090 -1   
9.25217904 1    
9.25249894 -1   
9.42041250 1    
9.42073005 -1   
9.43947126 1    
9.44096646 1    
9.45021984 1    
9.45169419 1    
9.45296053 1    
9.46013827 -1   
9.54564592 1    
9.58131949 1    
9.58135369 -1   
9.73028989 1    
9.73180403 1    
9.73490937 1    
9.73492556 -1   
9.74852880 1    
9.75004352 1    
9.75152121 1    
9.76403565 1    
9.76825828 1    
9.79924803 1    
9.80074325 1    
9.88983081 1    
9.89014449 -1   
9.98491608 1    
9.98615454 1    
9.99615486 1    
9.99737632 1    
9.99887932 1    
10.00462406 1    
10.00612543 1    
10.00762223 1    
10.00886950 1    
10.01036878 1    
10.01187151 1    
10.02286746 1    
10.02436405 1    
10.02585925 1    
10.02711014 1    
10.03510924 1    
10.03635740 1    
10.03785509 1    
10.03910601 1    
10.04285031 1    
10.04435162 1    
10.08537847 -1   
10.13932600 1    
10.14081490 1    
10.14229726 1    
10.14354486 1    
10.15054206 1    
10.15203776 1    
10.15353530 1    
10.15478469 1    
10.15905369 1    
10.16055338 1    
10.16180546 1    
10.16330323 1    
10.16455617 1    
10.16605159 1    
10.16755114 1    
10.16879993 1    
10.17030130 1    
10.17179980 1    
10.17305019 1    
10.17452577 1    
10.17727655 1    
10.17877231 1    
10.18002171 1    
10.18152145 1    
10.18277340 1    
10.18426895 1    
10.18577060 1    
10.18701799 1    
10.19126834 1    
10.19278647 1    
10.19288808 -1   
10.19401619 1    
10.19554205 1    
10.19701435 1    
10.19826123 1    
10.19976434 1    
10.20100934 1    
10.20252983 1    
10.20400991 1    
10.20525960 1    
10.20675590 1    
10.23751785 1    
10.23902933 1    
10.28278412 -1   
10.29422902 1    
10.29572837 1    
10.29722388 1    
10.29845234 1    
10.30122844 1    
10.30272232 1    
10.30422838 1    
10.30545005 1    
10.30820282 1    
10.30972018 1    
10.31122172 1    
10.31244597 1    
10.31396876 1    
10.31519569 1    
10.31671690 1    
10.31821482 1    
10.32246400 1    
10.32371153 1    
10.32521426 1    
10.32643645 1    
10.32796104 1    
10.32945740 1    
10.33070893 1    
10.33220722 1    
10.33343265 1    
10.33495464 1    
10.33611250 -1   
10.33643458 1    
10.33770538 1    
10.34193132 1    
10.36241985 -1   
10.43792176 -1   
10.46436426 1    
10.46585951 1    
10.47312859 1    
10.47462396 1    
10.47611902 1    
10.48285032 1    
10.48412291 1    
10.48561828 1    
10.48711978 1    
10.48836624 1    
10.49287023 1    
10.51805480 1    
10.57682501 1    
10.57831572 1    
10.63733263 -1   
10.66881302 1    
10.78899981 -1   
10.81666548 1    
10.81790847 1    
10.83690591 1    
10.83840170 1    
10.83989779 1    
10.84114338 1    
10.84264482 1    
10.84489510 1    
10.84614353 1    
10.84766416 1    
10.84914298 1    
10.85039108 1    
10.85189308 1    
10.85338556 1    
10.85513460 1    
10.85663328 1    
10.85790128 1    
10.85938405 1    
10.86063372 1    
10.86213156 1    
10.86365883 1    
10.86372494 -1   
10.86488011 1    
10.86637937 1    
10.86763195 1    
10.86912663 1    
10.87008032 1    
10.87164906 1    
10.87289892 1    
10.87437472 1    
10.87587349 1    
10.87712285 1    
10.87864832 1    
10.87989314 1    
10.88137217 1    
10.88286904 1    
10.88412401 1    
10.88561965 1    
10.88686722 1    
10.88836619 1    
10.88986855 1    
10.89111448 1    
10.89261621 1    
10.89386229 1    
10.89536569 1    
10.89688251 1    
10.89813258 1    
10.89961041 1    
10.90111143 1    
10.90235726 1    
10.90388293 1    
10.90510670 1    
10.90660919 1    
10.90810542 1    
10.90831888 -1   
10.90935743 1    
10.91087679 1    
10.91235472 1    
10.92486685 1    
10.92609845 1    
10.92761670 1    
10.94383705 1    
10.94386142 -1   
10.96385289 1    
11.02107649 1    
11.02343933 1    
11.02365472 -1   
11.09582245 -1   
11.22693137 1    
11.22728297 1    
11.30143226 -1   
11.37409929 1    
11.37560928 1    
11.37898530 1    
11.38333507 1    
11.38485600 1    
11.38610376 1    
11.38760564 1    
11.38882920 1    
11.39035493 1    
11.39332890 1    
11.39482563 1    
11.39632472 1    
11.39757703 1    
11.39907452 1    
11.40032638 1    
11.40184273 1    
11.40334660 1    
11.40484365 1    
11.40608831 1    
11.41333808 1    
11.42458725 1    
11.42606002 1    
11.43457948 1    
11.45333632 -1   
11.48555252 1    
11.48704782 1    
11.51328198 1    
11.53459105 1    
11.62297903 1    
11.62301583 -1   
11.62444777 1    
11.65420050 1    
11.66374149 -1   
11.68658964 1    
11.81689675 -1   
11.84932508 1    
11.89591241 1    
12.13920177 1    
12.25184996 1    
12.29176775 1    
12.38054836 1    
12.39333731 -1   
12.44443096 1    
12.56071765 -1   
12.85474777 1    
12.85601314 1    
12.85636978 1    
12.92823014 1    
13.02470417 1    
13.04389203 1    
13.04513469 1    
13.14783493 1    
13.17673319 1    
13.18080538 -1   
13.64482295 1    
13.64607480 1    
17.24606865 -1   
24.51079979 -1   
26.79713968 1    
26.79728158 -1   
28.09184410 -1   
