0.00000000 1    
0.25152467 -1   
0.40293599 -1   
0.40341946 1    
0.63732233 1    
0.70151546 -1   
0.78891504 1    
0.89265294 -1   
0.94057634 1    
1.13426808 -1   
1.13457142 1    
1.31189552 -1   
1.31220469 1    
1.46458207 -1   
1.63802910 1    
1.79514082 -1   
1.79556140 1    
1.94705316 -1   
1.98969425 1    
2.13769504 -1   
2.14110743 1    
2.36156561 -1   
5.53238526 -1   
5.53389427 -1   
5.53414572 -1   
5.56658644 1    
5.57310952 -1   
5.57436729 -1   
5.59762079 -1   
5.68704806 -1   
5.68737398 1    
5.71859326 1    
6.15562472 -1   
6.15595151 1    
6.30936691 -1   
6.30967167 1    
6.36940351 -1   
6.37091624 -1   
6.37241823 -1   
6.37855508 1    
6.38966233 -1   
6.40013410 -1   
6.40163078 -1   
6.46330160 -1   
6.46334209 1    
6.61455888 1    
6.75420497 -1   
6.75542358 -1   
6.75581941 -1   
6.81367165 -1   
6.81491482 -1   
6.81638957 -1   
6.81789117 -1   
6.88713039 -1   
6.97630554 -1   
6.97782474 -1   
7.02452937 -1   
7.02481399 1    
7.02577208 -1   
7.02726697 -1   
7.03577711 -1   
7.04628466 -1   
7.04753074 -1   
7.04902801 -1   
7.05052843 -1   
7.05175428 -1   
7.06200675 -1   
7.06349684 -1   
7.06474935 -1   
7.06749436 -1   
7.06874787 -1   
7.07024350 -1   
7.07149432 -1   
7.07301457 -1   
7.08176414 -1   
7.12126070 -1   
7.12246237 -1   
7.22293273 -1   
7.22440716 -1   
7.25591560 -1   
7.25738775 -1   
7.26113928 -1   
7.26116443 1    
7.26265683 -1   
7.26540401 -1   
7.26664988 -1   
7.26815250 -1   
7.26965057 -1   
7.28764590 -1   
7.28914235 -1   
7.29064175 -1   
7.29189056 -1   
7.29338811 -1   
7.29488623 -1   
7.29636586 -1   
7.29763660 -1   
7.29913413 -1   
7.30038675 -1   
7.30188531 -1   
7.30338518 -1   
7.30638069 -1   
7.30760818 -1   
7.30910897 -1   
7.31035829 -1   
7.31485559 -1   
7.31635426 -1   
7.31787318 -1   
7.31905619 1    
7.31909565 -1   
7.32062232 -1   
7.32187247 -1   
7.32337091 -1   
7.32486778 -1   
7.32611783 -1   
7.33736618 -1   
7.38383907 -1   
7.38531534 -1   
7.38683575 -1   
7.40307870 -1   
7.46429518 -1   
7.46581069 -1   
7.46728984 -1   
7.46853828 -1   
7.47003775 -1   
7.47128483 -1   
7.47139676 1    
7.47278732 -1   
7.47280079 1    
7.47426506 -1   
7.47553171 -1   
7.47703562 -1   
7.47853159 -1   
7.47978236 -1   
7.48126097 -1   
7.48253190 -1   
7.48477873 -1   
7.48627896 -1   
7.48752583 -1   
7.48902896 -1   
7.49052322 -1   
7.49176888 -1   
7.49327311 -1   
7.49477393 -1   
7.49602098 -1   
7.49752206 -1   
7.49876847 -1   
7.50027239 -1   
7.50176747 -1   
7.50301630 -1   
7.50451741 -1   
7.50576566 -1   
7.50724669 -1   
7.50731235 1    
7.50874658 -1   
7.50998969 -1   
7.51150804 -1   
7.51176002 -1   
7.54444168 1    
7.57048618 -1   
7.57172877 -1   
7.61871243 -1   
7.62020152 -1   
7.62143125 -1   
7.63394449 -1   
7.63543956 -1   
7.63669284 -1   
7.63819279 -1   
7.63941691 -1   
7.64094190 -1   
7.67667444 -1   
7.67816898 -1   
7.68018891 1    
7.68240355 -1   
7.89684566 1    
7.89763976 -1   
7.95101885 -1   
7.95252449 -1   
7.96948898 -1   
7.97099500 -1   
7.97223321 -1   
7.97697682 -1   
7.97847741 -1   
7.97999459 -1   
7.98574286 -1   
7.98722840 -1   
7.98872186 -1   
7.98996860 -1   
7.99672172 -1   
7.99797848 -1   
7.99946173 -1   
8.00598169 -1   
8.00611895 1    
8.00746193 -1   
8.00870590 -1   
8.01350989 -1   
8.01495181 -1   
8.01645349 -1   
8.02094996 -1   
8.02245068 -1   
8.02394632 -1   
8.02521707 -1   
8.02671687 -1   
8.02796951 -1   
8.02944618 -1   
8.03096432 -1   
8.03221449 -1   
8.03471724 -1   
8.03596246 -1   
8.04096485 -1   
8.04243685 -1   
8.04393570 -1   
8.05063048 -1   
8.05065572 1    
8.05820264 -1   
8.05942622 -1   
8.06094989 -1   
8.06242454 -1   
8.06369733 -1   
8.06519557 -1   
8.06642304 -1   
8.06794368 -1   
8.06944516 -1   
8.07094173 -1   
8.07219375 -1   
8.07368911 -1   
8.09343791 -1   
8.09492729 -1   
8.09617886 -1   
8.09767832 -1   
8.10592593 -1   
8.10739877 -1   
8.19686135 -1   
8.19834847 -1   
8.21361758 -1   
8.21392701 1    
8.21484077 -1   
8.25306606 -1   
8.25310534 1    
8.26283698 -1   
8.32156016 -1   
8.32279837 -1   
8.40505301 -1   
8.40509168 1    
8.63285558 -1   
8.63289204 1    
8.63435118 -1   
8.63529963 -1   
8.63686932 -1   
8.63809730 -1   
8.64312017 -1   
8.64461449 -1   
8.64611446 -1   
8.64737687 -1   
8.66083750 -1   
8.66233054 -1   
8.66383301 -1   
8.66508329 -1   
8.66660325 -1   
8.66785598 -1   
8.66932927 -1   
8.67085090 -1   
8.67211257 -1   
8.68084667 -1   
8.68659437 -1   
8.68808802 -1   
8.68933867 -1   
8.70108264 -1   
8.73729841 -1   
8.73745939 1    
8.73881223 -1   
8.76327910 -1   
8.76479405 -1   
8.78661512 -1   
8.78665546 1    
8.93936924 -1   
8.93940834 1    
9.02765038 -1   
9.09222007 -1   
9.09226874 1    
9.30198938 -1   
9.30202705 1    
9.30349087 -1   
9.30371990 -1   
9.60448190 1    
9.64329311 -1   
9.90283181 -1   
9.90286853 1    
9.94162631 -1   
10.28435959 -1   
10.28695344 1    
10.35886907 -1   
10.36038163 -1   
10.41108575 -1   
10.66786617 -1   
10.74966580 -1   
10.75115236 -1   
10.96624437 -1   
11.11863754 -1   
11.12154825 1    
11.80729360 -1   
11.80856949 -1   
15.22650106 1    
21.68726025 -1   
25.04831498 -1   
