3.57014244 -1   
3.98080635 1    
3.98099915 -1   
4.34986671 1    
4.35038788 -1   
4.35678571 -1   
4.71072898 1    
4.74602788 1    
4.74634071 -1   
4.77625628 1    
4.78899757 1    
4.81925206 1    
5.04631535 1    
5.30437345 -1   
5.32830787 1    
5.57461181 -1   
5.59822029 1    
5.94242938 -1   
5.97368331 1    
6.34098029 1    
6.34131199 -1   
6.71149520 1    
6.71319589 -1   
7.06678724 1    
8.88877249 1    
8.88891122 -1   
10.50572833 1    
10.50696594 1    
10.50759736 1    
10.52871089 1    
10.53020833 1    
10.54459020 -1   
10.55047371 1    
10.88515483 1    
10.88543087 -1   
10.94676198 -1   
11.26440337 1    
11.43476151 -1   
11.70497413 1    
11.72053031 1    
11.72202462 1    
11.72352518 1    
11.72390154 -1   
11.72779164 1    
11.72902143 1    
11.79199239 1    
11.81951217 -1   
12.05781507 1    
12.09408506 1    
12.09555859 1    
12.10558269 1    
12.10705344 1    
12.10831957 1    
12.12656853 1    
12.12806551 1    
12.20927289 1    
12.20930674 -1   
12.22751223 1    
12.22898439 1    
12.44839717 1    
12.45285616 1    
12.45710357 1    
12.45859821 1    
12.46961497 1    
12.47086464 1    
12.47786472 1    
12.48209084 1    
12.48333795 1    
12.55758646 1    
12.55763370 -1   
12.78867486 1    
12.78991309 1    
12.79565996 1    
12.79691097 1    
12.80815643 1    
12.80964918 1    
12.81714615 1    
12.82566567 1    
12.82691040 1    
12.85615705 1    
12.88138602 1    
13.11698323 1    
13.11972147 1    
13.11989239 -1   
13.12399444 1    
13.13523513 1    
13.14373184 1    
13.14922770 1    
13.15347423 1    
13.15380771 -1   
13.17869259 1    
13.22169788 1    
13.45703598 1    
13.46402685 1    
13.47502174 1    
13.47503680 -1   
13.47652168 1    
13.49053126 1    
13.49203358 1    
13.49900584 1    
13.51025185 1    
13.55525019 1    
13.55649658 1    
13.75511613 1    
13.75635801 1    
13.76610797 1    
13.76760598 1    
13.78010484 1    
13.78159340 1    
13.78584490 1    
13.78598094 -1   
13.78709210 1    
13.85955672 1    
13.86106930 1    
13.86806898 1    
14.03048182 1    
14.03197474 1    
14.04172158 1    
14.04294336 1    
14.05271640 1    
14.05421106 1    
14.05845991 1    
14.05970824 1    
14.09294186 1    
14.09296986 -1   
14.12392093 1    
14.12541647 1    
14.16287805 1    
14.33728331 1    
14.33853878 1    
14.35404057 1    
14.36376035 1    
14.36527996 1    
14.38175408 1    
14.38302520 1    
14.38727100 1    
14.38876951 1    
14.43749523 1    
14.43751721 -1   
14.50193798 1    
14.50345047 1    
14.56914756 1    
14.64010604 1    
14.64160234 1    
14.70157418 1    
14.70306840 1    
14.71556523 1    
14.71705810 1    
14.72106011 1    
14.72257925 1    
14.74329746 1    
14.74731690 1    
14.74733180 -1   
14.80978640 1    
14.81100738 1    
14.82040066 -1   
14.89348513 1    
14.89472980 1    
14.95594737 1    
14.95744111 1    
14.96169141 1    
14.96318705 1    
14.96718981 1    
14.96866364 1    
14.98118133 1    
14.98267587 1    
14.98542510 1    
14.98543889 -1   
15.06438951 1    
15.06562962 1    
15.15358492 1    
15.15507759 1    
15.18754560 1    
15.18881160 1    
15.19578664 1    
15.19728287 1    
15.21129818 1    
15.21255164 1    
15.21272097 -1   
15.23077617 1    
15.23201313 1    
15.24201097 1    
15.24203693 -1   
15.29773304 1    
15.29924607 1    
15.36496497 1    
15.36620731 1    
15.44439606 1    
15.44591256 1    
15.45415648 1    
15.45540684 1    
15.47637709 1    
15.47787169 1    
15.49861233 1    
15.49985726 1    
15.51235281 1    
15.51236624 -1   
15.56783065 1    
15.56931963 1    
15.63004311 1    
15.63155945 1    
15.68726046 1    
15.68875388 1    
15.69550236 1    
15.69699814 1    
15.72073840 1    
15.72198138 1    
15.75097258 1    
15.75246506 1    
15.76496461 1    
15.76499895 -1   
15.79969392 1    
15.80118670 1    
15.92064909 1    
15.92189142 1    
15.97384259 1    
15.97535803 1    
15.99633140 1    
15.99757365 1    
16.01406723 1    
16.01558475 1    
16.03407878 1    
16.03557369 1    
16.05504712 1    
16.07880148 1    
16.08003488 1    
16.16925719 1    
16.17074735 1    
16.17086980 -1   
16.17224855 1    
16.22596601 1    
16.22746499 1    
16.23871282 1    
16.24020746 1    
16.26392648 1    
16.26544430 1    
16.32141415 1    
16.32292658 1    
16.36664264 1    
16.36788657 1    
16.37734856 -1   
16.39437068 1    
16.44632324 1    
16.44783857 1    
16.46331174 1    
16.46334682 -1   
16.47282845 1    
16.47432188 1    
16.48132061 1    
16.51405105 -1   
16.67381433 -1   
17.02651595 1    
17.02800991 1    
17.02838024 1    
17.05549467 1    
17.05699302 1    
17.05823794 1    
17.05974079 1    
17.06098804 1    
17.07771263 1    
17.07783388 -1   
17.07920890 1    
17.33708761 1    
17.33858098 1    
17.33982549 1    
17.34133014 1    
17.37256609 1    
17.37381015 1    
17.37530544 1    
17.37680937 1    
17.37805801 1    
17.37953625 1    
17.38377944 1    
17.39205033 1    
17.46376731 1    
17.46393969 -1   
17.71809624 1    
17.71933941 1    
17.72084072 1    
17.72785020 1    
17.75160078 1    
17.75284160 1    
17.75297726 -1   
17.75434358 1    
17.75554192 1    
17.76273451 -1   
17.93254058 -1   
18.48867701 1    
18.48992033 1    
18.49054971 1    
18.50264770 1    
18.50389379 1    
18.51790430 1    
18.69129169 1    
18.69278172 1    
18.69403360 1    
18.76699420 1    
18.78385401 -1   
18.86257539 1    
19.49501391 1    
19.49830076 -1   
20.18419053 1    
20.18568855 1    
20.18593993 1    
25.30987642 -1   
33.01443596 -1   
