0.00000000 -1   
0.00015568 1    
0.54554606 1    
3.32828562 1    
4.29660571 1    
4.35731866 -1   
4.35785562 1    
4.66100943 1    
4.72427640 -1   
5.04826506 -1   
5.04829934 1    
5.07047728 -1   
5.07747311 -1   
5.11818903 -1   
5.41160378 1    
5.46768838 -1   
5.79789531 1    
5.85199100 -1   
6.21033019 -1   
6.21037080 1    
6.23133409 -1   
6.23787507 -1   
6.25232076 -1   
6.62429145 -1   
6.99924657 -1   
6.99953993 1    
7.24935535 -1   
7.27302831 1    
7.56564603 -1   
10.13370511 1    
11.48883481 -1   
11.49006938 -1   
11.49044378 -1   
11.52253582 -1   
11.52404937 -1   
11.52909104 1    
11.60249335 -1   
11.83677795 -1   
11.83707607 1    
11.88936189 1    
12.22674840 -1   
12.27015788 1    
12.61318365 -1   
12.61465657 -1   
12.61590124 -1   
12.62546591 -1   
12.62692247 1    
12.63589982 -1   
12.63740828 -1   
12.65688504 -1   
12.92848174 -1   
12.93549256 -1   
12.93576876 1    
12.93699274 -1   
12.98691489 -1   
13.00918425 -1   
13.00920670 1    
13.01068038 -1   
13.07739659 -1   
13.07863692 -1   
13.31503019 -1   
13.31627212 -1   
13.36500144 -1   
13.38398370 -1   
13.41497090 -1   
13.76502854 -1   
13.76774509 -1   
13.79825581 -1   
13.79855433 1    
14.15255291 -1   
14.15804555 -1   
14.18576267 -1   
14.18727813 -1   
14.22455308 1    
14.52831670 -1   
14.52955747 -1   
14.53380783 -1   
14.54605080 -1   
14.54754590 -1   
14.91934584 -1   
14.91947957 1    
14.92083539 -1   
14.93060128 -1   
14.93609679 -1   
14.93734827 -1   
14.96358583 -1   
14.96508233 -1   
15.30239729 -1   
15.30243551 1    
15.31762829 -1   
15.31912579 -1   
15.32312942 -1   
15.32462311 -1   
15.35385699 -1   
15.35533363 -1   
15.35558696 1    
15.35658343 -1   
15.67790807 -1   
15.67795701 1    
15.69492329 -1   
15.69638973 -1   
15.70191365 -1   
15.70338806 -1   
15.74511926 -1   
15.74660910 -1   
15.77437325 -1   
16.06420928 -1   
16.08768619 -1   
16.08919179 -1   
16.09043433 -1   
16.09071498 1    
16.09193676 -1   
16.43847377 -1   
16.44271556 -1   
16.44571273 -1   
16.44848184 -1   
16.48219869 -1   
16.72855529 -1   
16.81001042 -1   
16.81827077 -1   
16.82224788 -1   
16.82240720 1    
16.86249930 -1   
17.18429384 -1   
17.19253626 -1   
17.19528324 -1   
17.24032585 1    
17.27149677 -1   
17.27299076 -1   
17.54159334 -1   
17.55408657 -1   
17.64028208 -1   
17.64178058 -1   
17.84541610 -1   
17.85393299 -1   
17.95560521 -1   
17.95578595 1    
17.96286727 -1   
17.96411427 -1   
18.16648444 -1   
18.17899603 -1   
18.29516316 -1   
18.30214828 -1   
18.30339940 -1   
18.53077533 -1   
18.53204293 -1   
18.66045173 -1   
18.66197263 -1   
18.70092812 -1   
18.91957603 -1   
18.92104556 -1   
19.04473273 -1   
19.05449053 -1   
19.15394288 -1   
19.15542969 -1   
19.29835877 -1   
19.29847195 1    
19.29959944 -1   
19.42028514 -1   
19.42176161 -1   
19.50348854 -1   
19.50498019 -1   
19.67712229 -1   
19.67715663 1    
19.73458309 -1   
19.89351833 -1   
19.89501000 -1   
20.05567092 -1   
20.13836932 -1   
20.26253258 -1   
20.39121524 -1   
20.39134856 1    
20.46394048 -1   
20.64481767 -1   
20.64630925 -1   
20.76903031 -1   
20.79978692 1    
20.83120369 -1   
20.98688842 -1   
20.98836339 -1   
20.98988471 -1   
21.08333702 -1   
21.11185393 1    
21.17800548 -1   
21.17949854 -1   
21.30419785 -1   
21.30818386 -1   
21.31792829 -1   
21.42489271 -1   
21.46789136 1    
21.56154444 -1   
21.56305256 -1   
21.56978551 -1   
21.68897488 -1   
21.69045945 -1   
21.74220900 -1   
21.84637996 -1   
21.93434681 -1   
21.93583919 -1   
21.93596678 1    
21.99404047 -1   
22.05602741 -1   
22.05752211 -1   
22.15896900 -1   
22.30063909 -1   
22.31884943 -1   
22.32009872 -1   
22.32238288 1    
22.42979412 -1   
22.43105485 -1   
22.51776295 -1   
22.58020687 -1   
22.68264821 -1   
22.68413894 -1   
22.69114047 -1   
22.79260773 -1   
22.79384730 -1   
22.79398333 1    
22.91054387 -1   
22.96700708 -1   
23.05468925 -1   
23.05617584 -1   
23.10242450 -1   
23.15489753 -1   
23.15637282 -1   
23.42822218 -1   
23.42974059 -1   
23.50945099 -1   
23.51094149 -1   
23.57113996 -1   
23.80177761 -1   
23.90069880 -1   
23.94817403 -1   
24.19053737 -1   
24.29197709 -1   
24.33020290 -1   
24.33038046 1    
24.67454832 -1   
24.71273792 -1   
25.08704298 -1   
25.08794066 -1   
25.08802590 1    
25.09230229 -1   
25.47530003 -1   
25.47679464 -1   
25.50829910 -1   
25.83338781 -1   
25.83485664 -1   
25.83512711 1    
25.86859714 -1   
26.14368800 -1   
26.14516116 -1   
26.14745157 1    
26.23438463 -1   
26.23587565 -1   
26.46475303 -1   
26.46727097 1    
26.47599184 -1   
26.55067994 -1   
26.55219561 -1   
26.82827502 -1   
26.82831702 1    
26.90173461 -1   
26.90322297 -1   
26.92671490 -1   
26.92820829 -1   
27.21380646 -1   
27.27876597 -1   
27.28025607 -1   
27.28040123 1    
27.30350136 -1   
27.30499207 -1   
27.63131442 -1   
27.66604405 -1   
27.66728734 -1   
27.68378773 -1   
27.68653024 -1   
27.68927729 -1   
27.99111196 -1   
27.99259837 -1   
28.02183637 -1   
28.02308069 -1   
28.03008186 -1   
28.03157598 -1   
28.03168691 1    
28.24795925 -1   
28.24920337 -1   
28.25345170 -1   
28.26894053 -1   
28.27044220 -1   
28.27994259 1    
28.28018606 -1   
28.28168374 -1   
28.31219721 1    
28.49332151 -1   
28.49481108 -1   
28.52480234 -1   
28.52629452 -1   
28.52723650 -1   
28.62629746 1    
28.99229771 -1   
29.03126612 -1   
29.03275384 -1   
29.16418898 -1   
29.17316049 1    
29.34008912 -1   
29.34157669 -1   
29.35258330 -1   
29.77826884 -1   
29.78106060 1    
30.39823075 -1   
30.39973343 -1   
30.39998588 -1   
33.54078207 -1   
