3.53853285 -1   
3.89257583 -1   
3.99109084 1    
4.20891287 -1   
4.32948235 1    
4.60143501 -1   
4.68775553 1    
4.93600223 -1   
5.05173325 1    
5.29128875 -1   
5.43484968 1    
5.66357016 -1   
5.81302360 1    
6.18490393 1    
6.18522814 -1   
6.55806549 -1   
7.06283407 1    
7.48881890 1    
7.48909017 -1   
11.85397157 1    
11.85546297 1    
11.85571390 1    
11.89313165 -1   
11.90244747 1    
12.00763327 1    
12.04313155 1    
12.24689705 1    
12.24693109 -1   
12.25723361 -1   
12.61707440 -1   
12.72406608 1    
13.03662554 -1   
13.14817031 1    
13.18772760 1    
13.18919885 1    
13.21146131 1    
13.26068559 1    
13.26218271 1    
13.36191943 -1   
13.47955980 1    
13.48883014 1    
13.71095446 -1   
13.84451560 1    
13.84883042 1    
13.85032099 1    
13.88433308 1    
13.88555054 1    
13.88707119 1    
13.93355071 1    
13.93480894 1    
13.95551745 1    
13.95678298 1    
13.99527666 1    
14.05254301 -1   
14.13969635 1    
14.22188320 1    
14.22337990 1    
14.23312599 1    
14.23460141 1    
14.23585271 1    
14.25159710 1    
14.25284371 1    
14.32555705 1    
14.35231448 1    
14.35353112 1    
14.35505315 1    
14.35655591 1    
14.35780236 1    
14.35930267 1    
14.35941154 -1   
14.36078066 1    
14.36204980 1    
14.37204709 1    
14.37354525 1    
14.37479543 1    
14.42200275 1    
14.42351394 1    
14.42352895 -1   
14.43051117 1    
14.53970309 1    
14.56091907 1    
14.56216424 1    
14.57493042 1    
14.57528423 1    
14.70834090 1    
14.70958089 1    
14.71110134 1    
14.71257575 1    
14.71384647 1    
14.71532552 1    
14.71657613 1    
14.72082415 1    
14.72232338 1    
14.72245187 -1   
14.72357332 1    
14.72509182 1    
14.72656943 1    
14.72781691 1    
14.73056608 1    
14.73206549 1    
14.73906906 1    
14.74056072 1    
14.74181258 1    
14.74330877 1    
14.74483117 1    
14.77829967 1    
14.79253886 1    
14.79377920 1    
14.80380069 1    
14.80384268 -1   
14.80502710 1    
14.81252346 1    
14.82679110 1    
14.87273974 1    
14.87423470 1    
14.88000981 1    
14.88123360 1    
14.88273281 1    
14.88397853 1    
14.88548056 1    
14.88697956 1    
14.99044965 1    
14.99166489 1    
14.99744093 1    
14.99866680 1    
15.00018687 1    
15.00143326 1    
15.00293531 1    
15.00441199 1    
15.01418023 1    
15.01542401 1    
15.01692638 1    
15.01842707 1    
15.02542005 1    
15.02692013 1    
15.02842027 1    
15.03266886 1    
15.03390963 1    
15.03541506 1    
15.03664451 1    
15.03816074 1    
15.03966028 1    
15.04666178 1    
15.04790351 1    
15.10413066 1    
15.10562802 1    
15.12611588 1    
15.14085310 1    
15.14102137 -1   
15.14988131 -1   
15.20457238 1    
15.20581529 1    
15.21281188 1    
15.21430584 1    
15.21704351 1    
15.30700976 1    
15.30851103 1    
15.31125842 1    
15.31275957 1    
15.31675499 1    
15.31825406 1    
15.33222677 1    
15.33236001 -1   
15.33374523 1    
15.33799371 1    
15.33924247 1    
15.34896312 1    
15.35621461 1    
15.47257375 1    
15.49193678 -1   
15.55712329 1    
15.55861354 1    
15.55986609 1    
15.56136463 1    
15.56261429 1    
15.56411005 1    
15.56559010 1    
15.56685829 1    
15.56836356 1    
15.56960893 1    
15.57111171 1    
15.58285121 1    
15.59260129 1    
15.63805089 1    
15.64232022 1    
15.64654535 1    
15.64780795 1    
15.64931805 1    
15.65082903 1    
15.65205814 1    
15.65628795 1    
15.66205917 1    
15.66328175 1    
15.67453358 1    
15.67602481 1    
15.70626637 1    
15.70775655 1    
15.74149227 1    
15.81675135 -1   
15.85093441 1    
15.85242584 1    
15.85367402 1    
15.85517486 1    
15.85942437 1    
15.86066912 1    
15.86217065 1    
15.86341702 1    
15.86491769 1    
15.86641562 1    
15.86766929 1    
15.86916568 1    
15.88316617 1    
15.88465565 1    
15.93163336 1    
15.93312840 1    
15.94012593 1    
15.94137178 1    
15.95137230 1    
15.95261792 1    
15.95411477 1    
15.95561799 1    
15.96261474 1    
15.96411087 1    
15.96811194 1    
15.96820957 -1   
15.96960860 1    
16.00334537 1    
16.00458863 1    
16.00484025 1    
16.14026650 1    
16.14175810 1    
16.14553103 -1   
16.33115702 1    
16.33239937 1    
16.33265044 1    
16.34093376 -1   
16.35738876 1    
16.35888441 1    
16.42810387 1    
16.42959395 1    
16.47985165 -1   
16.58633945 1    
16.85466620 -1   
16.94265497 1    
17.00102095 1    
17.00251668 1    
17.00980360 1    
17.01076056 1    
17.01226196 1    
17.03350321 1    
17.03474881 1    
17.03624605 1    
17.04874333 1    
17.05023987 1    
17.08097378 1    
17.08246864 1    
17.08372137 1    
17.08521863 1    
17.08672838 1    
17.09096538 1    
17.09221618 1    
17.09372917 1    
17.10196034 1    
17.10345778 1    
17.10496038 1    
17.10620731 1    
17.10631719 -1   
17.12519895 1    
17.20919901 -1   
17.21114864 1    
17.21239626 1    
17.27980558 1    
17.41203837 1    
17.41219078 -1   
17.41353279 1    
17.50802456 -1   
17.57299315 1    
17.60442784 1    
17.81305830 1    
17.81809516 -1   
17.90447763 1    
18.17409709 1    
18.17559411 1    
18.33176536 1    
18.34015224 1    
18.52540263 1    
18.52689256 1    
18.66420096 1    
18.82598172 1    
18.82722225 1    
18.97061815 1    
18.97933129 -1   
19.83508348 1    
19.83816320 -1   
20.85383328 1    
20.85532614 1    
20.85557618 1    
28.42734994 1    
33.79473780 -1   
