0.00000000 -1   
0.30693855 1    
0.30712412 -1   
0.40415587 -1   
0.57753547 1    
0.57757689 -1   
0.92167502 1    
0.92172374 -1   
1.30239634 1    
1.30270832 -1   
1.65166966 1    
1.65170357 -1   
1.96176328 1    
1.96179634 -1   
2.24541973 1    
2.24545441 -1   
2.57337852 -1   
2.82151769 1    
2.82178518 -1   
3.12782277 1    
3.12811150 -1   
3.42250020 1    
5.66905016 1    
5.67027257 1    
5.67064834 1    
5.69076453 1    
5.69201136 1    
5.69350660 1    
5.70144271 -1   
5.95877450 1    
5.95905756 -1   
6.02385843 -1   
6.30225939 1    
6.40292149 -1   
6.66515627 1    
6.72424079 -1   
6.72893766 1    
6.73018602 1    
6.75140473 1    
6.75265093 1    
6.75416612 1    
6.88957739 1    
6.96905014 1    
6.96932668 -1   
6.97052554 1    
6.97177150 1    
6.97202190 1    
6.98254089 1    
6.98403918 1    
6.99103269 1    
7.06275185 1    
7.06276755 -1   
7.06399026 1    
7.11596435 1    
7.11746191 1    
7.30222370 1    
7.30733824 1    
7.30857959 1    
7.31008830 1    
7.31157733 1    
7.31283079 1    
7.31732949 1    
7.31857628 1    
7.32007290 1    
7.33557297 1    
7.33681421 1    
7.33831218 1    
7.33981204 1    
7.34106534 1    
7.34256038 1    
7.34268169 -1   
7.34406231 1    
7.34531057 1    
7.36080589 1    
7.36229949 1    
7.36355139 1    
7.37055318 1    
7.37204605 1    
7.39306082 1    
7.39309605 -1   
7.39453283 1    
7.41977345 1    
7.42851834 1    
7.43001089 1    
7.56546189 1    
7.59594053 1    
7.59716883 1    
7.59866542 1    
7.60016781 1    
7.60141444 1    
7.60291346 1    
7.60418074 1    
7.60566562 1    
7.61542869 1    
7.61690667 1    
7.62392115 1    
7.62517262 1    
7.62666798 1    
7.62817018 1    
7.64640905 1    
7.64765709 1    
7.65188549 1    
7.65340166 1    
7.65490539 1    
7.65615383 1    
7.69810842 1    
7.69962385 1    
7.70111144 1    
7.70237475 1    
7.70385654 1    
7.70393899 -1   
7.71235430 1    
7.71359881 1    
7.72636759 1    
7.72786414 1    
7.72911104 1    
7.73061308 1    
7.75607802 1    
7.75611683 -1   
7.75757558 1    
7.76482107 1    
7.76606621 1    
7.76759059 1    
7.76909141 1    
7.77333922 1    
7.77483336 1    
7.81406201 1    
7.91125950 1    
7.91275878 1    
7.91425603 1    
7.91550271 1    
7.91700593 1    
7.91825482 1    
7.91975361 1    
7.92125069 1    
7.92250194 1    
7.92400129 1    
7.92525125 1    
7.92674660 1    
7.92824895 1    
7.92950296 1    
7.93099506 1    
7.93249703 1    
7.93374463 1    
7.93524683 1    
7.93649968 1    
7.93799316 1    
7.94224257 1    
7.95198414 1    
7.95348459 1    
7.95770767 1    
7.95898102 1    
7.96048092 1    
7.96172922 1    
7.96322491 1    
7.96470732 1    
8.00120713 1    
8.00245381 1    
8.01245238 1    
8.01369951 1    
8.02094835 1    
8.02219417 1    
8.02242477 1    
8.06292110 1    
8.06416959 1    
8.08663865 1    
8.08695230 -1   
8.09671570 -1   
8.27003628 1    
8.27036697 -1   
8.28327831 1    
8.39156756 1    
8.40275242 -1   
8.95389079 1    
8.95513646 1    
8.95576665 1    
8.96015465 1    
8.96188418 1    
8.96715071 1    
8.96865523 1    
8.97013006 1    
8.97139770 1    
8.97287789 1    
8.97414915 1    
8.97564802 1    
8.97714855 1    
8.98964368 1    
8.99113912 1    
8.99238689 1    
8.99249851 -1   
8.99388924 1    
9.00787879 1    
9.26196752 1    
9.26346269 1    
9.26496258 1    
9.26623012 1    
9.27323458 1    
9.27470293 1    
9.27595384 1    
9.27745432 1    
9.28397370 1    
9.28545098 1    
9.28669887 1    
9.28819526 1    
9.28969407 1    
9.29094538 1    
9.29244643 1    
9.29369376 1    
9.29519401 1    
9.29669070 1    
9.29794265 1    
9.29943901 1    
9.30368656 1    
9.30493650 1    
9.30643892 1    
9.30768363 1    
9.31493681 1    
9.31619705 1    
9.31767955 1    
9.31893045 1    
9.32044616 1    
9.32195062 1    
9.32319398 1    
9.32467965 1    
9.32470101 -1   
9.33317706 1    
9.33467105 1    
9.33617275 1    
9.33743965 1    
9.56831654 1    
9.56978619 1    
9.57106028 1    
9.57255651 1    
9.57405730 1    
9.57427963 -1   
9.57528527 1    
9.58105073 1    
9.58229919 1    
9.58652826 1    
9.58804993 1    
9.59656017 1    
9.59679052 1    
9.61381348 -1   
9.68426253 -1   
10.22466862 1    
10.22593932 1    
10.22630748 1    
10.23665960 1    
10.23792847 1    
10.23942355 1    
10.24066555 1    
10.24216691 1    
10.24366628 1    
10.24490037 1    
10.25189840 1    
10.25339468 1    
10.25489703 1    
10.25616510 1    
10.25625911 -1   
10.25766622 1    
10.25889260 1    
10.26039242 1    
10.26188783 1    
10.27463311 1    
10.27588069 1    
10.27738402 1    
10.27887860 1    
10.47029938 1    
10.47177100 1    
10.47328934 1    
10.47453952 1    
10.49302950 1    
10.49427639 1    
10.49577950 1    
10.49700538 1    
10.50175913 1    
10.50179542 -1   
10.50300359 1    
10.50451706 1    
10.50574961 1    
10.51247075 1    
10.52355897 -1   
11.16764537 1    
11.16787128 1    
11.20535802 1    
11.20685214 1    
11.43560327 1    
11.44577242 -1   
12.27018309 1    
12.27310958 -1   
12.64158669 -1   
13.05579980 1    
13.05703897 1    
13.47440149 1    
13.47470833 -1   
13.83489517 1    
13.86486046 -1   
14.26645034 1    
14.26680974 -1   
14.73193685 1    
22.04754449 -1   
26.56813076 -1   
27.18267792 -1   
