3.29495251 1    
3.57038055 -1   
3.95032273 1    
4.16057515 -1   
4.22616572 1    
4.49225007 -1   
4.52724398 1    
4.69711357 -1   
4.83883775 1    
4.97818202 -1   
5.10516271 1    
5.26476909 -1   
5.58114052 1    
5.58146650 -1   
5.91821680 1    
6.29984308 1    
6.30013978 -1   
6.68528379 1    
6.68820187 -1   
6.99407957 1    
7.50081221 1    
7.50114438 -1   
10.53570920 1    
10.53719959 1    
10.53757968 1    
10.57315982 -1   
10.68214602 1    
10.68336551 1    
10.78433699 1    
10.90566586 1    
10.90570088 -1   
10.91599891 -1   
11.27409795 -1   
11.30436131 1    
11.64611756 -1   
11.76695524 1    
11.82748695 1    
11.82898732 1    
11.84997345 1    
11.85119935 1    
11.85269837 1    
12.00141156 -1   
12.02837220 1    
12.11627056 1    
12.12584843 -1   
12.40995512 -1   
12.41189915 1    
12.41337725 1    
12.43039387 1    
12.43186443 1    
12.43313292 1    
12.46760266 1    
12.47012751 1    
12.47234015 1    
12.47359500 1    
12.51608553 1    
12.80294206 1    
12.80324774 -1   
12.80415539 1    
12.80565120 1    
12.81265014 1    
12.81964430 1    
12.82116933 1    
12.82816472 1    
12.82963966 1    
12.83090859 1    
12.83240808 1    
12.83363493 1    
12.84007170 1    
12.86562499 1    
12.86714060 1    
12.86838832 1    
12.86986654 1    
12.87138861 1    
12.87261527 1    
12.87413777 1    
12.88663169 1    
12.89685088 1    
12.89697065 -1   
12.89810399 1    
12.93360698 1    
12.93510162 1    
13.16472546 1    
13.16476352 -1   
13.16622802 1    
13.17022008 1    
13.17171343 1    
13.17321535 1    
13.17446614 1    
13.20968531 1    
13.21092154 1    
13.21241644 1    
13.21366905 1    
13.23366381 1    
13.23517379 1    
13.23527385 -1   
13.24540538 1    
13.24665222 1    
13.25110227 1    
13.25239611 1    
13.25364790 1    
13.25516902 1    
13.25664459 1    
13.25791523 1    
13.26088982 1    
13.26215594 1    
13.26663834 1    
13.28638266 1    
13.28762587 1    
13.30861906 1    
13.31012929 1    
13.31138484 1    
13.31286520 1    
13.36358603 1    
13.47705405 1    
13.47708993 -1   
13.48128980 1    
13.48253792 1    
13.48404175 1    
13.48553899 1    
13.48678406 1    
13.51576850 1    
13.51726839 1    
13.51851379 1    
13.52001541 1    
13.57049095 1    
13.57173960 1    
13.57323876 1    
13.57473451 1    
13.60844820 1    
13.61269255 1    
13.61421227 1    
13.61545809 1    
13.61696039 1    
13.61820996 1    
13.62245967 1    
13.62395321 1    
13.62520566 1    
13.62670396 1    
13.62820694 1    
13.62945166 1    
13.63368275 1    
13.67241015 1    
13.67518359 1    
13.69066877 1    
13.69216789 1    
13.69641338 1    
13.81233328 1    
13.81507781 1    
13.81534020 -1   
13.81782195 1    
13.81932466 1    
13.83631076 1    
13.84033508 1    
13.84456074 1    
13.88404028 1    
13.88530562 1    
13.88680878 1    
13.91352060 1    
13.91501561 1    
13.91626704 1    
13.91776769 1    
13.91926615 1    
13.92051397 1    
13.92201379 1    
13.92326189 1    
13.92478669 1    
13.92777967 1    
13.92926146 1    
13.93458144 1    
14.06818787 1    
14.07815000 -1   
14.11366139 1    
14.11515231 1    
14.13541198 1    
14.13690427 1    
14.13813742 1    
14.13963542 1    
14.16962754 1    
14.17663734 1    
14.18361611 1    
14.18364398 -1   
14.18786511 1    
14.20885544 1    
14.21309898 1    
14.21461369 1    
14.24758366 1    
14.24882515 1    
14.25032513 1    
14.26732391 1    
14.27156275 1    
14.27281135 1    
14.27856117 1    
14.28255729 1    
14.28405640 1    
14.28555477 1    
14.29105072 1    
14.29254936 1    
14.29655018 1    
14.29779986 1    
14.29929821 1    
14.38650385 1    
14.43547556 1    
14.43696615 1    
14.43710700 -1   
14.48894652 1    
14.49045283 1    
14.49193658 1    
14.49319518 1    
14.49918291 1    
14.50068116 1    
14.50493063 1    
14.50494419 -1   
14.50617987 1    
14.51742274 1    
14.51892096 1    
14.52592041 1    
14.52716694 1    
14.57064547 1    
14.57213970 1    
14.58488664 1    
14.58613445 1    
14.59038255 1    
14.59187942 1    
14.61512529 1    
14.61636331 1    
14.62061369 1    
14.62211222 1    
14.63735365 1    
14.63885126 1    
14.64311538 1    
14.64336664 1    
14.65668959 -1   
14.78282492 -1   
14.84224224 1    
14.90974241 1    
14.96517329 1    
14.96666307 1    
14.99965361 1    
15.00089383 1    
15.00239373 1    
15.00881975 -1   
15.06736505 1    
15.06739856 -1   
15.06885821 1    
15.15519310 1    
15.36474131 -1   
15.44092151 1    
15.44216296 1    
15.44279230 1    
15.45415903 1    
15.45565750 1    
15.46265499 1    
15.46414511 1    
15.46540095 1    
15.53436717 1    
15.53558738 1    
15.53709059 1    
15.53858607 1    
15.53983771 1    
15.54133428 1    
15.54284856 1    
15.54408352 1    
15.54558610 1    
15.63154240 1    
15.63278428 1    
15.65379805 1    
15.76453278 1    
15.76457533 -1   
15.85291814 1    
15.89815798 1    
15.90215211 1    
15.90365090 1    
15.97336805 1    
16.16625194 1    
16.23894402 1    
16.23912797 -1   
16.28991163 1    
16.29029296 -1   
16.29115861 1    
16.29542368 1    
16.29690806 1    
16.54378537 1    
16.62803816 -1   
17.18090669 1    
17.18217050 1    
17.18279686 1    
17.19966354 1    
17.32684421 1    
17.32831376 1    
17.38456181 1    
17.38603772 1    
17.39005605 1    
17.44954843 1    
17.76691873 1    
17.76936499 -1   
18.60429537 1    
18.60717684 -1   
19.43588642 1    
19.43738865 1    
24.17563648 -1   
24.48033704 1    
24.48060756 -1   
24.81289629 1    
24.81312220 -1   
25.33583561 1    
31.38084469 -1   
34.43186880 -1   
