3.41750048 -1   
3.77626218 1    
3.77678074 -1   
4.08420755 -1   
4.10398904 1    
4.38699989 1    
4.38718681 -1   
4.46773718 1    
4.75708622 -1   
4.96274330 1    
5.12987703 -1   
5.34629560 1    
5.48042287 -1   
5.72882983 1    
5.85146257 -1   
6.00948639 1    
6.23873792 -1   
6.39642506 1    
6.67098447 -1   
7.06904491 1    
9.13301459 1    
9.13450820 1    
9.13488655 1    
9.17148480 -1   
9.24647092 1    
9.24769132 1    
9.37363446 1    
9.49756526 1    
9.49787862 -1   
9.60553580 -1   
9.97212812 1    
9.97250133 -1   
10.22982020 1    
10.23011204 -1   
10.27188023 1    
10.27312418 1    
10.35406313 1    
10.36356785 -1   
10.36680563 1    
10.36808508 1    
10.38458359 1    
10.38459687 -1   
10.50547940 1    
10.59264451 1    
10.59299462 -1   
10.75160858 1    
10.75310083 1    
10.77559319 1    
10.77706610 1    
10.77856534 1    
10.83090275 1    
10.88378223 1    
10.88502434 1    
11.01893509 1    
11.02017549 1    
11.02809455 1    
11.02841078 -1   
11.15210852 1    
11.15360041 1    
11.16110142 1    
11.16236738 1    
11.16934478 1    
11.19333422 1    
11.19485060 1    
11.19609869 1    
11.21856754 1    
11.22008613 1    
11.22133361 1    
11.22281009 1    
11.22707795 1    
11.22858161 1    
11.22982887 1    
11.27106030 1    
11.27231090 1    
11.27481376 1    
11.28652486 1    
11.28655080 -1   
11.28804999 1    
11.28929530 1    
11.29079855 1    
11.40847887 1    
11.40995140 1    
11.41120360 1    
11.41272398 1    
11.43921184 1    
11.45344885 1    
11.45467900 1    
11.47716741 1    
11.47742288 -1   
11.49116101 1    
11.49265568 1    
11.49415989 1    
11.49540271 1    
11.50115376 1    
11.50239913 1    
11.50389791 1    
11.50514610 1    
11.54740379 1    
11.54889413 1    
11.55039105 1    
11.57013307 1    
11.57016062 -1   
11.57413321 1    
11.57562957 1    
11.64584695 1    
11.70154273 1    
11.70303227 1    
11.71129822 1    
11.71280092 1    
11.71980107 1    
11.78476414 1    
11.78627207 1    
11.80175462 1    
11.80299725 1    
11.81299551 1    
11.81424276 1    
11.81574382 1    
11.81698517 1    
11.83123229 1    
11.83248282 1    
11.83947988 1    
11.84097671 1    
11.87396426 1    
11.87520585 1    
11.89494935 1    
11.89497770 -1   
11.89619799 1    
11.90319184 1    
11.90467192 1    
12.02135698 1    
12.02287398 1    
12.04959674 1    
12.05108589 1    
12.05235912 1    
12.05385300 1    
12.07907765 1    
12.09756397 1    
12.09905982 1    
12.12407035 1    
12.12554525 1    
12.14104141 1    
12.14228495 1    
12.14378406 1    
12.14529824 1    
12.14805117 1    
12.14927794 1    
12.15079800 1    
12.15230250 1    
12.18853619 1    
12.18868510 -1   
12.19001033 1    
12.22225904 1    
12.22229334 -1   
12.22376124 1    
12.22500783 1    
12.23997981 1    
12.30219692 1    
12.30346050 1    
12.36941107 1    
12.37092318 1    
12.37492234 1    
12.37642055 1    
12.40089148 1    
12.40239919 1    
12.44661860 1    
12.44788448 1    
12.45660337 1    
12.45667698 -1   
12.45812619 1    
12.46512384 1    
12.46662424 1    
12.47111985 1    
12.47236924 1    
12.47260048 1    
12.50308726 1    
12.50432628 1    
12.52409337 1    
12.52556281 1    
12.55357714 1    
12.55361151 -1   
12.55479980 1    
12.55631661 1    
12.55781749 1    
12.62304028 1    
12.65000103 1    
12.65126247 1    
12.65851306 1    
12.70022080 1    
12.70173318 1    
12.70598048 1    
12.70722968 1    
12.72645532 1    
12.72796928 1    
12.79091653 1    
12.79241193 1    
12.81367418 1    
12.82339677 1    
12.82492099 1    
12.82791185 1    
12.82941248 1    
12.83063641 1    
12.83216274 1    
12.85539689 1    
12.85689779 1    
12.88086384 1    
12.88101084 -1   
12.88213451 1    
12.90337190 1    
12.90340023 -1   
12.90487038 1    
12.90611301 1    
12.93858504 1    
12.97406269 1    
12.97530671 1    
12.97955513 1    
12.98107328 1    
13.01330867 1    
13.01478597 1    
13.02028173 1    
13.02177842 1    
13.05102240 1    
13.05251477 1    
13.09278006 1    
13.09424134 1    
13.10773667 1    
13.10898166 1    
13.11397703 1    
13.11522786 1    
13.11672612 1    
13.11797656 1    
13.16420998 1    
13.16569950 1    
13.19670536 1    
13.19794835 1    
13.19820945 -1   
13.22060333 1    
13.22064010 -1   
13.36236530 1    
13.49753553 1    
13.51973887 1    
13.51977317 -1   
13.53951188 1    
13.63068667 1    
13.63194758 1    
13.76188486 1    
13.82915392 1    
13.82918541 -1   
14.18112552 1    
14.18116084 -1   
14.18261821 1    
14.18301441 1    
14.18588649 1    
14.18713377 1    
14.18863576 1    
14.19013151 1    
14.19138292 1    
14.19438072 1    
14.19563260 1    
14.19710605 1    
14.21810792 1    
14.21959641 1    
14.22109528 1    
14.31581331 1    
14.31730824 1    
14.33930504 1    
14.34079596 1    
14.34204690 1    
14.34352064 1    
14.34479211 1    
14.34629165 1    
14.37428018 1    
14.46922772 1    
14.47069922 1    
14.47197796 1    
14.53462057 1    
14.53465357 -1   
14.62611636 1    
14.72006362 1    
14.72035930 -1   
14.84700939 1    
14.90512874 1    
14.90514947 -1   
15.13407537 1    
15.30061612 1    
15.30063791 -1   
15.65130284 1    
15.65254403 1    
15.68391262 1    
15.76097039 1    
15.83243031 1    
15.83391920 1    
15.88439910 1    
15.88563892 1    
16.02218553 -1   
16.07703962 1    
17.21450170 1    
17.58878775 1    
17.58913418 -1   
18.01372971 -1   
18.01826445 1    
18.38176836 -1   
18.83255839 1    
19.17619532 1    
19.17912550 -1   
20.12922080 1    
20.13075121 1    
27.02970265 -1   
27.32496227 1    
27.32525045 -1   
27.70474065 1    
27.70497822 -1   
28.16446105 1    
31.95254804 1    
31.95271318 -1   
