3.40478431 -1   
3.74914836 -1   
3.82566599 1    
4.03947023 -1   
4.12299514 1    
4.32657139 -1   
4.48476830 1    
4.69459668 -1   
4.77226057 1    
4.78201952 1    
4.82272861 1    
4.82424207 1    
4.82792130 1    
5.01761902 1    
5.01775006 -1   
5.15707353 1    
5.37495579 -1   
5.42338626 1    
5.44164640 1    
5.44286595 1    
5.47961178 1    
5.84701520 1    
6.16231137 1    
6.16262683 -1   
6.67103830 1    
7.02406781 1    
7.02440942 -1   
7.69670366 1    
7.69703827 -1   
11.97641643 1    
11.97764843 1    
11.97802296 1    
12.01260661 -1   
12.02760665 1    
12.04859689 1    
12.07534745 1    
12.27713162 1    
12.27716709 -1   
12.28759914 -1   
12.49290697 -1   
12.63485203 1    
12.75048851 -1   
12.87557176 1    
12.96263232 -1   
12.98706547 1    
12.98854918 1    
13.09074616 1    
13.09226272 1    
13.09350710 1    
13.15030570 1    
13.21094114 1    
13.21120340 -1   
13.30462416 1    
13.30586569 1    
13.33911069 1    
13.36185659 1    
13.44904059 1    
13.53898712 1    
13.53902282 -1   
13.54048511 1    
13.54198151 1    
13.56822272 1    
13.56971525 1    
13.61134975 1    
13.61296395 1    
13.61569365 1    
13.61718916 1    
13.61868903 1    
13.68742855 1    
13.68890061 1    
13.73314831 1    
13.73318903 -1   
13.73462603 1    
13.73587082 1    
13.74736903 1    
13.77264535 1    
13.77412058 1    
13.88056567 1    
13.88205946 1    
13.88480644 1    
13.88755737 1    
13.93651525 1    
13.97224299 1    
13.97348441 1    
14.00197721 1    
14.00346898 1    
14.00471749 1    
14.00746659 1    
14.02073060 1    
14.02223061 1    
14.04794546 1    
14.09042075 1    
14.09168957 1    
14.09593875 1    
14.09741668 1    
14.10167695 1    
14.14388987 1    
14.17712048 1    
14.17861591 1    
14.18716134 1    
14.18730449 -1   
14.19576477 -1   
14.20612733 1    
14.26659472 1    
14.29158117 1    
14.35679388 1    
14.36403219 1    
14.37102957 1    
14.42548071 1    
14.42697338 1    
14.43399294 1    
14.44200898 -1   
14.47547433 1    
14.48671354 1    
14.49520816 1    
14.52442674 1    
14.53718875 1    
14.54691071 1    
14.63137125 1    
14.73131017 1    
14.73135011 -1   
14.75079676 1    
14.76078624 1    
14.76955129 1    
14.78077602 1    
14.78929236 1    
14.87397613 1    
14.95492812 1    
14.97318528 1    
14.97468620 1    
15.00517158 1    
15.00641835 1    
15.00789862 1    
15.11835861 1    
15.21155052 1    
15.22129989 1    
15.22404140 1    
15.26100177 1    
15.26251985 1    
15.26399895 1    
15.26951418 1    
15.32273565 1    
15.34972208 1    
15.34994442 -1   
15.39069743 1    
15.40217513 1    
15.49139596 1    
15.50663576 1    
15.57760728 1    
15.60057958 1    
15.65403327 1    
15.65553611 1    
15.73873158 1    
15.73997203 1    
15.75547080 1    
15.75576704 -1   
15.81895438 1    
15.82017655 1    
15.90117274 1    
15.90266529 1    
16.01632223 1    
16.01756373 1    
16.01908611 1    
16.02183234 1    
16.02184640 -1   
16.07803453 1    
16.07952992 1    
16.13902334 1    
16.14051166 1    
16.20871042 1    
16.20995257 1    
16.21147765 1    
16.21297511 1    
16.21298824 -1   
16.21422612 1    
16.31315249 1    
16.31441468 1    
16.39811769 1    
16.39961699 1    
16.45431935 1    
16.45583517 1    
16.46006183 1    
16.46007519 -1   
16.46133652 1    
16.50603774 1    
16.55451372 1    
16.55600526 1    
16.60822910 1    
16.60972378 1    
16.65545476 1    
16.65669832 1    
16.66244857 1    
16.66247233 -1   
16.73965867 1    
16.81462781 1    
16.82737142 1    
16.82862441 1    
16.86110671 1    
16.86260466 1    
16.89958440 1    
16.90108410 1    
16.90957770 1    
16.90959211 -1   
16.98129367 1    
17.00800455 1    
17.00952231 1    
17.03750824 1    
17.03900364 1    
17.12471190 1    
17.12595228 1    
17.14418985 1    
17.14429045 -1   
17.14569266 1    
17.25563207 1    
17.25712727 1    
17.28236303 1    
17.28383932 1    
17.33108813 1    
17.36431525 1    
17.36556411 1    
17.37680864 1    
17.40754600 1    
17.44350253 1    
17.44500037 1    
17.44649411 1    
17.51271729 1    
17.63289974 1    
17.63439154 1    
17.63641026 1    
17.63788652 1    
17.70163363 1    
17.70285046 1    
17.71160016 1    
17.71312134 1    
17.77933419 1    
17.85604378 1    
17.85626882 -1   
17.85753421 1    
17.86178476 1    
17.90550860 1    
17.96297872 1    
17.96446724 1    
18.04568494 1    
18.10764659 1    
18.10802610 -1   
18.11189065 1    
18.11190591 -1   
18.11338892 1    
18.20859022 1    
18.20892957 -1   
18.21705651 1    
18.26403081 1    
18.26440944 1    
18.34502957 -1   
18.86821788 1    
18.86970664 1    
18.87008862 1    
18.92640740 1    
18.92792339 1    
18.94889232 1    
18.95040741 1    
18.95166012 1    
19.12654863 1    
19.12805836 1    
19.12956229 1    
19.12968869 -1   
19.13078518 1    
19.16028968 1    
19.21499375 1    
19.22048338 1    
19.22198034 1    
19.22472820 1    
19.38266404 1    
19.38841037 1    
19.38964218 1    
19.39202978 -1   
19.43388734 1    
19.43538141 1    
19.43963054 1    
19.50582759 1    
19.50733574 1    
19.51381818 1    
19.51531029 1    
19.66325916 1    
19.66472785 1    
19.66484865 -1   
19.66872913 1    
19.66875595 -1   
19.70820866 1    
19.70971809 1    
19.78593702 1    
19.80740241 1    
19.80836428 1    
19.94936581 -1   
20.12072290 1    
20.20328715 1    
21.06863484 1    
21.26959001 1    
21.27107730 1    
21.38102838 1    
21.38355949 1    
21.38408378 -1   
22.08778045 1    
22.09117393 -1   
22.90365342 1    
22.90515423 1    
25.66934988 -1   
25.91326888 1    
25.91356181 -1   
26.27981133 1    
26.28007306 -1   
26.70682120 1    
29.81398913 -1   
33.94918233 -1   
