0.00000000 1    
0.41003563 -1   
0.50586901 1    
0.87851083 -1   
0.87880065 1    
1.06591021 -1   
1.11334174 1    
1.39199308 -1   
1.41265848 1    
1.76068456 -1   
1.76194708 -1   
1.76720376 1    
2.12929990 -1   
2.34919577 -1   
2.34949666 1    
2.68876006 -1   
2.68908359 1    
2.84404868 -1   
2.88476906 -1   
2.88501906 -1   
2.88502929 1    
3.21887451 1    
3.25916908 -1   
3.46778335 -1   
3.46807948 1    
3.59386952 -1   
3.64785418 -1   
3.71243816 -1   
3.92837802 -1   
8.22524758 -1   
8.22648421 -1   
8.22688816 -1   
8.25245413 -1   
8.25394928 -1   
8.26308086 1    
8.26369463 -1   
8.46172616 -1   
8.46210389 1    
8.56707747 1    
8.77774119 -1   
8.77806017 1    
9.06268666 -1   
9.06297977 1    
9.07974819 -1   
9.08099231 -1   
9.10348378 -1   
9.10497598 -1   
9.10622581 -1   
9.11340310 1    
9.12222029 -1   
9.26781534 -1   
9.26785115 1    
9.30709718 -1   
9.30860417 -1   
9.34832203 -1   
9.35533757 -1   
9.35658098 -1   
9.37058338 -1   
9.37207597 -1   
9.42828171 -1   
9.45478530 -1   
9.49973745 -1   
9.49978412 1    
9.53150547 -1   
9.62768556 -1   
9.68013546 -1   
9.68050640 1    
9.68162971 -1   
9.69989293 -1   
9.70138875 -1   
9.70261387 -1   
9.76310153 -1   
9.76314600 1    
9.76435115 -1   
9.78882767 -1   
9.85053424 -1   
9.85202720 -1   
9.90627629 -1   
9.91726666 -1   
9.93150885 -1   
9.93298245 -1   
9.93725233 -1   
9.93849919 -1   
9.96373687 -1   
9.96375788 1    
9.98222783 -1   
9.98347481 -1   
10.04267180 -1   
10.04418946 -1   
10.11563351 -1   
10.11714784 -1   
10.13413732 -1   
10.14113692 -1   
10.14236559 -1   
10.15235917 -1   
10.15263861 1    
10.15360962 -1   
10.19985579 -1   
10.19987416 1    
10.23533300 -1   
10.23655828 -1   
10.29055889 -1   
10.29177587 -1   
10.35375159 -1   
10.35499399 -1   
10.37748749 -1   
10.37897710 -1   
10.40071523 -1   
10.40196297 -1   
10.40621123 -1   
10.42445648 -1   
10.42994942 -1   
10.45394178 -1   
10.45543312 -1   
10.49641588 -1   
10.49656621 1    
10.49791140 -1   
10.59561098 -1   
10.59710178 -1   
10.62233735 -1   
10.62358514 -1   
10.64332760 -1   
10.64457235 -1   
10.65431751 -1   
10.68680290 -1   
10.68805158 -1   
10.72328487 -1   
10.72477998 -1   
10.75002404 -1   
10.75176584 -1   
10.75576381 -1   
10.75578314 1    
10.82322633 -1   
10.82447046 -1   
10.84296177 -1   
10.84420989 -1   
10.85970372 -1   
10.86120066 -1   
10.86819945 -1   
10.89918476 -1   
10.90068038 -1   
10.94116254 -1   
10.94265601 -1   
10.98488380 -1   
10.98613083 -1   
10.99712780 -1   
10.99714464 1    
10.99862345 -1   
11.12430517 -1   
11.12580039 -1   
11.13829223 -1   
11.14828883 -1   
11.14953924 -1   
11.15378323 -1   
11.15528403 -1   
11.17776968 -1   
11.17902003 -1   
11.21425653 -1   
11.21549934 -1   
11.21563260 1    
11.22824439 -1   
11.24798338 -1   
11.24948078 -1   
11.26497375 -1   
11.26500214 1    
11.26622224 -1   
11.30794934 -1   
11.38215997 -1   
11.38365215 -1   
11.39615269 -1   
11.40314452 -1   
11.40463824 -1   
11.40889201 -1   
11.41013763 -1   
11.43438099 -1   
11.43454901 1    
11.43587049 -1   
11.52607715 -1   
11.52731767 -1   
11.53731786 -1   
11.53856200 -1   
11.56905312 -1   
11.57031431 -1   
11.58154769 -1   
11.58159525 1    
11.58303991 -1   
11.59978436 -1   
11.60130241 -1   
11.66651942 -1   
11.68498379 -1   
11.68622945 -1   
11.69322443 -1   
11.69472142 -1   
11.69896872 -1   
11.70022096 -1   
11.70446659 -1   
11.71496507 -1   
11.71621081 -1   
11.73719808 -1   
11.77093190 -1   
11.77245158 -1   
11.77642771 -1   
11.77792913 -1   
11.80543458 -1   
11.84466236 -1   
11.84616110 -1   
11.87464774 -1   
11.87466193 1    
11.89588177 -1   
11.89738053 -1   
11.91137689 -1   
11.96582453 -1   
12.01356587 -1   
12.01506193 -1   
12.01781382 -1   
12.01930742 -1   
12.02356012 -1   
12.02478375 -1   
12.03480861 -1   
12.03605138 -1   
12.04879800 -1   
12.05029075 -1   
12.09674975 -1   
12.09799144 -1   
12.09949329 -1   
12.10073945 -1   
12.10801156 -1   
12.10925593 -1   
12.14871834 -1   
12.14998401 -1   
12.18521855 -1   
12.18646640 -1   
12.20468430 -1   
12.20471154 1    
12.20621003 -1   
12.22169694 -1   
12.22294512 -1   
12.25517810 -1   
12.25642262 -1   
12.35235316 -1   
12.35934675 -1   
12.36059474 -1   
12.36760050 -1   
12.36792402 1    
12.36908805 -1   
12.37333951 -1   
12.37458591 -1   
12.37681161 1    
12.43357809 -1   
12.43506443 -1   
12.44555350 -1   
12.44579934 -1   
12.64875319 1    
12.81327262 -1   
12.92134382 1    
12.97801822 -1   
12.97925836 -1   
12.98075954 -1   
12.99998270 -1   
13.00123032 -1   
13.00273899 -1   
13.00699678 -1   
13.00849123 -1   
13.02946423 -1   
13.02960604 1    
13.03098650 -1   
13.03223315 -1   
13.03372885 -1   
13.03522844 -1   
13.03648158 -1   
13.03797885 -1   
13.03923007 -1   
13.04070130 -1   
13.05569904 -1   
13.05721523 -1   
13.06271610 -1   
13.06420927 -1   
13.06546173 -1   
13.07545442 -1   
13.12565816 -1   
13.16763500 -1   
13.16912857 -1   
13.21142981 1    
13.30330619 -1   
13.30480068 -1   
13.30632405 -1   
13.30754908 -1   
13.31351452 1    
13.39389225 -1   
13.41778371 1    
13.64936275 -1   
13.70271370 -1   
13.70272827 1    
14.04273141 -1   
14.04276560 1    
14.11411572 -1   
14.11535897 -1   
14.40280758 -1   
14.40467200 -1   
14.40619046 -1   
14.41249203 1    
14.58634314 -1   
14.79360351 -1   
14.95016087 -1   
14.95138239 -1   
15.14253533 -1   
15.15015133 -1   
15.15291122 1    
15.92680773 -1   
15.92833723 -1   
21.63598814 1    
26.99558541 -1   
28.74158909 -1   
28.74173287 1    
29.52632201 1    
29.85117454 -1   
29.85147850 1    
30.13278895 -1   
30.13302868 1    
30.41037640 -1   
