0.00000000 1    
0.33810450 -1   
0.59947681 -1   
0.60002276 1    
0.60003057 1    
0.95047329 1    
0.95926174 -1   
1.01089526 -1   
1.01888599 -1   
1.03163198 -1   
1.27099440 -1   
1.32205867 -1   
1.32234236 1    
1.66111773 -1   
1.73874985 1    
2.01589023 -1   
2.04309543 1    
2.33748115 -1   
2.34942911 1    
2.61663495 -1   
2.61691845 1    
4.89402221 1    
4.95189000 -1   
4.95312769 -1   
4.95351140 -1   
4.99558815 1    
5.00610529 -1   
5.00760063 -1   
5.03656697 -1   
5.16930278 1    
5.31367042 -1   
5.32316030 1    
5.53884330 1    
5.76826608 -1   
5.88564352 1    
6.17811767 -1   
6.18541022 -1   
6.18665306 -1   
6.23265742 -1   
6.23299541 1    
6.23390371 -1   
6.23539333 -1   
6.27815105 1    
6.34358942 -1   
6.34508217 -1   
6.52751423 -1   
6.60367088 -1   
6.60493407 -1   
6.61618430 -1   
6.61765576 -1   
6.61917245 -1   
6.62465354 -1   
6.62617429 -1   
6.64670053 1    
6.66139006 -1   
6.66262942 -1   
6.66413068 -1   
6.76035682 -1   
6.76457652 -1   
6.76584196 -1   
6.77283896 -1   
6.81929659 -1   
6.82053948 -1   
6.88001184 -1   
6.88151805 -1   
6.89175228 -1   
6.89302121 -1   
6.89451793 -1   
6.89601870 -1   
6.91252001 -1   
6.91380736 -1   
6.91850508 -1   
6.95296980 -1   
6.95300634 1    
6.95446326 -1   
6.96971035 -1   
6.97122485 -1   
6.98520280 -1   
7.02267752 -1   
7.09965653 -1   
7.10114830 -1   
7.10838984 -1   
7.10989369 -1   
7.11114516 -1   
7.11264222 -1   
7.11286561 1    
7.14637925 -1   
7.14760200 -1   
7.15186756 -1   
7.21759204 -1   
7.21908090 -1   
7.22555717 -1   
7.23532342 -1   
7.23682356 -1   
7.23804999 -1   
7.23957175 -1   
7.24656640 -1   
7.25281101 -1   
7.25431072 -1   
7.25707739 -1   
7.27030234 -1   
7.27032068 1    
7.27155536 -1   
7.27305036 -1   
7.27730261 -1   
7.27856281 -1   
7.28579875 -1   
7.28729316 -1   
7.29152297 -1   
7.37250125 -1   
7.40046340 -1   
7.40195652 -1   
7.41170877 -1   
7.41320080 -1   
7.41745263 -1   
7.41869686 -1   
7.42569688 -1   
7.45543417 -1   
7.45694948 -1   
7.45967548 -1   
7.48267516 -1   
7.50317677 -1   
7.50464765 -1   
7.50476289 1    
7.51591013 -1   
7.51740624 -1   
7.51888693 -1   
7.52041854 -1   
7.52589052 -1   
7.53313737 -1   
7.53440288 -1   
7.53712817 -1   
7.54140405 -1   
7.54287517 -1   
7.55862430 -1   
7.55866243 1    
7.56011588 -1   
7.56136565 -1   
7.56286638 -1   
7.57138538 -1   
7.57287100 -1   
7.57985998 -1   
7.58110538 -1   
7.63934543 -1   
7.64058984 -1   
7.72203074 -1   
7.72352525 -1   
7.74851040 -1   
7.75001367 -1   
7.75425671 -1   
7.75550083 -1   
7.75864479 1    
7.76825337 -1   
7.76974559 -1   
7.77099568 -1   
7.77249132 -1   
7.79098596 -1   
7.79223295 -1   
7.82446999 -1   
7.82596304 -1   
7.83845856 -1   
7.84000791 -1   
7.85044975 -1   
7.85047320 1    
7.85170029 -1   
7.85322059 -1   
7.85448956 -1   
7.86596509 -1   
7.86721323 -1   
7.86868748 -1   
7.87021096 -1   
7.87285913 -1   
7.89541634 1    
7.92547566 1    
8.03035114 -1   
8.03163993 -1   
8.04781168 -1   
8.04886983 -1   
8.05035840 -1   
8.05160621 -1   
8.05310738 -1   
8.05460296 -1   
8.05585521 -1   
8.05735221 -1   
8.05860558 -1   
8.06009850 -1   
8.06160197 -1   
8.06282699 -1   
8.06859938 -1   
8.06984690 -1   
8.07134293 -1   
8.07834243 -1   
8.07959165 -1   
8.08109193 -1   
8.08259418 -1   
8.08383887 -1   
8.08534029 -1   
8.08658716 -1   
8.08958715 -1   
8.09085621 -1   
8.11482534 -1   
8.11634657 -1   
8.12631402 -1   
8.12643874 1    
8.13481176 -1   
8.13605653 -1   
8.15605439 -1   
8.15727338 -1   
8.17976840 -1   
8.18103371 -1   
8.18283555 -1   
8.20852038 -1   
8.20979472 -1   
8.21426128 -1   
8.21576610 -1   
8.22551128 -1   
8.22673741 -1   
8.22825568 -1   
8.30801255 1    
8.41463387 -1   
8.41612771 -1   
8.42862487 -1   
8.43011665 -1   
8.43161761 -1   
8.43288887 -1   
8.43436440 -1   
8.43586436 -1   
8.43711576 -1   
8.43861254 -1   
8.44013536 -1   
8.44138293 -1   
8.44288713 -1   
8.44385304 -1   
8.45243271 1    
8.62426663 -1   
8.62550971 -1   
8.65551513 -1   
8.65673723 -1   
8.65827326 -1   
8.67375543 -1   
8.67522886 -1   
8.68329985 1    
8.80372536 -1   
8.80380889 1    
9.01635147 1    
9.11634603 -1   
9.25817857 -1   
9.25966558 -1   
9.43499129 1    
9.43656559 -1   
9.48820134 -1   
9.58748400 -1   
9.58870419 -1   
9.59297553 -1   
9.59421815 -1   
9.59569888 -1   
9.62771209 -1   
9.62920501 -1   
9.78937128 -1   
9.81662900 1    
9.82457754 -1   
9.88403443 -1   
10.07095739 -1   
10.07245193 -1   
10.13964754 -1   
10.18239383 -1   
10.22611269 -1   
10.36503867 -1   
10.36627935 -1   
10.43550205 -1   
10.43699218 -1   
10.43712178 1    
10.50018867 -1   
10.50168340 -1   
10.53144207 -1   
10.53293664 -1   
10.61314756 -1   
10.61464012 -1   
10.61588866 -1   
10.61738864 -1   
10.69759694 -1   
10.69884536 -1   
10.70033699 -1   
10.70157002 -1   
10.70298458 1    
10.73836555 1    
10.76330928 -1   
10.76452997 -1   
10.76605221 -1   
10.98038448 -1   
11.03066303 1    
11.32832973 -1   
11.32863411 1    
11.49661798 -1   
11.49813442 -1   
11.58646790 -1   
11.65233330 1    
11.91449787 -1   
11.93416471 1    
12.24339221 -1   
12.24617534 1    
12.49491322 -1   
12.91533703 -1   
12.91683884 -1   
19.90199936 1    
20.23647789 -1   
20.23676735 1    
20.56304936 -1   
20.56352319 1    
20.95105157 -1   
25.86902115 -1   
28.62943347 -1   
