0.00000000 -1   
1.11066575 1    
1.49488858 -1   
1.49508141 1    
1.72821676 1    
1.75599260 -1   
2.02962230 1    
2.06250121 1    
2.09063636 -1   
2.38546916 -1   
2.38580024 1    
2.40252361 -1   
2.43050830 -1   
2.65635028 -1   
3.01960942 -1   
3.01989818 1    
3.32559171 -1   
3.32564371 1    
3.65265528 -1   
3.65269523 1    
3.70053563 -1   
3.72976287 -1   
3.75927151 -1   
3.78048639 -1   
3.98770926 -1   
3.98775362 1    
4.40749104 -1   
4.40780277 1    
4.78188463 -1   
4.78220788 1    
5.31659626 1    
5.62152238 -1   
8.10578623 -1   
8.10727887 -1   
8.10763495 -1   
8.11502629 -1   
8.11626817 -1   
8.14108840 1    
8.15373326 -1   
8.41299977 -1   
8.41326836 1    
8.44098085 1    
8.95539520 -1   
8.95572021 1    
9.09845778 -1   
9.09968406 -1   
9.10120724 -1   
9.24538250 -1   
9.24543526 1    
9.35032125 -1   
9.35181105 -1   
9.42602298 -1   
9.42638637 -1   
9.42657402 1    
9.61889554 -1   
9.61894364 1    
9.66536513 -1   
9.66660912 -1   
9.70886232 -1   
9.71010483 -1   
9.86375962 -1   
9.90849908 -1   
9.90999379 -1   
9.96771306 -1   
10.11213603 -1   
10.11862699 -1   
10.11987458 -1   
10.19833551 -1   
10.28978343 -1   
10.29013042 1    
10.39944508 -1   
10.46193131 -1   
10.52289029 -1   
10.56914064 1    
10.64630727 -1   
10.68555551 -1   
10.68677413 -1   
10.76724585 -1   
10.89166765 -1   
10.91216901 -1   
10.91341946 -1   
10.91359043 1    
10.91494135 -1   
10.99087281 -1   
11.13754038 -1   
11.19375485 -1   
11.20800291 -1   
11.25422317 -1   
11.25432025 1    
11.29320532 -1   
11.44711230 -1   
11.44861002 -1   
11.47909241 -1   
11.48059257 -1   
11.50859821 1    
11.56829300 -1   
11.65000147 -1   
11.65124452 -1   
11.67673829 -1   
11.67824426 -1   
11.78095073 1    
11.87834926 -1   
11.89083919 -1   
11.89233820 -1   
11.93257849 -1   
11.93381144 -1   
12.09022360 -1   
12.09174268 -1   
12.09599499 -1   
12.13695181 -1   
12.14122039 -1   
12.14269181 -1   
12.34608468 -1   
12.34757840 -1   
12.38183094 -1   
12.38332413 -1   
12.39457378 -1   
12.39579658 -1   
12.39588209 1    
12.52872146 -1   
12.53024011 -1   
12.55072867 -1   
12.56320495 -1   
12.56472530 -1   
12.62067474 -1   
12.62216852 -1   
12.79007923 -1   
12.79011435 1    
12.79132426 -1   
12.89479076 -1   
12.89603234 -1   
12.92500608 -1   
12.93074639 -1   
12.93226166 -1   
13.06718788 -1   
13.06866263 -1   
13.06880057 1    
13.10439888 -1   
13.14212750 -1   
13.14336782 -1   
13.15511523 -1   
13.15636469 -1   
13.22957610 -1   
13.30278565 -1   
13.30404329 -1   
13.33876351 -1   
13.34027802 -1   
13.35002539 -1   
13.35149970 -1   
13.37251557 -1   
13.47695694 -1   
13.50966719 -1   
13.51115799 -1   
13.52192782 -1   
13.54464824 -1   
13.54478735 1    
13.54591313 -1   
13.56138599 -1   
13.56289763 -1   
13.68431732 -1   
13.74878061 -1   
13.75002090 -1   
13.76503923 -1   
13.76651388 -1   
13.77376983 1    
13.77476245 -1   
13.77478845 1    
13.78701018 -1   
13.78850102 -1   
13.82498613 -1   
13.97941475 -1   
13.99363797 -1   
13.99490532 -1   
14.01512976 -1   
14.01662216 -1   
14.02211749 -1   
14.02788847 -1   
14.02790514 1    
14.08810748 -1   
14.17380029 -1   
14.27522524 -1   
14.27672341 -1   
14.28772214 -1   
14.28896623 -1   
14.29323718 -1   
14.29473624 -1   
14.29698996 -1   
14.36069212 -1   
14.41017273 -1   
14.41029942 1    
14.41887040 1    
14.59955911 -1   
14.60178450 -1   
14.61728564 -1   
14.62429687 -1   
14.62852485 -1   
14.69250814 -1   
14.72647033 -1   
14.73850865 1    
14.88490264 -1   
14.88614217 -1   
14.88766017 -1   
14.93961317 -1   
14.94087234 -1   
14.97609471 -1   
15.00480773 -1   
15.03429127 -1   
15.07331452 1    
15.13175520 -1   
15.13300256 -1   
15.14000000 -1   
15.16773708 -1   
15.17773001 -1   
15.17895254 -1   
15.20297833 -1   
15.22145372 -1   
15.34238898 -1   
15.42209978 -1   
15.42358483 -1   
15.44458391 -1   
15.48130981 -1   
15.48278105 -1   
15.49529665 -1   
15.49677476 -1   
15.49683945 1    
15.56424561 -1   
15.56573363 -1   
15.71140748 -1   
15.73539098 -1   
15.73690862 -1   
15.81210284 -1   
15.81362815 -1   
15.81934160 -1   
15.82058796 -1   
15.82487205 -1   
15.88131304 -1   
15.88255660 -1   
16.01825292 -1   
16.01972422 -1   
16.05648773 -1   
16.09021472 -1   
16.09170637 -1   
16.09182926 1    
16.09567969 -1   
16.09720333 -1   
16.18413807 -1   
16.21114129 -1   
16.21261608 -1   
16.34107213 -1   
16.34256441 -1   
16.41402700 -1   
16.41551381 -1   
16.42601524 -1   
16.42603410 1    
16.42725925 -1   
16.53220954 -1   
16.53261139 1    
16.53342955 -1   
16.60639504 -1   
16.60790733 -1   
16.67458907 -1   
16.76511403 1    
17.05415916 -1   
17.05539926 -1   
17.05575880 -1   
17.07164907 -1   
17.07314161 -1   
17.07464321 -1   
17.07588859 -1   
17.07739065 -1   
17.09561267 -1   
17.09712914 -1   
17.35371753 -1   
17.35522755 -1   
17.36422863 -1   
17.40920103 -1   
17.40938221 1    
17.41044537 -1   
17.41745245 -1   
17.41892231 -1   
17.42594712 -1   
17.42744460 -1   
17.43568708 -1   
17.46915061 -1   
17.65054593 -1   
17.65204178 -1   
17.67977717 -1   
17.68103779 -1   
17.68106712 1    
17.68527337 -1   
17.68676639 -1   
17.69101827 -1   
17.69228673 -1   
17.70228116 -1   
17.70350740 -1   
17.84718395 -1   
17.96936073 -1   
17.97085585 -1   
17.99931042 -1   
18.03589740 1    
18.68946967 -1   
18.69069224 -1   
18.69107521 -1   
18.70204125 1    
19.28456447 -1   
19.28728652 1    
19.92002363 -1   
19.92152659 -1   
19.92165290 1    
27.04114469 1    
27.32335083 -1   
27.32368440 1    
27.62567874 -1   
27.62599455 1    
28.01620190 -1   
32.09587045 1    
