0.00000000 1    
0.25233646 -1   
0.27657754 1    
0.42548439 -1   
0.42585223 1    
0.42815238 1    
0.58039448 -1   
0.62226959 -1   
0.62229598 1    
0.63926058 -1   
0.65924977 -1   
0.68048697 -1   
0.68897812 -1   
0.77021383 -1   
0.81719002 1    
0.96092232 -1   
0.96836368 1    
1.02004523 -1   
1.04878031 -1   
1.06901648 -1   
1.08226016 -1   
1.11125231 -1   
1.27862610 1    
1.31381201 -1   
1.46588842 -1   
1.46593092 1    
1.70120071 1    
1.89988085 -1   
1.90017415 1    
2.05255178 -1   
2.05284854 1    
2.20546402 -1   
6.84256879 -1   
6.93866067 -1   
6.93990206 -1   
6.99475267 -1   
6.99662198 -1   
6.99812239 -1   
7.03181950 1    
7.04609762 -1   
7.14668590 -1   
7.14702717 1    
7.26527337 1    
7.51067769 -1   
7.51100122 1    
7.68890965 -1   
7.68919366 1    
7.78367573 -1   
7.78520649 -1   
7.79391398 -1   
7.80340438 1    
7.80341063 -1   
7.80490575 -1   
7.81314969 -1   
7.84091824 -1   
7.84094142 1    
7.98506313 -1   
7.98655005 -1   
7.98804993 -1   
7.99229663 -1   
7.99379762 -1   
7.99472743 -1   
7.99474470 1    
8.00329498 -1   
8.00478914 -1   
8.01528715 -1   
8.10099292 -1   
8.10248409 -1   
8.14622667 -1   
8.14651384 1    
8.21742543 -1   
8.21891642 -1   
8.22041908 -1   
8.22166447 -1   
8.22841565 -1   
8.25939942 -1   
8.26089167 -1   
8.26239302 -1   
8.26364381 -1   
8.26513809 -1   
8.26664253 -1   
8.26813674 -1   
8.26963923 -1   
8.27088884 -1   
8.27238542 -1   
8.27363526 -1   
8.27513627 -1   
8.27663160 -1   
8.27813553 -1   
8.27938271 -1   
8.28064715 1    
8.29963151 -1   
8.30087065 -1   
8.30237145 -1   
8.30238569 1    
8.37208961 -1   
8.37357767 -1   
8.37508083 -1   
8.37632724 -1   
8.37782446 -1   
8.37907535 -1   
8.38057602 -1   
8.38207235 -1   
8.41256345 -1   
8.41380562 -1   
8.41530548 -1   
8.41680276 -1   
8.41805389 -1   
8.41955146 -1   
8.42105272 -1   
8.42230091 -1   
8.42380232 -1   
8.42504716 -1   
8.42655947 -1   
8.42804874 -1   
8.42929579 -1   
8.43079861 -1   
8.43204582 -1   
8.43218162 1    
8.43354689 -1   
8.43504344 -1   
8.43629484 -1   
8.43779074 -1   
8.43903970 -1   
8.44054164 -1   
8.44204196 -1   
8.44328635 -1   
8.44478988 -1   
8.44628583 -1   
8.44753680 -1   
8.44903513 -1   
8.45028539 -1   
8.45178369 -1   
8.45328443 -1   
8.45453146 -1   
8.45603263 -1   
8.46103396 -1   
8.46228020 -1   
8.46377719 -1   
8.46502615 -1   
8.46652598 -1   
8.46654349 1    
8.46802642 -1   
8.52674872 -1   
8.52823968 -1   
8.52974090 -1   
8.53098877 -1   
8.53248664 -1   
8.53398852 -1   
8.53523695 -1   
8.53673359 -1   
8.53798701 -1   
8.53948174 -1   
8.54098402 -1   
8.54223419 -1   
8.54373075 -1   
8.54497834 -1   
8.54648136 -1   
8.54797746 -1   
8.56697572 -1   
8.56846611 -1   
8.56996664 -1   
8.57121380 -1   
8.57271234 -1   
8.57367005 -1   
8.57581094 1    
8.59546039 -1   
8.61269635 -1   
8.61394254 -1   
8.61543860 -1   
8.61693849 -1   
8.61818895 -1   
8.61968885 -1   
8.62181014 1    
8.62543662 -1   
8.62546871 1    
8.62668801 -1   
8.65217463 -1   
8.65366910 -1   
8.65491628 -1   
8.65641454 -1   
8.71788944 -1   
8.71938223 -1   
8.72606123 -1   
8.83311795 1    
8.87764384 -1   
8.98579142 1    
8.99147861 -1   
8.99297286 -1   
9.00097292 -1   
9.00246907 -1   
9.00371959 -1   
9.00521641 -1   
9.00646848 -1   
9.02096223 -1   
9.02220864 -1   
9.02370569 -1   
9.02495765 -1   
9.02645523 -1   
9.02795308 -1   
9.02920173 -1   
9.03070518 -1   
9.03194931 -1   
9.03345155 -1   
9.03494943 -1   
9.03619982 -1   
9.03769688 -1   
9.03894502 -1   
9.04044511 -1   
9.04194810 -1   
9.04319361 -1   
9.04344567 -1   
9.04519673 -1   
9.04644260 -1   
9.04794061 -1   
9.05743816 -1   
9.05757108 1    
9.05893797 -1   
9.06043370 -1   
9.06168589 -1   
9.06318415 -1   
9.06468083 -1   
9.06768225 -1   
9.06893212 -1   
9.07042990 -1   
9.07193132 -1   
9.07317601 -1   
9.07918171 -1   
9.08067547 -1   
9.08217247 -1   
9.08342083 -1   
9.08492225 -1   
9.08616926 -1   
9.08767157 -1   
9.08916773 -1   
9.09041978 -1   
9.09191658 -1   
9.09341458 -1   
9.10016608 -1   
9.10166217 -1   
9.10316108 -1   
9.12715412 -1   
9.12864639 -1   
9.13014880 -1   
9.18092252 1    
9.19606566 -1   
9.20485839 -1   
9.20635194 -1   
9.23284569 -1   
9.24179173 1    
9.31679611 -1   
9.31828895 -1   
9.34845959 -1   
9.34850237 1    
9.39525609 -1   
9.50080507 -1   
9.50084546 1    
9.51093250 -1   
9.51242861 -1   
9.53292211 -1   
9.53441352 -1   
9.53591374 -1   
9.53716016 -1   
9.53866315 -1   
9.54013257 -1   
9.54140894 -1   
9.54290929 -1   
9.54416152 -1   
9.54565532 -1   
9.54690841 -1   
9.54840467 -1   
9.54990596 -1   
9.55115267 -1   
9.55265318 -1   
9.55415215 -1   
9.55540391 -1   
9.55689988 -1   
9.55815319 -1   
9.55964834 -1   
9.56189973 -1   
9.56199235 1    
9.61712414 -1   
9.61861606 -1   
9.65453775 -1   
9.65457483 1    
9.80744446 -1   
9.80748239 1    
9.91421522 -1   
9.96004087 -1   
9.96008203 1    
10.01640009 -1   
10.11294962 -1   
10.11297344 1    
10.11883243 -1   
10.26478255 -1   
10.47490391 -1   
10.62723250 -1   
10.72899064 -1   
10.72913809 1    
10.77990703 -1   
10.92117653 1    
11.17897962 -1   
11.18047261 -1   
11.18086443 -1   
11.28317337 -1   
11.33167201 -1   
11.38885920 -1   
11.39035361 -1   
11.43708679 -1   
11.48370557 -1   
11.48769240 1    
12.04173797 -1   
12.04299130 -1   
12.04324301 -1   
17.03422759 -1   
21.36487011 1    
27.38330297 -1   
