0.00000000 1    
0.67106755 1    
0.88553269 1    
0.99507892 -1   
0.99560454 1    
1.11913567 1    
1.25685084 -1   
1.32076397 1    
1.38544346 -1   
1.39243871 -1   
1.39543575 -1   
1.40542989 -1   
1.48114313 -1   
1.49889778 -1   
1.53340750 1    
1.69436376 -1   
1.75902040 1    
1.82844269 -1   
1.88316512 -1   
1.99264079 -1   
2.23821040 -1   
2.41054662 -1   
2.41087604 1    
2.98362899 -1   
2.98396338 1    
3.67489274 -1   
3.67612907 -1   
3.67650388 -1   
3.70815434 1    
3.73485348 -1   
3.86727875 -1   
3.86875062 -1   
3.92389839 -1   
3.92393513 1    
3.93426102 1    
4.12816014 1    
4.22442347 -1   
4.43971865 1    
4.54482213 -1   
4.60485585 -1   
4.60634608 -1   
4.61559382 -1   
4.61709214 -1   
4.67836164 1    
4.77900114 -1   
4.82845332 -1   
4.82847545 -1   
4.84349522 1    
4.92267105 -1   
4.92416402 -1   
5.05509710 -1   
5.10379765 -1   
5.11333526 1    
5.22148024 -1   
5.22299710 -1   
5.43112863 -1   
5.43237508 -1   
5.43387377 -1   
5.48410010 -1   
5.67024175 -1   
5.67056811 1    
5.67171706 -1   
5.67321214 -1   
5.69673118 -1   
5.88502606 -1   
5.88508822 1    
5.88635839 -1   
5.88758858 -1   
5.88909616 -1   
6.01280942 -1   
6.17168402 -1   
6.17594968 -1   
6.17744806 -1   
6.22065507 -1   
6.22190322 -1   
6.26238442 -1   
6.40782237 -1   
6.41206071 -1   
6.41219962 1    
6.41330936 -1   
6.44829626 -1   
6.45803842 -1   
6.51852392 -1   
6.58521596 -1   
6.58646025 -1   
6.61567944 -1   
6.61571721 1    
6.61694583 -1   
6.72039319 -1   
6.79435199 -1   
6.85006859 -1   
6.85156436 -1   
6.88604894 -1   
6.88608607 1    
6.94901188 -1   
7.05842259 -1   
7.10315179 -1   
7.10464471 -1   
7.16286422 -1   
7.16302907 1    
7.16436294 -1   
7.29830840 -1   
7.34426572 -1   
7.35251712 -1   
7.35402634 -1   
7.39050719 -1   
7.39173261 -1   
7.42498911 -1   
7.50294575 -1   
7.52093367 -1   
7.52217854 -1   
7.63311982 -1   
7.64983801 -1   
7.65135032 -1   
7.81526874 -1   
7.81676125 -1   
7.89297032 -1   
7.89421490 -1   
7.93794370 -1   
7.93943575 -1   
7.94218821 -1   
7.94869404 -1   
7.94893827 1    
8.06062969 -1   
8.10884331 -1   
8.11307003 -1   
8.15179864 -1   
8.15581665 -1   
8.16658892 1    
8.25526139 -1   
8.25650697 -1   
8.26351259 -1   
8.30995656 -1   
8.37044020 -1   
8.38317869 -1   
8.46262597 -1   
8.46415499 -1   
8.46429936 1    
8.46838583 -1   
8.53135544 -1   
8.53834531 -1   
8.62230285 -1   
8.62802218 -1   
8.67952166 -1   
8.68074128 -1   
8.70075717 -1   
8.70224890 -1   
8.71399895 -1   
8.71524310 -1   
8.83143719 -1   
8.83292529 -1   
8.88192886 -1   
8.88339580 -1   
8.89739034 -1   
8.89863727 -1   
8.89876327 1    
8.90286698 -1   
8.90436113 -1   
8.90855167 1    
9.01108067 -1   
9.01230248 -1   
9.07554691 -1   
9.07680522 -1   
9.08828100 -1   
9.08950778 -1   
9.08953621 1    
9.09100450 -1   
9.09250517 -1   
9.18520650 -1   
9.18645233 -1   
9.30939395 -1   
9.31090226 -1   
9.31213125 -1   
9.31362944 -1   
9.31365168 1    
9.31514548 -1   
9.31640271 -1   
9.44833192 -1   
9.44957394 -1   
9.51202273 -1   
9.51322969 -1   
9.52285283 1    
9.52829654 1    
9.63097706 -1   
9.63221704 -1   
9.70393188 -1   
9.70517850 -1   
9.70667761 -1   
9.71165114 -1   
9.71316992 -1   
9.71464928 -1   
9.72266922 1    
9.78763438 -1   
9.78887975 -1   
9.94827304 -1   
9.94976438 -1   
9.95679085 -1   
9.95825932 -1   
9.95951016 -1   
9.96103387 -1   
9.96105431 1    
9.98574951 -1   
9.98726681 -1   
9.98851471 -1   
10.17863646 -1   
10.18013257 -1   
10.19690396 -1   
10.19839059 -1   
10.20537612 -1   
10.20686633 -1   
10.25859461 -1   
10.25863030 1    
10.26011362 -1   
10.29507353 -1   
10.36130922 -1   
10.36252673 -1   
10.38229282 -1   
10.38378906 -1   
10.39079267 -1   
10.39228521 -1   
10.45275815 -1   
10.45424697 -1   
10.51247381 -1   
10.51396393 -1   
10.54470319 -1   
10.54483112 1    
10.54619580 -1   
10.55019198 -1   
10.55167048 -1   
10.60366742 -1   
10.66186359 -1   
10.66337623 -1   
10.68736601 -1   
10.68862142 -1   
10.70289210 -1   
10.70860428 -1   
10.71009853 -1   
10.75508194 -1   
10.75632425 -1   
10.85602936 -1   
10.88550838 -1   
10.88576763 1    
10.89249616 -1   
10.94147334 -1   
10.94296878 -1   
11.00469640 -1   
11.00893326 -1   
11.01410555 1    
11.13184542 -1   
11.14733633 -1   
11.16513608 1    
11.16981896 -1   
11.17533343 -1   
11.17681650 -1   
11.17776652 -1   
11.58586208 -1   
11.58734604 -1   
11.58770573 -1   
11.59359567 -1   
11.59507522 -1   
11.61701187 1    
11.62308176 -1   
11.62432766 -1   
11.62582886 -1   
11.62732650 -1   
11.80483349 -1   
11.80620078 -1   
11.81320167 -1   
11.81469667 -1   
11.86642444 -1   
11.86645953 1    
11.87619191 -1   
11.87768087 -1   
11.88618182 -1   
11.88742701 -1   
11.98063055 -1   
11.98212372 -1   
11.98634910 -1   
11.98759769 -1   
11.98910064 -1   
12.02083896 -1   
12.02088447 1    
12.03382978 -1   
12.03507197 -1   
12.04232738 -1   
12.04356671 -1   
12.17626743 -1   
12.17774059 -1   
12.17871916 -1   
12.21902756 1    
12.24721966 -1   
12.38190906 -1   
12.45983696 -1   
12.46132518 -1   
12.59990557 -1   
12.82889651 -1   
12.83011605 -1   
12.83560523 -1   
12.84682491 1    
13.42300374 -1   
13.42594569 1    
13.94173866 -1   
13.94326309 -1   
19.62535661 -1   
22.11565959 -1   
22.11580477 1    
26.35061993 -1   
