0.00000000 -1   
0.33901196 1    
0.33924974 -1   
0.57907261 -1   
0.58971989 1    
0.93910294 -1   
1.08258560 1    
1.25119165 -1   
1.35945638 1    
1.45857571 -1   
1.51649274 1    
1.53599962 1    
1.60471280 1    
1.60620478 1    
1.60847278 1    
1.76380988 1    
1.76399638 -1   
2.08228464 1    
2.08232159 -1   
2.09967589 1    
2.11766104 1    
2.13539076 1    
2.32443987 1    
2.32448622 -1   
2.51388007 1    
2.51419881 -1   
2.79187770 1    
2.79219988 -1   
2.98601774 1    
2.98633334 -1   
3.20463823 1    
3.67002199 1    
3.67150928 1    
3.67188303 1    
3.70895795 -1   
3.72224747 1    
3.72349488 1    
3.74022037 1    
3.85606964 1    
3.85637096 -1   
3.94941172 -1   
4.29399525 1    
4.29428673 -1   
4.56044749 1    
4.56077486 -1   
4.57900582 1    
4.58050125 1    
4.60149429 1    
4.61100511 -1   
4.61121527 1    
4.61273403 1    
4.61923023 1    
4.76785718 1    
4.76791338 -1   
4.87309517 1    
4.87433355 1    
4.87733316 1    
4.87858148 1    
4.88005661 1    
4.89882358 1    
4.90032358 1    
4.90731447 1    
4.90881463 1    
4.95503971 1    
4.95506296 -1   
5.02602686 1    
5.18541242 1    
5.22736525 1    
5.22740084 -1   
5.22887981 1    
5.34455067 1    
5.42101273 1    
5.44024078 1    
5.44475963 1    
5.46023179 1    
5.50672472 1    
5.50711933 -1   
5.63165863 1    
5.65688677 1    
5.67256429 1    
5.69636966 1    
5.69911375 1    
5.72710326 1    
5.72834801 1    
5.76786915 -1   
5.81080198 1    
5.82354539 1    
5.83628711 1    
5.85727379 1    
5.85877171 1    
5.88600627 1    
5.88723297 1    
6.08864777 1    
6.09013833 1    
6.12861853 1    
6.13009237 1    
6.14561007 1    
6.16384562 1    
6.16510117 1    
6.21281876 1    
6.26827322 1    
6.26976562 1    
6.26986545 -1   
6.27730242 1    
6.29425385 1    
6.29574754 1    
6.31952739 1    
6.32098627 1    
6.41343366 1    
6.47941744 1    
6.48089066 1    
6.48941340 1    
6.49065534 1    
6.49074945 -1   
6.50640348 1    
6.50789702 1    
6.52189281 1    
6.52313955 1    
6.55835208 1    
6.63786959 1    
6.66778823 1    
6.66929871 1    
6.67868865 -1   
6.67930644 1    
6.68055219 1    
6.69030774 1    
6.69032790 -1   
6.70153704 1    
6.70304047 1    
6.71928355 1    
6.72052380 1    
6.87344506 1    
6.95889309 1    
6.96038843 1    
6.97138577 1    
6.97288025 1    
6.97438381 1    
6.98138090 1    
6.98139582 -1   
6.99662131 1    
6.99811551 1    
7.00936559 1    
7.01085850 1    
7.11980208 1    
7.14354073 1    
7.14478198 1    
7.15758232 1    
7.15877727 1    
7.16303556 1    
7.16452364 1    
7.18001288 1    
7.18151652 1    
7.36664549 1    
7.36788763 1    
7.37641027 1    
7.37789808 1    
7.39187771 1    
7.39336758 1    
7.40813664 1    
7.40938552 1    
7.43138054 1    
7.52682131 1    
7.52831376 1    
7.52848237 -1   
7.53792662 -1   
7.59853069 1    
7.60252125 1    
7.63775661 1    
7.64199985 1    
7.68697814 1    
7.77817370 1    
7.79091779 1    
7.79093443 -1   
7.84014021 1    
7.84138257 1    
7.86887258 1    
7.87036603 1    
7.87462106 1    
7.92434141 1    
7.94257724 1    
7.96081955 1    
7.96084196 -1   
8.05926828 1    
8.06050787 1    
8.06900480 1    
8.09999037 1    
8.10121461 1    
8.13220272 1    
8.13496330 1    
8.17020033 1    
8.20192984 1    
8.20196310 -1   
8.26512429 1    
8.26636843 1    
8.27362219 1    
8.28911058 1    
8.29035679 1    
8.30435232 1    
8.30587093 1    
8.32983725 1    
8.33108085 1    
8.36282209 1    
8.36286837 -1   
8.50051285 1    
8.50200751 1    
8.51175366 1    
8.54673847 1    
8.54823176 1    
8.56347141 1    
8.56496889 1    
8.61544600 1    
8.61693828 1    
8.65292720 1    
8.65414638 1    
8.72613339 1    
8.72737514 1    
8.72747902 -1   
8.74286962 1    
8.74437039 1    
8.74987028 1    
8.75136127 1    
8.78209938 1    
8.78784420 1    
8.78909022 1    
8.83681596 1    
8.83831063 1    
8.93399726 1    
8.93527295 1    
8.95524921 1    
8.95649547 1    
8.96224595 1    
8.96349029 1    
8.98748119 1    
8.98872554 1    
9.03795703 1    
9.03813038 -1   
9.04494934 1    
9.04644236 1    
9.12988186 1    
9.13114438 1    
9.14387615 1    
9.14538553 1    
9.15363529 1    
9.15512925 1    
9.17562336 1    
9.17712065 1    
9.22734798 1    
9.22737232 -1   
9.24006955 1    
9.24158209 1    
9.40797312 1    
9.40946382 1    
9.40983384 -1   
9.43237634 1    
9.52397420 -1   
9.84799261 1    
9.84921233 1    
9.84961504 1    
9.86122963 1    
9.86272834 1    
9.87796934 1    
9.87947005 1    
9.88096647 1    
9.95008849 -1   
9.95418305 1    
9.95542660 1    
10.02563817 1    
10.02713140 1    
10.03113593 1    
10.03262839 1    
10.05936705 1    
10.06086080 1    
10.09859856 1    
10.10006879 1    
10.18554764 1    
10.22304660 -1   
10.23324494 1    
10.23476379 1    
10.30720826 1    
10.30871524 1    
10.31445299 1    
10.31571193 1    
10.33546505 1    
10.33669979 1    
10.36917315 1    
10.37041702 1    
10.37884978 -1   
10.43713292 1    
10.43717171 -1   
10.44564953 1    
10.44628100 1    
10.55083764 1    
10.55208087 1    
10.60678772 1    
10.65314998 1    
11.09353064 1    
11.09503694 1    
11.17673302 1    
11.17822583 1    
11.20996036 1    
11.27348781 1    
11.27610824 -1   
12.02093282 1    
12.02365698 -1   
12.70833830 1    
12.70958930 1    
12.70984128 1    
20.36206762 -1   
23.75335725 1    
28.00519426 1    
28.00538847 -1   
