0.00000000 1    
0.58501975 1    
0.98454461 -1   
1.21016453 -1   
1.21075660 1    
1.50995312 1    
1.62101431 -1   
1.66980345 -1   
1.73776556 -1   
1.83070918 -1   
1.96129333 -1   
1.96144857 1    
2.45869636 -1   
2.45873070 1    
2.49008582 -1   
2.50832069 -1   
2.53281336 -1   
2.80165175 -1   
2.80199623 1    
3.10766417 -1   
3.15298048 1    
3.40540610 -1   
3.40572694 1    
3.58814491 -1   
3.64271662 1    
3.84715843 -1   
6.65245409 -1   
6.65394912 -1   
6.65432572 -1   
6.68675573 1    
6.74115380 -1   
6.80736510 -1   
6.84830318 -1   
6.87335714 1    
7.07039453 -1   
7.07990855 1    
7.09374950 1    
7.62124500 -1   
7.62281436 1    
7.87243532 -1   
7.87280631 1    
7.93921704 -1   
7.94045765 -1   
8.03740894 -1   
8.12633850 -1   
8.12637697 1    
8.16708454 -1   
8.26627486 -1   
8.44589273 -1   
8.44625311 1    
8.46716390 -1   
8.46865553 -1   
8.51013910 -1   
8.51163303 -1   
8.51287823 -1   
8.56235630 -1   
8.56361970 -1   
8.65031166 -1   
8.65180302 -1   
8.65455207 -1   
8.68055419 -1   
8.68144167 1    
8.75679122 1    
8.80047443 -1   
8.94288900 -1   
8.94413326 -1   
8.94838589 -1   
8.94988024 -1   
8.95113194 -1   
8.95262744 -1   
8.95412709 -1   
8.95537749 -1   
8.95687767 -1   
8.95812608 -1   
8.95907508 -1   
8.97137050 -1   
8.97286597 -1   
9.02334232 -1   
9.02458798 -1   
9.02608675 -1   
9.11279264 -1   
9.11282803 1    
9.12603504 -1   
9.12752808 -1   
9.19899073 -1   
9.22897567 -1   
9.23022210 -1   
9.32966904 -1   
9.33091182 -1   
9.33792841 -1   
9.33982382 -1   
9.35915393 -1   
9.36064428 -1   
9.37139508 -1   
9.37839745 -1   
9.37963548 -1   
9.38113367 -1   
9.38238580 -1   
9.38388328 -1   
9.38535647 1    
9.38537865 -1   
9.38663438 -1   
9.38812826 -1   
9.38937768 -1   
9.39537793 -1   
9.40237732 -1   
9.44960175 -1   
9.45109413 -1   
9.45234590 -1   
9.45809041 -1   
9.45933886 -1   
9.46934152 -1   
9.46938707 1    
9.47359020 -1   
9.47484660 -1   
9.47933239 -1   
9.52830659 -1   
9.52980256 -1   
9.53679974 -1   
9.55179254 -1   
9.55330691 -1   
9.60226527 -1   
9.60375687 -1   
9.60802990 -1   
9.62325466 -1   
9.62474696 -1   
9.64625729 -1   
9.64750427 -1   
9.64900823 -1   
9.65026223 -1   
9.66573220 -1   
9.66724666 -1   
9.67423779 -1   
9.67571751 -1   
9.67698563 -1   
9.67846267 -1   
9.67854291 1    
9.68271492 -1   
9.68398170 -1   
9.68548220 -1   
9.68671096 -1   
9.68821261 -1   
9.68970722 -1   
9.69397660 -1   
9.69522618 -1   
9.70522355 -1   
9.70646423 -1   
9.70797072 -1   
9.70946779 -1   
9.77418799 -1   
9.77542490 -1   
9.78243008 -1   
9.78392707 -1   
9.78542149 -1   
9.78665237 -1   
9.79476952 1    
9.79642171 -1   
9.79644166 1    
9.79789930 -1   
9.79941807 -1   
9.80066687 -1   
9.80216557 -1   
9.80341294 -1   
9.83441565 -1   
9.84537200 -1   
9.84663999 -1   
9.87063591 -1   
9.87212406 -1   
9.87362286 -1   
9.91858052 -1   
9.91871663 1    
9.95233556 -1   
9.95355650 -1   
9.96205632 -1   
10.03978540 -1   
10.04127836 -1   
10.17025544 1    
10.23812411 -1   
10.45534346 1    
10.54097735 -1   
10.54122348 -1   
10.68697927 1    
10.77836278 -1   
10.77959048 -1   
10.78848015 -1   
10.85656818 -1   
10.85806018 -1   
10.90079051 -1   
10.90228420 -1   
10.90353444 -1   
10.93777179 -1   
10.93926474 -1   
10.94076190 -1   
10.94201468 -1   
10.94211680 1    
10.94349307 -1   
10.94475830 -1   
10.96025512 -1   
10.96172830 -1   
10.97674614 -1   
10.97799039 -1   
10.97947204 -1   
10.98073952 -1   
10.98224183 -1   
10.98923876 -1   
10.99073607 -1   
10.99823030 -1   
10.99972927 -1   
11.00802378 -1   
11.03370982 -1   
11.03521120 -1   
11.07619138 -1   
11.14265161 -1   
11.14387437 -1   
11.15664531 -1   
11.15788678 -1   
11.15938913 -1   
11.16088675 -1   
11.16211336 -1   
11.16363499 -1   
11.16513603 -1   
11.16638355 -1   
11.16788490 -1   
11.16913072 -1   
11.17063369 -1   
11.18462664 -1   
11.18464270 1    
11.18612393 -1   
11.18737109 -1   
11.20436743 -1   
11.20561122 -1   
11.29231542 -1   
11.29355974 -1   
11.29421620 -1   
11.31680184 -1   
11.31829903 -1   
11.31954584 -1   
11.32104424 -1   
11.32229361 -1   
11.33928713 -1   
11.36300538 -1   
11.36449833 -1   
11.40373217 -1   
11.40406793 1    
11.40522724 -1   
11.43196324 -1   
11.47744224 -1   
11.47749983 1    
11.47868529 -1   
11.62385803 -1   
11.62534989 -1   
11.62903498 -1   
11.77833509 1    
11.85517719 -1   
12.25560973 1    
12.34446469 -1   
12.34595808 -1   
12.34618694 -1   
12.44563793 -1   
12.44712957 -1   
12.48211604 -1   
12.48636219 -1   
12.48785897 -1   
12.54059611 -1   
12.54207412 -1   
12.54332659 -1   
12.54485508 -1   
12.54632335 -1   
12.54757049 -1   
12.55682399 -1   
12.55699300 1    
12.55831805 -1   
12.56809421 -1   
12.56812932 1    
12.56931169 -1   
12.57080773 -1   
12.61534377 -1   
12.62703819 -1   
12.62827493 -1   
12.63620137 -1   
12.66503193 -1   
12.66627432 -1   
12.70675705 -1   
12.70800108 -1   
12.70949822 -1   
12.77551706 1    
12.83162716 -1   
13.05780792 -1   
13.05784468 1    
13.05930278 -1   
13.07217053 -1   
13.17873718 -1   
13.35661817 -1   
13.35812801 -1   
13.35875340 -1   
13.58108315 -1   
13.89732473 -1   
13.89879887 -1   
13.90769995 -1   
13.90784523 1    
14.26616332 1    
15.06785764 -1   
15.07079841 1    
15.83746866 -1   
15.83871969 -1   
16.32444805 1    
23.09122492 1    
23.21184060 -1   
25.98800070 -1   
25.98816690 1    
30.46741344 -1   
