1.22307710 -1   
3.41895107 -1   
3.74269410 1    
4.08347775 1    
4.08384179 -1   
4.32528528 -1   
4.34956960 1    
4.36196776 1    
4.39395003 1    
4.47465685 1    
4.50563862 1    
4.71395864 1    
4.71427332 -1   
5.09141629 1    
5.09172602 -1   
5.32302931 1    
5.32306548 -1   
5.65459768 1    
5.65463402 -1   
5.89971305 1    
5.89999938 -1   
6.12031581 1    
6.12065007 -1   
6.44687449 1    
6.44716475 -1   
6.68200594 1    
8.96186439 1    
8.96309916 1    
8.96346829 1    
8.99207794 1    
8.99356441 1    
8.99634165 -1   
9.02107428 1    
9.21534003 1    
9.21700948 -1   
9.28021852 -1   
9.84119601 1    
9.84153097 -1   
9.92705671 1    
9.92852530 1    
9.97875866 1    
9.98841349 -1   
10.05671055 1    
10.05795584 1    
10.05945123 1    
10.07996419 1    
10.09557103 1    
10.09560786 -1   
10.32335078 -1   
10.49045949 1    
10.49170221 1    
10.49208333 1    
10.53993645 1    
10.54142845 1    
10.55967687 1    
10.56116547 1    
10.56241465 1    
10.59115505 1    
10.59264783 1    
10.82753796 1    
10.82787733 -1   
10.83066581 1    
10.86476385 1    
10.86626274 1    
10.87475527 1    
10.87600884 1    
10.87750245 1    
10.87877635 1    
10.88024988 1    
10.88175486 1    
10.88299885 1    
10.89774273 1    
10.89924213 1    
10.90049487 1    
10.90199034 1    
10.90346948 1    
10.90476558 1    
10.91398316 1    
10.91548145 1    
10.92372840 1    
11.03317195 1    
11.03322706 -1   
11.03466471 1    
11.05963484 1    
11.06115073 1    
11.06265029 1    
11.06389878 1    
11.07089120 1    
11.07239333 1    
11.07389142 1    
11.07514077 1    
11.07661610 1    
11.07789039 1    
11.07938743 1    
11.08088631 1    
11.08238520 1    
11.08363788 1    
11.08511156 1    
11.08663728 1    
11.09063014 1    
11.09487750 1    
11.09638045 1    
11.09912956 1    
11.14335795 1    
11.14484960 1    
11.14609835 1    
11.14759732 1    
11.15157738 1    
11.15284325 1    
11.15434363 1    
11.15584326 1    
11.18233360 1    
11.19057362 1    
11.19207614 1    
11.19355349 1    
11.19482293 1    
11.27251523 1    
11.27400747 1    
11.41168282 1    
11.41172062 -1   
11.41292825 1    
11.45943061 1    
11.46090012 1    
11.46214691 1    
11.46364717 1    
11.47140004 1    
11.47291567 1    
11.47416556 1    
11.47564088 1    
11.47839376 1    
11.47963585 1    
11.48115865 1    
11.48238732 1    
11.48538901 1    
11.48663260 1    
11.48758763 1    
11.59609978 1    
11.59757203 1    
11.59907076 1    
11.60031958 1    
11.60458104 1    
11.61533447 1    
11.61683185 1    
11.61833020 1    
11.61957946 1    
11.62108266 1    
11.62236289 1    
11.62532447 1    
11.76427004 1    
11.76576560 1    
11.76578147 -1   
11.80072966 1    
11.80197429 1    
11.87067270 1    
11.88543294 1    
11.88665530 1    
11.88817786 1    
11.88965505 1    
11.88975897 -1   
11.89092643 1    
11.89242202 1    
11.89365353 1    
11.89514977 1    
11.89665424 1    
11.89790073 1    
11.89939825 1    
11.90089530 1    
11.90239726 1    
11.90364670 1    
11.90514463 1    
11.90664175 1    
11.91206177 -1   
12.04138967 -1   
12.22105790 1    
12.34295874 -1   
12.54855627 1    
12.54979675 1    
12.56689690 1    
12.56878869 1    
12.57028368 1    
12.60352075 1    
12.60501394 1    
12.60625946 1    
12.64375036 1    
12.64499238 1    
12.64649049 1    
12.64771763 1    
12.64923783 1    
12.65076507 1    
12.65198733 1    
12.65471360 1    
12.67598353 1    
12.67747266 1    
12.67870015 1    
12.68022689 1    
12.68169979 1    
12.68294754 1    
12.68444966 1    
12.68447215 -1   
12.68570032 1    
12.68721633 1    
12.68869713 1    
12.68996508 1    
12.69146846 1    
12.70669130 1    
12.70820675 1    
12.70970574 1    
12.71095791 1    
12.71245471 1    
12.71368324 1    
12.71520116 1    
12.71670166 1    
12.71795230 1    
12.71945501 1    
12.72067615 1    
12.72744647 1    
12.72894397 1    
12.73044418 1    
12.73166887 1    
12.73319353 1    
12.73444015 1    
12.73594075 1    
12.73743316 1    
12.73866737 1    
12.74018776 1    
12.84563105 1    
12.84687394 1    
12.85112514 1    
12.85122398 -1   
12.85260251 1    
12.85387121 1    
12.85537324 1    
12.89010904 1    
12.89135157 1    
12.91959335 1    
12.92083832 1    
12.92232783 1    
12.92383282 1    
12.92783024 1    
12.92805786 1    
12.93647354 -1   
12.95331787 1    
13.07015977 -1   
13.25190688 1    
13.46232953 -1   
13.67114897 1    
13.67263034 1    
13.67288159 1    
13.85903628 1    
13.90875502 1    
13.90924218 -1   
13.91024889 1    
13.93923962 1    
13.94048054 1    
13.94197732 1    
13.94347500 1    
13.94472246 1    
13.94897708 1    
13.95047219 1    
13.95172234 1    
13.97421507 1    
13.99945276 1    
14.00096756 1    
14.00221213 1    
14.00369415 1    
14.01420526 1    
14.01570931 1    
14.06559281 1    
14.08415191 1    
14.08564582 1    
14.17762153 1    
14.39972028 1    
14.41598142 1    
14.41747624 1    
14.47267984 1    
14.70881751 1    
14.71031194 1    
14.75029284 1    
14.75178336 1    
14.75189105 -1   
14.75601124 1    
14.75728229 1    
14.82675096 1    
14.82799618 1    
15.02538493 1    
15.06116654 -1   
15.12089409 1    
15.40795105 -1   
15.75238388 1    
16.16371490 1    
16.16440555 1    
16.16753754 -1   
16.94247826 1    
16.94551245 -1   
17.59766277 1    
17.59915807 1    
17.59918004 1    
23.72475724 1    
27.41738242 1    
27.41754743 -1   
32.22835931 1    
32.24343509 -1   
