0.00000000 1    
0.37525147 -1   
0.37580087 1    
0.64221118 1    
0.67082782 -1   
0.68938482 -1   
0.70587639 -1   
0.70709707 -1   
0.98101395 1    
0.98212011 -1   
1.23386582 1    
1.28997561 -1   
1.51245886 1    
1.55713929 -1   
1.55991168 -1   
1.57887548 -1   
1.60733631 -1   
1.87234100 -1   
1.97417420 1    
2.17370246 -1   
2.41419388 1    
2.52467677 -1   
2.86393405 1    
2.90344424 -1   
3.28222635 -1   
3.28252349 1    
3.56958517 -1   
6.27594340 -1   
6.27718138 -1   
6.27755714 -1   
6.31163234 1    
6.38763434 -1   
6.44835292 -1   
6.47756829 -1   
6.56666516 -1   
6.56698053 1    
6.64827099 1    
6.88943658 -1   
6.88979454 1    
7.14187109 -1   
7.14221284 1    
7.25537314 -1   
7.25661830 -1   
7.27359528 -1   
7.28323181 1    
7.32432117 -1   
7.32580706 -1   
7.32705858 -1   
7.32933281 -1   
7.32934316 1    
7.42075800 -1   
7.42227090 -1   
7.42351613 -1   
7.43951566 -1   
7.44100919 -1   
7.44625932 -1   
7.47572645 -1   
7.47699114 -1   
7.58617799 -1   
7.58623363 1    
7.60443680 -1   
7.77652131 -1   
7.77684973 1    
7.80055569 -1   
7.82577224 -1   
7.82702138 -1   
7.83678651 -1   
7.83828314 -1   
7.83978269 -1   
7.84678293 -1   
7.84800792 -1   
7.89101089 -1   
7.89249776 -1   
7.89375416 -1   
7.89525027 -1   
7.89650221 -1   
7.89799957 -1   
7.89949850 -1   
7.90072674 -1   
7.93322986 -1   
7.93447958 -1   
7.95845543 -1   
8.03315889 -1   
8.03464919 -1   
8.07343337 1    
8.07539673 -1   
8.07689725 -1   
8.08689684 -1   
8.08838606 -1   
8.08989286 -1   
8.09113785 -1   
8.09839360 -1   
8.09988402 -1   
8.11013129 -1   
8.11160819 -1   
8.11287912 -1   
8.11437481 -1   
8.13259977 -1   
8.13384189 -1   
8.13811692 -1   
8.13958980 -1   
8.14084042 -1   
8.14235447 -1   
8.14386066 -1   
8.14510609 -1   
8.14933865 -1   
8.15086583 -1   
8.15210616 -1   
8.15358186 -1   
8.15367049 1    
8.16960688 -1   
8.17082384 -1   
8.17234146 -1   
8.19508456 -1   
8.20782437 -1   
8.20906979 -1   
8.21531808 -1   
8.24730531 -1   
8.24733617 1    
8.24877764 -1   
8.25306534 -1   
8.26079376 -1   
8.26204212 -1   
8.26354088 -1   
8.26503873 -1   
8.26628669 -1   
8.27328465 -1   
8.27478701 -1   
8.27628363 -1   
8.27753351 -1   
8.29850357 -1   
8.29999954 -1   
8.30426771 -1   
8.30551439 -1   
8.30701427 -1   
8.30849721 -1   
8.35199425 -1   
8.35348761 -1   
8.37173241 -1   
8.37297546 -1   
8.37447393 -1   
8.37570415 -1   
8.37997624 -1   
8.38147035 -1   
8.38847107 -1   
8.38996715 -1   
8.39121840 -1   
8.39269523 -1   
8.40521048 -1   
8.40670805 -1   
8.41945290 -1   
8.42070036 -1   
8.42079243 1    
8.42219758 -1   
8.42342600 -1   
8.45941444 -1   
8.46065751 -1   
8.46075832 1    
8.46767351 -1   
8.47466979 -1   
8.47616537 -1   
8.49264553 -1   
8.49415845 -1   
8.49538588 -1   
8.49690839 -1   
8.52589597 -1   
8.52593072 1    
8.52714208 -1   
8.53138675 -1   
8.53286711 -1   
8.53414046 -1   
8.53563397 -1   
8.53988056 -1   
8.54010937 -1   
8.56337428 -1   
8.56461687 -1   
8.81398436 -1   
8.81402101 1    
8.81544354 -1   
8.82269099 1    
9.01414182 1    
9.13428005 -1   
9.13551828 -1   
9.13589737 -1   
9.16602789 -1   
9.16752514 -1   
9.16874938 -1   
9.17024879 -1   
9.17174809 -1   
9.17302040 -1   
9.17451643 -1   
9.17575031 -1   
9.20075905 -1   
9.20200463 -1   
9.20349961 -1   
9.26097667 -1   
9.26246880 -1   
9.27796351 -1   
9.27920744 -1   
9.28070927 -1   
9.28220477 -1   
9.28345503 -1   
9.28495894 -1   
9.28645685 -1   
9.28768373 -1   
9.28920338 -1   
9.29044955 -1   
9.29193683 -1   
9.29345086 -1   
9.29467652 -1   
9.29619838 -1   
9.29745134 -1   
9.30167557 -1   
9.30319583 -1   
9.33541277 -1   
9.33544806 1    
9.33691913 -1   
9.33817355 -1   
9.33967901 -1   
9.34092246 -1   
9.34241985 -1   
9.34392271 -1   
9.34667171 -1   
9.34791785 -1   
9.35091557 -1   
9.35216802 -1   
9.35366658 -1   
9.35491491 -1   
9.35641673 -1   
9.35791335 -1   
9.35914363 -1   
9.36341094 -1   
9.39215139 -1   
9.39229309 1    
9.39362570 -1   
9.39514175 -1   
9.39639431 -1   
9.39788858 -1   
9.39938754 -1   
9.44186756 -1   
9.44311641 -1   
9.44459397 -1   
9.44499223 -1   
9.49789087 1    
9.53432074 -1   
9.63028206 1    
9.70557100 -1   
9.71471340 -1   
9.71595939 -1   
9.75519006 -1   
9.75666244 -1   
9.87994910 -1   
9.88000451 1    
10.14320459 -1   
10.14469298 -1   
10.18782351 -1   
10.18785897 1    
10.19518987 -1   
10.19668236 -1   
10.21617288 -1   
10.25291017 -1   
10.25440426 -1   
10.25565121 -1   
10.26564934 -1   
10.26712006 -1   
10.26839726 -1   
10.26989347 -1   
10.27139184 -1   
10.27264405 -1   
10.27414247 -1   
10.27536559 -1   
10.27689144 -1   
10.27838733 -1   
10.27963993 -1   
10.30562497 -1   
10.30711885 -1   
10.30837026 -1   
10.31411934 -1   
10.31536448 -1   
10.31686930 -1   
10.33260407 -1   
10.33410523 -1   
10.33535135 -1   
10.38158438 -1   
10.38732671 -1   
10.38880358 -1   
10.40924074 -1   
10.40926234 1    
10.61644828 -1   
10.65853521 -1   
10.65855441 1    
10.95543787 -1   
10.95781243 1    
11.54934572 -1   
11.74930246 -1   
11.89991016 -1   
11.90269140 1    
12.48757854 -1   
12.49052348 1    
13.31391110 -1   
13.31541073 -1   
20.53943308 1    
23.61862250 1    
27.78846419 -1   
30.78398002 -1   
