0.00000000 -1   
0.25294470 1    
0.25312323 -1   
0.48253758 1    
0.48257888 -1   
0.69902354 1    
0.69905956 -1   
0.94104777 1    
0.94137259 -1   
0.98365347 1    
0.99667293 1    
1.03914813 1    
1.17756097 1    
1.17773929 -1   
1.38804598 1    
1.41740421 1    
1.41744138 -1   
1.43239589 1    
1.46987775 1    
1.64044174 1    
1.84468352 1    
1.84499758 -1   
1.92067076 1    
2.10430741 -1   
2.24705020 1    
2.40716435 -1   
2.83873122 1    
2.83906329 -1   
3.04307133 1    
5.50459529 1    
5.50606354 1    
5.50643960 1    
5.53993327 -1   
5.73745291 1    
5.73894674 1    
5.77056357 1    
5.78870736 -1   
5.80741031 1    
6.05180283 1    
6.05210480 -1   
6.28698466 1    
6.28729392 -1   
6.50853958 -1   
6.54340712 1    
6.72714102 1    
6.72836000 1    
6.81888080 -1   
6.84345340 1    
6.91678013 1    
6.91827017 1    
7.05991821 1    
7.10290813 1    
7.10328115 -1   
7.27105635 1    
7.27229773 1    
7.27379780 1    
7.27504230 1    
7.27654545 1    
7.30828240 1    
7.30952771 1    
7.33278123 1    
7.42977883 -1   
7.46219331 1    
7.46369143 1    
7.58478033 1    
7.60611260 1    
7.62010389 1    
7.62134876 1    
7.62284993 1    
7.62409509 1    
7.62559564 1    
7.62709547 1    
7.62859757 1    
7.62984166 1    
7.67311991 -1   
7.71707440 1    
7.71829332 1    
7.71979199 1    
7.72106405 1    
7.72256546 1    
7.72406208 1    
7.72528964 1    
7.72956241 1    
7.73106312 1    
7.73228371 1    
7.73378465 1    
7.74753256 1    
7.85272543 1    
7.85421630 1    
7.85571466 1    
7.85696398 1    
7.86446335 1    
7.86595816 1    
7.86746106 1    
7.86781058 -1   
7.86870848 1    
7.87020492 1    
7.87088926 1    
7.90344328 1    
7.90347764 -1   
7.90470881 1    
7.90620657 1    
7.93894648 1    
7.94045433 1    
7.94191623 1    
7.95943190 1    
7.96092991 1    
7.96217565 1    
7.97217470 1    
7.97339589 1    
7.97492306 1    
7.97641526 1    
8.07487060 1    
8.07633589 1    
8.08985907 1    
8.09135145 1    
8.09285578 1    
8.09410238 1    
8.09560174 1    
8.09684981 1    
8.09835427 1    
8.09848328 -1   
8.09985004 1    
8.10109938 1    
8.10259846 1    
8.18752909 1    
8.18904304 1    
8.19054807 1    
8.19077512 1    
8.19078668 -1   
8.23427640 1    
8.23577292 1    
8.23702299 1    
8.34821531 1    
8.34943037 1    
8.35095714 1    
8.35369931 1    
8.35520810 1    
8.36720741 1    
8.36869238 1    
8.36994266 1    
8.37142015 1    
8.37269073 1    
8.37418806 1    
8.37569110 1    
8.37694236 1    
8.37843959 1    
8.37968736 1    
8.38118617 1    
8.38268950 1    
8.38393467 1    
8.38543635 1    
8.38693462 1    
8.42938948 1    
8.43090635 1    
8.43490731 1    
8.47188756 1    
8.47311229 1    
8.48224687 -1   
8.48836000 1    
8.48960508 1    
8.50810192 1    
8.55028113 1    
8.55030883 -1   
8.57905879 1    
8.58029927 1    
8.58729899 1    
8.58879338 1    
8.59880795 1    
8.60005546 1    
8.60153798 1    
8.61728614 1    
8.61877848 1    
8.68801557 1    
8.68923464 1    
8.69875242 1    
8.70025104 1    
8.70999648 1    
8.71149610 1    
8.71299479 1    
8.85669688 1    
8.85671895 -1   
8.89239746 1    
9.15760679 1    
9.15764296 -1   
9.49181302 1    
9.49184946 -1   
9.49327489 1    
9.49365264 1    
9.52126778 1    
9.52276119 1    
9.60671690 1    
9.60796030 1    
9.60946202 1    
9.62473243 1    
9.62620290 1    
9.62744932 1    
9.62895108 1    
9.63046974 1    
9.63173966 1    
9.73167028 1    
9.73313856 1    
9.74690536 1    
9.74815008 1    
9.76189545 1    
9.76337166 1    
9.76464429 1    
9.76614303 1    
9.76764011 1    
9.81263051 1    
9.81265169 -1   
9.82461102 1    
9.82610726 1    
9.82733550 1    
9.83710386 1    
9.83833234 1    
9.83984915 1    
9.85356992 1    
9.85508991 1    
9.96751122 1    
9.97025235 1    
9.97177471 1    
9.97302124 1    
9.98301431 1    
9.98424396 1    
9.99401431 1    
9.99551301 1    
10.05798256 1    
10.05949126 1    
10.06747109 1    
10.06896916 1    
10.07019955 1    
10.07446871 1    
10.07596952 1    
10.07721505 1    
10.16908698 1    
10.16912369 -1   
10.19589965 1    
10.19989414 1    
10.20137178 1    
10.22538553 1    
10.22688305 1    
10.22812846 1    
10.22962836 1    
10.28235432 1    
10.28384825 1    
10.28510169 1    
10.28659627 1    
10.28670644 -1   
10.30658258 1    
10.30687178 -1   
10.30808233 1    
10.30958141 1    
10.31083501 1    
10.31230683 1    
10.54938011 1    
10.54941526 -1   
10.89418745 1    
10.89422400 -1   
11.13609549 1    
11.13733557 1    
11.19205914 1    
11.19355453 1    
11.19480780 1    
11.19780309 1    
11.19905439 1    
11.26600238 1    
11.26603672 -1   
11.33025720 1    
11.33174362 1    
11.33324883 1    
11.33449756 1    
11.33599456 1    
11.33749082 1    
11.33874385 1    
11.34024266 1    
11.34149039 1    
11.39548274 1    
11.39695692 1    
11.39820875 1    
11.42992459 1    
11.43141430 1    
11.44366655 1    
11.44491056 1    
11.57186152 1    
11.57308609 1    
11.65730818 1    
11.74925951 1    
11.75075602 1    
11.75200548 1    
11.75775382 1    
11.75799659 -1   
11.76643295 -1   
11.90392607 1    
12.09293549 1    
12.10030793 1    
12.10033338 -1   
12.10180522 1    
12.36213607 1    
12.82739530 1    
12.82889079 1    
12.82924592 1    
12.83824525 -1   
13.65933272 1    
13.66221176 -1   
14.51815654 1    
14.51969297 1    
17.79112817 1    
17.79130601 -1   
20.65501621 1    
21.41737680 -1   
24.93790968 -1   
