0.00000000 1    
1.33452458 -1   
1.48685105 -1   
1.53636747 1    
1.63802769 -1   
1.69038510 1    
1.70014888 -1   
1.79068732 -1   
1.85676539 1    
1.91104914 1    
1.93231193 1    
1.95253085 1    
2.04947788 1    
2.04980804 -1   
2.24933603 -1   
2.31716980 1    
2.40081853 -1   
2.46474905 1    
2.47500003 1    
2.49247117 1    
2.50853101 1    
2.56470064 1    
2.56473650 -1   
2.65965448 1    
2.75887935 -1   
2.95932014 1    
2.95961188 -1   
3.11073347 1    
3.19463789 -1   
3.30210352 1    
3.38650280 -1   
4.26978234 -1   
10.37308234 1    
15.55286989 1    
16.42975293 1    
16.43123974 1    
16.43219393 1    
16.43374321 1    
16.43524029 1    
16.43648669 1    
16.47518912 -1   
16.58408986 1    
16.58443980 -1   
16.62965387 -1   
16.91358386 1    
16.91390991 -1   
17.15026310 1    
17.15056712 -1   
17.20207887 1    
17.20331849 1    
17.21181481 1    
17.22123994 -1   
17.27378283 1    
17.27527429 1    
17.30449520 1    
17.30568889 1    
17.30572128 -1   
17.37597888 1    
17.37746420 1    
17.40368364 1    
17.40519897 1    
17.40642826 1    
17.41393071 1    
17.41517664 1    
17.45880170 1    
17.45883508 -1   
17.50388017 1    
17.50512320 1    
17.61171862 1    
17.61200676 -1   
17.67080608 1    
17.67204661 1    
17.68852178 1    
17.69001502 1    
17.69126407 1    
17.69801392 1    
17.69951274 1    
17.70076137 1    
17.72427590 1    
17.72576744 1    
17.72699783 1    
17.72849411 1    
17.72999096 1    
17.73123965 1    
17.73274433 1    
17.73399012 1    
17.73549834 1    
17.73998510 1    
17.74148795 1    
17.74298300 1    
17.76459629 1    
17.76460979 -1   
17.77624064 1    
17.77746551 1    
17.79146700 1    
17.82521383 1    
17.82670886 1    
17.82795932 1    
17.82945420 1    
17.84318231 1    
17.84443062 1    
17.84594801 1    
17.84719637 1    
17.85117638 1    
17.85269798 1    
17.85394261 1    
17.85542296 1    
17.85666870 1    
17.85819278 1    
17.85966781 1    
17.86094002 1    
17.87893027 1    
17.88043089 1    
17.88168476 1    
17.88317886 1    
17.88440575 1    
17.88592694 1    
17.88742301 1    
17.88865455 1    
17.89017176 1    
17.89140462 1    
17.89292217 1    
17.89440065 1    
17.89565781 -1   
17.89568778 1    
17.89717101 1    
17.89866681 1    
17.89991686 1    
17.90141813 1    
17.90291392 1    
17.90441776 1    
17.90564218 1    
17.90716771 1    
17.90840073 1    
17.90990561 1    
17.90997174 -1   
17.91140646 1    
17.92015743 1    
17.92017723 -1   
17.92166551 1    
17.93089956 1    
17.93240142 1    
17.93362490 1    
17.93514491 1    
17.97838144 1    
17.97987194 1    
17.98138746 1    
17.98286762 1    
17.98411687 1    
17.98561990 1    
17.98711601 1    
17.98834460 1    
17.99686465 1    
17.99836009 1    
17.99959005 1    
18.00110573 1    
18.00260969 1    
18.00410603 1    
18.00535626 1    
18.00683447 1    
18.00835140 1    
18.00958364 1    
18.01108443 1    
18.01235321 1    
18.01351266 1    
18.01872073 -1   
18.02060349 1    
18.11483471 -1   
18.11879476 1    
18.12029031 1    
18.12152301 1    
18.14627926 1    
18.14777434 1    
18.14927420 1    
18.15677318 1    
18.15826683 1    
18.15952099 1    
18.16099759 1    
18.16224973 1    
18.16428926 1    
18.17675974 1    
18.25696870 1    
18.25821169 1    
18.31047210 -1   
18.31656303 1    
18.46235217 1    
18.46384686 1    
18.46386941 -1   
18.47007359 1    
18.47156738 1    
18.47306984 1    
18.47431596 1    
18.47584051 1    
18.47706790 1    
18.48556674 1    
18.48706149 1    
18.48832846 1    
18.48983285 1    
18.49131057 1    
18.49255718 1    
18.49455897 1    
18.49605454 1    
18.49730521 1    
18.49882436 1    
18.50005472 1    
18.50380143 1    
18.50530353 1    
18.50654750 1    
18.50807012 1    
18.50931810 1    
18.51079851 1    
18.51229530 1    
18.51354532 1    
18.51506826 1    
18.51631371 1    
18.51779242 1    
18.51790242 -1   
18.51929353 1    
18.52054153 1    
18.52204100 1    
18.52429824 1    
18.52554186 1    
18.52703579 1    
18.52830332 1    
18.52980453 1    
18.53403658 1    
18.53529859 1    
18.53680725 1    
18.53803184 1    
18.53953081 1    
18.54402868 1    
18.54529293 1    
18.54679663 1    
18.54804906 1    
18.54952295 1    
18.55102443 1    
18.55229437 1    
18.55377332 1    
18.55529050 1    
18.55717577 1    
18.56203841 1    
18.56328789 1    
18.58027883 1    
18.59874686 1    
18.59945461 -1   
18.60025060 1    
18.61849166 1    
18.61973523 1    
18.65928240 -1   
18.71356965 1    
18.85038361 1    
18.85066351 -1   
18.85184909 1    
18.89985485 1    
18.90132408 1    
18.90573884 1    
18.91833256 1    
18.91983419 1    
18.92108213 1    
18.92258028 1    
18.92408319 1    
18.92533070 1    
18.92680816 1    
18.92807690 1    
18.92957965 1    
18.93107791 1    
18.93232618 1    
18.93380387 1    
18.93505496 1    
18.94082099 1    
18.94232285 1    
18.94354619 1    
18.95781270 1    
18.95932459 1    
18.96078984 1    
18.96230801 1    
18.98080046 1    
18.98229673 1    
19.00104471 1    
19.00116503 -1   
19.03177445 1    
19.03180169 -1   
19.05840824 1    
19.18247073 -1   
19.25138168 1    
19.26200022 1    
19.41422088 1    
19.41425644 -1   
19.52274218 1    
19.56705791 1    
19.56707779 -1   
19.65067022 1    
19.71866280 1    
19.78459534 1    
19.86907466 1    
20.02164472 1    
20.04794962 1    
20.12261801 -1   
20.17432081 1    
20.35052899 -1   
20.55915354 1    
20.56040082 1    
20.56078277 1    
20.67756974 1    
20.71107316 1    
20.78250321 1    
20.78399728 1    
20.81223694 1    
20.86312692 1    
20.86663504 -1   
21.29473498 1    
21.29596799 1    
21.29621857 1    
29.77795599 -1   
