0.00000000 -1   
0.16047531 1    
0.16081261 -1   
0.31288504 1    
0.31308396 -1   
0.46529865 1    
0.46534131 -1   
0.61954347 1    
0.61958769 -1   
0.77162097 1    
0.77193191 -1   
0.92403578 1    
0.92438304 -1   
1.07695157 1    
1.07725684 -1   
1.22935847 1    
1.22980350 -1   
1.47247288 1    
1.47264524 -1   
1.62488379 1    
2.39619935 1    
2.39653911 -1   
3.15975576 1    
3.16005867 -1   
4.02791633 1    
4.02916601 1    
4.02965039 1    
4.06816785 -1   
4.07748075 -1   
4.21935259 -1   
4.89067169 1    
4.89216088 1    
4.89265548 1    
4.98186484 1    
4.98310902 1    
5.08477640 1    
5.18200130 1    
5.18349667 1    
5.19074726 1    
5.19199507 1    
5.19348787 1    
5.20048886 1    
5.21023626 1    
5.23743792 1    
5.24321323 1    
5.24471491 1    
5.25296059 1    
5.25313234 -1   
5.33541635 1    
5.33690368 1    
5.33815588 1    
5.33965294 1    
5.34415558 1    
5.34539801 1    
5.34690051 1    
5.34839666 1    
5.34964783 1    
5.35114504 1    
5.39027813 1    
5.41161443 1    
5.41286266 1    
5.41910833 1    
5.42885722 1    
5.43035134 1    
5.49856767 1    
5.49981061 1    
5.50131488 1    
5.50280779 1    
5.50293758 -1   
5.50405909 1    
5.50955861 1    
5.51080635 1    
5.56574605 1    
5.58201730 1    
5.58326367 1    
5.59301353 1    
5.59426142 1    
5.66896766 1    
5.67046217 1    
5.71864228 1    
5.71905672 -1   
5.91113135 -1   
6.41030013 1    
6.41153946 1    
6.41203496 1    
6.41903488 1    
6.42028649 1    
6.49025193 1    
6.49174775 1    
6.49299501 1    
6.49449569 1    
6.49460904 -1   
6.49599350 1    
6.49723917 1    
6.49874012 1    
6.49998764 1    
6.50150369 1    
6.50298650 1    
6.56470910 1    
6.57110120 1    
6.58194662 1    
6.58318992 1    
6.58469205 1    
6.58618841 1    
6.58743734 1    
6.59093770 1    
6.61417756 1    
6.61567173 1    
6.66040363 1    
6.66060873 -1   
6.66164459 1    
6.67089008 1    
6.67214144 1    
6.67363771 1    
6.67513963 1    
6.67638680 1    
6.67788780 1    
6.70038058 1    
6.70162580 1    
6.72351619 1    
6.74235862 1    
6.74359943 1    
6.79882342 1    
6.80006709 1    
6.80156357 1    
6.80789227 -1   
6.85884076 -1   
6.87487750 1    
6.87877341 1    
7.03113796 1    
7.03144641 -1   
7.54190231 1    
7.54339350 1    
7.54388798 1    
7.57288280 1    
7.57412600 1    
7.64034121 1    
7.64183838 1    
7.64308659 1    
7.64458580 1    
7.64470021 -1   
7.64608270 1    
7.64733299 1    
7.64883153 1    
7.65032839 1    
7.65932748 1    
7.66057249 1    
7.69681205 1    
7.72469409 1    
7.73803689 1    
7.73952864 1    
7.74802619 1    
7.79704933 -1   
7.82223760 1    
7.82373393 1    
7.83397899 1    
7.87370775 1    
7.87495082 1    
7.87645149 1    
7.87670390 1    
7.88290423 -1   
7.88394803 1    
7.88544418 1    
7.89370621 1    
7.89518882 1    
7.89668771 1    
7.90368571 1    
7.91443665 1    
7.91567795 1    
7.95841088 1    
7.95845372 -1   
7.95965232 1    
7.96115352 1    
7.96890070 1    
7.97014591 1    
7.97164956 1    
7.97314419 1    
7.97864568 1    
7.98014035 1    
7.98163746 1    
7.98288795 1    
7.98439133 1    
8.02996982 1    
8.11112433 -1   
8.17778620 1    
8.17902883 1    
8.18057262 1    
8.65701467 1    
8.65851818 1    
8.65876975 1    
8.65888831 -1   
8.74571167 1    
8.80995083 1    
8.88987894 1    
8.89987208 1    
8.90111739 1    
8.96282088 1    
8.96305674 -1   
8.97457978 1    
8.97582386 1    
9.09551222 1    
9.11489377 1    
15.78452778 1    
19.11842143 -1   
20.86337749 1    
20.86354178 -1   
27.57727610 1    
29.16484677 -1   
29.17419878 -1   
29.31597516 -1   
