0.00000000 1    
0.18577927 -1   
0.18593434 1    
0.33769571 -1   
0.38134858 1    
0.52892570 -1   
0.66313037 1    
0.68074284 -1   
0.81410479 1    
0.83164245 -1   
1.00874292 1    
1.18720826 -1   
1.18752926 1    
1.33837670 -1   
1.38128520 1    
1.52924080 -1   
1.66376837 1    
1.82234589 -1   
1.82262505 1    
1.97473567 -1   
1.97508770 1    
2.38950216 -1   
2.38978984 1    
2.69073142 -1   
2.69197209 -1   
2.69260301 -1   
2.72778821 1    
2.73731255 1    
2.87892605 1    
3.39460805 -1   
3.39609053 -1   
3.39656465 -1   
3.42730936 -1   
3.42855610 -1   
3.44856598 -1   
3.44980811 -1   
3.45130987 -1   
3.45281014 -1   
3.45403535 -1   
3.54926046 -1   
3.55050250 -1   
3.55200282 -1   
3.55350178 -1   
3.58022149 -1   
3.58171435 -1   
3.58296612 -1   
3.58308835 1    
3.58448457 -1   
3.60145735 -1   
3.60297408 -1   
3.60422280 -1   
3.60572261 -1   
3.60721890 -1   
3.60845138 -1   
3.60996779 -1   
3.61123539 -1   
3.61271975 -1   
3.61421706 -1   
3.70591756 -1   
3.70717936 -1   
3.70866381 -1   
3.71016117 -1   
3.71138876 -1   
3.71294235 -1   
3.73638335 -1   
3.73787563 -1   
3.73939268 -1   
3.73940808 1    
3.74064464 -1   
3.75438785 -1   
3.75588659 -1   
3.75711246 -1   
3.75862900 -1   
3.76011109 -1   
3.76161080 -1   
3.76310667 -1   
3.76438339 -1   
3.76587677 -1   
3.77430002 1    
3.92756903 1    
4.18449804 -1   
4.18478639 1    
4.38977539 -1   
4.39127185 -1   
4.39174672 -1   
4.41224489 -1   
4.41348888 -1   
4.43425166 -1   
4.43574863 -1   
4.43697366 -1   
4.44000270 -1   
4.44012685 1    
4.44126060 -1   
4.45124171 -1   
4.45248753 -1   
4.45398373 -1   
4.54416993 -1   
4.54566399 -1   
4.54716283 -1   
4.54840891 -1   
4.56540657 -1   
4.56689735 -1   
4.56814796 -1   
4.56964659 -1   
4.58764547 -1   
4.58913555 -1   
4.59038657 -1   
4.59188251 -1   
4.59338671 -1   
4.59463158 -1   
4.59614964 -1   
4.59762930 -1   
4.59888072 -1   
4.59889220 1    
4.60437991 -1   
4.60562542 -1   
4.60712569 -1   
4.60862587 -1   
4.60987351 -1   
4.61137304 -1   
4.69858085 -1   
4.70007042 -1   
4.70132374 -1   
4.70282057 -1   
4.72156578 -1   
4.72280921 -1   
4.72330353 -1   
4.73178342 1    
4.79413315 1    
4.90682308 -1   
4.99270664 1    
5.20290999 -1   
5.20322354 1    
5.23554407 -1   
5.23678960 -1   
5.28452328 -1   
5.28598650 -1   
5.28726044 -1   
5.28875886 -1   
5.29025708 -1   
5.29198307 -1   
5.29348120 -1   
5.29498187 -1   
5.30150301 -1   
5.30274739 -1   
5.30425030 -1   
5.34121228 -1   
5.34247624 -1   
5.34397422 -1   
5.35097900 -1   
5.35474903 -1   
5.35477541 1    
5.36072093 -1   
5.36221391 -1   
5.37295896 -1   
5.37445792 -1   
5.37593818 -1   
5.37720092 -1   
5.37870841 -1   
5.38206614 1    
5.39193580 -1   
5.39344390 -1   
5.43892827 -1   
5.44042012 -1   
5.44190081 -1   
5.44314665 -1   
5.44464872 -1   
5.44589451 -1   
5.44739275 -1   
5.44889254 -1   
5.45014470 -1   
5.45164135 -1   
5.45289294 -1   
5.45563745 -1   
5.45714090 -1   
5.49439381 -1   
5.49564080 -1   
5.49714056 -1   
5.49728595 1    
5.49864208 -1   
5.49988716 -1   
5.50751848 -1   
5.50753981 1    
5.53037862 -1   
5.53162030 -1   
5.56011081 -1   
5.66020140 -1   
6.06070320 1    
6.07880816 -1   
6.08003142 -1   
6.08053227 -1   
6.10404433 -1   
6.13378172 -1   
6.13527426 -1   
6.15374944 -1   
6.15526503 -1   
6.15676352 -1   
6.16349100 -1   
6.16498643 -1   
6.23129220 -1   
6.23132939 1    
6.65058315 -1   
10.82219798 -1   
13.25002957 1    
17.70622036 1    
24.34245727 -1   
26.24723290 1    
26.25656395 1    
26.39870721 1    
30.61699473 1    
30.76919699 1    
30.84670364 -1   
30.92042345 1    
30.99896370 -1   
31.07277639 1    
31.15138648 -1   
31.30244128 -1   
31.30275930 1    
31.51184233 -1   
31.68324213 1    
