0.00000000 -1   
0.23228394 1    
0.23246295 -1   
0.38343998 1    
0.38371023 -1   
0.53794033 1    
0.53798218 -1   
0.69176823 1    
0.69211691 -1   
0.72540414 1    
0.80635484 1    
0.81359614 1    
0.84390117 1    
0.99618048 1    
0.99663625 -1   
1.19420320 -1   
1.23195436 1    
1.37636719 -1   
1.38951656 1    
1.40026346 1    
1.41125552 1    
1.43573451 1    
1.58675104 1    
1.58705997 -1   
1.77489608 1    
1.77520081 -1   
1.98777388 1    
2.47324817 1    
2.47358523 -1   
3.41146337 1    
3.41179336 -1   
4.20717074 1    
4.20864709 1    
4.20914285 1    
4.24434222 -1   
4.25368568 -1   
4.40484600 -1   
4.88002590 1    
4.88126393 1    
4.88175943 1    
4.93474446 1    
4.93623333 1    
4.93748413 1    
4.93898519 1    
4.94023043 1    
4.94948142 1    
4.95073464 1    
5.03643043 1    
5.03792336 1    
5.03917553 1    
5.04067375 1    
5.07516558 1    
5.07640367 1    
5.08765634 1    
5.08785041 -1   
5.08914692 1    
5.09039201 1    
5.09189110 1    
5.09314075 1    
5.09464585 1    
5.09614079 1    
5.09739261 1    
5.09888884 1    
5.10013881 1    
5.10263767 1    
5.10388355 1    
5.10538390 1    
5.10663591 1    
5.18984186 1    
5.19108655 1    
5.19258576 1    
5.19383408 1    
5.19533509 1    
5.19683053 1    
5.19807983 1    
5.19958156 1    
5.23856422 1    
5.24005748 1    
5.24155903 1    
5.24280647 1    
5.26779715 1    
5.26904257 1    
5.26906747 -1   
5.28203944 1    
5.28328415 1    
5.28480010 1    
5.29432848 -1   
5.49296927 -1   
6.02336641 1    
6.02485819 1    
6.02535268 1    
6.05534861 1    
6.05684327 1    
6.06709214 1    
6.06858371 1    
6.06983310 1    
6.07133493 1    
6.07143962 -1   
6.07258199 1    
6.08458180 1    
6.17827984 1    
6.17952065 1    
6.18102115 1    
6.18226783 1    
6.20826008 1    
6.20975339 1    
6.21100384 1    
6.21249909 1    
6.22000025 1    
6.22149450 1    
6.22274682 1    
6.22424356 1    
6.22549521 1    
6.22699201 1    
6.22848934 1    
6.22973872 1    
6.23124226 1    
6.23125586 -1   
6.23274077 1    
6.23748694 1    
6.23898751 1    
6.24023288 1    
6.24173149 1    
6.33269069 1    
6.33418101 1    
6.33543435 1    
6.33692844 1    
6.33818074 1    
6.33967893 1    
6.34117807 1    
6.34242484 1    
6.36267250 1    
6.36291669 1    
6.38595242 -1   
6.42591928 -1   
7.25291589 1    
7.25440399 1    
7.25490013 1    
7.25523368 -1   
7.28389633 1    
7.28514006 1    
7.28663657 1    
7.28813472 1    
7.28938634 1    
7.29088486 1    
7.30413580 1    
7.30562520 1    
7.40757485 1    
7.40906569 1    
7.41031663 1    
7.41181327 1    
7.41331172 1    
7.41332538 -1   
7.41456594 1    
7.43830848 1    
7.43954818 1    
7.44104618 1    
7.44229844 1    
7.44379759 1    
7.44529759 1    
7.44654408 1    
7.44805503 1    
7.44929140 1    
7.45079120 1    
7.45229060 1    
7.45354291 1    
7.45765183 -1   
7.45854111 1    
7.46003489 1    
7.46128793 1    
7.46278447 1    
7.56223873 1    
7.56347658 1    
7.56497480 1    
7.56622493 1    
7.56772632 1    
7.56922344 1    
7.57047677 1    
7.57197079 1    
7.57322255 1    
7.57323547 -1   
7.57472144 1    
7.59121734 1    
7.59271196 1    
7.59395895 1    
7.59546350 1    
7.59695718 1    
7.59720847 1    
7.72468963 -1   
8.26583288 1    
8.26732939 1    
8.26782594 1    
8.50321282 1    
8.64563392 1    
8.65471798 1    
8.67809856 1    
8.67934206 1    
8.77254220 1    
8.77274531 -1   
8.80559017 1    
8.87848184 1    
8.87972685 1    
9.01037448 1    
10.37727816 -1   
19.10797764 1    
26.37981163 1    
29.04194866 -1   
29.05129961 -1   
29.19388879 -1   
