0.00000000 -1   
0.21562603 1    
0.40726821 1    
0.40760375 -1   
0.56113514 -1   
0.58608111 1    
0.60305349 1    
0.61404808 1    
0.66002039 1    
0.73838425 1    
0.89838127 -1   
1.06039390 1    
1.06067829 -1   
1.27676400 1    
1.27714408 -1   
1.42943092 1    
1.42977924 -1   
1.58683562 1    
1.89942676 -1   
1.94263429 1    
2.10225223 -1   
2.13427666 1    
2.25340762 -1   
2.47333334 1    
2.47364958 -1   
2.78814997 1    
2.88175280 1    
2.88324595 1    
3.03354089 1    
3.06752715 -1   
3.07681696 -1   
3.21861922 -1   
3.62932986 1    
3.63081993 1    
3.63131101 1    
3.63781911 1    
3.63931186 1    
3.68004552 1    
3.68129049 1    
3.68278783 1    
3.69003609 1    
3.69128553 1    
3.78448622 1    
3.78572904 1    
3.78722833 1    
3.78872610 1    
3.79122571 1    
3.79247622 1    
3.79257818 -1   
3.79397267 1    
3.79548408 1    
3.83220876 1    
3.83369874 1    
3.83494938 1    
3.83644708 1    
3.83794436 1    
3.83919523 1    
3.84069725 1    
3.84194254 1    
3.84344477 1    
3.84494146 1    
3.84619217 1    
3.84769283 1    
3.93764709 1    
3.93913837 1    
3.94038991 1    
3.94188793 1    
3.94338615 1    
3.94463343 1    
3.94613524 1    
3.94763130 1    
3.95138304 1    
3.95288189 1    
3.95412868 1    
3.95563045 1    
3.95566915 -1   
3.95713041 1    
3.95862688 1    
3.95987719 1    
3.96137509 1    
3.98688503 1    
3.99640031 -1   
4.14958035 -1   
4.60600975 1    
4.60725634 1    
4.60775143 1    
4.63749510 1    
4.63875531 1    
4.67172377 1    
4.67322450 1    
4.67471896 1    
4.67597091 1    
4.67747065 1    
4.67871768 1    
4.68021334 1    
4.68171565 1    
4.68302946 1    
4.68471425 1    
4.68620947 1    
4.68771722 1    
4.68895917 1    
4.69046189 1    
4.69170749 1    
4.69188216 -1   
4.69328710 1    
4.70871858 1    
4.76017398 1    
4.76166769 1    
4.76291823 1    
4.76441423 1    
4.79040959 1    
4.79189878 1    
4.79315582 1    
4.79464859 1    
4.84512612 1    
4.84787077 1    
4.84936746 1    
4.85086608 1    
4.85211757 1    
4.85361441 1    
4.85511573 1    
4.85636182 1    
4.86011211 1    
4.86161059 1    
4.86210737 1    
4.87142127 -1   
4.88740341 -1   
4.89493762 1    
5.05195596 1    
5.05753502 -1   
5.54547740 1    
5.54671834 1    
5.54721473 1    
5.54896947 1    
5.55046675 1    
5.55171495 1    
5.55321893 1    
5.55446165 1    
5.55460107 -1   
5.55596246 1    
5.55746594 1    
5.55871308 1    
5.56020949 1    
5.56171327 1    
5.56295929 1    
5.56445910 1    
5.56570805 1    
5.56720574 1    
5.69988956 1    
5.70113247 1    
5.70262816 1    
5.70387946 1    
5.70687549 1    
5.70812766 1    
5.70962558 1    
5.71112316 1    
5.71237438 1    
5.71249259 -1   
5.71387367 1    
5.71512157 1    
5.71662224 1    
5.72178230 -1   
5.72636928 1    
5.72786743 1    
5.72936559 1    
5.73061457 1    
5.73065429 -1   
5.73486224 1    
5.73635870 1    
5.73760715 1    
5.73910742 1    
5.74060885 1    
5.74185542 1    
5.74335803 1    
5.74460482 1    
5.74910469 1    
5.75060519 1    
5.75185035 1    
5.75335198 1    
5.75460055 1    
5.75525670 1    
5.76259950 1    
5.91996249 1    
5.92000106 -1   
6.32113222 -1   
6.33277479 1    
6.33426581 1    
6.33476239 1    
6.35075957 1    
6.35225884 1    
6.44196418 1    
6.44320633 1    
6.44470425 1    
6.45170260 1    
6.45320271 1    
6.45469990 1    
6.47224572 -1   
6.50274103 1    
6.89580105 1    
14.54767466 1    
16.42110243 1    
16.42129374 -1   
24.44062038 -1   
26.53361268 -1   
26.54302629 -1   
26.68517631 -1   
30.08352657 1    
30.60628083 -1   
30.85408248 1    
30.85427471 -1   
31.00501313 1    
