0.00000000 -1   
0.22520524 1    
0.37637216 1    
0.37671815 -1   
0.53025115 -1   
0.55766586 1    
0.55860414 1    
0.58515072 1    
0.60588690 1    
0.71104903 1    
0.90556297 1    
0.90584198 -1   
1.08646162 1    
1.08678536 -1   
1.28759274 1    
1.50381708 -1   
1.55893594 1    
1.65482915 -1   
1.71010265 1    
1.80600261 -1   
2.00418375 1    
2.00450083 -1   
2.25979117 1    
2.45068164 1    
2.45101064 -1   
3.30909420 1    
3.31058365 1    
3.31107793 1    
3.34583529 -1   
3.35520919 -1   
3.49703668 -1   
4.09314620 1    
4.09463550 1    
4.09512923 1    
4.13111914 1    
4.13261473 1    
4.19508596 1    
4.19632812 1    
4.19782554 1    
4.22482009 1    
4.22631342 1    
4.24755268 1    
4.24905018 1    
4.25029814 1    
4.25179790 1    
4.28403420 1    
4.28552718 1    
4.28677600 1    
4.28827611 1    
4.28839340 -1   
4.33375859 1    
4.33499651 1    
4.34799290 1    
4.34948555 1    
4.35073756 1    
4.35223620 1    
4.35348361 1    
4.35498368 1    
4.37772737 1    
4.37922054 1    
4.38047159 1    
4.38196974 1    
4.40071583 1    
4.40195677 1    
4.40345706 1    
4.40470477 1    
4.40620540 1    
4.40770388 1    
4.40895494 1    
4.41045124 1    
4.43719492 1    
4.43868423 1    
4.43993310 1    
4.44143309 1    
4.44293569 1    
4.44418292 1    
4.44568366 1    
4.44693344 1    
4.44697129 -1   
4.48818274 1    
4.49787628 -1   
4.59914981 -1   
5.32568750 1    
5.32692787 1    
5.32742438 1    
5.35067579 1    
5.35216575 1    
5.36616025 1    
5.36765812 1    
5.36890024 1    
5.36902238 -1   
5.44261642 1    
5.44386701 1    
5.45286084 1    
5.47984826 1    
5.48134194 1    
5.48258749 1    
5.48408835 1    
5.50382916 1    
5.50532647 1    
5.50657412 1    
5.50807476 1    
5.51932278 1    
5.52056851 1    
5.52206652 1    
5.52331406 1    
5.52481267 1    
5.52631465 1    
5.52756304 1    
5.52906491 1    
5.52909901 -1   
5.59777663 1    
5.59902343 1    
5.60052246 1    
5.60201906 1    
5.63276016 1    
5.63425277 1    
5.63550222 1    
5.63699897 1    
5.63824668 1    
5.63974798 1    
5.64124847 1    
5.64249542 1    
5.65674498 1    
5.65823568 1    
5.65948934 1    
5.65983116 1    
5.68707206 -1   
5.69777872 -1   
5.71626022 -1   
6.49901662 1    
6.50050524 1    
6.50100154 1    
6.53449339 1    
6.53573952 1    
6.53723488 1    
6.53848607 1    
6.53998124 1    
6.54010852 -1   
6.59346065 1    
6.59495154 1    
6.61519981 1    
6.65367811 1    
6.65516642 1    
6.65641511 1    
6.65791641 1    
6.68765705 1    
6.68889679 1    
6.69039590 1    
6.69164932 1    
6.69314384 1    
6.69464492 1    
6.69589524 1    
6.69739324 1    
6.69889134 1    
6.70013952 1    
6.70163989 1    
6.70168954 -1   
6.70289404 1    
6.70291188 -1   
6.74812341 1    
6.74936240 1    
6.75086036 1    
6.75211055 1    
6.80708898 1    
6.80857838 1    
6.80982876 1    
6.81132806 1    
6.81282763 1    
6.81407425 1    
6.81557399 1    
6.81707393 1    
6.84106836 1    
6.84230884 1    
6.84381052 1    
6.84530596 1    
6.84545459 -1   
6.84655569 1    
6.84805631 1    
6.84930696 1    
6.85080344 1    
6.85105619 1    
6.85507758 -1   
6.86504556 1    
7.00574742 1    
7.48020934 1    
7.48144438 1    
7.48194024 1    
7.48205551 -1   
7.55666094 1    
7.59812839 1    
7.59962814 1    
7.62836769 1    
7.62986048 1    
7.63295559 1    
7.67487026 -1   
7.78437502 1    
7.83024807 1    
7.83174653 1    
7.93691163 1    
11.32485403 1    
17.01057480 -1   
23.92521693 -1   
27.96427788 -1   
27.97356835 -1   
28.11542671 -1   
