0.00000000 -1   
0.15211690 -1   
0.22334043 1    
0.30325234 -1   
0.37558999 1    
0.37621651 -1   
0.45591407 -1   
0.52775569 1    
0.66649279 1    
0.67648794 1    
0.71921443 1    
0.71986702 1    
0.87206389 1    
0.87225309 -1   
1.02333973 -1   
1.04612087 1    
1.06751088 1    
1.09549550 1    
1.18519789 1    
1.21874527 1    
1.21906063 -1   
1.41790310 1    
1.41821916 -1   
1.57215757 1    
1.57271014 -1   
1.72573448 1    
2.11601364 1    
2.11634025 -1   
2.90571527 1    
2.90695390 1    
2.90757964 1    
2.94093847 -1   
2.95114324 -1   
3.09214983 -1   
3.50337076 1    
3.50485945 1    
3.50535610 1    
3.54434203 1    
3.54583787 1    
3.56008456 1    
3.56158378 1    
3.56307860 1    
3.57057961 1    
3.57207052 1    
3.65778224 1    
3.65902271 1    
3.66052338 1    
3.66202011 1    
3.69775995 1    
3.69899822 1    
3.70049714 1    
3.70060854 -1   
3.70199885 1    
3.71324524 1    
3.71474352 1    
3.71623778 1    
3.71748915 1    
3.71898703 1    
3.72023513 1    
3.72173402 1    
3.72295989 1    
3.72523276 1    
3.72673500 1    
3.72798081 1    
3.72948196 1    
3.81293942 1    
3.81443418 1    
3.81593358 1    
3.81718069 1    
3.81868235 1    
3.81992927 1    
3.82142691 1    
3.82292717 1    
3.85191527 1    
3.85340941 1    
3.85491033 1    
3.85615589 1    
3.85765916 1    
3.85767262 -1   
3.85890546 1    
3.86640351 1    
3.86790309 1    
3.86940069 1    
3.87543586 1    
3.87890279 -1   
4.03211005 -1   
4.51554170 1    
4.51702916 1    
4.51752548 1    
4.53327590 1    
4.53477529 1    
4.56250612 1    
4.56400544 1    
4.56525011 1    
4.56536887 -1   
4.57900379 1    
4.58049794 1    
4.58199571 1    
4.58324228 1    
4.58474399 1    
4.64396668 1    
4.64520637 1    
4.65295908 1    
4.65445352 1    
4.66994955 1    
4.67143986 1    
4.67269189 1    
4.67419213 1    
4.67544100 1    
4.68668835 1    
4.68793377 1    
4.68943057 1    
4.69093173 1    
4.71542159 1    
4.71691748 1    
4.71841500 1    
4.71966170 1    
4.72116214 1    
4.72266460 1    
4.72390998 1    
4.72541386 1    
4.72543158 -1   
4.73340834 1    
4.73490411 1    
4.73615296 1    
4.73765546 1    
4.73766858 1    
4.74709691 -1   
4.74790077 1    
4.74939690 1    
4.77938991 1    
4.78087866 1    
4.90114470 1    
4.90119052 -1   
5.10001045 -1   
5.39603889 1    
5.39752694 1    
5.39777922 1    
5.42351989 1    
5.42501290 1    
5.42626133 1    
5.42776357 1    
5.42902317 1    
5.44425613 1    
5.45425306 1    
5.45574543 1    
5.45699403 1    
5.45849081 1    
5.47948798 1    
5.48098324 1    
5.48223021 1    
5.48797915 1    
5.55044646 1    
5.55193858 1    
5.55318551 1    
5.55469067 1    
5.57667946 1    
5.57792709 1    
5.57941990 1    
5.58064246 1    
5.60866293 1    
5.60890406 -1   
5.61882474 -1   
5.63564903 1    
5.63688773 1    
5.67387908 1    
5.70335529 1    
5.70510224 1    
5.70659934 1    
5.70784645 1    
5.72959098 1    
5.73083693 1    
5.73233302 1    
5.73383525 1    
5.76382223 1    
5.76531500 1    
5.76681386 1    
5.76806858 1    
5.76956239 1    
5.77081389 1    
5.77084869 -1   
5.77481142 1    
5.79005426 1    
5.79130183 1    
5.85627055 1    
5.85776150 1    
5.85814564 1    
5.96376551 -1   
6.25896918 -1   
6.52239006 1    
6.52388421 1    
6.52438073 1    
6.52453521 -1   
6.56461551 1    
6.56598840 1    
6.57586138 1    
6.57735159 1    
6.57885071 1    
6.63582464 1    
6.67566355 1    
6.69904056 1    
6.69908610 -1   
6.82791286 1    
7.02144695 1    
9.00975172 -1   
11.42967798 1    
15.22176286 1    
22.04610824 1    
26.84849992 -1   
26.85782157 -1   
27.00071240 -1   
30.95325764 -1   
