0.00000000 -1   
0.15223791 -1   
0.18600711 1    
0.33717275 1    
0.33721465 -1   
0.49058398 1    
0.49062646 -1   
0.64382801 1    
0.64387147 -1   
0.79690977 1    
0.79736076 -1   
0.95066311 1    
0.99270037 1    
0.99394715 1    
1.03168233 1    
1.10286684 -1   
1.14251762 1    
1.29387541 1    
1.29391836 -1   
1.48846715 -1   
1.56971536 1    
1.62708706 1    
1.66581304 1    
1.67605253 1    
1.67630224 -1   
1.77781860 1    
1.96982555 1    
1.97017698 -1   
2.67383293 1    
2.67415097 -1   
3.49802159 1    
3.49950500 1    
3.50000073 1    
3.53427904 -1   
3.54453436 -1   
3.68571281 -1   
4.24660733 1    
4.24782823 1    
4.24832434 1    
4.33653739 1    
4.33803106 1    
4.34752239 1    
4.38051046 1    
4.38175556 1    
4.43774015 1    
4.44171680 1    
4.44297058 1    
4.50144540 1    
4.50293591 1    
4.50443048 1    
4.50568371 1    
4.54766847 1    
4.54890909 1    
4.59003776 1    
4.59023806 -1   
4.62012462 1    
4.62136541 1    
4.62286546 1    
4.65660017 1    
4.65784329 1    
4.68358343 1    
4.68507874 1    
4.68632657 1    
4.69463650 1    
4.71456899 1    
4.72355979 1    
4.74250775 1    
4.75179347 1    
4.76178832 1    
4.79952125 1    
4.80101243 1    
4.80251276 1    
4.84449373 1    
4.84470778 -1   
4.84573525 1    
4.84723582 1    
4.86373196 1    
4.86522412 1    
4.88747125 1    
4.89517565 1    
4.89670899 1    
4.91620356 1    
4.95368209 1    
4.95517216 1    
4.95642389 1    
4.99365584 1    
5.04018222 -1   
5.04807727 1    
5.19134232 -1   
5.74548336 1    
5.74672315 1    
5.74721885 1    
5.78420882 1    
5.78570150 1    
5.82043870 1    
5.82168057 1    
5.82317525 1    
5.84167458 1    
5.84184680 -1   
5.84316767 1    
5.86191001 1    
5.86315112 1    
5.86465118 1    
5.89932464 1    
5.91738149 1    
5.91887277 1    
5.92037034 1    
5.92162226 1    
5.92311734 1    
5.93711802 1    
5.93861431 1    
5.95461350 1    
5.95609996 1    
5.98159170 1    
5.98308472 1    
5.98433465 1    
5.99258301 1    
5.99382752 1    
5.99532854 1    
5.99535094 -1   
6.00357840 1    
6.00507275 1    
6.02256855 1    
6.02406114 1    
6.02530856 1    
6.03230703 1    
6.04205306 1    
6.04354963 1    
6.05954937 1    
6.06078874 1    
6.07053603 1    
6.07149457 1    
6.08097471 -1   
6.08803363 1    
6.18852092 -1   
6.22390010 1    
6.34143653 -1   
6.78838470 1    
6.78962557 1    
6.79012207 1    
6.80937214 1    
6.81061434 1    
6.83010847 1    
6.83160114 1    
6.83310168 1    
6.83435015 1    
6.83456043 -1   
6.83584980 1    
6.85009362 1    
6.86009034 1    
6.86158203 1    
6.86308162 1    
6.86983210 1    
6.87132374 1    
6.89031958 1    
6.89156737 1    
6.89306499 1    
6.89981857 1    
6.94179489 1    
6.94328663 1    
6.94453482 1    
6.94603238 1    
6.94753359 1    
6.94850450 1    
6.95766602 -1   
6.98581283 -1   
7.01249977 1    
7.07122061 1    
7.07271013 1    
7.07421311 1    
7.07545747 1    
7.07695862 1    
7.08145622 1    
7.08295321 1    
7.10010025 1    
7.10194740 1    
7.10344629 1    
7.11169262 1    
7.11293707 1    
7.11443572 1    
7.13218519 1    
7.13367792 1    
7.13517210 1    
7.13642416 1    
7.16366517 1    
7.16370661 -1   
7.16515616 1    
7.16640628 1    
7.20988796 1    
7.25310463 1    
7.65395600 -1   
7.68561689 1    
7.68686124 1    
7.68735788 1    
7.77207340 1    
7.80509367 -1   
7.83780737 1    
7.86051666 1    
7.86176241 1    
7.86325621 1    
7.94396784 1    
7.95371191 1    
7.95520731 1    
7.96370530 1    
7.96374575 -1   
8.01097936 1    
8.34558736 1    
14.26969986 1    
17.54944201 -1   
18.68467024 1    
18.68481745 -1   
25.33950080 -1   
28.04198643 -1   
28.05130981 -1   
28.19316811 -1   
30.70969997 -1   
