0.00000000 -1   
0.15211659 -1   
0.27608120 1    
0.42724979 1    
0.42756261 -1   
0.57841180 1    
0.57873781 -1   
0.57903825 -1   
0.73307252 1    
0.77448228 -1   
0.85939898 1    
0.87089569 1    
0.92558867 1    
1.07697616 -1   
1.14183745 1    
1.29350031 1    
1.29383547 -1   
1.48564044 1    
1.48596228 -1   
1.71400869 1    
1.90514974 1    
1.90552623 -1   
1.90779984 1    
2.05783286 1    
2.21006471 1    
2.78364535 1    
2.78398086 -1   
3.76599561 1    
3.76748026 1    
3.76773877 1    
3.80141867 -1   
3.81066551 -1   
3.95269096 -1   
4.67122017 1    
4.67246105 1    
4.67295686 1    
4.79440212 1    
4.79564454 1    
4.84412442 1    
4.84561752 1    
4.84711370 1    
4.87479161 1    
4.87634690 1    
4.87784864 1    
4.89209552 1    
4.89358875 1    
4.91183120 1    
4.94756501 1    
4.94880678 1    
4.95030631 1    
4.95042225 -1   
4.95180411 1    
5.00727499 1    
5.00876840 1    
5.01001980 1    
5.01151622 1    
5.01302042 1    
5.02001216 1    
5.02778315 1    
5.06474257 1    
5.06623741 1    
5.06748765 1    
5.06898615 1    
5.07023330 1    
5.09797744 1    
5.09946662 1    
5.10271835 1    
5.14170133 1    
5.14319120 1    
5.15269050 1    
5.15280887 -1   
5.15418901 1    
5.17930893 1    
5.26912965 1    
5.27061828 1    
5.27211961 1    
5.30984877 1    
5.31134616 1    
5.33127215 1    
5.42079828 1    
5.42228228 1    
5.42378519 1    
5.48473996 1    
5.48514647 -1   
5.67870321 -1   
6.46295283 1    
6.46443548 1    
6.46493043 1    
6.58163026 1    
6.58312303 1    
6.65755315 1    
6.69431731 1    
6.69555689 1    
6.69705645 1    
6.69718463 -1   
6.69855064 1    
6.69980015 1    
6.70130252 1    
6.70254880 1    
6.73554028 1    
6.73704731 1    
6.74578330 1    
6.74728259 1    
6.80911048 1    
6.81449129 1    
6.84722274 1    
6.84846489 1    
6.84996662 1    
6.85146416 1    
6.85271527 1    
6.85421490 1    
6.85571315 1    
6.85696214 1    
6.85708017 -1   
6.86620949 1    
6.86745425 1    
6.87670826 1    
6.87819952 1    
6.90944100 1    
6.91093189 1    
6.95666365 1    
6.95815428 1    
6.96764939 1    
6.96914568 1    
6.96981330 1    
7.00138417 1    
7.00263164 1    
7.00437498 1    
7.01843629 -1   
7.05038993 -1   
7.14580476 1    
7.14729375 1    
7.15288950 1    
7.20282648 -1   
7.92260958 1    
7.92410431 1    
7.92460020 1    
8.04729638 1    
8.04878279 1    
8.05377868 1    
8.05527743 1    
8.05652670 1    
8.07612205 1    
8.07630130 -1   
8.12274134 1    
8.12423475 1    
8.15247425 1    
8.15396819 1    
8.15521919 1    
8.17046372 1    
8.17170952 1    
8.20069660 1    
8.20194214 1    
8.20343991 1    
8.22811642 1    
8.22844759 -1   
8.23892276 1    
8.24041881 1    
8.30838902 1    
8.32612761 1    
8.33436894 1    
8.33571927 -1   
8.33600006 1    
8.38179358 1    
8.38182062 -1   
8.43457232 1    
8.44555864 1    
8.44705047 1    
8.45554973 1    
8.45679678 1    
8.45829416 1    
8.50952136 1    
8.51101386 1    
8.51851291 1    
8.52951101 1    
8.53100649 1    
8.53445531 1    
8.53448657 -1   
8.58024572 1    
8.58148834 1    
8.59047365 1    
8.59171982 1    
8.59322167 1    
8.61271033 1    
8.61420654 1    
8.61570440 1    
8.61696841 1    
8.68858959 1    
8.68863062 -1   
8.77936838 1    
8.84036267 1    
9.07493081 -1   
9.40452281 1    
9.40600355 1    
9.40650021 1    
9.40665341 -1   
9.57267993 1    
9.74206661 1    
9.74242128 1    
9.84176012 1    
9.84325214 1    
9.89385699 1    
9.89404665 -1   
10.04732043 1    
10.08486893 1    
10.08636361 1    
10.23775107 1    
16.44416514 -1   
24.06945986 1    
30.25106235 -1   
30.26038237 -1   
30.40228896 -1   
