0.00000000 -1   
0.19020310 -1   
0.21433616 1    
0.34147370 -1   
0.36550216 1    
0.51666877 1    
0.51671213 -1   
0.66991540 1    
0.66995762 -1   
0.84281381 1    
0.84314202 -1   
0.88261036 1    
0.90384720 1    
0.99677205 1    
1.18853439 1    
1.18979536 -1   
1.34920785 1    
1.34925052 -1   
1.52633866 1    
1.52638141 -1   
1.54897997 1    
1.57771174 1    
1.67170922 1    
1.67823002 1    
1.67860135 -1   
1.82941862 1    
1.87234087 -1   
2.03454845 1    
2.18613091 -1   
2.22543714 1    
2.41657726 1    
2.41692211 -1   
3.03312879 1    
3.03437032 1    
3.03486616 1    
3.06886590 -1   
3.07814987 -1   
3.22007194 -1   
3.64402903 1    
3.64527060 1    
3.64576632 1    
3.66427544 1    
3.66576236 1    
3.66725693 1    
3.66851520 1    
3.67000585 1    
3.68325642 1    
3.68474939 1    
3.79920021 1    
3.80043434 1    
3.80193693 1    
3.80343068 1    
3.81743072 1    
3.81886644 1    
3.82017006 1    
3.82167163 1    
3.82179494 -1   
3.82292116 1    
3.82441857 1    
3.82591832 1    
3.82716520 1    
3.82866511 1    
3.82991426 1    
3.83141605 1    
3.83291393 1    
3.83816282 1    
3.83940749 1    
3.84091046 1    
3.84242319 1    
3.95510072 1    
3.95634262 1    
3.95784550 1    
3.95908956 1    
3.96334014 1    
3.96483688 1    
3.96633843 1    
3.96783484 1    
3.98308399 1    
3.98457639 1    
3.98882797 1    
3.99007122 1    
3.99157377 1    
3.99307322 1    
3.99559143 -1   
3.99731554 1    
4.14299120 1    
4.14448954 1    
4.15419706 -1   
4.19224529 -1   
4.75239862 1    
4.75388595 1    
4.75438180 1    
4.77163313 1    
4.77312675 1    
4.78312400 1    
4.78437518 1    
4.78587169 1    
4.78737082 1    
4.78753449 -1   
4.78861938 1    
4.80936225 1    
4.81085387 1    
4.81211790 1    
4.90855250 1    
4.91004638 1    
4.91154708 1    
4.91279520 1    
4.92704267 1    
4.92828586 1    
4.92978444 1    
4.93128284 1    
4.93603292 1    
4.93728140 1    
4.93878357 1    
4.94027894 1    
4.94177926 1    
4.94327722 1    
4.94452646 1    
4.94603956 1    
4.94752529 1    
4.94753827 -1   
4.94877716 1    
4.96228870 1    
4.96376836 1    
4.96526665 1    
4.96651366 1    
4.96801147 1    
4.96926581 1    
4.97076032 1    
4.97228407 1    
5.06296553 1    
5.06420847 1    
5.06571048 1    
5.06596100 1    
5.07384133 -1   
5.14022060 -1   
5.70459952 1    
5.70609021 1    
5.70634235 1    
5.73958449 1    
5.74107611 1    
5.74231987 1    
5.74381955 1    
5.74531997 1    
5.74657486 1    
5.74674933 -1   
5.74807254 1    
5.74956693 1    
5.76481858 1    
5.76631062 1    
5.76780926 1    
5.76905520 1    
5.85901305 1    
5.86050459 1    
5.86200253 1    
5.86324993 1    
5.89249013 1    
5.89398493 1    
5.89548660 1    
5.89673145 1    
5.89823290 1    
5.89947948 1    
5.90098181 1    
5.90238805 -1   
5.90266880 1    
5.90372742 1    
5.90523002 1    
5.90647484 1    
5.90797740 1    
5.90947351 1    
5.90948839 -1   
5.91072432 1    
5.91222173 1    
5.91372009 1    
5.91497109 1    
5.91647175 1    
5.91971774 1    
5.92122121 1    
5.92246513 1    
5.92396682 1    
5.92521374 1    
5.92534243 -1   
5.92671752 1    
5.92821277 1    
6.01366983 1    
6.01516414 1    
6.01666618 1    
6.01791417 1    
6.04526094 1    
6.06093899 -1   
6.47966026 1    
6.48114791 1    
6.48140059 1    
6.48152397 -1   
6.51513680 1    
6.51637836 1    
6.55161523 1    
6.55310677 1    
6.55435220 1    
6.58009754 1    
6.58134292 1    
6.58283875 1    
6.63413010 1    
6.63417057 -1   
6.78632432 1    
12.40871206 -1   
16.11374515 1    
21.70640679 -1   
24.33353707 1    
24.33371575 -1   
26.64782063 -1   
26.65728487 -1   
26.82695844 -1   
30.75026797 -1   
31.13038932 1    
31.21345932 -1   
31.36277430 1    
