3.38188272 1    
3.68722566 -1   
3.68741073 1    
3.83838882 -1   
3.83865881 1    
3.90890835 1    
3.99238813 -1   
3.99243406 1    
4.14037182 -1   
4.14368194 -1   
4.29553189 -1   
4.29952472 -1   
4.45387908 -1   
4.45433303 1    
4.63868029 -1   
4.63872239 1    
4.81541532 -1   
4.81545602 1    
4.84397089 -1   
4.86395134 -1   
4.96803170 -1   
4.96807154 1    
5.12174447 -1   
5.12226533 1    
5.27456465 -1   
5.27486984 1    
5.49319002 -1   
5.49351116 1    
5.79351966 -1   
5.98815650 -1   
5.98848277 1    
6.77086984 -1   
6.77210363 -1   
6.77260014 -1   
6.80618888 1    
6.81606743 1    
6.95730423 1    
7.53643025 -1   
7.53791700 -1   
7.53841316 -1   
7.55615992 -1   
7.55740815 -1   
7.56690511 -1   
7.56840230 -1   
7.69558331 -1   
7.69707909 -1   
7.70907675 -1   
7.71056988 -1   
7.71981639 -1   
7.72106449 -1   
7.76079644 -1   
7.76228994 -1   
7.84924755 -1   
7.84941704 1    
7.85198851 -1   
7.86198116 -1   
7.86372884 -1   
7.87272740 -1   
7.88472560 -1   
7.91495589 -1   
7.91646256 -1   
8.00241605 -1   
8.01564785 -1   
8.01689679 -1   
8.02564172 -1   
8.02714008 -1   
8.06786779 -1   
8.06936208 -1   
8.11384254 -1   
8.16881130 -1   
8.17031961 -1   
8.17879917 -1   
8.17893024 1    
8.18030071 -1   
8.28676327 -1   
8.37818925 -1   
8.37943398 -1   
8.38093830 -1   
8.38793558 -1   
8.38943191 -1   
8.43618280 -1   
8.47894740 -1   
8.53135633 -1   
8.53484887 -1   
8.54209516 -1   
8.54359482 -1   
8.58660042 -1   
8.58692970 1    
8.73953926 1    
9.23245358 -1   
9.23394651 -1   
9.23444249 -1   
9.28117981 -1   
9.28241933 -1   
9.28892209 -1   
9.40460642 -1   
9.40610248 -1   
9.40623910 1    
9.40759938 -1   
9.42684359 -1   
9.43408801 -1   
9.43983178 -1   
9.44182615 -1   
9.55751666 -1   
9.55875894 -1   
9.56026227 -1   
9.57975594 -1   
9.58124741 -1   
9.59299732 -1   
9.59449174 -1   
9.63447198 -1   
9.72592467 -1   
9.72741268 -1   
9.72891520 -1   
9.73016304 -1   
9.73266355 -1   
9.73278538 1    
9.73865930 -1   
9.75340647 -1   
9.75464568 -1   
9.84710126 -1   
9.88033263 -1   
9.88182709 -1   
9.88332326 -1   
9.88457459 -1   
9.88782176 -1   
9.90631827 -1   
9.90780988 -1   
9.94729760 -1   
10.03349520 -1   
10.03383528 1    
10.03499078 -1   
10.03648696 -1   
10.03773882 -1   
10.03909392 -1   
10.04226647 1    
10.19545919 1    
10.73884478 -1   
10.74033360 -1   
10.74058598 -1   
10.77632733 -1   
10.77756694 -1   
10.81454812 -1   
10.81578979 -1   
10.81728649 -1   
10.81741161 1    
10.82579174 -1   
10.89425085 -1   
10.89574379 -1   
10.92998693 -1   
10.93147584 -1   
10.96795755 -1   
10.96945395 -1   
10.97070286 -1   
10.97220241 -1   
11.02018192 -1   
11.04716740 -1   
11.04890934 -1   
11.04902991 1    
11.08314476 -1   
11.08463561 -1   
11.12112283 -1   
11.12361419 -1   
11.12511093 -1   
11.13211213 -1   
11.13533955 1    
11.17309379 -1   
11.20033871 -1   
11.20039166 1    
11.20957005 -1   
11.23757101 -1   
11.23880069 -1   
11.27678100 -1   
11.27827969 -1   
11.28527556 -1   
11.28677627 -1   
11.35323994 -1   
11.35473484 -1   
11.35476438 1    
11.35622903 -1   
11.39071776 -1   
11.39221237 -1   
11.42969906 -1   
11.43119088 -1   
11.43819121 -1   
11.43943642 -1   
11.48138905 -1   
11.50765199 -1   
11.50914731 -1   
11.54362925 -1   
11.54367096 1    
11.54427297 -1   
11.83646358 -1   
11.83795641 -1   
11.83845313 -1   
11.83859295 1    
11.92742816 -1   
11.98038178 -1   
11.99000438 -1   
12.02960592 -1   
12.03115418 -1   
12.12005459 -1   
12.12022827 1    
12.14084818 -1   
12.17651680 -1   
12.17801304 -1   
12.32915149 -1   
18.63517419 -1   
22.65361989 -1   
29.64211964 -1   
29.92066953 1    
32.36045620 1    
32.36979041 1    
32.51191669 1    
34.49784105 -1   
