0.00000000 -1   
0.15238584 -1   
0.19614725 1    
0.30378724 -1   
0.36388250 1    
0.37354827 -1   
0.45619951 -1   
0.51729820 1    
0.57258996 1    
0.64130027 1    
0.65828767 1    
0.65978486 1    
0.70918934 1    
0.70953719 -1   
0.92672957 1    
1.12593136 -1   
1.28977009 1    
1.29007882 -1   
1.46592837 1    
1.46624311 -1   
1.61858214 1    
1.61892793 -1   
1.77099812 1    
2.12254085 -1   
2.16927431 1    
2.31663818 -1   
3.07741901 1    
3.07889561 1    
3.07939154 1    
3.11368701 -1   
3.12314085 -1   
3.26484359 -1   
3.66257101 1    
3.66381111 1    
3.66430628 1    
3.67056055 1    
3.67205422 1    
3.67355326 1    
3.67481441 1    
3.67630202 1    
3.68155459 1    
3.68304796 1    
3.81698265 1    
3.81846968 1    
3.81972257 1    
3.82121764 1    
3.82372149 1    
3.82521516 1    
3.82646803 1    
3.82796536 1    
3.82809106 -1   
3.82921377 1    
3.83071395 1    
3.83221592 1    
3.83346073 1    
3.83496239 1    
3.83620877 1    
3.83771128 1    
3.83920913 1    
3.84045703 1    
3.84195662 1    
3.84345902 1    
3.84470362 1    
3.97139254 1    
3.97288308 1    
3.97438248 1    
3.97562957 1    
3.97712837 1    
3.97862910 1    
3.98013097 1    
3.98137596 1    
3.98287838 1    
3.98412530 1    
3.98562612 1    
3.98712341 1    
3.98837126 1    
3.98987366 1    
3.98991232 -1   
3.99137297 1    
3.99261957 1    
3.99411529 1    
4.00153048 -1   
4.16873647 -1   
4.54881079 1    
4.55030236 1    
4.55079619 1    
4.56729842 1    
4.56879488 1    
4.59353252 1    
4.59503013 1    
4.59627310 1    
4.59646122 -1   
4.62076678 1    
4.62226247 1    
4.62351122 1    
4.62500820 1    
4.62650853 1    
4.62875634 1    
4.63025723 1    
4.63150526 1    
4.63300735 1    
4.63450113 1    
4.63575457 1    
4.71696339 1    
4.71845520 1    
4.71970756 1    
4.72120895 1    
4.72270376 1    
4.72395082 1    
4.72544961 1    
4.72670238 1    
4.74645089 1    
4.74768929 1    
4.74918622 1    
4.75068866 1    
4.75193442 1    
4.75343669 1    
4.75493325 1    
4.75618677 1    
4.75620578 -1   
4.77517709 1    
4.77667598 1    
4.77741530 1    
4.78716999 1    
4.78866655 1    
4.79016289 1    
4.79295291 1    
4.79715776 -1   
4.93925038 1    
4.93929580 -1   
5.09179760 -1   
5.33136348 1    
5.33285224 1    
5.33334831 1    
5.35934349 1    
5.36059163 1    
5.37483534 1    
5.37633290 1    
5.37757663 1    
5.37907785 1    
5.37919385 -1   
5.38032815 1    
5.39107549 1    
5.39257039 1    
5.39406696 1    
5.39532050 1    
5.48577743 1    
5.48726750 1    
5.48876311 1    
5.49001677 1    
5.51275837 1    
5.51424830 1    
5.51550206 1    
5.51700206 1    
5.52800029 1    
5.52824764 1    
5.53771218 -1   
5.56472841 1    
5.56477241 -1   
5.56622192 1    
5.62444415 1    
5.66167109 1    
5.66316815 1    
5.66441270 1    
5.67241434 1    
5.67365923 1    
5.68006062 1    
5.68290848 1    
5.68440212 1    
5.68590184 1    
5.68714941 1    
5.68865168 1    
5.68989879 1    
5.69440438 1    
5.69564781 1    
5.69714665 1    
5.72313459 1    
5.72317268 -1   
5.72463257 1    
5.74287334 1    
5.83087193 1    
5.92331840 -1   
6.03620810 1    
6.03744893 1    
6.03807799 1    
6.09617384 1    
6.16255944 -1   
6.19056921 1    
6.38750632 1    
6.38876473 1    
6.41573712 1    
6.41593621 -1   
6.42212943 1    
6.48770034 1    
6.48919040 1    
6.49744222 1    
6.49893730 1    
6.50043701 1    
6.52692422 1    
6.59438820 1    
6.59442931 -1   
6.61567198 1    
6.81061165 1    
15.42993155 1    
21.96119454 1    
26.64880579 -1   
26.65814599 -1   
26.80011864 -1   
