0.00000000 -1   
0.15238238 -1   
0.21214725 1    
0.30378605 -1   
0.36488113 1    
0.45620467 -1   
0.51730844 1    
0.66913689 1    
0.66947873 -1   
0.82029845 1    
0.82054365 -1   
0.97271659 1    
1.14692766 -1   
1.30349849 1    
1.30380975 -1   
1.48792083 1    
1.48824531 -1   
1.64030689 1    
1.64062864 -1   
1.79274047 1    
2.32742165 1    
2.32775163 -1   
3.20734334 1    
3.20857226 1    
3.20905224 1    
3.24584838 -1   
3.25528230 -1   
3.39727464 -1   
3.92865261 1    
3.93016571 1    
3.93063822 1    
4.01810440 1    
4.01959387 1    
4.06434849 1    
4.06556493 1    
4.06708891 1    
4.07508568 1    
4.12224391 1    
4.16001962 1    
4.16151394 1    
4.18052743 1    
4.18175630 1    
4.18327026 1    
4.47184153 1    
4.47310688 1    
4.47406192 1    
4.47421010 -1   
4.47560102 1    
4.47709956 1    
4.48160263 1    
4.54979719 1    
4.55106142 1    
4.55253864 1    
4.55780800 1    
4.55906117 1    
4.56879875 1    
4.57030260 1    
4.57154943 1    
4.62456118 1    
4.67174598 1    
4.67296520 1    
4.69296449 1    
4.69445319 1    
4.69570708 1    
4.72471796 1    
4.72495070 -1   
4.72621074 1    
4.72745681 1    
4.73745411 1    
4.73870014 1    
4.74019469 1    
4.77654566 1    
4.82441159 1    
4.82587915 1    
4.83490291 1    
4.83614776 1    
4.83763715 1    
4.89784861 1    
4.89821689 -1   
4.92902794 1    
5.09453409 -1   
5.55599112 1    
5.55723318 1    
5.55770775 1    
5.72165046 1    
5.72313947 1    
5.72337014 1    
5.73936777 1    
5.74060892 1    
5.74210351 1    
5.74228346 -1   
5.74360629 1    
5.74485234 1    
5.74635408 1    
5.74760029 1    
5.74909869 1    
5.75059819 1    
5.75184956 1    
5.75334707 1    
5.75809580 1    
5.87480925 1    
5.87603183 1    
5.87754640 1    
5.87905074 1    
5.88029669 1    
5.88181728 1    
5.89226901 1    
5.89379225 1    
5.89402092 1    
5.89412129 -1   
5.90477069 1    
5.90603856 1    
5.92551927 1    
5.92700194 1    
5.92851867 1    
5.95351440 1    
5.95477458 1    
5.99271669 1    
5.99421122 1    
5.99545856 1    
6.00270362 1    
6.00395437 1    
6.02620078 1    
6.02769140 1    
6.03579386 -1   
6.03818901 1    
6.03945558 1    
6.04582151 1    
6.06604082 -1   
6.09022943 -1   
6.73456994 1    
6.73580815 1    
6.73628208 1    
6.76277777 1    
6.76404842 1    
6.79428023 1    
6.79550273 1    
6.79701998 1    
6.79714276 -1   
6.82401479 1    
6.82548485 1    
6.82673563 1    
6.83373235 1    
6.83497882 1    
6.88371062 1    
6.88495140 1    
6.88895221 1    
6.89419910 1    
6.89544657 1    
6.89694130 1    
6.91171558 1    
6.91595678 1    
6.91667596 1    
6.92170506 1    
6.92320639 1    
6.94769534 1    
6.94966433 1    
6.95091559 1    
6.95093178 -1   
6.95842982 1    
6.96588746 -1   
6.96915709 1    
6.97064874 1    
6.98792111 1    
6.98941158 1    
6.99741959 1    
6.99888353 1    
7.00013473 1    
7.03889100 1    
7.04013410 1    
7.06984957 1    
7.07111868 1    
7.07262475 1    
7.07285822 1    
7.08161289 1    
7.08983352 1    
7.09110383 1    
7.09760912 1    
7.09909954 1    
7.11888844 -1   
7.13058820 1    
7.13180920 1    
7.13330664 1    
7.23341149 1    
7.70751560 1    
7.70897947 1    
7.70948067 1    
7.70961898 -1   
7.79744092 1    
7.85969314 1    
7.88915484 1    
7.89790349 1    
7.89937305 1    
7.94835489 1    
7.94854528 -1   
7.96808983 1    
7.96957980 1    
7.97085442 1    
8.01129189 1    
10.97552633 -1   
15.39693182 1    
20.06913435 -1   
23.00060509 1    
28.02709399 -1   
28.03641908 -1   
28.17830074 -1   
30.47781360 -1   
