0.00000000 -1   
0.21304212 1    
0.21322290 -1   
0.36419031 1    
0.36424135 -1   
0.51744128 1    
0.51748477 -1   
0.69650523 1    
0.71914211 1    
0.75338830 1    
0.86768515 -1   
0.87177816 1    
1.02283322 1    
1.02298674 -1   
1.17547623 1    
1.21641320 -1   
1.22009838 1    
1.24034062 1    
1.26632609 1    
1.36609617 1    
1.51728646 1    
1.51761882 -1   
1.66869287 1    
1.75257916 -1   
1.85983145 1    
2.06442343 -1   
2.22262736 1    
2.22304592 -1   
2.38003367 1    
2.38036587 -1   
2.53245196 1    
2.53275279 -1   
2.84402343 1    
3.09628540 1    
3.09777202 1    
3.09802429 1    
3.13340236 -1   
3.14299009 -1   
3.29596988 -1   
3.78388928 1    
3.78537783 1    
3.78587446 1    
3.84337076 1    
3.84459535 1    
3.94430056 1    
3.94554101 1    
3.94703613 1    
3.95454034 1    
3.95603506 1    
3.96478042 1    
3.97608363 1    
3.99426945 1    
3.99551235 1    
4.03974045 1    
4.04123524 1    
4.04248539 1    
4.04823488 1    
4.04841685 -1   
4.09745800 1    
4.09894892 1    
4.10069932 1    
4.10219605 1    
4.10369920 1    
4.10744538 1    
4.10894448 1    
4.11044143 1    
4.11769247 1    
4.12968327 1    
4.13017652 1    
4.14742726 1    
4.14867446 1    
4.15017036 1    
4.19265441 1    
4.19539693 1    
4.19664290 1    
4.20264484 1    
4.20282914 -1   
4.20389402 1    
4.25187298 1    
4.25310993 1    
4.25561042 1    
4.25686290 1    
4.26036016 1    
4.26185557 1    
4.26335866 1    
4.26460280 1    
4.27635748 1    
4.27759748 1    
4.28284531 1    
4.29842104 1    
4.30819046 -1   
4.39658687 -1   
4.90774358 1    
4.90923440 1    
4.90973034 1    
4.96995920 1    
4.97145354 1    
5.04068121 1    
5.04216314 1    
5.04341230 1    
5.04492601 1    
5.04505248 -1   
5.04640900 1    
5.04765793 1    
5.04915760 1    
5.06265218 1    
5.06415132 1    
5.06539530 1    
5.06689657 1    
5.10238424 1    
5.10362498 1    
5.12286855 1    
5.12436390 1    
5.12533115 1    
5.13236625 1    
5.19383363 1    
5.19532815 1    
5.19657131 1    
5.19806871 1    
5.19932169 1    
5.20081944 1    
5.20084840 -1   
5.20231862 1    
5.20356672 1    
5.20506612 1    
5.23231045 1    
5.23355151 1    
5.23505798 1    
5.23655038 1    
5.23779543 1    
5.23931208 1    
5.27003467 1    
5.27128175 1    
5.27743233 1    
5.27952442 1    
5.28077249 1    
5.28712106 -1   
5.40100849 -1   
5.43141126 1    
5.55442280 -1   
5.86819537 1    
5.86968608 1    
5.87018297 1    
5.90842254 1    
5.90991437 1    
5.94140412 1    
5.94264558 1    
5.94414480 1    
5.94428409 -1   
5.95413889 1    
5.95538596 1    
5.99012433 1    
6.02135437 1    
6.02285020 1    
6.02434531 1    
6.02559787 1    
6.02709575 1    
6.02834486 1    
6.06158526 1    
6.06282766 1    
6.06432482 1    
6.06582501 1    
6.09431401 1    
6.09580735 1    
6.09605958 1    
6.09608278 -1   
6.10543346 -1   
6.13379354 1    
6.13528320 1    
6.19275670 1    
6.20424897 1    
6.20574583 1    
6.20724182 1    
6.21149733 1    
6.21299112 1    
6.24799166 1    
6.24947483 1    
6.25097165 1    
6.25098886 1    
6.25597409 1    
6.25601169 -1   
6.25746595 1    
6.28970461 1    
6.29669958 1    
6.29819114 1    
6.30968718 1    
6.31118302 1    
6.31243542 1    
6.32068312 1    
6.35766199 1    
6.35890899 1    
6.36040665 1    
6.40252298 1    
6.44361686 1    
6.44365805 -1   
6.55366243 1    
6.81315560 1    
6.81464493 1    
6.81513958 1    
6.81526735 -1   
6.90909939 1    
6.96181223 1    
6.96743733 1    
7.00504462 1    
7.00508535 -1   
7.00628736 1    
7.12019175 1    
7.14346801 1    
7.14470778 1    
7.19648390 -1   
7.27310453 1    
7.61778690 1    
16.86718420 -1   
16.92570947 1    
23.88069475 -1   
27.30187271 -1   
27.31130949 -1   
27.45364258 -1   
31.30895222 -1   
31.80040754 -1   
31.95281774 -1   
31.99782921 1    
