0.00000000 1    
1.01270738 -1   
1.26579080 1    
1.26602933 -1   
1.41695655 1    
1.41719988 -1   
1.57195626 1    
1.57199439 -1   
1.74451684 1    
1.75070637 -1   
1.77338381 1    
1.79614256 1    
1.90305933 1    
1.90330425 1    
1.90339146 -1   
2.05507201 1    
2.09419784 1    
2.09423453 -1   
2.12167986 1    
2.14518934 1    
2.15692460 1    
2.24564837 1    
2.39989376 1    
2.40019274 -1   
2.55952826 1    
2.55987089 -1   
2.71246836 1    
2.75073041 -1   
2.91585655 1    
2.91615541 -1   
3.09800178 1    
3.09830914 -1   
3.25065568 1    
3.25099947 -1   
3.40329652 1    
3.90318998 1    
3.90440987 1    
3.90490591 1    
3.94269809 -1   
3.95212757 -1   
4.10684093 -1   
4.55281346 1    
4.55430324 1    
4.55453344 1    
4.60801436 1    
4.60950817 1    
4.63326837 1    
4.63926455 1    
4.64076113 1    
4.65275685 1    
4.65399756 1    
4.70723083 1    
4.70872416 1    
4.71019505 1    
4.71147156 1    
4.75592765 1    
4.75717257 1    
4.76317018 1    
4.76334771 -1   
4.76466416 1    
4.77166403 1    
4.77317675 1    
4.78718235 1    
4.78867527 1    
4.79239736 1    
4.79392037 1    
4.79516722 1    
4.79666352 1    
4.81513927 1    
4.81665677 1    
4.81963174 1    
4.82113261 1    
4.86057000 1    
4.86186084 1    
4.86310470 1    
4.86460624 1    
4.86585457 1    
4.86735447 1    
4.86885243 1    
4.87010070 1    
4.91208748 1    
4.91357786 1    
4.91682600 1    
4.91807288 1    
4.92507832 1    
4.92657053 1    
4.92834803 -1   
4.93031988 1    
4.93181461 1    
4.93307975 1    
4.94261500 -1   
5.09905809 -1   
5.58497129 1    
5.58644112 1    
5.58693709 1    
5.61168566 1    
5.61292799 1    
5.63367029 1    
5.63493608 1    
5.63643304 1    
5.64793401 1    
5.64942621 1    
5.66942651 1    
5.67092050 1    
5.67216782 1    
5.67364157 1    
5.67491345 1    
5.67641298 1    
5.67791349 1    
5.67916135 1    
5.68066246 1    
5.68190723 1    
5.68371867 1    
5.68383687 -1   
5.69313649 1    
5.74138719 1    
5.74287909 1    
5.74412802 1    
5.74562526 1    
5.76562006 1    
5.76685494 1    
5.76833972 1    
5.76985920 1    
5.78783651 1    
5.78909058 1    
5.79059784 1    
5.79184457 1    
5.79607889 1    
5.79757091 1    
5.79882231 1    
5.79974098 1    
5.81733881 1    
5.81880979 1    
5.83586433 -1   
5.85554817 1    
5.85703833 1    
5.86492892 -1   
5.95165970 1    
5.95201711 -1   
6.01949196 -1   
6.48370881 1    
6.48494770 1    
6.48542180 1    
6.51391946 1    
6.51516940 1    
6.51666116 1    
6.51791399 1    
6.51941126 1    
6.52090873 1    
6.52106719 -1   
6.52216018 1    
6.52365264 1    
6.52490922 1    
6.52640445 1    
6.55339664 1    
6.55490368 1    
6.55615709 1    
6.56465904 1    
6.56588375 1    
6.59112817 1    
6.59261453 1    
6.59388523 1    
6.60936369 1    
6.61085447 1    
6.63809758 1    
6.63958838 1    
6.64609337 1    
6.64746168 -1   
6.66659995 1    
6.66697823 -1   
6.67582329 1    
6.67731856 1    
6.67735204 -1   
6.68308862 1    
6.68456339 1    
6.68582777 1    
6.68731061 1    
6.68881387 1    
6.69708078 1    
6.70007999 1    
6.70130382 1    
6.70982623 1    
6.71130109 1    
6.71256863 1    
6.71531817 1    
6.75203349 1    
6.75356256 1    
6.80127854 1    
6.80276813 1    
6.80427087 1    
6.81124657 1    
6.82028431 1    
6.84424827 1    
6.84428960 -1   
6.99950114 1    
7.32722493 1    
7.32871850 1    
7.32918991 1    
7.32933222 -1   
7.36593265 1    
7.38294104 1    
7.39468276 1    
7.39615414 1    
7.39740424 1    
7.39890256 1    
7.40017437 1    
7.45265147 1    
7.48167689 1    
7.52188857 -1   
8.09413524 1    
14.13697368 -1   
18.75841513 -1   
20.69716708 1    
27.52255487 -1   
27.53186826 -1   
27.67459289 -1   
30.13991549 -1   
31.61471413 -1   
31.77774895 -1   
31.89248646 1    
32.05641791 1    
32.05671940 -1   
32.22206974 1    
32.22251947 -1   
32.37470959 1    
32.37503174 -1   
