0.00000000 1    
0.18408009 -1   
0.22730431 1    
0.38505855 -1   
0.38586780 1    
0.57644412 -1   
0.58527963 -1   
0.61376482 -1   
0.61407196 1    
0.65674218 -1   
0.73601339 -1   
0.88879060 -1   
0.88893743 1    
1.06993609 -1   
1.11373041 -1   
1.12269688 -1   
1.13046495 -1   
1.22760860 1    
1.26269005 -1   
1.41563486 -1   
1.41597507 1    
1.56979746 -1   
1.61418781 1    
1.76018291 -1   
1.81035699 1    
2.04502369 -1   
2.27591501 -1   
2.27625506 1    
3.12758323 -1   
3.12906424 -1   
3.12929411 -1   
3.16450597 1    
3.17370667 1    
3.31574989 1    
3.79591805 -1   
3.79715976 -1   
3.79765554 -1   
3.85413970 -1   
3.85562647 -1   
3.88162164 -1   
3.88311925 -1   
3.88436444 -1   
3.88861662 -1   
3.89011306 -1   
3.95010866 -1   
3.95159961 -1   
3.95309581 -1   
3.95434854 -1   
3.99033183 -1   
3.99182399 -1   
3.99194718 1    
4.00704562 -1   
4.00828796 -1   
4.01354380 -1   
4.03455152 -1   
4.03604432 -1   
4.03879306 -1   
4.04029783 -1   
4.04452311 -1   
4.04579101 -1   
4.05001640 -1   
4.05155844 -1   
4.10325915 -1   
4.10500349 -1   
4.10626017 -1   
4.11048351 -1   
4.11200258 -1   
4.11347870 -1   
4.14347395 -1   
4.14498108 -1   
4.14623420 -1   
4.14636393 1    
4.16123236 -1   
4.16272528 -1   
4.19021774 -1   
4.19170415 -1   
4.19295541 -1   
4.19443214 -1   
4.19593280 -1   
4.19717806 -1   
4.20292866 -1   
4.20420190 -1   
4.21121455 -1   
4.22071294 1    
4.34240202 1    
4.80786303 -1   
4.80908037 -1   
4.80971239 -1   
4.82932823 -1   
4.83084045 -1   
4.83933576 -1   
4.84083703 -1   
4.84206055 -1   
4.84931702 -1   
4.85081363 -1   
4.86107971 -1   
4.86807021 -1   
4.86929539 -1   
4.87081721 -1   
4.96225512 -1   
4.96376901 -1   
4.96526940 -1   
4.96649188 -1   
4.98226303 -1   
4.98375541 -1   
4.98391017 1    
4.98525580 -1   
4.98649855 -1   
4.99347820 -1   
4.99472309 -1   
4.99622146 -1   
4.99746988 -1   
4.99897218 -1   
5.00046880 -1   
5.00174696 -1   
5.00324411 -1   
5.01024158 -1   
5.01173824 -1   
5.02273354 -1   
5.02423079 -1   
5.02546993 -1   
5.02572175 -1   
5.09093027 -1   
5.09216829 -1   
5.10194393 -1   
5.11817503 -1   
5.11942516 -1   
5.12897585 1    
5.13267209 -1   
5.13391623 -1   
5.13541870 1    
5.17794492 -1   
5.28960037 1    
5.73601147 -1   
5.73633717 1    
5.79205178 -1   
5.79353461 -1   
5.80079344 -1   
5.80203350 -1   
5.80353156 -1   
5.81777725 -1   
5.81902854 -1   
5.82925565 -1   
5.83076186 -1   
5.83226843 -1   
5.83349487 -1   
5.83499388 -1   
5.83649182 -1   
5.83826716 -1   
5.83976163 -1   
5.88924139 -1   
5.89074122 -1   
5.89076357 1    
5.94646035 -1   
5.94794887 -1   
5.94943019 -1   
5.95069961 -1   
5.95495327 -1   
5.95642342 -1   
5.95794591 -1   
5.95919229 -1   
5.96855786 1    
5.97344006 -1   
5.97491329 -1   
5.97616415 -1   
5.97768381 -1   
5.98292958 -1   
5.98417899 -1   
5.98568086 -1   
5.98692639 -1   
5.99117770 -1   
5.99267572 -1   
5.99390524 -1   
5.99542229 -1   
5.99692217 -1   
5.99817440 -1   
5.99965211 -1   
6.00092139 -1   
6.00242187 -1   
6.03213668 -1   
6.03363058 -1   
6.04215017 -1   
6.04389877 -1   
6.04512362 -1   
6.08767502 1    
6.10043574 -1   
6.47688895 -1   
6.47812661 -1   
6.47862302 -1   
6.50288829 1    
6.50863588 -1   
6.54961161 -1   
6.63070406 -1   
6.73076479 -1   
6.73200655 -1   
6.85516893 -1   
6.85535357 1    
6.85667681 -1   
6.85793142 -1   
6.88760679 -1   
7.12115410 -1   
13.71881517 1    
18.23547102 1    
20.47807557 1    
26.17772526 -1   
26.91897487 1    
26.92829562 1    
27.08865362 1    
30.49998144 -1   
