0.00000000 -1   
0.24179980 1    
0.24199581 -1   
0.39591532 -1   
0.42652694 1    
0.62383053 1    
0.62416871 -1   
1.24647792 1    
1.24691328 -1   
1.40284583 -1   
1.45269344 1    
1.46601727 1    
1.49598749 1    
1.55970178 1    
1.61899104 1    
1.61931810 -1   
1.77367574 1    
1.81358496 -1   
1.96431315 1    
1.96465357 -1   
2.02942945 1    
2.05366506 1    
2.07290520 1    
2.11522751 1    
2.26989465 1    
2.77584773 1    
2.77621250 -1   
2.92926533 1    
2.92959180 -1   
3.30494658 -1   
3.46445330 1    
3.46475545 -1   
3.62011443 1    
3.62044863 -1   
3.77253142 1    
3.77283530 -1   
4.10633694 1    
4.45379930 1    
4.45503612 1    
4.45553242 1    
4.49044209 -1   
4.49982539 -1   
4.64149006 -1   
5.23809504 1    
5.23933469 1    
5.23983045 1    
5.28756731 1    
5.28905785 1    
5.36902235 1    
5.37051378 1    
5.37176207 1    
5.38400844 1    
5.38550418 1    
5.39375080 1    
5.39524787 1    
5.39649469 1    
5.39799816 1    
5.43198533 1    
5.43347603 1    
5.44047019 1    
5.44060218 -1   
5.44197328 1    
5.44321662 1    
5.44471823 1    
5.52193083 1    
5.52342377 1    
5.52467272 1    
5.52617118 1    
5.52767325 1    
5.52891700 1    
5.53717109 1    
5.53841489 1    
5.53991053 1    
5.54116013 1    
5.54716661 1    
5.54840741 1    
5.54991077 1    
5.55115540 1    
5.55265747 1    
5.55415477 1    
5.55540150 1    
5.55690263 1    
5.60263604 1    
5.60387497 1    
5.60537647 1    
5.60687401 1    
5.60812463 1    
5.60962346 1    
5.60965395 -1   
5.61112221 1    
5.61236955 1    
5.61388962 1    
5.62339936 -1   
5.77783861 -1   
6.49362746 1    
6.49486795 1    
6.49536325 1    
6.53435017 1    
6.53584675 1    
6.61181111 1    
6.61330308 1    
6.61480005 1    
6.64029376 1    
6.64068122 -1   
6.64178678 1    
6.65053287 1    
6.65177658 1    
6.65327627 1    
6.65452793 1    
6.68726072 1    
6.68875593 1    
6.69000396 1    
6.69150511 1    
6.73773005 1    
6.73897739 1    
6.76472041 1    
6.76596435 1    
6.76745831 1    
6.76870793 1    
6.77020829 1    
6.77170879 1    
6.79320255 1    
6.79444875 1    
6.79448414 -1   
6.80344121 1    
6.80494963 1    
6.80618687 1    
6.80768475 1    
6.80919249 1    
6.81043663 1    
6.81193644 1    
6.81318172 1    
6.84017752 1    
6.84166563 1    
6.84291832 1    
6.84441479 1    
6.84591839 1    
6.84716407 1    
6.84809200 1    
6.85538530 -1   
6.99238526 -1   
7.65146680 1    
7.65295331 1    
7.65344961 1    
7.67144820 1    
7.67269472 1    
7.68144417 1    
7.68294424 1    
7.68418532 1    
7.74840972 1    
7.74857489 -1   
7.74989861 1    
7.81037080 1    
7.81186333 1    
7.81311224 1    
7.81461179 1    
7.82711097 1    
7.82860406 1    
7.82985341 1    
7.83134947 1    
7.83460227 1    
7.83609901 1    
7.83734997 1    
7.83884595 1    
7.84034391 1    
7.84159363 1    
7.84309866 1    
7.84459211 1    
7.84515122 -1   
7.90481969 1    
7.90486791 -1   
7.90605906 1    
7.94229285 1    
7.94378932 1    
7.96328070 1    
7.96477709 1    
7.96602520 1    
7.96752456 1    
7.96902175 1    
7.97027142 1    
7.97301734 1    
7.97452163 1    
7.98027130 1    
7.98176574 1    
7.98301277 1    
7.98451519 1    
7.98601154 1    
7.98613455 -1   
7.98726182 1    
7.98875985 1    
7.99001183 1    
7.99150754 1    
7.99219211 1    
8.06127050 -1   
8.18408335 1    
8.73359177 1    
8.73483936 1    
8.73533532 1    
8.73547590 -1   
8.77931843 1    
8.78055793 1    
8.84453492 1    
8.88714937 1    
8.88741376 -1   
8.90299204 1    
8.95071849 1    
8.95221448 1    
8.95345960 1    
9.03799480 1    
9.19026336 1    
13.69050202 -1   
18.37517521 1    
27.25111712 1    
29.22003113 -1   
29.22934340 -1   
29.37156125 -1   
