0.00000000 -1   
1.61053606 -1   
1.76269719 -1   
1.81844433 1    
1.91383130 -1   
1.97093851 1    
2.06600170 -1   
2.12360132 1    
2.27468052 1    
2.27498576 -1   
2.42609324 1    
2.42626761 -1   
2.57877530 1    
2.69094333 -1   
2.84736896 1    
2.84765093 -1   
3.02600042 1    
3.02631882 -1   
3.17893408 1    
3.17928097 -1   
3.33134705 1    
3.76007877 1    
3.76037725 -1   
4.46385103 1    
4.46534017 1    
4.46581589 1    
4.49951077 -1   
4.50881728 -1   
4.65078297 -1   
5.13172058 1    
5.13320858 1    
5.13414178 1    
5.14343836 1    
5.14493373 1    
5.14617932 1    
5.14767738 1    
5.14917663 1    
5.15043040 1    
5.15192675 1    
5.28620168 1    
5.28762364 1    
5.28887307 1    
5.29037275 1    
5.29662224 1    
5.29811562 1    
5.29819469 -1   
5.29937128 1    
5.30086396 1    
5.30236635 1    
5.30361010 1    
5.30508810 1    
5.30661394 1    
5.30786535 1    
5.30933550 1    
5.31083736 1    
5.31207608 1    
5.31361260 1    
5.31485758 1    
5.31635543 1    
5.31783208 1    
5.44079097 1    
5.44203428 1    
5.44353690 1    
5.44478167 1    
5.44678182 1    
5.44828328 1    
5.44953024 1    
5.45100471 1    
5.45402912 1    
5.45552363 1    
5.45677626 1    
5.45825388 1    
5.45827648 -1   
5.45974957 1    
5.46127346 1    
5.46252699 1    
5.46401776 1    
5.46518430 1    
5.47360446 -1   
5.62695622 -1   
6.08242737 1    
6.08391627 1    
6.08439067 1    
6.09191150 1    
6.09340906 1    
6.09465848 1    
6.09617422 1    
6.09740692 1    
6.09890783 1    
6.09902961 -1   
6.10040775 1    
6.10163515 1    
6.10315736 1    
6.10465295 1    
6.10590662 1    
6.14236897 1    
6.14387908 1    
6.14510625 1    
6.15237983 1    
6.15387465 1    
6.15510280 1    
6.15662158 1    
6.15810443 1    
6.23733375 1    
6.23858195 1    
6.24007730 1    
6.24157824 1    
6.24482452 1    
6.24632375 1    
6.24756739 1    
6.24906932 1    
6.25055240 1    
6.25181281 1    
6.25331945 1    
6.25456613 1    
6.25607728 1    
6.25631919 -1   
6.26329639 1    
6.26453985 1    
6.40870656 1    
6.41849436 -1   
6.45221955 -1   
6.48592662 1    
6.48716235 1    
6.50490954 1    
6.50615403 1    
6.57219841 1    
6.66411453 -1   
7.03962381 1    
7.04118739 1    
7.04166157 1    
7.07985402 1    
7.08135076 1    
7.08259816 1    
7.08407598 1    
7.08560038 1    
7.08984182 1    
7.08997795 -1   
7.09134026 1    
7.09256713 1    
7.09408886 1    
7.09558560 1    
7.09683325 1    
7.09833324 1    
7.09956364 1    
7.10105955 1    
7.10258513 1    
7.10383035 1    
7.10533093 1    
7.10657342 1    
7.13204945 1    
7.19278154 1    
7.19427963 1    
7.19550681 1    
7.19700476 1    
7.19826967 1    
7.20360135 -1   
7.21999951 1    
7.23274486 1    
7.23523762 1    
7.23673422 1    
7.23798473 1    
7.24102832 -1   
7.24548666 1    
7.24672882 1    
7.24822466 1    
7.24947565 1    
7.25097881 1    
7.25247520 1    
7.25372833 1    
7.25522335 1    
7.25647513 1    
7.25797073 1    
7.25949090 1    
7.26249195 1    
7.26374130 1    
7.27571829 1    
7.34296140 1    
7.34444323 1    
7.35155684 1    
7.39343327 -1   
7.75209741 -1   
7.83964533 1    
7.84114063 1    
7.84163977 1    
7.89238314 1    
7.93209464 1    
7.93213094 -1   
7.95560054 1    
7.95682246 1    
7.95832209 1    
7.96581950 1    
7.96731710 1    
7.99343476 1    
8.12405185 -1   
8.14593219 1    
8.43065527 1    
12.61404088 -1   
19.74789819 -1   
23.58424993 1    
28.17298335 -1   
28.18230631 -1   
28.32421233 -1   
32.11311107 1    
32.22374605 -1   
32.43343495 1    
32.43362054 -1   
32.58459516 1    
32.58505133 -1   
32.64800688 -1   
32.74006984 1    
32.84062811 -1   
32.86258843 1    
32.89929730 1    
32.90904024 1    
32.93109937 1    
33.08337714 1    
33.08353707 -1   
33.23469773 -1   
33.28952751 1    
33.32082711 1    
33.34156418 1    
33.40927628 1    
