0.00000000 -1   
0.21064191 1    
0.21084148 -1   
0.40874797 -1   
0.44059443 1    
0.60762352 -1   
0.63164936 1    
0.75929879 -1   
0.81879372 1    
0.96116393 -1   
0.97120312 1    
0.99709753 1    
1.00858614 1    
1.01582750 1    
1.12467257 1    
1.27653345 1    
1.27687239 -1   
1.42769406 1    
1.47185199 -1   
1.62282695 1    
1.66373931 -1   
1.68794729 1    
1.70768580 1    
1.73791659 1    
1.81344237 1    
1.96438826 1    
1.96472193 -1   
2.11580144 1    
2.15970136 -1   
2.90884656 1    
2.90916335 -1   
3.71828800 1    
3.71952868 1    
3.72002293 1    
3.75508207 -1   
3.76442349 -1   
3.91160789 -1   
4.34153129 1    
4.34188136 -1   
4.65599662 1    
4.65723959 1    
4.67448231 1    
4.67573024 1    
4.67722997 1    
4.69368047 -1   
4.74544740 1    
4.74694046 1    
4.74719183 1    
4.76418734 1    
4.76568040 1    
4.78342570 1    
4.88561664 1    
4.88711008 1    
4.88836088 1    
4.88985731 1    
4.89611050 1    
4.89735430 1    
4.89885336 1    
4.90035188 1    
4.92783944 1    
4.92787989 -1   
4.92933875 1    
4.99080338 1    
4.99230159 1    
4.99354996 1    
4.99504927 1    
5.01329330 1    
5.01453839 1    
5.01603347 1    
5.01755670 1    
5.03178235 1    
5.03327763 1    
5.03452525 1    
5.03602595 1    
5.14621535 1    
5.14745847 1    
5.14896094 1    
5.15020857 1    
5.15520616 1    
5.15636115 -1   
5.15664259 1    
5.15795801 1    
5.15945512 1    
5.17320128 1    
5.17469292 1    
5.17594239 1    
5.17744432 1    
5.18168921 1    
5.18294013 1    
5.18387637 1    
5.19328192 -1   
5.25995105 -1   
5.45738512 1    
5.53352040 -1   
6.02181452 1    
6.11716037 1    
6.11865272 1    
6.12840149 1    
6.12964637 1    
6.13114402 1    
6.17987797 1    
6.18136926 1    
6.21410772 1    
6.21429879 -1   
6.21560143 1    
6.21684718 1    
6.22784234 1    
6.22934006 1    
6.23083848 1    
6.27881776 1    
6.28031162 1    
6.29130435 1    
6.30879913 1    
6.31029455 1    
6.31154404 1    
6.31878958 1    
6.32028756 1    
6.34403178 1    
6.34552469 1    
6.35652031 1    
6.35776605 1    
6.37151473 1    
6.37276094 1    
6.37425932 1    
6.37576595 1    
6.37700749 1    
6.40624307 1    
6.40773936 1    
6.40899192 1    
6.41086431 1    
6.45796737 1    
6.45920748 1    
6.50293727 1    
6.50443495 1    
6.51692871 1    
6.63361661 1    
6.63510984 1    
6.65010531 1    
6.65057237 -1   
6.65973508 -1   
6.89293940 1    
6.89325628 -1   
6.89613561 -1   
7.66320993 1    
7.66359846 -1   
7.69800845 1    
7.69949914 1    
7.71449791 1    
7.71574843 1    
7.71723536 1    
7.75247403 1    
7.75372044 1    
7.77521141 1    
7.80419815 1    
7.80543903 1    
7.81244034 1    
7.81393644 1    
7.81518498 1    
7.82543498 1    
7.82692867 1    
7.89264581 1    
7.89269151 -1   
7.89414058 1    
7.91738062 1    
7.91862205 1    
7.92012209 1    
7.92162206 1    
7.93936915 1    
7.94060996 1    
7.94210808 1    
7.94361490 1    
7.97784591 1    
7.97909001 1    
7.97945427 -1   
7.98060139 1    
7.98085382 1    
8.00158250 1    
8.00282479 1    
8.02681937 1    
8.02831319 1    
8.03505945 1    
8.04180590 1    
8.04330132 1    
8.04805406 1    
8.04930073 1    
8.05079742 1    
8.05229603 1    
8.09727517 1    
8.09851890 1    
8.13500748 1    
8.13625077 1    
8.13774820 1    
8.14999743 1    
8.15149088 1    
8.18802306 -1   
8.22818510 1    
8.50754123 1    
8.50903512 1    
8.50928866 1    
8.65745707 1    
8.72295054 1    
8.75190207 1    
8.93404774 1    
8.93529439 1    
8.94227453 1    
8.94252511 -1   
9.13118758 1    
9.13268085 1    
9.13392879 1    
9.16181582 1    
13.91979607 1    
22.20903308 -1   
25.76901197 1    
25.76920096 -1   
29.18273169 -1   
29.19205381 -1   
29.33391057 -1   
