0.00000000 -1   
0.15219573 -1   
0.19921132 1    
0.39534753 1    
0.39566821 -1   
0.57474516 1    
0.57504356 -1   
0.72790773 1    
0.72834341 -1   
0.88057537 1    
1.06875197 -1   
1.22562428 1    
1.22590896 -1   
1.37653277 1    
1.42296713 -1   
1.56742806 1    
1.57410879 -1   
1.84302010 1    
1.84339936 -1   
1.99543342 1    
2.47491426 1    
2.47526496 -1   
3.21414768 1    
3.21562962 1    
3.21612538 1    
3.25081792 -1   
3.26008113 -1   
3.40208779 -1   
3.79255753 1    
3.79404790 1    
3.79454241 1    
3.82178478 1    
3.82328438 1    
3.83178319 1    
3.83327787 1    
3.83452155 1    
3.84127471 1    
3.84276936 1    
3.94771947 1    
3.94895810 1    
3.95046132 1    
3.95170679 1    
3.97545502 1    
3.97669431 1    
3.97819376 1    
3.97833677 -1   
3.97969017 1    
3.98493886 1    
3.98643700 1    
3.98768501 1    
3.98918702 1    
3.99068445 1    
3.99193574 1    
3.99344297 1    
3.99468095 1    
3.99618044 1    
3.99768125 1    
3.99893004 1    
4.00043161 1    
4.10213138 1    
4.10336942 1    
4.10486954 1    
4.10636711 1    
4.10761769 1    
4.10911495 1    
4.11036699 1    
4.11186587 1    
4.12961199 1    
4.13110320 1    
4.13260093 1    
4.13385047 1    
4.13535389 1    
4.13536684 -1   
4.13660163 1    
4.13809890 1    
4.13960051 1    
4.14086241 1    
4.14930323 -1   
4.30232206 -1   
4.70503716 1    
4.70627475 1    
4.70677092 1    
4.73201630 1    
4.73351346 1    
4.73475987 1    
4.74225993 1    
4.74236224 -1   
4.74350583 1    
4.74500172 1    
4.74649989 1    
4.74775151 1    
4.75326520 1    
4.76349213 1    
4.76474218 1    
4.77273745 1    
4.77398754 1    
4.78273383 1    
4.78422927 1    
4.79272505 1    
4.79397559 1    
4.79547529 1    
4.79672363 1    
4.79822029 1    
4.80297142 1    
4.85969176 1    
4.86118513 1    
4.86268722 1    
4.86393630 1    
4.88542552 1    
4.88667332 1    
4.88816880 1    
4.88966962 1    
4.89091857 1    
4.89241951 1    
4.89366708 1    
4.89520057 1    
4.89666420 1    
4.89667933 -1   
4.89816634 1    
4.89941386 1    
4.90091537 1    
4.90241131 1    
4.90366392 1    
4.90391624 1    
4.90918341 -1   
5.06313025 -1   
5.48184162 1    
5.48308386 1    
5.48357780 1    
5.50207585 1    
5.50357319 1    
5.51131963 1    
5.51256771 1    
5.51406446 1    
5.51431333 -1   
5.53156068 1    
5.53280093 1    
5.53430178 1    
5.54829608 1    
5.54954410 1    
5.55804294 1    
5.55953797 1    
5.56078513 1    
5.56228557 1    
5.56378507 1    
5.56503467 1    
5.56653185 1    
5.58877651 1    
5.59001810 1    
5.59151674 1    
5.59926754 1    
5.60877457 -1   
5.61001177 1    
5.61150845 1    
5.63599951 1    
5.63749142 1    
5.63874065 1    
5.64023881 1    
5.65523637 1    
5.65647987 1    
5.65798163 1    
5.65947900 1    
5.66423411 1    
5.66547471 1    
5.66697501 1    
5.66847430 1    
5.66972430 1    
5.67122197 1    
5.67247329 1    
5.67256947 -1   
5.67397431 1    
5.67400976 -1   
5.68571916 1    
5.68721368 1    
5.68871471 1    
5.68996131 1    
5.70121397 1    
5.70270618 1    
5.70295800 1    
6.10324251 -1   
6.15896181 1    
6.16019583 1    
6.16069198 1    
6.20542479 1    
6.25419622 -1   
6.26713415 1    
6.31224399 1    
6.33810210 1    
6.33934311 1    
6.40256186 1    
6.40405425 1    
6.40554840 1    
6.45133089 -1   
6.46446088 1    
6.67200681 1    
14.62795791 1    
18.85635226 -1   
23.08410432 -1   
26.01218468 1    
26.01235223 -1   
26.49573004 -1   
26.50506218 -1   
26.64675496 -1   
30.56681241 -1   
30.77745432 1    
30.77765389 -1   
30.97556038 -1   
31.00740684 1    
