0.00000000 -1   
0.22711582 1    
0.22732245 -1   
0.37822377 -1   
0.41350440 1    
0.57561202 -1   
0.60522750 1    
0.73377204 -1   
0.75682604 1    
0.92793418 -1   
1.00318934 1    
1.05704227 1    
1.10353188 1    
1.10477850 1    
1.15380452 1    
1.15413449 -1   
1.30499422 1    
1.34766648 -1   
1.49588544 1    
1.53955494 -1   
1.62596984 1    
1.66394312 1    
1.69414190 1    
1.72290402 1    
1.72319013 -1   
1.87945374 1    
1.95559158 -1   
2.10980305 1    
2.15172760 -1   
2.33714910 1    
2.54655450 1    
2.54688497 -1   
3.26305188 1    
3.26453182 1    
3.26501209 1    
3.30078410 -1   
3.31005088 -1   
3.45198759 -1   
3.87992802 1    
3.88143451 1    
3.88190895 1    
3.91942633 1    
3.92066756 1    
3.93940531 1    
3.94065499 1    
3.94212811 1    
3.94890528 1    
3.97238756 1    
4.03435882 1    
4.03584533 1    
4.03735237 1    
4.03859605 1    
4.07258641 1    
4.07407685 1    
4.07530687 1    
4.07682292 1    
4.07694963 -1   
4.09280198 1    
4.09404334 1    
4.09554308 1    
4.09703785 1    
4.09829103 1    
4.09978936 1    
4.10105811 1    
4.10257572 1    
4.12577885 1    
4.12702209 1    
4.12854710 1    
4.13004541 1    
4.18876796 1    
4.19026051 1    
4.19151001 1    
4.19298587 1    
4.19450658 1    
4.19573351 1    
4.19725710 1    
4.19850540 1    
4.22697566 1    
4.22848483 1    
4.22973789 1    
4.23123480 1    
4.23548136 1    
4.23696099 1    
4.23698357 -1   
4.24722663 1    
4.24847384 1    
4.24999187 1    
4.25943280 -1   
4.41240908 -1   
4.84165042 1    
4.84311538 1    
4.84361041 1    
4.86213338 1    
4.86362731 1    
4.87362051 1    
4.87509632 1    
4.87634171 1    
4.89459156 1    
4.89585362 1    
4.89735650 1    
4.89885344 1    
4.90008275 1    
4.90157804 1    
4.90282826 1    
4.90432635 1    
4.90583047 1    
4.90707698 1    
4.90857853 1    
4.90984813 1    
4.90997326 -1   
4.91134543 1    
4.99605851 1    
4.99729825 1    
4.99877806 1    
5.00029367 1    
5.01504168 1    
5.01628769 1    
5.01778687 1    
5.01928379 1    
5.02651319 1    
5.02803326 1    
5.02927848 1    
5.03077882 1    
5.03227337 1    
5.03352585 1    
5.03502644 1    
5.03625243 1    
5.04877295 1    
5.05026568 1    
5.05151414 1    
5.05174353 1    
5.06105479 -1   
5.06170797 -1   
5.06749542 1    
5.06873411 1    
5.20222589 1    
5.21470984 -1   
5.67065225 1    
5.67188828 1    
5.67238489 1    
5.68295695 1    
5.68440813 1    
5.68565274 1    
5.68715562 1    
5.68865121 1    
5.68988243 1    
5.68997700 -1   
5.69138101 1    
5.69287713 1    
5.69412695 1    
5.69562854 1    
5.69687775 1    
5.69839516 1    
5.69987545 1    
5.70287464 1    
5.70439449 1    
5.70586991 1    
5.70713967 1    
5.71989026 1    
5.72113368 1    
5.81208568 1    
5.83441899 1    
5.83477154 -1   
5.84109127 -1   
5.85104501 1    
5.85255626 1    
5.85405620 1    
5.85528382 1    
5.85678558 1    
5.85805384 1    
5.85953550 1    
5.86103239 1    
5.86228303 1    
5.86351830 -1   
5.86379973 1    
5.86502866 1    
5.86653011 1    
5.86802789 1    
5.86928032 1    
5.87077691 1    
5.87227744 1    
5.87352434 1    
5.87502244 1    
5.87627334 1    
5.90728064 1    
5.90850638 1    
5.91277504 1    
5.91425192 1    
5.92302584 1    
5.92450979 1    
5.99150717 -1   
6.32521552 -1   
6.46194191 1    
6.46344130 1    
6.46393247 1    
6.47623237 -1   
6.49244783 1    
6.51291932 1    
6.55839122 1    
6.55963337 1    
6.56114836 1    
6.62812128 1    
6.62934227 1    
6.63058802 1    
6.63060464 -1   
6.78285708 1    
6.97626968 1    
12.52957482 1    
15.41391261 -1   
17.19492282 1    
26.18877041 1    
26.79696511 -1   
26.80628134 -1   
26.94927147 -1   
30.87979967 -1   
31.03773980 1    
31.03804150 -1   
31.18988560 1    
