0.00000000 -1   
0.19709560 -1   
0.23784251 1    
0.34849159 -1   
0.38900797 1    
0.50114591 -1   
0.54198682 1    
0.69542082 1    
0.69602935 -1   
0.90469557 1    
1.05651022 1    
1.08000013 1    
1.09587321 1    
1.19599219 -1   
1.24783093 1    
1.39999623 1    
1.40030933 -1   
1.55401839 -1   
1.57630460 1    
1.75115915 -1   
1.87763894 1    
1.91601503 1    
1.93351167 1    
1.94349808 1    
1.94384960 -1   
2.02695377 1    
2.06702166 1    
2.51102169 1    
2.51135595 -1   
3.20328517 1    
3.20452050 1    
3.20501555 1    
3.23912573 -1   
3.24845515 -1   
3.39023515 -1   
3.85967562 1    
3.86091983 1    
3.86139071 1    
3.88214004 1    
3.88340707 1    
3.88489830 1    
3.88990276 1    
3.89137777 1    
3.89287977 1    
3.89412618 1    
4.01409148 1    
4.01557675 1    
4.01680922 1    
4.01830433 1    
4.03533608 1    
4.03654342 1    
4.03804493 1    
4.03816808 -1   
4.03929451 1    
4.04179761 1    
4.04329355 1    
4.04453900 1    
4.04605523 1    
4.05029269 1    
4.05153877 1    
4.05305198 1    
4.05469038 1    
4.05578361 1    
4.05728754 1    
4.05853020 1    
4.06002967 1    
4.16873370 1    
4.16998879 1    
4.17147036 1    
4.17274440 1    
4.17423872 1    
4.17573182 1    
4.17698772 1    
4.17846243 1    
4.19023673 1    
4.19170734 1    
4.19295340 1    
4.19445359 1    
4.19595522 1    
4.19597583 -1   
4.19720468 1    
4.19869994 1    
4.19995214 1    
4.20146345 1    
4.21087718 -1   
4.36391430 -1   
4.91207394 1    
4.91357041 1    
4.91403897 1    
4.95828976 1    
4.95951856 1    
4.96101738 1    
4.96228394 1    
4.96379021 1    
4.96526660 1    
4.96651112 1    
4.96801610 1    
4.98878025 1    
4.99025443 1    
4.99149778 1    
4.99850436 1    
4.99999678 1    
5.00124564 1    
5.00276368 1    
5.00401078 1    
5.00549469 1    
5.00701167 1    
5.00716357 -1   
5.00823988 1    
5.00975778 1    
5.06671486 1    
5.06797011 1    
5.06947494 1    
5.07070219 1    
5.10644153 1    
5.10767906 1    
5.11143327 1    
5.11269376 1    
5.11419350 1    
5.11570334 1    
5.11692739 1    
5.11842520 1    
5.11969170 1    
5.12119096 1    
5.12270956 1    
5.13142366 1    
5.13155431 -1   
5.13291893 1    
5.15870343 -1   
5.16390564 1    
5.16540186 1    
5.27417046 1    
5.35584216 -1   
5.76381774 1    
5.76533049 1    
5.76580469 1    
5.77930824 1    
5.78082035 1    
5.79129299 1    
5.79281305 1    
5.79404203 1    
5.79429451 -1   
5.79954103 1    
5.80103558 1    
5.80978295 1    
5.81127934 1    
5.81278082 1    
5.81402855 1    
5.81952821 1    
5.82104656 1    
5.82229465 1    
5.83004002 1    
5.83126571 1    
5.83952303 1    
5.84078516 1    
5.84226105 1    
5.88876135 1    
5.89523573 1    
5.90484360 -1   
5.91724296 1    
5.91873700 1    
5.91997323 1    
5.92833078 -1   
5.93146472 1    
5.93271060 1    
5.93423282 1    
5.93545890 1    
5.93697698 1    
5.93845579 1    
5.94271147 1    
5.94470272 1    
5.94597510 1    
5.94747069 1    
5.94872524 1    
5.95020057 1    
5.95022673 -1   
5.95171946 1    
5.99169178 1    
6.00169844 1    
6.00291773 1    
6.01142130 1    
6.07965364 1    
6.08114130 1    
6.08263696 1    
6.08266353 1    
6.11835736 1    
6.11839365 -1   
6.23391268 1    
6.51013613 1    
6.51137433 1    
6.51187059 1    
6.51201365 -1   
6.55712759 1    
6.55859994 1    
6.66344948 1    
6.66349375 -1   
6.69203406 1    
6.69327625 1    
6.81721008 1    
6.81872640 1    
6.81997428 1    
6.82020354 1    
6.82021495 -1   
6.97246802 1    
7.21133026 1    
12.40275369 -1   
13.19845124 -1   
17.98838165 -1   
21.99439131 -1   
27.00279001 -1   
27.01213658 -1   
27.15708857 -1   
31.18398908 -1   
31.33897207 -1   
31.38648456 1    
31.49064608 -1   
31.53766652 1    
