0.00000000 -1   
0.19613801 1    
0.19631488 -1   
0.34806026 1    
0.34810671 -1   
0.50327388 1    
0.50331401 -1   
0.68435806 1    
0.70448504 -1   
0.71648177 1    
0.73070832 1    
0.74270345 1    
0.85646633 1    
1.00767921 1    
1.00797143 -1   
1.28473673 1    
1.28503086 -1   
1.55036660 1    
1.55087961 -1   
1.70477325 1    
1.70480990 -1   
1.86167207 1    
1.86197782 -1   
2.04107917 1    
2.04139279 -1   
2.19371638 1    
2.19401193 -1   
2.34638304 1    
2.89600016 1    
2.89748523 1    
2.89795911 1    
2.93313764 -1   
2.94241972 -1   
3.09596767 -1   
3.50118582 1    
3.50263612 1    
3.50311035 1    
3.51086667 1    
3.57433526 1    
3.59832071 1    
3.59981347 1    
3.60105914 1    
3.60256446 1    
3.60380727 1    
3.74625524 1    
3.74749777 1    
3.74899920 1    
3.75049608 1    
3.75172223 1    
3.75324364 1    
3.75474634 1    
3.75486277 -1   
3.75599392 1    
3.75748886 1    
3.75872275 1    
3.76021721 1    
3.76173754 1    
3.76298755 1    
3.91913164 1    
3.92064711 1    
3.92215036 1    
3.92339401 1    
3.92489600 1    
3.92639354 1    
3.94586930 1    
3.94711060 1    
3.94861035 1    
3.94985941 1    
3.95138699 1    
3.95287859 1    
3.97810017 1    
3.97826294 -1   
3.97959056 1    
4.07379767 1    
4.07505362 1    
4.07653489 1    
4.07803382 1    
4.08028551 1    
4.08178146 1    
4.10030149 1    
4.10179186 1    
4.10304533 1    
4.10454318 1    
4.10455786 1    
4.11415914 -1   
4.17406015 -1   
4.75016138 1    
4.75164816 1    
4.75214430 1    
4.79064002 1    
4.79214825 1    
4.80189323 1    
4.80314498 1    
4.81362183 1    
4.81380992 -1   
4.82386323 1    
4.82535570 1    
4.91181177 1    
4.91305558 1    
4.91455752 1    
4.94356307 1    
4.94506520 1    
4.94855974 1    
4.95506190 1    
4.95630258 1    
4.96705729 1    
4.96830396 1    
4.97552634 1    
4.97829544 1    
4.97979893 1    
5.06623271 1    
5.06774414 1    
5.07399037 1    
5.09646571 1    
5.09664386 -1   
5.09770387 1    
5.10144984 1    
5.10295063 1    
5.10919563 1    
5.11069298 1    
5.12143994 1    
5.12293984 1    
5.13146109 1    
5.13268409 1    
5.17343194 1    
5.17493466 1    
5.21913785 1    
5.22688277 1    
5.22810768 -1   
5.22840580 1    
5.25164306 1    
5.25168173 -1   
5.25299642 1    
5.40410349 -1   
5.81232581 1    
5.81381810 1    
5.81404858 1    
5.83105970 1    
5.83230807 1    
5.87154096 1    
5.87303002 1    
5.87453240 1    
5.87462994 -1   
5.88103018 1    
5.88252388 1    
5.96574242 1    
5.96697713 1    
5.96847527 1    
5.96997416 1    
5.97122495 1    
5.97272040 1    
5.98447576 1    
5.98569325 1    
5.98721475 1    
6.02593108 1    
6.02718686 1    
6.02720281 -1   
6.03195159 1    
6.03568467 1    
6.03695109 1    
6.03843665 1    
6.11990020 1    
6.12136573 1    
6.12286299 1    
6.12436369 1    
6.12586641 1    
6.12713436 1    
6.12928638 -1   
6.14037960 1    
6.14187564 1    
6.14940178 1    
6.17886025 1    
6.18035782 1    
6.18185149 1    
6.18186841 -1   
6.18859916 1    
6.19009582 1    
6.19207917 1    
6.19359860 1    
6.27555259 1    
6.27704734 1    
6.27877889 1    
6.28027299 1    
6.28179545 1    
6.28302260 1    
6.29529613 1    
6.29552111 1    
6.38278033 -1   
6.75667847 -1   
6.87820978 1    
6.87970302 1    
6.88017557 1    
6.88470172 1    
6.88594874 1    
6.88744967 1    
6.89419499 1    
6.89567089 1    
6.91194254 1    
6.91318761 1    
6.91321433 -1   
7.10658096 1    
7.10720110 1    
9.70711174 -1   
19.24972829 1    
21.99165444 1    
27.17971595 -1   
27.17972403 -1   
27.33328247 -1   
27.33328657 -1   
