0.00000000 -1   
0.73118071 -1   
0.88324726 -1   
0.89531116 1    
1.04670486 1    
1.04673919 -1   
1.19888321 1    
1.19892072 -1   
1.35527387 1    
1.35558153 -1   
1.51020686 1    
1.51052173 -1   
1.66334839 1    
1.66368525 -1   
1.82052945 1    
2.01116761 1    
2.01160060 -1   
2.23660706 1    
2.27766854 1    
2.31341012 1    
2.42979515 1    
2.42998728 -1   
2.63804308 1    
2.69868232 1    
2.71567349 1    
2.84659005 1    
2.87894669 -1   
2.99810965 1    
3.03053594 -1   
3.60426530 1    
3.60460110 -1   
4.38196631 1    
4.38345845 1    
4.38393232 1    
4.41776426 -1   
4.42734011 -1   
4.56939794 -1   
5.08081885 1    
5.08203777 1    
5.08253345 1    
5.12079238 1    
5.12228356 1    
5.13301070 1    
5.13453565 1    
5.13600400 1    
5.13728662 1    
5.13878095 1    
5.23572321 1    
5.23722657 1    
5.23872044 1    
5.23996892 1    
5.27368796 1    
5.27492515 1    
5.27643118 1    
5.27794808 1    
5.27807565 -1   
5.28692505 1    
5.28816690 1    
5.28967021 1    
5.29091534 1    
5.29241952 1    
5.29391655 1    
5.29518826 1    
5.29668507 1    
5.29818474 1    
5.29943369 1    
5.30093657 1    
5.30241195 1    
5.40386130 1    
5.40535188 1    
5.40685221 1    
5.40809913 1    
5.40960048 1    
5.41084707 1    
5.41237386 1    
5.41384719 1    
5.44058611 1    
5.44183033 1    
5.44333386 1    
5.44482720 1    
5.44607863 1    
5.44757690 1    
5.44882869 1    
5.45032985 1    
5.45035564 -1   
5.45186543 1    
5.46136772 -1   
5.61628420 -1   
6.07300045 1    
6.07449355 1    
6.07496368 1    
6.12771705 1    
6.12905440 1    
6.13096032 1    
6.13245925 1    
6.13371007 1    
6.13382679 -1   
6.15520049 1    
6.15669207 1    
6.15792727 1    
6.15944075 1    
6.16098272 1    
6.16243966 1    
6.16394179 1    
6.16519036 1    
6.16669106 1    
6.16793657 1    
6.16941822 1    
6.17093093 1    
6.17218490 1    
6.17368368 1    
6.18193612 1    
6.19190472 1    
6.22816236 1    
6.22965152 1    
6.23089996 1    
6.23239915 1    
6.26786865 1    
6.26910806 1    
6.28060869 1    
6.28209955 1    
6.28334653 1    
6.28484550 1    
6.28884748 1    
6.29034677 1    
6.29159611 1    
6.29309542 1    
6.29459569 1    
6.29479198 -1   
6.29584229 1    
6.29585990 -1   
6.30384039 -1   
6.30960742 1    
6.31108331 1    
6.31133463 1    
6.50027792 -1   
6.96874214 1    
6.97020591 1    
6.97070197 1    
7.00544347 1    
7.00693687 1    
7.01869090 1    
7.02019740 1    
7.02145890 1    
7.02292561 1    
7.02302951 -1   
7.02420104 1    
7.02569631 1    
7.03270181 1    
7.03391950 1    
7.03541832 1    
7.04968567 1    
7.05091050 1    
7.05240825 1    
7.06041154 1    
7.12587742 1    
7.12711474 1    
7.12861568 1    
7.13014352 1    
7.13138402 1    
7.13290471 1    
7.16237444 1    
7.16359804 1    
7.16511454 1    
7.16661526 1    
7.17170806 -1   
7.19960265 1    
7.20082356 1    
7.20384469 1    
7.20507158 1    
7.20659418 1    
7.20784067 1    
7.20902270 -1   
7.21083978 1    
7.21206584 1    
7.21586253 -1   
7.21758986 1    
7.21906503 1    
7.22031248 1    
7.22181061 1    
7.23281764 1    
7.23430559 1    
7.23555784 1    
7.23705421 1    
7.25230361 1    
7.25379663 1    
7.25504685 1    
7.25653984 1    
7.26067843 1    
7.42227398 -1   
7.79799140 1    
7.79927453 1    
7.81500412 1    
7.83524181 1    
7.83539906 -1   
7.83673329 1    
7.85370786 1    
7.85495420 1    
7.86420402 1    
7.95418271 1    
7.95890410 1    
7.96039051 1    
7.98942556 -1   
8.11154958 1    
12.91128390 -1   
14.97000629 1    
22.70324224 -1   
28.14484313 -1   
28.15417385 -1   
28.29754058 -1   
