0.00000000 -1   
0.22430690 1    
0.37595829 1    
0.37627648 -1   
0.55660171 1    
0.58925715 1    
0.61797318 1    
0.62423967 1    
0.74047989 1    
0.93360746 -1   
1.11454047 1    
1.11484618 -1   
1.26621592 1    
1.30859566 -1   
1.45683980 1    
1.46003866 -1   
1.75893600 1    
1.93426363 -1   
1.95005397 1    
2.08545069 -1   
2.10123954 1    
2.28459087 -1   
2.47500224 1    
2.47543464 -1   
2.72238826 1    
2.74027521 1    
2.74175102 1    
2.89381568 1    
2.92869930 -1   
2.93811988 -1   
3.08087729 -1   
3.50409633 1    
3.50556336 1    
3.50605992 1    
3.54254799 1    
3.54404100 1    
3.57852507 1    
3.58004215 1    
3.58151331 1    
3.58351840 1    
3.58502897 1    
3.72819387 1    
3.72970529 1    
3.73120627 1    
3.73242882 1    
3.76894551 1    
3.77040642 1    
3.77193363 1    
3.77205494 -1   
3.77317764 1    
3.81816719 1    
3.81940561 1    
3.82090300 1    
3.82214981 1    
3.83189898 1    
3.83314562 1    
3.83464588 1    
3.83589162 1    
3.84562024 1    
3.84688691 1    
3.84838655 1    
3.84961152 1    
3.99503679 1    
3.99630092 1    
3.99780106 1    
3.99930185 1    
4.00329759 1    
4.00452421 1    
4.00604372 1    
4.00727303 1    
4.02804012 1    
4.02927954 1    
4.03078390 1    
4.03227718 1    
4.03653064 1    
4.03654445 -1   
4.03777633 1    
4.08223597 1    
4.08372811 1    
4.08801802 1    
4.09340807 -1   
4.25819480 -1   
4.66327170 1    
4.66344587 -1   
4.70015740 1    
4.70139489 1    
4.73463605 1    
4.73614719 1    
4.74437606 1    
4.75487152 1    
4.75611734 1    
4.76511894 1    
4.76658911 1    
4.76785745 1    
4.77735703 1    
4.77886785 1    
4.78810028 1    
4.78934605 1    
4.79084857 1    
4.79208882 1    
4.79834424 1    
4.82006237 1    
4.82157921 1    
4.82282953 1    
4.82432797 1    
4.82582810 1    
4.82896428 1    
4.82897752 -1   
4.83857403 1    
4.84006658 1    
4.87180337 1    
4.87329852 1    
4.87605059 1    
4.87854572 1    
4.89079302 1    
4.89201489 1    
4.89353838 1    
4.89503409 1    
4.90803452 1    
4.90925411 1    
4.91077598 1    
4.91802306 1    
4.91950187 1    
4.95625641 1    
4.95658132 -1   
4.95776792 1    
4.96644566 -1   
4.98185636 1    
4.98189370 -1   
5.02024083 1    
5.14034618 1    
5.14065175 -1   
5.59830605 1    
5.59866672 -1   
5.62887580 1    
5.63011609 1    
5.63161937 1    
5.63309219 1    
5.63709182 1    
5.64633951 1    
5.65458126 1    
5.65607590 1    
5.66932954 1    
5.67084242 1    
5.67233744 1    
5.67356946 1    
5.67509273 1    
5.67656632 1    
5.67808851 1    
5.67958561 1    
5.69633437 1    
5.69782505 1    
5.70507610 1    
5.70524086 -1   
5.75255216 1    
5.75259259 -1   
5.75404568 1    
5.78303407 1    
5.78450548 1    
5.78578575 1    
5.78729108 1    
5.78850340 1    
5.79002332 1    
5.79152358 1    
5.79275206 1    
5.80025425 1    
5.80174591 1    
5.80299340 1    
5.80449572 1    
5.80949018 1    
5.81099078 1    
5.81223716 1    
5.81373912 1    
5.82401023 1    
5.82523501 1    
5.82675531 1    
5.82711892 -1   
5.83297920 1    
5.83422694 1    
5.84599990 1    
5.84746872 1    
5.84896951 1    
5.87420687 1    
5.87545734 1    
5.94446073 -1   
5.97744784 1    
6.27002424 1    
6.27124981 1    
6.27172350 1    
6.31046314 1    
6.35518514 1    
6.42330024 1    
6.45238639 1    
6.45388849 1    
6.57630297 1    
6.57648623 -1   
6.59505264 1    
6.59653938 1    
6.73146006 1    
6.73149833 -1   
7.31375895 1    
15.51943983 -1   
22.07805822 1    
26.76217014 -1   
26.77049339 -1   
26.91345447 -1   
30.83709130 -1   
30.93375073 1    
30.98942252 -1   
