0.00000000 -1   
2.24893259 -1   
2.45424403 1    
2.60715696 1    
2.60759873 -1   
2.87800312 1    
2.87814644 -1   
3.15547182 -1   
3.31474791 1    
3.31505934 -1   
3.48914666 1    
3.48946534 -1   
3.91815632 1    
4.15570546 -1   
4.30868088 1    
4.30901504 -1   
4.48632752 1    
4.48663655 -1   
4.72394189 1    
4.91584136 1    
4.91620905 -1   
5.78733963 1    
5.78768187 -1   
6.73172067 1    
6.73293883 1    
6.73343506 1    
6.76631953 -1   
6.77561177 -1   
6.91814351 -1   
7.62343849 1    
7.62492694 1    
7.62542352 1    
7.66091276 1    
7.66240939 1    
7.77884558 1    
7.78034226 1    
7.78183542 1    
7.80532780 1    
7.80682332 1    
7.80807633 1    
7.80957461 1    
7.81082324 1    
7.81508422 1    
7.81533627 1    
7.81681678 1    
7.81806960 1    
7.82506761 1    
7.82519458 -1   
7.87179114 1    
7.87328600 1    
7.93176172 1    
7.93325034 1    
7.93475329 1    
7.93599959 1    
7.93749995 1    
7.96973629 1    
7.97098086 1    
7.97247967 1    
7.97273213 1    
7.97672675 1    
7.97797651 1    
7.97947376 1    
7.98072531 1    
7.98222091 1    
7.98372411 1    
7.98496964 1    
7.98671376 1    
8.00071687 1    
8.00087588 -1   
8.00221299 1    
8.00346047 1    
8.00495784 1    
8.02445371 1    
8.02594867 1    
8.02719504 1    
8.02869757 1    
8.03019509 1    
8.12936637 1    
8.17587049 1    
8.32125107 1    
8.32162946 -1   
8.51647479 -1   
9.29898488 1    
9.30047147 1    
9.30096356 1    
9.35294686 1    
9.35444079 1    
9.47762551 1    
9.47886902 1    
9.48036661 1    
9.48050130 -1   
9.48836274 1    
9.48985857 1    
9.49111174 1    
9.50667765 1    
9.50959710 1    
9.51109595 1    
9.52434289 1    
9.52583767 1    
9.52708984 1    
9.52858916 1    
9.52983754 1    
9.53133485 1    
9.63078579 1    
9.63227735 1    
9.63352817 1    
9.63502391 1    
9.63627858 1    
9.65176828 1    
9.65197421 -1   
9.65326794 1    
9.65476361 1    
9.65976530 1    
9.66001632 1    
9.67150791 1    
9.67275383 1    
9.68149969 1    
9.68274986 1    
9.68424906 1    
9.69374391 1    
9.69524336 1    
9.69648984 1    
9.69799085 1    
9.69925789 1    
9.71323272 1    
9.72397789 1    
9.72547574 1    
9.74566937 -1   
9.81317060 1    
9.81321225 -1   
9.96788551 -1   
10.67619415 1    
10.67767950 1    
10.67817546 1    
10.72565999 1    
10.72715641 1    
10.73664994 1    
10.73814518 1    
10.73964586 1    
10.73978118 -1   
10.86133258 1    
10.86282310 1    
10.87103574 1    
10.87281742 1    
10.87406763 1    
10.87556570 1    
10.88331482 1    
10.88480905 1    
10.89280787 1    
10.89430304 1    
10.89580375 1    
10.89705527 1    
10.89717796 -1   
10.90455086 1    
10.90604752 1    
10.94628290 1    
11.02462133 1    
11.03409564 -1   
11.04522063 1    
11.04671613 1    
11.06646491 1    
11.06649266 -1   
11.06795545 1    
11.06920516 1    
11.07070580 1    
11.07195407 1    
11.07345317 1    
11.07494880 1    
11.07620298 1    
11.07770067 1    
11.09969137 1    
11.10118512 1    
11.10268713 1    
11.10393466 1    
11.10543637 1    
11.10693241 1    
11.12117754 1    
11.12131289 -1   
11.12267348 1    
11.13966888 1    
11.15940969 1    
11.16065429 1    
11.16215322 1    
11.17546255 1    
11.21667226 -1   
11.32715708 1    
11.43974750 1    
11.51808351 1    
11.92633808 1    
12.08038584 1    
12.08187773 1    
12.08237361 1    
12.11835956 1    
12.16783492 1    
12.23392757 1    
12.29975717 1    
12.30125486 1    
12.30250123 1    
12.30266122 -1   
12.31174868 1    
12.31299392 1    
12.38789518 1    
18.52145827 -1   
21.85083484 -1   
26.57993912 1    
29.39782081 1    
32.41608813 -1   
32.42540962 -1   
32.56996771 -1   
