0.00000000 -1   
0.18789761 1    
0.18806909 -1   
0.35928526 1    
0.35932503 -1   
0.51253463 1    
0.51257650 -1   
0.69656979 1    
0.72347726 1    
0.75319363 1    
0.75661904 -1   
0.77345121 1    
0.87564527 1    
0.87570360 1    
0.94812537 -1   
1.02689878 1    
1.10131092 -1   
1.17913505 1    
1.19768453 1    
1.23616444 1    
1.24541284 1    
1.33104732 1    
1.33151736 -1   
1.51089104 1    
1.51126935 -1   
1.66354311 1    
1.75752159 -1   
1.94412514 1    
1.94442527 -1   
2.09654301 1    
2.09689155 -1   
2.24894512 1    
2.24924877 -1   
2.49079202 1    
2.63538387 1    
2.63685586 1    
2.68246811 1    
2.71737906 -1   
2.72761956 -1   
2.86877450 -1   
3.03174219 1    
3.03213265 -1   
3.19681643 1    
3.19830420 1    
3.19925873 1    
3.19956338 -1   
3.23504456 1    
3.23652874 1    
3.25276015 1    
3.25427285 1    
3.25549862 1    
3.26200040 1    
3.26326538 1    
3.35147277 1    
3.35269479 1    
3.35419548 1    
3.35544317 1    
3.35694048 1    
3.35845695 1    
3.38970070 1    
3.39092709 1    
3.39108012 -1   
3.39242798 1    
3.39367413 1    
3.40743498 1    
3.40891466 1    
3.41016553 1    
3.41168399 1    
3.41566421 1    
3.41715890 1    
3.41841097 1    
3.41990681 1    
3.45614161 1    
3.45763602 1    
3.50563765 1    
3.50712786 1    
3.50838048 1    
3.50987607 1    
3.51138216 1    
3.51262850 1    
3.51411715 1    
3.51536593 1    
3.51687646 1    
3.51837007 1    
3.51962433 1    
3.52111320 1    
3.54411577 1    
3.54535560 1    
3.54685692 1    
3.54835364 1    
3.54959899 1    
3.54960977 -1   
3.55008036 1    
3.55935435 -1   
3.71304490 -1   
3.90772426 -1   
4.06365809 1    
4.06394862 -1   
4.09355036 1    
4.09504154 1    
4.10353998 1    
4.10476357 1    
4.10628757 1    
4.10753294 1    
4.10901168 1    
4.11052715 1    
4.11203581 1    
4.11328336 1    
4.12153100 1    
4.12302329 1    
4.12727834 1    
4.12877240 1    
4.13826609 1    
4.13974334 1    
4.14101752 1    
4.14951928 1    
4.15049056 1    
4.15200813 1    
4.15326309 1    
4.15475916 1    
4.15901196 1    
4.21798128 1    
4.21801780 -1   
4.21922187 1    
4.24845386 1    
4.24968359 1    
4.25120107 1    
4.25245412 1    
4.25820295 1    
4.25968061 1    
4.26092451 1    
4.26242882 1    
4.26392332 1    
4.26518703 1    
4.26667219 1    
4.26792419 1    
4.26943569 1    
4.26968811 1    
4.27716283 -1   
4.28466973 1    
4.28615970 1    
4.31942620 1    
4.32089050 1    
4.41588677 -1   
4.43091398 1    
4.56807196 -1   
4.62783182 1    
4.71921881 -1   
4.88334924 1    
4.88338542 -1   
4.88459153 1    
4.88482067 1    
4.90383546 1    
4.90532738 1    
4.92482556 1    
4.93479443 1    
4.93631435 1    
4.93755819 1    
4.93903926 1    
4.93915041 -1   
4.94030930 1    
4.94180613 1    
4.94330691 1    
4.94731475 1    
4.94855449 1    
4.95005219 1    
4.95130224 1    
4.95278076 1    
4.95430184 1    
4.95729791 1    
4.95852622 1    
4.96002533 1    
4.96129772 1    
5.02078232 1    
5.02201735 1    
5.03637909 1    
5.03641507 -1   
5.08398482 1    
5.08427696 -1   
5.08522694 1    
5.09547190 1    
5.09670200 1    
5.09821679 1    
5.09944735 1    
5.10096426 1    
5.10621288 1    
5.10771257 1    
5.10894128 1    
5.11046088 1    
5.11196283 1    
5.11345806 1    
5.12245690 1    
5.12393142 1    
5.12793221 1    
5.15119504 1    
5.15243861 1    
5.15943798 1    
5.18876556 1    
5.18880382 -1   
5.19389856 1    
5.19513824 1    
5.21140725 1    
5.21287891 1    
5.34340941 1    
5.49549851 1    
5.49579930 -1   
5.49672679 1    
5.50548423 1    
5.53545427 1    
5.53694550 1    
5.69050113 1    
5.75931750 -1   
5.77958559 1    
5.78082580 1    
5.78232533 1    
5.78357474 1    
5.78505691 1    
5.83204662 1    
5.88505254 1    
5.88612922 -1   
5.95178646 -1   
6.03678532 1    
6.10218952 -1   
6.30460812 1    
6.30495293 -1   
6.46828113 1    
6.71764429 1    
6.76052370 -1   
6.93427265 1    
6.93457570 -1   
7.25306860 1    
7.25339201 -1   
7.50944250 1    
7.76190847 -1   
7.93594634 1    
7.93625624 -1   
8.10884766 1    
8.10914049 -1   
8.31773452 1    
8.76234047 -1   
8.93087759 1    
8.93118611 -1   
9.13175704 1    
9.13204821 -1   
9.39384258 1    
9.76235966 -1   
9.93105450 1    
9.93136461 -1   
10.14867906 1    
10.14899939 -1   
10.39501651 1    
10.76256076 -1   
10.93472965 1    
10.93501746 -1   
11.14785919 1    
11.14815172 -1   
11.40269501 1    
11.76191474 -1   
11.93491156 1    
11.93519443 -1   
12.12005096 1    
12.12033870 -1   
12.32291230 1    
16.72809803 -1   
23.15450521 1    
25.91598990 -1   
25.92530850 -1   
26.06950398 -1   
30.00364315 -1   
30.23267871 1    
30.38910956 1    
30.38943670 -1   
30.56782473 1    
30.58937876 1    
30.60212269 1    
30.62910717 1    
30.74343246 1    
