0.00000000 -1   
0.20375851 -1   
0.28750495 1    
0.46621920 1    
0.46654326 -1   
0.61726924 -1   
0.64763165 1    
0.85176723 1    
0.85190024 -1   
1.03755333 -1   
1.18616747 -1   
1.27294139 1    
1.46056147 1    
1.46086731 -1   
1.60974493 1    
1.61011032 -1   
2.01649439 1    
2.01683292 -1   
2.27761384 1    
2.46650513 1    
2.46681398 -1   
3.15886111 1    
3.16059950 -1   
3.88230194 1    
3.88392298 -1   
4.62359468 1    
4.65641733 -1   
4.81186074 -1   
5.36198381 1    
5.36322349 1    
5.36371963 1    
5.49216056 1    
5.49365376 1    
5.55309303 1    
5.63234486 1    
5.72600401 1    
5.72631834 -1   
5.87907344 1    
6.58978528 1    
6.59104103 1    
6.59152131 1    
10.88005999 -1   
15.73646437 -1   
19.40655173 -1   
19.79141424 -1   
20.09443353 -1   
20.10488250 1    
20.24813742 -1   
20.25591067 1    
20.26564149 -1   
20.51010867 -1   
20.54004124 1    
20.54028765 1    
20.56427869 1    
20.58126312 1    
20.58728000 1    
20.69152900 1    
20.69169306 -1   
20.92593696 1    
20.96499136 -1   
20.98203997 1    
20.98955434 1    
20.99080145 1    
21.14895604 1    
21.14899509 -1   
21.37116162 1    
21.37120046 -1   
21.52135561 1    
21.52166270 -1   
22.21693081 1    
22.21722827 -1   
22.39757833 1    
22.39802896 -1   
22.62246688 1    
23.52970360 1    
23.53141718 -1   
24.09669273 1    
24.09818193 -1   
24.93221430 1    
24.96397392 -1   
25.13550374 -1   
25.49096148 1    
25.49220166 1    
25.49269734 1    
25.62190677 1    
25.62337912 1    
25.63362189 1    
25.72207960 1    
