0.00000000 1    
3.12190351 -1   
3.38405713 1    
3.54272265 1    
3.54303282 -1   
3.70180845 -1   
3.75582752 1    
3.76872207 1    
3.77021576 1    
3.79120339 1    
3.79270085 1    
3.92007024 1    
3.92025026 -1   
4.09439782 1    
4.10247467 -1   
4.10580064 1    
4.15576955 1    
4.18400397 1    
4.25712253 1    
4.40570126 1    
4.40601495 -1   
4.66981763 1    
4.67012499 -1   
4.98214893 1    
5.10361157 -1   
5.29644484 1    
5.29674929 -1   
5.56354080 1    
5.56383965 -1   
5.86911428 1    
6.10451302 -1   
6.33709227 1    
6.33738191 -1   
6.48167057 1    
6.54766742 1    
6.62739757 -1   
6.78083989 1    
6.86099724 -1   
7.10545233 -1   
7.22209306 1    
7.44121987 1    
7.44155835 -1   
7.64009877 1    
7.64044922 -1   
7.88815096 1    
7.88848328 -1   
8.22626715 1    
8.47712872 1    
8.47884856 -1   
9.28575168 1    
9.28739465 -1   
10.09253940 1    
10.12923213 -1   
10.35800332 -1   
10.92064588 1    
10.92187491 1    
10.92236818 1    
10.93661257 1    
10.93811018 1    
10.95360626 1    
11.01932544 1    
11.13725574 1    
11.13758451 -1   
11.13951104 1    
12.53398130 1    
12.64638390 1    
12.73944654 1    
16.13995188 -1   
21.15735825 -1   
25.20542440 -1   
25.49451242 1    
25.49471202 -1   
25.66955704 1    
25.66960297 -1   
25.82029800 1    
25.82034421 -1   
26.11479998 1    
26.11496321 -1   
26.28725277 -1   
26.45784383 1    
26.45813645 -1   
26.66298116 1    
26.66327746 -1   
26.95279698 1    
27.12199629 -1   
27.27610556 1    
27.27642308 -1   
27.42452915 1    
27.48294623 -1   
27.66066174 1    
27.67807433 -1   
28.17636856 1    
28.49806149 1    
28.49837258 -1   
