0.00000000 -1   
0.17854450 -1   
0.23705688 1    
0.38655067 1    
0.38686835 -1   
0.58032193 -1   
0.61782073 1    
0.62823585 1    
0.63749227 1    
0.65699298 1    
0.77906472 1    
0.77921648 -1   
0.97182496 -1   
0.99637819 1    
1.00477720 1    
1.02053365 1    
1.12051137 -1   
1.15491757 1    
1.34299885 1    
1.34353134 -1   
1.49458037 1    
1.54100020 -1   
1.75292261 1    
1.76946415 -1   
1.99155617 1    
2.35058474 1    
2.35088738 -1   
3.40101590 1    
3.40274100 -1   
4.19636309 1    
4.19792443 -1   
4.98543916 1    
5.01780332 -1   
5.16644387 -1   
5.85198609 1    
5.85322474 1    
5.85372014 1    
5.88846250 1    
5.88995515 1    
5.92369284 1    
5.95092842 1    
6.03962688 1    
6.03967021 1    
6.04000156 -1   
6.94810996 1    
6.94959716 1    
6.95009327 1    
11.04047531 -1   
14.88193642 1    
16.05929840 -1   
16.97248810 1    
20.09439161 -1   
20.35654522 1    
20.51521074 1    
20.51552092 -1   
20.67429655 -1   
20.72831562 1    
20.74121016 1    
20.74270385 1    
20.76369149 1    
20.76518895 1    
20.89255834 1    
20.89273836 -1   
21.06688592 1    
21.07496277 -1   
21.07828874 1    
21.12825765 1    
21.15649207 1    
21.22961063 1    
21.37818935 1    
21.37850305 -1   
21.64230572 1    
21.64261309 -1   
21.95463703 1    
22.07609967 -1   
22.26893293 1    
22.26923739 -1   
22.53602890 1    
22.53632775 -1   
22.84160238 1    
23.07700111 -1   
23.30958037 1    
23.30987001 -1   
23.45415867 1    
23.52015552 1    
23.59988566 -1   
23.75332799 1    
23.83348534 -1   
24.07794043 -1   
24.19458116 1    
24.41370797 1    
24.41404645 -1   
24.61258687 1    
24.61293732 -1   
24.86063906 1    
24.86097138 -1   
25.19875525 1    
25.44961682 1    
25.45133666 -1   
