0.00000000 1    
0.20638024 -1   
0.39152037 -1   
0.39193991 1    
0.63912857 -1   
0.63926761 1    
0.82359340 1    
0.98417944 -1   
0.98457728 1    
1.15708563 -1   
1.15747190 1    
1.35996727 -1   
1.36027504 1    
1.62331619 -1   
1.75839168 1    
1.81245856 -1   
1.90770326 1    
1.96484889 -1   
2.11721008 1    
2.30815258 -1   
2.30845354 1    
2.51180593 -1   
2.51354997 1    
2.66347175 -1   
3.00359083 -1   
3.00508551 1    
3.54980528 -1   
3.58299254 1    
3.78403136 1    
4.15280081 -1   
4.15426372 -1   
4.15473918 -1   
4.17448131 -1   
4.19075517 -1   
4.19497139 -1   
4.19649418 -1   
4.30470317 -1   
4.30504993 1    
4.32193884 -1   
4.80439703 -1   
4.80564097 -1   
4.80611699 -1   
8.70197048 1    
9.32245111 1    
11.94139177 -1   
14.31490587 1    
18.41922524 1    
18.68355473 -1   
18.68373280 1    
18.83221944 -1   
18.83226902 1    
18.98522584 -1   
18.98526518 1    
19.14129012 -1   
19.14159634 1    
19.20766324 -1   
19.21564534 -1   
19.25038950 -1   
19.27934961 -1   
19.29744533 -1   
19.51083742 -1   
19.51113740 1    
19.66397050 -1   
19.66433956 1    
19.87384856 -1   
19.87388759 1    
20.02601140 -1   
20.02632895 1    
20.17594642 -1   
20.17626029 1    
20.34559533 -1   
20.34592322 1    
20.68540794 -1   
20.87330072 -1   
20.87502394 1    
21.32237513 -1   
21.32388102 1    
21.79935993 -1   
21.83243148 1    
21.98510380 1    
22.33883893 -1   
22.34033235 -1   
22.34082712 -1   
22.35357707 -1   
22.35507825 -1   
22.35657422 -1   
22.35782253 -1   
22.46377270 -1   
22.46413732 1    
22.50152926 -1   
23.12139797 -1   
23.12288986 -1   
23.12338594 -1   
