0.00000000 -1   
3.49110891 1    
3.67732385 1    
3.71384541 -1   
3.82601566 1    
3.86359832 -1   
3.87334531 1    
4.06036616 1    
4.06174646 -1   
4.09529671 -1   
4.11354754 -1   
4.14102247 -1   
4.14227411 -1   
4.24606938 -1   
4.24623209 1    
4.47519411 -1   
4.47523420 1    
4.50831359 -1   
4.50980369 -1   
4.51530569 -1   
4.62566651 -1   
4.62570516 1    
4.80582592 -1   
4.80619471 1    
4.95590675 -1   
4.95622415 1    
5.15251747 -1   
5.15283519 1    
5.31942659 -1   
5.31973708 1    
5.46962478 -1   
5.84262563 -1   
5.84438317 1    
6.36918266 -1   
6.37069041 1    
6.92186826 -1   
6.95501457 1    
7.10408782 1    
7.48661395 -1   
7.48785244 -1   
7.48832673 -1   
7.52683733 -1   
7.52833613 -1   
7.56929254 -1   
7.68348067 -1   
7.71612309 -1   
7.71643008 1    
7.86948616 -1   
8.21043962 -1   
8.21194193 -1   
8.21241644 -1   
12.87001694 1    
17.08578246 1    
17.73783482 1    
18.23753284 -1   
21.78627421 1    
21.99265445 -1   
22.17779458 -1   
22.17821412 1    
22.42540279 -1   
22.42554183 1    
22.60986761 1    
22.77045365 -1   
22.77085150 1    
22.94335984 -1   
22.94374611 1    
23.14624148 -1   
23.14654925 1    
23.40959040 -1   
23.54466589 1    
23.59873278 -1   
23.69397747 1    
23.75112310 -1   
23.90348430 1    
24.09442679 -1   
24.09472775 1    
24.29808015 -1   
24.29982418 1    
24.44974596 -1   
24.78986504 -1   
24.79135972 1    
25.33607949 -1   
25.36926676 1    
25.57030557 1    
25.93907502 -1   
25.94053793 -1   
25.94101339 -1   
25.96075552 -1   
25.97702938 -1   
25.98124560 -1   
25.98276840 -1   
26.09097738 -1   
26.09132415 1    
26.10821306 -1   
26.59067125 -1   
26.59191519 -1   
26.59239121 -1   
