0.00000000 1    
0.38486251 1    
0.68788180 1    
0.69833077 -1   
0.84158569 1    
0.84935894 -1   
0.85908976 1    
1.10355694 1    
1.13348951 -1   
1.13373592 -1   
1.15772696 -1   
1.17471139 -1   
1.18072827 -1   
1.28497727 -1   
1.28514133 1    
1.51938523 -1   
1.55843963 1    
1.57548824 -1   
1.58300261 -1   
1.58424972 -1   
1.74240431 -1   
1.74244336 1    
1.96460989 -1   
1.96464873 1    
2.11480388 -1   
2.11511097 1    
2.81037908 -1   
2.81067654 1    
2.99102660 -1   
2.99147723 1    
3.21591515 -1   
4.12315187 -1   
4.12486545 1    
4.69014100 -1   
4.69163020 1    
5.52566257 -1   
5.55742219 1    
5.72895201 1    
6.08440975 -1   
6.08564993 -1   
6.08614561 -1   
6.21535504 -1   
6.21682739 -1   
6.22707015 -1   
6.31552787 -1   
6.46514564 -1   
6.46551497 1    
6.66993891 -1   
7.31172578 -1   
7.31320054 -1   
7.31369497 -1   
11.67046060 1    
16.48550421 1    
17.16943979 -1   
20.66054870 1    
20.84676363 1    
20.88328520 -1   
20.99545545 1    
21.03303811 -1   
21.04278510 1    
21.22980594 1    
21.23118625 -1   
21.26473650 -1   
21.28298733 -1   
21.31046226 -1   
21.31171390 -1   
21.41550916 -1   
21.41567188 1    
21.64463390 -1   
21.64467399 1    
21.67775338 -1   
21.67924348 -1   
21.68474547 -1   
21.79510630 -1   
21.79514494 1    
21.97526571 -1   
21.97563450 1    
22.12534654 -1   
22.12566394 1    
22.32195726 -1   
22.32227498 1    
22.48886638 -1   
22.48917687 1    
22.63906457 -1   
23.01206542 -1   
23.01382296 1    
23.53862245 -1   
23.54013020 1    
24.09130805 -1   
24.12445436 1    
24.27352761 1    
24.65605374 -1   
24.65729223 -1   
24.65776652 -1   
24.69627712 -1   
24.69777592 -1   
24.73873232 -1   
24.85292046 -1   
24.88556287 -1   
24.88586987 1    
25.03892594 -1   
25.37987941 -1   
25.38138172 -1   
25.38185623 -1   
