0.00000000 -1   
0.53822771 -1   
0.87205227 1    
0.87244657 -1   
1.05686683 1    
1.07608660 1    
1.09630188 1    
1.20590841 1    
1.20607911 -1   
1.42713574 1    
1.42718085 -1   
1.44462834 1    
1.46286477 1    
1.57659693 1    
1.77779919 1    
1.77814532 -1   
1.95201823 1    
1.95234894 -1   
2.22746068 -1   
2.38266803 1    
2.38297607 -1   
2.56980846 1    
2.75769990 1    
2.75803727 -1   
3.16547213 1    
3.22781979 -1   
3.42981915 1    
3.43011366 -1   
3.57822759 1    
3.78822512 1    
3.78853653 -1   
3.93698176 -1   
3.98150094 1    
4.19478690 1    
4.19602705 1    
4.19722682 1    
4.19877508 1    
4.22759137 -1   
4.34623227 1    
4.55051834 1    
4.55069680 -1   
4.71328702 -1   
4.73923241 1    
4.74920846 1    
4.77069756 1    
4.88664160 1    
4.88769901 1    
4.88799268 -1   
5.08611173 1    
6.89009544 1    
14.04535713 -1   
21.86928578 1    
22.58426929 -1   
23.57828545 1    
23.57860049 -1   
24.52474227 1    
24.52655136 -1   
25.63162720 1    
25.63290066 -1   
25.78150531 -1   
25.85200087 1    
