0.00000000 1    
3.41480325 -1   
3.67262442 1    
3.67284578 -1   
3.82178715 1    
3.82183925 -1   
3.97278711 1    
3.97283037 -1   
4.19992137 1    
4.19996837 -1   
4.20797314 1    
4.21221063 1    
4.23345636 1    
4.35054392 1    
4.35070560 -1   
4.51239199 1    
4.55176863 1    
4.55180758 -1   
4.60576146 1    
4.60698350 1    
4.61447848 1    
4.70019780 1    
4.86144488 1    
4.86175398 -1   
5.11299428 -1   
5.12053998 1    
5.31093776 1    
5.31125284 -1   
5.50657057 1    
5.50689362 -1   
5.74368330 1    
6.02577510 1    
6.02616220 -1   
7.03197048 1    
7.03228589 -1   
7.84923363 1    
7.85104172 -1   
9.20454506 1    
9.20603112 -1   
10.03282265 1    
10.07483056 -1   
10.17110659 -1   
10.26856949 -1   
10.84292374 1    
10.84416767 1    
10.84466286 1    
10.95785920 1    
10.95934660 1    
10.96084919 1    
10.96834874 1    
10.99500201 1    
10.99527469 -1   
11.51265724 1    
12.17141190 1    
12.17268376 1    
12.17315068 1    
16.51316614 -1   
21.01496681 -1   
25.05542251 -1   
25.22701940 -1   
25.31348179 1    
25.51186877 1    
25.51215651 -1   
25.72351960 1    
25.72383855 -1   
25.91765355 1    
25.91811694 -1   
26.07179989 1    
26.12825963 -1   
26.30868778 1    
26.33958673 -1   
26.45784628 1    
26.49601835 -1   
26.69321508 1    
26.69354233 -1   
26.91883683 1    
28.13009355 -1   
28.33777329 1    
28.33812154 -1   
28.51216982 1    
28.56107341 -1   
28.73379187 1    
28.73646760 -1   
28.86887022 1    
28.88872247 1    
28.89135824 -1   
29.07857664 1    
29.12979532 -1   
29.30046938 1    
29.30076357 -1   
29.53835219 1    
