0.00000000 -1   
0.25664069 1    
0.44304776 1    
0.44529825 -1   
0.62739628 -1   
0.65716090 1    
0.68004758 1    
0.70830565 1    
0.72756270 1    
0.73729775 1    
0.85528148 1    
0.87546346 1    
0.87576152 -1   
1.06620206 1    
1.06653961 -1   
1.30255661 1    
1.49218467 1    
1.49256422 -1   
1.66804072 -1   
1.82875956 1    
1.82906035 -1   
2.03862735 1    
2.03894850 -1   
2.19205501 1    
2.19239025 -1   
2.34244998 1    
2.82317542 1    
2.82490045 -1   
3.39119980 1    
3.39269175 -1   
3.95440408 1    
3.98994068 -1   
4.14259400 -1   
4.53609930 1    
4.53733950 1    
4.53783199 1    
4.60782225 1    
4.60906967 1    
4.64553443 1    
4.64702589 1    
4.73133256 1    
4.73163573 -1   
4.92023790 1    
5.41786102 1    
5.41910789 1    
5.41958067 1    
9.92080242 -1   
12.40946898 1    
14.75099006 -1   
15.39499780 1    
18.80980105 -1   
19.06762221 1    
19.06784357 -1   
19.21678495 1    
19.21683704 -1   
19.36778491 1    
19.36782816 -1   
19.59491917 1    
19.59496616 -1   
19.60297093 1    
19.60720842 1    
19.62845415 1    
19.74554172 1    
19.74570340 -1   
19.90738979 1    
19.94676642 1    
19.94680537 -1   
20.00075925 1    
20.00198130 1    
20.00947628 1    
20.09519560 1    
20.25644268 1    
20.25675177 -1   
20.50799207 -1   
20.51553778 1    
20.70593555 1    
20.70625064 -1   
20.90156836 1    
20.90189142 -1   
21.13868109 1    
21.42077289 1    
21.42115999 -1   
22.42696828 1    
22.42728368 -1   
23.24423142 1    
23.24603951 -1   
24.59954285 1    
24.60102891 -1   
25.42782044 1    
25.46982836 -1   
25.56610439 -1   
25.66356728 -1   
26.23792153 1    
