0.00000000 -1   
0.17159689 -1   
0.25805928 1    
0.45644626 1    
0.45673400 -1   
0.66809709 1    
0.66841604 -1   
0.86223104 1    
0.86269443 -1   
1.01637738 1    
1.07283712 -1   
1.25326527 1    
1.28416423 -1   
1.40242377 1    
1.44059584 -1   
1.63779257 1    
1.63811982 -1   
1.86341432 1    
3.07467104 -1   
3.28235078 1    
3.28269903 -1   
3.45674731 1    
3.50565090 -1   
3.67836936 1    
3.68104509 -1   
3.81344771 1    
3.83329996 1    
3.83593573 -1   
4.02315414 1    
4.07437281 -1   
4.24504687 1    
4.24534106 -1   
4.48292968 1    
4.48325689 -1   
4.74184190 1    
4.74233028 -1   
5.47084604 1    
5.47273854 -1   
6.34191341 1    
6.34352448 -1   
7.11622230 1    
7.15331875 -1   
7.34318688 -1   
7.85987112 1    
7.86135349 1    
7.86160522 1    
7.91807857 1    
7.91935812 1    
8.00652731 1    
8.00777509 1    
8.06793034 1    
8.06824616 -1   
8.24376501 1    
8.96424779 1    
8.96549670 1    
8.96597053 1    
12.82592123 -1   
13.24435511 -1   
16.07809019 -1   
17.79855610 1    
18.08720861 -1   
18.87369630 1    
22.12080401 -1   
22.35193200 1    
22.35212612 -1   
22.53233262 1    
22.53237917 -1   
22.68458250 1    
22.68462145 -1   
22.93799543 1    
22.93925963 1    
22.94971891 1    
23.08851243 1    
23.08893050 -1   
23.24189035 -1   
23.24516579 1    
23.46197506 -1   
23.46254030 1    
23.49118348 1    
23.50342309 1    
23.50467013 1    
23.63441204 1    
23.80087061 1    
23.80120934 -1   
24.04569098 1    
24.04608897 -1   
24.25783154 1    
24.25786953 -1   
24.46047367 1    
24.46077845 -1   
24.68384839 1    
24.68418627 -1   
24.85599641 1    
24.85631563 -1   
25.00589181 1    
25.64580225 1    
25.64801432 -1   
26.49890389 1    
26.50066237 -1   
