0.00000000 1    
3.39814664 -1   
3.62769453 1    
3.73633835 -1   
3.77633755 1    
3.77678107 -1   
3.88874109 -1   
3.92524616 1    
4.04338990 -1   
4.09430742 1    
4.10929825 1    
4.11733993 1    
4.12929001 1    
4.14207259 1    
4.26912754 1    
4.26960994 -1   
4.57066455 1    
4.73743333 -1   
4.79301688 1    
4.88820051 -1   
4.98164792 1    
5.03783162 -1   
5.20351967 1    
5.20383213 -1   
5.40714717 1    
5.63552949 1    
5.63582702 -1   
10.41381409 1    
10.61769312 1    
10.61972950 -1   
11.91405867 1    
11.91573114 -1   
12.59312751 1    
12.62984505 -1   
12.77838316 -1   
13.15739243 1    
13.15886216 1    
13.15935622 1    
13.17835586 1    
13.18287107 1    
13.21658876 1    
13.33121373 1    
13.37251530 1    
13.41232195 -1   
13.55201089 1    
14.19454840 1    
14.19602156 1    
14.19651744 1    
18.55255003 -1   
23.43208508 -1   
27.50865123 -1   
27.50893695 1    
27.75413987 -1   
27.76464027 1    
27.90474717 -1   
27.91610140 1    
28.07095180 1    
28.07098969 -1   
28.24508170 1    
28.44582379 1    
28.44613979 -1   
28.65583096 -1   
28.79029086 1    
28.81968824 -1   
29.03263680 1    
29.03290610 -1   
29.21202622 1    
29.21237535 -1   
29.45613534 1    
