0.00000000 -1   
0.67032586 1    
2.22699017 -1   
2.43609997 -1   
3.50150767 1    
3.67548786 1    
3.73859185 -1   
3.87621690 1    
3.90158507 -1   
3.91127991 1    
4.05212982 1    
4.07547718 -1   
4.09903375 -1   
4.11802493 -1   
4.12726539 -1   
4.26011242 -1   
4.26028666 1    
4.40970751 -1   
4.41001163 1    
4.45233520 -1   
4.46057917 -1   
4.49455886 -1   
4.56042915 -1   
4.67821852 1    
4.78473811 -1   
4.94065217 -1   
4.94109910 1    
5.10730543 -1   
5.10776487 1    
5.32393344 -1   
5.67955116 1    
5.87011888 -1   
5.87054163 1    
6.02014245 -1   
6.03004989 1    
6.08070936 1    
6.22292016 -1   
6.29477821 -1   
6.29480187 1    
6.31226397 -1   
6.34474809 -1   
6.39247426 -1   
6.41181618 -1   
6.56072531 -1   
6.67733694 1    
6.76560753 -1   
6.83899729 1    
6.92251740 -1   
6.98768089 1    
7.16013014 -1   
7.16043824 1    
7.33478366 -1   
7.33509786 1    
7.49518927 -1   
7.69382811 -1   
7.91349644 -1   
7.91535917 1    
8.51220611 -1   
8.51380596 1    
8.92198540 -1   
8.95498726 1    
9.13022517 1    
9.34156059 -1   
9.34303103 -1   
9.34352662 -1   
9.35155335 -1   
9.35304860 -1   
9.35854266 -1   
9.51670617 -1   
9.52584432 -1   
9.52621564 1    
9.67446235 -1   
10.11811787 -1   
10.11961114 -1   
10.12008571 -1   
14.53141869 -1   
14.67504189 1    
19.54724665 1    
23.60654088 1    
24.35631556 -1   
24.35662324 1    
25.25431569 -1   
25.25607992 1    
25.91450055 -1   
25.91599853 1    
26.56162400 -1   
26.59598785 1    
26.74511876 1    
27.33100315 -1   
27.33248107 -1   
27.33273286 -1   
27.34197913 -1   
27.34347742 -1   
27.44494692 -1   
27.48290117 -1   
27.49131361 -1   
27.49165554 1    
27.72460831 -1   
28.57403700 -1   
28.57552151 -1   
28.57601789 -1   
