0.00000000 1    
3.27361411 -1   
3.49399687 1    
3.49421095 -1   
3.64341162 1    
3.64345496 -1   
3.79541208 1    
3.79545105 -1   
3.97841068 1    
3.97845481 -1   
4.00636930 1    
4.01536478 1    
4.12282593 1    
4.12862610 1    
4.12872388 -1   
4.27732370 1    
4.30443206 1    
4.30446770 -1   
4.32367324 1    
4.33441101 1    
4.45370437 1    
4.64435498 1    
4.64487177 -1   
4.83794191 -1   
4.88821057 1    
5.07742499 1    
5.07779904 -1   
5.31293064 -1   
5.49359361 1    
5.49388641 -1   
5.71424206 1    
5.90213177 1    
5.90243136 -1   
6.76040098 1    
6.76214590 -1   
7.48581981 1    
7.48724258 -1   
8.15794726 1    
8.19200096 -1   
8.34067510 -1   
8.95529254 1    
8.95653338 1    
8.95700866 1    
8.95737014 -1   
8.99476591 1    
8.99626120 1    
9.10696526 1    
9.10844632 1    
9.10911206 1    
9.76732779 1    
9.76856913 1    
9.76881937 1    
9.92906338 1    
14.88249600 1    
18.83816974 -1   
19.05083473 1    
19.16914554 -1   
19.84390807 1    
23.33756559 -1   
23.56125286 1    
23.56145468 -1   
23.71016886 1    
23.71059526 -1   
23.84705428 -1   
23.86116525 1    
23.86121375 -1   
24.03406557 1    
24.03435172 -1   
24.05536909 1    
24.08610243 1    
24.13008154 1    
24.18362067 1    
24.18380540 -1   
24.33231220 1    
24.37797196 -1   
24.38168265 1    
24.39192497 1    
24.40941998 1    
24.52826361 1    
24.67711797 1    
24.84779636 -1   
25.01217550 1    
25.01248150 -1   
25.18482545 1    
25.18515856 -1   
25.55461575 1    
25.84831160 -1   
25.88067454 1    
26.00505266 -1   
26.03460075 1    
26.19008842 1    
26.19013273 -1   
26.34815922 1    
26.53630196 1    
26.53663860 -1   
26.84803245 -1   
27.01602047 1    
27.01628661 -1   
27.19842055 1    
27.19875313 -1   
27.35133548 1    
27.35301203 -1   
27.50400160 1    
27.84865446 -1   
28.02736111 1    
28.02770168 -1   
28.21833734 1    
28.21838147 -1   
28.41343624 -1   
28.64659290 1    
28.83956674 1    
28.87297226 -1   
29.02606288 -1   
