0.00000000 -1   
1.40461868 1    
1.68106046 -1   
1.78068016 1    
1.93263497 -1   
1.93293057 1    
2.08107908 -1   
2.12421904 1    
2.26872144 -1   
2.27289808 1    
2.41711650 -1   
2.42179704 1    
2.57127295 -1   
2.78101130 1    
2.83639424 -1   
2.97477502 1    
2.98505390 -1   
3.12341644 1    
3.29663323 -1   
3.29696466 1    
3.50124532 -1   
3.68990587 -1   
3.69020820 1    
4.27557324 -1   
4.27750367 1    
4.92501943 -1   
4.92640338 1    
5.53593306 -1   
5.57028751 1    
5.72806214 1    
6.09244445 -1   
6.09367544 -1   
6.09414957 -1   
6.14390398 -1   
6.14539873 -1   
6.18660902 -1   
6.18787753 -1   
6.28348952 -1   
6.28381635 1    
6.43206473 -1   
6.90123383 -1   
6.90271389 -1   
6.90294650 -1   
11.43260308 1    
16.30268436 1    
20.31316599 1    
20.51700115 -1   
20.51720188 1    
20.66566523 -1   
20.66593540 1    
20.82915550 -1   
20.82919310 1    
20.98400484 -1   
20.98431643 1    
21.13391849 -1   
21.13408409 1    
21.28381290 -1   
21.28413468 1    
21.48469596 -1   
21.79619384 1    
21.87124657 -1   
21.94489351 1    
22.01966175 -1   
22.09357229 1    
22.28275711 -1   
22.28310043 1    
22.47962934 -1   
22.66752001 -1   
22.66784355 1    
23.37236906 -1   
23.37414988 1    
24.05356990 -1   
24.05516264 1    
24.69244876 -1   
24.72525473 1    
24.82201770 1    
24.87394565 1    
25.36338134 -1   
25.36462255 -1   
25.36511733 -1   
25.43683928 -1   
25.54078048 -1   
25.54202182 -1   
25.54351858 -1   
25.55584581 -1   
25.58042336 1    
25.71027604 -1   
26.21623648 -1   
26.21634247 1    
26.26310650 -1   
26.26435453 -1   
26.36493134 -1   
