0.00000000 1    
1.06771784 -1   
1.06802929 1    
1.85999956 -1   
1.86176104 1    
2.55668249 -1   
2.55814490 1    
3.44718675 -1   
3.47979825 1    
3.62892268 1    
4.37897587 -1   
4.38046481 -1   
4.38093721 -1   
4.38123732 1    
4.39120790 -1   
4.39243531 -1   
4.39393590 -1   
4.39946697 -1   
4.40093106 -1   
4.53539550 -1   
5.33667018 -1   
5.33689903 -1   
6.05203535 -1   
13.46261532 -1   
14.39933094 -1   
14.55537371 1    
15.19512463 -1   
18.18661079 1    
18.68566726 1    
18.89900166 -1   
19.04792294 -1   
19.04825512 1    
19.23503635 -1   
19.24769872 -1   
19.26494472 -1   
19.29192810 -1   
19.39809857 -1   
19.83919099 -1   
19.83935626 1    
20.16702505 -1   
20.16737794 1    
20.31587952 1    
20.47034803 -1   
20.47065290 1    
20.66396616 -1   
20.66428520 1    
20.99005378 -1   
20.99039787 1    
21.14571787 -1   
21.85079215 -1   
21.85286934 1    
22.64296560 -1   
22.64450683 1    
23.28855610 -1   
23.32132464 1    
23.46958484 1    
23.97048867 -1   
23.97172241 -1   
23.97221869 -1   
23.99771949 -1   
23.99896152 -1   
24.06717369 -1   
24.06846499 -1   
24.14622799 -1   
24.14655873 1    
24.29566287 -1   
24.80278212 -1   
24.80426868 -1   
24.80474645 -1   
