0.00000000 -1   
3.38321453 1    
3.53322152 1    
3.60792633 -1   
3.68184748 1    
3.75743373 -1   
3.83127562 1    
3.90710445 -1   
4.09290293 -1   
4.09305743 1    
4.24154919 -1   
4.24197641 1    
4.47927342 1    
4.58835141 -1   
4.77649542 -1   
4.77682645 1    
4.95116559 -1   
4.95148839 1    
5.10107562 -1   
5.10143978 1    
5.25746419 -1   
5.68574909 -1   
5.68604434 1    
6.35735786 -1   
6.35919840 1    
7.22742746 -1   
7.22912330 1    
7.92604484 -1   
7.95674067 1    
8.10528883 1    
8.57799358 -1   
8.57948023 -1   
8.57995417 -1   
8.64122415 -1   
8.64272024 -1   
8.70891976 -1   
8.71015956 -1   
8.76955135 -1   
8.76989106 1    
8.99509356 -1   
9.51820409 -1   
9.51969716 -1   
9.51992816 -1   
13.99558678 1    
18.78965683 1    
19.43337535 -1   
19.48577777 1    
20.86830794 -1   
22.81179359 1    
23.11400877 -1   
23.11419689 1    
23.26312786 1    
23.29663758 -1   
23.45650323 1    
23.50511722 -1   
23.60616211 1    
23.74263316 -1   
23.77826271 -1   
23.77860277 1    
23.77977811 -1   
23.85199970 -1   
23.89128719 -1   
24.03998029 -1   
24.04014077 1    
24.20261529 -1   
24.25031464 1    
24.36046844 -1   
24.37645798 -1   
24.40078977 -1   
24.44590270 -1   
24.49283755 1    
24.59309991 -1   
24.82212709 -1   
24.82270534 1    
25.10760227 -1   
25.10792515 1    
25.25778264 -1   
25.25816398 1    
25.50786814 -1   
25.97214113 -1   
25.97242268 1    
26.61151321 -1   
26.61331066 1    
27.23247378 -1   
27.23406346 1    
27.80064664 -1   
27.83170695 1    
27.98314836 1    
28.47135030 -1   
28.47284116 -1   
28.47331541 -1   
28.58828349 -1   
28.58977742 -1   
28.66053807 -1   
28.70069594 -1   
28.70196773 -1   
28.80953556 -1   
28.80987847 1    
28.95816466 -1   
