0.00000000 1    
0.24570037 -1   
0.41212500 -1   
0.41249394 1    
0.56300940 1    
0.68371685 -1   
0.69563191 -1   
0.71187932 1    
0.75133492 -1   
0.78129336 -1   
0.84435826 -1   
0.87326443 -1   
1.02388185 -1   
1.02418995 1    
1.23363156 -1   
1.23396021 1    
1.41879664 -1   
1.41917974 1    
1.56869118 -1   
1.62281156 1    
1.82281443 -1   
1.82311611 1    
2.00846487 -1   
2.00874135 1    
2.15835773 -1   
2.15868115 1    
2.30854153 -1   
2.74403702 -1   
2.74570872 1    
3.45047137 -1   
3.45185597 1    
4.24225037 -1   
4.27481524 1    
4.42350913 1    
4.86572775 -1   
4.86697158 -1   
4.86744675 -1   
4.91897480 -1   
4.97693166 -1   
5.05706462 -1   
5.08608212 -1   
5.08732975 -1   
5.20880095 -1   
5.20920323 1    
5.87490358 -1   
5.87639476 -1   
5.87687025 -1   
10.20949344 1    
10.62414188 1    
15.23175796 1    
19.26313620 1    
19.57815180 -1   
19.57834955 1    
19.76504847 -1   
19.76509618 1    
19.91778604 -1   
19.91782480 1    
20.06785241 -1   
20.06822854 1    
20.21951132 -1   
20.21965767 1    
20.37044529 -1   
20.37075862 1    
20.60332351 -1   
20.63459505 1    
20.78420681 -1   
20.78451963 1    
20.93437321 -1   
20.93461356 1    
21.14899950 -1   
21.14932999 1    
21.37895615 -1   
21.37949487 1    
21.81661757 -1   
21.81830787 1    
22.34315654 -1   
22.34469719 1    
23.11718901 -1   
23.15291567 1    
23.39243168 1    
23.65171935 -1   
23.65321558 -1   
23.65369102 -1   
23.68744596 -1   
23.68892800 -1   
23.77238134 -1   
23.77389877 -1   
23.83677785 -1   
23.83705261 1    
23.98862048 -1   
24.44926644 -1   
24.45076115 -1   
24.45123564 -1   
