0.00000000 1    
0.26122424 -1   
0.43362602 -1   
0.43409462 1    
0.59274049 1    
0.75918366 -1   
0.75948693 1    
0.91209880 -1   
0.91224454 1    
1.06176736 -1   
1.06209596 1    
1.36184320 -1   
1.54729071 1    
2.05395085 -1   
2.21360824 -1   
2.21397302 1    
2.36497353 1    
2.53891548 -1   
2.53919574 1    
2.68883151 -1   
2.68914091 1    
2.87297505 -1   
3.15831556 -1   
3.16009684 1    
3.72282840 -1   
3.72428957 1    
4.51662857 -1   
4.54926285 1    
4.69812243 1    
5.04664463 -1   
5.04838536 -1   
5.04863707 -1   
5.05512723 -1   
5.23353225 -1   
5.23477359 -1   
5.24044089 -1   
5.45216830 -1   
5.45253586 1    
6.01583620 -1   
6.01732498 -1   
6.58716100 -1   
9.84226443 -1   
10.45281637 1    
15.47202911 1    
19.51767237 1    
19.66733712 1    
19.72685548 -1   
19.86648233 1    
19.87599479 -1   
20.03111407 1    
20.03818369 -1   
20.26263064 -1   
20.26266938 1    
20.41295697 -1   
20.41325542 1    
20.64578568 1    
20.67031398 -1   
20.79643927 1    
20.86377960 -1   
20.95507880 1    
21.07933154 -1   
21.12023648 1    
21.22899075 -1   
21.34510393 1    
21.57429593 -1   
21.76741889 -1   
21.76771138 1    
22.30362906 -1   
22.30542741 1    
22.85465088 -1   
22.85614621 1    
23.27214249 -1   
23.30410171 1    
23.51964220 1    
23.94857523 -1   
23.95006139 -1   
24.10098656 -1   
24.10220745 -1   
24.11125009 -1   
24.30636526 -1   
24.30786286 -1   
24.35873471 -1   
24.35912817 1    
24.95200879 -1   
24.95324028 -1   
24.95373429 -1   
