0.00000000 1    
0.43584104 -1   
0.43615259 1    
0.90432181 -1   
0.90596373 1    
1.33766572 -1   
1.33913341 1    
1.86912448 -1   
1.89797003 1    
2.06487670 1    
2.36317270 -1   
2.36440829 -1   
2.36487985 -1   
2.38414532 -1   
2.38564560 -1   
2.39363887 -1   
2.42587245 -1   
2.53287761 -1   
2.53324072 1    
2.68155489 -1   
3.06676282 -1   
3.06823378 -1   
3.06872869 -1   
7.68211172 1    
12.56029469 1    
15.13234911 1    
16.51339575 -1   
16.51353056 1    
16.58302904 1    
16.66524600 1    
16.90940532 -1   
17.09804792 -1   
17.09849431 1    
17.24719165 1    
17.35640447 -1   
17.39560203 1    
17.54529812 -1   
17.54559194 1    
18.13767912 1    
18.29262027 -1   
18.29338237 1    
18.44305323 -1   
18.44343742 1    
18.59428204 -1   
18.59465366 1    
18.79104448 1    
18.81409098 -1   
18.94019426 1    
19.06142472 -1   
19.08911064 1    
19.21035945 -1   
19.23802371 1    
19.38999832 -1   
19.39027747 1    
19.56249410 -1   
19.56283638 1    
19.75498546 1    
19.75777407 -1   
20.23136816 -1   
20.23314772 1    
20.76330121 -1   
20.80016108 1    
20.94980695 1    
21.34277633 -1   
21.34426545 -1   
21.34476141 -1   
21.38849441 -1   
21.38999329 -1   
21.43822151 -1   
21.43971585 -1   
21.50943407 -1   
21.50982426 1    
21.53267291 -1   
22.03063369 -1   
22.03212498 -1   
22.03262177 -1   
