0.00000000 1    
0.19301908 -1   
0.19322641 1    
0.34167903 -1   
0.34195217 1    
0.49342782 -1   
0.49347462 1    
0.68543214 1    
0.75544298 -1   
0.83408958 1    
0.94409058 -1   
0.98277654 1    
1.19727869 -1   
1.19780195 1    
1.44529611 -1   
1.59471749 1    
1.63543486 -1   
1.74382485 1    
1.78609831 -1   
1.89247058 1    
2.11366645 -1   
2.11399996 1    
2.26533831 -1   
2.26701617 1    
2.45474129 -1   
2.74389323 -1   
2.74542649 1    
3.17090107 -1   
3.20395126 1    
3.36966208 1    
3.67944228 -1   
3.68092086 -1   
3.68141385 -1   
3.70965856 -1   
3.71115571 -1   
3.74938384 -1   
3.75088283 -1   
3.85282056 -1   
3.85318355 1    
3.85733217 -1   
4.36903394 -1   
4.37052890 -1   
4.37077811 -1   
8.85781011 1    
13.87599918 1    
14.36544153 -1   
18.01222729 1    
18.21520176 -1   
18.21540441 1    
18.37560547 -1   
18.37566309 1    
18.52636523 -1   
18.52640929 1    
18.71837035 1    
18.73139963 -1   
18.86678168 1    
18.91954152 -1   
19.01544006 1    
19.21639744 -1   
19.21672814 1    
19.48148993 -1   
19.48182674 1    
19.63140467 -1   
19.63142257 1    
19.79132934 -1   
19.79163376 1    
19.95720066 -1   
19.95764687 1    
20.15683048 -1   
20.34499501 -1   
20.34527774 1    
21.11556381 -1   
21.11736887 1    
21.75129870 -1   
21.75276131 1    
22.34019344 -1   
22.37026069 1    
22.52595043 1    
23.00686083 -1   
23.00835111 -1   
23.00884532 -1   
23.03909716 -1   
23.04058293 -1   
23.05885292 -1   
23.06009142 -1   
23.16626539 -1   
23.16660641 1    
23.18801604 -1   
23.82966551 -1   
23.83113426 -1   
23.83162879 -1   
