0.00000000 1    
0.14966475 1    
0.20918311 -1   
0.34880996 1    
0.35832243 -1   
0.51344170 1    
0.52051133 -1   
0.74495828 -1   
0.74499701 1    
0.89528460 -1   
0.89558306 1    
1.12811332 1    
1.15264161 -1   
1.27876690 1    
1.34610723 -1   
1.43740644 1    
1.56165918 -1   
1.60256411 1    
1.71131838 -1   
1.82743156 1    
2.05662356 -1   
2.24974652 -1   
2.25003901 1    
2.78595670 -1   
2.78775504 1    
3.33697851 -1   
3.33847384 1    
3.75447012 -1   
3.78642934 1    
4.00196983 1    
4.43090287 -1   
4.43238902 -1   
4.58331420 -1   
4.58453508 -1   
4.59357773 -1   
4.78869289 -1   
4.79019049 -1   
4.84106234 -1   
4.84145580 1    
5.43433643 -1   
5.43556791 -1   
5.43606192 -1   
9.84229119 1    
14.86186351 1    
19.01805693 1    
19.17253279 1    
19.28099351 -1   
19.40413788 1    
19.43099770 -1   
19.55380834 1    
19.60891431 -1   
19.80373573 -1   
19.80406187 1    
19.95735575 -1   
19.95752283 1    
20.14601647 -1   
20.14605479 1    
20.30065901 -1   
20.30096357 1    
20.48282133 -1   
20.48314058 1    
20.67818886 -1   
20.89159207 -1   
20.89194261 1    
21.72113168 -1   
21.72142204 1    
22.64506853 -1   
22.64697303 1    
23.59813380 -1   
23.59972979 1    
24.55831211 -1   
24.58929921 1    
24.73808753 1    
25.30570017 -1   
25.30696225 -1   
25.30743599 -1   
25.36166912 -1   
25.48160803 -1   
25.48309484 -1   
25.49884032 -1   
25.51124277 -1   
25.51159543 1    
25.67884943 -1   
