0.00000000 -1   
3.50074209 1    
3.74053670 -1   
3.89022344 -1   
3.89054525 1    
4.08178733 -1   
4.09851664 -1   
4.12049152 -1   
4.23657823 -1   
4.23674542 1    
4.42183645 -1   
4.44008020 1    
4.45580411 -1   
4.46204370 -1   
4.58893356 -1   
4.78445752 -1   
4.78478293 1    
4.98581802 -1   
4.98611208 1    
5.23392587 -1   
5.44021664 1    
5.45330944 -1   
5.59419682 1    
5.60423927 -1   
5.81256028 1    
6.01823498 -1   
6.01854058 1    
6.18415838 -1   
6.18447218 1    
6.33405206 -1   
6.69940862 -1   
6.70111065 1    
7.24287058 -1   
7.24434536 1    
7.86001980 -1   
7.89744714 1    
8.04903373 1    
8.38608887 -1   
8.38732307 -1   
8.38776893 -1   
8.43749754 -1   
8.43874708 -1   
8.49025754 -1   
8.49171625 -1   
8.57661228 -1   
8.57697409 1    
9.11586672 -1   
9.11737730 -1   
9.11785174 -1   
13.57751162 1    
18.58794613 1    
22.63740003 1    
22.83261210 -1   
23.07197114 -1   
23.07243624 1    
23.37588386 -1   
23.42019243 -1   
23.45738726 1    
23.49065321 -1   
23.56497018 -1   
23.71494155 -1   
23.71508263 1    
23.86526982 -1   
23.86531563 1    
24.01499613 -1   
24.01505504 1    
24.04781021 -1   
24.04938180 -1   
24.11358187 -1   
24.17089819 -1   
24.17093060 1    
24.36624386 -1   
24.45735723 1    
24.58812573 -1   
24.64726046 1    
24.77652195 -1   
24.87840583 1    
25.06884286 -1   
25.06914710 1    
25.23425028 -1   
25.23594067 1    
25.38564617 -1   
25.63311554 -1   
25.63463607 1    
26.07710732 -1   
26.10818753 1    
26.25658381 1    
26.50615826 -1   
26.50764545 -1   
26.50814167 -1   
26.51590715 -1   
26.51740360 -1   
26.52713999 -1   
26.52845131 -1   
26.66529224 -1   
26.66560743 1    
26.81409658 -1   
27.15459460 -1   
27.15608108 -1   
27.15652399 -1   
