0.00000000 1    
0.22740647 -1   
0.37632038 -1   
0.37668534 1    
0.52641327 1    
0.58792901 -1   
0.67609869 1    
0.68279834 -1   
0.77553367 -1   
0.86547550 1    
1.07416823 -1   
1.07450066 1    
1.22908199 -1   
1.22945981 1    
1.37899880 -1   
1.39731052 1    
1.55961772 -1   
1.55991145 1    
1.72327462 -1   
1.72357841 1    
1.91025724 -1   
1.91091469 1    
2.58129721 -1   
2.58302454 1    
3.28500199 -1   
3.28648477 1    
4.05679838 -1   
4.08848116 1    
4.23755297 1    
4.74922166 -1   
4.75044099 -1   
4.75093639 -1   
4.86188356 -1   
4.86338081 -1   
4.86487955 -1   
4.92262475 -1   
4.94050511 -1   
4.94084288 1    
5.08961867 -1   
5.68168677 -1   
5.68290827 -1   
5.68340407 -1   
10.09018897 1    
14.96087726 1    
15.98390752 -1   
15.98406694 1    
18.99099944 1    
19.24926752 -1   
19.40945927 1    
19.44013133 -1   
19.55878487 1    
19.58930968 -1   
19.73798801 -1   
19.73802796 1    
19.74960854 -1   
19.78134057 -1   
19.82256949 -1   
19.88952039 -1   
20.03904541 -1   
20.03936869 1    
20.32362752 -1   
20.40890260 1    
20.51152182 -1   
20.55743153 1    
20.65993499 -1   
20.70662147 1    
20.91054353 -1   
20.91099186 1    
21.06095612 -1   
21.06127723 1    
21.53643553 -1   
21.53820133 1    
21.70258974 -1   
21.70273330 1    
22.06546797 -1   
22.06694180 1    
22.40934346 1    
22.50147808 -1   
22.55855821 1    
22.68927033 -1   
22.70846903 1    
22.88291079 -1   
22.88321628 1    
23.06946014 -1   
23.07094853 -1   
23.07144464 -1   
23.11693036 -1   
23.11842342 -1   
23.14516554 -1   
23.17839386 -1   
23.17989066 -1   
23.25972221 -1   
23.26004947 1    
23.88150379 -1   
23.88273776 -1   
23.88323248 -1   
