0.00000000 1    
0.24282903 -1   
0.24302605 1    
0.39747121 -1   
0.39752347 1    
0.54922197 -1   
0.54926802 1    
0.77901561 -1   
0.77932302 1    
0.92891409 -1   
0.92909011 1    
1.10681315 -1   
1.10716038 1    
1.32893444 -1   
1.32930572 1    
1.51857719 -1   
1.51862232 1    
1.67848805 -1   
1.67880066 1    
1.86389004 -1   
1.86419194 1    
2.01379670 -1   
2.01410291 1    
2.40532322 -1   
2.40700541 1    
2.55698437 -1   
2.90637364 -1   
2.90782631 1    
3.48154172 -1   
3.51521544 1    
3.66405722 1    
4.12424174 -1   
4.12573139 -1   
4.12622731 -1   
4.15547392 -1   
4.20294532 -1   
4.29614109 -1   
4.29763619 -1   
4.32088872 -1   
4.32112413 1    
4.94452275 -1   
4.94601192 -1   
4.94650716 -1   
9.32147138 1    
12.15809456 1    
14.34043428 1    
18.38502531 1    
18.58878381 1    
18.67253026 -1   
18.85124451 -1   
18.85156857 1    
19.00229454 1    
19.03265696 -1   
19.23679254 -1   
19.23692555 1    
19.42257864 1    
19.57119277 1    
19.65796669 -1   
19.84558678 -1   
19.84589261 1    
19.99477024 -1   
19.99513563 1    
20.40151970 -1   
20.40185823 1    
20.66263914 -1   
20.85153043 -1   
20.85183929 1    
21.54388642 -1   
21.54562481 1    
22.26732724 -1   
22.26894829 1    
23.00861999 -1   
23.04144264 1    
23.19688605 1    
23.74700912 -1   
23.74824879 -1   
23.74874494 -1   
23.87718587 -1   
23.87867907 -1   
23.93811833 -1   
24.01737016 -1   
24.11102931 -1   
24.11134365 1    
24.26409874 -1   
24.97481059 -1   
24.97606634 -1   
24.97654662 -1   
