0.00000000 -1   
0.20331886 1    
0.20353891 -1   
0.36472213 1    
0.36515204 -1   
0.52997222 1    
0.53002087 -1   
0.69353700 1    
0.69387049 -1   
0.74416196 1    
0.75364819 1    
0.76439762 1    
0.79738132 1    
0.85643957 1    
0.85658581 -1   
1.01910305 1    
1.01941630 -1   
1.05673467 1    
1.07421651 1    
1.08471715 1    
1.18282163 1    
1.18315258 -1   
1.35616911 1    
1.39732157 -1   
1.56353891 1    
1.56384258 -1   
1.72494656 1    
1.76535762 -1   
1.92583170 1    
1.97324199 -1   
2.17360285 1    
2.17508471 1    
2.17533697 1    
2.24904868 1    
2.38608724 1    
2.38829546 -1   
2.64837598 -1   
2.78258805 1    
3.27996200 1    
3.28146817 1    
3.28171968 1    
3.31704125 -1   
3.47864959 -1   
3.73520181 1    
3.73668969 1    
3.73707418 1    
3.77518945 1    
3.77667201 1    
3.78541357 1    
3.78691549 1    
3.78815973 1    
3.78966252 1    
3.79115891 1    
3.90010695 1    
3.90159481 1    
3.90284840 1    
3.90434422 1    
3.90445611 -1   
3.93859201 1    
3.93982550 1    
3.94132460 1    
3.94257285 1    
3.94857610 1    
3.95007025 1    
3.95156767 1    
3.95281433 1    
3.95431766 1    
3.95581347 1    
3.95706541 1    
3.95856366 1    
3.95981397 1    
3.96131017 1    
3.96280947 1    
3.96405959 1    
4.06501588 1    
4.06650154 1    
4.06775176 1    
4.06924813 1    
4.07049801 1    
4.07199709 1    
4.07349837 1    
4.07474859 1    
4.07477005 -1   
4.10323606 1    
4.10473012 1    
4.10598201 1    
4.10747722 1    
4.10872857 1    
4.11022690 1    
4.11172743 1    
4.11297396 1    
4.11872381 1    
4.11996974 1    
4.12296821 1    
4.12421913 1    
4.12571782 1    
4.12696555 1    
4.12846860 1    
4.12996478 1    
4.13121641 1    
4.13271212 1    
4.13421819 1    
4.13546092 1    
4.13696016 1    
4.13821021 1    
4.13971095 1    
4.14120651 1    
4.15795154 1    
4.15944700 1    
4.16070004 1    
4.16219663 1    
4.16769351 1    
4.16805916 1    
4.16817177 -1   
4.17394182 1    
4.17543679 1    
4.22991703 1    
4.23115500 1    
4.23265775 1    
4.23390537 1    
4.23540283 1    
4.23690210 1    
4.23840509 1    
4.23965005 1    
4.24115203 1    
4.28141356 -1   
4.32864007 1    
4.33955743 -1   
4.44333944 -1   
4.71264437 1    
4.71388305 1    
4.71483532 1    
4.71637975 1    
4.71789603 1    
4.72537798 1    
4.72662738 1    
4.72812113 1    
4.74062484 1    
4.74076313 -1   
4.74211856 1    
4.75961025 1    
4.76085322 1    
4.76235263 1    
4.76360331 1    
4.76509883 1    
4.76660319 1    
4.76784995 1    
4.76935161 1    
4.77059782 1    
4.77209565 1    
4.77359641 1    
4.78109894 1    
4.80008694 1    
4.82956961 1    
4.83107993 1    
4.84081012 1    
4.84230701 1    
4.84355851 1    
4.86030219 1    
4.86179903 1    
4.87703935 1    
4.87828951 1    
4.87921552 1    
4.88703494 1    
4.90185723 -1   
4.90255179 -1   
4.92476775 1    
5.04025262 1    
5.06524279 -1   
5.31663906 1    
5.46146666 1    
5.46295203 1    
5.49069471 1    
5.49218486 1    
5.49343797 1    
5.51668525 1    
5.54854929 -1   
5.55839001 -1   
5.70986681 -1   
5.95018356 1    
5.95142689 1    
5.95234691 -1   
5.95237147 1    
5.97191942 1    
5.97316153 1    
5.98316009 1    
5.98465254 1    
5.98590214 1    
5.98740293 1    
5.98864945 1    
5.99015151 1    
5.99164817 1    
5.99290338 1    
5.99439680 1    
5.99589552 1    
5.99714368 1    
6.00139370 1    
6.00289227 1    
6.00439247 1    
6.01063942 1    
6.01213631 1    
6.01363547 1    
6.01375415 -1   
6.02064192 1    
6.02188152 1    
6.03038498 1    
6.03187564 1    
6.03312394 1    
6.04163214 1    
6.04287135 1    
6.04436740 1    
6.04562072 1    
6.04711644 1    
6.11458889 1    
6.11607870 1    
6.11757893 1    
6.11882808 1    
6.11885599 -1   
6.13532169 1    
6.13656545 1    
6.13806862 1    
6.13931369 1    
6.14656527 1    
6.14782179 1    
6.14931914 1    
6.15056044 1    
6.15205604 1    
6.15355450 1    
6.15480650 1    
6.15630364 1    
6.15755648 1    
6.15905370 1    
6.16055475 1    
6.16180260 1    
6.16330067 1    
6.16454907 1    
6.16605141 1    
6.16754773 1    
6.16879866 1    
6.17029549 1    
6.17154736 1    
6.17304364 1    
6.17454443 1    
6.17580015 1    
6.17729456 1    
6.17879267 1    
6.18004203 1    
6.18153996 1    
6.18279210 1    
6.18428845 1    
6.18578640 1    
6.18703617 1    
6.18853753 1    
6.18863063 -1   
6.18978790 1    
6.19178520 1    
6.19328735 1    
6.19453351 1    
6.19603202 1    
6.19628366 1    
6.19803304 1    
6.19927840 1    
6.20078096 1    
6.20227862 1    
6.20352886 1    
6.20502524 1    
6.20627508 1    
6.20777367 1    
6.20927657 1    
6.21052418 1    
6.21202481 1    
6.21352142 1    
6.21477270 1    
6.21627180 1    
6.21751802 1    
6.22051960 1    
6.22176975 1    
6.22327133 1    
6.22451793 1    
6.27949017 1    
6.28073402 1    
6.28223235 1    
6.28348117 1    
6.28498228 1    
6.28647942 1    
6.28773194 1    
6.28927830 1    
6.29997844 1    
6.30002097 -1   
6.30122184 1    
6.30272124 1    
6.30397245 1    
6.30546833 1    
6.30697040 1    
6.30821772 1    
6.30971768 1    
6.31121519 1    
6.31271672 1    
6.31396407 1    
6.31546454 1    
6.31671159 1    
6.31821539 1    
6.31970968 1    
6.32095867 1    
6.32245913 1    
6.32396055 1    
6.32520590 1    
6.32670989 1    
6.32795595 1    
6.32945642 1    
6.33095571 1    
6.33220240 1    
6.33370240 1    
6.33453572 -1   
6.33495341 1    
6.33645278 1    
6.33799374 1    
6.34119766 1    
6.34246545 1    
6.34394752 1    
6.34548991 1    
6.34769911 1    
6.34919298 1    
6.35044439 1    
6.35194491 1    
6.35319005 1    
6.35469293 1    
6.35618923 1    
6.35744047 1    
6.35893854 1    
6.36018730 1    
6.36168755 1    
6.36318717 1    
6.36443253 1    
6.36593954 1    
6.36743218 1    
6.36868456 1    
6.37018202 1    
6.37142976 1    
6.37168410 1    
6.37318267 1    
6.37467920 1    
6.37643258 1    
6.37792800 1    
6.37942811 1    
6.38067408 1    
6.38217425 1    
6.38367377 1    
6.38492510 1    
6.38642164 1    
6.38767357 1    
6.38916963 1    
6.39037443 -1   
6.39067095 1    
6.39191770 1    
6.39341938 1    
6.39466858 1    
6.39616939 1    
6.39766607 1    
6.39891753 1    
6.40041201 1    
6.40198170 1    
6.43315343 1    
6.43464860 1    
6.43589364 1    
6.43739547 1    
6.43864254 1    
6.44014376 1    
6.44163996 1    
6.44288939 1    
6.44439149 1    
6.44589236 1    
6.44706278 -1   
6.44738690 1    
6.44863585 1    
6.45014014 1    
6.45163526 1    
6.45288676 1    
6.45438343 1    
6.45570036 1    
6.46113598 1    
6.46241782 1    
6.46863277 1    
6.46867208 -1   
6.47012978 1    
6.47137329 1    
6.47287159 1    
6.47437252 1    
6.47562363 1    
6.47712635 1    
6.47837272 1    
6.47986908 1    
6.48113417 -1   
6.48136919 1    
6.48261633 1    
6.48511859 1    
6.48661583 1    
6.48786677 1    
6.48936520 1    
6.49086177 1    
6.49661708 1    
6.49811379 1    
6.49960831 1    
6.51510797 1    
6.51659851 1    
6.51785108 1    
6.51934855 1    
6.52059806 1    
6.52209526 1    
6.52359580 1    
6.52484284 1    
6.52634743 1    
6.52759319 1    
6.52909294 1    
6.53059115 1    
6.53183856 1    
6.53334013 1    
6.53484111 1    
6.53608811 1    
6.53760486 1    
6.53908539 1    
6.54033809 1    
6.54183758 1    
6.54185908 1    
6.55533136 1    
6.55682711 1    
6.55807377 1    
6.55957663 1    
6.56082453 1    
6.56232542 1    
6.56382125 1    
6.56506967 1    
6.56657013 1    
6.56807005 1    
6.56836398 -1   
6.56932042 1    
6.57081731 1    
6.57206834 1    
6.57356449 1    
6.57506355 1    
6.57631236 1    
6.57781823 1    
6.57906300 1    
6.58056331 1    
6.58206357 1    
6.58331211 1    
6.58480755 1    
6.58630888 1    
6.58755700 1    
6.58905864 1    
6.60305257 1    
6.60430026 1    
6.60580088 1    
6.60729809 1    
6.60854512 1    
6.61004609 1    
6.61129348 1    
6.61279544 1    
6.61429216 1    
6.61554355 1    
6.61708710 1    
6.62179402 1    
6.62328742 1    
6.62453967 1    
6.62605279 1    
6.62753366 1    
6.62878299 1    
6.63028600 1    
6.63153246 1    
6.63303340 1    
6.63453106 1    
6.63464477 -1   
6.63577905 1    
6.63728088 1    
6.63878241 1    
6.64002632 1    
6.64153045 1    
6.64277538 1    
6.64427830 1    
6.64577709 1    
6.64581460 -1   
6.64702270 1    
6.64852104 1    
6.64977394 1    
6.65127046 1    
6.65277380 1    
6.65402032 1    
6.65552253 1    
6.65701719 1    
6.65826641 1    
6.65976918 1    
6.66101728 1    
6.67651801 1    
6.67801077 1    
6.67925645 1    
6.68075445 1    
6.68225227 1    
6.68350523 1    
6.68500045 1    
6.68627034 1    
6.68774855 1    
6.68925173 1    
6.69049858 1    
6.70549575 1    
6.70564386 -1   
6.70699123 1    
6.71648891 1    
6.71798851 1    
6.71923157 1    
6.72073351 1    
6.72222984 1    
6.72347988 1    
6.72497824 1    
6.72623057 1    
6.72772787 1    
6.72922876 1    
6.73047756 1    
6.73197685 1    
6.73322347 1    
6.73472392 1    
6.73622231 1    
6.73747262 1    
6.73897056 1    
6.74047143 1    
6.74171816 1    
6.74321993 1    
6.74446622 1    
6.74596623 1    
6.74746714 1    
6.74871616 1    
6.75021447 1    
6.75146491 1    
6.75239598 1    
6.75796025 1    
6.75945862 1    
6.76071103 1    
6.76220798 1    
6.76345847 1    
6.76495684 1    
6.76646165 1    
6.76770321 1    
6.77045313 1    
6.77195035 1    
6.77345188 1    
6.77456148 -1   
6.77470025 1    
6.77620212 1    
6.77744817 1    
6.77894800 1    
6.78044857 1    
6.78169545 1    
6.78319692 1    
6.78444388 1    
6.78594610 1    
6.78744137 1    
6.78869085 1    
6.79019110 1    
6.79144326 1    
6.79293935 1    
6.79444196 1    
6.79568820 1    
6.79718875 1    
6.79843721 1    
6.79993516 1    
6.80143380 1    
6.80268566 1    
6.80418228 1    
6.80568419 1    
6.80693024 1    
6.80843227 1    
6.80967901 1    
6.81118116 1    
6.81267731 1    
6.81393041 1    
6.81542588 1    
6.81667753 1    
6.81801391 -1   
6.81817572 1    
6.81968818 1    
6.82117505 1    
6.82118892 -1   
6.82242729 1    
6.82392128 1    
6.82542255 1    
6.82667085 1    
6.82816857 1    
6.82941784 1    
6.83092084 1    
6.83367087 1    
6.83491886 1    
6.83641352 1    
6.83791671 1    
6.83916284 1    
6.84066478 1    
6.84216330 1    
6.84341277 1    
6.84491029 1    
6.85715901 1    
6.85865361 1    
6.85990308 1    
6.86140011 1    
6.86152277 -1   
6.86265332 1    
6.86414736 1    
6.86564730 1    
6.86689690 1    
6.86839781 1    
6.86990044 1    
6.87114670 1    
6.87264316 1    
6.87389521 1    
6.87539106 1    
6.87689264 1    
6.87814199 1    
6.87964167 1    
6.88088771 1    
6.88239146 1    
6.88389925 1    
6.89838544 1    
6.89988045 1    
6.90113028 1    
6.90262795 1    
6.90387845 1    
6.90537442 1    
6.90687568 1    
6.90812244 1    
6.90962116 1    
6.91112255 1    
6.91237337 1    
6.91386923 1    
6.91512226 1    
6.91661880 1    
6.91812142 1    
6.91936718 1    
6.92086565 1    
6.92386944 1    
6.92536582 1    
6.92661502 1    
6.92811586 1    
6.92936248 1    
6.93085946 1    
6.93235992 1    
6.93237735 1    
6.93536055 1    
6.93660836 1    
6.93810782 1    
6.93960767 1    
6.94085387 1    
6.94235667 1    
6.94360191 1    
6.94510609 1    
6.94811065 1    
6.94825397 -1   
6.94936454 1    
6.95085227 1    
6.95210115 1    
6.95359751 1    
6.95509838 1    
6.95634605 1    
6.95784601 1    
6.95909450 1    
6.96059597 1    
6.96209272 1    
6.96934688 1    
6.97084069 1    
6.97208947 1    
6.97358727 1    
6.97483450 1    
6.97633376 1    
6.97783849 1    
6.97908179 1    
6.98311693 -1   
6.99058203 1    
6.99207576 1    
6.99357805 1    
6.99482686 1    
6.99632235 1    
6.99757250 1    
6.99907395 1    
7.00057105 1    
7.00182437 1    
7.00331900 1    
7.00457027 1    
7.00606875 1    
7.00756519 1    
7.00881527 1    
7.01031901 1    
7.01156395 1    
7.01306501 1    
7.01456484 1    
7.01656146 1    
7.01806093 1    
7.01930916 1    
7.02080879 1    
7.02231074 1    
7.02355718 1    
7.02505854 1    
7.02655569 1    
7.02780749 1    
7.02930316 1    
7.03055341 1    
7.03205183 1    
7.03355294 1    
7.03480123 1    
7.03630278 1    
7.03754919 1    
7.03764935 -1   
7.03904844 1    
7.04054656 1    
7.04180085 1    
7.04329665 1    
7.04529860 1    
7.04654488 1    
7.04804537 1    
7.04954877 1    
7.05079137 1    
7.05229026 1    
7.05354595 1    
7.05503980 1    
7.05653980 1    
7.05778915 1    
7.05930507 1    
7.06078577 1    
7.06203892 1    
7.06353419 1    
7.06478743 1    
7.06628404 1    
7.06778516 1    
7.06903064 1    
7.07053073 1    
7.07202908 1    
7.07328119 1    
7.07477893 1    
7.07602944 1    
7.07752626 1    
7.07902935 1    
7.08027698 1    
7.08177466 1    
7.08302424 1    
7.08415360 -1   
7.08453315 1    
7.08602464 1    
7.08727053 1    
7.08876899 1    
7.09027246 1    
7.09151852 1    
7.09301882 1    
7.09426811 1    
7.09576760 1    
7.09726378 1    
7.09851321 1    
7.10001271 1    
7.10126673 1    
7.10247538 1    
7.14149435 1    
7.14274101 1    
7.15298740 1    
7.15302707 -1   
7.15448671 1    
7.15573088 1    
7.15723127 1    
7.15848065 1    
7.15998183 1    
7.16147790 1    
7.16272927 1    
7.16422569 1    
7.16547816 1    
7.16697644 1    
7.16847423 1    
7.16972396 1    
7.17122444 1    
7.17272236 1    
7.17397474 1    
7.17547555 1    
7.17672274 1    
7.17822011 1    
7.17971720 1    
7.18096714 1    
7.18246930 1    
7.18371644 1    
7.18521674 1    
7.18671518 1    
7.18796460 1    
7.18802600 -1   
7.18946126 1    
7.19096325 1    
7.19221231 1    
7.19371084 1    
7.19496338 1    
7.19645771 1    
7.19796022 1    
7.19920620 1    
7.20070885 1    
7.20195631 1    
7.20345650 1    
7.20495579 1    
7.20845433 1    
7.20970339 1    
7.21119983 1    
7.21245234 1    
7.21395159 1    
7.21545005 1    
7.21669580 1    
7.21820213 1    
7.21945058 1    
7.22094459 1    
7.22244684 1    
7.22369515 1    
7.22519357 1    
7.22644234 1    
7.22794349 1    
7.22944218 1    
7.23069108 1    
7.23218787 1    
7.23343968 1    
7.23493873 1    
7.23793519 1    
7.23943761 1    
7.24068490 1    
7.24219000 1    
7.24343107 1    
7.24493347 1    
7.24643306 1    
7.24768134 1    
7.24917812 1    
7.25068075 1    
7.25192892 1    
7.25342896 1    
7.25467581 1    
7.25617681 1    
7.25767603 1    
7.25892619 1    
7.26042192 1    
7.26167444 1    
7.26317344 1    
7.26467218 1    
7.26591953 1    
7.26741948 1    
7.26941912 1    
7.27066523 1    
7.27216722 1    
7.27366605 1    
7.27491749 1    
7.27641923 1    
7.27791670 1    
7.27916325 1    
7.28066364 1    
7.28191035 1    
7.28341090 1    
7.28490995 1    
7.28616042 1    
7.28765718 1    
7.28890777 1    
7.29040891 1    
7.29190697 1    
7.29315199 1    
7.29465613 1    
7.29615339 1    
7.29740308 1    
7.29889881 1    
7.30015115 1    
7.30165130 1    
7.30315001 1    
7.30439794 1    
7.30589928 1    
7.30714697 1    
7.30864715 1    
7.31014746 1    
7.31139488 1    
7.31164675 1    
7.31339404 1    
7.31464140 1    
7.31614311 1    
7.31764109 1    
7.31889034 1    
7.32038677 1    
7.32163869 1    
7.32313794 1    
7.32463717 1    
7.32588462 1    
7.32738858 1    
7.32863523 1    
7.33013548 1    
7.33163030 1    
7.33313222 1    
7.33463264 1    
7.33588127 1    
7.33737799 1    
7.33863030 1    
7.34012849 1    
7.34162959 1    
7.34287516 1    
7.34437717 1    
7.34562513 1    
7.34712598 1    
7.34862028 1    
7.34989049 1    
7.35138088 1    
7.35262240 1    
7.35412114 1    
7.35562033 1    
7.35687102 1    
7.35689286 -1   
7.36637591 1    
7.36761396 1    
7.36961180 1    
7.37185809 1    
7.37335941 1    
7.37736260 1    
7.37885840 1    
7.38035608 1    
7.38435974 1    
7.38560288 1    
7.38773773 -1   
7.38774469 -1   
7.38779499 -1   
7.39435470 1    
7.39559727 1    
7.39709597 1    
7.39859295 1    
7.39984200 1    
7.40134028 1    
7.40284399 1    
7.40559025 1    
7.40708995 1    
7.40858658 1    
7.40983829 1    
7.41133569 1    
7.41283690 1    
7.41408652 1    
7.42097537 -1   
7.44482534 1    
7.49654465 1    
7.49779042 1    
7.49928817 1    
7.50053703 1    
7.50478929 1    
7.50628347 1    
7.50753298 1    
7.50902908 1    
7.51278755 1    
7.51402804 1    
7.51552469 1    
7.52677473 1    
7.52681749 -1   
7.52977323 1    
7.53126818 1    
7.53302121 1    
7.53426664 1    
7.53576767 1    
7.53801368 1    
7.53951587 1    
7.54076092 1    
7.54226106 1    
7.54350980 1    
7.54501220 1    
7.54621241 1    
7.54751151 1    
7.54900831 1    
7.55050939 1    
7.55200592 1    
7.55325350 1    
7.55475516 1    
7.55625573 1    
7.55750325 1    
7.56974801 1    
7.57099486 1    
7.57249586 1    
7.58949273 1    
7.59098636 1    
7.59223421 1    
7.70884181 1    
7.70889250 -1   
7.72391522 1    
7.72515669 1    
7.72665510 1    
7.72806788 1    
7.72940585 1    
7.73340777 1    
7.73490305 1    
7.73615030 1    
7.73764720 1    
7.73914798 1    
7.74039810 1    
7.75689427 1    
7.75814020 1    
7.75963596 1    
7.76088488 1    
7.76238562 1    
7.77788435 1    
7.83010268 1    
7.83027059 -1   
7.83159953 1    
7.83284692 1    
7.83434349 1    
7.83560602 1    
7.83709390 1    
7.83859064 1    
7.83984233 1    
7.84133791 1    
7.84259444 1    
7.84408776 1    
7.84558569 1    
7.84683733 1    
7.84833721 1    
7.84958331 1    
7.85108575 1    
7.85258224 1    
7.85808023 1    
7.85957807 1    
7.86083184 1    
7.86383049 1    
7.86507717 1    
7.86657592 1    
7.87376836 1    
7.87380011 -1   
7.91955216 1    
7.92104301 1    
7.92854877 1    
7.93003946 1    
7.93153431 1    
7.94103901 1    
7.94228501 1    
8.03820430 1    
8.07646517 1    
8.20134627 1    
8.20154032 -1   
8.23502542 -1   
8.33287019 -1   
8.39857922 -1   
8.77531477 1    
8.77655487 1    
8.77750732 1    
8.77781644 -1   
8.77930522 1    
8.78055069 1    
8.78205381 1    
8.78329939 1    
8.78480118 1    
8.78629782 1    
8.78754657 1    
8.78904626 1    
8.79054988 1    
8.79179341 1    
8.79329608 1    
8.79454310 1    
8.79604453 1    
8.79754045 1    
8.79879015 1    
8.80028875 1    
8.80154223 1    
8.80304075 1    
8.80453994 1    
8.80578654 1    
8.80728666 1    
8.80853573 1    
8.81005100 1    
8.81428546 1    
8.81578384 1    
8.81703169 1    
8.82103469 1    
8.82252792 1    
8.82377845 1    
8.82527483 1    
8.82652593 1    
8.83368360 -1   
8.85176762 1    
8.85325880 1    
8.85476357 1    
8.86126020 1    
8.86250887 1    
8.86400326 1    
8.89124429 1    
8.89248668 1    
8.89398923 1    
8.89548486 1    
8.89673639 1    
8.89823429 1    
8.89948655 1    
8.90098188 1    
8.90248325 1    
8.90373083 1    
8.90523205 1    
8.90648015 1    
8.90798136 1    
8.93996621 1    
8.94146127 1    
8.94270860 1    
8.94421157 1    
8.94570588 1    
8.94572381 -1   
8.94696040 1    
8.95970673 1    
8.96244766 1    
8.96519815 1    
8.96669828 1    
8.97369105 1    
8.97794286 1    
8.97918738 1    
8.98068972 1    
8.99193844 1    
8.99342966 1    
8.99468011 1    
8.99618033 1    
8.99742677 1    
8.99892826 1    
9.00042459 1    
9.00167683 1    
9.00317273 1    
9.00442201 1    
9.00742087 1    
9.00837662 1    
9.10964702 -1   
9.20999677 1    
9.29051729 1    
9.29200830 1    
9.32624957 1    
9.32773755 1    
9.32898914 1    
9.33723666 1    
9.33874842 1    
9.36898713 1    
9.37022125 1    
9.37171368 1    
9.37196581 1    
9.37896571 1    
9.38020748 1    
9.38174901 1    
9.39895659 1    
9.40020418 1    
9.40869674 1    
9.40883259 -1   
9.40994414 1    
9.41144036 1    
9.41269121 1    
9.41418871 1    
9.41568961 1    
9.41693559 1    
9.45317385 1    
9.45466639 1    
9.45591638 1    
9.45741448 1    
9.45891383 1    
9.46016328 1    
9.46166488 1    
9.46291054 1    
9.46865646 1    
9.47015777 1    
9.47140582 1    
9.47290377 1    
9.47415769 1    
9.47565256 1    
9.47715621 1    
9.47840228 1    
9.47990417 1    
9.48114942 1    
9.48265180 1    
9.48414996 1    
9.48540108 1    
9.48689713 1    
9.48839892 1    
9.48964513 1    
9.49114734 1    
9.49239355 1    
9.49389428 1    
9.49539087 1    
9.49664487 1    
9.49814067 1    
9.49939186 1    
9.49950024 -1   
9.50089149 1    
9.50238812 1    
9.50363647 1    
9.50513672 1    
9.50639009 1    
9.50788399 1    
9.50938710 1    
9.51063630 1    
9.51363481 1    
9.51513289 1    
9.51638314 1    
9.51788082 1    
9.51938115 1    
9.52062719 1    
9.52212952 1    
9.52362671 1    
9.52487796 1    
9.52637563 1    
9.52762555 1    
9.52912193 1    
9.53062362 1    
9.53187241 1    
9.53612110 1    
9.53761867 1    
9.53886959 1    
9.54036830 1    
9.54186622 1    
9.54431489 1    
9.54447467 -1   
9.54611862 1    
9.54736236 1    
9.54886232 1    
9.55011182 1    
9.55161270 1    
9.55310898 1    
9.55436096 1    
9.55585628 1    
9.55710823 1    
9.55860733 1    
9.56010493 1    
9.56135481 1    
9.56285730 1    
9.56435338 1    
9.56560487 1    
9.56710136 1    
9.56835334 1    
9.56985025 1    
9.57134904 1    
9.57259718 1    
9.57410171 1    
9.57534537 1    
9.57684759 1    
9.57834554 1    
9.57959696 1    
9.58109368 1    
9.58234563 1    
9.58384077 1    
9.58534265 1    
9.58659130 1    
9.58809247 1    
9.58958830 1    
9.59084035 1    
9.59233568 1    
9.59358685 1    
9.59508597 1    
9.59658674 1    
9.59668429 -1   
9.59783752 1    
9.59933184 1    
9.60058443 1    
9.60208156 1    
9.62032982 1    
9.62157001 1    
9.62307269 1    
9.62456794 1    
9.62458399 -1   
9.62581958 1    
9.64131747 1    
9.64281130 1    
9.64405631 1    
9.64555837 1    
9.64806026 1    
9.65230651 1    
9.65380385 1    
9.65504971 1    
9.65654926 1    
9.65780170 1    
9.65929704 1    
9.66080028 1    
9.66204733 1    
9.66354939 1    
9.66479853 1    
9.66629548 1    
9.66779273 1    
9.66904563 1    
9.67054265 1    
9.67209349 1    
9.67379484 1    
9.67528941 1    
9.67678842 1    
9.67804201 1    
9.67953742 1    
9.68078803 1    
9.68228720 1    
9.68244169 -1   
9.68378468 1    
9.68503313 1    
9.68653686 1    
9.68778328 1    
9.68928510 1    
9.69203197 1    
9.69352872 1    
9.69502838 1    
9.69627926 1    
9.69777741 1    
9.69902881 1    
9.70052334 1    
9.70202686 1    
9.70327426 1    
9.70477171 1    
9.70602333 1    
9.70752255 1    
9.70901875 1    
9.71027374 1    
9.71176787 1    
9.71302029 1    
9.71451722 1    
9.71601505 1    
9.71726514 1    
9.71876761 1    
9.72026337 1    
9.72151541 1    
9.72301202 1    
9.72426332 1    
9.72626726 1    
9.72776175 1    
9.72900822 1    
9.73051223 1    
9.73200709 1    
9.73326007 1    
9.73475603 1    
9.73491275 -1   
9.73625717 1    
9.73750375 1    
9.73900621 1    
9.74025127 1    
9.74175419 1    
9.74324911 1    
9.74449884 1    
9.74599874 1    
9.74724995 1    
9.74874875 1    
9.75025009 1    
9.75149663 1    
9.75299729 1    
9.75651530 1    
9.75774905 1    
9.75924239 1    
9.76074268 1    
9.76199035 1    
9.76349134 1    
9.76498707 1    
9.76648814 1    
9.76773526 1    
9.76923721 1    
9.77048476 1    
9.77200469 1    
9.77348199 1    
9.77473392 1    
9.77623031 1    
9.77773129 1    
9.77898116 1    
9.78048173 1    
9.78197961 1    
9.78323106 1    
9.78332914 -1   
9.78472913 1    
9.78597821 1    
9.78747457 1    
9.78897324 1    
9.79022765 1    
9.79172147 1    
9.79297355 1    
9.79447201 1    
9.79597224 1    
9.79722009 1    
9.79871958 1    
9.80021738 1    
9.80147056 1    
9.80296665 1    
9.80421754 1    
9.80571665 1    
9.80725096 1    
9.81121400 1    
9.81271098 1    
9.81281004 -1   
9.81421351 1    
9.81422676 -1   
9.81545836 1    
9.81695851 1    
9.81821132 1    
9.81970676 1    
9.82120803 1    
9.82395268 1    
9.82520667 1    
9.82670368 1    
9.82795200 1    
9.82945269 1    
9.83095417 1    
9.83219946 1    
9.83370014 1    
9.83519758 1    
9.83644938 1    
9.83794653 1    
9.83919786 1    
9.84219630 1    
9.84369614 1    
9.84519159 1    
9.84644169 1    
9.84793904 1    
9.84944137 1    
9.85068921 1    
9.85219028 1    
9.85343887 1    
9.85493841 1    
9.85643573 1    
9.85768458 1    
9.85919514 1    
9.86043565 1    
9.86193453 1    
9.86343392 1    
9.86468461 1    
9.86618354 1    
9.86742800 1    
9.86894299 1    
9.86904560 -1   
9.87043257 1    
9.87168418 1    
9.87317782 1    
9.87467598 1    
9.87592369 1    
9.87742304 1    
9.87892480 1    
9.88017125 1    
9.88167377 1    
9.88296121 1    
9.88467105 1    
9.88594247 1    
9.88766932 1    
9.88895390 1    
9.89068106 1    
9.89218980 1    
9.89366606 1    
9.89494835 1    
9.89666123 1    
9.89818644 1    
9.89966250 1    
9.90091044 1    
9.90241188 1    
9.90365857 1    
9.90515956 1    
9.90665647 1    
9.90790440 1    
9.90940462 1    
9.91090654 1    
9.91215259 1    
9.91365485 1    
9.91490199 1    
9.91640414 1    
9.91790075 1    
9.91800982 -1   
9.91915343 1    
9.92064872 1    
9.92190144 1    
9.92339659 1    
9.92489841 1    
9.92614574 1    
9.92764598 1    
9.92914484 1    
9.93039666 1    
9.93189172 1    
9.93439595 1    
9.93563958 1    
9.93713887 1    
9.93838973 1    
9.93989077 1    
9.94138560 1    
9.94263930 1    
9.94413429 1    
9.94539020 1    
9.94688381 1    
9.94838239 1    
9.94963210 1    
9.95113404 1    
9.95238043 1    
9.95388297 1    
9.95537767 1    
9.95663036 1    
9.95812864 1    
9.95962691 1    
9.96091147 1    
9.96262751 1    
9.96387370 1    
9.96537565 1    
9.96665077 1    
9.96837645 1    
9.96845232 -1   
9.96962053 1    
9.97082352 1    
9.97237207 1    
9.97361739 1    
9.97511964 1    
9.97636673 1    
9.97786925 1    
9.97936465 1    
9.98061431 1    
9.98211377 1    
9.98361437 1    
9.98486127 1    
9.98636430 1    
9.98786075 1    
9.98911190 1    
9.99060927 1    
9.99335715 1    
9.99460689 1    
9.99462088 -1   
9.99610833 1    
9.99760479 1    
9.99885698 1    
10.00035298 1    
10.00160634 1    
10.00310199 1    
10.00460014 1    
10.00584986 1    
10.00735070 1    
10.00859746 1    
10.01010202 1    
10.01159639 1    
10.01284766 1    
10.01434598 1    
10.01559450 1    
10.01709265 1    
10.01859650 1    
10.01984233 1    
10.02134363 1    
10.02259250 1    
10.02409197 1    
10.02558866 1    
10.02683756 1    
10.02833607 1    
10.03133798 1    
10.03259262 1    
10.03408667 1    
10.03558240 1    
10.03683499 1    
10.03833104 1    
10.03983334 1    
10.04107890 1    
10.04258189 1    
10.04382732 1    
10.04532673 1    
10.04682649 1    
10.04694834 -1   
10.04809537 1    
10.04957370 1    
10.05107620 1    
10.05232193 1    
10.05382314 1    
10.05532107 1    
10.05657367 1    
10.05807071 1    
10.05957134 1    
10.06081790 1    
10.06232033 1    
10.06356732 1    
10.06506491 1    
10.06656535 1    
10.06781807 1    
10.07231538 1    
10.13419710 1    
10.21055096 -1   
12.78636394 1    
16.50772852 -1   
20.20258802 -1   
20.21214951 -1   
20.21244490 -1   
20.36498904 -1   
20.68193516 1    
20.68212128 -1   
24.16660307 1    
24.27574752 -1   
24.49641592 1    
24.49660263 -1   
24.65781867 1    
24.65808950 -1   
24.82156117 1    
24.82160562 -1   
25.01396775 1    
25.04524980 1    
25.06348687 1    
25.08397507 1    
25.20648400 1    
25.20663199 -1   
25.40123709 1    
25.40128171 -1   
25.42053458 1    
25.43352523 1    
25.45376476 1    
25.56352652 1    
25.56357027 -1   
25.72620665 1    
25.72650403 -1   
25.96906696 1    
25.97011744 -1   
26.13372219 1    
