0.00000000 -1   
0.17424066 -1   
0.23595999 1    
0.33560218 -1   
0.39844550 1    
0.40827409 -1   
0.49825695 -1   
0.56159886 1    
0.60363547 1    
0.62188044 1    
0.64186879 1    
0.65236146 1    
0.76398751 1    
0.76417965 -1   
0.92551492 -1   
0.96627834 1    
0.98842133 1    
1.02191753 1    
1.02889252 1    
1.14965323 1    
1.17381202 -1   
1.33765948 1    
1.33816337 -1   
1.50073395 1    
1.50106141 -1   
1.68786644 1    
1.68818685 -1   
1.91723476 1    
2.11786774 1    
2.11891726 -1   
2.67996766 1    
2.68144533 1    
2.68182398 1    
2.78914406 1    
2.88211550 1    
2.88438413 -1   
3.04579619 -1   
3.38689781 1    
3.56620550 1    
3.56744295 1    
3.58722427 1    
3.62871147 -1   
3.79037026 -1   
4.16560872 1    
4.16684664 1    
4.16722614 1    
4.27754014 1    
4.27903315 1    
4.32888829 1    
4.36748958 1    
4.36898130 1    
4.37747818 1    
4.38547521 1    
4.38696681 1    
4.46518725 1    
4.46667804 1    
4.46817461 1    
4.47517241 1    
4.47531588 -1   
4.47666722 1    
4.49025783 1    
4.54513625 1    
4.54662884 1    
4.56537237 1    
4.56661404 1    
4.62210369 1    
4.64157477 1    
4.64282555 1    
4.65328715 1    
4.66206621 1    
4.72928184 1    
4.73951910 1    
4.74076694 1    
4.74226249 1    
4.76625950 1    
4.81272634 1    
4.81287428 -1   
4.81422560 1    
4.81572091 1    
4.81597326 1    
4.83371800 1    
4.83521223 1    
4.88243661 1    
4.88368130 1    
4.99629237 1    
5.12681974 1    
5.15897833 1    
5.17577678 1    
5.17726263 1    
5.19600683 1    
5.22524189 1    
5.22648936 1    
5.22798460 1    
5.25123227 1    
5.25247185 1    
5.26996689 1    
5.27010334 -1   
5.27146287 1    
5.27295762 1    
5.27795799 1    
5.27945564 1    
5.30070036 1    
5.30219094 1    
5.32161916 1    
5.33442738 1    
5.34392730 1    
5.34516698 1    
5.34666554 1    
5.35416371 1    
5.35566500 1    
5.35715948 1    
5.37465923 1    
5.37615041 1    
5.38540271 1    
5.40638593 1    
5.40763201 1    
5.42312759 1    
5.42462361 1    
5.42611985 1    
5.47660475 1    
5.47664465 -1   
5.47784657 1    
5.48684126 1    
5.49674376 1    
5.52981656 1    
5.53108437 1    
5.57504386 1    
5.69103603 1    
5.69140426 -1   
5.85533097 1    
5.85641347 -1   
6.06182742 -1   
6.24516211 1    
6.24640343 1    
6.24678654 1    
6.26639842 1    
6.26764436 1    
6.33436317 1    
6.33560550 1    
6.33710069 1    
6.35635165 1    
6.35650452 -1   
6.35784226 1    
6.36634034 1    
6.36783339 1    
6.36933003 1    
6.42899128 1    
6.43729895 1    
6.43879656 1    
6.44654355 1    
6.44803664 1    
6.44928274 1    
6.45778777 1    
6.45928436 1    
6.46078644 1    
6.52350619 1    
6.52474327 1    
6.52624289 1    
6.54449220 1    
6.56572556 1    
6.56591582 -1   
6.56797035 1    
6.58621447 1    
6.58771244 1    
6.58920599 1    
6.60044944 1    
6.61769396 1    
6.61894115 1    
6.63393460 1    
6.76991051 -1   
6.77975152 1    
6.97379453 -1   
7.30280765 1    
7.30430063 1    
7.30468160 1    
7.38551349 1    
7.38700384 1    
7.46635607 1    
7.49796001 -1   
7.50806564 -1   
7.62797522 1    
7.65964960 -1   
7.90012332 -1   
8.00640517 1    
8.00789447 1    
8.00827231 1    
8.03363553 1    
8.03513102 1    
8.05112583 1    
8.05236782 1    
8.05386849 1    
8.06166649 -1   
8.10134727 1    
8.10283907 1    
8.10409026 1    
8.12108380 1    
8.12232623 1    
8.13257851 1    
8.13407400 1    
8.13532158 1    
8.16106720 1    
8.16230603 1    
8.17130768 1    
8.17404865 1    
8.19459649 1    
8.20979372 1    
8.21129397 1    
8.21927785 1    
8.23702087 1    
8.23706002 -1   
8.23826382 1    
8.25825483 1    
8.25950058 1    
8.26099942 1    
8.30523233 1    
8.30647170 1    
8.30797562 1    
8.32122025 1    
8.32246713 1    
8.32396237 1    
8.32546048 1    
8.32670907 1    
8.32821410 1    
8.32970841 1    
8.33095998 1    
8.33870590 1    
8.37046477 1    
8.38942983 1    
8.39092254 1    
8.39942471 1    
8.40067083 1    
8.40216430 1    
8.42091441 1    
8.42095340 -1   
8.42215933 1    
8.44290081 1    
8.44414454 1    
8.44564280 1    
8.47288688 1    
8.47412739 1    
8.48363007 1    
8.49287159 1    
8.49436958 1    
8.49586370 1    
8.49711470 1    
8.49861195 1    
8.50111766 1    
8.50261040 1    
8.52185777 1    
8.53209902 1    
8.55089684 1    
8.56083242 1    
8.56232685 1    
8.57732297 1    
8.57882034 1    
8.58731835 1    
8.58736295 -1   
8.58881330 1    
8.59005868 1    
8.59406415 1    
8.59531148 1    
8.59680705 1    
8.59830507 1    
8.59955683 1    
8.60555634 1    
8.64954976 1    
8.65102688 1    
8.65878174 1    
8.67826590 1    
8.67975930 1    
8.68100754 1    
8.68250913 1    
8.68400663 1    
8.68975558 1    
8.69100082 1    
8.71699564 1    
8.71848569 1    
8.72125741 1    
8.73747994 1    
8.73897604 1    
8.74722673 1    
8.74872127 1    
8.74997182 1    
8.75016389 -1   
8.75771975 1    
8.75774704 -1   
8.75896261 1    
8.76046322 1    
8.76196490 1    
8.76321035 1    
8.76471175 1    
8.76595842 1    
8.78220924 1    
8.82292975 1    
8.82417641 1    
8.82567692 1    
8.83292592 1    
8.83441937 1    
8.83591911 1    
8.83716998 1    
8.83866644 1    
8.84266661 1    
8.84391590 1    
8.85266754 1    
8.86266086 1    
8.86415206 1    
8.90009690 1    
8.91843017 -1   
8.92837364 1    
8.92986601 1    
8.93886672 1    
8.94011168 1    
8.94160622 1    
8.94835994 1    
8.94960677 1    
8.95110228 1    
8.95260395 1    
8.95385030 1    
8.95535352 1    
8.95659864 1    
8.95884710 1    
8.96034745 1    
8.96185011 1    
8.98534000 1    
8.98683421 1    
9.00132970 1    
9.01282758 1    
9.01431770 1    
9.01583003 1    
9.02306786 1    
9.02431240 1    
9.04080695 1    
9.04205413 1    
9.04355074 1    
9.06254710 1    
9.06270993 -1   
9.06279155 1    
9.08328885 1    
9.08334593 -1   
9.08478020 1    
9.08602481 1    
9.08752717 1    
9.08902321 1    
9.09027202 1    
9.10327154 1    
9.10926854 1    
9.11051288 1    
9.11201424 1    
9.11350960 1    
9.11476037 1    
9.11625892 1    
9.11775831 1    
9.11925614 1    
9.12975979 1    
9.13100092 1    
9.13250251 1    
9.18922971 1    
9.19046589 1    
9.19196558 1    
9.19796807 1    
9.19921422 1    
9.20570988 1    
9.20695961 1    
9.22545287 1    
9.22694861 1    
9.22819565 1    
9.22969426 1    
9.23119487 1    
9.23319394 1    
9.23468897 1    
9.23594343 1    
9.24584396 1    
9.24588291 -1   
9.26543272 1    
9.26692272 1    
9.26817071 1    
9.28142047 1    
9.28291621 1    
9.28416660 1    
9.28966329 1    
9.29115809 1    
9.29232634 -1   
9.29816064 1    
9.29940382 1    
9.30090576 1    
9.30540304 1    
9.30665136 1    
9.30814821 1    
9.31540379 1    
9.31689544 1    
9.34588789 1    
9.34737729 1    
9.34887903 1    
9.37611694 1    
9.37736299 1    
9.37885774 1    
9.38035921 1    
9.38160438 1    
9.38560577 1    
9.38710349 1    
9.38860401 1    
9.38985009 1    
9.39135285 1    
9.39259841 1    
9.39410172 1    
9.39559967 1    
9.39684631 1    
9.39900389 -1   
9.41133749 1    
9.41137900 -1   
9.43859864 1    
9.44007913 1    
9.45757375 1    
9.45906537 1    
9.46031180 1    
9.46181126 1    
9.46306368 1    
9.46806168 1    
9.46930928 1    
9.47080608 1    
9.47230651 1    
9.47355328 1    
9.47505157 1    
9.47630379 1    
9.47780612 1    
9.47930375 1    
9.51329110 1    
9.51453150 1    
9.51603260 1    
9.53452333 1    
9.53602045 1    
9.54976666 1    
9.55126397 1    
9.55276034 1    
9.55926426 1    
9.56050529 1    
9.56200547 1    
9.56350505 1    
9.56364855 -1   
9.56475365 1    
9.56624965 1    
9.56775370 1    
9.56899864 1    
9.57050193 1    
9.57174839 1    
9.57324970 1    
9.57468789 1    
9.57470166 -1   
9.58974639 1    
9.59098584 1    
9.61898078 1    
9.62897374 1    
9.63021844 1    
9.63171384 1    
9.64995975 1    
9.65120432 1    
9.65270802 1    
9.65770094 1    
9.65895131 1    
9.66044974 1    
9.66920123 1    
9.67069029 1    
9.67193882 1    
9.72941631 1    
9.73090537 1    
9.73704604 1    
9.83012680 1    
9.83160222 1    
9.89895032 1    
9.93580076 1    
9.93728913 1    
9.94629284 1    
9.94778436 1    
9.94903280 1    
9.95577875 1    
9.95702849 1    
9.95852615 1    
9.95862927 -1   
10.02150043 1    
10.02299260 1    
10.02449201 1    
10.06192834 1    
10.08995710 1    
10.09144971 1    
10.13518411 1    
10.13642351 1    
10.13792724 1    
10.18190514 1    
10.18315137 1    
10.19814643 1    
10.22294945 1    
10.24811673 1    
10.24961311 1    
10.27909918 1    
10.28034761 1    
10.28183857 1    
10.28194656 -1   
10.33281955 1    
10.33431274 1    
10.33581278 1    
10.35430780 1    
10.35580149 1    
10.37129507 1    
10.40989279 1    
10.43950812 1    
10.44100207 1    
10.44900192 1    
10.45024989 1    
10.45174534 1    
10.45324712 1    
10.45334556 -1   
10.45449395 1    
10.45950078 1    
10.52272424 1    
10.52395359 1    
10.52545307 1    
10.53195462 1    
10.53319846 1    
10.54169938 1    
10.54319693 1    
10.54469299 1    
10.60236492 1    
10.62066408 1    
10.62070434 -1   
10.62214914 1    
10.64189268 1    
10.64338925 1    
10.64488530 1    
10.65738366 1    
10.65862793 1    
10.70561641 1    
10.72559964 1    
10.72709065 1    
10.72833507 1    
10.73558948 1    
10.73708144 1    
10.74558332 1    
10.74707505 1    
10.74832292 1    
10.76582017 1    
10.76706542 1    
10.76856246 1    
10.78423877 1    
10.78427773 -1   
10.81354565 1    
10.81503599 1    
10.84177610 1    
10.84327389 1    
10.84477020 1    
10.87775661 1    
10.87900262 1    
10.88049915 1    
10.94761916 1    
10.94766161 -1   
10.95795857 1    
10.95945512 1    
10.96095654 1    
10.96220026 1    
10.96370400 1    
10.96494952 1    
10.96645210 1    
10.96794767 1    
10.97115534 -1   
10.97569760 1    
10.97719266 1    
10.98619756 1    
11.03318342 1    
11.03466225 1    
11.04290774 1    
11.04415786 1    
11.04565752 1    
11.04715263 1    
11.04840476 1    
11.05290165 1    
11.11021523 1    
11.11026695 -1   
11.15609766 1    
11.15758835 1    
11.15909067 1    
11.16033679 1    
11.16183910 1    
11.16559005 1    
11.16708745 1    
11.16833371 1    
11.16983187 1    
11.17108266 1    
11.17258279 1    
11.17783179 1    
11.17908142 1    
11.18957708 1    
11.25304479 1    
11.25428310 1    
11.26378722 1    
11.26502773 1    
11.26652992 1    
11.27327741 1    
11.27344421 -1   
11.27477218 1    
11.27602241 1    
11.27666878 1    
11.27668383 -1   
11.32250505 1    
11.32399638 1    
11.33270239 1    
11.33398951 1    
11.33548686 1    
11.36897630 1    
11.37047000 1    
11.37196697 1    
11.37947105 1    
11.38096238 1    
11.38221338 1    
11.39845716 1    
11.39995852 1    
11.40121891 1    
11.42569531 1    
11.42719082 1    
11.43989457 1    
11.43993566 -1   
11.46167671 1    
11.46316522 1    
11.46441458 1    
11.46591468 1    
11.46716567 1    
11.47391459 1    
11.47541127 1    
11.47690618 1    
11.47815872 1    
11.47965579 1    
11.48565524 1    
11.52988629 1    
11.53137783 1    
11.53287831 1    
11.54037493 1    
11.54187193 1    
11.54311780 1    
11.56111610 1    
11.56260965 1    
11.57111139 1    
11.57235160 1    
11.57385630 1    
11.60297892 1    
11.60302249 -1   
11.62158331 1    
11.62307315 1    
11.65406312 1    
11.65555554 1    
11.65705672 1    
11.65830431 1    
11.65980722 1    
11.66105207 1    
11.66255596 1    
11.66405195 1    
11.66529889 1    
11.69353744 1    
11.69503656 1    
11.69628173 1    
11.72152612 1    
11.72301500 1    
11.73101940 1    
11.73776250 1    
11.73900607 1    
11.74050669 1    
11.74801124 1    
11.74950088 1    
11.75800323 1    
11.75924505 1    
11.76074700 1    
11.76549530 1    
11.76699020 1    
11.76849100 1    
11.76874212 1    
11.76875532 -1   
11.77324100 1    
11.77473676 1    
11.77598848 1    
11.81746717 1    
11.81897316 1    
11.82023762 1    
11.83796135 1    
11.83920629 1    
11.86794140 1    
11.86943554 1    
11.87093012 1    
11.87743451 1    
11.87892722 1    
11.88043004 1    
11.88167459 1    
11.88317561 1    
11.92665709 1    
11.93303950 1    
11.93308276 -1   
11.94664389 1    
11.94813836 1    
12.03759730 1    
12.03908528 1    
12.04058595 1    
12.05483143 1    
12.05632709 1    
12.07706947 1    
12.07856236 1    
12.08006269 1    
12.08131282 1    
12.08281007 1    
12.08405900 1    
12.09854333 1    
12.09858461 -1   
12.10155583 1    
12.10304853 1    
12.10904731 1    
12.11054423 1    
12.11204655 1    
12.13778310 1    
12.13902981 1    
12.14753385 1    
12.14902411 1    
12.15051979 1    
12.15177135 1    
12.17494513 -1   
12.17701396 1    
12.17825800 1    
12.18600961 1    
12.18749880 1    
12.18900055 1    
12.22524922 1    
12.22647921 1    
12.23548052 1    
12.24547702 1    
12.24696723 1    
12.24846733 1    
12.26076589 1    
12.26080661 -1   
12.26546225 1    
12.26695489 1    
12.31343678 1    
12.31492873 1    
12.31643227 1    
12.32317551 1    
12.32442471 1    
12.36190892 1    
12.36340246 1    
12.36489809 1    
12.36614856 1    
12.41862702 1    
12.42011930 1    
12.42326912 1    
12.42328160 -1   
12.42511701 1    
12.43486502 1    
12.43635738 1    
12.44610864 1    
12.44735650 1    
12.44885130 1    
12.46610286 1    
12.46625904 -1   
12.46734513 1    
12.46883807 1    
12.51331937 1    
12.51456433 1    
12.53405911 1    
12.54429959 1    
12.54554758 1    
12.54704259 1    
12.56479165 1    
12.56603340 1    
12.57553058 1    
12.57702657 1    
12.57852931 1    
12.58696677 1    
12.58699501 -1   
12.63325413 1    
12.63474505 1    
12.64274445 1    
12.64424126 1    
12.64573837 1    
12.64698711 1    
12.64848816 1    
12.64998302 1    
12.65323774 1    
12.65448070 1    
12.65598316 1    
12.67447317 1    
12.67596973 1    
12.67747072 1    
12.72894759 1    
12.72910645 -1   
12.73044098 1    
12.74593519 1    
12.74718003 1    
12.74867623 1    
12.74892748 1    
12.74893796 -1   
12.76167704 1    
12.76292015 1    
12.76442162 1    
12.77941326 1    
12.78091131 1    
12.78215670 1    
12.84162910 1    
12.84312473 1    
12.85362457 1    
12.85511533 1    
12.85661463 1    
12.86361402 1    
12.86511200 1    
12.86660906 1    
12.87361178 1    
12.87510364 1    
12.87635614 1    
12.87785271 1    
12.87910089 1    
12.88209993 1    
12.89411283 -1   
12.91203493 1    
12.91206728 -1   
12.94332388 1    
12.94456726 1    
12.95331566 1    
12.95455813 1    
12.95605969 1    
12.96205841 1    
12.96355935 1    
12.98879610 1    
13.04252966 1    
13.04401201 1    
13.06726563 1    
13.07536455 1    
13.15470516 1    
13.15619427 1    
13.23837249 1    
13.26363663 1    
13.26513450 1    
13.27463391 1    
13.27479346 -1   
13.27612780 1    
13.27737419 1    
13.27887433 1    
13.28012346 1    
13.28162480 1    
13.37182526 1    
13.37331944 1    
13.38432009 1    
13.39330998 1    
13.39480932 1    
13.40130982 1    
13.40280588 1    
13.40405152 1    
13.42676238 1    
13.46977746 1    
13.46981190 -1   
13.47126611 1    
13.49325994 1    
13.49475442 1    
13.49599982 1    
13.50150534 1    
13.50299570 1    
13.55622346 1    
13.56596391 1    
13.56745977 1    
13.56895777 1    
13.58695641 1    
13.58844704 1    
13.58884856 1    
13.59694518 1    
13.59819492 1    
13.59969186 1    
13.68989436 1    
13.69004971 -1   
13.69113779 1    
13.69963915 1    
13.70113511 1    
13.70263055 1    
13.72062798 1    
13.72211890 1    
13.72337182 1    
13.73036905 1    
13.73186439 1    
13.74186082 1    
13.75952912 1    
13.80982833 1    
13.81106850 1    
13.82032602 1    
13.82181169 1    
13.82331220 1    
13.82456120 1    
13.82606245 1    
13.82731004 1    
13.83132628 1    
13.83255678 1    
13.84130506 1    
13.85105224 1    
13.85229727 1    
13.85232982 -1   
13.87104110 1    
13.87253422 1    
13.87403500 1    
13.93475677 1    
13.93624797 1    
13.94649525 1    
13.94799264 1    
13.94949269 1    
13.95648908 1    
13.96138063 1    
13.96498453 1    
13.96647963 1    
13.96798303 1    
13.96922713 1    
13.97072938 1    
13.98372823 1    
13.98522207 1    
13.98671721 1    
14.01621920 1    
14.01770119 1    
14.04544112 1    
14.04547212 -1   
14.04693984 1    
14.04818311 1    
14.06568197 1    
14.06717296 1    
14.06867665 1    
14.06991995 1    
14.07142016 1    
14.07291915 1    
14.07416994 1    
14.07566859 1    
14.07691971 1    
14.12353379 1    
14.13738779 1    
14.13888096 1    
14.14563366 1    
14.14712586 1    
14.14837643 1    
14.15762391 1    
14.15773220 -1   
14.15911910 1    
14.16036838 1    
14.16937089 1    
14.17086137 1    
14.17211480 1    
14.17361090 1    
14.17486386 1    
14.18011259 1    
14.24609060 1    
14.24612968 -1   
14.24757353 1    
14.25331859 1    
14.25481456 1    
14.25606422 1    
14.26581639 1    
14.26730850 1    
14.26880985 1    
14.27005594 1    
14.27155939 1    
14.27305455 1    
14.27430477 1    
14.27580332 1    
14.27705577 1    
14.28461806 1    
14.35077108 1    
14.35225984 1    
14.36101106 1    
14.36250276 1    
14.36400299 1    
14.36525025 1    
14.36675379 1    
14.37025014 1    
14.37175414 1    
14.37324655 1    
14.38849539 1    
14.38998735 1    
14.39148620 1    
14.44794959 1    
14.44797980 -1   
14.46970124 1    
14.47094129 1    
14.47944202 1    
14.48093577 1    
14.48218485 1    
14.48918726 1    
14.49068164 1    
14.49718081 1    
14.49867491 1    
14.49993033 1    
14.50142622 1    
14.50267221 1    
14.50417528 1    
14.50792179 1    
14.50917144 1    
14.51066896 1    
14.56639267 1    
14.56653911 -1   
14.56788925 1    
14.56938397 1    
14.57063684 1    
14.57213348 1    
14.57338640 1    
14.57488207 1    
14.57638118 1    
14.57763128 1    
14.57913138 1    
14.58037879 1    
14.58187950 1    
14.58337884 1    
14.58462817 1    
14.58612562 1    
14.58762764 1    
14.58887330 1    
14.61360819 1    
14.61364468 -1   
14.67010170 1    
14.67132961 1    
14.67708036 1    
14.67857341 1    
14.68007050 1    
14.68782336 1    
14.68931850 1    
14.69081387 1    
14.69207560 1    
14.69356408 1    
14.69506551 1    
14.69631403 1    
14.69781049 1    
14.69905940 1    
14.70056227 1    
14.70205952 1    
14.70331215 1    
14.70480675 1    
14.70605913 1    
14.77534803 1    
14.77536289 -1   
14.78876678 1    
14.79025690 1    
14.79176192 1    
14.79300585 1    
14.79450555 1    
14.79600479 1    
14.79725638 1    
14.79875382 1    
14.80000591 1    
14.80150143 1    
14.80300284 1    
14.80425211 1    
14.80575057 1    
14.80850031 1    
14.80999946 1    
14.81149740 1    
14.81274773 1    
14.81424603 1    
14.81553373 1    
14.93868196 1    
14.94017317 1    
14.94167199 1    
14.94292033 1    
14.94442282 1    
14.94508262 1    
14.94509357 -1   
14.94867135 1    
14.94991583 1    
14.95141946 1    
14.95291426 1    
14.95416499 1    
14.95566496 1    
14.95741495 1    
14.95891083 1    
14.96041287 1    
15.00989226 1    
15.01138382 1    
15.01287946 1    
15.10812969 1    
15.10816356 -1   
15.29014754 -1   
15.30976614 -1   
15.39047919 -1   
15.47169275 -1   
15.92964640 1    
15.93110868 1    
15.93135993 1    
15.93168093 -1   
15.95684980 1    
15.95833868 1    
15.97708748 1    
15.97832709 1    
16.00357190 1    
16.00506310 1    
16.01356194 1    
16.01505655 1    
16.01630944 1    
16.02555509 1    
16.02705262 1    
16.02854981 1    
16.02980080 1    
16.03129909 1    
16.03254689 1    
16.03554596 1    
16.03704643 1    
16.09451841 1    
16.09601529 1    
16.09726144 1    
16.09876111 1    
16.09878414 -1   
16.09971659 1    
16.10475662 1    
16.12200304 1    
16.12349537 1    
16.12499332 1    
16.12624243 1    
16.14174224 1    
16.14298393 1    
16.14448139 1    
16.14598245 1    
16.16847914 1    
16.16996827 1    
16.17121969 1    
16.17271701 1    
16.17821844 1    
16.17971375 1    
16.18121199 1    
16.18150902 -1   
16.18246494 1    
16.18895918 1    
16.19446265 1    
16.19595542 1    
16.19720445 1    
16.20445017 1    
16.20594708 1    
16.20719685 1    
16.20869887 1    
16.20994659 1    
16.21144948 1    
16.21294422 1    
16.21419463 1    
16.21569393 1    
16.21694187 1    
16.21844029 1    
16.22594241 1    
16.23968363 1    
16.24117945 1    
16.25792287 1    
16.25917227 1    
16.26066715 1    
16.26682058 1    
16.26684944 -1   
16.32213928 1    
16.32363065 1    
16.33238268 1    
16.33387595 1    
16.33512481 1    
16.33662277 1    
16.33787538 1    
16.33937119 1    
16.34087363 1    
16.34212021 1    
16.34362544 1    
16.34486827 1    
16.34636682 1    
16.35311480 1    
16.35461496 1    
16.35611188 1    
16.43019300 1    
16.43022314 -1   
16.45731061 1    
16.45880528 1    
16.46005739 1    
16.46155389 1    
16.46280401 1    
16.46430054 1    
16.46580125 1    
16.46704807 1    
16.46854710 1    
16.46979670 1    
16.47130113 1    
16.48229523 1    
16.48379452 1    
16.48503965 1    
16.48654067 1    
16.48778797 1    
16.48928590 1    
16.49078473 1    
16.49203711 1    
16.55700686 1    
16.55849801 1    
16.55999871 1    
16.56124322 1    
16.56274210 1    
16.56399275 1    
16.56549550 1    
16.56699034 1    
16.56824240 1    
16.56973885 1    
16.57099121 1    
16.57248764 1    
16.57398693 1    
16.57523752 1    
16.57699049 1    
16.57848692 1    
16.57998856 1    
16.58123285 1    
16.58135713 -1   
16.58273163 1    
16.58648252 1    
16.58798269 1    
16.58922751 1    
16.59073046 1    
16.59327564 1    
16.59328608 -1   
16.65196525 1    
16.65319242 1    
16.66144317 1    
16.66293694 1    
16.66418805 1    
16.68093097 1    
16.68242733 1    
16.68392453 1    
16.74514359 1    
16.74664247 1    
16.74788925 1    
16.74938665 1    
16.75063867 1    
16.75686966 1    
16.75687909 -1   
16.76363238 1    
16.76512760 1    
16.76637912 1    
16.76787804 1    
16.76912671 1    
16.77387340 1    
16.77512436 1    
16.77662016 1    
16.77812313 1    
16.77937013 1    
16.78087122 1    
16.78211833 1    
16.78361757 1    
16.78511533 1    
16.78636940 1    
16.78786442 1    
16.78936492 1    
16.79061321 1    
16.79211446 1    
16.83858892 1    
16.83874678 -1   
16.86033052 1    
16.86182490 1    
16.86307415 1    
16.86457132 1    
16.86582213 1    
16.86752186 1    
16.86881678 1    
16.87006685 1    
16.87157082 1    
16.87281709 1    
16.87431738 1    
16.87581468 1    
16.87706683 1    
16.87856204 1    
16.88006281 1    
16.88131107 1    
16.88281309 1    
16.88406033 1    
16.88556082 1    
16.88705930 1    
16.88830883 1    
16.88980548 1    
16.89105513 1    
16.92128741 1    
16.92131620 -1   
16.95627749 1    
16.95776666 1    
16.96601994 1    
16.96751302 1    
16.96901312 1    
16.97575803 1    
16.97725543 1    
16.97875543 1    
16.98000995 1    
16.98150336 1    
16.98300499 1    
16.98425222 1    
16.98575377 1    
16.98725165 1    
16.98849975 1    
16.98999934 1    
16.99150165 1    
16.99274662 1    
16.99424833 1    
16.99549616 1    
16.99699747 1    
16.99849338 1    
16.99974396 1    
17.00124217 1    
17.00274561 1    
17.00399132 1    
17.04548813 1    
17.04696695 1    
17.06771186 1    
17.06920381 1    
17.07070281 1    
17.07195256 1    
17.07206642 -1   
17.07345395 1    
17.07494949 1    
17.07620285 1    
17.07769798 1    
17.07894789 1    
17.08044783 1    
17.08194792 1    
17.08669428 1    
17.08819602 1    
17.08969197 1    
17.09094286 1    
17.09244108 1    
17.09393916 1    
17.09518749 1    
17.09668994 1    
17.09793750 1    
17.09943989 1    
17.10093622 1    
17.10162678 1    
17.10164044 -1   
17.10318386 1    
17.10468279 1    
17.11343477 1    
17.14391612 1    
17.14541259 1    
17.15315880 1    
17.19314219 1    
17.19463289 1    
17.19588187 1    
17.19738040 1    
17.19863151 1    
17.20012860 1    
17.20163083 1    
17.20287628 1    
17.20437846 1    
17.20587463 1    
17.20712446 1    
17.20862710 1    
17.21012542 1    
17.21137253 1    
17.21287412 1    
17.21412222 1    
17.21562278 1    
17.21711845 1    
17.21836737 1    
17.21986754 1    
17.22136791 1    
17.22261469 1    
17.22411754 1    
17.22536336 1    
17.22686454 1    
17.26159819 1    
17.26177837 -1   
17.26499215 1    
17.26500213 -1   
17.29259614 1    
17.29407412 1    
17.30232035 1    
17.30381920 1    
17.30532064 1    
17.30656697 1    
17.30807024 1    
17.30931616 1    
17.31081777 1    
17.31232661 1    
17.31356262 1    
17.31506317 1    
17.31631429 1    
17.31780985 1    
17.31932744 1    
17.32055827 1    
17.32206136 1    
17.32355835 1    
17.32480547 1    
17.32630533 1    
17.32755895 1    
17.33105235 1    
17.33230569 1    
17.33380378 1    
17.33530451 1    
17.36254111 1    
17.36403949 1    
17.40026902 1    
17.40176485 1    
17.40301256 1    
17.40901386 1    
17.41025810 1    
17.41176049 1    
17.41325544 1    
17.41450471 1    
17.41600565 1    
17.41750857 1    
17.41764248 -1   
17.41875531 1    
17.42025235 1    
17.42150376 1    
17.42300045 1    
17.42449953 1    
17.42599911 1    
17.42725149 1    
17.42874775 1    
17.42999930 1    
17.43149675 1    
17.43188321 1    
17.43189409 -1   
17.43824639 1    
17.43974399 1    
17.44899250 1    
17.45023475 1    
17.45173914 1    
17.45923448 1    
17.46073430 1    
17.46198175 1    
17.46347903 1    
17.46472784 1    
17.46623043 1    
17.46772674 1    
17.46897673 1    
17.47047385 1    
17.47172620 1    
17.47322303 1    
17.50345884 1    
17.50495304 1    
17.50620638 1    
17.52244544 1    
17.52394647 1    
17.52544277 1    
17.52669545 1    
17.52819124 1    
17.52968939 1    
17.53093816 1    
17.53244237 1    
17.53368726 1    
17.53381555 -1   
17.53518874 1    
17.53668665 1    
17.53793434 1    
17.53943401 1    
17.54068526 1    
17.54493160 1    
17.54643182 1    
17.54793012 1    
17.55743076 1    
17.55892436 1    
17.56042290 1    
17.56167063 1    
17.56317468 1    
17.56441962 1    
17.56592138 1    
17.56741970 1    
17.56866932 1    
17.57016548 1    
17.57166751 1    
17.57291509 1    
17.59566005 1    
17.59715298 1    
17.59809622 1    
17.59810729 -1   
17.60515433 1    
17.60664729 1    
17.60814758 1    
17.60939465 1    
17.61089586 1    
17.61314316 1    
17.61464321 1    
17.61614093 1    
17.61739172 1    
17.61888814 1    
17.63288568 1    
17.63438297 1    
17.63588315 1    
17.68560796 1    
17.74132670 1    
17.74281852 1    
17.76006487 1    
17.76155860 1    
17.76305838 1    
17.76330940 1    
17.76331953 -1   
17.86526911 1    
17.86674695 1    
17.92659776 1    
17.92996327 1    
17.93146405 1    
17.93845775 1    
17.96969679 1    
17.97093679 1    
17.97244187 1    
17.97393691 1    
17.97405234 -1   
17.97518575 1    
17.97668510 1    
17.97793554 1    
17.97943363 1    
17.98093346 1    
17.98217998 1    
17.98368345 1    
17.98492997 1    
17.98642740 1    
17.98792828 1    
18.00717235 1    
18.00866493 1    
18.01016653 1    
18.05739197 1    
18.05888615 1    
18.06788302 1    
18.07887830 1    
18.08012759 1    
18.08162339 1    
18.08312678 1    
18.08436944 1    
18.08587437 1    
18.08737309 1    
18.08886859 1    
18.09011784 1    
18.09162164 1    
18.09311711 1    
18.09436809 1    
18.09586614 1    
18.09682582 1    
18.16208388 1    
18.16211447 -1   
18.16358066 1    
18.17157708 1    
18.17307406 1    
18.17457374 1    
18.25704534 1    
18.25852430 1    
18.26002433 1    
18.26027519 1    
18.28551679 1    
18.28700499 1    
18.29525766 1    
18.36576633 -1   
18.38895046 1    
18.39019725 1    
18.39169974 1    
18.42204869 1    
18.42568066 1    
18.42692750 1    
18.48115500 1    
18.48264368 1    
18.48414691 1    
18.50763671 1    
18.50913123 1    
18.51737810 1    
18.53511987 1    
18.53636600 1    
18.54561337 1    
18.58262702 1    
18.58684124 1    
18.58808365 1    
18.59808584 1    
18.59932933 1    
18.60083117 1    
18.60907686 1    
18.61057432 1    
18.61182329 1    
18.69753211 1    
18.69901955 1    
18.70052368 1    
18.70176828 1    
18.70327289 1    
18.70551554 1    
18.70564078 -1   
18.70701823 1    
18.70826581 1    
18.71528377 1    
18.74488757 1    
18.81171423 1    
18.81295463 1    
18.82945026 1    
18.83094370 1    
18.83244407 1    
18.84594192 1    
18.84718860 1    
18.84868602 1    
18.85643487 1    
18.85792936 1    
18.90759390 1    
18.94988213 1    
18.95137744 1    
18.96237780 1    
18.96387065 1    
18.96537166 1    
18.96661711 1    
18.96670085 -1   
18.96811994 1    
18.96961667 1    
18.97086686 1    
18.97236458 1    
18.97386571 1    
18.97511096 1    
18.97661006 1    
18.97810940 1    
18.99460747 1    
18.99610149 1    
18.99760184 1    
19.03558347 1    
19.03707913 1    
19.04608789 1    
19.04757279 1    
19.04882026 1    
19.10943222 1    
19.15326598 1    
19.15328430 -1   
19.15476134 1    
19.18424746 1    
19.31149103 1    
23.54329493 -1   
26.18544754 -1   
