0.00000000 1    
3.41853871 -1   
3.72801877 1    
3.88993552 1    
3.89033315 -1   
4.05376932 -1   
4.08864325 1    
4.14592969 1    
4.18515524 1    
4.18665174 1    
4.25790270 -1   
4.29158291 1    
4.41956318 -1   
4.45285413 1    
4.61451795 1    
4.61455065 -1   
4.67038290 1    
4.69011686 1    
4.69161211 1    
4.77880778 1    
4.77884665 -1   
4.94157326 1    
4.94189927 -1   
5.14991690 -1   
5.19467773 1    
5.39715269 1    
5.39753000 -1   
5.58246153 1    
5.58249905 -1   
5.82605745 -1   
5.99062594 1    
5.99211670 1    
5.99249651 1    
6.01835433 1    
6.18013527 1    
6.18272215 -1   
6.38595816 -1   
6.62160722 1    
6.78567188 1    
6.78716090 1    
6.82843688 1    
6.86369572 -1   
7.10603791 -1   
7.26214732 1    
7.26338717 1    
7.26376694 1    
7.28962512 1    
7.29087193 1    
7.31811018 1    
7.31935916 1    
7.35534049 1    
7.35683692 1    
7.36558424 1    
7.42682076 1    
7.42804654 1    
7.42954493 1    
7.43104164 1    
7.43115520 -1   
7.45303456 1    
7.45452905 1    
7.45602986 1    
7.45727540 1    
7.48151861 1    
7.48301227 1    
7.48426493 1    
7.48575887 1    
7.51875012 1    
7.52023964 1    
7.52149285 1    
7.52298850 1    
7.52899061 1    
7.53023610 1    
7.53173886 1    
7.53323202 1    
7.59120894 1    
7.59269865 1    
7.59420102 1    
7.59544758 1    
7.59694619 1    
7.59819559 1    
7.59969628 1    
7.60119368 1    
7.61794086 1    
7.61797002 -1   
7.61918671 1    
7.62068338 1    
7.62218248 1    
7.62343134 1    
7.62493241 1    
7.62618084 1    
7.62768092 1    
7.64642187 1    
7.64766895 1    
7.64916551 1    
7.65066475 1    
7.65191536 1    
7.65341536 1    
7.65466252 1    
7.65616576 1    
7.68365091 1    
7.68489858 1    
7.68639530 1    
7.68789563 1    
7.68914320 1    
7.69064451 1    
7.69214248 1    
7.69339292 1    
7.69488877 1    
7.69614351 1    
7.69763776 1    
7.69913675 1    
7.70063722 1    
7.70188837 1    
7.70199963 -1   
7.70338753 1    
7.70463587 1    
7.75586284 1    
7.75735427 1    
7.75861072 1    
7.76010293 1    
7.76160407 1    
7.76285063 1    
7.76435429 1    
7.76530604 1    
7.77507900 -1   
7.82186486 -1   
8.20910646 1    
8.21034698 1    
8.21072658 1    
8.21711155 1    
8.21859357 1    
8.22009005 1    
8.22134372 1    
8.22283791 1    
8.23808857 1    
8.23825256 -1   
8.23958118 1    
8.24108086 1    
8.24232650 1    
8.24382913 1    
8.24507665 1    
8.24657373 1    
8.24807684 1    
8.25631976 1    
8.25756990 1    
8.25906722 1    
8.26056943 1    
8.26181568 1    
8.26331664 1    
8.26456533 1    
8.26606543 1    
8.28505646 1    
8.28655329 1    
8.28805179 1    
8.28929923 1    
8.29079823 1    
8.29205195 1    
8.29354605 1    
8.29504867 1    
8.29629474 1    
8.29779737 1    
8.29890011 -1   
8.30954149 1    
8.37780207 1    
8.39978673 -1   
8.85673546 1    
8.85797465 1    
8.85835576 1    
8.88846406 1    
8.88995989 1    
9.05134140 1    
9.08321788 -1   
9.09186568 -1   
9.24480631 -1   
9.46914874 1    
9.47062842 1    
9.47157775 1    
9.47312403 1    
9.47462501 1    
9.47587114 1    
9.48583315 -1   
9.48612112 1    
9.48736844 1    
9.49611645 1    
9.49736097 1    
9.49886028 1    
9.50035942 1    
9.50160964 1    
9.50310674 1    
9.50436018 1    
9.50585504 1    
9.50735168 1    
9.63404038 1    
9.63528395 1    
9.63678032 1    
9.63803030 1    
9.63952908 1    
9.63964330 -1   
9.64102608 1    
9.64227468 1    
9.64377704 1    
9.64527295 1    
9.64652523 1    
9.64802313 1    
9.64927522 1    
9.65077043 1    
9.65078326 -1   
9.65227012 1    
9.65351878 1    
9.65502070 1    
9.66076475 1    
9.66201603 1    
9.66351142 1    
9.66501395 1    
9.66626010 1    
9.66776065 1    
9.66900872 1    
9.67051122 1    
9.67200848 1    
9.67325933 1    
9.67475628 1    
9.67601090 1    
9.67750515 1    
9.67900504 1    
9.68025442 1    
9.68175531 1    
9.70999902 1    
9.71148850 1    
9.79744649 1    
9.79868683 1    
9.80018960 1    
9.80168426 1    
9.80293506 1    
9.80443285 1    
9.80451442 -1   
9.80568118 1    
9.80718002 1    
9.80868292 1    
9.80993082 1    
9.81143109 1    
9.81292999 1    
9.81417975 1    
9.81567473 1    
9.81692476 1    
9.81842363 1    
9.81994472 1    
9.82118356 1    
9.82267516 1    
9.82392584 1    
9.82542414 1    
9.82697274 1    
9.82892186 1    
9.82894425 -1   
9.83017168 1    
9.83166602 1    
9.83291812 1    
9.83441442 1    
9.83591490 1    
9.83716569 1    
9.83866530 1    
9.83991193 1    
9.84141311 1    
9.84291016 1    
9.84416408 1    
9.84566097 1    
9.84715735 1    
9.84840767 1    
9.84990749 1    
9.85115473 1    
9.85265767 1    
9.85415349 1    
9.85542307 1    
9.85690184 1    
9.85840094 1    
9.85964980 1    
9.86115240 1    
9.86239942 1    
9.86390146 1    
9.86539766 1    
9.86664869 1    
9.86814772 1    
9.86939628 1    
9.87089284 1    
9.87239701 1    
9.87250088 -1   
9.87364536 1    
9.87514267 1    
9.87664411 1    
9.87788942 1    
9.87938929 1    
9.88063925 1    
9.88214030 1    
9.88363649 1    
9.88488832 1    
9.88638651 1    
9.88763618 1    
9.88913331 1    
9.91812735 1    
9.91936961 1    
9.96210113 1    
9.96334142 1    
9.96484080 1    
9.96608886 1    
9.96759327 1    
9.96908894 1    
9.97034035 1    
9.97183768 1    
9.97333944 1    
9.97458424 1    
9.97608428 1    
9.97733254 1    
9.97883509 1    
9.98033191 1    
9.98158269 1    
9.98307956 1    
9.98433143 1    
9.98582764 1    
9.98732736 1    
9.98857672 1    
9.99007935 1    
9.99157404 1    
9.99282636 1    
9.99290606 -1   
9.99432578 1    
9.99557247 1    
9.99707085 1    
9.99857043 1    
9.99982403 1    
10.00131892 1    
10.00257183 1    
10.00406808 1    
10.00556950 1    
10.00681526 1    
10.00831590 1    
10.00981629 1    
10.01106733 1    
10.01256097 1    
10.01381568 1    
10.01531156 1    
10.01681353 1    
10.01805890 1    
10.01955780 1    
10.02080910 1    
10.02230955 1    
10.02380751 1    
10.02381719 -1   
10.02505802 1    
10.02655414 1    
10.02805742 1    
10.02930291 1    
10.03080214 1    
10.03205198 1    
10.03355325 1    
10.03505019 1    
10.03630334 1    
10.03779803 1    
10.03904988 1    
10.04054880 1    
10.04204571 1    
10.04329561 1    
10.04479823 1    
10.04604325 1    
10.04754497 1    
10.04904420 1    
10.05029395 1    
10.05179121 1    
10.05188624 -1   
10.05304216 1    
10.05453860 1    
10.05604075 1    
10.05728881 1    
10.05878850 1    
10.06003571 1    
10.06153569 1    
10.06303587 1    
10.06428626 1    
10.06578196 1    
10.06703330 1    
10.06853077 1    
10.07003212 1    
10.07127883 1    
10.07277806 1    
10.07402723 1    
10.07552946 1    
10.07702814 1    
10.07827750 1    
10.07977491 1    
10.08127609 1    
10.08243404 -1   
10.08254104 1    
10.08402210 1    
10.08552429 1    
10.08676983 1    
10.08827253 1    
10.08976826 1    
10.09102082 1    
10.09251947 1    
10.09376712 1    
10.09526550 1    
10.09676893 1    
10.09801550 1    
10.09951524 1    
10.10101296 1    
10.10226614 1    
10.10376154 1    
10.10500939 1    
10.10650852 1    
10.10801201 1    
10.10925713 1    
10.11075895 1    
10.11200656 1    
10.11350848 1    
10.11500372 1    
10.11625420 1    
10.11775223 1    
10.11900540 1    
10.12200322 1    
10.12350193 1    
10.12499929 1    
10.12674682 1    
10.12824723 1    
10.12837906 -1   
10.12949931 1    
10.13099805 1    
10.13249585 1    
10.13374378 1    
10.13524598 1    
10.13674391 1    
10.13799342 1    
10.13948962 1    
10.14074130 1    
10.14137639 1    
10.18601450 -1   
10.19396461 1    
10.19520882 1    
10.19670914 1    
10.20371128 1    
10.20520581 1    
10.25367847 1    
10.26592245 1    
10.26741739 1    
10.30464094 1    
10.30614815 1    
10.30764307 1    
10.36362225 1    
10.36366880 -1   
10.36511199 1    
10.36636098 1    
10.38985256 1    
10.39109611 1    
10.39261338 1    
10.41159306 1    
10.41283550 1    
10.41433422 1    
10.41583664 1    
10.41708125 1    
10.42233565 1    
10.42357994 1    
10.44907174 1    
10.45056391 1    
10.45206550 1    
10.45331134 1    
10.45481289 1    
10.45856132 1    
10.45981148 1    
10.46130577 1    
10.46280854 1    
10.46405570 1    
10.46555445 1    
10.46705272 1    
10.46830563 1    
10.46980093 1    
10.47105264 1    
10.47254990 1    
10.47405101 1    
10.47416359 -1   
10.47430264 1    
10.47554867 1    
10.47704984 1    
10.48630139 1    
10.48779663 1    
10.48904176 1    
10.49054191 1    
10.49203940 1    
10.49328691 1    
10.50253853 1    
10.50378675 1    
10.50528306 1    
10.52253121 1    
10.52377200 1    
10.52527225 1    
10.52676862 1    
10.54201824 1    
10.54204140 -1   
10.54326161 1    
10.55450937 1    
10.55600763 1    
10.55725056 1    
10.55875416 1    
10.56025038 1    
10.56150060 1    
10.57324727 1    
10.57449708 1    
10.57599174 1    
10.58224275 1    
10.58373704 1    
10.60173409 1    
10.62123116 1    
10.62247370 1    
10.62396595 1    
10.62546568 1    
10.62671139 1    
10.62821438 1    
10.63771072 1    
10.63920364 1    
10.64044010 1    
10.66169759 1    
10.66319204 1    
10.66444331 1    
10.66593905 1    
10.66744051 1    
10.66868755 1    
10.80114827 1    
10.80119320 -1   
10.87757645 1    
10.87906896 1    
10.90930775 1    
10.91054877 1    
10.91204698 1    
10.96452579 1    
10.96576823 1    
10.96698632 1    
10.96699547 -1   
10.98151312 1    
10.98300790 1    
10.99400819 1    
10.99525171 1    
10.99675372 1    
11.01374578 1    
11.01524359 1    
11.01648965 1    
11.01798732 1    
11.01948530 1    
11.02073876 1    
11.02387028 -1   
11.03223650 1    
11.03347894 1    
11.03498159 1    
11.04272779 1    
11.04422426 1    
11.04547256 1    
11.05397366 1    
11.05521583 1    
11.05672080 1    
11.07371099 1    
11.07387842 -1   
11.07520395 1    
11.07645425 1    
11.08370778 1    
11.08494938 1    
11.08645032 1    
11.10169654 1    
11.10319084 1    
11.10445640 1    
11.11243955 1    
11.11393300 1    
11.12980778 1    
11.12983586 -1   
11.13742581 1    
11.13866975 1    
11.14767003 1    
11.16941062 1    
11.17065155 1    
11.17214820 1    
11.18989379 1    
11.19113795 1    
11.19264006 1    
11.19413523 1    
11.19538860 1    
11.20563233 1    
11.20688174 1    
11.21512925 1    
11.21637480 1    
11.21787425 1    
11.21937502 1    
11.22062129 1    
11.22537230 1    
11.22661658 1    
11.22812074 1    
11.23311791 1    
11.23328417 -1   
11.23461557 1    
11.23611247 1    
11.23761327 1    
11.23885984 1    
11.24036271 1    
11.24410798 1    
11.24560718 1    
11.24710730 1    
11.24835801 1    
11.24985389 1    
11.25635598 1    
11.25759883 1    
11.25910100 1    
11.26534929 1    
11.26684405 1    
11.26809571 1    
11.28359416 1    
11.28483468 1    
11.28633694 1    
11.28783508 1    
11.28908373 1    
11.29273589 1    
11.29274717 -1   
11.29457813 1    
11.29582891 1    
11.29732964 1    
11.29882812 1    
11.30007997 1    
11.31382247 1    
11.31532035 1    
11.31681605 1    
11.31806426 1    
11.31956535 1    
11.32081698 1    
11.32231202 1    
11.32381688 1    
11.32506023 1    
11.32656243 1    
11.32781394 1    
11.32930946 1    
11.34555579 1    
11.34680245 1    
11.34829804 1    
11.35455191 1    
11.35470495 -1   
11.35605139 1    
11.35729262 1    
11.35879359 1    
11.36029193 1    
11.36154539 1    
11.36304060 1    
11.37329114 1    
11.37478343 1    
11.37603594 1    
11.37753317 1    
11.37903181 1    
11.38028068 1    
11.42176608 1    
11.44025268 1    
11.44174870 1    
11.44299440 1    
11.44449823 1    
11.44599408 1    
11.44724185 1    
11.44873560 1    
11.44999299 1    
11.45512731 1    
11.45516750 -1   
11.46124141 1    
11.46273774 1    
11.47098663 1    
11.47248012 1    
11.47397800 1    
11.48097853 1    
11.48222479 1    
11.48947533 1    
11.49096922 1    
11.49221615 1    
11.49371748 1    
11.50021384 1    
11.50121288 1    
11.50971177 1    
11.51096042 1    
11.51245778 1    
11.51395741 1    
11.51520269 1    
11.51670571 1    
11.52095324 1    
11.52219856 1    
11.53120001 1    
11.53269926 1    
11.53419253 1    
11.53544371 1    
11.53694197 1    
11.53819168 1    
11.53968840 1    
11.54118996 1    
11.54243758 1    
11.54394131 1    
11.54506793 -1   
11.54518529 1    
11.54668746 1    
11.54818851 1    
11.54943504 1    
11.55093220 1    
11.55218314 1    
11.55368378 1    
11.55517965 1    
11.56568212 1    
11.56692262 1    
11.56842567 1    
11.56992316 1    
11.57367286 1    
11.57516874 1    
11.57642109 1    
11.57791847 1    
11.57941921 1    
11.58066596 1    
11.58216699 1    
11.58366394 1    
11.58491429 1    
11.58641301 1    
11.58766327 1    
11.59416107 1    
11.59565946 1    
11.59715610 1    
11.59840714 1    
11.59990760 1    
11.60540609 1    
11.60689994 1    
11.60815263 1    
11.60964835 1    
11.61115064 1    
11.61240158 1    
11.61389761 1    
11.61403103 -1   
11.61514754 1    
11.61664496 1    
11.61814922 1    
11.61939208 1    
11.62089477 1    
11.62238982 1    
11.62363951 1    
11.62513954 1    
11.62582572 1    
11.62583677 -1   
11.62764058 1    
11.62888794 1    
11.63038903 1    
11.63188666 1    
11.63313451 1    
11.63463463 1    
11.63588828 1    
11.63738394 1    
11.63888391 1    
11.64013019 1    
11.64163105 1    
11.64312868 1    
11.64437940 1    
11.64587810 1    
11.64737955 1    
11.64862764 1    
11.65012747 1    
11.65162334 1    
11.65287574 1    
11.65437198 1    
11.65555301 -1   
11.65787290 1    
11.65912011 1    
11.66062449 1    
11.66211922 1    
11.66336979 1    
11.66486732 1    
11.66611621 1    
11.66761614 1    
11.66911725 1    
11.67786619 1    
11.67911454 1    
11.75282358 1    
11.75406843 1    
11.76156589 1    
11.76306042 1    
11.76431359 1    
11.76580841 1    
11.78255852 1    
11.78404968 1    
11.78529773 1    
11.78706219 1    
11.78708405 -1   
11.80304593 1    
11.80428817 1    
11.80578985 1    
11.80728454 1    
11.80853811 1    
11.81328521 1    
11.81478071 1    
11.81603120 1    
11.81753151 1    
11.81902860 1    
11.82028050 1    
11.82177720 1    
11.82302813 1    
11.82452431 1    
11.82602427 1    
11.82727471 1    
11.83727665 1    
11.83876782 1    
11.84552092 1    
11.84701329 1    
11.84826501 1    
11.84976100 1    
11.85126115 1    
11.85251073 1    
11.85401226 1    
11.85550701 1    
11.85675953 1    
11.85825568 1    
11.85950692 1    
11.86100543 1    
11.86250636 1    
11.86375191 1    
11.87375435 1    
11.87524709 1    
11.87674937 1    
11.87799613 1    
11.87810771 -1   
11.87949813 1    
11.88074342 1    
11.88224093 1    
11.88379003 1    
11.88599304 1    
11.88748982 1    
11.88899096 1    
11.89023724 1    
11.89173723 1    
11.89298577 1    
11.89448730 1    
11.89598687 1    
11.89723662 1    
11.89873187 1    
11.90023634 1    
11.90148076 1    
11.90298094 1    
11.90448174 1    
11.90573485 1    
11.90722753 1    
11.90873048 1    
11.91347860 1    
11.91365740 -1   
11.91472362 1    
11.91622360 1    
11.91772412 1    
11.91897130 1    
11.92147285 1    
11.92271879 1    
11.92422162 1    
11.94871122 1    
11.94995274 1    
11.95145240 1    
11.95295459 1    
11.95420113 1    
11.95570383 1    
11.95595549 1    
11.95596765 -1   
11.95845030 1    
11.95994849 1    
11.96894687 1    
11.98968604 1    
11.99118172 1    
11.99242959 1    
12.00967801 1    
12.01116992 1    
12.01241911 1    
12.01391772 1    
12.01541543 1    
12.02941493 1    
12.03091132 1    
12.03215642 1    
12.04021236 1    
12.04140024 1    
12.05790039 1    
12.07363833 1    
12.07513218 1    
12.07638229 1    
12.10388100 1    
12.10536399 1    
12.10686573 1    
12.10811394 1    
12.10961545 1    
12.11086154 1    
12.11236165 1    
12.11385988 1    
12.11391728 -1   
12.11511162 1    
12.11661081 1    
12.11810994 1    
12.11935721 1    
12.12058388 1    
12.12059551 -1   
12.12560583 1    
12.12710172 1    
12.12835666 1    
12.12985999 1    
12.13135167 1    
12.13259924 1    
12.13409717 1    
12.13534650 1    
12.13685090 1    
12.14693886 -1   
12.14784684 1    
12.14908953 1    
12.15059116 1    
12.15208816 1    
12.15333925 1    
12.15483460 1    
12.16083627 1    
12.16208217 1    
12.16358292 1    
12.16508174 1    
12.16633285 1    
12.16782932 1    
12.16907798 1    
12.17057736 1    
12.17207990 1    
12.17332563 1    
12.17482662 1    
12.17607432 1    
12.17618687 -1   
12.17757325 1    
12.17907275 1    
12.18032549 1    
12.18182117 1    
12.18307418 1    
12.18457003 1    
12.18607095 1    
12.18731845 1    
12.18881681 1    
12.19031529 1    
12.19156734 1    
12.19306500 1    
12.19431583 1    
12.19581330 1    
12.19731440 1    
12.19856263 1    
12.20131116 1    
12.20255870 1    
12.20406269 1    
12.20555775 1    
12.20955963 1    
12.21080445 1    
12.21230857 1    
12.21380296 1    
12.21505263 1    
12.21655138 1    
12.21805315 1    
12.21930044 1    
12.22080185 1    
12.24878951 1    
12.25003414 1    
12.25153180 1    
12.25303077 1    
12.25427909 1    
12.25578328 1    
12.25588012 -1   
12.25703080 1    
12.25852695 1    
12.26002911 1    
12.26127678 1    
12.26902783 1    
12.27027133 1    
12.28292625 1    
12.28296518 -1   
12.28951497 1    
12.29075837 1    
12.29951120 1    
12.30075420 1    
12.30225119 1    
12.32924315 1    
12.33048883 1    
12.33998802 1    
12.34148494 1    
12.34297891 1    
12.37097134 1    
12.37221349 1    
12.37371121 1    
12.37521150 1    
12.37646443 1    
12.37795950 1    
12.37921178 1    
12.39220674 1    
12.39345353 1    
12.39494876 1    
12.40245150 1    
12.40394580 1    
12.43768415 1    
12.43892500 1    
12.44042701 1    
12.44761279 1    
12.44764468 -1   
12.45742193 1    
12.45891384 1    
12.46016150 1    
12.46166110 1    
12.46316497 1    
12.46441062 1    
12.46591103 1    
12.46715776 1    
12.46866226 1    
12.47015571 1    
12.47140461 1    
12.47690417 1    
12.47840561 1    
12.47990274 1    
12.48115264 1    
12.48264931 1    
12.48390116 1    
12.48539917 1    
12.48689766 1    
12.48814938 1    
12.48964686 1    
12.49089415 1    
12.49239783 1    
12.49439350 1    
12.49564590 1    
12.49714172 1    
12.50414226 1    
12.50431971 -1   
12.50539045 1    
12.53512482 1    
12.53637202 1    
12.55561205 1    
12.55685895 1    
12.61205170 1    
12.61208812 -1   
12.61357959 1    
12.61482392 1    
12.62532545 1    
12.62656788 1    
12.62806721 1    
12.65530586 1    
12.65654872 1    
12.69578296 1    
12.69703089 1    
12.77381968 1    
12.77385451 -1   
12.94217448 -1   
12.99367387 -1   
13.04185586 -1   
13.15529309 -1   
13.30118088 1    
13.30154174 1    
13.32142527 1    
13.32145752 -1   
13.32292093 1    
13.32416937 1    
13.32566882 1    
13.32716449 1    
13.32841924 1    
13.32991289 1    
13.33116151 1    
13.33891162 1    
13.34041137 1    
13.34190866 1    
13.34315836 1    
13.34465601 1    
13.34590642 1    
13.34740315 1    
13.34890303 1    
13.35015242 1    
13.35165315 1    
13.35740164 1    
13.35864938 1    
13.36014659 1    
13.37514651 1    
13.37639004 1    
13.37788659 1    
13.37938804 1    
13.42936248 1    
13.43085599 1    
13.43210858 1    
13.45784485 1    
13.45829935 -1   
13.45909667 1    
13.46402495 1    
13.46658757 1    
13.46808445 1    
13.46933584 1    
13.47083386 1    
13.47208384 1    
13.47658156 1    
13.47783202 1    
13.48658031 1    
13.48661666 -1   
13.48782850 1    
13.48932195 1    
13.49082479 1    
13.49207113 1    
13.49757602 1    
13.49881878 1    
13.50031871 1    
13.50181533 1    
13.50306861 1    
13.50456674 1    
13.51781568 1    
13.51905456 1    
13.52055854 1    
13.52755602 1    
13.52905132 1    
13.53029860 1    
13.53180209 1    
13.53329804 1    
13.53454908 1    
13.53604546 1    
13.53729916 1    
13.53879369 1    
13.54029434 1    
13.54154336 1    
13.54304377 1    
13.54454181 1    
13.54579176 1    
13.54729005 1    
13.54854315 1    
13.55003736 1    
13.55153615 1    
13.55167651 -1   
13.55278796 1    
13.55428491 1    
13.55553640 1    
13.55703418 1    
13.55853630 1    
13.55978251 1    
13.57203169 1    
13.60201325 1    
13.62506836 1    
13.71550152 -1   
13.79790604 1    
13.79939572 1    
13.81713858 1    
13.81863502 1    
13.82013481 1    
13.83512946 1    
13.83662817 1    
13.83700084 1    
13.84587166 1    
13.84736679 1    
13.84886561 1    
13.86611082 1    
13.86735903 1    
13.86885620 1    
13.87035622 1    
13.87160271 1    
13.87310389 1    
13.87760434 1    
13.87885175 1    
13.88034868 1    
13.88184901 1    
13.88309680 1    
13.88459997 1    
13.88609472 1    
13.88734352 1    
13.88884461 1    
13.89034445 1    
13.89159188 1    
13.89309351 1    
13.89310269 -1   
13.89459260 1    
13.89833771 1    
13.90883321 1    
13.91008096 1    
13.91158328 1    
13.92008311 1    
13.93082452 1    
13.93206988 1    
13.93357147 1    
13.94106581 1    
13.94231205 1    
13.94381230 1    
13.95731123 1    
13.95855523 1    
13.96005553 1    
13.96155171 1    
13.96280366 1    
13.97879500 1    
13.98004153 1    
13.98154106 1    
13.98979225 1    
13.99103522 1    
14.00052679 1    
14.01877319 1    
14.02002123 1    
14.02151843 1    
14.02301529 1    
14.02426746 1    
14.04501107 1    
14.04625482 1    
14.04775405 1    
14.04925301 1    
14.04934816 -1   
14.05050054 1    
14.06274890 1    
14.06277713 -1   
14.06424765 1    
14.06574225 1    
14.07249185 1    
14.07398638 1    
14.07523832 1    
14.08123811 1    
14.08273209 1    
14.11821788 1    
14.11946475 1    
14.12096115 1    
14.12246478 1    
14.12370831 1    
14.12520985 1    
14.12645672 1    
14.12795788 1    
14.12945507 1    
14.13070696 1    
14.13220544 1    
14.13370459 1    
14.13720127 1    
14.13870251 1    
14.14020014 1    
14.14144776 1    
14.14294676 1    
14.14420173 1    
14.14769762 1    
14.14919740 1    
14.15069328 1    
14.15194774 1    
14.15344166 1    
14.17368333 1    
14.17518016 1    
14.17643210 1    
14.17792907 1    
14.17803604 -1   
14.17918052 1    
14.18217580 1    
14.18256923 1    
14.19267256 1    
14.19417272 1    
14.20266866 1    
14.20416609 1    
14.20566141 1    
14.21441063 1    
14.21590873 1    
14.22465295 1    
14.22615128 1    
14.22740191 1    
14.23389965 1    
14.23392898 -1   
14.23514825 1    
14.23664505 1    
14.24464319 1    
14.24588941 1    
14.25338873 1    
14.25488527 1    
14.25613710 1    
14.27537817 1    
14.27687501 1    
14.29361624 1    
14.30511323 1    
14.30660520 1    
14.31534991 1    
14.31684928 1    
14.31810019 1    
14.33409481 1    
14.33559236 1    
14.33708689 1    
14.34433768 1    
14.34558174 1    
14.35554276 1    
14.35568726 -1   
14.36457879 1    
14.36607184 1    
14.38431754 1    
14.40130529 1    
14.40133903 -1   
14.40255284 1    
14.40404991 1    
14.40554704 1    
14.40679628 1    
14.40829951 1    
14.43028824 1    
14.43153493 1    
14.45127748 1    
14.48076581 1    
14.48200585 1    
14.48350270 1    
14.49575200 1    
14.49724809 1    
14.51698985 1    
14.51823504 1    
14.51973101 1    
14.52123494 1    
14.52248090 1    
14.52398045 1    
14.52423260 1    
14.52623180 1    
14.52772825 1    
14.53723292 1    
14.55571845 1    
14.55721318 1    
14.55846008 1    
14.56546045 1    
14.56548928 -1   
14.56670953 1    
14.56820660 1    
14.57720698 1    
14.57870277 1    
14.58020153 1    
14.58144858 1    
14.58294680 1    
14.58419933 1    
14.58569729 1    
14.58719416 1    
14.58844642 1    
14.58994226 1    
14.59119363 1    
14.59269106 1    
14.59418878 1    
14.59543938 1    
14.59693976 1    
14.59818643 1    
14.59968999 1    
14.60118657 1    
14.60243695 1    
14.60393320 1    
14.60518353 1    
14.60668142 1    
14.60818588 1    
14.60827839 -1   
14.60943491 1    
14.61093084 1    
14.61218195 1    
14.61367776 1    
14.61517681 1    
14.61642706 1    
14.61792772 1    
14.61942543 1    
14.62067795 1    
14.62217297 1    
14.62342444 1    
14.62492241 1    
14.62642028 1    
14.62766948 1    
14.62917248 1    
14.63041833 1    
14.63192004 1    
14.63341757 1    
14.63891720 1    
14.64016334 1    
14.64916260 1    
14.65040717 1    
14.65191125 1    
14.65340512 1    
14.65465665 1    
14.65615453 1    
14.67964865 1    
14.68089115 1    
14.68238867 1    
14.68389215 1    
14.68513709 1    
14.68663750 1    
14.68813932 1    
14.68938415 1    
14.69088606 1    
14.69213481 1    
14.69223592 -1   
14.69363279 1    
14.69513255 1    
14.69538439 1    
14.69938280 1    
14.70088254 1    
14.70212704 1    
14.70362899 1    
14.70512689 1    
14.70637537 1    
14.70787442 1    
14.70937821 1    
14.71062363 1    
14.71212538 1    
14.71337094 1    
14.71487206 1    
14.71787154 1    
14.71936641 1    
14.72961275 1    
14.73111388 1    
14.73261276 1    
14.76884460 1    
14.76887672 -1   
14.77034266 1    
14.77183916 1    
14.77908860 1    
14.78033410 1    
14.78833419 1    
14.78982825 1    
14.79107682 1    
14.79257754 1    
14.81357300 1    
14.81506405 1    
14.84980126 1    
14.85104325 1    
14.85254513 1    
14.85404000 1    
14.85528884 1    
14.85679032 1    
14.85804200 1    
14.85953663 1    
14.86103990 1    
14.86228534 1    
14.86378712 1    
14.86503598 1    
14.86653260 1    
14.86803281 1    
14.86928470 1    
14.87078007 1    
14.87203435 1    
14.87352918 1    
14.87509181 1    
14.87627880 1    
14.87777657 1    
14.87927640 1    
14.88052895 1    
14.88066065 -1   
14.88078068 1    
14.88227732 1    
14.88377626 1    
14.88502352 1    
14.88652161 1    
14.88777106 1    
14.88927256 1    
14.89076857 1    
14.89202175 1    
14.89351765 1    
14.89477000 1    
14.89626615 1    
14.89776458 1    
14.89901403 1    
14.90051736 1    
14.90201267 1    
14.90326722 1    
14.90476355 1    
14.93725084 1    
14.93728468 -1   
14.93849249 1    
14.93999501 1    
14.94724135 1    
14.94848767 1    
14.94998771 1    
14.95148380 1    
14.95273638 1    
14.95423276 1    
14.95573134 1    
14.95698187 1    
14.95848278 1    
14.95972956 1    
14.96123345 1    
14.96272815 1    
14.96398091 1    
14.96547637 1    
14.96672514 1    
14.96822595 1    
14.96972631 1    
14.97097367 1    
14.97249307 1    
14.97397373 1    
14.97522080 1    
14.97672107 1    
14.97822291 1    
14.97828075 -1   
14.97947135 1    
14.98096861 1    
14.98246982 1    
14.98371639 1    
14.98521467 1    
14.98646340 1    
14.98796801 1    
14.98946195 1    
14.99071511 1    
14.99221186 1    
14.99371423 1    
14.99496002 1    
14.99645951 1    
14.99795932 1    
14.99920947 1    
15.00070668 1    
15.00220845 1    
15.00345520 1    
15.00495748 1    
15.00620286 1    
15.00770253 1    
15.00920296 1    
15.01045499 1    
15.01195335 1    
15.01320160 1    
15.01469768 1    
15.01620241 1    
15.01744686 1    
15.01894577 1    
15.02019614 1    
15.02169703 1    
15.02319378 1    
15.02444833 1    
15.02594285 1    
15.02744444 1    
15.02869176 1    
15.02879171 -1   
15.03019219 1    
15.03143881 1    
15.03294043 1    
15.03443709 1    
15.03569036 1    
15.03718504 1    
15.03843416 1    
15.03993580 1    
15.04143695 1    
15.04268185 1    
15.04418589 1    
15.04543138 1    
15.04693286 1    
15.04842849 1    
15.04867997 1    
15.05317818 1    
15.05467879 1    
15.05617509 1    
15.05742801 1    
15.05892432 1    
15.07142354 1    
15.07291583 1    
15.07416429 1    
15.07566362 1    
15.07716580 1    
15.09315894 1    
15.09440602 1    
15.09590389 1    
15.09740391 1    
15.09864980 1    
15.10015080 1    
15.10139927 1    
15.10290033 1    
15.10439841 1    
15.10564864 1    
15.11189393 1    
15.11190582 -1   
15.11314470 1    
15.11464369 1    
15.12114700 1    
15.12238775 1    
15.12389013 1    
15.12538575 1    
15.12663638 1    
15.13288643 1    
15.13413242 1    
15.13562860 1    
15.13712906 1    
15.13837819 1    
15.13988164 1    
15.14112545 1    
15.14262732 1    
15.14412775 1    
15.14537671 1    
15.14687226 1    
15.14812435 1    
15.14962113 1    
15.15112282 1    
15.15237047 1    
15.15387111 1    
15.15536859 1    
15.15662147 1    
15.15811609 1    
15.15936510 1    
15.16086555 1    
15.16095005 -1   
15.16236704 1    
15.16361365 1    
15.16511432 1    
15.16636162 1    
15.16786468 1    
15.16936040 1    
15.17061326 1    
15.21387052 1    
15.32434400 -1   
16.12017180 -1   
16.28807738 1    
16.28835176 -1   
16.47721704 1    
16.47751623 -1   
16.70008595 1    
25.30191252 -1   
25.31144235 -1   
25.31173730 -1   
25.46453189 -1   
25.71026496 1    
27.13101711 -1   
27.29976539 1    
27.30007381 -1   
27.57761720 1    
27.57806204 -1   
27.94814737 1    
29.55757838 -1   
29.76310880 1    
