0.00000000 1    
3.20321958 -1   
3.36593739 -1   
3.42769868 1    
3.59019661 1    
3.59071913 -1   
3.75271380 -1   
3.93773901 1    
3.93806657 -1   
4.10331514 1    
4.10334611 -1   
4.26596812 1    
4.26599632 -1   
4.46879558 -1   
4.63525600 1    
4.63555101 -1   
4.79816571 1    
4.79922998 -1   
4.96307123 1    
4.96338792 -1   
5.15686121 1    
5.15835257 1    
5.15873383 1    
5.25980243 1    
5.36011615 1    
5.36254396 -1   
5.56467735 -1   
5.72837539 1    
5.93941443 1    
5.94092202 1    
5.94117318 1    
5.97521252 -1   
6.18483126 -1   
6.32194270 1    
6.32318598 1    
6.32356571 1    
6.35192176 1    
6.35342491 1    
6.37341054 1    
6.37465744 1    
6.37615354 1    
6.38290954 1    
6.38418028 1    
6.48635200 1    
6.48784225 1    
6.48909649 1    
6.49059017 1    
6.49068163 -1   
6.51533368 1    
6.51657774 1    
6.51807844 1    
6.51957365 1    
6.53682226 1    
6.53806392 1    
6.53956493 1    
6.54081280 1    
6.54231224 1    
6.54381002 1    
6.54522375 1    
6.54655911 1    
6.54805728 1    
6.54930704 1    
6.55080867 1    
6.55205537 1    
6.65100677 1    
6.65249960 1    
6.65399962 1    
6.65524499 1    
6.65674602 1    
6.65799353 1    
6.65949508 1    
6.66099239 1    
6.68018538 1    
6.68021871 -1   
6.68123244 1    
6.68273009 1    
6.68397872 1    
6.68547965 1    
6.68698079 1    
6.68822633 1    
6.68972855 1    
6.70147421 1    
6.70272293 1    
6.70421979 1    
6.70571615 1    
6.70696683 1    
6.70846855 1    
6.70996404 1    
6.71121776 1    
6.71271378 1    
6.71396464 1    
6.71546222 1    
6.71696089 1    
6.71820915 1    
6.71971128 1    
6.72095965 1    
6.72246254 1    
6.72395539 1    
6.72520803 1    
6.72670549 1    
6.72795341 1    
6.72945526 1    
6.73095444 1    
6.73107086 -1   
6.73220367 1    
6.73370129 1    
6.81590990 1    
6.81715360 1    
6.81865124 1    
6.81990056 1    
6.82140349 1    
6.82289801 1    
6.82415118 1    
6.82509157 1    
6.83569564 -1   
6.88492563 -1   
7.23317231 1    
7.23466477 1    
7.23504498 1    
7.25615819 1    
7.35535654 1    
7.35617800 -1   
7.35684801 1    
7.36409526 1    
7.41848383 1    
7.42843817 -1   
7.51780762 -1   
7.73873182 1    
7.83657852 1    
7.83807323 1    
7.87405786 1    
7.87555147 1    
7.87704916 1    
7.87830008 1    
7.87979893 1    
7.88505104 1    
7.89729375 1    
7.89878877 1    
7.90003301 1    
7.90728468 1    
7.93976744 1    
7.94101630 1    
7.94250959 1    
7.94344805 1    
7.94354453 -1   
7.97100103 1    
7.97224142 1    
7.99598696 1    
7.99722882 1    
7.99872698 1    
8.02471943 1    
8.02621367 1    
8.04195462 1    
8.04320369 1    
8.04470110 1    
8.04619826 1    
8.07368919 1    
8.07518551 1    
8.08392882 1    
8.09367790 1    
8.09492142 1    
8.10737730 1    
8.10741123 -1   
8.15057645 -1   
8.31284883 -1   
8.54272564 -1   
8.64911443 1    
8.65035442 1    
8.65073301 1    
8.70437421 -1   
8.70857694 1    
8.70982224 1    
8.71657536 1    
8.71806689 1    
8.71956531 1    
8.72406828 1    
8.72556341 1    
8.75305626 1    
8.76029845 1    
8.76154287 1    
8.77179137 1    
8.77328546 1    
8.77478467 1    
8.78078647 1    
8.78227819 1    
8.78377997 1    
8.81226492 1    
8.81351136 1    
8.81500818 1    
8.81651352 1    
8.81775833 1    
8.81925937 1    
8.82325633 1    
8.82650846 -1   
8.85374435 1    
8.85498626 1    
8.87198405 1    
8.87201323 -1   
8.87322979 1    
8.87472457 1    
8.87622345 1    
8.87997381 1    
8.88122368 1    
8.88271978 1    
8.88422212 1    
8.88547025 1    
8.88697038 1    
8.88821674 1    
8.88971711 1    
8.89121465 1    
8.89246870 1    
8.91645757 1    
8.91770073 1    
8.92369959 1    
8.92495097 1    
8.92644628 1    
8.92794809 1    
8.93519557 1    
8.93644362 1    
8.93794126 1    
8.93943779 1    
8.94068882 1    
8.94218873 1    
8.94543557 1    
8.94693621 1    
8.94818260 1    
8.94968458 1    
8.97567215 1    
8.97691814 1    
8.97841620 1    
8.97991788 1    
8.98116480 1    
8.98266542 1    
8.98391287 1    
8.98513984 -1   
8.98541461 1    
8.98691050 1    
8.98841278 1    
8.98965827 1    
8.99116029 1    
8.99265833 1    
8.99390918 1    
8.99540510 1    
8.99665579 1    
9.01815053 1    
9.01964558 1    
9.02089158 1    
9.02239383 1    
9.03588684 1    
9.03594574 -1   
9.03713694 1    
9.03863193 1    
9.03988015 1    
9.04138013 1    
9.04288119 1    
9.04412741 1    
9.04563037 1    
9.04712841 1    
9.04837871 1    
9.04987510 1    
9.05112342 1    
9.05262336 1    
9.05412479 1    
9.05537065 1    
9.05687370 1    
9.05812009 1    
9.05962226 1    
9.06111992 1    
9.06236723 1    
9.06386664 1    
9.06536957 1    
9.06661569 1    
9.06811605 1    
9.06818906 -1   
9.06936755 1    
9.07086255 1    
9.07986251 1    
9.08110948 1    
9.08260791 1    
9.08385384 1    
9.08710764 1    
9.08835379 1    
9.08985356 1    
9.09135077 1    
9.09260073 1    
9.09409918 1    
9.09535286 1    
9.09684964 1    
9.09859960 1    
9.09984606 1    
9.10134763 1    
9.10284573 1    
9.10409421 1    
9.10559335 1    
9.10684467 1    
9.10834313 1    
9.11010752 1    
9.11108889 1    
9.11259155 1    
9.11383819 1    
9.11533670 1    
9.11683728 1    
9.11808819 1    
9.11958417 1    
9.12083794 1    
9.12233372 1    
9.12383459 1    
9.12508144 1    
9.12823696 -1   
9.13908142 1    
9.14057537 1    
9.14182384 1    
9.14332088 1    
9.14482248 1    
9.14607019 1    
9.14757083 1    
9.14881832 1    
9.15031885 1    
9.15181672 1    
9.15307089 1    
9.15456573 1    
9.15581318 1    
9.15731348 1    
9.15881387 1    
9.16006220 1    
9.16156105 1    
9.16306138 1    
9.16431155 1    
9.16580747 1    
9.16705730 1    
9.16855733 1    
9.17005959 1    
9.17130480 1    
9.17280794 1    
9.17405285 1    
9.17555585 1    
9.17705270 1    
9.17830131 1    
9.17980242 1    
9.18130405 1    
9.18254938 1    
9.18405002 1    
9.18529838 1    
9.18679958 1    
9.18829484 1    
9.18943682 -1   
9.18954483 1    
9.19104689 1    
9.19229723 1    
9.19379193 1    
9.19954209 1    
9.19957381 -1   
9.20104279 1    
9.20253893 1    
9.20378918 1    
9.20528655 1    
9.20678651 1    
9.20803330 1    
9.20953287 1    
9.21103161 1    
9.21228427 1    
9.21378083 1    
9.21503266 1    
9.21653065 1    
9.21803044 1    
9.21927827 1    
9.22077756 1    
9.22202637 1    
9.22352799 1    
9.22502509 1    
9.22627733 1    
9.22777177 1    
9.22927471 1    
9.23052115 1    
9.23201968 1    
9.23327083 1    
9.23477429 1    
9.23488404 -1   
9.23627077 1    
9.23751860 1    
9.23901921 1    
9.24026529 1    
9.24176442 1    
9.24326392 1    
9.24451809 1    
9.24601285 1    
9.24751460 1    
9.24876144 1    
9.25026239 1    
9.25150897 1    
9.25300981 1    
9.25450886 1    
9.25575943 1    
9.25725589 1    
9.25850774 1    
9.26000490 1    
9.26150698 1    
9.26275499 1    
9.26425092 1    
9.26550129 1    
9.26700333 1    
9.26850013 1    
9.26975182 1    
9.27124816 1    
9.27275055 1    
9.27399653 1    
9.27549515 1    
9.27674693 1    
9.27824736 1    
9.27974357 1    
9.28099609 1    
9.28249116 1    
9.28374297 1    
9.28524178 1    
9.28674004 1    
9.28798818 1    
9.28949045 1    
9.29068089 -1   
9.29098689 1    
9.29223858 1    
9.29373735 1    
9.29498493 1    
9.29648346 1    
9.29798366 1    
9.29923392 1    
9.30073163 1    
9.30198285 1    
9.30348132 1    
9.30498327 1    
9.30622800 1    
9.30772562 1    
9.30897745 1    
9.31048031 1    
9.31197425 1    
9.31322674 1    
9.31472253 1    
9.31597455 1    
9.31747130 1    
9.31896979 1    
9.32021963 1    
9.32172117 1    
9.32296861 1    
9.32447218 1    
9.32596598 1    
9.32721781 1    
9.32871559 1    
9.32996302 1    
9.33146403 1    
9.33296732 1    
9.33421257 1    
9.33571306 1    
9.33721084 1    
9.33731450 -1   
9.33845926 1    
9.33995871 1    
9.34121121 1    
9.34270710 1    
9.34420951 1    
9.34545580 1    
9.34695684 1    
9.34820372 1    
9.34970230 1    
9.35120229 1    
9.35245603 1    
9.35395048 1    
9.35520183 1    
9.35669906 1    
9.35820070 1    
9.35944805 1    
9.36094750 1    
9.36244504 1    
9.36369686 1    
9.36519387 1    
9.36530444 -1   
9.36644754 1    
9.36794284 1    
9.36944115 1    
9.37069164 1    
9.37219233 1    
9.37343964 1    
9.37494182 1    
9.37643822 1    
9.37768892 1    
9.37918623 1    
9.38068820 1    
9.38193522 1    
9.38343622 1    
9.38468515 1    
9.38618416 1    
9.38768208 1    
9.38893366 1    
9.39042949 1    
9.39167845 1    
9.39317870 1    
9.39467935 1    
9.39592907 1    
9.39743044 1    
9.39892436 1    
9.40017677 1    
9.40167443 1    
9.40292144 1    
9.40442315 1    
9.40592292 1    
9.40716947 1    
9.40867309 1    
9.40991850 1    
9.41002702 -1   
9.41141733 1    
9.41291739 1    
9.41417032 1    
9.41566484 1    
9.41691973 1    
9.41841399 1    
9.41991605 1    
9.42116391 1    
9.42266076 1    
9.42390991 1    
9.42541338 1    
9.42690855 1    
9.42841065 1    
9.42965734 1    
9.43115915 1    
9.43265651 1    
9.43390398 1    
9.43540386 1    
9.43665620 1    
9.43815320 1    
9.43965525 1    
9.44090097 1    
9.44240254 1    
9.44352135 -1   
9.44389865 1    
9.44514722 1    
9.44664969 1    
9.44789684 1    
9.44939850 1    
9.45089476 1    
9.45214625 1    
9.45364413 1    
9.45489144 1    
9.45639186 1    
9.45789472 1    
9.45913897 1    
9.46064296 1    
9.46189022 1    
9.46339030 1    
9.46488953 1    
9.46501674 -1   
9.46613794 1    
9.46763580 1    
9.46913855 1    
9.47038395 1    
9.47188584 1    
9.47338211 1    
9.47463124 1    
9.47613208 1    
9.47738359 1    
9.47739278 -1   
9.47888209 1    
9.48037934 1    
9.48163049 1    
9.48312752 1    
9.48437683 1    
9.48587487 1    
9.48737656 1    
9.48862427 1    
9.49015763 1    
9.49187471 1    
9.49336983 1    
9.49461879 1    
9.49612113 1    
9.49736877 1    
9.49886987 1    
9.50001052 -1   
9.50036861 1    
9.50161966 1    
9.50311755 1    
9.50436566 1    
9.50586620 1    
9.50736556 1    
9.50861569 1    
9.51011182 1    
9.51161249 1    
9.51286050 1    
9.51436017 1    
9.51560865 1    
9.51711166 1    
9.51860682 1    
9.51985869 1    
9.52135748 1    
9.52260664 1    
9.52410346 1    
9.52560167 1    
9.52685089 1    
9.52835553 1    
9.52985087 1    
9.53110431 1    
9.53259909 1    
9.53384963 1    
9.53410200 1    
9.53584786 1    
9.53709829 1    
9.53859881 1    
9.54009550 1    
9.54134582 1    
9.54284388 1    
9.54409525 1    
9.54559161 1    
9.54709268 1    
9.54834066 1    
9.54984038 1    
9.55108665 1    
9.55259142 1    
9.55408863 1    
9.55533732 1    
9.55683490 1    
9.55833300 1    
9.55958374 1    
9.56108542 1    
9.56233241 1    
9.56383362 1    
9.56533051 1    
9.56658155 1    
9.56807757 1    
9.56932629 1    
9.56941890 -1   
9.57082950 1    
9.57232715 1    
9.57357792 1    
9.57507387 1    
9.57657883 1    
9.57782336 1    
9.57932182 1    
9.58057306 1    
9.58207292 1    
9.58356935 1    
9.58482177 1    
9.58631769 1    
9.58757036 1    
9.58906675 1    
9.59056454 1    
9.59181585 1    
9.59331649 1    
9.59481291 1    
9.59606491 1    
9.59756551 1    
9.59881362 1    
9.60030834 1    
9.60180987 1    
9.60305827 1    
9.60456137 1    
9.60580769 1    
9.60730774 1    
9.60738103 -1   
9.60881145 1    
9.61005493 1    
9.61155469 1    
9.61280330 1    
9.61430444 1    
9.61580083 1    
9.61705384 1    
9.61855007 1    
9.61980364 1    
9.62129812 1    
9.62279581 1    
9.62404586 1    
9.62554791 1    
9.62679393 1    
9.62829668 1    
9.62979299 1    
9.63104491 1    
9.63254302 1    
9.63379048 1    
9.63529027 1    
9.63679236 1    
9.63803750 1    
9.63826086 -1   
9.63954036 1    
9.64078789 1    
9.64228610 1    
9.64378364 1    
9.64503707 1    
9.64653383 1    
9.64803660 1    
9.64953415 1    
9.65078350 1    
9.65228038 1    
9.65377973 1    
9.65502861 1    
9.65653200 1    
9.65802601 1    
9.65927736 1    
9.66077639 1    
9.66202636 1    
9.66352575 1    
9.66502464 1    
9.66627154 1    
9.66777350 1    
9.66902131 1    
9.67052380 1    
9.67202017 1    
9.67327082 1    
9.67476907 1    
9.67601716 1    
9.67751688 1    
9.67901728 1    
9.68026293 1    
9.68176772 1    
9.68301502 1    
9.68501653 1    
9.68651476 1    
9.68801365 1    
9.68803590 -1   
9.68925976 1    
9.69076130 1    
9.69201126 1    
9.69351160 1    
9.69500590 1    
9.69625882 1    
9.69775809 1    
9.69900574 1    
9.70050453 1    
9.70200521 1    
9.70325374 1    
9.70475713 1    
9.70599983 1    
9.70750212 1    
9.70900147 1    
9.71024981 1    
9.71174548 1    
9.71299875 1    
9.71449956 1    
9.71599588 1    
9.71724291 1    
9.71874430 1    
9.71999378 1    
9.72149375 1    
9.72298987 1    
9.72424272 1    
9.72574053 1    
9.72698260 1    
9.72848736 1    
9.72998981 1    
9.73123844 1    
9.73273762 1    
9.73398261 1    
9.73548431 1    
9.73698642 1    
9.73823405 1    
9.73973052 1    
9.74098365 1    
9.74248138 1    
9.74398116 1    
9.74522626 1    
9.74673164 1    
9.74822911 1    
9.74947671 1    
9.75097341 1    
9.75222459 1    
9.75372493 1    
9.75522455 1    
9.75647133 1    
9.75797163 1    
9.75922122 1    
9.76072189 1    
9.76221625 1    
9.76347046 1    
9.76496874 1    
9.76646706 1    
9.76771459 1    
9.76921623 1    
9.77046583 1    
9.77196804 1    
9.77346010 1    
9.77471210 1    
9.77621294 1    
9.77746054 1    
9.77895725 1    
9.78046025 1    
9.78170946 1    
9.78320763 1    
9.78695680 1    
9.78820421 1    
9.78970344 1    
9.79720451 1    
9.79869811 1    
9.80794843 1    
9.82718693 1    
9.82868182 1    
9.82992772 1    
9.83143218 1    
9.83292972 1    
9.83417899 1    
9.83567438 1    
9.83692941 1    
9.83842558 1    
9.83992534 1    
9.84117144 1    
9.84267492 1    
9.84417190 1    
9.84542158 1    
9.84691770 1    
9.84817067 1    
9.84966902 1    
9.85116932 1    
9.85241614 1    
9.85391776 1    
9.85516603 1    
9.85666632 1    
9.85816078 1    
9.85941333 1    
9.86091511 1    
9.86241209 1    
9.86365758 1    
9.86516176 1    
9.86640947 1    
9.86790883 1    
9.86940550 1    
9.87090717 1    
9.87215614 1    
9.87365498 1    
9.87490164 1    
9.87640516 1    
9.87790394 1    
9.87915222 1    
9.88065148 1    
9.88066377 -1   
9.88190346 1    
9.88339677 1    
9.88489920 1    
9.88614474 1    
9.88759116 -1   
9.88761291 -1   
9.88764137 1    
9.88914838 1    
9.89039741 1    
9.89189426 1    
9.89314262 1    
9.89464213 1    
9.89614669 1    
9.89620591 -1   
9.89739549 1    
9.89889009 1    
9.90014164 1    
9.90163962 1    
9.90313578 1    
9.90438689 1    
9.90588834 1    
9.90738499 1    
9.90863635 1    
9.91013429 1    
9.91138339 1    
9.91288170 1    
9.91437935 1    
9.91562836 1    
9.91713262 1    
9.91837735 1    
9.92010199 1    
9.92137650 1    
9.92262697 1    
9.92275826 -1   
9.92412475 1    
9.92562467 1    
9.92687712 1    
9.92837735 1    
9.92962653 1    
9.93112032 1    
9.93262330 1    
9.93386949 1    
9.93536885 1    
9.93661913 1    
9.93812013 1    
9.93961662 1    
9.94086794 1    
9.94236464 1    
9.94386556 1    
9.94511302 1    
9.94661085 1    
9.94786168 1    
9.94936453 1    
9.95086137 1    
9.95211107 1    
9.95360961 1    
9.95486067 1    
9.95635629 1    
9.96085453 1    
9.96210256 1    
9.97160647 1    
9.98522972 -1   
9.99059658 1    
9.99208665 1    
9.99358739 1    
9.99483366 1    
9.99633267 1    
9.99758178 1    
9.99908352 1    
10.00058043 1    
10.00071734 -1   
10.00183356 1    
10.00332976 1    
10.00457809 1    
10.00607818 1    
10.00757891 1    
10.00882657 1    
10.01032684 1    
10.01182288 1    
10.01307876 1    
10.01482482 1    
10.01607063 1    
10.01757128 1    
10.01882255 1    
10.02031915 1    
10.02182213 1    
10.02306720 1    
10.02457025 1    
10.02606510 1    
10.02731413 1    
10.02881499 1    
10.03006627 1    
10.03156301 1    
10.03306444 1    
10.03431070 1    
10.03581244 1    
10.03730931 1    
10.03855768 1    
10.04005804 1    
10.04131048 1    
10.04280630 1    
10.04431074 1    
10.04555453 1    
10.04706893 1    
10.04732068 1    
10.04739538 -1   
10.05107649 -1   
10.26043721 1    
10.26168234 1    
10.26288619 1    
10.26298974 -1   
10.26443142 1    
10.26567961 1    
10.26718007 1    
10.26842761 1    
10.26992858 1    
10.27142619 1    
10.27267817 1    
10.27417357 1    
10.28017366 1    
10.28142129 1    
10.28292071 1    
10.28441789 1    
10.28566991 1    
10.28716561 1    
10.28841844 1    
10.28991495 1    
10.29141288 1    
10.29266490 1    
10.29416495 1    
10.29566089 1    
10.29691413 1    
10.29840945 1    
10.29966139 1    
10.30115900 1    
10.30265727 1    
10.30390605 1    
10.30541014 1    
10.30665438 1    
10.30815579 1    
10.30965329 1    
10.31090508 1    
10.31240374 1    
10.31390126 1    
10.31514963 1    
10.31527843 -1   
10.31665300 1    
10.31814761 1    
10.31939995 1    
10.32089705 1    
10.32239479 1    
10.32364525 1    
10.32514783 1    
10.32639379 1    
10.32789469 1    
10.32939201 1    
10.33064353 1    
10.33213964 1    
10.33338872 1    
10.33488877 1    
10.33639129 1    
10.33763879 1    
10.33914004 1    
10.34063676 1    
10.34188851 1    
10.34338553 1    
10.34463749 1    
10.34613328 1    
10.34763573 1    
10.34888322 1    
10.35038293 1    
10.35162949 1    
10.35314130 1    
10.35462974 1    
10.35587761 1    
10.35737811 1    
10.35887895 1    
10.36012678 1    
10.36162655 1    
10.36287322 1    
10.36437761 1    
10.37712120 1    
10.37836469 1    
10.38761551 1    
10.38779470 -1   
10.38911241 1    
10.39060978 1    
10.39861313 1    
10.40010304 1    
10.40885289 1    
10.41009619 1    
10.42651509 1    
10.42655386 -1   
10.71675685 -1   
10.74319306 -1   
10.85141014 -1   
10.87839426 -1   
11.08047305 1    
11.08196305 1    
11.08234891 1    
11.08244125 -1   
11.10046194 1    
11.10170177 1    
11.11045155 1    
11.11169550 1    
11.11319854 1    
11.11469505 1    
11.11594570 1    
11.11744494 1    
11.11894379 1    
11.12019086 1    
11.12169259 1    
11.12293850 1    
11.12444181 1    
11.12593698 1    
11.12718553 1    
11.12868694 1    
11.12993776 1    
11.13143555 1    
11.13293852 1    
11.14093280 1    
11.14243204 1    
11.14392714 1    
11.20215143 1    
11.20339329 1    
11.24496243 1    
11.24500116 -1   
11.26836483 1    
11.26960521 1    
11.27110743 1    
11.27260388 1    
11.27385161 1    
11.27535145 1    
11.27685494 1    
11.28010237 1    
11.28025027 -1   
11.28160223 1    
11.28284690 1    
11.29234618 1    
11.29359133 1    
11.29509260 1    
11.29658986 1    
11.29784079 1    
11.29933786 1    
11.30084162 1    
11.30208539 1    
11.30358509 1    
11.30483614 1    
11.30633645 1    
11.30783218 1    
11.30908770 1    
11.31058109 1    
11.31183349 1    
11.31333264 1    
11.31482839 1    
11.31607898 1    
11.31758028 1    
11.31882476 1    
11.32032927 1    
11.32187856 1    
11.32382522 1    
11.32507439 1    
11.32657479 1    
11.32782097 1    
11.32932531 1    
11.33081888 1    
11.33207281 1    
11.33221352 -1   
11.33356812 1    
11.33481714 1    
11.33631939 1    
11.33781655 1    
11.33906860 1    
11.34056688 1    
11.34181839 1    
11.34331225 1    
11.34481221 1    
11.34606113 1    
11.34756314 1    
11.34881121 1    
11.40328947 1    
11.40941087 1    
11.40942783 -1   
11.62990882 1    
11.63140319 1    
11.63178363 1    
11.63665096 1    
11.63815227 1    
11.64689702 1    
11.64839374 1    
11.64988733 1    
11.65114079 1    
11.65263682 1    
11.65388557 1    
11.65538391 1    
11.65689072 1    
11.65813427 1    
11.65963859 1    
11.65973758 -1   
11.66088665 1    
11.66237901 1    
11.66388098 1    
11.66513122 1    
11.66663088 1    
11.66787618 1    
11.66938551 1    
11.67087524 1    
11.67212798 1    
11.67362684 1    
11.67509427 1    
11.67637253 1    
11.67787415 1    
11.67912137 1    
11.68062230 1    
11.68187018 1    
11.68337215 1    
11.68486971 1    
11.68611588 1    
11.68761577 1    
11.68911821 1    
11.69036385 1    
11.69186568 1    
11.69311324 1    
11.69461423 1    
11.69611173 1    
11.69736205 1    
11.69885986 1    
11.70011085 1    
11.70160786 1    
11.70310985 1    
11.70435968 1    
11.70585859 1    
11.70735348 1    
11.70860368 1    
11.71010168 1    
11.71024080 -1   
11.71135687 1    
11.71285258 1    
11.71435324 1    
11.71559918 1    
11.71710189 1    
11.78357061 1    
11.78481247 1    
11.78631121 1    
11.78780746 1    
11.78906170 1    
11.79055655 1    
11.79305581 1    
11.79430427 1    
11.79580654 1    
11.79730434 1    
11.79855410 1    
11.80005151 1    
11.80155406 1    
11.80279914 1    
11.80429816 1    
11.80554722 1    
11.80705145 1    
11.80706061 1    
11.80854815 1    
11.81005276 1    
11.81129710 1    
11.81279669 1    
11.81404418 1    
11.81554201 1    
11.81704630 1    
11.81828995 1    
11.81979212 1    
11.82128978 1    
11.82254026 1    
11.82403671 1    
11.82414999 -1   
11.82528856 1    
11.82678573 1    
11.82828790 1    
11.82953794 1    
11.83103657 1    
11.83228198 1    
11.83378198 1    
11.83528086 1    
11.83653411 1    
11.83802914 1    
11.83953140 1    
11.84077792 1    
11.84228023 1    
11.84352575 1    
11.84502582 1    
11.84652730 1    
11.84777465 1    
11.84927396 1    
11.85052573 1    
11.85202168 1    
11.85352289 1    
11.85476952 1    
11.85627096 1    
11.85776881 1    
11.85901871 1    
11.86051760 1    
11.86201789 1    
11.86326397 1    
11.86476933 1    
11.86626266 1    
11.86751456 1    
11.86901242 1    
11.87026032 1    
11.87176112 1    
11.87326283 1    
11.87450821 1    
11.87461208 -1   
11.87601124 1    
11.87725741 1    
11.87875599 1    
11.88025586 1    
11.88026975 -1   
11.88150729 1    
11.88300316 1    
11.88450704 1    
11.88575129 1    
11.88725478 1    
11.88850077 1    
11.88999910 1    
11.89149995 1    
11.89275292 1    
11.89424746 1    
11.89549841 1    
11.89699568 1    
11.89849732 1    
11.89974287 1    
11.90124401 1    
11.90274197 1    
11.90399392 1    
11.90549144 1    
11.90674329 1    
11.90823972 1    
11.90974199 1    
11.91098774 1    
11.91248721 1    
11.91373570 1    
11.91523758 1    
11.91534625 -1   
11.91673686 1    
11.91798452 1    
11.91948565 1    
11.92073382 1    
11.92223062 1    
11.92372954 1    
11.92498413 1    
11.92647836 1    
11.92798021 1    
11.92922831 1    
11.93073101 1    
11.93197472 1    
11.93347506 1    
11.93497350 1    
11.93622515 1    
11.93772337 1    
11.93897377 1    
11.94047372 1    
11.94196957 1    
11.94322303 1    
11.94472142 1    
11.94597040 1    
11.94746693 1    
11.94896931 1    
11.95021810 1    
11.95171644 1    
11.95296642 1    
11.95446519 1    
11.95596459 1    
11.95721496 1    
11.95871077 1    
11.95996277 1    
11.96146476 1    
11.96296146 1    
11.96420642 1    
11.96570838 1    
11.96695772 1    
11.96845829 1    
11.96995390 1    
11.97120456 1    
11.97270533 1    
11.97420385 1    
11.97545033 1    
11.97695423 1    
11.97820089 1    
11.97970021 1    
11.98119833 1    
11.98244963 1    
11.98394861 1    
11.98519937 1    
11.98669393 1    
11.98819570 1    
11.98944496 1    
11.99094523 1    
11.99244226 1    
11.99369206 1    
11.99519137 1    
11.99644213 1    
11.99793701 1    
11.99943879 1    
12.00069108 1    
12.00218701 1    
12.00343352 1    
12.00493756 1    
12.00643536 1    
12.00768417 1    
12.00918149 1    
12.01043430 1    
12.01193217 1    
12.01343279 1    
12.01473294 1    
12.01643014 1    
12.01792601 1    
12.01917924 1    
12.02068201 1    
12.02192692 1    
12.02342398 1    
12.02492637 1    
12.02617403 1    
12.02767364 1    
12.02892279 1    
12.03042291 1    
12.03192215 1    
12.03317174 1    
12.03466668 1    
12.03616943 1    
12.03741766 1    
12.03891692 1    
12.04016457 1    
12.04166584 1    
12.04316536 1    
12.04441403 1    
12.04591066 1    
12.04716223 1    
12.04866274 1    
12.05016392 1    
12.05140622 1    
12.05291084 1    
12.05440794 1    
12.05565724 1    
12.05715414 1    
12.05840806 1    
12.05990503 1    
12.06140595 1    
12.06265016 1    
12.06415283 1    
12.06540149 1    
12.06690144 1    
12.06839791 1    
12.06965110 1    
12.07114894 1    
12.07264835 1    
12.07389370 1    
12.07539624 1    
12.07664678 1    
12.07814624 1    
12.07964208 1    
12.08089583 1    
12.08239325 1    
12.08389074 1    
12.08513843 1    
12.08664000 1    
12.08813947 1    
12.08938813 1    
12.09088548 1    
12.09213620 1    
12.09363610 1    
12.09513456 1    
12.09638277 1    
12.09788333 1    
12.09938263 1    
12.10063234 1    
12.10212890 1    
12.10338045 1    
12.10488019 1    
12.10637864 1    
12.10762560 1    
12.10912732 1    
12.11037624 1    
12.11187576 1    
12.11337328 1    
12.11462517 1    
12.11612284 1    
12.11762142 1    
12.11886852 1    
12.12037311 1    
12.12162036 1    
12.12311858 1    
12.12461622 1    
12.12586708 1    
12.12736614 1    
12.12861672 1    
12.13011291 1    
12.13161460 1    
12.13286331 1    
12.13436171 1    
12.13585992 1    
12.13711184 1    
12.13861044 1    
12.13986186 1    
12.14135640 1    
12.14285797 1    
12.14410628 1    
12.14560544 1    
12.14685284 1    
12.14835555 1    
12.14985313 1    
12.15111336 1    
12.15260783 1    
12.15385110 1    
12.15535024 1    
12.15685024 1    
12.15809659 1    
12.15959757 1    
12.16084814 1    
12.16234697 1    
12.16384184 1    
12.16509528 1    
12.16659385 1    
12.16752777 1    
12.16755231 -1   
12.16908962 1    
12.17059184 1    
12.17184083 1    
12.17333920 1    
12.17459063 1    
12.17610471 1    
12.17758626 1    
12.17908383 1    
12.18033549 1    
12.18183519 1    
12.18308426 1    
12.18458168 1    
12.18608237 1    
12.18733215 1    
12.18844807 -1   
12.18845444 -1   
12.18874112 -1   
12.18883205 1    
12.19032773 1    
12.19158003 1    
12.19307774 1    
12.19432823 1    
12.19582397 1    
12.19732778 1    
12.19857165 1    
12.20007217 1    
12.20132168 1    
12.20282341 1    
12.20432007 1    
12.20442209 -1   
12.20557290 1    
12.20706968 1    
12.20856891 1    
12.20981713 1    
12.21131840 1    
12.21256618 1    
12.21406712 1    
12.21556271 1    
12.21681756 1    
12.21831072 1    
12.21956333 1    
12.22106233 1    
12.22256173 1    
12.22380924 1    
12.22531162 1    
12.23905140 1    
12.24055226 1    
12.24179758 1    
12.24904900 1    
12.25054306 1    
12.25179529 1    
12.25329311 1    
12.25479339 1    
12.25603861 1    
12.25753893 1    
12.25878768 1    
12.26029219 1    
12.26178633 1    
12.26904133 1    
12.27053301 1    
12.27178334 1    
12.27328061 1    
12.27477973 1    
12.27602832 1    
12.27753012 1    
12.27877674 1    
12.28027809 1    
12.28177622 1    
12.28302813 1    
12.28452453 1    
12.28602235 1    
12.28727163 1    
12.28877540 1    
12.29002029 1    
12.29152275 1    
12.29301961 1    
12.29427043 1    
12.29576694 1    
12.29701916 1    
12.29851640 1    
12.30001709 1    
12.30126451 1    
12.30138202 -1   
12.30277508 1    
12.30426185 1    
12.30576238 1    
12.30701113 1    
12.30851434 1    
12.31000914 1    
12.31126084 1    
12.31275871 1    
12.31401010 1    
12.31550557 1    
12.31700591 1    
12.31825369 1    
12.31975540 1    
12.32100361 1    
12.32250535 1    
12.34553535 1    
12.34557653 -1   
15.32599049 -1   
22.42922189 -1   
22.43859627 -1   
22.43888968 -1   
22.59170040 -1   
22.83642379 1    
26.44162786 -1   
26.67439080 1    
26.67459593 -1   
26.83605087 1    
26.83610196 -1   
26.99979104 1    
26.99983434 -1   
27.19242410 1    
27.21873139 1    
27.22822422 1    
27.26345609 1    
27.33943431 -1   
27.38105310 1    
27.54459800 -1   
27.59870204 1    
27.70600875 -1   
27.74368241 1    
27.76054475 1    
27.79065608 1    
27.89035490 1    
27.92138481 1    
27.92172130 -1   
28.09482935 1    
28.09582823 -1   
28.25923620 1    
28.33959246 -1   
28.46027224 1    
28.46176328 1    
28.46214104 1    
28.57545480 1    
28.57575810 -1   
28.62379310 1    
28.78066253 -1   
28.82466030 1    
29.02874833 -1   
29.14447778 1    
29.22383182 1    
29.22532646 1    
29.34614750 1    
