0.00000000 -1   
0.17055242 1    
0.17091241 -1   
0.95923701 -1   
1.06878662 1    
1.12170963 -1   
1.27075697 1    
1.27986927 -1   
1.28435746 -1   
1.43210429 1    
1.44601712 -1   
1.47747933 1    
1.48797029 1    
1.51196014 1    
1.52195008 1    
1.60956427 1    
1.60972885 -1   
1.77214116 1    
1.77244246 -1   
1.81851441 1    
1.81975480 1    
1.84002260 1    
1.93587180 1    
1.99904120 -1   
2.09881722 1    
2.20384588 -1   
2.26013128 1    
2.40800045 -1   
2.60667012 1    
2.60698638 -1   
2.76958855 1    
2.77067302 -1   
3.20796716 1    
3.20945734 1    
3.20983870 1    
3.24770836 1    
3.40840385 1    
3.41070449 -1   
3.57207318 -1   
3.58086755 1    
3.82922855 1    
3.99554756 1    
3.99679470 1    
4.03455319 -1   
4.19597120 -1   
4.46424678 1    
4.46551008 1    
4.46589269 1    
4.50824451 1    
4.52998436 1    
4.53122722 1    
4.55946326 1    
4.56093928 1    
4.57995857 1    
4.58146467 1    
4.62890265 1    
4.63017044 1    
4.63166911 1    
4.63291799 1    
4.63298862 -1   
4.66865186 1    
4.66989710 1    
4.67164836 1    
4.67314690 1    
4.69336697 1    
4.69485695 1    
4.69610617 1    
4.69762654 1    
4.72285580 1    
4.72434070 1    
4.72559216 1    
4.72708649 1    
4.74335760 1    
4.74484970 1    
4.74609992 1    
4.74759869 1    
4.79233113 1    
4.79357506 1    
4.79507660 1    
4.79632353 1    
4.79782539 1    
4.79931855 1    
4.80057064 1    
4.80206373 1    
4.80208637 -1   
4.83328705 1    
4.83455238 1    
4.83605171 1    
4.83727625 1    
4.83879641 1    
4.84027304 1    
4.84154703 1    
4.84302046 1    
4.85826876 1    
4.85953557 1    
4.86103530 1    
4.86226238 1    
4.86378234 1    
4.86528331 1    
4.86678270 1    
4.86802855 1    
4.88802656 1    
4.88926697 1    
4.89076859 1    
4.89201433 1    
4.89351383 1    
4.89501389 1    
4.89626533 1    
4.89776383 1    
4.90826582 1    
4.90973320 1    
4.91100614 1    
4.91250356 1    
4.91401827 1    
4.91409671 -1   
4.91600375 1    
4.91747885 1    
4.95723818 1    
4.95848187 1    
4.95997855 1    
4.96120435 1    
4.96272969 1    
4.96422826 1    
4.96547814 1    
4.96697107 1    
5.01199906 -1   
5.07660318 1    
5.08648632 -1   
5.17288381 -1   
5.52291551 1    
5.52440433 1    
5.52478336 1    
5.55362337 1    
5.55486766 1    
5.57186251 1    
5.57310691 1    
5.57460289 1    
5.57610549 1    
5.57618870 -1   
5.57735157 1    
5.57887592 1    
5.58112586 1    
5.58262343 1    
5.58387334 1    
5.60786365 1    
5.60935894 1    
5.61808348 1    
5.61932832 1    
5.62084798 1    
5.62210147 1    
5.62359839 1    
5.62510147 1    
5.62859651 1    
5.63009904 1    
5.63982338 1    
5.64932094 1    
5.65083190 1    
5.65208523 1    
5.65958077 1    
5.66082717 1    
5.66930662 1    
5.67080015 1    
5.67206850 1    
5.67881662 1    
5.67972662 -1   
5.68029143 1    
5.71461005 1    
5.73756353 -1   
6.21809290 1    
6.21828805 -1   
6.30594733 1    
6.30745068 1    
6.32593292 1    
6.33592305 1    
6.33716722 1    
6.38101532 1    
6.41204102 -1   
6.42206844 -1   
6.58558577 -1   
6.83994577 -1   
6.85364567 1    
6.85514489 1    
6.85609592 1    
6.85764153 1    
6.85914393 1    
6.88362997 1    
6.88485712 1    
6.88635423 1    
6.88785370 1    
6.88910137 1    
6.89160321 1    
6.89309891 1    
6.89434620 1    
6.90334424 1    
6.90484400 1    
6.92335885 1    
6.92485428 1    
7.00285530 -1   
7.01853316 1    
7.01977890 1    
7.02127643 1    
7.02252570 1    
7.02402323 1    
7.02552756 1    
7.02677545 1    
7.02826905 1    
7.04702455 1    
7.04826338 1    
7.04975871 1    
7.05103070 1    
7.05250953 1    
7.05400851 1    
7.05525742 1    
7.05675185 1    
7.05800591 1    
7.05950240 1    
7.06100093 1    
7.06227313 1    
7.06377449 1    
7.06501997 1    
7.06652322 1    
7.06799918 1    
7.06925113 1    
7.07074594 1    
7.07224484 1    
7.07349298 1    
7.08674916 1    
7.08798716 1    
7.08948718 1    
7.09100027 1    
7.12747046 1    
7.12896276 1    
7.18194580 1    
7.18200180 -1   
7.18318936 1    
7.18468188 1    
7.18593657 1    
7.18742989 1    
7.18893038 1    
7.19017844 1    
7.19169902 1    
7.19295076 1    
7.19443137 1    
7.19594243 1    
7.19717717 1    
7.19869036 1    
7.19994820 1    
7.20143220 1    
7.20292144 1    
7.21169286 1    
7.21316653 1    
7.21443661 1    
7.21591635 1    
7.21602450 -1   
7.21741689 1    
7.21866182 1    
7.22016206 1    
7.22142654 1    
7.22292936 1    
7.22440870 1    
7.22566100 1    
7.22715708 1    
7.22840870 1    
7.22990599 1    
7.23140437 1    
7.23265436 1    
7.23415617 1    
7.23565268 1    
7.23690566 1    
7.23840112 1    
7.23965180 1    
7.24115023 1    
7.24264861 1    
7.24390174 1    
7.24540270 1    
7.24666953 1    
7.24816060 1    
7.24966639 1    
7.25089610 1    
7.25239651 1    
7.25389526 1    
7.25514109 1    
7.25664194 1    
7.25788936 1    
7.25939203 1    
7.26088863 1    
7.26214058 1    
7.26363409 1    
7.26488339 1    
7.26638520 1    
7.26647068 -1   
7.26788687 1    
7.26913368 1    
7.27063774 1    
7.27188063 1    
7.27338019 1    
7.27488148 1    
7.27613566 1    
7.27762793 1    
7.29237913 1    
7.29362166 1    
7.29512638 1    
7.29637003 1    
7.34761372 1    
7.34764937 -1   
7.34910604 1    
7.35033733 1    
7.35183929 1    
7.35308519 1    
7.35459255 1    
7.35610008 1    
7.35733144 1    
7.35883306 1    
7.36033321 1    
7.36158001 1    
7.36309825 1    
7.36432802 1    
7.36585293 1    
7.36732695 1    
7.36857834 1    
7.37007690 1    
7.37132679 1    
7.37282264 1    
7.37432658 1    
7.37557139 1    
7.37707404 1    
7.37719042 -1   
7.37856921 1    
7.37983462 1    
7.38132062 1    
7.38259124 1    
7.38409167 1    
7.38556815 1    
7.38682257 1    
7.38831462 1    
7.38956405 1    
7.39106187 1    
7.39256537 1    
7.39381190 1    
7.39531469 1    
7.39681143 1    
7.39808445 1    
7.39958062 1    
7.40083360 1    
7.40230801 1    
7.40381033 1    
7.40505448 1    
7.40655883 1    
7.40780293 1    
7.40930778 1    
7.41081917 1    
7.41207262 1    
7.41357448 1    
7.41507407 1    
7.41629896 1    
7.41780208 1    
7.41904874 1    
7.42054928 1    
7.42204579 1    
7.42329454 1    
7.42479327 1    
7.42604717 1    
7.42754142 1    
7.42763798 -1   
7.42904439 1    
7.43029146 1    
7.43180249 1    
7.43306359 1    
7.43454200 1    
7.43603753 1    
7.43729115 1    
7.43880689 1    
7.44005860 1    
7.44155531 1    
7.44305130 1    
7.44428249 1    
7.44580050 1    
7.44705215 1    
7.45105201 1    
7.45252780 1    
7.45378169 1    
7.45529768 1    
7.45680114 1    
7.45804797 1    
7.45952517 1    
7.46025401 -1   
7.46077265 1    
7.46227452 1    
7.46379633 1    
7.46504368 1    
7.46654544 1    
7.46776950 1    
7.46926781 1    
7.47076803 1    
7.47201784 1    
7.47351451 1    
7.47501738 1    
7.47626609 1    
7.47777377 1    
7.47897730 -1   
7.47900502 1    
7.48052723 1    
7.48203688 1    
7.48328368 1    
7.48476231 1    
7.48601995 1    
7.49151332 1    
7.49300568 1    
7.49425327 1    
7.49575747 1    
7.49700818 1    
7.49850705 1    
7.50125242 1    
7.51201676 1    
7.51205423 -1   
7.51351058 1    
7.51476113 1    
7.51623988 1    
7.51776132 1    
7.51899229 1    
7.52051063 1    
7.52201397 1    
7.52325879 1    
7.52475961 1    
7.52623721 1    
7.53323656 1    
7.53473206 1    
7.54350139 1    
7.54474887 1    
7.54625099 1    
7.54749812 1    
7.54900026 1    
7.55049704 1    
7.55172180 1    
7.55322090 1    
7.55474515 1    
7.55599038 1    
7.55749147 1    
7.55873967 1    
7.56023980 1    
7.56399057 1    
7.56548754 1    
7.56673434 1    
7.56821528 1    
7.56833964 -1   
7.56971504 1    
7.57096020 1    
7.57246125 1    
7.57370793 1    
7.57520623 1    
7.57672895 1    
7.57796051 1    
7.58372204 1    
7.58495471 1    
7.58645251 1    
7.58797552 1    
7.58920078 1    
7.59072060 1    
7.59319721 1    
7.59447052 1    
7.59596748 1    
7.59721849 1    
7.59871575 1    
7.60021739 1    
7.60144506 1    
7.60294127 1    
7.60389021 1    
7.60871709 1    
7.60994062 1    
7.61818976 1    
7.61968083 1    
7.62095718 1    
7.62245359 1    
7.62395215 1    
7.62520096 1    
7.62668129 1    
7.62794951 1    
7.62945037 1    
7.63095130 1    
7.63220125 1    
7.63228762 -1   
7.63918774 1    
7.64044130 1    
7.64194404 1    
7.64893467 1    
7.65041782 1    
7.65166600 1    
7.65316674 1    
7.65466238 1    
7.65966417 1    
7.66115982 1    
7.66241033 1    
7.66390427 1    
7.66540632 1    
7.66667559 1    
7.66815668 1    
7.66940284 1    
7.67090265 1    
7.67242531 1    
7.67367558 1    
7.67915827 1    
7.67920968 -1   
7.68065268 1    
7.68190086 1    
7.68340116 1    
7.68489503 1    
7.68614738 1    
7.68766534 1    
7.68891910 1    
7.69039390 1    
7.69190994 1    
7.69314002 1    
7.69466516 1    
7.69590983 1    
7.69740846 1    
7.69890925 1    
7.70017229 1    
7.70163617 1    
7.70290308 1    
7.70891076 1    
7.71013367 1    
7.72515174 1    
7.72637122 1    
7.72786915 1    
7.72911996 1    
7.73061697 1    
7.73211839 1    
7.73338828 1    
7.73486956 1    
7.73611646 1    
7.73762683 1    
7.73774814 -1   
7.73911421 1    
7.74063591 1    
7.74189494 1    
7.74336017 1    
7.74486631 1    
7.74611213 1    
7.74760885 1    
7.74911295 1    
7.75036116 1    
7.75185675 1    
7.75311061 1    
7.75460567 1    
7.75612488 1    
7.75735593 1    
7.75848342 -1   
7.75888198 1    
7.76011035 1    
7.76160509 1    
7.76612151 1    
7.76737267 1    
7.76884768 1    
7.77009646 1    
7.77023603 -1   
7.77159729 1    
7.77184777 1    
7.77559647 1    
7.77709472 1    
7.77834923 1    
7.77984388 1    
7.78134240 1    
7.78709063 1    
7.78833707 1    
7.79910480 1    
7.80060451 1    
7.80184353 1    
7.80333079 1    
7.80484828 1    
7.80609832 1    
7.80759588 1    
7.80884823 1    
7.81032304 1    
7.81182615 1    
7.81307241 1    
7.81457845 1    
7.81606823 1    
7.81621241 -1   
7.81732326 1    
7.81881985 1    
7.82006941 1    
7.82156535 1    
7.82306680 1    
7.82433119 1    
7.82581699 1    
7.83156244 1    
7.83282907 1    
7.83432767 1    
7.83581244 1    
7.83705780 1    
7.83855807 1    
7.83980345 1    
7.84131934 1    
7.84280448 1    
7.84405485 1    
7.84555576 1    
7.84680281 1    
7.84830193 1    
7.84980476 1    
7.85104785 1    
7.85254899 1    
7.85404987 1    
7.85529936 1    
7.85681164 1    
7.85806540 1    
7.85954380 1    
7.86104504 1    
7.86231020 1    
7.86756395 1    
7.86758482 -1   
7.86879204 1    
7.87028996 1    
7.87180548 1    
7.87305218 1    
7.87904257 1    
7.88053360 1    
7.88178511 1    
7.88328226 1    
7.88488152 1    
7.88728075 1    
7.88852963 1    
7.89004410 1    
7.89127707 1    
7.89704565 1    
7.89853883 1    
7.89978844 1    
7.90127214 1    
7.90277195 1    
7.90779889 1    
7.90928940 1    
7.91051800 1    
7.91201547 1    
7.91211997 -1   
7.91351786 1    
7.91476365 1    
7.91951630 1    
7.92100892 1    
7.92226063 1    
7.92375740 1    
7.92527255 1    
7.92652723 1    
7.92801121 1    
7.92925350 1    
7.93077169 1    
7.93226816 1    
7.93351973 1    
7.93500118 1    
7.93625002 1    
7.93774924 1    
7.93927285 1    
7.93950177 1    
7.94275453 1    
7.94399509 1    
7.95151420 1    
7.95274071 1    
7.95424001 1    
7.95550448 1    
7.95700659 1    
7.95850412 1    
7.95974125 1    
7.96123821 1    
7.96273956 1    
7.96398613 1    
7.96548522 1    
7.96698250 1    
7.96823380 1    
7.96973411 1    
7.97123501 1    
7.97247954 1    
7.97398362 1    
7.97522712 1    
7.97672750 1    
7.97822892 1    
7.97947756 1    
7.97958609 -1   
7.98097815 1    
7.98247397 1    
7.98374811 1    
7.98522240 1    
7.98772512 1    
7.98897156 1    
7.99047364 1    
7.99196858 1    
7.99322068 1    
7.99472121 1    
7.99597062 1    
7.99746669 1    
7.99896600 1    
8.00021568 1    
8.00173696 1    
8.00296305 1    
8.00446677 1    
8.00596420 1    
8.00721165 1    
8.00870883 1    
8.00995952 1    
8.01145745 1    
8.01295784 1    
8.01420690 1    
8.01572318 1    
8.01695328 1    
8.02345963 1    
8.02361342 -1   
8.02494811 1    
8.02619916 1    
8.03147640 1    
8.03296620 1    
8.03420020 1    
8.03919680 1    
8.03923752 -1   
8.04069287 1    
8.04194044 1    
8.04344293 1    
8.04493828 1    
8.04619044 1    
8.04768484 1    
8.04894016 1    
8.05043618 1    
8.05193860 1    
8.05318487 1    
8.05468405 1    
8.05593176 1    
8.05743433 1    
8.05895120 1    
8.06018291 1    
8.06168230 1    
8.08867498 1    
8.09016231 1    
8.09941568 1    
8.10092877 1    
8.10240988 1    
8.10365356 1    
8.10515544 1    
8.10667560 1    
8.10790586 1    
8.10940512 1    
8.11065353 1    
8.11214970 1    
8.11308569 1    
8.11465028 1    
8.11589740 1    
8.11739656 1    
8.11890008 1    
8.12014660 1    
8.12164821 1    
8.12291061 1    
8.12439498 1    
8.12589248 1    
8.12603485 -1   
8.12714395 1    
8.12864151 1    
8.12989485 1    
8.13138806 1    
8.13289177 1    
8.13414335 1    
8.13563819 1    
8.13688528 1    
8.13841085 1    
8.13988598 1    
8.14113690 1    
8.14263356 1    
8.14388495 1    
8.14538505 1    
8.14689799 1    
8.14813291 1    
8.14963210 1    
8.15112659 1    
8.15238011 1    
8.15387949 1    
8.15513317 1    
8.15662419 1    
8.15812433 1    
8.15924678 -1   
8.15937378 1    
8.16087993 1    
8.16212636 1    
8.16362050 1    
8.16512231 1    
8.16636931 1    
8.16786920 1    
8.16936812 1    
8.17062176 1    
8.17211642 1    
8.17336847 1    
8.17486529 1    
8.17636646 1    
8.17761399 1    
8.17911113 1    
8.18036061 1    
8.18186478 1    
8.18335851 1    
8.18486158 1    
8.18611159 1    
8.18761011 1    
8.18910547 1    
8.19035582 1    
8.19185380 1    
8.19310835 1    
8.19460467 1    
8.19610377 1    
8.19735259 1    
8.19885459 1    
8.20005017 -1   
8.20009255 1    
8.20160376 1    
8.20310156 1    
8.20452682 1    
8.20585068 1    
8.20709474 1    
8.20859846 1    
8.21009931 1    
8.21134554 1    
8.21284227 1    
8.21434464 1    
8.21558938 1    
8.21711061 1    
8.21833933 1    
8.21984222 1    
8.22133889 1    
8.22258791 1    
8.22408614 1    
8.22533676 1    
8.22683619 1    
8.22833559 1    
8.22958530 1    
8.22971649 -1   
8.23108297 1    
8.23258313 1    
8.23383552 1    
8.23532976 1    
8.23658278 1    
8.23807964 1    
8.23958242 1    
8.24084336 1    
8.24232610 1    
8.24234960 -1   
8.24357818 1    
8.24507399 1    
8.24657688 1    
8.24782274 1    
8.24932575 1    
8.25082167 1    
8.25207018 1    
8.25357345 1    
8.25482034 1    
8.25631684 1    
8.25782002 1    
8.25906833 1    
8.26056787 1    
8.26181760 1    
8.26331190 1    
8.26482909 1    
8.26606501 1    
8.26758451 1    
8.26906531 1    
8.27031392 1    
8.27181063 1    
8.27311584 1    
8.27455806 1    
8.27607202 1    
8.27730987 1    
8.27880439 1    
8.28005929 1    
8.28155404 1    
8.28305839 1    
8.28430504 1    
8.28580575 1    
8.28705290 1    
8.28855159 1    
8.29004906 1    
8.29130097 1    
8.29139967 -1   
8.29280101 1    
8.29404992 1    
8.29556108 1    
8.29704499 1    
8.29829791 1    
8.29981005 1    
8.30104434 1    
8.30254229 1    
8.30404319 1    
8.30529036 1    
8.30679907 1    
8.30704968 1    
8.30856151 1    
8.31003914 1    
8.31153792 1    
8.31278499 1    
8.31428759 1    
8.31553403 1    
8.31705363 1    
8.31853575 1    
8.31978551 1    
8.32128100 1    
8.32278329 1    
8.32403005 1    
8.32553172 1    
8.32677745 1    
8.32776997 -1   
8.32827546 1    
8.32977952 1    
8.33104925 1    
8.33254712 1    
8.33377773 1    
8.33527163 1    
8.33677483 1    
8.33802457 1    
8.33952185 1    
8.34101884 1    
8.34227347 1    
8.34376776 1    
8.34977579 1    
8.35101306 1    
8.35251607 1    
8.35976901 1    
8.36125909 1    
8.36252277 1    
8.36402971 1    
8.36515959 -1   
8.36552558 1    
8.36677810 1    
8.37125982 1    
8.37250094 1    
8.37400400 1    
8.38325464 1    
8.38474524 1    
8.39324518 1    
8.40374400 1    
8.40498215 1    
8.40650757 1    
8.40800300 1    
8.40948313 1    
8.41072749 1    
8.45500974 -1   
8.47018477 1    
8.47294493 1    
8.47419723 1    
8.47996698 1    
8.48119104 1    
8.48271012 1    
8.48395246 1    
8.48543601 1    
8.48694114 1    
8.48818675 1    
8.48968908 1    
8.49093398 1    
8.49243559 1    
8.49393243 1    
8.49517937 1    
8.49667783 1    
8.49793197 1    
8.49942849 1    
8.50093026 1    
8.50217734 1    
8.50367933 1    
8.50517458 1    
8.50642387 1    
8.50852807 -1   
8.51142751 1    
8.51294338 1    
8.51417242 1    
8.51569077 1    
8.51717087 1    
8.52043776 1    
8.52168239 1    
8.52318010 1    
8.52466736 1    
8.52591543 1    
8.55067060 1    
8.57141483 1    
8.57291018 1    
8.61189683 1    
8.61313906 1    
8.61463584 1    
8.61588606 1    
8.61738580 1    
8.61886323 1    
8.62013110 1    
8.62163073 1    
8.62312836 1    
8.62436011 1    
8.62585828 1    
8.62912370 1    
8.62914068 -1   
8.63035552 1    
8.63186922 1    
8.63527257 1    
8.64260329 1    
8.67211214 1    
8.67332759 1    
8.68310197 1    
8.68457343 1    
8.68609292 1    
8.68732107 1    
8.68882129 1    
8.69008571 1    
8.69159283 1    
8.69306655 1    
8.69432056 1    
8.69583089 1    
8.69708369 1    
8.69858112 1    
8.70007900 1    
8.70131312 1    
8.70281728 1    
8.72630604 1    
8.72754934 1    
8.73529720 1    
8.73679684 1    
8.73804274 1    
8.75554089 1    
8.75678006 1    
8.75828459 1    
8.75977932 1    
8.75990221 -1   
8.76103270 1    
8.78429526 1    
8.78576864 1    
8.80519299 1    
8.80524079 -1   
8.84374523 1    
8.84522964 1    
8.85598154 1    
8.85722323 1    
8.85874555 1    
8.91170595 1    
8.91294289 1    
8.93219278 1    
8.93343079 1    
8.96808740 1    
8.96813570 -1   
9.18784379 -1   
9.20383007 -1   
9.29755962 -1   
9.36576504 -1   
9.63806197 1    
9.63954760 1    
9.63992591 1    
9.64024939 -1   
9.64802562 1    
9.64954055 1    
9.65104573 1    
9.65226821 1    
9.65379527 1    
9.65879108 1    
9.67153515 1    
9.67275721 1    
9.67428042 1    
9.68002505 1    
9.68125495 1    
9.68275288 1    
9.68402450 1    
9.68552075 1    
9.68702005 1    
9.68824603 1    
9.69776899 1    
9.69901438 1    
9.70051540 1    
9.70801096 1    
9.70923846 1    
9.73125117 1    
9.74049143 1    
9.74198159 1    
9.77173014 1    
9.77319855 1    
9.80414376 1    
9.80418870 -1   
9.83169980 1    
9.83316430 1    
9.84166948 1    
9.84315965 1    
9.84440733 1    
9.85190565 1    
9.85315839 1    
9.85467710 1    
9.86392532 1    
9.86514868 1    
9.86664976 1    
9.86791546 1    
9.86939396 1    
9.87091107 1    
9.87216189 1    
9.87365896 1    
9.87490897 1    
9.87500764 -1   
9.87639420 1    
9.87789024 1    
9.87913753 1    
9.88065864 1    
9.88216406 1    
9.88338655 1    
9.88490533 1    
9.88613850 1    
9.88763778 1    
9.89113548 1    
9.89262984 1    
9.89388236 1    
9.89538113 1    
9.89687926 1    
9.90338434 1    
9.90487394 1    
9.90612580 1    
9.90762409 1    
9.90912031 1    
9.91036958 1    
9.91187133 1    
9.91311864 1    
9.91462059 1    
9.91611492 1    
9.91736961 1    
9.91886491 1    
9.92011357 1    
9.92163050 1    
9.93488119 1    
9.93635642 1    
9.95537291 1    
9.95686749 1    
9.96876918 1    
9.96878938 -1   
10.09030578 1    
10.09176771 1    
10.09303968 1    
10.09928669 1    
10.10078902 1    
10.10201137 1    
10.10351013 1    
10.10503077 1    
10.10626166 1    
10.10777935 1    
10.10902511 1    
10.11052798 1    
10.11202972 1    
10.11325309 1    
10.11475362 1    
10.11600214 1    
10.11750493 1    
10.11900329 1    
10.12025527 1    
10.12175182 1    
10.12300296 1    
10.12449748 1    
10.12599819 1    
10.12724700 1    
10.12874719 1    
10.13024562 1    
10.13149791 1    
10.13299347 1    
10.13424694 1    
10.13574344 1    
10.13724117 1    
10.13848980 1    
10.13999220 1    
10.14123660 1    
10.14274061 1    
10.14423765 1    
10.14548814 1    
10.14700125 1    
10.14708724 -1   
10.14850273 1    
10.14975772 1    
10.15123418 1    
10.15248199 1    
10.15398513 1    
10.15547988 1    
10.15673019 1    
10.15823046 1    
10.15948058 1    
10.16095214 1    
10.16097057 -1   
10.16223253 1    
10.16372379 1    
10.16522869 1    
10.16647679 1    
10.16797252 1    
10.16922227 1    
10.18247497 1    
10.18371370 1    
10.18521552 1    
10.25942928 1    
10.26068534 1    
10.26216991 1    
10.26366925 1    
10.26491963 1    
10.26641773 1    
10.26768984 1    
10.26782256 -1   
10.26916813 1    
10.27066706 1    
10.27191314 1    
10.27343139 1    
10.27468619 1    
10.27616141 1    
10.27766411 1    
10.27890989 1    
10.28041155 1    
10.28193070 1    
10.28315594 1    
10.28465706 1    
10.28590985 1    
10.28740865 1    
10.28890582 1    
10.29015412 1    
10.29165482 1    
10.29290182 1    
10.29440024 1    
10.29590060 1    
10.29715214 1    
10.29870083 1    
10.29990084 1    
10.30139675 1    
10.30339824 1    
10.30466691 1    
10.30614541 1    
10.30764342 1    
10.30889512 1    
10.31039040 1    
10.31166474 1    
10.31313984 1    
10.31483804 1    
10.31494129 -1   
10.31588757 1    
10.31738782 1    
10.31863953 1    
10.32013813 1    
10.32165588 1    
10.32288302 1    
10.32438511 1    
10.32588338 1    
10.32714572 1    
10.32863099 1    
10.32988319 1    
10.33137886 1    
10.33288212 1    
10.33413281 1    
10.33563219 1    
10.33687795 1    
10.33689359 1    
10.33690054 -1   
10.33864708 1    
10.33987713 1    
10.34137659 1    
10.34262298 1    
10.34414896 1    
10.34562345 1    
10.34687024 1    
10.34836854 1    
10.34989432 1    
10.35736979 1    
10.35888976 1    
10.36013072 1    
10.36163746 1    
10.36313958 1    
10.36435977 1    
10.36588542 1    
10.36713870 1    
10.36860732 1    
10.37011051 1    
10.37135505 1    
10.37287411 1    
10.37300415 -1   
10.37412688 1    
10.37560434 1    
10.37710655 1    
10.37835247 1    
10.37986917 1    
10.38137163 1    
10.38262401 1    
10.38412060 1    
10.38534782 1    
10.38687414 1    
10.38837026 1    
10.38962088 1    
10.39112417 1    
10.39234407 1    
10.39387143 1    
10.39536696 1    
10.39686572 1    
10.39811658 1    
10.39961722 1    
10.40111025 1    
10.40234207 1    
10.40385845 1    
10.40511161 1    
10.40660310 1    
10.40808649 1    
10.40933484 1    
10.41083558 1    
10.41208063 1    
10.41361143 1    
10.41510661 1    
10.41633972 1    
10.41785095 1    
10.41910320 1    
10.42059912 1    
10.42435428 1    
10.42560012 1    
10.42710178 1    
10.42859321 1    
10.42985087 1    
10.43134378 1    
10.43259380 1    
10.43372277 -1   
10.43408892 1    
10.43559537 1    
10.43684342 1    
10.43831917 1    
10.43959198 1    
10.44108823 1    
10.44256668 1    
10.44383684 1    
10.44531706 1    
10.44658769 1    
10.44808644 1    
10.44985197 1    
10.45083576 1    
10.45231031 1    
10.45383083 1    
10.45508182 1    
10.45658383 1    
10.45782948 1    
10.45933294 1    
10.46082643 1    
10.46207946 1    
10.46357515 1    
10.46482411 1    
10.46632440 1    
10.46782793 1    
10.46905123 1    
10.47057527 1    
10.47207101 1    
10.47330265 1    
10.47481895 1    
10.47493881 -1   
10.47606622 1    
10.47756875 1    
10.47906875 1    
10.48031507 1    
10.48181818 1    
10.48304373 1    
10.48456168 1    
10.48606326 1    
10.48731450 1    
10.48880934 1    
10.49006377 1    
10.49155968 1    
10.49306052 1    
10.49430855 1    
10.49580702 1    
10.49705614 1    
10.49855964 1    
10.50003186 1    
10.50128521 1    
10.50280585 1    
10.50404865 1    
10.50555203 1    
10.50705114 1    
10.50827879 1    
10.50833496 -1   
10.50980323 1    
10.51104830 1    
10.51255134 1    
10.51404776 1    
10.51527477 1    
10.51679681 1    
10.51827617 1    
10.51954399 1    
10.52104488 1    
10.52229419 1    
10.52379372 1    
10.52529014 1    
10.52653927 1    
10.52804002 1    
10.52928932 1    
10.53078850 1    
10.53228859 1    
10.53351345 1    
10.53501625 1    
10.53626331 1    
10.53776093 1    
10.53925979 1    
10.54051042 1    
10.54201013 1    
10.54203006 -1   
10.54351566 1    
10.54475915 1    
10.54626062 1    
10.54750476 1    
10.54900381 1    
10.55050269 1    
10.55175498 1    
10.55326521 1    
10.55351784 1    
10.55502899 1    
10.55652773 1    
10.55802519 1    
10.55926957 1    
10.56077278 1    
10.56202393 1    
10.56352003 1    
10.56502196 1    
10.56626775 1    
10.56774736 1    
10.56899352 1    
10.57049334 1    
10.57199020 1    
10.57324233 1    
10.57476352 1    
10.57599083 1    
10.57748848 1    
10.57898867 1    
10.58023587 1    
10.58173523 1    
10.58323320 1    
10.58448553 1    
10.58600928 1    
10.58610652 -1   
10.58723542 1    
10.58875581 1    
10.59025552 1    
10.59150428 1    
10.59300667 1    
10.59422966 1    
10.59575732 1    
10.59725322 1    
10.59850474 1    
10.59999963 1    
10.60147565 1    
10.60272635 1    
10.60424710 1    
10.60549334 1    
10.60699783 1    
10.60847101 1    
10.60972254 1    
10.61121953 1    
10.61246630 1    
10.61396751 1    
10.61549334 1    
10.61699105 1    
10.61824209 1    
10.61974001 1    
10.62099001 1    
10.62248743 1    
10.62398602 1    
10.62523565 1    
10.62673751 1    
10.62823354 1    
10.62948566 1    
10.63097851 1    
10.63223625 1    
10.63372902 1    
10.63492308 -1   
10.63520480 1    
10.63645879 1    
10.63795971 1    
10.63920234 1    
10.64070284 1    
10.64220142 1    
10.64347183 1    
10.64497069 1    
10.64647658 1    
10.64772185 1    
10.64922391 1    
10.65047261 1    
10.65197160 1    
10.65346848 1    
10.65471853 1    
10.65621637 1    
10.65747084 1    
10.65896553 1    
10.66046511 1    
10.66171245 1    
10.66321708 1    
10.66471268 1    
10.66596172 1    
10.66746125 1    
10.66868860 1    
10.67018602 1    
10.67170881 1    
10.67295603 1    
10.67445772 1    
10.67568120 1    
10.67718028 1    
10.67868014 1    
10.67993187 1    
10.68145047 1    
10.68295181 1    
10.68419809 1    
10.68570426 1    
10.68580151 -1   
10.68695036 1    
10.68844926 1    
10.68995345 1    
10.69119702 1    
10.69269937 1    
10.69394781 1    
10.69545386 1    
10.69694607 1    
10.69819719 1    
10.71841040 1    
10.71844748 -1   
10.71984546 1    
10.72115520 1    
10.72918120 1    
10.73040132 1    
10.73192468 1    
10.73317041 1    
10.73467208 1    
10.73616966 1    
10.73739954 1    
10.73891801 1    
10.74039741 1    
10.74164480 1    
10.74314478 1    
10.74439089 1    
10.74589326 1    
10.74739071 1    
10.74864192 1    
10.75013940 1    
10.75139106 1    
10.75288708 1    
10.75438967 1    
10.75563494 1    
10.75713372 1    
10.75863469 1    
10.75988680 1    
10.76138330 1    
10.76265585 1    
10.76415622 1    
10.76566108 1    
10.76690236 1    
10.76837907 1    
10.76965502 1    
10.77115295 1    
10.77265178 1    
10.77389786 1    
10.77539597 1    
10.77690100 1    
10.77700268 -1   
10.77814784 1    
10.77964617 1    
10.78089848 1    
10.78239703 1    
10.78389854 1    
10.78513815 1    
10.78939608 1    
10.79063815 1    
10.79211574 1    
10.79363068 1    
10.79488729 1    
10.80013380 1    
10.80163765 1    
10.80288324 1    
10.82063054 1    
10.82187072 1    
10.88174868 1    
10.88179079 -1   
10.90983161 1    
10.91107266 1    
10.99537099 -1   
11.04277728 1    
11.04281833 -1   
14.62930443 1    
21.12327984 -1   
21.13296208 -1   
21.13325642 -1   
21.28691602 -1   
21.63085036 1    
23.76444309 -1   
25.21182904 -1   
25.47406819 1    
25.63599672 1    
25.63637365 -1   
25.83529552 1    
25.91324304 1    
25.92047941 1    
25.92197623 1    
25.99625783 1    
25.99644255 -1   
26.20012069 -1   
26.23329861 1    
26.26178495 1    
26.27352998 1    
26.39509964 1    
26.39541181 -1   
26.55796608 1    
26.55833640 -1   
26.72087907 1    
26.72121402 -1   
26.92198758 1    
27.01328823 -1   
27.17842341 1    
27.17885185 -1   
27.36673451 1    
27.36677374 -1   
27.57181547 -1   
