0.00000000 -1   
3.20777724 1    
3.44469630 -1   
3.60607606 -1   
3.60660519 1    
3.80221328 -1   
3.82485660 -1   
3.86233568 -1   
3.91521782 1    
3.93206822 -1   
3.98685068 -1   
4.12023294 1    
4.14851630 -1   
4.28191177 1    
4.32984053 -1   
4.34956545 -1   
4.36031573 -1   
4.36981149 -1   
4.39156024 -1   
4.44329896 1    
4.55303115 -1   
4.65217623 1    
4.86139001 -1   
4.91553652 1    
5.06301856 -1   
5.16015911 1    
5.30462530 -1   
5.36429394 1    
5.57921068 -1   
5.57950457 1    
5.59136693 -1   
5.59260922 -1   
5.65257669 -1   
5.74267531 -1   
5.74494945 1    
5.90429947 -1   
5.99243381 1    
6.14639301 -1   
6.42362086 -1   
6.42512105 -1   
6.42537063 -1   
6.46467019 1    
6.62605069 1    
6.91261117 -1   
6.91384891 -1   
6.91421760 -1   
6.92009720 -1   
6.92159864 -1   
6.92309632 -1   
6.92435049 -1   
6.92584354 -1   
6.94084140 -1   
6.94234804 -1   
7.07726747 -1   
7.07875591 -1   
7.08025756 -1   
7.08036063 1    
7.08150272 -1   
7.08400862 -1   
7.08523180 -1   
7.08675191 -1   
7.08825133 -1   
7.08949808 -1   
7.09099949 -1   
7.09249686 -1   
7.09375341 -1   
7.09524659 -1   
7.09649847 -1   
7.09800537 -1   
7.09838710 -1   
7.10573956 -1   
7.10723976 -1   
7.10873748 -1   
7.10998931 -1   
7.24216873 -1   
7.24366026 -1   
7.24514037 -1   
7.24640870 -1   
7.24791160 -1   
7.24792507 1    
7.24913448 -1   
7.25066093 -1   
7.25215866 -1   
7.25340538 -1   
7.25490739 -1   
7.25915433 -1   
7.26065046 -1   
7.26189881 -1   
7.26340759 -1   
7.26464814 -1   
7.26612989 -1   
7.26764725 -1   
7.26889797 -1   
7.27039526 -1   
7.27164625 -1   
7.27312169 -1   
7.27464540 -1   
7.27589260 -1   
7.27739362 -1   
7.27863933 -1   
7.28013923 -1   
7.28163836 -1   
7.28289067 -1   
7.28438609 -1   
7.28589054 -1   
7.28713632 -1   
7.28863584 -1   
7.28988551 -1   
7.29138491 -1   
7.29288168 -1   
7.29413638 -1   
7.29562990 -1   
7.29574763 1    
7.29688282 -1   
7.31362418 -1   
7.31637003 -1   
7.40755097 -1   
7.40881670 -1   
7.41031991 -1   
7.41181485 -1   
7.41304356 -1   
7.41454026 -1   
7.41579237 -1   
7.41728817 -1   
7.41754094 -1   
7.41755116 1    
7.42744290 1    
7.58677560 1    
7.90404788 -1   
7.90529699 -1   
7.90564123 -1   
7.92427677 -1   
7.92577111 -1   
7.94526834 -1   
7.94676453 -1   
7.94800757 -1   
7.95602366 -1   
7.95611669 1    
7.95750437 -1   
7.95899407 -1   
7.96374925 -1   
7.96501638 -1   
7.96649849 -1   
7.96799481 -1   
7.96926563 -1   
7.97174387 -1   
7.97324421 -1   
7.97478976 -1   
7.98149246 -1   
7.98273841 -1   
7.98421710 -1   
7.99598089 -1   
7.99721002 -1   
8.00597567 -1   
8.00747474 -1   
8.01672106 -1   
8.01796630 -1   
8.01946651 -1   
8.03521281 -1   
8.03670972 -1   
8.03795990 -1   
8.04869792 -1   
8.04956595 1    
8.04993094 -1   
8.07644191 -1   
8.08906691 -1   
8.11896088 1    
8.55964873 -1   
8.56113564 -1   
8.56151834 -1   
8.64060121 -1   
8.64186758 -1   
8.76402293 -1   
8.79368734 1    
8.80328511 1    
8.95496363 1    
9.19538243 1    
9.22403897 -1   
9.22550619 -1   
9.22575603 -1   
9.23428475 -1   
9.23577445 -1   
9.25501498 -1   
9.25624141 -1   
9.25775776 -1   
9.27250323 -1   
9.27372596 -1   
9.27525182 -1   
9.27972471 -1   
9.28124735 -1   
9.28274792 -1   
9.28399281 -1   
9.28549401 -1   
9.28674348 -1   
9.35700569 1    
9.38894144 -1   
9.39016418 -1   
9.39168656 -1   
9.39316203 -1   
9.39743527 -1   
9.39890854 -1   
9.40040572 -1   
9.40165304 -1   
9.41815455 -1   
9.41964652 -1   
9.42114497 -1   
9.42241583 -1   
9.42389413 -1   
9.42514109 -1   
9.42663990 -1   
9.42814066 -1   
9.43714120 -1   
9.43863524 -1   
9.43988540 -1   
9.44140359 -1   
9.44438329 -1   
9.44563098 -1   
9.44713135 -1   
9.44865081 -1   
9.45012857 -1   
9.45137651 -1   
9.45287490 -1   
9.45438957 -1   
9.45564909 -1   
9.45712226 -1   
9.45862521 -1   
9.45987133 -1   
9.49160571 -1   
9.49285236 -1   
9.55232695 -1   
9.55236337 1    
9.55382057 -1   
9.55532097 -1   
9.55656923 -1   
9.55806384 -1   
9.55956405 -1   
9.56081098 -1   
9.56233729 -1   
9.56358376 -1   
9.56506368 -1   
9.56655906 -1   
9.56783094 -1   
9.56933120 -1   
9.57055567 -1   
9.57205588 -1   
9.57355917 -1   
9.58305533 -1   
9.58455273 -1   
9.58579773 -1   
9.58729934 -1   
9.58856790 -1   
9.58870780 1    
9.59004827 -1   
9.59154695 -1   
9.59281780 -1   
9.59431418 -1   
9.59554171 -1   
9.59704040 -1   
9.59854373 -1   
9.60054224 -1   
9.60181269 -1   
9.60331250 -1   
9.60453683 -1   
9.60603568 -1   
9.60755652 -1   
9.60880084 -1   
9.61031914 -1   
9.61153520 -1   
9.61303453 -1   
9.61453393 -1   
9.61578350 -1   
9.61728088 -1   
9.61854979 -1   
9.62002883 -1   
9.62154812 -1   
9.62279819 -1   
9.62427812 -1   
9.62552495 -1   
9.62702859 -1   
9.62903429 -1   
9.63052472 -1   
9.63177420 -1   
9.63327598 -1   
9.63452209 -1   
9.63602148 -1   
9.63754143 -1   
9.63878879 -1   
9.64026690 -1   
9.64039367 1    
9.64151911 -1   
9.64301589 -1   
9.64451716 -1   
9.64576273 -1   
9.64726412 -1   
9.64851145 -1   
9.65001490 -1   
9.65631378 -1   
9.65753810 -1   
9.65901051 -1   
9.66053510 -1   
9.71798954 -1   
9.71801846 1    
9.71949833 -1   
9.72074394 -1   
9.72222043 -1   
9.72373670 -1   
9.72497291 -1   
9.72649203 -1   
9.72799482 -1   
9.72921576 -1   
9.73073872 -1   
9.73200036 -1   
9.73348659 -1   
9.73498951 -1   
9.73621464 -1   
9.73773625 -1   
9.73899023 -1   
9.74048397 -1   
9.74198654 -1   
9.74321003 -1   
9.74470815 -1   
9.74620547 -1   
9.74745840 -1   
9.74895579 -1   
9.75020698 -1   
9.75172597 -1   
9.75181957 1    
9.75322475 -1   
9.75447360 -1   
9.75597649 -1   
9.75719956 -1   
9.75873024 -1   
9.76022772 -1   
9.76147712 -1   
9.76297310 -1   
9.76447364 -1   
9.76572369 -1   
9.76719852 -1   
9.76846942 -1   
9.76997024 -1   
9.77146291 -1   
9.77271765 -1   
9.77421203 -1   
9.77546223 -1   
9.77696092 -1   
9.77846919 -1   
9.77971016 -1   
9.78120952 -1   
9.78270603 -1   
9.78396070 -1   
9.78545612 -1   
9.78670746 -1   
9.78820615 -1   
9.78971724 -1   
9.79095211 -1   
9.79245417 -1   
9.79370145 -1   
9.79518204 -1   
9.79669895 -1   
9.79794866 -1   
9.79944248 -1   
9.80069872 -1   
9.80080873 1    
9.80217666 -1   
9.80369493 -1   
9.80495232 -1   
9.80643649 -1   
9.80769095 -1   
9.80919134 -1   
9.81069345 -1   
9.81193965 -1   
9.81344466 -1   
9.81468763 -1   
9.81619129 -1   
9.81768128 -1   
9.81893775 -1   
9.82043294 -1   
9.82169020 -1   
9.82318369 -1   
9.82468728 -1   
9.82593239 -1   
9.83091080 -1   
9.83242880 -1   
9.83253859 1    
9.83365935 -1   
9.83515714 -1   
9.83665689 -1   
9.83790292 -1   
9.83940234 -1   
9.84065364 -1   
9.84215379 -1   
9.84365051 -1   
9.84490138 -1   
9.84639644 -1   
9.84764780 -1   
9.84914716 -1   
9.85067085 -1   
9.85179678 1    
9.85189892 -1   
9.85342044 -1   
9.85491775 -1   
9.85614397 -1   
9.85766655 -1   
9.85889279 -1   
9.86040915 -1   
9.86191151 -1   
9.86316593 -1   
9.86465926 -1   
9.86590961 -1   
9.86740801 -1   
9.86891145 -1   
9.87013493 -1   
9.87166056 -1   
9.87316095 -1   
9.87440814 -1   
9.87590370 -1   
9.87713027 -1   
9.87865192 -1   
9.88015412 -1   
9.88139977 -1   
9.88288342 -1   
9.88412605 -1   
9.88564474 -1   
9.88714911 -1   
9.88842556 -1   
9.89164697 -1   
9.89312239 -1   
9.89439242 -1   
9.89589543 -1   
9.89711868 -1   
9.89863969 -1   
9.90011910 -1   
9.90164110 -1   
9.90167058 1    
9.90288933 -1   
9.90438771 -1   
9.90563923 -1   
9.90713634 -1   
9.90863754 -1   
9.90988204 -1   
9.91137972 -1   
9.91262519 -1   
9.91412983 -1   
9.91562989 -1   
9.91687592 -1   
9.91837831 -1   
9.91988246 -1   
9.92112682 -1   
9.92262565 -1   
9.92387646 -1   
9.92537681 -1   
9.92687880 -1   
9.92810560 -1   
9.92960443 -1   
9.93085616 -1   
9.93234872 -1   
9.93384799 -1   
9.93509781 -1   
9.93659884 -1   
9.93809509 -1   
9.93823517 1    
9.93934999 -1   
9.94084497 -1   
9.94209281 -1   
9.94359239 -1   
9.94509611 -1   
9.94636280 -1   
9.94786816 -1   
9.94909023 -1   
9.95061561 -1   
9.95208945 -1   
9.95335369 -1   
9.95484797 -1   
9.95635183 -1   
9.95760846 -1   
9.95908988 -1   
9.96035442 -1   
9.96185232 -1   
9.96336159 -1   
9.96460302 -1   
9.96610285 -1   
9.96733420 -1   
9.96882772 -1   
9.97033138 -1   
9.97159355 -1   
9.97307875 -1   
9.97459945 -1   
9.97582538 -1   
9.97734904 -1   
9.97859288 -1   
9.98007270 -1   
9.98159475 -1   
9.98284337 -1   
9.98434575 -1   
9.98559579 -1   
9.98706999 -1   
9.98720333 1    
9.98859957 -1   
9.98984304 -1   
9.99134498 -1   
9.99258748 -1   
9.99406799 -1   
9.99558594 -1   
9.99683493 -1   
9.99833567 -1   
9.99956651 -1   
10.00105980 -1   
10.00258676 -1   
10.00383496 -1   
10.00533102 -1   
10.00658143 -1   
10.00807708 -1   
10.00958034 -1   
10.01083217 -1   
10.01232458 -1   
10.01357954 -1   
10.01507463 -1   
10.01657679 -1   
10.01782003 -1   
10.01932223 -1   
10.02057448 -1   
10.02207135 -1   
10.02356938 -1   
10.02707024 -1   
10.02856667 -1   
10.02981443 -1   
10.03131488 -1   
10.03256723 -1   
10.03406366 -1   
10.03556962 -1   
10.03681039 -1   
10.03831383 -1   
10.03956006 -1   
10.03968905 1    
10.04104004 -1   
10.04256075 -1   
10.04381001 -1   
10.04530860 -1   
10.04655620 -1   
10.04805783 -1   
10.04924301 1    
10.04953639 -1   
10.05080788 -1   
10.05230626 -1   
10.05355551 -1   
10.05503071 -1   
10.05655070 -1   
10.05780248 -1   
10.05929951 -1   
10.06055217 -1   
10.06204612 -1   
10.06354987 -1   
10.06479618 -1   
10.06629336 -1   
10.06755564 -1   
10.06904984 -1   
10.07054064 -1   
10.07065056 1    
10.07179396 -1   
10.07329072 -1   
10.07478909 -1   
10.07603777 -1   
10.07753466 -1   
10.07878668 -1   
10.08029099 -1   
10.08178561 -1   
10.08301778 -1   
10.08453332 -1   
10.08577619 -1   
10.08729333 -1   
10.08848997 -1   
10.09053748 -1   
10.09202949 -1   
10.09352287 -1   
10.09478417 -1   
10.09627875 -1   
10.09753201 -1   
10.09902668 -1   
10.10052632 -1   
10.10175290 -1   
10.10325436 -1   
10.10450067 -1   
10.10600211 -1   
10.10607822 1    
10.10750427 -1   
10.10874915 -1   
10.11024995 -1   
10.11174734 -1   
10.11299622 -1   
10.11450202 -1   
10.11599505 -1   
10.11727567 -1   
10.11876739 -1   
10.12027099 -1   
10.12151455 -1   
10.12301444 -1   
10.12424600 -1   
10.12575929 -1   
10.12726686 -1   
10.12850788 -1   
10.13000988 -1   
10.13002489 1    
10.13151342 -1   
10.13275661 -1   
10.13423370 -1   
10.13548675 -1   
10.13798523 -1   
10.13948132 -1   
10.14073272 -1   
10.14222836 -1   
10.14372955 -1   
10.14497782 -1   
10.14647828 -1   
10.14772584 -1   
10.14922786 -1   
10.15075003 -1   
10.15200006 -1   
10.15349349 -1   
10.15474312 -1   
10.15624285 -1   
10.15774745 -1   
10.15900738 -1   
10.16049415 -1   
10.16198853 -1   
10.16322104 -1   
10.16473673 -1   
10.16598968 -1   
10.16748875 -1   
10.16898811 -1   
10.17021343 -1   
10.17174066 -1   
10.17298350 -1   
10.17448426 -1   
10.17599833 -1   
10.17720872 -1   
10.17872921 -1   
10.17883608 1    
10.18023165 -1   
10.18147838 -1   
10.18298042 -1   
10.18420546 -1   
10.18572544 -1   
10.18722621 -1   
10.18847763 -1   
10.19002272 -1   
10.19372408 -1   
10.19520065 -1   
10.19647284 -1   
10.19796843 -1   
10.19945230 -1   
10.20071092 -1   
10.20221580 -1   
10.20371873 -1   
10.20494685 -1   
10.20645696 -1   
10.20771526 -1   
10.20919114 -1   
10.21071378 -1   
10.21196028 -1   
10.21346003 -1   
10.21468972 -1   
10.21618985 -1   
10.21770182 -1   
10.21781375 1    
10.21896158 -1   
10.22045760 -1   
10.22196644 -1   
10.22318588 -1   
10.22470347 -1   
10.23095091 -1   
10.23245543 -1   
10.23367946 -1   
10.25067757 -1   
10.25216711 -1   
10.25366676 -1   
10.25491632 -1   
10.25641718 -1   
10.25766422 -1   
10.25916686 -1   
10.26066140 -1   
10.26191241 -1   
10.26341184 -1   
10.26465875 -1   
10.26615774 -1   
10.26766037 -1   
10.26890645 -1   
10.27040771 -1   
10.27165393 -1   
10.27315603 -1   
10.27465440 -1   
10.27590241 -1   
10.27740128 -1   
10.27890400 -1   
10.28015046 -1   
10.28020381 1    
10.28165255 -1   
10.28290024 -1   
10.28439714 -1   
10.28589690 -1   
10.28714858 -1   
10.28864366 -1   
10.28989740 -1   
10.29141704 -1   
10.29291805 -1   
10.29416266 -1   
10.29564305 -1   
10.29714090 -1   
10.29841653 -1   
10.29990653 -1   
10.30114102 -1   
10.30266476 -1   
10.30416017 -1   
10.30541459 -1   
10.30690471 -1   
10.30815939 -1   
10.30965506 -1   
10.31115793 -1   
10.31238526 -1   
10.31390493 -1   
10.31540899 -1   
10.31663218 -1   
10.31815258 -1   
10.31940517 -1   
10.32090267 -1   
10.32238009 -1   
10.32365209 -1   
10.32512846 -1   
10.32638965 -1   
10.32789179 -1   
10.32939624 -1   
10.33064494 -1   
10.33212130 -1   
10.33362345 -1   
10.33489847 -1   
10.33639230 -1   
10.33788901 -1   
10.33913481 -1   
10.34163415 -1   
10.34164930 1    
10.34313974 -1   
10.34463793 -1   
10.34588834 -1   
10.34738731 -1   
10.34863213 -1   
10.35011249 -1   
10.35163452 -1   
10.35288324 -1   
10.35438235 -1   
10.35563372 -1   
10.35712866 -1   
10.35863442 -1   
10.35987846 -1   
10.36137777 -1   
10.36262877 -1   
10.36412981 -1   
10.36562314 -1   
10.36687377 -1   
10.36837346 -1   
10.36962563 -1   
10.37112088 -1   
10.37262255 -1   
10.37386708 -1   
10.37537491 -1   
10.37686531 -1   
10.37811737 -1   
10.37961859 -1   
10.38161277 -1   
10.38286263 -1   
10.38434432 -1   
10.38561337 -1   
10.38711171 -1   
10.38861371 -1   
10.38985685 -1   
10.39134173 -1   
10.39261076 -1   
10.39408821 -1   
10.39560952 -1   
10.39685930 -1   
10.39835569 -1   
10.39983540 -1   
10.40108548 -1   
10.40260850 -1   
10.40384465 -1   
10.40533282 -1   
10.40683181 -1   
10.40808198 -1   
10.40960169 -1   
10.41083202 -1   
10.41232830 -1   
10.41384252 -1   
10.41507360 -1   
10.41660266 -1   
10.41807437 -1   
10.41932388 -1   
10.42083034 -1   
10.42207307 -1   
10.42359333 -1   
10.42507205 -1   
10.42631686 -1   
10.42783972 -1   
10.42906702 -1   
10.43056931 -1   
10.43206349 -1   
10.43333780 -1   
10.43484206 -1   
10.43633525 -1   
10.43756024 -1   
10.43906461 -1   
10.44031097 -1   
10.44183003 -1   
10.44332402 -1   
10.44457855 -1   
10.44605689 -1   
10.44757485 -1   
10.44882410 -1   
10.45030541 -1   
10.45155639 -1   
10.45305451 -1   
10.45457512 -1   
10.45582393 -1   
10.45732403 -1   
10.45855271 -1   
10.46005016 -1   
10.46157291 -1   
10.46281555 -1   
10.46430106 -1   
10.46579351 -1   
10.46704713 -1   
10.46856889 -1   
10.46979625 -1   
10.47129246 -1   
10.47279322 -1   
10.47404180 -1   
10.47603868 -1   
10.47754064 -1   
10.47879073 -1   
10.48031000 -1   
10.48097280 -1   
10.48253959 -1   
10.48403687 -1   
10.48553628 -1   
10.48678213 -1   
10.48830888 -1   
10.48953260 -1   
10.49069453 1    
10.49070114 1    
10.49098440 1    
10.49103495 -1   
10.49253308 -1   
10.49379596 -1   
10.49530064 -1   
10.49653008 -1   
10.49802651 -1   
10.49954529 -1   
10.50078905 -1   
10.50227787 -1   
10.50352363 -1   
10.50502233 -1   
10.50654530 -1   
10.50779661 -1   
10.50927016 -1   
10.51052297 -1   
10.51054198 1    
10.51202266 -1   
10.51353627 -1   
10.51478792 -1   
10.51626504 -1   
10.51776598 -1   
10.51901445 -1   
10.52053537 -1   
10.52176312 -1   
10.52326786 -1   
10.52439369 1    
10.52476166 -1   
10.52601040 -1   
10.52751411 -1   
10.52876089 -1   
10.53026199 -1   
10.53175696 -1   
10.53300817 -1   
10.53452605 -1   
10.53600552 -1   
10.54000853 -1   
10.54152477 -1   
10.54300176 -1   
10.54425183 -1   
10.54576555 -1   
10.54850292 -1   
10.54945730 1    
10.54973999 -1   
10.55124646 -1   
10.55274789 -1   
10.55424486 -1   
10.55838274 1    
10.56051975 -1   
10.56198782 -1   
10.56374297 -1   
10.56523912 -1   
10.56674013 -1   
10.56826703 -1   
10.58250981 -1   
10.58399445 -1   
10.58547766 -1   
10.58674208 -1   
10.58825690 -1   
10.58972312 -1   
10.59097616 -1   
10.59247113 -1   
10.59372240 -1   
10.59525499 -1   
10.59675258 -1   
10.59797057 -1   
10.59946883 -1   
10.60071576 -1   
10.60221748 -1   
10.60375611 -1   
10.60497092 -1   
10.60502885 1    
10.60646474 -1   
10.60796391 -1   
10.60921685 -1   
10.61221237 -1   
10.61371328 -1   
10.61496175 -1   
10.63947826 -1   
10.64094435 -1   
10.64244714 -1   
10.64394310 -1   
10.64419462 -1   
10.68773582 1    
10.70916327 -1   
10.71065602 -1   
10.71190651 -1   
10.71340503 -1   
10.71490192 -1   
10.71615215 -1   
10.71767810 -1   
10.71892526 -1   
10.72092016 -1   
10.72242420 -1   
10.72392292 -1   
10.72514858 -1   
10.72666974 -1   
10.77713758 -1   
10.77863687 -1   
10.77989005 -1   
10.78139379 -1   
10.84707065 -1   
10.88137600 1    
10.91954371 -1   
10.92078483 -1   
10.92228416 -1   
10.92378143 -1   
10.92506488 -1   
10.93555354 -1   
10.93704812 -1   
10.93852392 -1   
10.93979650 -1   
10.94129621 -1   
10.94254542 -1   
10.94402190 -1   
10.94554039 -1   
10.94678937 -1   
10.94829250 -1   
10.94955290 -1   
10.95104339 -1   
10.95253698 -1   
10.95378795 -1   
10.95528624 -1   
10.95678574 -1   
10.95803436 -1   
10.95953631 -1   
10.96078301 -1   
10.96228336 -1   
10.96378083 -1   
10.96503204 -1   
10.96652781 -1   
10.96777665 -1   
10.96927717 -1   
10.97077952 -1   
10.97202467 -1   
10.97351207 -1   
10.97476730 -1   
10.97628471 -1   
10.97776724 -1   
10.97902216 -1   
10.98052062 -1   
10.98202352 -1   
10.98329834 -1   
10.98444226 1    
10.98478878 -1   
10.98602357 -1   
10.98749724 -1   
10.98901523 -1   
10.99030303 -1   
10.99176404 -1   
10.99326564 -1   
10.99451267 -1   
10.99601480 -1   
10.99750991 -1   
10.99875974 -1   
11.00026025 -1   
11.00176094 -1   
11.00301001 -1   
11.00450926 -1   
11.00575668 -1   
11.00726229 -1   
11.00875385 -1   
11.01000332 -1   
11.01150489 -1   
11.01275480 -1   
11.01310235 -1   
11.03547728 -1   
11.03671678 -1   
11.03821618 -1   
11.03971667 -1   
11.04098945 -1   
11.04498585 -1   
11.04648901 -1   
11.05620717 -1   
11.05622974 1    
11.05773238 -1   
11.05922607 -1   
11.09564996 -1   
11.17588814 -1   
11.26041986 1    
11.34810417 1    
11.42230047 1    
11.82779879 -1   
11.82929255 -1   
11.82951989 -1   
11.86303839 -1   
11.86452008 -1   
11.86576601 -1   
11.86724779 -1   
11.86851896 -1   
11.87001943 -1   
11.87151303 -1   
11.87276477 -1   
11.87426396 -1   
11.87551361 -1   
11.87701053 -1   
11.87711439 1    
11.87851168 -1   
11.87976291 -1   
11.88126107 -1   
11.88275486 -1   
11.88423366 -1   
11.88550245 -1   
11.88700705 -1   
11.88823020 -1   
11.88975437 -1   
11.89125117 -1   
11.89250109 -1   
11.89399765 -1   
11.89650212 -1   
11.94772820 -1   
11.94896255 -1   
11.99215567 -1   
12.03847239 1    
12.15367954 -1   
12.18474784 1    
12.20111285 1    
12.47567635 -1   
12.47714342 -1   
12.47739453 -1   
12.47749998 1    
12.49666117 -1   
12.49813457 -1   
12.49963531 -1   
12.50090426 -1   
12.50238282 -1   
12.51489474 -1   
12.51637406 -1   
12.51787137 -1   
12.51911955 -1   
12.52063947 -1   
12.52187021 -1   
12.52336843 -1   
12.52486948 -1   
12.52611492 -1   
12.52761807 -1   
12.52886523 -1   
12.53036270 -1   
12.53188125 -1   
12.53311260 -1   
12.53460998 -1   
12.53611577 -1   
12.53737538 -1   
12.53886155 -1   
12.54010646 -1   
12.54160484 -1   
12.54562654 -1   
12.54710692 -1   
12.54860248 -1   
12.54985509 -1   
12.55136762 -1   
12.56285372 -1   
12.56435878 -1   
12.56586600 -1   
12.56709287 -1   
12.56859879 -1   
12.56984084 -1   
12.56992813 1    
12.57134477 -1   
12.57283758 -1   
12.57409025 -1   
12.57558899 -1   
12.57683789 -1   
12.57835621 -1   
12.57985904 -1   
12.58108439 -1   
12.58258541 -1   
12.58384839 -1   
12.58535479 -1   
12.58685480 -1   
12.58808164 -1   
12.58958012 -1   
12.59108306 -1   
12.59235250 -1   
12.59385579 -1   
12.59507698 -1   
12.59659490 -1   
12.59807420 -1   
12.59934748 -1   
12.60084331 -1   
12.60207564 -1   
12.60357236 -1   
12.60507335 -1   
12.60634051 -1   
12.64033011 -1   
12.64179871 -1   
12.64332062 -1   
12.64456501 -1   
12.64604956 -1   
12.64606332 1    
12.64755029 -1   
12.66181262 -1   
12.66331384 -1   
12.66455571 -1   
12.66605694 -1   
12.66730793 -1   
12.66880778 -1   
12.67030408 -1   
12.67155761 -1   
12.67855009 -1   
12.68001774 -1   
12.68129683 -1   
12.68256428 -1   
12.68404712 -1   
12.68554781 -1   
12.68679334 -1   
12.68829589 -1   
12.68954264 -1   
12.69104557 -1   
12.69253996 -1   
12.69379012 -1   
12.69528813 -1   
12.69654089 -1   
12.69803724 -1   
12.69953974 -1   
12.70078613 -1   
12.70089414 1    
12.70228564 -1   
12.70353506 -1   
12.70503971 -1   
12.70653201 -1   
12.70778615 -1   
12.70928224 -1   
12.71053339 -1   
12.71203056 -1   
12.71353012 -1   
12.71477740 -1   
12.71625977 -1   
12.71752659 -1   
12.71900966 -1   
12.72052476 -1   
12.72177616 -1   
12.72327415 -1   
12.72452268 -1   
12.72599917 -1   
12.72751979 -1   
12.72877160 -1   
12.73027294 -1   
12.73178654 -1   
12.73328171 -1   
12.73451770 -1   
12.73599797 -1   
12.73724713 -1   
12.73876653 -1   
12.74026326 -1   
12.74151693 -1   
12.74301552 -1   
12.74424131 -1   
12.74575874 -1   
12.74726211 -1   
12.74850852 -1   
12.74999412 -1   
12.75150885 -1   
12.75275892 -1   
12.75284887 1    
12.75425886 -1   
12.75550602 -1   
12.75700621 -1   
12.75850208 -1   
12.75975558 -1   
12.76125168 -1   
12.76276678 -1   
12.76401668 -1   
12.76549923 -1   
12.76701812 -1   
12.76823024 -1   
12.76974614 -1   
12.77100024 -1   
12.77249388 -1   
12.77399986 -1   
12.77522318 -1   
12.77674302 -1   
12.77822199 -1   
12.77949419 -1   
12.78099026 -1   
12.78222112 -1   
12.78374008 -1   
12.78523570 -1   
12.78648737 -1   
12.78798277 -1   
12.78921372 -1   
12.79073197 -1   
12.79222877 -1   
12.79348618 -1   
12.79497812 -1   
12.79648415 -1   
12.79773083 -1   
12.79920936 -1   
12.80047858 -1   
12.80298191 -1   
12.80447660 -1   
12.80572798 -1   
12.80722693 -1   
12.80731745 1    
12.80872638 -1   
12.80997473 -1   
12.81147804 -1   
12.81272265 -1   
12.81422645 -1   
12.81572190 -1   
12.81696406 -1   
12.81846890 -1   
12.81972132 -1   
12.82121767 -1   
12.82271978 -1   
12.82396903 -1   
12.82546800 -1   
12.82696415 -1   
12.82819147 -1   
12.82971307 -1   
12.83096549 -1   
12.83246046 -1   
12.83253394 1    
12.83396527 -1   
12.83519023 -1   
12.83670752 -1   
12.83795679 -1   
12.83946153 -1   
12.84095040 -1   
12.84218747 -1   
12.84370009 -1   
12.84520104 -1   
12.84644782 -1   
12.84794895 -1   
12.84797998 1    
12.84918262 -1   
12.85069965 -1   
12.85220899 -1   
12.85344789 -1   
12.85494869 -1   
12.85617701 -1   
12.85771870 -1   
12.85917464 -1   
12.86044747 -1   
12.86194346 -1   
12.86344647 -1   
12.86469276 -1   
12.86619131 -1   
12.86744114 -1   
12.86896350 -1   
12.87043848 -1   
12.87169053 -1   
12.87318645 -1   
12.87443917 -1   
12.87593593 -1   
12.87743491 -1   
12.87868331 -1   
12.88018510 -1   
12.88143449 -1   
12.88293573 -1   
12.88303663 1    
12.88441175 -1   
12.88567481 -1   
12.88715889 -1   
12.88867388 -1   
12.88992981 -1   
12.89143141 -1   
12.89268037 -1   
12.89417535 -1   
12.89567912 -1   
12.89691953 -1   
12.89840176 -1   
12.89967430 -1   
12.90117428 -1   
12.90266985 -1   
12.90392224 -1   
12.90541981 -1   
12.90666479 -1   
12.90816829 -1   
12.90966166 -1   
12.91091059 -1   
12.91241740 -1   
12.91366395 -1   
12.91517247 -1   
12.91666220 -1   
12.91791565 -1   
12.91941050 -1   
12.92065885 -1   
12.92215848 -1   
12.92366503 -1   
12.92490968 -1   
12.92641313 -1   
12.92766274 -1   
12.92913756 -1   
12.93028644 1    
12.93065886 -1   
12.93365475 -1   
12.93515510 -1   
12.93638086 -1   
12.93790339 -1   
12.93915380 -1   
12.94065006 -1   
12.94214972 -1   
12.94340069 -1   
12.94489824 -1   
12.94614846 -1   
12.94764570 -1   
12.94912318 -1   
12.95037292 -1   
12.95189523 -1   
12.95339252 -1   
12.95464307 -1   
12.95614075 -1   
12.95739180 -1   
12.95888911 -1   
12.96038698 -1   
12.96163668 -1   
12.96314016 -1   
12.96438664 -1   
12.96588703 -1   
12.96738514 -1   
12.96863468 -1   
12.97013328 -1   
12.97163263 -1   
12.97288029 -1   
12.97438140 -1   
12.97560781 -1   
12.97572797 1    
12.97710903 -1   
12.97861091 -1   
12.97987681 -1   
12.98137554 -1   
12.98287909 -1   
12.98412561 -1   
12.98562488 -1   
12.98710293 -1   
12.98862605 -1   
12.98985069 -1   
12.99136944 -1   
12.99262180 -1   
12.99410012 -1   
12.99561805 -1   
12.99686992 -1   
12.99836573 -1   
12.99959823 -1   
13.00111406 -1   
13.00261236 -1   
13.00386345 -1   
13.00536495 -1   
13.00660951 -1   
13.00809176 -1   
13.00960949 -1   
13.01086327 -1   
13.01233625 -1   
13.01358449 -1   
13.01508615 -1   
13.01661147 -1   
13.01785558 -1   
13.01796232 1    
13.01935740 -1   
13.02059907 -1   
13.02208099 -1   
13.02360300 -1   
13.02485208 -1   
13.02634969 -1   
13.02760090 -1   
13.02907645 -1   
13.03059856 -1   
13.03184970 -1   
13.03334302 -1   
13.03485033 -1   
13.03609853 -1   
13.03759627 -1   
13.03884965 -1   
13.04034513 -1   
13.04035967 1    
13.04184684 -1   
13.04309559 -1   
13.04459172 -1   
13.04584150 -1   
13.04734418 -1   
13.04881699 -1   
13.05006755 -1   
13.05158787 -1   
13.05308774 -1   
13.05433298 -1   
13.05581182 -1   
13.05708156 -1   
13.05858451 -1   
13.06008060 -1   
13.06133299 -1   
13.06282938 -1   
13.06408385 -1   
13.06558766 -1   
13.06707888 -1   
13.06832604 -1   
13.06980659 -1   
13.07132482 -1   
13.07257571 -1   
13.07407278 -1   
13.07532478 -1   
13.07682119 -1   
13.07831978 -1   
13.07956902 -1   
13.08106993 -1   
13.08231929 -1   
13.08381962 -1   
13.08531532 -1   
13.08654747 -1   
13.08806454 -1   
13.08956341 -1   
13.09081166 -1   
13.09231516 -1   
13.09356231 -1   
13.09479579 1    
13.09504341 -1   
13.09656216 -1   
13.09780903 -1   
13.09928706 -1   
13.09997915 -1   
13.10155609 -1   
13.10306007 -1   
13.10455768 -1   
13.10580632 -1   
13.10730564 -1   
13.10855272 -1   
13.11003189 -1   
13.11155368 -1   
13.11279992 -1   
13.11430169 -1   
13.11554974 -1   
13.11705160 -1   
13.11854760 -1   
13.11979620 -1   
13.12229673 -1   
13.12354831 -1   
13.12504318 -1   
13.12654632 -1   
13.12778803 -1   
13.12929396 -1   
13.13077107 -1   
13.13201917 -1   
13.13353291 -1   
13.13479105 -1   
13.13630261 -1   
13.13752872 1    
13.13776845 -1   
13.13901496 -1   
13.14053802 -1   
13.14178646 -1   
13.14329716 -1   
13.14478256 -1   
13.14601415 -1   
13.14753222 -1   
13.14902491 -1   
13.15025745 -1   
13.15178521 -1   
13.15300859 -1   
13.15453352 -1   
13.15600549 -1   
13.15725734 -1   
13.15875174 -1   
13.16000148 -1   
13.16150342 -1   
13.16300296 -1   
13.16427590 -1   
13.16577368 -1   
13.16727819 -1   
13.16852134 -1   
13.16999549 -1   
13.17128226 -1   
13.17276782 -1   
13.17424695 -1   
13.17549473 -1   
13.17699479 -1   
13.17706619 1    
13.17824608 -1   
13.17974304 -1   
13.18126399 -1   
13.18248988 -1   
13.18399003 -1   
13.18551315 -1   
13.18673953 -1   
13.18823741 -1   
13.18948823 -1   
13.19098904 -1   
13.19248267 -1   
13.19373184 -1   
13.19524106 -1   
13.19648027 -1   
13.19798258 -1   
13.19948108 -1   
13.20073172 -1   
13.20222623 -1   
13.20347833 -1   
13.20497449 -1   
13.20650162 -1   
13.21049805 -1   
13.21199960 -1   
13.21322219 -1   
13.21474181 -1   
13.21599492 -1   
13.21750200 -1   
13.21898931 -1   
13.22021997 -1   
13.22174089 -1   
13.22326578 -1   
13.22449055 -1   
13.22599136 -1   
13.22721437 -1   
13.22871646 -1   
13.22873178 1    
13.23021549 -1   
13.23146203 -1   
13.23297568 -1   
13.23420854 -1   
13.24971269 -1   
13.25120123 -1   
13.25245091 -1   
13.26333620 -1   
13.26519430 -1   
13.26672371 -1   
13.28468852 -1   
13.42417065 -1   
13.42421759 1    
19.77221677 1    
23.22476395 1    
23.44868822 1    
23.45723584 1    
23.45752689 1    
23.61133081 1    
23.92180600 -1   
27.58269782 1    
27.82947537 -1   
27.93063552 1    
27.99112683 -1   
27.99155128 1    
28.09205538 1    
28.15254674 -1   
28.25395653 1    
28.30035719 -1   
28.31160874 -1   
28.32759787 -1   
28.32884572 -1   
28.35451012 -1   
28.41560523 1    
28.51634427 -1   
28.57723381 1    
28.62066220 -1   
28.64914729 -1   
28.66665115 -1   
28.67771736 -1   
28.84024275 -1   
28.84058133 1    
29.08421786 1    
29.24816851 -1   
29.24846737 1    
29.41105782 -1   
29.41206471 1    
29.57571745 -1   
29.57604471 1    
