0.00000000 -1   
0.22573240 1    
0.22595753 -1   
0.38713314 1    
0.38737326 -1   
0.55112210 1    
0.55115705 -1   
0.83510723 1    
0.83525889 -1   
0.99672849 -1   
1.16693523 1    
1.16722709 -1   
1.32982568 1    
1.33016322 -1   
1.49275144 1    
1.49307214 -1   
1.69860484 1    
1.86703822 -1   
1.89976222 1    
2.02837250 -1   
2.06115503 1    
2.23724904 -1   
2.43436634 1    
2.43585918 1    
2.43621212 1    
2.45385870 1    
2.59913630 1    
2.59949833 -1   
2.80717316 -1   
3.04309179 1    
3.24238402 1    
3.24387791 1    
3.28423668 1    
3.31805920 -1   
3.57001267 -1   
3.74161295 1    
3.74310747 1    
3.74350141 1    
3.75535261 1    
3.75685328 1    
3.77257455 1    
3.77407373 1    
3.77558976 1    
3.82004885 1    
3.82154228 1    
3.90625458 1    
3.90776445 1    
3.90924503 1    
3.91049034 1    
3.91874446 1    
3.91890659 -1   
3.92023725 1    
3.92173419 1    
3.92298308 1    
3.93623306 1    
3.93747870 1    
3.93899937 1    
3.94022844 1    
3.94272834 1    
3.94422145 1    
3.94550038 1    
3.94697285 1    
3.98495448 1    
3.98644975 1    
3.98771244 1    
3.98921827 1    
4.07117980 1    
4.07239788 1    
4.07391462 1    
4.07514657 1    
4.07664724 1    
4.07814372 1    
4.07939770 1    
4.08089236 1    
4.08314437 1    
4.08316807 -1   
4.08464276 1    
4.08616171 1    
4.08739266 1    
4.08890952 1    
4.09013834 1    
4.09938741 1    
4.10090607 1    
4.10240225 1    
4.10365537 1    
4.10514984 1    
4.10665065 1    
4.10788724 1    
4.10938084 1    
4.11062442 1    
4.11212849 1    
4.11362471 1    
4.11487626 1    
4.11637242 1    
4.11764233 1    
4.11914262 1    
4.12064334 1    
4.14836208 1    
4.14985520 1    
4.15112702 1    
4.15262992 1    
4.15412520 1    
4.15535202 1    
4.15688980 1    
4.15812209 1    
4.15820072 -1   
4.19458144 1    
4.19607690 1    
4.23581027 1    
4.23732743 1    
4.23858015 1    
4.24008018 1    
4.24182861 1    
4.24307507 1    
4.24457268 1    
4.24552323 1    
4.25613071 -1   
4.28909070 -1   
4.69632431 1    
4.69781108 1    
4.69819245 1    
4.71706106 1    
4.71855740 1    
4.75851392 1    
4.75939368 -1   
4.76002413 1    
4.87935975 1    
4.88934709 -1   
4.92096095 -1   
5.17964810 1    
5.37243685 1    
5.37392601 1    
5.38105835 1    
5.38365279 1    
5.38517047 1    
5.39367340 1    
5.39516758 1    
5.39638971 1    
5.40466197 1    
5.40615037 1    
5.40738573 1    
5.42415159 1    
5.42564812 1    
5.42689522 1    
5.42839739 1    
5.42964297 1    
5.43114357 1    
5.43261914 1    
5.43288267 -1   
5.43389514 1    
5.44638917 1    
5.45686202 1    
5.45810644 1    
5.45962624 1    
5.46687484 1    
5.46837390 1    
5.46986971 1    
5.47112027 1    
5.47262154 1    
5.47409719 1    
5.47711233 1    
5.47834307 1    
5.48736358 1    
5.48887618 1    
5.54294310 1    
5.58145130 -1   
5.59434543 -1   
5.97497114 -1   
6.05801722 1    
6.05951419 1    
6.05989000 1    
6.06476181 1    
6.06625888 1    
6.07477007 1    
6.07600602 1    
6.07749712 1    
6.08475416 1    
6.08624926 1    
6.09499689 1    
6.09623842 1    
6.09773915 1    
6.10550901 1    
6.12723094 1    
6.12874161 1    
6.13650887 -1   
6.14896685 1    
6.15620638 1    
6.15770766 1    
6.16470410 1    
6.16594879 1    
6.16747118 1    
6.17395176 1    
6.17544439 1    
6.17671993 1    
6.17821460 1    
6.17944473 1    
6.19219293 1    
6.22042752 1    
6.22191934 1    
6.22316903 1    
6.22598912 1    
6.22841672 1    
6.22991197 1    
6.23116115 1    
6.23266253 1    
6.23416127 1    
6.24617918 1    
6.24766170 1    
6.24915111 1    
6.25667296 1    
6.25789797 1    
6.25939966 1    
6.26514585 1    
6.26664816 1    
6.28264488 1    
6.28280536 -1   
6.28413485 1    
6.28540250 1    
6.28692137 1    
6.32486959 1    
6.32492455 -1   
6.32611046 1    
6.32762815 1    
6.35312109 1    
6.35461118 1    
6.35586505 1    
6.35734046 1    
6.35886367 1    
6.36011344 1    
6.36161080 1    
6.36286377 1    
6.36435743 1    
6.36583407 1    
6.36710828 1    
6.36860560 1    
6.36983431 1    
6.37135647 1    
6.37285620 1    
6.37408029 1    
6.37558213 1    
6.37710396 1    
6.37835221 1    
6.37985191 1    
6.38110401 1    
6.38259679 1    
6.38906224 1    
6.39059181 1    
6.39207020 1    
6.39331735 1    
6.39481975 1    
6.39606749 1    
6.39756740 1    
6.39763404 -1   
6.39906937 1    
6.40031550 1    
6.40181199 1    
6.40307660 1    
6.40456434 1    
6.40606012 1    
6.40756367 1    
6.41258833 1    
6.41408149 1    
6.42384009 1    
6.42508268 1    
6.43430479 1    
6.43582594 1    
6.43731811 1    
6.44179493 1    
6.44305634 1    
6.45206145 1    
6.45355955 1    
6.45505988 1    
6.45630938 1    
6.47180492 1    
6.47304400 1    
6.47452545 1    
6.47577247 1    
6.47727111 1    
6.47876958 1    
6.48017401 1    
6.48151826 1    
6.48302134 1    
6.48426699 1    
6.48576732 1    
6.48701390 1    
6.48851318 1    
6.49001153 1    
6.49176567 1    
6.49178383 -1   
6.49301622 1    
6.50051085 1    
6.50200828 1    
6.50325556 1    
6.50475427 1    
6.50600189 1    
6.50750634 1    
6.50950377 1    
6.51100226 1    
6.51224972 1    
6.52924843 1    
6.53044418 -1   
6.53073197 1    
6.53876706 1    
6.54026515 1    
6.54148408 1    
6.54298666 1    
6.54423108 1    
6.54573227 1    
6.54722869 1    
6.54848041 1    
6.54997918 1    
6.55148098 1    
6.55272685 1    
6.55422836 1    
6.55547492 1    
6.55700646 1    
6.55787055 1    
6.55922649 1    
6.56072229 1    
6.57272576 1    
6.58246958 1    
6.58396262 1    
6.58520826 1    
6.59371473 1    
6.59497417 1    
6.59648613 1    
6.59772317 1    
6.59921452 1    
6.60071476 1    
6.60082082 -1   
6.60194938 1    
6.60344855 1    
6.60469992 1    
6.60619462 1    
6.60770002 1    
6.60894951 1    
6.61170006 1    
6.61294247 1    
6.61444318 1    
6.61569436 1    
6.61719216 1    
6.61868756 1    
6.61994122 1    
6.62143672 1    
6.62268829 1    
6.62418598 1    
6.62568807 1    
6.62695623 1    
6.62845802 1    
6.62995616 1    
6.63218993 1    
6.63369553 1    
6.63520463 1    
6.64093010 1    
6.64242630 1    
6.65219302 1    
6.65234952 -1   
6.65369410 1    
6.65519087 1    
6.65642136 1    
6.65791872 1    
6.65941856 1    
6.66066586 1    
6.66216877 1    
6.66341383 1    
6.66492677 1    
6.66641278 1    
6.66768658 1    
6.66770143 -1   
6.66918216 1    
6.67143006 1    
6.67293252 1    
6.68216289 1    
6.68340580 1    
6.68490013 1    
6.68615279 1    
6.68767159 1    
6.68917264 1    
6.69039825 1    
6.69190292 1    
6.69314879 1    
6.69464923 1    
6.69614633 1    
6.69739761 1    
6.69889371 1    
6.70014225 1    
6.70389043 1    
6.70539420 1    
6.70663761 1    
6.72538702 1    
6.72687793 1    
6.72812617 1    
6.72837782 1    
6.73562585 1    
6.73714569 1    
6.74437523 1    
6.74586574 1    
6.74711923 1    
6.74861645 1    
6.75016941 1    
6.75136673 1    
6.75286337 1    
6.75411345 1    
6.75561801 1    
6.75710925 1    
6.75838352 1    
6.75986107 1    
6.76110977 1    
6.76260527 1    
6.76410597 1    
6.76535456 1    
6.76686173 1    
6.77287469 1    
6.77297471 -1   
6.77410400 1    
6.77560265 1    
6.78935190 1    
6.79084132 1    
6.79209500 1    
6.79360637 1    
6.79511267 1    
6.79660690 1    
6.79785928 1    
6.79934213 1    
6.80058459 1    
6.80211250 1    
6.80361254 1    
6.80485787 1    
6.80635870 1    
6.80783361 1    
6.80908428 1    
6.81060096 1    
6.81185207 1    
6.81335280 1    
6.81485149 1    
6.81607770 1    
6.81758212 1    
6.81882956 1    
6.82032738 1    
6.82182708 1    
6.82195045 -1   
6.82307534 1    
6.82457194 1    
6.82607680 1    
6.82732080 1    
6.82881742 1    
6.83006727 1    
6.83157146 1    
6.83306819 1    
6.83432103 1    
6.83581506 1    
6.83708760 1    
6.83856417 1    
6.84656640 1    
6.84660326 -1   
6.84781128 1    
6.84930809 1    
6.85055966 1    
6.85205708 1    
6.85355750 1    
6.85480333 1    
6.85630235 1    
6.85755466 1    
6.85905505 1    
6.86055397 1    
6.86180243 1    
6.86330109 1    
6.86480318 1    
6.86604811 1    
6.86756372 1    
6.86881778 1    
6.87154678 1    
6.87304344 1    
6.87429533 1    
6.87681282 1    
6.87695205 -1   
6.87829418 1    
6.87954097 1    
6.88104173 1    
6.88254555 1    
6.88379220 1    
6.88528815 1    
6.88653605 1    
6.88805346 1    
6.88953885 1    
6.89078653 1    
6.89228824 1    
6.89378301 1    
6.89503535 1    
6.89653151 1    
6.89777912 1    
6.89928036 1    
6.90078080 1    
6.90202662 1    
6.90354659 1    
6.90479850 1    
6.90627975 1    
6.90777559 1    
6.90902423 1    
6.91052265 1    
6.91077301 1    
6.91227633 1    
6.91377379 1    
6.91503716 1    
6.91652367 1    
6.91801872 1    
6.91926683 1    
6.92078239 1    
6.92228577 1    
6.92376861 1    
6.92501731 1    
6.92651305 1    
6.92776297 1    
6.92926141 1    
6.93077940 1    
6.93201039 1    
6.93351183 1    
6.93475660 1    
6.93626096 1    
6.93775820 1    
6.93900561 1    
6.94050637 1    
6.94063160 -1   
6.94201031 1    
6.94325529 1    
6.94475720 1    
6.94600298 1    
6.95075223 1    
6.95200113 1    
6.95353179 1    
6.96101729 1    
6.96198784 -1   
6.96224589 1    
6.96374533 1    
6.97189471 -1   
6.97199101 1    
6.97323935 1    
6.97474064 1    
6.97598704 1    
6.97750365 1    
6.97900601 1    
6.98023219 1    
6.98173143 1    
6.98300005 1    
6.98448178 1    
6.98598289 1    
6.99298242 1    
6.99447812 1    
7.00072891 1    
7.00222048 1    
7.00347044 1    
7.00497033 1    
7.00621744 1    
7.00772152 1    
7.00921778 1    
7.01046778 1    
7.01196524 1    
7.01346341 1    
7.01473396 1    
7.01621481 1    
7.01770984 1    
7.01921328 1    
7.02045923 1    
7.02047233 -1   
7.02197897 1    
7.02321436 1    
7.02470783 1    
7.02720935 1    
7.02849296 1    
7.02997653 1    
7.03773014 1    
7.03897195 1    
7.04046707 1    
7.04169830 1    
7.04319704 1    
7.04471273 1    
7.04596879 1    
7.04744561 1    
7.04869623 1    
7.05019132 1    
7.05171108 1    
7.05296194 1    
7.05444159 1    
7.05594158 1    
7.05719176 1    
7.05868956 1    
7.05994041 1    
7.06143693 1    
7.06293764 1    
7.06418671 1    
7.06569119 1    
7.06693662 1    
7.06843916 1    
7.06993185 1    
7.07118810 1    
7.07268463 1    
7.07417901 1    
7.07542909 1    
7.07692963 1    
7.07704720 -1   
7.07919501 1    
7.08069714 1    
7.08217544 1    
7.08342607 1    
7.08492437 1    
7.08618884 1    
7.08769031 1    
7.08917064 1    
7.09042350 1    
7.09135069 1    
7.09291775 1    
7.09441585 1    
7.10067196 1    
7.10191417 1    
7.10341671 1    
7.10466323 1    
7.10616561 1    
7.10766140 1    
7.10890953 1    
7.11040770 1    
7.11168296 1    
7.11317766 1    
7.11328395 -1   
7.11467565 1    
7.12116762 1    
7.12266657 1    
7.12415060 1    
7.12540162 1    
7.12692437 1    
7.13215093 1    
7.13339514 1    
7.13489567 1    
7.13614782 1    
7.14214144 1    
7.14338994 1    
7.14490595 1    
7.16763584 1    
7.16912942 1    
7.17761978 1    
7.17889007 1    
7.18039041 1    
7.19536854 1    
7.19540268 -1   
7.19686055 1    
7.21360585 1    
7.21485138 1    
7.22361593 1    
7.22484225 1    
7.22634086 1    
7.22761014 1    
7.22911187 1    
7.23061401 1    
7.23334456 1    
7.23484145 1    
7.23633910 1    
7.23758723 1    
7.23908674 1    
7.24060708 1    
7.24183279 1    
7.24333610 1    
7.24533238 1    
7.25293737 1    
7.25534744 1    
7.25684924 1    
7.26557670 1    
7.26707391 1    
7.26831969 1    
7.27231796 1    
7.27383608 1    
7.27506379 1    
7.28231593 1    
7.28382730 1    
7.28508010 1    
7.29330922 1    
7.29343230 -1   
7.29482672 1    
7.30406698 1    
7.30531848 1    
7.30681716 1    
7.30805065 1    
7.30956606 1    
7.31106763 1    
7.31229403 1    
7.31381560 1    
7.32280396 1    
7.32405692 1    
7.32553456 1    
7.32680843 1    
7.32830644 1    
7.33253461 1    
7.33405118 1    
7.33530418 1    
7.33679967 1    
7.33802688 1    
7.33954964 1    
7.35255381 1    
7.35403950 1    
7.35529502 1    
7.36078988 1    
7.36081112 -1   
7.36228957 1    
7.37401129 1    
7.37550792 1    
7.37700629 1    
7.38451088 1    
7.38600270 1    
7.38725816 1    
7.38874847 1    
7.39002152 1    
7.39149907 1    
7.39502117 1    
7.39624522 1    
7.39777161 1    
7.39899174 1    
7.40051993 1    
7.40201513 1    
7.40326672 1    
7.40448015 -1   
7.40473905 1    
7.40601174 1    
7.40749547 1    
7.40898662 1    
7.41023842 1    
7.41173840 1    
7.41300851 1    
7.41450725 1    
7.41600857 1    
7.41723246 1    
7.41873502 1    
7.41998201 1    
7.42150671 1    
7.42300093 1    
7.42423416 1    
7.42574283 1    
7.42699731 1    
7.42849933 1    
7.42999930 1    
7.43124482 1    
7.43272631 1    
7.43366940 1    
7.43524189 1    
7.43648917 1    
7.44273934 1    
7.44399056 1    
7.44549207 1    
7.44673650 1    
7.44825484 1    
7.45273107 1    
7.45398532 1    
7.45548440 1    
7.45698221 1    
7.45820899 1    
7.46521461 1    
7.46537328 -1   
7.47220523 1    
7.47369885 1    
7.47520210 1    
7.47645132 1    
7.47794789 1    
7.48395251 1    
7.48519762 1    
7.48669297 1    
7.49194530 1    
7.49343863 1    
7.49469082 1    
7.49621033 1    
7.49743618 1    
7.49893673 1    
7.50043722 1    
7.50168257 1    
7.50318500 1    
7.50470302 1    
7.50595547 1    
7.50743281 1    
7.50868097 1    
7.51020084 1    
7.51170492 1    
7.51294861 1    
7.51445062 1    
7.51567819 1    
7.51717702 1    
7.51869046 1    
7.51994045 1    
7.52143819 1    
7.52294214 1    
7.52418717 1    
7.52567218 1    
7.52694150 1    
7.52842058 1    
7.52994163 1    
7.53119278 1    
7.53266577 1    
7.53393329 1    
7.53394621 -1   
7.54468846 1    
7.54618118 1    
7.54741152 1    
7.54890794 1    
7.55015576 1    
7.56016067 1    
7.56165302 1    
7.56314890 1    
7.56440151 1    
7.57039552 1    
7.57192119 1    
7.57316947 1    
7.57464256 1    
7.57616567 1    
7.57739349 1    
7.57891405 1    
7.58016670 1    
7.58163800 1    
7.58313869 1    
7.58438730 1    
7.58591012 1    
7.58715585 1    
7.58865187 1    
7.59015462 1    
7.59024984 -1   
7.59138740 1    
7.59288242 1    
7.59412930 1    
7.59631799 1    
7.60190401 1    
7.60339819 1    
7.60464885 1    
7.60614488 1    
7.60737923 1    
7.60887288 1    
7.61038706 1    
7.61164280 1    
7.61314505 1    
7.61463992 1    
7.61587274 1    
7.61988626 1    
7.62113614 1    
7.62262974 1    
7.62412107 1    
7.62536427 1    
7.62686496 1    
7.62812906 1    
7.63189405 1    
7.63310814 1    
7.63462617 1    
7.63613055 1    
7.63735792 1    
7.63887585 1    
7.64012902 1    
7.64160646 1    
7.64310281 1    
7.64437296 1    
7.64587504 1    
7.64712279 1    
7.64861815 1    
7.65009787 1    
7.65135607 1    
7.65141996 -1   
7.65286837 1    
7.65411914 1    
7.65562205 1    
7.65711816 1    
7.65835703 1    
7.65986698 1    
7.66111790 1    
7.66461465 1    
7.66609407 1    
7.66733880 1    
7.66886256 1    
7.67035875 1    
7.67160886 1    
7.67310655 1    
7.67433854 1    
7.67585107 1    
7.67733594 1    
7.67885208 1    
7.68010452 1    
7.68160662 1    
7.68307881 1    
7.68434590 1    
7.68549280 -1   
7.68584831 1    
7.68709589 1    
7.68859587 1    
7.69007559 1    
7.69132613 1    
7.69284676 1    
7.69409855 1    
7.69559458 1    
7.69709792 1    
7.69832277 1    
7.69982440 1    
7.70133583 1    
7.70357002 1    
7.70358343 -1   
7.70508573 1    
7.70633687 1    
7.71307078 1    
7.71456128 1    
7.71606499 1    
7.71730900 1    
7.71882422 1    
7.72032470 1    
7.72157608 1    
7.72307216 1    
7.72430950 1    
7.72582670 1    
7.72694353 -1   
7.72730978 1    
7.72857942 1    
7.73008106 1    
7.73132596 1    
7.73280561 1    
7.73429984 1    
7.73557446 1    
7.73707052 1    
7.73857086 1    
7.73982476 1    
7.74129982 1    
7.74257058 1    
7.74407116 1    
7.74556710 1    
7.74681711 1    
7.74829395 1    
7.74955701 1    
7.75105777 1    
7.75255937 1    
7.75380548 1    
7.75530766 1    
7.75655311 1    
7.75804150 1    
7.75953780 1    
7.76078548 1    
7.76103614 1    
7.77653927 1    
7.84001768 1    
7.86148660 1    
7.86163925 -1   
7.88147658 1    
7.88152252 -1   
7.88271875 1    
7.88873666 1    
7.89021361 1    
7.89146234 1    
7.89296358 1    
7.89420992 1    
7.89571270 1    
7.89720792 1    
7.89870923 1    
7.89995794 1    
7.90145772 1    
7.90296988 1    
7.90420332 1    
7.90570301 1    
7.91045767 1    
7.91195099 1    
7.91320145 1    
7.92390762 1    
7.93096411 1    
7.93218965 1    
7.94119246 1    
7.94270179 1    
7.94394955 1    
7.95121019 1    
7.95270085 1    
7.95419229 1    
7.95542707 1    
7.95694549 1    
7.96042560 1    
7.96192080 1    
7.96317120 1    
7.97093755 1    
7.97219436 1    
8.00015836 1    
8.00140129 1    
8.00291964 1    
8.00416357 1    
8.00566129 1    
8.00889946 1    
8.00910935 -1   
8.01014446 1    
8.01165896 1    
8.01614474 1    
8.01763984 1    
8.01913687 1    
8.02039012 1    
8.02189015 1    
8.02338689 1    
8.02463765 1    
8.02613651 1    
8.02738572 1    
8.02890524 1    
8.03038258 1    
8.03163169 1    
8.04313322 1    
8.06361788 1    
8.06365635 -1   
8.06486390 1    
8.06636109 1    
8.06761327 1    
8.06912298 1    
8.07062456 1    
8.07535862 1    
8.07685790 1    
8.08687490 1    
8.08836627 1    
8.08961876 1    
8.09024139 1    
8.10909697 1    
8.14684860 1    
8.20703483 1    
8.20853402 1    
8.21753383 1    
8.21879725 1    
8.22029462 1    
8.25301723 1    
8.25306405 -1   
8.25450713 1    
8.27144075 1    
8.35197513 1    
8.35321978 1    
8.43220377 1    
8.43224372 -1   
8.53345424 -1   
8.61369929 -1   
8.64508071 -1   
8.98809064 1    
8.98958174 1    
8.98996282 1    
8.99034492 -1   
8.99833597 1    
8.99984927 1    
9.01257649 1    
9.01381927 1    
9.01532202 1    
9.01658170 1    
9.02332094 1    
9.02483725 1    
9.02608553 1    
9.03308133 1    
9.03458089 1    
9.03605677 1    
9.03730875 1    
9.03882525 1    
9.04030700 1    
9.04155262 1    
9.04306812 1    
9.04430165 1    
9.04583205 1    
9.04729979 1    
9.04855030 1    
9.05007005 1    
9.05457007 1    
9.05606644 1    
9.08505667 1    
9.08652792 1    
9.09433238 -1   
9.09502862 1    
9.09652270 1    
9.09802270 1    
9.13025756 1    
9.13175511 1    
9.13299913 1    
9.13450029 1    
9.13599843 1    
9.13727227 1    
9.13876839 1    
9.13995161 -1   
9.14023962 1    
9.14149824 1    
9.14299646 1    
9.14424572 1    
9.14576630 1    
9.14726277 1    
9.14851193 1    
9.15001209 1    
9.15124218 1    
9.15273933 1    
9.15423993 1    
9.15548663 1    
9.15698847 1    
9.15848436 1    
9.15973615 1    
9.16123582 1    
9.16248667 1    
9.16398212 1    
9.16548349 1    
9.16673028 1    
9.16823363 1    
9.16947916 1    
9.17097812 1    
9.17247693 1    
9.17249291 -1   
9.17373008 1    
9.17522634 1    
9.17672702 1    
9.17797388 1    
9.17947698 1    
9.17972878 1    
9.18322041 1    
9.18472017 1    
9.19522321 1    
9.19671302 1    
9.20571804 1    
9.25070839 1    
9.25219734 1    
9.26492698 1    
9.26644491 1    
9.26769528 1    
9.32366545 1    
9.34150512 1    
9.34153107 -1   
9.42186221 1    
9.42310478 1    
9.44682395 1    
9.44809325 1    
9.44958813 1    
9.45333859 1    
9.45484652 1    
9.45608463 1    
9.45756801 1    
9.45908387 1    
9.46383541 1    
9.46533100 1    
9.46658167 1    
9.48107558 1    
9.48257303 1    
9.48407111 1    
9.48530057 1    
9.48680179 1    
9.48831741 1    
9.48956594 1    
9.49106321 1    
9.49229681 1    
9.49381907 1    
9.49531459 1    
9.49656695 1    
9.49806179 1    
9.50530990 1    
9.50653602 1    
9.50720300 1    
9.50721379 -1   
9.56128301 1    
9.56277665 1    
9.56552745 1    
9.56677325 1    
9.56952057 1    
9.57102169 1    
9.57227364 1    
9.57377006 1    
9.57499638 1    
9.57651930 1    
9.57802227 1    
9.57926930 1    
9.58326534 1    
9.58451522 1    
9.58601484 1    
9.58751476 1    
9.59500950 1    
9.59651195 1    
9.60051065 1    
9.60200808 1    
9.60325527 1    
9.60475667 1    
9.60600768 1    
9.60749735 1    
9.60900091 1    
9.61024810 1    
9.61175488 1    
9.61700150 1    
9.61824741 1    
9.61974691 1    
9.62099831 1    
9.62249328 1    
9.62396898 1    
9.62407545 -1   
9.62524500 1    
9.62674187 1    
9.62799448 1    
9.62948997 1    
9.63099110 1    
9.63223781 1    
9.63373775 1    
9.63498624 1    
9.63648917 1    
9.63798522 1    
9.63923887 1    
9.64071026 1    
9.64196081 1    
9.64345761 1    
9.64497379 1    
9.64622724 1    
9.64770895 1    
9.64920317 1    
9.65045731 1    
9.65197483 1    
9.65323503 1    
9.65472142 1    
9.65623394 1    
9.65744966 1    
9.65897329 1    
9.67694064 1    
9.67818698 1    
9.67968686 1    
9.68118688 1    
9.68243566 1    
9.68393895 1    
9.71692137 1    
9.71816356 1    
9.71966736 1    
9.72116497 1    
9.72241018 1    
9.72391456 1    
9.72399099 -1   
9.72518212 1    
9.72668239 1    
9.72669692 1    
9.72670409 -1   
9.74617221 1    
9.74770892 1    
9.74942150 1    
9.75091738 1    
9.75216965 1    
9.75366546 1    
9.75490846 1    
9.75641579 1    
9.76039272 1    
9.76164038 1    
9.76314212 1    
9.76438940 1    
9.76588725 1    
9.76738661 1    
9.76863751 1    
9.77013353 1    
9.77163612 1    
9.77288491 1    
9.78815361 1    
9.78965027 1    
9.79614599 1    
9.79739162 1    
9.79887144 1    
9.80036755 1    
9.80164210 1    
9.80313864 1    
9.80464124 1    
9.80588566 1    
9.80738649 1    
9.80863451 1    
9.81013602 1    
9.81163330 1    
9.81288439 1    
9.81438197 1    
9.81442953 -1   
9.81562790 1    
9.81712660 1    
9.81861077 1    
9.81985681 1    
9.82135838 1    
9.82288952 1    
9.82412076 1    
9.82560649 1    
9.82710538 1    
9.82835304 1    
9.82985258 1    
9.83111965 1    
9.83260197 1    
9.83409712 1    
9.83534792 1    
9.83686814 1    
9.83811589 1    
9.85361390 1    
9.85505390 1    
9.85633716 1    
9.85783659 1    
9.85908426 1    
9.86058668 1    
9.86183205 1    
9.86333583 1    
9.86483186 1    
9.86608295 1    
9.86760245 1    
9.86910130 1    
9.87032685 1    
9.87182993 1    
9.87309781 1    
9.87460114 1    
9.87607644 1    
9.87732582 1    
9.87843133 -1   
9.87882287 1    
9.88007015 1    
9.88157285 1    
9.88306986 1    
9.88432200 1    
9.88584152 1    
9.88709312 1    
9.88857052 1    
9.89006554 1    
9.89156692 1    
9.89281758 1    
9.89431281 1    
9.89581927 1    
9.89706285 1    
9.89856217 1    
9.89980941 1    
9.90131133 1    
9.90280987 1    
9.90406160 1    
9.90557808 1    
9.90681123 1    
9.90830675 1    
9.90980508 1    
9.91107632 1    
9.91260573 1    
9.91406760 1    
9.91530799 1    
9.91682280 1    
9.91807512 1    
9.91954948 1    
9.92104745 1    
9.92229712 1    
9.92380014 1    
9.92504756 1    
9.92654851 1    
9.92804452 1    
9.92929533 1    
9.92939961 -1   
9.93079301 1    
9.93204434 1    
9.93356700 1    
9.93504108 1    
9.93629478 1    
9.93752058 1    
9.93754082 -1   
9.93904205 1    
9.94053845 1    
9.94180243 1    
9.94328705 1    
9.94478796 1    
9.94603444 1    
9.94755901 1    
9.94880742 1    
9.95028483 1    
9.95178393 1    
9.95305097 1    
9.95553313 1    
9.95678235 1    
9.95827819 1    
9.95977679 1    
9.96102498 1    
9.96252738 1    
9.96377476 1    
9.96527641 1    
9.96677303 1    
9.96802535 1    
9.96952070 1    
9.97078539 1    
9.97227175 1    
9.97377127 1    
9.97501711 1    
9.97651863 1    
9.97801485 1    
9.97812915 -1   
9.97926562 1    
9.98076566 1    
9.98201529 1    
9.98351405 1    
9.98501445 1    
9.98626126 1    
9.98778188 1    
9.98903213 1    
9.99051017 1    
9.99200892 1    
9.99325965 1    
9.99475634 1    
9.99601046 1    
9.99752196 1    
9.99902273 1    
10.00025483 1    
10.00175233 1    
10.00300097 1    
10.00450332 1    
10.00600059 1    
10.00725165 1    
10.00877073 1    
10.01000136 1    
10.01149741 1    
10.01299595 1    
10.01424466 1    
10.01576387 1    
10.01701456 1    
10.01849686 1    
10.01999373 1    
10.02124366 1    
10.02275992 1    
10.02400657 1    
10.02548912 1    
10.02699088 1    
10.02816917 -1   
10.02823812 1    
10.02973905 1    
10.03123907 1    
10.03248476 1    
10.03398417 1    
10.03523361 1    
10.03675683 1    
10.03823181 1    
10.03950592 1    
10.04101627 1    
10.04250722 1    
10.04372975 1    
10.04523050 1    
10.04674969 1    
10.04798363 1    
10.04947520 1    
10.05100029 1    
10.05222474 1    
10.05374414 1    
10.05499314 1    
10.05649743 1    
10.05797059 1    
10.05922495 1    
10.06071771 1    
10.06196953 1    
10.06348472 1    
10.06498308 1    
10.06621556 1    
10.06773971 1    
10.06896358 1    
10.07046534 1    
10.07196239 1    
10.07321639 1    
10.07471124 1    
10.07598124 1    
10.07748809 1    
10.07898134 1    
10.08012033 -1   
10.08020127 1    
10.08173125 1    
10.08297974 1    
10.08447767 1    
10.08597576 1    
10.08722589 1    
10.08872640 1    
10.08997291 1    
10.09145439 1    
10.09297899 1    
10.09422361 1    
10.09572071 1    
10.10097297 1    
10.10221946 1    
10.10372191 1    
10.10466779 1    
10.10468216 -1   
10.14117827 1    
10.14268293 1    
10.17641052 1    
10.17790231 1    
10.17915106 1    
10.23315100 1    
10.23464321 1    
10.23589567 1    
10.23739171 1    
10.23889394 1    
10.24014221 1    
10.24288730 1    
10.24438635 1    
10.25261290 1    
10.25410679 1    
10.25536084 1    
10.25685645 1    
10.25812403 1    
10.25962673 1    
10.26862157 1    
10.27012041 1    
10.27137271 1    
10.27160296 1    
10.27161498 -1   
10.28936795 1    
10.29085407 1    
10.29210938 1    
10.30035349 1    
10.30185524 1    
10.30310216 1    
10.30460750 1    
10.30609962 1    
10.30733180 1    
10.30882784 1    
10.31007570 1    
10.32406960 1    
10.32559514 1    
10.32684093 1    
10.32834419 1    
10.32984017 1    
10.33109145 1    
10.33258930 1    
10.33408599 1    
10.33531230 1    
10.33683928 1    
10.33833635 1    
10.33958654 1    
10.34105955 1    
10.34255960 1    
10.34380763 1    
10.36506742 1    
10.36629298 1    
10.36781858 1    
10.36906345 1    
10.37056786 1    
10.37206687 1    
10.37331768 1    
10.37341841 -1   
10.37478936 1    
10.37606011 1    
10.37756251 1    
10.37905880 1    
10.38031161 1    
10.38180643 1    
10.38303754 1    
10.38455776 1    
10.38603267 1    
10.38728208 1    
10.38878244 1    
10.39030164 1    
10.39155743 1    
10.39305285 1    
10.39455481 1    
10.39580194 1    
10.39729991 1    
10.39879542 1    
10.40005018 1    
10.40154129 1    
10.40279680 1    
10.40429562 1    
10.40879472 1    
10.41029075 1    
10.41878230 1    
10.42004026 1    
10.42151645 1    
10.42903013 1    
10.43457008 1    
10.43458408 -1   
10.44002834 1    
10.44125143 1    
10.45276511 1    
10.45401441 1    
10.45551932 1    
10.45701292 1    
10.45824480 1    
10.46276388 1    
10.46401589 1    
10.46550944 1    
10.49047679 1    
10.49199483 1    
10.52173020 1    
10.52322686 1    
10.59725216 1    
10.59728980 -1   
16.65183718 1    
16.65199299 -1   
20.67137420 -1   
20.68074035 -1   
20.68103337 -1   
20.83410466 -1   
21.16955125 1    
21.87833529 -1   
22.05020761 1    
22.05050137 -1   
22.24284966 1    
22.24317396 -1   
22.54817238 1    
24.89140619 -1   
25.15044766 1    
25.33510104 1    
25.33547402 -1   
25.49893313 -1   
25.51347581 1    
25.53488488 1    
25.55362956 1    
25.62158588 1    
25.64881997 1    
25.69530538 1    
25.69545954 -1   
25.87885581 1    
25.87977186 -1   
25.89666000 1    
25.92689133 1    
25.93688643 1    
26.04215538 1    
26.20494417 1    
26.20524446 -1   
26.40890945 -1   
26.48269066 1    
26.57058967 -1   
