3.40362590 -1   
3.67874612 1    
3.84421758 -1   
3.85839713 1    
3.86795251 -1   
4.00625289 -1   
4.01977988 1    
4.15211018 1    
4.16689543 -1   
4.22037401 1    
4.42107048 1    
4.42138455 -1   
4.64766865 1    
4.64799412 -1   
4.81059732 1    
4.84503415 -1   
5.00948608 1    
5.00992233 -1   
5.19262726 1    
5.19294362 -1   
5.35551393 1    
5.35650533 -1   
5.52044161 1    
5.93609205 1    
5.93735108 1    
5.93774306 1    
6.11999879 1    
6.12247766 -1   
6.32840902 -1   
6.67975776 1    
6.90855645 1    
6.90978166 1    
6.91003301 1    
6.94540594 -1   
7.10696253 -1   
7.53194535 1    
7.53318263 1    
7.53356229 1    
7.63338773 1    
7.63463227 1    
7.63610684 1    
7.63762767 1    
7.63885295 1    
7.64037576 1    
7.69682926 1    
7.71309021 1    
7.71432981 1    
7.71583259 1    
7.73232959 1    
7.73250354 -1   
7.73579839 1    
7.73642811 1    
7.79677342 1    
7.79826009 1    
7.79953757 1    
7.80105033 1    
7.80253119 1    
7.80375610 1    
7.80525615 1    
7.80677461 1    
7.80804604 1    
7.80952316 1    
7.81077497 1    
7.81225164 1    
7.86050604 1    
7.86200077 1    
7.87649947 1    
7.87773740 1    
7.87921722 1    
7.88074635 1    
7.88196345 1    
7.88348288 1    
7.89595634 1    
7.89747501 1    
7.89751312 -1   
7.89972566 1    
7.90121993 1    
7.90247286 1    
7.90397009 1    
7.96167553 1    
7.96316503 1    
7.96443708 1    
7.96591242 1    
7.96741621 1    
7.96866021 1    
7.97016208 1    
7.97082214 1    
8.00389918 1    
8.00514189 1    
8.00664290 1    
8.00814085 1    
8.00941563 1    
8.01088850 1    
8.01214130 1    
8.01363754 1    
8.01513847 1    
8.01640475 1    
8.01788560 1    
8.01914984 1    
8.02064912 1    
8.04987204 1    
8.05136735 1    
8.05261414 1    
8.05411149 1    
8.09161757 1    
8.09164997 -1   
8.09311804 1    
8.09436424 1    
8.09584213 1    
8.09735872 1    
8.12107976 1    
8.12232315 1    
8.13082501 1    
8.13233918 1    
8.13351769 1    
8.22730284 1    
8.29603945 -1   
8.33540852 1    
8.34491511 -1   
8.50018438 -1   
9.07879388 1    
9.08002561 1    
9.08040596 1    
9.13600521 1    
9.13749422 1    
9.16798820 1    
9.16922814 1    
9.19923962 1    
9.19941181 -1   
9.20072956 1    
9.20195549 1    
9.20345819 1    
9.20495274 1    
9.20622806 1    
9.20772510 1    
9.22045062 1    
9.25495509 1    
9.25645019 1    
9.25794676 1    
9.25919977 1    
9.26069487 1    
9.28244018 1    
9.29266956 1    
9.29992724 1    
9.30117318 1    
9.39362903 1    
9.39509564 1    
9.39634802 1    
9.39644454 -1   
9.43258336 1    
9.43407294 1    
9.45357008 1    
9.45508349 1    
9.45634763 1    
9.45635764 1    
9.57402428 1    
9.57406194 -1   
9.57551309 1    
9.57701210 1    
9.61756209 1    
9.91185879 -1   
10.14420027 1    
10.14569187 1    
10.14605026 1    
10.30161280 1    
10.30282906 1    
10.30798451 1    
10.34439229 -1   
10.35403510 -1   
10.50657163 1    
10.50663610 -1   
10.74793836 -1   
10.90930248 -1   
10.91998109 1    
10.92122170 1    
10.92160376 1    
10.94946188 1    
10.95070679 1    
10.95220581 1    
10.95370640 1    
10.95495344 1    
11.02317164 1    
11.02441422 1    
11.08463299 1    
11.08615228 1    
11.08740240 1    
11.08887427 1    
11.11287603 1    
11.11411155 1    
11.11423705 -1   
11.11561108 1    
11.11713259 1    
11.11838169 1    
11.11985841 1    
11.12111101 1    
11.12258768 1    
11.12863018 1    
11.13010159 1    
11.15584449 1    
11.15708621 1    
11.18782797 1    
11.18909865 1    
11.19059250 1    
11.19210823 1    
11.24954319 1    
11.25530458 1    
11.26555736 1    
11.26705341 1    
11.26829910 1    
11.26977192 1    
11.27127479 1    
11.27529222 1    
11.27729122 1    
11.27876745 1    
11.28026793 1    
11.28176310 1    
11.28438876 1    
11.28440544 -1   
11.32752228 1    
11.32898802 1    
11.40020333 1    
11.40171170 1    
11.40294441 1    
11.40446542 1    
11.43446096 1    
11.43570156 1    
11.44968478 1    
11.44986184 -1   
11.51816365 1    
11.51940075 1    
11.52888057 1    
11.53014513 1    
11.53164930 1    
11.54587137 1    
11.57162532 1    
11.57311908 1    
11.61301048 1    
11.61303409 -1   
11.63534259 1    
11.63658331 1    
11.63808465 1    
11.63956025 1    
11.64083149 1    
11.64232890 1    
11.67257444 1    
11.69180745 1    
11.69330525 1    
11.69480191 1    
11.72305020 1    
11.76776824 1    
11.76898790 1    
11.77525661 1    
11.77650522 1    
11.77800712 1    
11.77949662 1    
11.78073003 1    
11.78222986 1    
11.78248067 1    
11.78249097 -1   
11.79598031 1    
11.79722249 1    
11.82171428 1    
11.82320336 1    
11.82470274 1    
11.84270247 1    
11.84394602 1    
11.84544174 1    
11.84694429 1    
11.85943501 1    
11.87920377 1    
11.88044008 1    
11.90969141 1    
11.91118149 1    
11.92965275 1    
11.93114908 1    
11.93264526 1    
11.93939798 1    
11.94579609 1    
11.94583072 -1   
11.95214317 1    
11.98239177 1    
11.98386688 1    
11.98511058 1    
11.98661348 1    
11.98812668 1    
11.98938709 1    
11.99085880 1    
12.02236467 1    
12.02384209 1    
12.02511242 1    
12.03260816 1    
12.06582671 1    
12.07533668 1    
12.07657871 1    
12.07808239 1    
12.07955901 1    
12.08080933 1    
12.08606386 1    
12.08755531 1    
12.09506202 1    
12.09655164 1    
12.09805101 1    
12.09929637 1    
12.10079377 1    
12.10756277 1    
12.10879223 1    
12.11105015 1    
12.11107193 -1   
12.13978435 1    
12.14129701 1    
12.14277449 1    
12.14404323 1    
12.14551670 1    
12.22675502 1    
12.22797354 1    
12.22947140 1    
12.23100802 1    
12.23224560 1    
12.23371822 1    
12.23497142 1    
12.23649072 1    
12.23800172 1    
12.23923121 1    
12.25597859 1    
12.25722036 1    
12.25873175 1    
12.26673129 1    
12.26820583 1    
12.26969908 1    
12.27094932 1    
12.27509796 1    
12.27511258 -1   
12.30244218 1    
12.30367956 1    
12.30520093 1    
12.30669684 1    
12.30792620 1    
12.33341890 1    
12.33490961 1    
12.34343111 1    
12.34493132 1    
12.34615434 1    
12.37314853 1    
12.37440891 1    
12.37916148 1    
12.38040007 1    
12.38191013 1    
12.38340254 1    
12.41313093 1    
12.41939494 1    
12.42061486 1    
12.42210994 1    
12.42363345 1    
12.42487587 1    
12.43974301 1    
12.43978119 -1   
12.44888063 1    
12.45561781 1    
12.45684337 1    
12.45836221 1    
12.45984161 1    
12.46110561 1    
12.49460451 1    
12.50480386 -1   
12.50581914 1    
12.50733645 1    
12.50883513 1    
12.51008199 1    
12.51158189 1    
12.54579768 1    
12.54729486 1    
12.54878747 1    
12.55532705 1    
12.55655791 1    
12.55806101 1    
12.55955719 1    
12.56080509 1    
12.56580516 1    
12.56705306 1    
12.57605327 1    
12.57729897 1    
12.59626947 1    
12.59778523 1    
12.59903201 1    
12.60053270 1    
12.60204525 1    
12.60326194 1    
12.60475538 1    
12.60596319 1    
12.60597789 -1   
12.63127758 1    
12.63251444 1    
12.63402330 1    
12.63551235 1    
12.63676457 1    
12.63823845 1    
12.63951367 1    
12.65550888 1    
12.65700282 1    
12.65825071 1    
12.65974960 1    
12.66124813 1    
12.66247618 1    
12.70148103 1    
12.70295348 1    
12.70419900 1    
12.70569713 1    
12.71194814 1    
12.71319743 1    
12.71469405 1    
12.71621812 1    
12.71750891 1    
12.71896696 1    
12.72021121 1    
12.72031389 -1   
12.72170770 1    
12.72943668 1    
12.73093850 1    
12.73995716 1    
12.74145357 1    
12.76960538 1    
12.76965699 -1   
12.80267525 1    
12.80389291 1    
12.80541756 1    
12.80691437 1    
12.80816621 1    
12.80966392 1    
12.81089018 1    
12.81238764 1    
12.81388736 1    
12.81514044 1    
12.85214764 1    
12.85336428 1    
12.85486582 1    
12.85936418 1    
12.86061489 1    
12.86211283 1    
12.86362463 1    
12.86485629 1    
12.86638017 1    
12.86762921 1    
12.86912834 1    
12.90384324 1    
12.90510816 1    
12.90660433 1    
12.90810363 1    
12.91433462 1    
12.91558209 1    
12.91707702 1    
12.93138638 1    
12.93142662 -1   
12.93382082 1    
12.93508612 1    
12.95431678 1    
12.95581053 1    
12.98629470 1    
12.98778919 1    
12.98904465 1    
12.99053834 1    
12.99204283 1    
12.99328684 1    
13.02730004 1    
13.02876399 1    
13.03001554 1    
13.08774044 1    
13.08897917 1    
13.09047777 1    
13.09197881 1    
13.09324499 1    
13.09563721 1    
13.09565748 -1   
13.09948590 1    
13.13820901 1    
13.13973472 1    
13.14094968 1    
13.14244807 1    
13.16769271 1    
13.16893547 1    
13.18871335 1    
13.19019699 1    
13.19169649 1    
13.22743122 1    
13.22864907 1    
13.23015211 1    
13.26090133 1    
13.26093891 -1   
13.30312798 1    
13.32337220 1    
13.32461834 1    
13.32611609 1    
13.32761759 1    
13.32884145 1    
13.35935599 1    
13.36084603 1    
13.36209875 1    
13.39556082 1    
13.39680418 1    
13.42451197 1    
13.42454986 -1   
13.44005786 1    
13.44129825 1    
13.48326513 1    
13.48475175 1    
13.48600288 1    
13.48750240 1    
13.48903704 1    
13.49052347 1    
13.52124442 1    
13.55174360 1    
13.55323861 1    
13.58625876 1    
13.58629813 -1   
13.60496376 1    
13.60620454 1    
13.64791647 1    
13.64916122 1    
13.65068192 1    
13.68864212 1    
13.75131248 1    
13.77261815 1    
13.77411189 1    
13.79060683 1    
13.79209986 1    
13.91503677 1    
13.91652707 1    
13.91803203 1    
13.91925771 1    
13.92575965 1    
13.92589227 -1   
13.92700010 1    
13.93518207 1    
13.99921810 1    
14.02747351 1    
14.02869295 1    
14.06744804 1    
14.06868732 1    
14.06991767 1    
14.07741898 1    
14.09837832 1    
14.16839547 1    
14.16986065 1    
14.18736104 1    
14.18751517 -1   
14.18885108 1    
14.19734665 1    
14.19859460 1    
14.20010928 1    
14.20628984 -1   
14.22311707 1    
14.22459474 1    
14.22610161 1    
14.22734994 1    
14.25032018 1    
14.25158930 1    
14.26046692 1    
14.28380161 1    
14.28504629 1    
14.28654414 1    
14.28804904 1    
14.28931228 1    
14.29356753 1    
14.29481269 1    
14.31978420 1    
14.32127226 1    
14.35151610 1    
14.35277700 1    
14.36275767 1    
14.36279555 -1   
14.36425269 1    
14.39174791 1    
14.39323810 1    
14.39474174 1    
14.39597969 1    
14.41324303 1    
14.44694821 1    
14.45520587 1    
14.45670010 1    
14.45794896 1    
14.45945076 1    
14.46094045 1    
14.51594350 1    
14.51743212 1    
14.53543545 1    
14.53547632 -1   
14.53690296 1    
14.53816545 1    
14.53967471 1    
14.54117249 1    
14.54242184 1    
14.54389767 1    
14.54514843 1    
14.54666185 1    
14.55591782 1    
14.56716374 1    
14.56840612 1    
14.56988120 1    
14.59339798 1    
14.60361920 1    
14.60511410 1    
14.60635869 1    
14.61644265 1    
14.64536341 1    
14.64658718 1    
14.64808732 1    
14.64958736 1    
14.65083258 1    
14.65233485 1    
14.65358260 1    
14.69109523 1    
14.69258303 1    
14.69408525 1    
14.69531046 1    
14.69681105 1    
14.73929796 1    
14.73933200 -1   
14.74078934 1    
14.75855555 1    
14.76004935 1    
14.76129670 1    
14.76277519 1    
14.76427213 1    
14.80685211 1    
14.82948998 1    
14.83098976 1    
14.83225289 1    
14.83375156 1    
14.83525117 1    
14.83648156 1    
14.83797608 1    
14.86099850 1    
14.86246389 1    
14.86396675 1    
14.86523453 1    
14.86673701 1    
14.89097917 1    
14.89222272 1    
14.89371767 1    
14.89521942 1    
14.94424273 -1   
14.97115914 1    
14.99114333 1    
14.99241305 1    
14.99388777 1    
14.99541230 1    
14.99663614 1    
14.99785610 1    
15.00788726 1    
15.05136386 1    
15.05285648 1    
15.05410787 1    
15.05560560 1    
15.05710627 1    
15.08760367 1    
15.08883657 1    
15.09035142 1    
15.09183483 1    
15.09309732 1    
15.12782366 1    
15.12786061 -1   
15.12931367 1    
15.13081076 1    
15.13205880 1    
15.15939676 1    
15.17731619 1    
15.17855647 1    
15.18003585 1    
15.19128663 1    
15.19253227 1    
15.21028653 1    
15.21045457 -1   
15.21153714 1    
15.21301213 1    
15.21451424 1    
15.21576174 1    
15.26324490 1    
15.26473533 1    
15.26598153 1    
15.26748208 1    
15.26898189 1    
15.29997018 1    
15.30000755 -1   
15.30121418 1    
15.30271075 1    
15.30421423 1    
15.30546571 1    
15.30696163 1    
15.30820927 1    
15.30971260 1    
15.31120700 1    
15.32079273 1    
15.41542949 1    
15.41692202 1    
15.41817023 1    
15.41966874 1    
15.42089551 1    
15.42241636 1    
15.42391943 1    
15.42516181 1    
15.42666388 1    
15.42791212 1    
15.42938909 1    
15.44413635 1    
15.44564978 1    
15.44688008 1    
15.45515967 1    
15.45639456 1    
15.45789749 1    
15.45939472 1    
15.45950846 -1   
15.46064467 1    
15.49510710 1    
15.49514431 -1   
15.49660341 1    
15.49809873 1    
15.49935186 1    
15.52410721 1    
15.55108122 1    
15.55256814 1    
15.55406912 1    
15.55533925 1    
15.56732014 1    
15.56880750 1    
15.59405129 1    
15.59529494 1    
15.59679460 1    
15.62178659 1    
15.62330154 1    
15.62479787 1    
15.62604978 1    
15.62754776 1    
15.62877552 1    
15.63027329 1    
15.63177570 1    
15.63327142 1    
15.63477179 1    
15.65126678 1    
15.66153215 1    
15.66156828 -1   
15.66300661 1    
15.66425416 1    
15.66575523 1    
15.66701213 1    
15.68587267 1    
15.68799458 1    
15.71501325 1    
15.71649633 1    
15.71799886 1    
15.71924807 1    
15.72072488 1    
15.72197285 1    
15.74496708 1    
15.74645722 1    
15.74796108 1    
15.74922772 1    
15.75072126 1    
15.75195424 1    
15.75346774 1    
15.78469407 1    
15.78593770 1    
15.78743496 1    
15.78893493 1    
15.79018170 1    
15.79171272 1    
15.79293099 1    
15.79495376 1    
15.81569631 1    
15.81719344 1    
15.81869068 1    
15.82644736 1    
15.82648115 -1   
15.82791027 1    
15.84981129 1    
15.86092219 1    
15.86214067 1    
15.86364468 1    
15.86376375 -1   
15.86516471 1    
15.86638925 1    
15.88064696 1    
15.88215354 1    
15.88365401 1    
15.88489951 1    
15.88640189 1    
15.90564379 1    
15.90713997 1    
15.90863468 1    
15.90988641 1    
15.91138531 1    
15.91263154 1    
15.91411127 1    
15.91563579 1    
15.91686036 1    
15.92836530 1    
15.92960506 1    
15.93560374 1    
15.93710070 1    
15.93860083 1    
15.94334943 1    
15.94459594 1    
15.94609398 1    
15.94759777 1    
15.98334707 1    
15.98482154 1    
15.98606939 1    
15.98757420 1    
15.98906794 1    
15.99109349 1    
15.99231718 1    
15.99381714 1    
15.99531521 1    
15.99656555 1    
15.99806427 1    
15.99931466 1    
15.99942555 -1   
16.00081467 1    
16.01275787 1    
16.01280397 -1   
16.02580799 1    
16.02704917 1    
16.02854813 1    
16.03004497 1    
16.03129774 1    
16.03279293 1    
16.03404697 1    
16.03554431 1    
16.03706424 1    
16.03828844 1    
16.06755090 1    
16.06904310 1    
16.07027375 1    
16.07177224 1    
16.07302449 1    
16.07451897 1    
16.07602118 1    
16.07726785 1    
16.07876712 1    
16.08001850 1    
16.08152012 1    
16.10376315 1    
16.10500607 1    
16.10650172 1    
16.10800550 1    
16.10925052 1    
16.11075066 1    
16.11199844 1    
16.11350432 1    
16.14198689 1    
16.14349858 1    
16.14497856 1    
16.14648174 1    
16.14660573 -1   
16.14772730 1    
16.14922950 1    
16.15174819 1    
16.15322482 1    
16.15472784 1    
16.17555554 1    
16.17559434 -1   
16.21072867 1    
16.21219309 1    
16.21369466 1    
16.21493963 1    
16.21644077 1    
16.21768649 1    
16.21918963 1    
16.22068604 1    
16.22193769 1    
16.22343287 1    
16.22493133 1    
16.24020234 1    
16.24145264 1    
16.24295021 1    
16.24444604 1    
16.24567183 1    
16.24719545 1    
16.24869722 1    
16.24991909 1    
16.28740419 1    
16.28889917 1    
16.29014524 1    
16.29164731 1    
16.29289567 1    
16.29439696 1    
16.29589558 1    
16.29714586 1    
16.29864205 1    
16.29989416 1    
16.30138884 1    
16.30289012 1    
16.30413740 1    
16.30563512 1    
16.30678008 -1   
16.30789002 1    
16.30916067 1    
16.31066179 1    
16.33540352 1    
16.33687284 1    
16.33814034 1    
16.33963986 1    
16.34089007 1    
16.34238970 1    
16.34239983 1    
16.34242221 -1   
16.36386595 1    
16.38459967 1    
16.38609456 1    
16.39486309 1    
16.39633706 1    
16.40547895 -1   
16.41560229 1    
16.41709570 1    
16.42359464 1    
16.42509123 1    
16.42634080 1    
16.42781787 1    
16.43184078 1    
16.43308636 1    
16.45233137 1    
16.45355502 1    
16.47356771 1    
16.47506167 1    
16.47656333 1    
16.47780979 1    
16.47928897 1    
16.48431544 1    
16.48556052 1    
16.49455618 1    
16.49471584 -1   
16.49605002 1    
16.50555028 1    
16.50704694 1    
16.50829624 1    
16.50979657 1    
16.51104457 1    
16.51105874 -1   
16.54552680 1    
16.54702368 1    
16.55928154 1    
16.56076506 1    
16.56198884 1    
16.62024098 1    
16.62145754 1    
16.62298079 1    
16.62445402 1    
16.62573245 1    
16.62723185 1    
16.62870366 1    
16.62995234 1    
16.63145409 1    
16.63569910 1    
16.63695063 1    
16.65494391 1    
16.65621368 1    
16.67484500 1    
16.67488302 -1   
16.67967598 1    
16.68119571 1    
16.68742687 1    
16.68894156 1    
16.69019355 1    
16.71543129 1    
16.71690547 1    
16.71816628 1    
16.71967672 1    
16.72089802 1    
16.72542555 1    
16.78389750 1    
16.78513447 1    
16.78661527 1    
16.78812962 1    
16.78937510 1    
16.79087357 1    
16.79212611 1    
16.79362372 1    
16.79513599 1    
16.79635590 1    
16.79785902 1    
16.79938120 1    
16.83935415 1    
16.83939208 -1   
16.84736149 1    
16.84884872 1    
16.85010112 1    
16.85159659 1    
16.85307478 1    
16.87881679 1    
16.91157264 1    
16.91304301 1    
16.91429349 1    
16.91579265 1    
16.91704134 1    
16.92204307 1    
16.94103267 1    
16.94227577 1    
16.94377421 1    
16.94529188 1    
16.94652344 1    
16.98952009 1    
16.99099790 1    
16.99251731 1    
16.99974690 1    
17.00126169 1    
17.00364015 1    
17.00367620 -1   
17.02173694 1    
17.02322768 1    
17.03223068 1    
17.03374774 1    
17.03497167 1    
17.11693184 1    
17.11842234 1    
17.11992657 1    
17.12117052 1    
17.12267373 1    
17.16599640 1    
17.16603105 -1   
17.16839505 1    
17.17914473 1    
17.18065625 1    
17.18188478 1    
17.18341368 1    
17.18488329 1    
17.18616043 1    
17.20338087 1    
17.20489509 1    
17.20639671 1    
17.20764899 1    
17.23461539 1    
17.23610554 1    
17.29509725 1    
17.29632006 1    
17.31109233 1    
17.31256553 1    
17.31408657 1    
17.31533459 1    
17.31681016 1    
17.31807232 1    
17.32883870 1    
17.32887769 -1   
17.39652383 1    
17.39801433 1    
17.39951480 1    
17.40075973 1    
17.40226297 1    
17.41453255 1    
17.49269197 1    
17.49272995 -1   
17.64772069 -1   
17.70391732 -1   
17.76677370 -1   
17.86579812 -1   
18.26779673 1    
18.26802054 1    
18.26834261 -1   
18.41446280 1    
18.43065092 1    
18.43519370 1    
18.43669279 1    
18.51040881 1    
18.52989494 1    
18.53139334 1    
18.58386474 1    
18.58535635 1    
18.59407524 1    
18.63059021 1    
18.63982763 1    
18.63995538 -1   
18.64107398 1    
18.66356287 1    
18.66506099 1    
18.66630660 1    
18.72728494 1    
18.72875232 1    
18.73000098 1    
18.73152289 1    
18.73302286 1    
18.75561734 1    
18.78073357 1    
18.78196914 1    
18.78349299 1    
18.78498771 1    
18.79123510 1    
18.81246218 1    
18.81249127 -1   
18.81395412 1    
18.81522261 1    
18.87219967 1    
18.87993758 1    
18.88116682 1    
18.88268715 1    
18.88418129 1    
18.88543791 1    
18.89143557 1    
18.89292961 1    
18.89440732 1    
18.90166020 1    
18.90290229 1    
18.90439909 1    
18.91616322 1    
18.94013571 1    
18.94138162 1    
18.95787589 1    
18.95802701 -1   
18.95939413 1    
18.97561604 1    
18.97685777 1    
18.99535427 1    
18.99539936 -1   
18.99684971 1    
18.99837165 1    
18.99961995 1    
19.00111483 1    
19.01311766 1    
19.02383659 1    
19.02535352 1    
19.05132411 1    
19.05281782 1    
19.06181542 1    
19.06306344 1    
19.06455907 1    
19.10164921 1    
19.16350988 1    
19.16500001 1    
19.16625549 1    
19.16635151 -1   
19.16775241 1    
19.16900058 1    
19.17051774 1    
19.17202898 1    
19.17326863 1    
19.17475132 1    
19.17603306 1    
19.18951316 1    
19.19101826 1    
19.19225634 1    
19.19376146 1    
19.19498358 1    
19.19650544 1    
19.23201083 1    
19.23323490 1    
19.27945809 1    
19.28093393 1    
19.28243283 1    
19.28368578 1    
19.31542463 1    
19.31693772 1    
19.31818515 1    
19.31968659 1    
19.32091024 1    
19.32213075 1    
19.34519081 1    
19.34523865 -1   
19.34666668 1    
19.35540164 1    
19.35689230 1    
19.41286791 1    
19.41412966 1    
19.41560766 1    
19.41712802 1    
19.41837856 1    
19.41985364 1    
19.42110531 1    
19.42262520 1    
19.42412497 1    
19.42537260 1    
19.45186351 1    
19.45310070 1    
19.45460807 1    
19.45610469 1    
19.45735712 1    
19.45885473 1    
19.49134750 1    
19.49283746 1    
19.49408336 1    
19.49981505 1    
19.50108224 1    
19.50255647 1    
19.50408094 1    
19.50415987 -1   
19.50846185 1    
19.50847608 -1   
19.53132206 1    
19.53281138 1    
19.53405805 1    
19.53556282 1    
19.53681670 1    
19.53828604 1    
19.56804840 1    
19.56953956 1    
19.57102077 1    
19.58126418 1    
19.58278552 1    
19.58404636 1    
19.58553015 1    
19.58677939 1    
19.58828161 1    
19.58977712 1    
19.59104174 1    
19.59252632 1    
19.60325933 1    
19.60451987 1    
19.60601926 1    
19.65949850 1    
19.66098960 1    
19.66221792 1    
19.66371450 1    
19.66384148 -1   
19.66496612 1    
19.66648510 1    
19.66798668 1    
19.66921198 1    
19.67073470 1    
19.67195932 1    
19.67345925 1    
19.67495818 1    
19.67623231 1    
19.67772777 1    
19.67776441 -1   
19.67972557 1    
19.68122527 1    
19.68217703 1    
19.69970128 1    
19.70121968 1    
19.70269193 1    
19.70394377 1    
19.70546049 1    
19.70671337 1    
19.80289102 1    
19.80415541 1    
19.80563653 1    
19.80715397 1    
19.80840726 1    
19.80990198 1    
19.81140532 1    
19.81265128 1    
19.81412673 1    
19.81964563 1    
19.82090227 1    
19.83842775 -1   
19.85986062 1    
19.86137300 1    
19.86285263 1    
19.86412277 1    
19.86562426 1    
19.86626779 1    
19.87161484 1    
19.89985935 1    
19.90135336 1    
19.90959550 1    
19.91109796 1    
19.91259346 1    
19.91382271 1    
19.91532285 1    
19.93582010 1    
19.95157761 1    
19.95305245 1    
19.95454831 1    
19.95580288 1    
19.99378086 1    
19.99527563 1    
19.99677421 1    
20.02813160 1    
20.02816908 -1   
20.03253467 1    
20.03400381 1    
20.03525561 1    
20.03675078 1    
20.03803979 1    
20.03952574 1    
20.04100119 1    
20.04224805 1    
20.05774886 1    
20.05900236 1    
20.07874987 1    
20.07997888 1    
20.08147693 1    
20.08297418 1    
20.08422631 1    
20.10921736 1    
20.11071093 1    
20.11896225 1    
20.11913113 -1   
20.12020396 1    
20.12170541 1    
20.13947389 1    
20.14094096 1    
20.14233153 1    
20.15896018 1    
20.16019044 1    
20.16167917 1    
20.16318710 1    
20.16442772 1    
20.16592598 1    
20.16717711 1    
20.19312720 1    
20.19316366 -1   
20.19718582 1    
20.19867946 1    
20.20017906 1    
20.20142729 1    
20.20290612 1    
20.23639037 1    
20.23791140 1    
20.23916034 1    
20.24065850 1    
20.24190404 1    
20.26891228 1    
20.27014671 1    
20.27163867 1    
20.27314270 1    
20.29913505 1    
20.30062072 1    
20.30212626 1    
20.30335100 1    
20.30487300 1    
20.30612122 1    
20.30762324 1    
20.30912075 1    
20.31036786 1    
20.31047906 -1   
20.31186978 1    
20.31311879 1    
20.31461516 1    
20.31611288 1    
20.34738558 1    
20.35658051 1    
20.35659684 -1   
20.36759311 1    
20.36908537 1    
20.37058392 1    
20.37183159 1    
20.37333231 1    
20.37457801 1    
20.37608115 1    
20.39754981 1    
20.39904677 1    
20.40029353 1    
20.40179469 1    
20.40304101 1    
20.40456258 1    
20.41280746 1    
20.41431289 1    
20.43203146 1    
20.43327570 1    
20.43477127 1    
20.51698865 1    
20.51822391 1    
20.51972411 1    
20.52124793 1    
20.52249974 1    
20.52397264 1    
20.52549461 1    
20.52674294 1    
20.52710175 1    
20.52711680 -1   
20.53771648 1    
20.53921290 1    
20.55873173 1    
20.55995204 1    
20.56147585 1    
20.56297206 1    
20.56421928 1    
20.56571924 1    
20.63791638 1    
20.63943370 1    
20.64093248 1    
20.65992045 1    
20.66141770 1    
20.68688499 1    
20.68837957 1    
20.68987494 1    
20.69112827 1    
20.69138034 1    
20.69138963 -1   
20.69914044 1    
20.70064304 1    
20.71687530 1    
20.76261673 1    
20.76410781 1    
20.76560759 1    
20.76685321 1    
20.76835295 1    
20.80458997 1    
20.80608471 1    
20.80733165 1    
20.80883190 1    
20.81007998 1    
20.84082469 1    
20.84206437 1    
20.84356171 1    
20.84506301 1    
20.85567495 1    
20.85571012 -1   
20.87555380 1    
20.87704330 1    
20.87854407 1    
20.91550304 1    
20.91699867 1    
20.91824512 1    
20.91974853 1    
20.92349652 1    
20.92499468 1    
20.92624190 1    
20.93973959 1    
20.94098423 1    
20.94248389 1    
20.95848012 1    
20.95997595 1    
20.99670816 1    
20.99820227 1    
20.99970019 1    
21.00094824 1    
21.00244859 1    
21.00394950 1    
21.01849652 1    
21.01853985 -1   
21.05542772 1    
21.07291624 1    
21.07441069 1    
21.07590649 1    
21.07718102 1    
21.07865651 1    
21.07990651 1    
21.08417660 1    
21.08567392 1    
21.11489056 1    
21.11640818 1    
21.11793083 1    
21.15563368 1    
21.15713071 1    
21.16336683 1    
21.16485481 1    
21.18357143 1    
21.18360883 -1   
21.20586070 1    
21.20735486 1    
21.24059265 1    
21.24208451 1    
21.24333819 1    
21.24783190 1    
21.27732209 1    
21.27879092 1    
21.29930597 1    
21.30077663 1    
21.30230005 1    
21.30779566 1    
21.30929595 1    
21.31079181 1    
21.31552714 1    
21.34611398 1    
21.34615144 -1   
21.39123089 1    
21.39272311 1    
21.43897824 1    
21.44047143 1    
21.44197077 1    
21.44322277 1    
21.44469522 1    
21.44594557 1    
21.49170014 1    
21.49291583 1    
21.49444156 1    
21.49593796 1    
21.51031451 1    
21.51033558 -1   
21.51367730 1    
21.51517795 1    
21.52367902 1    
21.52489826 1    
21.54341462 1    
21.55538880 1    
21.55688256 1    
21.56639778 1    
21.56789862 1    
21.56914568 1    
21.57064627 1    
21.57187388 1    
21.57339186 1    
21.57489139 1    
21.57614295 1    
21.61160813 1    
21.61336267 1    
21.61459574 1    
21.61584864 1    
21.61734585 1    
21.63262057 1    
21.63383556 1    
21.63536353 1    
21.63683369 1    
21.63808605 1    
21.64435472 1    
21.66207874 1    
21.66356953 1    
21.66506676 1    
21.67266961 1    
21.67270201 -1   
21.72806651 1    
21.72954816 1    
21.73105662 1    
21.75577311 1    
21.75704132 1    
21.75853553 1    
21.76003954 1    
21.76126402 1    
21.76276696 1    
21.76426324 1    
21.76551340 1    
21.77501045 1    
21.77625682 1    
21.77777588 1    
21.77927507 1    
21.78052278 1    
21.79725240 1    
21.79874083 1    
21.81523978 1    
21.81673099 1    
21.81823153 1    
21.82522641 1    
21.82530512 -1   
21.82672611 1    
21.83550276 1    
21.83697350 1    
21.83722428 1    
21.83723566 -1   
21.87573375 1    
21.87694592 1    
21.88571595 1    
21.88694169 1    
21.88846721 1    
21.93417479 1    
21.93566464 1    
21.93691410 1    
21.93841383 1    
21.93966324 1    
21.94116165 1    
21.94267926 1    
21.94391068 1    
21.94541055 1    
21.94665652 1    
21.97142665 1    
21.97289266 1    
21.97416392 1    
21.97566301 1    
21.99114304 1    
22.00031834 1    
22.01562932 1    
22.01711517 1    
22.01862007 1    
22.01986701 1    
22.02336921 1    
22.02486415 1    
22.02611548 1    
22.05535217 1    
22.05552776 -1   
22.05686967 1    
22.05809372 1    
22.05960995 1    
22.06084227 1    
22.06509370 1    
22.06661218 1    
22.06784040 1    
22.07561401 1    
22.07710511 1    
22.09111949 1    
22.09257338 1    
22.11056893 1    
22.11206617 1    
22.11331291 1    
22.11981703 1    
22.12130784 1    
22.16248051 1    
22.18052996 1    
22.18202116 1    
22.18352251 1    
22.18477157 1    
22.18626850 1    
22.18752256 1    
22.18901668 1    
22.19051815 1    
22.19176666 1    
22.19328692 1    
22.19478994 1    
22.22026030 1    
22.22174850 1    
22.22303042 1    
22.22451930 1    
22.22577217 1    
22.22726860 1    
22.23951181 1    
22.23952824 -1   
22.24101301 1    
22.32370349 1    
22.32521060 1    
22.32671277 1    
22.34256741 1    
22.44394961 -1   
25.71062681 1    
25.71079335 -1   
