0.00000000 1    
0.17187232 -1   
0.17216609 1    
0.36451437 -1   
0.36483868 1    
0.66983709 -1   
3.01307091 1    
3.27211237 -1   
3.45676575 -1   
3.45713874 1    
3.62059784 1    
3.63514052 -1   
3.65654959 -1   
3.67529427 -1   
3.74325060 -1   
3.77048468 -1   
3.81697009 -1   
3.81712426 1    
4.00052052 -1   
4.00143658 1    
4.01832471 -1   
4.04855604 -1   
4.05855114 -1   
4.16382009 -1   
4.32660888 -1   
4.32690917 1    
4.53057416 1    
4.60435538 -1   
4.69225438 1    
5.00176757 1    
5.08906096 -1   
5.25180361 -1   
5.25218854 1    
5.44713312 -1   
5.44717063 1    
5.69468725 1    
5.90361487 -1   
6.07589661 -1   
6.07716187 -1   
6.10476029 -1   
6.21934150 -1   
6.26558468 -1   
6.26786861 1    
6.42998792 1    
6.89080600 -1   
7.07032962 -1   
7.07186181 -1   
7.11960951 -1   
7.15504607 1    
7.31675602 1    
7.77494654 -1   
7.77643564 -1   
7.77681575 -1   
7.79642882 -1   
7.79793070 -1   
7.81641490 -1   
7.88236163 -1   
7.88385253 -1   
7.90962266 -1   
7.91110858 -1   
7.94035107 -1   
7.94184455 -1   
7.94332413 -1   
7.94456711 -1   
7.95981987 -1   
7.95995879 1    
7.96133248 -1   
7.96255805 -1   
7.96405933 -1   
7.97955480 -1   
7.98105056 -1   
7.98256269 -1   
7.98382697 -1   
8.04751799 -1   
8.04876202 -1   
8.05025615 -1   
8.05177569 -1   
8.07427079 -1   
8.07576605 -1   
8.07726685 -1   
8.07849122 -1   
8.10523740 -1   
8.10647519 -1   
8.10797387 -1   
8.10947382 -1   
8.11072603 -1   
8.11222427 -1   
8.11347299 -1   
8.11496817 -1   
8.12422554 -1   
8.12425053 1    
8.12573368 -1   
8.12724209 -1   
8.12846390 -1   
8.12996155 -1   
8.13148034 -1   
8.14296393 -1   
8.14447282 -1   
8.14570385 -1   
8.14720433 -1   
8.14845098 -1   
8.14995302 -1   
8.15147323 -1   
8.15272051 -1   
8.18620917 -1   
8.18770227 -1   
8.21091882 -1   
8.21243706 -1   
8.21391441 -1   
8.21518696 -1   
8.21668228 -1   
8.21793587 -1   
8.21943082 -1   
8.22091239 -1   
8.23915278 -1   
8.24066506 -1   
8.24217148 -1   
8.24342061 -1   
8.24491781 -1   
8.24502835 1    
8.24616908 -1   
8.24766551 -1   
8.24916613 -1   
8.26991262 -1   
8.27117104 -1   
8.27265108 -1   
8.27415095 -1   
8.27539995 -1   
8.27688649 -1   
8.29663966 -1   
8.29666799 1    
8.29789348 -1   
8.45892486 -1   
8.45932448 1    
8.46974086 1    
8.63299979 1    
9.31805147 -1   
9.31953339 -1   
9.32048598 -1   
9.32203267 -1   
9.32328600 -1   
9.43149458 -1   
9.43274600 -1   
9.43424287 -1   
9.47270712 -1   
9.47289493 1    
9.47394510 -1   
9.47544061 -1   
9.47693957 -1   
9.47818837 -1   
9.47969198 -1   
9.48119317 -1   
9.48244329 -1   
9.48393899 -1   
9.48519173 -1   
9.48670467 -1   
9.48820713 -1   
9.48943705 -1   
9.49009495 -1   
9.51417668 -1   
9.51567226 -1   
9.57814317 -1   
9.57963207 -1   
9.58113234 -1   
9.61737127 -1   
9.61885855 -1   
9.62035712 -1   
9.62160975 -1   
9.62310671 -1   
9.62461066 -1   
9.63439535 1    
9.67486648 -1   
9.68734683 -1   
9.68858769 -1   
9.79706243 1    
9.84805019 -1   
9.95972012 1    
10.42291207 -1   
10.42442137 -1   
10.42479980 -1   
10.56985120 -1   
10.57133775 -1   
10.58696674 -1   
10.61893338 1    
10.62877478 1    
10.74883802 -1   
10.78050652 1    
11.02103132 1    
11.18252621 1    
11.23469211 -1   
11.23593298 -1   
11.23618460 -1   
11.29016291 -1   
11.29165400 -1   
11.34488027 -1   
11.34637337 -1   
11.34787254 -1   
11.37361480 -1   
11.37510844 -1   
11.37660715 -1   
11.39984613 -1   
11.40134395 -1   
11.40284199 -1   
11.40409098 -1   
11.40633909 -1   
11.43932968 -1   
11.43950497 1    
11.44056948 -1   
11.45356301 -1   
11.45506143 -1   
11.45630852 -1   
11.45781049 -1   
11.50853555 -1   
11.50977811 -1   
11.51327804 -1   
11.51477305 -1   
11.51602580 -1   
11.51752292 -1   
11.53701917 -1   
11.53851025 -1   
11.53975940 -1   
11.54125982 -1   
11.54251148 -1   
11.54400613 -1   
11.56325266 -1   
11.56449489 -1   
11.56599959 -1   
11.56749216 -1   
11.56874586 -1   
11.57024354 -1   
11.57174304 -1   
11.57298959 -1   
11.57449090 -1   
11.57573846 -1   
11.60248161 -1   
11.60397093 -1   
11.61672472 -1   
11.61676755 1    
11.61821860 -1   
11.61971292 -1   
11.62096202 -1   
11.62246205 -1   
11.62371566 -1   
11.62521192 -1   
11.62671169 -1   
11.66044797 -1   
11.66169220 -1   
11.67318786 -1   
11.67468484 -1   
11.67618133 -1   
11.67743457 -1   
11.67892968 -1   
11.68043151 -1   
11.68168050 -1   
11.68317675 -1   
11.68442605 -1   
11.68593070 -1   
11.68742490 -1   
11.68867751 -1   
11.70192098 -1   
11.70206322 1    
11.70341527 -1   
11.70466386 -1   
11.70616846 -1   
11.70741193 -1   
11.70891504 -1   
11.71041182 -1   
11.71166264 -1   
11.71316026 -1   
11.71465852 -1   
11.71590957 -1   
11.71741134 -1   
11.72765993 -1   
11.72915388 -1   
11.73064964 -1   
11.73190171 -1   
11.73339830 -1   
11.73464818 -1   
11.73614710 -1   
11.73765066 -1   
11.73889417 -1   
11.74039671 -1   
11.74164558 -1   
11.74314499 -1   
11.74464106 -1   
11.74589025 -1   
11.74738990 -1   
11.74889232 -1   
11.75013832 -1   
11.75163970 -1   
11.75288588 -1   
11.75438939 -1   
11.76738353 -1   
11.76862692 -1   
11.77012728 -1   
11.77162830 -1   
11.78262536 -1   
11.78266210 1    
11.78412156 -1   
11.78536911 -1   
11.78686956 -1   
11.78811659 -1   
11.78961647 -1   
11.79111457 -1   
11.79236748 -1   
11.79386488 -1   
11.79511433 -1   
11.79661216 -1   
11.79812898 -1   
11.79935986 -1   
11.80085882 -1   
11.82385799 -1   
11.82534923 -1   
11.82659477 -1   
11.82809575 -1   
11.83659211 -1   
11.83783848 -1   
11.83933865 -1   
11.84059021 -1   
11.84208694 -1   
11.84358792 -1   
11.84483353 -1   
11.84633611 -1   
11.84758239 -1   
11.84908039 -1   
11.84914351 1    
11.85058439 -1   
11.85182974 -1   
11.85333307 -1   
11.85457831 -1   
11.85607975 -1   
11.85757849 -1   
11.85882634 -1   
11.86032428 -1   
11.86158016 -1   
11.86307460 -1   
11.86457561 -1   
11.86582328 -1   
11.86732755 -1   
11.86856970 -1   
11.87006986 -1   
11.87156937 -1   
11.87282072 -1   
11.87431942 -1   
11.87556902 -1   
11.87706540 -1   
11.87856706 -1   
11.87981401 -1   
11.88131420 -1   
11.88281337 -1   
11.88406402 -1   
11.88556212 -1   
11.88681237 -1   
11.88830933 -1   
11.88981273 -1   
11.89105889 -1   
11.89255648 -1   
11.89405738 -1   
11.89555882 -1   
11.89680391 -1   
11.89840701 1    
11.89980233 -1   
11.90130339 -1   
11.90255575 -1   
11.90405079 -1   
11.90555353 -1   
11.90680008 -1   
11.90830032 -1   
11.90979762 -1   
11.91104891 -1   
11.91254732 -1   
11.91379900 -1   
11.91529394 -1   
11.91679707 -1   
11.91804371 -1   
11.91954051 -1   
11.92079059 -1   
11.92229348 -1   
11.92344295 1    
11.92379041 -1   
11.92504186 -1   
11.92653992 -1   
11.92803582 -1   
11.92928777 -1   
11.93078647 -1   
11.93203702 -1   
11.93353489 -1   
11.93503564 -1   
11.93628183 -1   
11.93778445 -1   
11.93903052 -1   
11.94052985 -1   
11.94202931 -1   
11.94328045 -1   
11.94477693 -1   
11.94628120 -1   
11.94752586 -1   
11.94902681 -1   
11.95027535 -1   
11.95177385 -1   
11.95297104 1    
11.95326675 -1   
11.95452531 -1   
11.95602413 -1   
11.95727274 -1   
11.95877462 -1   
11.96026851 -1   
11.96152057 -1   
11.96301816 -1   
11.96451934 -1   
11.96576730 -1   
11.96726795 -1   
11.96851351 -1   
11.97001621 -1   
11.97151466 -1   
11.97276106 -1   
11.97277714 1    
11.97426505 -1   
11.97550985 -1   
11.97701243 -1   
11.97850856 -1   
11.97976179 -1   
11.98125832 -1   
11.98250536 -1   
11.98400398 -1   
11.98550692 -1   
11.98675267 -1   
11.98825482 -1   
11.98950243 -1   
11.99100473 -1   
11.99249967 -1   
11.99374958 -1   
11.99524748 -1   
11.99650070 -1   
11.99662065 1    
11.99800191 -1   
11.99949672 -1   
12.00074852 -1   
12.00224595 -1   
12.00349425 -1   
12.00499382 -1   
12.00649465 -1   
12.00774109 -1   
12.00924386 -1   
12.01048952 -1   
12.01249088 -1   
12.01398901 -1   
12.01548993 -1   
12.01673539 -1   
12.01823867 -1   
12.01948378 -1   
12.02098636 -1   
12.02248408 -1   
12.02373216 -1   
12.02523536 -1   
12.02648233 -1   
12.02797982 -1   
12.02948223 -1   
12.03072874 -1   
12.03222932 -1   
12.03372632 -1   
12.03497522 -1   
12.03647613 -1   
12.03772689 -1   
12.03922458 -1   
12.04072557 -1   
12.04197166 -1   
12.04347367 -1   
12.04472017 -1   
12.04797368 -1   
12.04921965 -1   
12.05071889 -1   
12.05221409 -1   
12.05346727 -1   
12.05496354 -1   
12.05621598 -1   
12.05771468 -1   
12.05921531 -1   
12.06046464 -1   
12.06196089 -1   
12.06320976 -1   
12.06471245 -1   
12.06620937 -1   
12.06629649 1    
12.06746047 -1   
12.06895527 -1   
12.07045694 -1   
12.07170441 -1   
12.07320718 -1   
12.07445497 -1   
12.07595425 -1   
12.07745102 -1   
12.07870375 -1   
12.08019942 -1   
12.08145155 -1   
12.08294837 -1   
12.08444997 -1   
12.08569794 -1   
12.08719869 -1   
12.08844439 -1   
12.08995272 -1   
12.09144570 -1   
12.09269182 -1   
12.09419207 -1   
12.09544239 -1   
12.09693889 -1   
12.09844167 -1   
12.09968850 -1   
12.10119337 -1   
12.10243743 -1   
12.10393521 -1   
12.10543827 -1   
12.10668725 -1   
12.10818277 -1   
12.10968681 -1   
12.11093144 -1   
12.11243345 -1   
12.11393125 -1   
12.11509576 1    
12.11517832 -1   
12.11668107 -1   
12.11818473 -1   
12.11942841 -1   
12.12092858 -1   
12.12242749 -1   
12.12367435 -1   
12.12517413 -1   
12.12642756 -1   
12.12792227 -1   
12.12942518 -1   
12.13067026 -1   
12.13219392 -1   
12.13368730 -1   
12.13491778 -1   
12.13641881 -1   
12.13767053 -1   
12.13916672 -1   
12.14068552 -1   
12.14191423 -1   
12.14343404 -1   
12.14466365 -1   
12.14616485 -1   
12.14766212 -1   
12.14890973 -1   
12.15463924 1    
12.16020244 1    
12.20188876 -1   
12.20340409 -1   
12.21188419 -1   
12.21337462 -1   
12.21487477 -1   
12.21612447 -1   
12.21764755 -1   
12.21889760 -1   
12.22039938 -1   
12.22186994 -1   
12.22315227 -1   
12.22463941 -1   
12.22614112 -1   
12.22738705 -1   
12.22886822 -1   
12.23012691 -1   
12.24913116 -1   
12.25062336 -1   
12.25187803 -1   
12.25337825 -1   
12.25462768 -1   
12.25610023 -1   
12.25762509 -1   
12.25887113 -1   
12.26037095 -1   
12.26162055 -1   
12.26309526 -1   
12.26460953 -1   
12.26586852 -1   
12.26736422 -1   
12.26861554 -1   
12.27011340 -1   
12.27161532 -1   
12.32082938 -1   
12.32184292 1    
12.40503727 -1   
12.40653198 -1   
12.40778861 -1   
12.40928409 -1   
12.41053161 -1   
12.41203260 -1   
12.41352703 -1   
12.41478034 -1   
12.41628672 -1   
12.41753098 -1   
12.41903433 -1   
12.42052948 -1   
12.42175913 -1   
12.42325328 -1   
12.42452495 -1   
12.42600243 -1   
12.42752410 -1   
12.42874994 -1   
12.43025254 -1   
12.43151743 -1   
12.43302174 -1   
12.43452813 -1   
12.43577286 -1   
12.43726733 -1   
12.43851820 -1   
12.43999366 -1   
12.44151890 -1   
12.44276327 -1   
12.44426750 -1   
12.44875670 -1   
12.45025890 -1   
12.45150897 -1   
12.48395209 -1   
12.52945357 -1   
12.52950123 1    
12.53069214 -1   
12.54769154 -1   
12.54918457 -1   
12.55043028 -1   
12.55193179 -1   
12.55342824 -1   
12.55467597 -1   
12.55617711 -1   
12.55770264 -1   
12.55894732 -1   
12.56045008 -1   
12.56169783 -1   
12.56317779 -1   
12.56467092 -1   
12.56592304 -1   
12.56596656 1    
12.56742172 -1   
12.56891837 -1   
12.57191996 -1   
12.57316811 -1   
12.57468741 -1   
12.57594020 -1   
12.57744136 -1   
12.57893793 -1   
12.58018737 -1   
12.58168462 -1   
12.58318371 -1   
12.58443249 -1   
12.58593700 -1   
12.58718173 -1   
12.58866310 -1   
12.59018370 -1   
12.59143198 -1   
12.59290704 -1   
12.59417673 -1   
12.59715761 -1   
12.59867226 -1   
12.60017242 -1   
12.60141030 -1   
12.60290074 -1   
12.60414923 -1   
12.60565101 -1   
12.60715159 -1   
12.60839661 -1   
12.60990023 -1   
12.61139509 -1   
12.61264443 -1   
12.61416173 -1   
12.61541804 -1   
12.61691648 -1   
12.61841518 -1   
12.61966232 -1   
12.61980602 1    
12.62114117 -1   
12.62239075 -1   
12.62389074 -1   
12.62538758 -1   
12.62663851 -1   
12.62813640 -1   
12.62964055 -1   
12.63088295 -1   
12.63240558 -1   
12.63365496 -1   
12.63515718 -1   
12.63665193 -1   
12.63790733 -1   
12.63937993 -1   
12.64063165 -1   
12.64215339 -1   
12.64365146 -1   
12.64487666 -1   
12.64637918 -1   
12.64762857 -1   
12.64914831 -1   
12.65064719 -1   
12.65189905 -1   
12.65339676 -1   
12.65464001 -1   
12.65612121 -1   
12.65762260 -1   
12.65886758 -1   
12.66039585 -1   
12.66164180 -1   
12.66311948 -1   
12.66411948 1    
12.66462060 -1   
12.66586873 -1   
12.66736887 -1   
12.66861695 -1   
12.67011647 -1   
12.67163258 -1   
12.67286371 -1   
12.67435948 -1   
12.67560780 -1   
12.67710799 -1   
12.67860913 -1   
12.67985566 -1   
12.68138488 -1   
12.68287875 -1   
12.68410661 -1   
12.68562838 -1   
12.68687934 -1   
12.68837617 -1   
12.68985412 -1   
12.69109941 -1   
12.69260013 -1   
12.69386986 -1   
12.69535277 -1   
12.69687180 -1   
12.69809547 -1   
12.69961975 -1   
12.70109883 -1   
12.70234650 -1   
12.70356441 -1   
12.70358566 1    
12.71361942 -1   
12.71509140 -1   
12.71633844 -1   
12.71786089 -1   
12.71908645 -1   
12.72060855 -1   
12.72210782 -1   
12.72335380 -1   
12.72483535 -1   
12.72608070 -1   
12.72757784 -1   
12.72907769 -1   
12.73035417 -1   
12.73182641 -1   
12.73333346 -1   
12.73455419 1    
12.73457719 -1   
12.73607944 -1   
12.73732696 -1   
12.73882242 -1   
12.74032579 -1   
12.74157295 -1   
12.74307149 -1   
12.74431744 -1   
12.74582476 -1   
12.74732464 -1   
12.74856766 -1   
12.75006883 -1   
12.75158933 -1   
12.75283792 -1   
12.75433721 -1   
12.75556313 -1   
12.75706487 -1   
12.75856061 -1   
12.75980901 -1   
12.76131020 -1   
12.76256442 -1   
12.76405802 -1   
12.76558256 -1   
12.76757968 -1   
12.76882829 -1   
12.77031965 -1   
12.77155787 -1   
12.77271820 1    
12.77305384 -1   
12.77455394 -1   
12.77580252 -1   
12.77729965 -1   
12.77879904 -1   
12.78004735 -1   
12.78155336 -1   
12.78304791 -1   
12.78430117 -1   
12.78579980 -1   
12.78704844 -1   
12.78856089 -1   
12.79004655 -1   
12.79129204 -1   
12.79279333 -1   
12.79429047 -1   
12.79555896 -1   
12.79704098 -1   
12.79829201 -1   
12.79978679 -1   
12.80128639 -1   
12.80253466 -1   
12.80403653 -1   
12.80528700 -1   
12.80678736 -1   
12.80828279 -1   
12.80953461 -1   
12.81102969 -1   
12.81252891 -1   
12.81378072 -1   
12.81528337 -1   
12.81646301 1    
12.81653142 -1   
12.81803403 -1   
12.81953272 -1   
12.82078119 -1   
12.82227571 -1   
12.82352414 -1   
12.82502450 -1   
12.82702084 -1   
12.82852267 -1   
12.82977545 -1   
12.83127166 -1   
12.83254342 -1   
12.83404516 -1   
12.83554122 -1   
12.83679339 -1   
12.83828875 -1   
12.83951936 -1   
12.84101324 -1   
12.84251535 -1   
12.84376087 -1   
12.84526169 -1   
12.84651068 -1   
12.84801574 -1   
12.84951432 -1   
12.85076489 -1   
12.85226226 -1   
12.85351503 -1   
12.85500514 -1   
12.85650674 -1   
12.85775614 -1   
12.85925609 -1   
12.86050260 -1   
12.86200780 -1   
12.86214393 1    
12.86350372 -1   
12.86475143 -1   
12.86624920 -1   
12.86749798 -1   
12.86899949 -1   
12.87049677 -1   
12.87174874 -1   
12.87324623 -1   
12.87449691 -1   
12.87599979 -1   
12.87749715 -1   
12.87874186 -1   
12.88024398 -1   
12.88174118 -1   
12.88299303 -1   
12.88448991 -1   
12.88575379 -1   
12.88725430 -1   
12.88873949 -1   
12.88998886 -1   
12.89008199 1    
12.89298401 -1   
12.89448373 -1   
12.89598470 -1   
12.89725705 -1   
12.89875744 -1   
12.90022933 -1   
12.90150556 -1   
12.90299994 -1   
12.90425244 -1   
12.90574629 -1   
12.90698036 -1   
12.90847641 -1   
12.90997857 -1   
12.91122404 -1   
12.91422558 -1   
12.91572675 -1   
12.91697130 -1   
12.91847024 -1   
12.91997037 -1   
12.92091774 -1   
12.92092859 1    
12.92246897 -1   
12.92371723 -1   
12.92523701 -1   
12.92673682 -1   
12.92798804 -1   
12.92946765 -1   
12.93073579 -1   
12.93223292 -1   
12.93373351 -1   
12.93498203 -1   
12.93648477 -1   
12.93795808 -1   
12.93921104 -1   
12.94070810 -1   
12.94196023 -1   
12.94347872 -1   
12.94495461 -1   
12.99368490 -1   
12.99430405 1    
12.99518336 -1   
13.00317698 -1   
13.00469351 -1   
13.00591973 -1   
13.00744352 -1   
13.00866710 -1   
13.01483713 1    
13.03590962 -1   
13.03740364 -1   
13.03890636 -1   
13.04665352 -1   
13.04789856 -1   
13.04939447 -1   
13.08399465 -1   
13.08403165 1    
13.16008969 -1   
13.16158205 -1   
13.24691757 -1   
13.24706613 1    
13.26880388 -1   
13.27029346 -1   
13.30802596 -1   
13.30952119 -1   
13.31077069 -1   
13.31226692 -1   
13.31349699 -1   
13.31499145 -1   
13.31652041 -1   
13.31776768 -1   
13.31926676 -1   
13.32051844 -1   
13.32199456 -1   
13.32348942 -1   
13.32476502 -1   
13.32626369 -1   
13.32751312 -1   
13.32898505 -1   
13.35647893 -1   
13.35797072 -1   
13.35921843 -1   
13.36071596 -1   
13.36196482 -1   
13.36346633 -1   
13.36496520 -1   
13.36623666 -1   
13.36773614 -1   
13.36898533 -1   
13.37048779 -1   
13.37195984 -1   
13.37323142 -1   
13.37473375 -1   
13.37623505 -1   
13.37748297 -1   
13.37898025 -1   
13.38022638 -1   
13.38034214 1    
13.38172873 -1   
13.38322927 -1   
13.38448031 -1   
13.38597787 -1   
13.38722795 -1   
13.38872172 -1   
13.39020568 -1   
13.39144859 -1   
13.39294605 -1   
13.39444744 -1   
13.39569781 -1   
13.39719721 -1   
13.39845217 -1   
13.39994736 -1   
13.40144940 -1   
13.40269523 -1   
13.40419002 -1   
13.40544283 -1   
13.40694453 -1   
13.40870885 -1   
13.40871966 1    
13.41946254 -1   
13.42070637 -1   
13.42220407 -1   
13.42343154 -1   
13.42493152 -1   
13.42642965 -1   
13.42767956 -1   
13.42920578 -1   
13.43042868 -1   
13.43193430 -1   
13.43342638 -1   
13.43467472 -1   
13.43617809 -1   
13.46166729 -1   
13.46316271 -1   
13.46440997 -1   
13.46590619 -1   
13.46718560 -1   
13.46867838 -1   
13.49367973 -1   
13.49514249 -1   
13.49664146 -1   
13.49788719 -1   
13.49799728 1    
13.49941162 -1   
13.50065644 -1   
13.50216113 -1   
13.50365745 -1   
13.50490901 -1   
13.50638334 -1   
13.50763166 -1   
13.50916177 -1   
13.51065823 -1   
13.51190436 -1   
13.51338257 -1   
13.51488293 -1   
13.51613254 -1   
13.51987972 -1   
13.57307513 -1   
13.57313122 1    
13.59561549 -1   
13.59708125 -1   
13.60533119 -1   
13.62507378 -1   
13.62656763 -1   
13.64556079 -1   
13.64680574 -1   
13.64830609 -1   
13.73569023 -1   
13.73572695 1    
13.75724979 -1   
13.86619134 -1   
13.86742896 -1   
13.89517160 -1   
13.89666131 -1   
13.89816385 -1   
13.89841519 -1   
13.89856437 1    
13.99286201 -1   
13.99435374 -1   
14.06129270 -1   
14.14552548 -1   
14.17282928 1    
14.19753718 1    
14.26365666 -1   
14.27737430 1    
14.36096759 1    
14.78667955 -1   
14.78817258 -1   
14.78840035 -1   
14.84862825 -1   
14.85014154 -1   
14.85163552 -1   
14.85288730 -1   
14.85438867 -1   
14.85563600 -1   
14.85713679 -1   
14.85863521 -1   
14.85988508 -1   
14.86138490 -1   
14.86292897 -1   
14.86463036 -1   
14.86473684 1    
14.86610944 -1   
14.86762431 -1   
14.86887503 -1   
14.87037363 -1   
14.89459861 -1   
14.89583825 -1   
14.89734063 -1   
14.93384699 -1   
14.93534292 -1   
14.93658472 -1   
14.98884047 -1   
15.09723279 -1   
15.09756256 1    
15.09874196 -1   
15.09996981 -1   
15.10147299 -1   
15.10271869 -1   
15.10421947 -1   
15.10571777 -1   
15.10697008 -1   
15.11046854 -1   
15.11196656 -1   
15.11609580 1    
15.11871483 -1   
15.12020808 -1   
15.12146098 -1   
15.12295922 -1   
15.12423193 -1   
15.12572737 -1   
15.12720726 -1   
15.12845309 -1   
15.14694930 -1   
15.14844314 -1   
15.14971501 -1   
15.15120743 -1   
15.15244616 -1   
15.15394032 -1   
15.15544276 -1   
15.15669305 -1   
15.15819344 -1   
15.15943626 -1   
15.16093767 -1   
15.16243517 -1   
15.16369949 -1   
15.16518276 -1   
15.16645306 -1   
15.16793170 -1   
15.16945533 -1   
15.17068165 -1   
15.17218097 -1   
15.17368082 -1   
15.17493019 -1   
15.17644465 -1   
15.17769448 -1   
15.17917548 -1   
15.18067642 -1   
15.18192456 -1   
15.18203811 1    
15.18342558 -1   
15.18467308 -1   
15.19588347 -1   
15.21668088 -1   
15.21792820 -1   
15.23616479 -1   
15.23766629 -1   
15.23891290 -1   
15.26616826 -1   
15.26619989 1    
15.26764875 -1   
15.37980467 -1   
15.47056541 1    
15.73014171 -1   
15.73163159 -1   
15.73199026 -1   
15.75787289 -1   
15.75936554 -1   
15.76061853 -1   
15.76073783 1    
15.76211673 -1   
15.76361340 -1   
15.76636392 -1   
15.76760935 -1   
15.76910883 -1   
15.77035932 -1   
15.77185897 -1   
15.77335758 -1   
15.77460345 -1   
15.77610373 -1   
15.80607275 -1   
15.80758615 -1   
15.80883799 -1   
15.81683490 -1   
15.81833866 -1   
15.81983203 -1   
15.82106001 -1   
15.82257928 -1   
15.82405813 -1   
15.82532687 -1   
15.82682783 -1   
15.82805280 -1   
15.82957761 -1   
15.83107335 -1   
15.83232944 -1   
15.83382247 -1   
15.83505124 -1   
15.83656853 -1   
15.83807627 -1   
15.83931862 -1   
15.84081950 -1   
15.84231666 -1   
15.84356938 -1   
15.84507740 -1   
15.84629529 -1   
15.84781606 -1   
15.84931767 -1   
15.84941612 1    
15.85056459 -1   
15.85256622 -1   
15.85681466 -1   
15.85831091 -1   
15.85955916 -1   
15.86655709 -1   
15.86805779 -1   
15.86930601 -1   
15.87080624 -1   
15.87228038 -1   
15.89473161 -1   
15.96253510 1    
15.97050266 -1   
15.97197037 -1   
15.97347484 -1   
16.01894875 -1   
16.02046550 -1   
16.02194837 -1   
16.02319241 -1   
16.02469389 -1   
16.02594055 -1   
16.02743936 -1   
16.02893935 -1   
16.03018925 -1   
16.03170278 -1   
16.03293911 -1   
16.03445089 -1   
16.03593713 -1   
16.03720549 -1   
16.03868216 -1   
16.04020351 -1   
16.04145677 -1   
16.04293050 -1   
16.04420479 -1   
16.04567989 -1   
16.04721041 -1   
16.04844773 -1   
16.04992643 -1   
16.05117532 -1   
16.05270033 -1   
16.05419614 -1   
16.05542629 -1   
16.05692380 -1   
16.05842339 -1   
16.05967044 -1   
16.06142098 -1   
16.06292023 -1   
16.06442107 -1   
16.07116925 -1   
16.07133584 1    
16.07266515 -1   
16.07391579 -1   
16.07543615 -1   
16.07666041 -1   
16.07816380 -1   
16.07967598 -1   
16.08091200 -1   
16.08241096 -1   
16.08365694 -1   
16.08517885 -1   
16.08668117 -1   
16.08790370 -1   
16.08940682 -1   
16.09090672 -1   
16.09217741 -1   
16.09367651 -1   
16.09515030 -1   
16.09664855 -1   
16.09790137 -1   
16.09939784 -1   
16.10064962 -1   
16.10214789 -1   
16.10366451 -1   
16.10489474 -1   
16.10639348 -1   
16.10764316 -1   
16.10914589 -1   
16.11065741 -1   
16.11077683 1    
16.11189409 -1   
16.11339186 -1   
16.11463957 -1   
16.11613901 -1   
16.11765700 -1   
16.11888906 -1   
16.12038969 -1   
16.12163693 -1   
16.12230227 -1   
16.12415607 -1   
16.12563569 -1   
16.12688251 -1   
16.12838562 -1   
16.12963238 -1   
16.13113243 -1   
16.13262919 -1   
16.13388200 -1   
16.13539509 -1   
16.13662635 -1   
16.13812645 -1   
16.13962721 -1   
16.14087408 -1   
16.14237598 -1   
16.14362304 -1   
16.14512349 -1   
16.14662087 -1   
16.14786959 -1   
16.14937032 -1   
16.15062048 -1   
16.15211680 -1   
16.15362052 -1   
16.15486527 -1   
16.15636672 -1   
16.15763083 -1   
16.15911415 -1   
16.15912952 1    
16.16061626 -1   
16.16186367 -1   
16.16336624 -1   
16.16461002 -1   
16.16611276 -1   
16.16761026 -1   
16.16885820 -1   
16.17035806 -1   
16.17185938 -1   
16.17310551 -1   
16.17460750 -1   
16.17585432 -1   
16.17735649 -1   
16.17885494 -1   
16.18010261 -1   
16.18160198 -1   
16.18285533 -1   
16.18434826 -1   
16.18586145 -1   
16.18709738 -1   
16.18826277 1    
16.18861530 -1   
16.19009597 -1   
16.19136969 -1   
16.19287103 -1   
16.19409600 -1   
16.19560999 -1   
16.19709425 -1   
16.19836549 -1   
16.19986355 -1   
16.20108938 -1   
16.20261224 -1   
16.20408906 -1   
16.20536407 -1   
16.20685982 -1   
16.20835996 -1   
16.20960593 -1   
16.21110541 -1   
16.21235635 -1   
16.21385700 -1   
16.21535366 -1   
16.21660430 -1   
16.21810278 -1   
16.21935539 -1   
16.22084945 -1   
16.22234978 -1   
16.22359841 -1   
16.22510349 -1   
16.22657656 -1   
16.22784818 -1   
16.22932458 -1   
16.23057354 -1   
16.23207099 -1   
16.23357063 -1   
16.23482251 -1   
16.23633794 -1   
16.23759132 -1   
16.23907121 -1   
16.24058965 -1   
16.24068618 1    
16.24184004 -1   
16.24333824 -1   
16.24458916 -1   
16.24608587 -1   
16.24758717 -1   
16.24883253 -1   
16.25033433 -1   
16.25158557 -1   
16.25308456 -1   
16.25458170 -1   
16.25582859 -1   
16.25732465 -1   
16.25857976 -1   
16.26007735 -1   
16.26157694 -1   
16.26282666 -1   
16.26432071 -1   
16.26557606 -1   
16.26705374 -1   
16.26857170 -1   
16.26982622 -1   
16.27129869 -1   
16.27254862 -1   
16.27407010 -1   
16.27557106 -1   
16.27681821 -1   
16.27879744 -1   
16.28031671 -1   
16.28156663 -1   
16.28306523 -1   
16.28456588 -1   
16.28580794 -1   
16.28731772 -1   
16.28854023 -1   
16.29006730 -1   
16.29156004 -1   
16.29280697 -1   
16.29430915 -1   
16.29580913 -1   
16.29705617 -1   
16.29855711 -1   
16.29980320 -1   
16.30130696 -1   
16.30280272 -1   
16.30405237 -1   
16.30553022 -1   
16.30678185 -1   
16.30691033 1    
16.30830347 -1   
16.30979983 -1   
16.31105010 -1   
16.31252501 -1   
16.31404801 -1   
16.31529630 -1   
16.31679893 -1   
16.31829476 -1   
16.31954658 -1   
16.32104272 -1   
16.32254329 -1   
16.32379046 -1   
16.32529156 -1   
16.32653988 -1   
16.32804016 -1   
16.32953895 -1   
16.33079055 -1   
16.33228532 -1   
16.33238164 1    
16.33353670 -1   
16.33501516 -1   
16.33653594 -1   
16.33778368 -1   
16.33926339 -1   
16.34076026 -1   
16.34201441 -1   
16.34350807 -1   
16.34475648 -1   
16.34625758 -1   
16.34778411 -1   
16.34902730 -1   
16.35053140 -1   
16.35177671 -1   
16.35328090 -1   
16.35477362 -1   
16.35602373 -1   
16.35752234 -1   
16.35902717 -1   
16.36027278 -1   
16.36177372 -1   
16.36301801 -1   
16.36452232 -1   
16.36601750 -1   
16.36727037 -1   
16.36876548 -1   
16.37001709 -1   
16.37151253 -1   
16.37299409 -1   
16.37367622 -1   
16.37549232 -1   
16.37673976 -1   
16.37823836 -1   
16.37948882 -1   
16.38098852 -1   
16.38248682 -1   
16.38257894 1    
16.38373760 -1   
16.38523388 -1   
16.38648241 -1   
16.38798175 -1   
16.38948518 -1   
16.39073045 -1   
16.39223244 -1   
16.39350440 -1   
16.39500528 -1   
16.39649904 -1   
16.39774954 -1   
16.39924788 -1   
16.40049890 -1   
16.40199594 -1   
16.40349788 -1   
16.40474386 -1   
16.40624742 -1   
16.40749455 -1   
16.40899254 -1   
16.41049289 -1   
16.41174499 -1   
16.41324063 -1   
16.41449177 -1   
16.41598927 -1   
16.41749042 -1   
16.41873555 -1   
16.42023617 -1   
16.42173297 -1   
16.42175458 1    
16.42323589 -1   
16.42448543 -1   
16.42600423 -1   
16.47818521 -1   
16.53691348 -1   
16.56640933 -1   
16.56765134 -1   
16.56915992 -1   
16.57040345 -1   
16.57190264 -1   
16.57339821 -1   
16.57464665 -1   
16.57615468 -1   
16.57739968 -1   
16.57887513 -1   
16.58039879 -1   
16.58164379 -1   
16.58314586 -1   
16.58464148 -1   
16.58589424 -1   
16.58739072 -1   
16.58864073 -1   
16.59014792 -1   
16.59164108 -1   
16.59288712 -1   
16.59438939 -1   
16.59563607 -1   
16.59713543 -1   
16.59726153 1    
16.59863574 -1   
16.59988321 -1   
16.60138806 -1   
16.60263111 -1   
16.60413334 -1   
16.60414853 1    
16.60563095 -1   
16.60687808 -1   
16.70127407 -1   
16.70282625 -1   
16.81049858 -1   
16.81199056 -1   
16.82026499 -1   
16.82148884 -1   
16.82298878 -1   
16.83098228 -1   
16.83113714 1    
16.83247920 -1   
16.83847502 -1   
16.83999893 -1   
16.84125395 -1   
16.84275030 -1   
16.84924238 -1   
16.85074144 -1   
16.85198786 -1   
16.85349149 -1   
16.85473565 -1   
16.85621688 -1   
16.85773548 -1   
16.85898643 -1   
16.86048385 -1   
16.86171388 -1   
16.86323226 -1   
16.86402651 -1   
16.87747762 -1   
16.87895582 -1   
16.88047332 -1   
16.88172314 -1   
16.88322405 -1   
16.88447208 -1   
16.88597272 -1   
16.89619799 -1   
16.89771293 -1   
16.90671078 -1   
16.90820664 -1   
16.90970640 -1   
16.91720206 -1   
16.91870367 -1   
16.92969991 -1   
16.93119708 -1   
16.96016352 -1   
16.96140692 -1   
17.03812268 -1   
17.03816174 1    
17.03894697 -1   
17.20654676 -1   
17.20658597 1    
17.20803872 -1   
17.24196745 -1   
24.37879294 -1   
25.64831085 -1   
25.64846113 1    
25.95861136 -1   
25.95876542 1    
27.31566743 1    
27.32419639 1    
27.32448774 1    
27.47844178 1    
28.06176407 -1   
