0.00000000 1    
3.01139365 -1   
3.27366656 -1   
3.51537543 1    
3.51557584 -1   
3.67725092 -1   
3.71909498 1    
3.91919797 -1   
4.08229445 1    
4.08256725 -1   
4.27969214 1    
4.28001160 -1   
4.53528824 1    
4.91976502 -1   
5.11345301 1    
5.11374020 -1   
5.29585822 1    
5.29618591 -1   
5.54221391 1    
5.90975581 1    
5.91028144 -1   
6.13446087 1    
6.15026641 1    
6.20599305 1    
6.31365496 1    
6.31382185 -1   
6.47518111 1    
6.47553567 -1   
6.54081030 1    
6.56203357 1    
6.56352762 1    
6.63780236 1    
6.89794027 1    
6.89893161 -1   
7.31784892 1    
7.31909166 1    
7.31947336 1    
7.40405357 1    
7.52326226 1    
7.52556085 -1   
7.71442289 -1   
7.94234012 1    
8.09540811 1    
8.09690255 1    
8.14292080 1    
8.17627611 -1   
8.33561225 1    
8.33578526 -1   
8.38928478 -1   
8.77826567 1    
8.77975696 1    
8.78013765 1    
8.82398787 1    
8.82548433 1    
8.82673026 1    
8.82823492 1    
8.82948162 1    
8.83098023 1    
8.86746684 1    
9.01213547 1    
9.01362374 1    
9.01512739 1    
9.01637565 1    
9.02337265 1    
9.02351766 -1   
9.02486787 1    
9.02611608 1    
9.02761629 1    
9.02911407 1    
9.03036491 1    
9.03186159 1    
9.03311053 1    
9.03461371 1    
9.03611392 1    
9.03735823 1    
9.03886061 1    
9.04035786 1    
9.04160795 1    
9.04310482 1    
9.04435486 1    
9.17553934 1    
9.17703049 1    
9.17828118 1    
9.17977607 1    
9.18127845 1    
9.18252508 1    
9.18402601 1    
9.18527310 1    
9.18677531 1    
9.18827187 1    
9.18952416 1    
9.18953860 -1   
9.19102376 1    
9.19252040 1    
9.19376926 1    
9.19526719 1    
9.19651985 1    
9.19801542 1    
9.19951776 1    
9.20076494 1    
9.20226708 1    
9.20351219 1    
9.20501148 1    
9.20651096 1    
9.20776293 1    
9.20926032 1    
9.21076189 1    
9.21200857 1    
9.21350965 1    
9.21475996 1    
9.21625642 1    
9.21775395 1    
9.21900790 1    
9.22050368 1    
9.22175514 1    
9.22325150 1    
9.22475529 1    
9.22599921 1    
9.22751389 1    
9.22761840 -1   
9.24748866 1    
9.24873841 1    
9.34069345 1    
9.34193432 1    
9.34343532 1    
9.34493308 1    
9.34618465 1    
9.34768051 1    
9.34892958 1    
9.34987501 1    
9.35968040 -1   
9.39120985 -1   
9.79868116 1    
9.79992411 1    
9.80030329 1    
9.81817139 1    
9.81966522 1    
9.83915636 1    
9.84040523 1    
9.84189896 1    
9.85740119 1    
9.85756583 -1   
9.85889090 1    
9.86013853 1    
9.86163650 1    
9.86313631 1    
9.86738958 1    
9.86888419 1    
9.87013345 1    
9.87162948 1    
9.87313215 1    
9.87437910 1    
9.87762812 1    
9.87912595 1    
9.88038973 1    
9.88187389 1    
9.88337678 1    
9.88462517 1    
9.88612510 1    
9.88737298 1    
9.88887267 1    
9.89662293 1    
9.89812005 1    
9.89936553 1    
9.90087003 1    
9.90236527 1    
9.90836837 1    
9.92760590 1    
9.93690151 -1   
9.99161991 1    
10.07407464 -1   
10.48057273 1    
10.48181041 1    
10.48216242 1    
10.53950941 1    
10.54100387 1    
10.64518962 1    
10.67620101 -1   
10.68599460 -1   
10.83765409 -1   
11.07856799 -1   
11.09443986 1    
11.09592981 1    
11.09630820 1    
11.11417855 1    
11.11542250 1    
11.12491924 1    
11.12616655 1    
11.14342919 1    
11.14467389 1    
11.14617363 1    
11.14742372 1    
11.14892174 1    
11.15040298 1    
11.15166456 1    
11.15314986 1    
11.15466867 1    
11.16541311 1    
11.16663885 1    
11.16816562 1    
11.16940986 1    
11.17091157 1    
11.17240770 1    
11.24016497 -1   
11.25911148 1    
11.26060802 1    
11.26185958 1    
11.26335805 1    
11.27760558 1    
11.27884875 1    
11.28035000 1    
11.28184436 1    
11.28834729 1    
11.28958654 1    
11.29107012 1    
11.29231724 1    
11.30659014 1    
11.30805962 1    
11.30930753 1    
11.31082824 1    
11.31233150 1    
11.31357659 1    
11.31507919 1    
11.31655453 1    
11.31780497 1    
11.31930102 1    
11.32080067 1    
11.32204913 1    
11.32355205 1    
11.32505154 1    
11.32630306 1    
11.32780080 1    
11.32930144 1    
11.33054573 1    
11.33206806 1    
11.33216753 -1   
11.33329656 1    
11.33479349 1    
11.33632220 1    
11.33756759 1    
11.33906743 1    
11.34029056 1    
11.34178990 1    
11.34331047 1    
11.34456296 1    
11.34605839 1    
11.34728918 1    
11.34878658 1    
11.35030352 1    
11.42400367 1    
11.42405722 -1   
11.42524407 1    
11.42676616 1    
11.42826203 1    
11.42951678 1    
11.43101467 1    
11.43225931 1    
11.43373989 1    
11.44225775 1    
11.44375480 1    
11.44525311 1    
11.44649990 1    
11.44800166 1    
11.44925198 1    
11.45072739 1    
11.45222984 1    
11.45349609 1    
11.45499919 1    
11.45624642 1    
11.45772323 1    
11.45922020 1    
11.46050094 1    
11.46197049 1    
11.46325078 1    
11.47148772 1    
11.47298911 1    
11.47421253 1    
11.47572852 1    
11.47721605 1    
11.47730652 -1   
11.47848520 1    
11.47998270 1    
11.48121221 1    
11.48271501 1    
11.48420870 1    
11.48545767 1    
11.48698031 1    
11.48820742 1    
11.48972900 1    
11.49120288 1    
11.49247411 1    
11.49397264 1    
11.49522308 1    
11.49672907 1    
11.49822515 1    
11.49944855 1    
11.50096899 1    
11.50246271 1    
11.50372034 1    
11.50521781 1    
11.50644571 1    
11.50794381 1    
11.50946672 1    
11.51071339 1    
11.51221589 1    
11.51346060 1    
11.51496430 1    
11.51644073 1    
11.51771057 1    
11.51921018 1    
11.52071187 1    
11.52195767 1    
11.52345855 1    
11.52468527 1    
11.52618563 1    
11.52770750 1    
11.52893284 1    
11.53004297 -1   
11.53045149 1    
11.53170372 1    
11.53318229 1    
11.53470164 1    
11.53595274 1    
11.53744888 1    
11.53894694 1    
11.54019867 1    
11.54170037 1    
11.54317328 1    
11.54444933 1    
11.54594622 1    
11.54744255 1    
11.54868954 1    
11.55017295 1    
11.55141758 1    
11.55294431 1    
11.55443944 1    
11.55569117 1    
11.55716628 1    
11.55841425 1    
11.55991644 1    
11.58890672 1    
11.58894319 -1   
11.59014958 1    
11.59164479 1    
11.59314814 1    
11.59441795 1    
11.59591441 1    
11.59716426 1    
11.59866684 1    
11.60014255 1    
11.60141400 1    
11.60291266 1    
11.60416489 1    
11.60565854 1    
11.60715097 1    
11.60866124 1    
11.60990575 1    
11.61140713 1    
11.61265857 1    
11.61415466 1    
11.61565294 1    
11.61688393 1    
11.61840719 1    
11.61965310 1    
11.62115307 1    
11.62126879 -1   
11.62265271 1    
11.62387728 1    
11.62539124 1    
11.62689872 1    
11.62815074 1    
11.62964634 1    
11.63089822 1    
11.63237368 1    
11.63387441 1    
11.63512016 1    
11.63664282 1    
11.63789026 1    
11.63939167 1    
11.64086987 1    
11.64211857 1    
11.64363699 1    
11.64489051 1    
11.64638764 1    
11.64787996 1    
11.64913386 1    
11.65061485 1    
11.65070097 -1   
11.65211466 1    
11.65336061 1    
11.65488586 1    
11.65613120 1    
11.65760912 1    
11.65913851 1    
11.66036458 1    
11.66187747 1    
11.66313047 1    
11.66462658 1    
11.66610590 1    
11.66738882 1    
11.66887441 1    
11.67012158 1    
11.67162419 1    
11.67312146 1    
11.67435110 1    
11.67584810 1    
11.67710056 1    
11.67862685 1    
11.68011753 1    
11.68134490 1    
11.68286287 1    
11.68409642 1    
11.68561072 1    
11.68711362 1    
11.68834391 1    
11.68986042 1    
11.69110555 1    
11.69261040 1    
11.69410727 1    
11.69533628 1    
11.69686053 1    
11.69833548 1    
11.69958632 1    
11.70110720 1    
11.70233187 1    
11.70385323 1    
11.70535494 1    
11.70546893 -1   
11.70658337 1    
11.70807899 1    
11.70933220 1    
11.71085030 1    
11.71234839 1    
11.71359801 1    
11.71510063 1    
11.71659658 1    
11.71782662 1    
11.71934366 1    
11.72059667 1    
11.72209459 1    
11.72357048 1    
11.72482002 1    
11.72632159 1    
11.72758857 1    
11.72909469 1    
11.73058783 1    
11.73184097 1    
11.73193704 -1   
11.73331633 1    
11.73456508 1    
11.73606559 1    
11.73756139 1    
11.73881269 1    
11.74031018 1    
11.74181241 1    
11.74305927 1    
11.74456154 1    
11.74580564 1    
11.74730904 1    
11.74881814 1    
11.75005965 1    
11.75157017 1    
11.75282943 1    
11.75432358 1    
11.75582364 1    
11.75705160 1    
11.75855168 1    
11.76006714 1    
11.76130065 1    
11.76282371 1    
11.76432531 1    
11.76557039 1    
11.76704683 1    
11.76854523 1    
11.76856127 -1   
11.76981828 1    
11.77131429 1    
11.77257023 1    
11.77404708 1    
11.77554361 1    
11.77680813 1    
11.77831144 1    
11.77957427 1    
11.78131095 1    
11.78255871 1    
11.78404031 1    
11.78528338 1    
11.78678493 1    
11.78831054 1    
11.78969008 1    
11.79105323 1    
11.79228544 1    
11.79380254 1    
11.79530369 1    
11.79655169 1    
11.79804397 1    
11.79927822 1    
11.80079678 1    
11.80227547 1    
11.80354948 1    
11.80504251 1    
11.80516281 -1   
11.80627300 1    
11.80777195 1    
11.80927353 1    
11.81054314 1    
11.81204469 1    
11.81329104 1    
11.81479272 1    
11.81626883 1    
11.81753793 1    
11.81903749 1    
11.82028977 1    
11.82178492 1    
11.82326919 1    
11.82452937 1    
11.82603253 1    
11.82753363 1    
11.82878207 1    
11.83028172 1    
11.83153259 1    
11.83300879 1    
11.83451062 1    
11.83575532 1    
11.83725735 1    
11.83850465 1    
11.84000491 1    
11.84150298 1    
11.84275470 1    
11.84425093 1    
11.84575458 1    
11.84702307 1    
11.84853655 1    
11.85001858 1    
11.85124865 1    
11.85276995 1    
11.85426923 1    
11.85438065 -1   
11.85552058 1    
11.85702419 1    
11.85824270 1    
11.85974252 1    
11.86126596 1    
11.86251192 1    
11.86401698 1    
11.86512181 -1   
11.86526131 1    
11.86674308 1    
11.86823903 1    
11.86950786 1    
11.87101010 1    
11.87225826 1    
11.87373860 1    
11.87471054 -1   
11.87523301 1    
11.87650899 1    
11.87800269 1    
11.87923151 1    
11.88073492 1    
11.88222846 1    
11.88348128 1    
11.88497946 1    
11.88623070 1    
11.88774372 1    
11.88922659 1    
11.89048523 1    
11.89198202 1    
11.89349128 1    
11.89474383 1    
11.89622295 1    
11.89749496 1    
11.89897042 1    
11.90047214 1    
11.90171787 1    
11.90321974 1    
11.90449028 1    
11.90596832 1    
11.90746546 1    
11.90872062 1    
11.91021716 1    
11.91171447 1    
11.91296597 1    
11.91446584 1    
11.91570952 1    
11.91721258 1    
11.91733099 -1   
11.91871173 1    
11.91995922 1    
11.92145639 1    
11.92270548 1    
11.92420957 1    
11.92570477 1    
11.92695721 1    
11.92845546 1    
11.92995347 1    
11.93120013 1    
11.93270044 1    
11.93395108 1    
11.93545246 1    
11.93694996 1    
11.93819859 1    
11.93971298 1    
11.94094857 1    
11.94244649 1    
11.94394625 1    
11.94519351 1    
11.94671737 1    
11.94819240 1    
11.94944490 1    
11.95094369 1    
11.95219264 1    
11.95369021 1    
11.95393937 1    
11.95543746 1    
11.95694081 1    
11.95818505 1    
11.95820380 -1   
11.95970771 1    
11.96118537 1    
11.96245876 1    
11.96394979 1    
11.96518126 1    
11.96668621 1    
11.96818786 1    
11.96943088 1    
11.97093067 1    
11.97242910 1    
11.97368004 1    
11.97517580 1    
11.97642626 1    
11.97794042 1    
11.97944909 1    
11.98094523 1    
11.98217501 1    
11.98367107 1    
11.98517571 1    
11.98641985 1    
11.98791936 1    
11.98916729 1    
11.99067062 1    
11.99216604 1    
11.99342349 1    
11.99491852 1    
11.99616845 1    
11.99766390 1    
11.99916114 1    
12.00026989 -1   
12.00041482 1    
12.00191840 1    
12.00316217 1    
12.00466119 1    
12.00616086 1    
12.00740800 1    
12.00890804 1    
12.01015571 1    
12.01165809 1    
12.01317314 1    
12.01467256 1    
12.01590293 1    
12.01742348 1    
12.01892375 1    
12.02015429 1    
12.02167022 1    
12.02290207 1    
12.02439873 1    
12.02590062 1    
12.02714572 1    
12.02864688 1    
12.03014538 1    
12.03142037 1    
12.03292772 1    
12.03414543 1    
12.03425974 -1   
12.03566143 1    
12.03714119 1    
12.03838945 1    
12.03991091 1    
12.04114178 1    
12.04314161 1    
12.04465710 1    
12.04588509 1    
12.04741460 1    
12.04890586 1    
12.05013811 1    
12.05164822 1    
12.05313508 1    
12.05441429 1    
12.05590488 1    
12.05712967 1    
12.05862771 1    
12.06012828 1    
12.06139517 1    
12.06289864 1    
12.06437871 1    
12.06562703 1    
12.06712668 1    
12.06837529 1    
12.06988691 1    
12.07137089 1    
12.07262570 1    
12.07411985 1    
12.07537137 1    
12.07688907 1    
12.07837112 1    
12.07961599 1    
12.08111813 1    
12.08261625 1    
12.08386737 1    
12.08536262 1    
12.08663102 1    
12.08811182 1    
12.08963428 1    
12.09088146 1    
12.09236141 1    
12.09360880 1    
12.09511665 1    
12.09662479 1    
12.09788000 1    
12.09935548 1    
12.10085835 1    
12.10562903 1    
12.10709964 1    
12.10835047 1    
12.11666637 1    
12.11681192 -1   
12.16364324 -1   
12.16884150 1    
12.17031381 1    
12.17756699 1    
12.17880925 1    
12.18033382 1    
12.18182982 1    
12.18306021 1    
12.18455843 1    
12.18580830 1    
12.18732714 1    
12.18882921 1    
12.19007232 1    
12.19155595 1    
12.19306683 1    
12.19430282 1    
12.19581611 1    
12.19706577 1    
12.19856975 1    
12.20006086 1    
12.20129763 1    
12.20280056 1    
12.20429610 1    
12.20554983 1    
12.20704473 1    
12.20854434 1    
12.20979225 1    
12.21131669 1    
12.21256294 1    
12.21406285 1    
12.21554059 1    
12.21679265 1    
12.21828733 1    
12.21978835 1    
12.22106071 1    
12.22118159 -1   
12.22256174 1    
12.22378533 1    
12.22528477 1    
12.22680775 1    
12.22805555 1    
12.22955278 1    
12.23080427 1    
12.23231633 1    
12.23378094 1    
12.23502692 1    
12.23652868 1    
12.23802569 1    
12.23929735 1    
12.24077692 1    
12.24204080 1    
12.24355256 1    
12.24503614 1    
12.24629055 1    
12.24778734 1    
12.24929049 1    
12.25052119 1    
12.25204077 1    
12.25329231 1    
12.25478838 1    
12.25628875 1    
12.25751615 1    
12.25901527 1    
12.26027952 1    
12.26036192 -1   
12.26179057 1    
12.26327650 1    
12.26453198 1    
12.26601242 1    
12.26751284 1    
12.26876259 1    
12.27028135 1    
12.27152938 1    
12.27303185 1    
12.27452005 1    
12.27576849 1    
12.27725352 1    
12.27850585 1    
12.28002321 1    
12.28152524 1    
12.28275188 1    
12.28425520 1    
12.28575633 1    
12.28725600 1    
12.28849613 1    
12.28975042 1    
12.29125907 1    
12.29274769 1    
12.29424138 1    
12.29549065 1    
12.29699055 1    
12.29707262 -1   
12.29824291 1    
12.29973991 1    
12.30124249 1    
12.30251153 1    
12.30401223 1    
12.30525984 1    
12.30674019 1    
12.30825937 1    
12.30948765 1    
12.31100524 1    
12.31223619 1    
12.31375290 1    
12.31525236 1    
12.31648418 1    
12.31798251 1    
12.31925127 1    
12.32075438 1    
12.32224910 1    
12.32350190 1    
12.32499793 1    
12.32622470 1    
12.32772537 1    
12.32922643 1    
12.33047263 1    
12.33158586 -1   
12.33197582 1    
12.33322413 1    
12.33472404 1    
12.33622093 1    
12.33747248 1    
12.33898386 1    
12.34047123 1    
12.34171540 1    
12.34321793 1    
12.34346965 1    
12.34499275 1    
12.34621627 1    
12.34774147 1    
12.34921205 1    
12.35046519 1    
12.35198343 1    
12.35323328 1    
12.35473199 1    
12.35623012 1    
12.35745923 1    
12.35898143 1    
12.36020680 1    
12.36173418 1    
12.36322756 1    
12.36448054 1    
12.36597619 1    
12.36720237 1    
12.36870286 1    
12.37020233 1    
12.37144992 1    
12.37295095 1    
12.37296412 -1   
12.37420058 1    
12.37570014 1    
12.37719502 1    
12.37844486 1    
12.37996520 1    
12.38120915 1    
12.38271181 1    
12.38419507 1    
12.38544421 1    
12.38693981 1    
12.38819011 1    
12.38968858 1    
12.39119153 1    
12.39243780 1    
12.39396096 1    
12.39545605 1    
12.39671037 1    
12.39820448 1    
12.39945369 1    
12.40093408 1    
12.40243496 1    
12.40367999 1    
12.40518221 1    
12.40643061 1    
12.40793169 1    
12.40818983 -1   
12.40942708 1    
12.41069998 1    
12.41217902 1    
12.41370239 1    
12.41495090 1    
12.41642731 1    
12.41767656 1    
12.41917053 1    
12.42067094 1    
12.42191917 1    
12.42343709 1    
12.42491745 1    
12.42644392 1    
12.42769075 1    
12.42919295 1    
12.43366583 1    
12.44568990 1    
12.44580610 -1   
12.44693793 1    
12.44842814 1    
12.44992949 1    
12.45115364 1    
12.45268101 1    
12.45392687 1    
12.45542561 1    
12.45692541 1    
12.45815201 1    
12.45964973 1    
12.46117455 1    
12.46242245 1    
12.46392302 1    
12.46517118 1    
12.46664526 1    
12.46816932 1    
12.48566489 1    
12.50565424 1    
12.50687511 1    
12.50837185 1    
12.50988836 1    
12.51114137 1    
12.51264496 1    
12.51388944 1    
12.51539170 1    
12.51688593 1    
12.51813976 1    
12.51908673 1    
12.52088518 1    
12.52213496 1    
12.53563420 1    
12.53576634 -1   
12.55739347 1    
12.55743253 -1   
12.55861611 1    
12.56011043 1    
12.57834628 1    
12.67755681 1    
12.67904441 1    
12.68171625 1    
12.68552266 1    
12.68676821 1    
12.68827015 1    
12.68976595 1    
12.69101841 1    
12.69251957 1    
12.69376972 1    
12.69526661 1    
12.69676941 1    
12.69801104 1    
12.71301322 1    
12.71450139 1    
12.71575285 1    
12.72175422 1    
12.72300090 1    
12.72976704 1    
12.72978353 -1   
12.73126388 1    
12.73251471 1    
12.73399602 1    
12.73549197 1    
12.73674350 1    
12.73823898 1    
12.73949107 1    
12.74098851 1    
12.74248599 1    
12.74373429 1    
12.74523661 1    
12.74648259 1    
12.74998839 1    
12.75148306 1    
12.75298501 1    
12.75422931 1    
12.75572980 1    
12.75697900 1    
12.75848215 1    
12.75997709 1    
12.76123058 1    
12.76272383 1    
12.76285069 -1   
12.76400332 1    
12.76547411 1    
12.76697767 1    
12.76822360 1    
12.76972354 1    
12.77098397 1    
12.77247225 1    
12.77396889 1    
12.77522062 1    
12.77671844 1    
12.77821712 1    
12.77946382 1    
12.78096646 1    
12.78246306 1    
12.78371695 1    
12.78523568 1    
12.78646594 1    
12.78798401 1    
12.78948430 1    
12.79071078 1    
12.84471228 1    
12.84595090 1    
12.84689883 1    
12.92689774 1    
12.92695678 -1   
12.92813632 1    
12.92963075 1    
12.93338079 1    
12.93463172 1    
12.93613178 1    
12.94388150 1    
12.94537691 1    
12.97236435 1    
13.04849041 1    
13.15807185 -1   
13.18981125 -1   
13.27352800 -1   
13.31946135 -1   
13.65774362 1    
13.65897972 1    
13.65934517 1    
13.65968684 -1   
13.66996143 1    
13.67145495 1    
13.67295284 1    
13.67420211 1    
13.67570465 1    
13.67695206 1    
13.67847570 1    
13.67997187 1    
13.68122284 1    
13.68272131 1    
13.68397199 1    
13.68546823 1    
13.68697154 1    
13.68821810 1    
13.68969752 1    
13.69121818 1    
13.69247037 1    
13.69396661 1    
13.69521284 1    
13.69671616 1    
13.70970471 1    
13.71120399 1    
13.71245722 1    
13.71395130 1    
13.71545836 1    
13.71669682 1    
13.73019518 1    
13.74093672 1    
13.74242176 1    
13.74391373 1    
13.74516587 1    
13.74668747 1    
13.74782464 -1   
13.74916583 1    
13.75066146 1    
13.75191359 1    
13.75343285 1    
13.75493513 1    
13.75915661 1    
13.76067588 1    
13.76217466 1    
13.77390561 1    
13.77541604 1    
13.77667357 1    
13.77814444 1    
13.77966753 1    
13.78091533 1    
13.78241245 1    
13.78389592 1    
13.78514306 1    
13.78663919 1    
13.78789083 1    
13.78938722 1    
13.79088913 1    
13.79213670 1    
13.79363375 1    
13.79488419 1    
13.79639025 1    
13.79788259 1    
13.81563385 1    
13.81714417 1    
13.82209067 1    
13.82210891 -1   
13.82539168 1    
13.82689080 1    
13.82814392 1    
13.82963908 1    
13.83114096 1    
13.83236480 1    
13.83388758 1    
13.83513420 1    
13.83663246 1    
13.83813155 1    
13.83936204 1    
13.85338093 1    
13.85487767 1    
13.85612520 1    
13.85762149 1    
13.88433812 1    
13.98531480 1    
13.98536123 -1   
14.04075339 1    
14.04974911 1    
14.05099183 1    
14.05251271 1    
14.05400991 1    
14.05523473 1    
14.06573663 1    
14.06698022 1    
14.06848181 1    
14.06998178 1    
14.07123120 1    
14.07272989 1    
14.07423419 1    
14.07547574 1    
14.07697313 1    
14.07822616 1    
14.07972853 1    
14.08122391 1    
14.08247714 1    
14.08397127 1    
14.08522052 1    
14.08673356 1    
14.08821683 1    
14.08946660 1    
14.09096775 1    
14.09221534 1    
14.09371528 1    
14.09521152 1    
14.09646392 1    
14.09796074 1    
14.09920935 1    
14.10071016 1    
14.10221050 1    
14.10348134 1    
14.10496340 1    
14.10503926 -1   
14.10620950 1    
14.10770564 1    
14.10920418 1    
14.11046848 1    
14.11197968 1    
14.11320133 1    
14.11474304 1    
14.11620329 1    
14.11769979 1    
14.11894726 1    
14.12045222 1    
14.12169724 1    
14.12319864 1    
14.12469737 1    
14.12594640 1    
14.12744368 1    
14.12894284 1    
14.13019271 1    
14.13219448 1    
14.13369001 1    
14.13494125 1    
14.15040961 1    
14.15043360 -1   
14.15918133 1    
14.16044825 1    
14.16195240 1    
14.16319485 1    
14.16469709 1    
14.16617206 1    
14.16744588 1    
14.16894173 1    
14.17044737 1    
14.17166881 1    
14.17319162 1    
14.17444345 1    
14.17593697 1    
14.17743914 1    
14.17869229 1    
14.18016501 1    
14.18144072 1    
14.18291166 1    
14.18441497 1    
14.18568501 1    
14.18716013 1    
14.18867698 1    
14.18991083 1    
14.19021633 -1   
14.19141042 1    
14.19290644 1    
14.19417392 1    
14.19567082 1    
14.19716906 1    
14.19841940 1    
14.19992241 1    
14.20115095 1    
14.20267513 1    
14.20417161 1    
14.20542441 1    
14.20692032 1    
14.20817001 1    
14.20966843 1    
14.21117227 1    
14.21241690 1    
14.21391749 1    
14.21541432 1    
14.21664872 1    
14.21814307 1    
14.21963670 1    
14.22089226 1    
14.22241259 1    
14.22363860 1    
14.22515670 1    
14.22640254 1    
14.22790576 1    
14.22940084 1    
14.23065671 1    
14.23215613 1    
14.23365747 1    
14.23490548 1    
14.23640579 1    
14.23765492 1    
14.23915726 1    
14.24065395 1    
14.24073664 -1   
14.24190785 1    
14.24337992 1    
14.24465139 1    
14.24614680 1    
14.24765275 1    
14.24889931 1    
14.25037462 1    
14.25187289 1    
14.25312542 1    
14.25462032 1    
14.25587201 1    
14.25736909 1    
14.25887012 1    
14.26011730 1    
14.26163804 1    
14.26288689 1    
14.26439047 1    
14.26588009 1    
14.26713775 1    
14.26863046 1    
14.27013104 1    
14.27136258 1    
14.27287709 1    
14.27412493 1    
14.27563534 1    
14.27712525 1    
14.27836077 1    
14.27987382 1    
14.28113302 1    
14.28260558 1    
14.28410503 1    
14.28535406 1    
14.28685435 1    
14.28810153 1    
14.28960359 1    
14.29109781 1    
14.29116131 -1   
14.29234992 1    
14.29384776 1    
14.29509921 1    
14.29659722 1    
14.29809704 1    
14.29938303 1    
14.30086495 1    
14.30211916 1    
14.30361760 1    
14.30511634 1    
14.30634399 1    
14.30786437 1    
14.30932208 1    
14.31058723 1    
14.31209484 1    
14.31333590 1    
14.31485691 1    
14.31610760 1    
14.31760979 1    
14.31911049 1    
14.31916733 -1   
14.32033698 1    
14.32185425 1    
14.32333082 1    
14.32460371 1    
14.32609865 1    
14.32732891 1    
14.32885552 1    
14.33035174 1    
14.33160160 1    
14.33309495 1    
14.33432470 1    
14.33584429 1    
14.33587353 -1   
14.33734724 1    
14.33859399 1    
14.34009682 1    
14.34158671 1    
14.34284743 1    
14.34434097 1    
14.34558909 1    
14.34708932 1    
14.34859316 1    
14.34983215 1    
14.35133911 1    
14.35258998 1    
14.35409257 1    
14.35558794 1    
14.35683312 1    
14.35833675 1    
14.35983373 1    
14.36108245 1    
14.36258650 1    
14.36383272 1    
14.36533757 1    
14.36682794 1    
14.36807792 1    
14.36957648 1    
14.37082874 1    
14.37232179 1    
14.37236675 -1   
14.37383001 1    
14.37507234 1    
14.37657244 1    
14.37807195 1    
14.37930273 1    
14.38081968 1    
14.38205216 1    
14.38356985 1    
14.38507091 1    
14.38629425 1    
14.38781544 1    
14.38904673 1    
14.39056895 1    
14.39208443 1    
14.39329087 1    
14.39481595 1    
14.39631850 1    
14.39756392 1    
14.39904210 1    
14.40028745 1    
14.40180952 1    
14.40331360 1    
14.40455667 1    
14.40605521 1    
14.40755082 1    
14.40880440 1    
14.41028549 1    
14.41155248 1    
14.41163357 -1   
14.41305114 1    
14.41455042 1    
14.41605300 1    
14.41727614 1    
14.41879950 1    
14.42029870 1    
14.42154958 1    
14.42304435 1    
14.42427415 1    
14.42579497 1    
14.42729822 1    
14.42854418 1    
14.43004548 1    
14.43126870 1    
14.43277344 1    
14.43426888 1    
14.43551700 1    
14.43701810 1    
14.43828182 1    
14.43976756 1    
14.44126617 1    
14.44278398 1    
14.44403503 1    
14.44553341 1    
14.44678553 1    
14.44828230 1    
14.44977865 1    
14.45103298 1    
14.45253227 1    
14.45402733 1    
14.45525623 1    
14.45677789 1    
14.45802968 1    
14.45952797 1    
14.46102740 1    
14.46227706 1    
14.46234865 -1   
14.46377357 1    
14.46502253 1    
14.46650467 1    
14.46800040 1    
14.46925002 1    
14.47074642 1    
14.47224947 1    
14.47349444 1    
14.47499237 1    
14.47624258 1    
14.47774482 1    
14.47924109 1    
14.48049461 1    
14.48198884 1    
14.48324176 1    
14.48476178 1    
14.48623862 1    
14.48750889 1    
14.48901057 1    
14.49025690 1    
14.49175950 1    
14.49325935 1    
14.49450878 1    
14.49600450 1    
14.49609853 -1   
14.49725657 1    
14.49873226 1    
14.50023445 1    
14.50150490 1    
14.50300269 1    
14.50424960 1    
14.50574814 1    
14.50724838 1    
14.50850026 1    
14.50999191 1    
14.51124853 1    
14.51274567 1    
14.51424752 1    
14.51549319 1    
14.51696999 1    
14.51821851 1    
14.51974282 1    
14.52121828 1    
14.52249059 1    
14.52398796 1    
14.52548968 1    
14.52674265 1    
14.52823920 1    
14.52825419 -1   
14.52949097 1    
14.53098691 1    
14.53249103 1    
14.53372929 1    
14.53523439 1    
14.53648155 1    
14.53797901 1    
14.53948550 1    
14.54071236 1    
14.54220680 1    
14.54373291 1    
14.54497835 1    
14.54647939 1    
14.54771991 1    
14.54920217 1    
14.55072242 1    
14.55197743 1    
14.55347126 1    
14.55472396 1    
14.55622515 1    
14.55771682 1    
14.55897009 1    
14.56048257 1    
14.56196619 1    
14.56322144 1    
14.56471823 1    
14.56594701 1    
14.56746447 1    
14.56896552 1    
14.57021249 1    
14.57171072 1    
14.57182268 -1   
14.57294192 1    
14.57445943 1    
14.57596038 1    
14.57721184 1    
14.57871163 1    
14.58021038 1    
14.58145781 1    
14.58295360 1    
14.58420702 1    
14.58570200 1    
14.58722365 1    
14.58745295 1    
14.65664586 1    
14.65813876 1    
14.65943784 1    
14.66091311 1    
14.66241557 1    
14.66365784 1    
14.66515625 1    
14.66640013 1    
14.67038687 1    
14.67163393 1    
14.67313200 1    
14.67462992 1    
14.67588081 1    
14.67738401 1    
14.67862973 1    
14.68012634 1    
14.68162748 1    
14.68287292 1    
14.68437474 1    
14.68562424 1    
14.68712402 1    
14.68862206 1    
14.68987276 1    
14.69136954 1    
14.69287203 1    
14.69411735 1    
14.69561640 1    
14.69686740 1    
14.69836881 1    
14.69986688 1    
14.70112085 1    
14.70261444 1    
14.70386562 1    
14.70536344 1    
14.70686189 1    
14.70811198 1    
14.70961259 1    
14.70970443 -1   
14.71111146 1    
14.71235902 1    
14.71385892 1    
14.71510524 1    
14.71660599 1    
14.71810393 1    
14.71935565 1    
14.72085379 1    
14.72210475 1    
14.72211411 -1   
14.72360501 1    
14.72510088 1    
14.72634881 1    
14.72784871 1    
14.72910167 1    
14.73059756 1    
14.73209954 1    
14.73334745 1    
14.73347634 -1   
14.73484553 1    
14.73609563 1    
14.74947949 1    
14.88333386 -1   
14.95191038 1    
15.92436028 -1   
16.09117440 1    
16.09145738 -1   
16.30856159 1    
16.30887048 -1   
16.60090180 1    
19.92323215 -1   
24.65808672 -1   
25.02837174 -1   
25.03785521 -1   
25.03815168 -1   
25.19145607 -1   
25.48541403 1    
29.06890878 -1   
29.29464118 1    
