0.00000000 -1   
0.22166852 1    
0.57719969 1    
0.57775004 -1   
0.81281773 -1   
0.92524496 1    
0.98388147 1    
0.98513295 1    
1.08882316 1    
1.08914561 -1   
1.12586897 1    
1.27397183 1    
1.27414379 -1   
1.34346274 1    
1.47914149 -1   
1.61770570 1    
1.66299442 1    
1.77819755 1    
1.78540220 1    
1.81493648 -1   
1.84736944 1    
1.93936345 1    
2.01906893 -1   
2.10082086 1    
2.18201291 -1   
2.40279890 1    
2.40429183 1    
2.40524603 1    
2.40554454 -1   
2.51725887 1    
2.56626150 1    
2.61099944 -1   
2.72796159 1    
2.98134145 1    
3.02122519 1    
3.02271332 1    
3.18166320 1    
3.21586744 -1   
3.37730402 -1   
3.60086317 1    
3.60210382 1    
3.60248910 1    
3.62287213 1    
3.62436919 1    
3.63359220 1    
3.63508902 1    
3.63658213 1    
3.64333723 1    
3.64482887 1    
3.76577368 1    
3.76727873 1    
3.76853076 1    
3.76863062 -1   
3.77001119 1    
3.78700404 1    
3.78852196 1    
3.78976420 1    
3.79126957 1    
3.79699584 1    
3.79826881 1    
3.79976361 1    
3.80099372 1    
3.80250547 1    
3.80399127 1    
3.80526198 1    
3.80673975 1    
3.80873758 1    
3.80998952 1    
3.81148706 1    
3.81273672 1    
3.93092606 1    
3.93218814 1    
3.93369200 1    
3.93491564 1    
3.93641655 1    
3.93642961 -1   
3.93791451 1    
3.95017701 1    
3.95167457 1    
3.95317800 1    
3.95442779 1    
3.95590334 1    
3.95742921 1    
3.95867546 1    
3.96017746 1    
3.96142424 1    
3.96292355 1    
3.96442308 1    
3.96567196 1    
3.96716347 1    
3.96842416 1    
3.96992029 1    
3.97142256 1    
3.97264251 1    
3.97417049 1    
3.97564295 1    
3.97688963 1    
3.97838887 1    
3.97964117 1    
3.98113579 1    
3.98263902 1    
3.98391869 1    
3.98541554 1    
3.98666147 1    
3.98815896 1    
3.98963369 1    
3.99090769 1    
3.99240455 1    
3.99390932 1    
3.99401541 -1   
4.01489699 1    
4.01636743 1    
4.09585458 1    
4.09734558 1    
4.09859711 1    
4.10009368 1    
4.10134652 1    
4.10283970 1    
4.10434086 1    
4.10457005 1    
4.11400133 -1   
4.14711957 -1   
4.52283667 1    
4.52434882 1    
4.52457723 1    
4.53334628 1    
4.53484649 1    
4.53609074 1    
4.53759586 1    
4.53909031 1    
4.54034672 1    
4.54044983 -1   
4.54181961 1    
4.54309048 1    
4.54458884 1    
4.54609107 1    
4.54734370 1    
4.54883790 1    
4.55008795 1    
4.55158419 1    
4.55308399 1    
4.55433088 1    
4.56258439 1    
4.56407722 1    
4.56533029 1    
4.57207692 1    
4.57357217 1    
4.57483324 1    
4.57629979 1    
4.57756692 1    
4.57908202 1    
4.60978751 1    
4.61130533 1    
4.63554244 1    
4.63701797 1    
4.63827800 1    
4.65053061 1    
4.65136496 -1   
4.69402826 1    
4.70179152 -1   
4.71072762 1    
4.86266850 1    
4.86353925 -1   
5.10812611 1    
5.10816197 -1   
5.27078205 1    
5.53877681 1    
5.53999483 1    
5.54039327 1    
5.56926162 1    
5.57074981 1    
5.70120718 1    
5.73181542 -1   
5.74156701 -1   
5.90510552 -1   
6.11992969 1    
6.12141633 1    
6.12166552 1    
6.13417180 -1   
6.13815907 1    
6.13967864 1    
6.14092345 1    
6.14242123 1    
6.14390372 1    
6.14514917 1    
6.14671902 1    
6.14891880 1    
6.15017353 1    
6.15164571 1    
6.15289868 1    
6.15817633 1    
6.15964471 1    
6.16116883 1    
6.16241462 1    
6.16390966 1    
6.16539036 1    
6.16665136 1    
6.16815896 1    
6.16941012 1    
6.17062374 -1   
6.17088762 1    
6.17240659 1    
6.17365566 1    
6.17515374 1    
6.17638058 1    
6.17790388 1    
6.17940446 1    
6.18064934 1    
6.18215573 1    
6.18362854 1    
6.18489439 1    
6.28484805 1    
6.28606852 1    
6.28759709 1    
6.28909113 1    
6.29884020 1    
6.29887323 -1   
6.30031257 1    
6.30308046 1    
6.30458214 1    
6.30580692 1    
6.30733581 1    
6.30857809 1    
6.31005709 1    
6.31157537 1    
6.31282693 1    
6.31432355 1    
6.31582357 1    
6.31705114 1    
6.31855170 1    
6.31982392 1    
6.32132603 1    
6.32279774 1    
6.32405235 1    
6.32554695 1    
6.32679554 1    
6.32831483 1    
6.32981675 1    
6.33104741 1    
6.33256557 1    
6.33403947 1    
6.33529153 1    
6.33681297 1    
6.33803710 1    
6.33956451 1    
6.34104024 1    
6.34228609 1    
6.34378864 1    
6.34503236 1    
6.34514514 -1   
6.34655038 1    
6.34805940 1    
6.34930943 1    
6.35079114 1    
6.35203246 1    
6.35355404 1    
6.35505718 1    
6.35629356 1    
6.35781239 1    
6.35902951 1    
6.36052829 1    
6.36202369 1    
6.36327745 1    
6.36477300 1    
6.36602302 1    
6.36752275 1    
6.36903514 1    
6.37029239 1    
6.37179745 1    
6.37301820 1    
6.37454110 1    
6.37601923 1    
6.37726968 1    
6.37878680 1    
6.38028737 1    
6.38153409 1    
6.38303767 1    
6.38428580 1    
6.38578580 1    
6.38828430 1    
6.38952389 1    
6.44925561 1    
6.45072249 1    
6.45224686 1    
6.45349428 1    
6.45362945 -1   
6.45499627 1    
6.45647198 1    
6.45774608 1    
6.45922082 1    
6.46374334 1    
6.46376721 -1   
6.46496630 1    
6.46648780 1    
6.46771663 1    
6.46922884 1    
6.47073624 1    
6.47196083 1    
6.47348472 1    
6.47473371 1    
6.47623251 1    
6.47773051 1    
6.47896041 1    
6.48047912 1    
6.48196007 1    
6.48320669 1    
6.48470548 1    
6.48595338 1    
6.48747878 1    
6.48895425 1    
6.49022499 1    
6.49172519 1    
6.49295347 1    
6.49446421 1    
6.49597082 1    
6.49721606 1    
6.49871702 1    
6.49996627 1    
6.50144667 1    
6.50296068 1    
6.50421181 1    
6.50570757 1    
6.50696212 1    
6.50704385 -1   
6.50844125 1    
6.50993947 1    
6.51146514 1    
6.51270918 1    
6.51421228 1    
6.51570984 1    
6.51693727 1    
6.51845159 1    
6.51970593 1    
6.52120437 1    
6.52270722 1    
6.52393344 1    
6.52543437 1    
6.52693132 1    
6.52820219 1    
6.52970237 1    
6.53092995 1    
6.53244904 1    
6.53392899 1    
6.53519384 1    
6.53669441 1    
6.53793913 1    
6.53944997 1    
6.54092249 1    
6.54217203 1    
6.54367248 1    
6.54493889 1    
6.54644574 1    
6.54794709 1    
6.54919303 1    
6.55066890 1    
6.55193715 1    
6.55343675 1    
6.55493603 1    
6.55616591 1    
6.55768202 1    
6.55891575 1    
6.55901424 -1   
6.56041453 1    
6.56190967 1    
6.56315967 1    
6.56465845 1    
6.56591128 1    
6.56740801 1    
6.56890835 1    
6.57016133 1    
6.57165666 1    
6.57315177 1    
6.57440151 1    
6.57590183 1    
6.57715595 1    
6.57865193 1    
6.58015168 1    
6.58139751 1    
6.58290273 1    
6.58414735 1    
6.58564502 1    
6.58717082 1    
6.58729466 -1   
6.58842343 1    
6.58989480 1    
6.59116827 1    
6.59264510 1    
6.59416441 1    
6.59541455 1    
6.59690926 1    
6.59698278 -1   
6.59840800 1    
6.59966277 1    
6.60114055 1    
6.60238573 1    
6.60390205 1    
6.60540459 1    
6.60663612 1    
6.60815922 1    
6.60938610 1    
6.61088257 1    
6.61240450 1    
6.61365186 1    
6.61515215 1    
6.61662903 1    
6.61787973 1    
6.61937828 1    
6.62062836 1    
6.62212430 1    
6.62362811 1    
6.62489594 1    
6.62637692 1    
6.62763912 1    
6.62914066 1    
6.63061927 1    
6.63187180 1    
6.63339274 1    
6.63537295 1    
6.63663906 1    
6.63814145 1    
6.63961638 1    
6.64088977 1    
6.64096833 -1   
6.64236778 1    
6.64361482 1    
6.64513316 1    
6.64663341 1    
6.64788613 1    
6.64938151 1    
6.65086340 1    
6.65212299 1    
6.65363225 1    
6.65487977 1    
6.65637463 1    
6.65787746 1    
6.65910804 1    
6.66060448 1    
6.66185518 1    
6.66335254 1    
6.66485314 1    
6.66609975 1    
6.66611814 -1   
6.66762236 1    
6.66884984 1    
6.67036657 1    
6.67184812 1    
6.67312105 1    
6.67461549 1    
6.67584850 1    
6.67734631 1    
6.67886545 1    
6.68011314 1    
6.68161535 1    
6.68286688 1    
6.68434222 1    
6.68584396 1    
6.68709335 1    
6.68859010 1    
6.68983682 1    
6.69133532 1    
6.69285859 1    
6.69408725 1    
6.69558673 1    
6.69685510 1    
6.69833466 1    
6.69983325 1    
6.70108131 1    
6.70257829 1    
6.70409702 1    
6.70532784 1    
6.70682999 1    
6.70809850 1    
6.70957904 1    
6.71107655 1    
6.71233900 1    
6.71585137 1    
6.71598164 -1   
6.71732185 1    
6.71856934 1    
6.72007252 1    
6.72156763 1    
6.72281946 1    
6.72433868 1    
6.72581905 1    
6.72706680 1    
6.72858183 1    
6.73009533 1    
6.73133493 1    
6.73281248 1    
6.73431343 1    
6.73556093 1    
6.73708438 1    
6.73833020 1    
6.73980937 1    
6.74130706 1    
6.74256013 1    
6.74405847 1    
6.74530743 1    
6.74680377 1    
6.74830684 1    
6.74957514 1    
6.75105204 1    
6.75255149 1    
6.75380286 1    
6.75503428 -1   
6.75530051 1    
6.75656730 1    
6.75808192 1    
6.75954875 1    
6.76079813 1    
6.76229422 1    
6.76354805 1    
6.76504385 1    
6.76656610 1    
6.76779182 1    
6.76929377 1    
6.77078875 1    
6.77203972 1    
6.77353846 1    
6.77479203 1    
6.77628846 1    
6.77779182 1    
6.77903822 1    
6.78053681 1    
6.78178343 1    
6.78328731 1    
6.78478638 1    
6.78603356 1    
6.78753286 1    
6.78878269 1    
6.79028057 1    
6.79178135 1    
6.79302743 1    
6.79452695 1    
6.79602790 1    
6.79730067 1    
6.79877753 1    
6.80002694 1    
6.80152887 1    
6.80302400 1    
6.80308603 -1   
6.80427212 1    
6.80576954 1    
6.80702265 1    
6.80854190 1    
6.81002016 1    
6.81126773 1    
6.81276458 1    
6.81401457 1    
6.81554126 1    
6.81703712 1    
6.81826598 1    
6.81976826 1    
6.82101717 1    
6.82251517 1    
6.82401078 1    
6.82526518 1    
6.82676448 1    
6.82800836 1    
6.82950853 1    
6.83100664 1    
6.83227918 1    
6.83375494 1    
6.83500807 1    
6.83650245 1    
6.83800406 1    
6.83927616 1    
6.84077845 1    
6.84224940 1    
6.84321459 1    
6.84331049 -1   
6.84475010 1    
6.84624718 1    
6.84750049 1    
6.84899713 1    
6.85024665 1    
6.85174563 1    
6.85324919 1    
6.85449359 1    
6.85599089 1    
6.85724024 1    
6.85874185 1    
6.86023926 1    
6.86148978 1    
6.86298890 1    
6.86448897 1    
6.86573409 1    
6.86723834 1    
6.86848341 1    
6.86998381 1    
6.87148326 1    
6.87273326 1    
6.87422952 1    
6.87548307 1    
6.87698148 1    
6.87847882 1    
6.87972682 1    
6.88122903 1    
6.88272410 1    
6.88397630 1    
6.88547657 1    
6.88672701 1    
6.88822165 1    
6.88972059 1    
6.89097221 1    
6.89105646 -1   
6.89247647 1    
6.89396999 1    
6.89522365 1    
6.89671765 1    
6.89796763 1    
6.89946755 1    
6.90096820 1    
6.90221554 1    
6.90372107 1    
6.90496215 1    
6.90646476 1    
6.90796180 1    
6.90921119 1    
6.91071028 1    
6.91196094 1    
6.91345793 1    
6.91496213 1    
6.91620668 1    
6.91770937 1    
6.91920563 1    
6.92045386 1    
6.92195339 1    
6.92322472 1    
6.92472416 1    
6.92620512 1    
6.92745176 1    
6.92895124 1    
6.93019896 1    
6.93169909 1    
6.93319737 1    
6.93444898 1    
6.93594687 1    
6.93596198 -1   
6.93746766 1    
6.93871145 1    
6.94021222 1    
6.94144232 1    
6.94294274 1    
6.94444160 1    
6.94569515 1    
6.94719015 1    
6.94844045 1    
6.94993714 1    
6.95144021 1    
6.95293497 1    
6.95420632 1    
6.95568579 1    
6.95693544 1    
6.95845632 1    
6.95994121 1    
6.96119657 1    
6.96270571 1    
6.96420244 1    
6.96431349 -1   
6.96545475 1    
6.96693048 1    
6.96817893 1    
6.96969896 1    
6.97120074 1    
6.97242652 1    
6.97392425 1    
6.97517551 1    
6.97667559 1    
6.97818820 1    
6.97944085 1    
6.98093593 1    
6.98243776 1    
6.98366816 1    
6.98518958 1    
6.98643816 1    
6.98794038 1    
6.98943196 1    
6.99068960 1    
6.99216520 1    
6.99341652 1    
6.99492888 1    
6.99643463 1    
6.99768297 1    
6.99918543 1    
7.00065897 1    
7.00190975 1    
7.00343593 1    
7.00467998 1    
7.00615538 1    
7.00768055 1    
7.00892588 1    
7.01040587 1    
7.01167550 1    
7.01317485 1    
7.01467289 1    
7.01592521 1    
7.01741727 1    
7.01892034 1    
7.02016850 1    
7.02164901 1    
7.02291853 1    
7.02302039 -1   
7.02441850 1    
7.02589535 1    
7.02716806 1    
7.02866494 1    
7.02991742 1    
7.03141331 1    
7.03289176 1    
7.03413926 1    
7.03565775 1    
7.03688866 1    
7.03841051 1    
7.03988736 1    
7.04115922 1    
7.04263813 1    
7.04387251 1    
7.04540133 1    
7.04690736 1    
7.04813454 1    
7.04964972 1    
7.05088545 1    
7.05240033 1    
7.05389342 1    
7.05515015 1    
7.05664729 1    
7.05789215 1    
7.05937598 1    
7.06089378 1    
7.06215612 1    
7.06330790 -1   
7.06364263 1    
7.06490002 1    
7.06637175 1    
7.06787033 1    
7.06914237 1    
7.07064267 1    
7.07212130 1    
7.07328342 -1   
7.07336709 1    
7.07486901 1    
7.07611767 1    
7.07763803 1    
7.07914203 1    
7.08038776 1    
7.08188914 1    
7.08313850 1    
7.08463378 1    
7.08613452 1    
7.08738508 1    
7.08885968 1    
7.09038509 1    
7.09160867 1    
7.09310806 1    
7.09437103 1    
7.09587536 1    
7.09736920 1    
7.09861837 1    
7.10010226 1    
7.10135316 1    
7.10285042 1    
7.10437030 1    
7.10561291 1    
7.10712361 1    
7.10859846 1    
7.10984607 1    
7.11136125 1    
7.11259796 1    
7.11409524 1    
7.11559786 1    
7.11684191 1    
7.11836828 1    
7.11961524 1    
7.12111752 1    
7.12261258 1    
7.12386192 1    
7.12536104 1    
7.12684050 1    
7.12704255 -1   
7.12810528 1    
7.12960753 1    
7.13085705 1    
7.13235460 1    
7.13383503 1    
7.13385467 -1   
7.13508603 1    
7.13658051 1    
7.13783497 1    
7.13934798 1    
7.14085046 1    
7.14209900 1    
7.14358097 1    
7.14484756 1    
7.14634932 1    
7.14784726 1    
7.14909830 1    
7.15059362 1    
7.15184774 1    
7.15334652 1    
7.15482333 1    
7.15608560 1    
7.15759291 1    
7.15883984 1    
7.16031954 1    
7.16183709 1    
7.16310969 1    
7.16459103 1    
7.16584071 1    
7.16731437 1    
7.16881411 1    
7.17007829 1    
7.17157991 1    
7.17305879 1    
7.17458275 1    
7.17581209 1    
7.17730878 1    
7.17880487 1    
7.18005698 1    
7.18155686 1    
7.18280562 1    
7.18430159 1    
7.18580408 1    
7.18705548 1    
7.18855212 1    
7.19004983 1    
7.19132562 1    
7.19280158 1    
7.19405022 1    
7.19557013 1    
7.19707054 1    
7.19832020 1    
7.19979910 1    
7.20104309 1    
7.20256194 1    
7.20406049 1    
7.20531190 1    
7.20679061 1    
7.20807077 1    
7.20954427 1    
7.21104292 1    
7.21231057 1    
7.21379393 1    
7.21506183 1    
7.21655939 1    
7.21803555 1    
7.21930831 1    
7.22080634 1    
7.22203458 1    
7.22354742 1    
7.22505432 1    
7.22628232 1    
7.22778163 1    
7.22902608 1    
7.23052975 1    
7.23203059 1    
7.23328246 1    
7.23365239 1    
7.23554488 1    
7.23677705 1    
7.23827857 1    
7.23977707 1    
7.24105214 1    
7.24252927 1    
7.24402331 1    
7.24526733 1    
7.24677211 1    
7.24801958 1    
7.24951871 1    
7.25101721 1    
7.25227128 1    
7.25379145 1    
7.25503941 1    
7.25653363 1    
7.25803840 1    
7.25926593 1    
7.26076381 1    
7.26200793 1    
7.26351074 1    
7.28125725 1    
7.28274858 1    
7.28428405 1    
7.29099721 1    
7.29477014 -1   
7.30199039 1    
7.30350353 1    
7.30475378 1    
7.30624940 1    
7.30750255 1    
7.30898412 1    
7.31048624 1    
7.31173019 1    
7.31323283 1    
7.31473105 1    
7.31597938 1    
7.31747745 1    
7.33597596 1    
7.33749110 1    
7.33898948 1    
7.34024171 1    
7.34173912 1    
7.34321797 1    
7.34446564 1    
7.34595939 1    
7.34721383 1    
7.34871107 1    
7.35021130 1    
7.35145998 1    
7.35296183 1    
7.35421260 1    
7.35571286 1    
7.35721039 1    
7.35847397 1    
7.35995691 1    
7.36112090 -1   
7.36145491 1    
7.36270109 1    
7.36420161 1    
7.36545149 1    
7.36695036 1    
7.36845163 1    
7.36971540 1    
7.37120051 1    
7.37905184 -1   
7.37906064 -1   
7.40393761 1    
7.40517783 1    
7.40667784 1    
7.40792861 1    
7.40803378 -1   
7.40943578 1    
7.41092553 1    
7.41442509 1    
7.41592320 1    
7.41716963 1    
7.41866847 1    
7.42016132 1    
7.42141782 1    
7.42292002 1    
7.42418788 1    
7.42568623 1    
7.42691590 1    
7.42841451 1    
7.44490979 1    
7.44615521 1    
7.44790327 1    
7.45465528 1    
7.46564883 1    
7.46568405 -1   
7.46689703 1    
7.46838888 1    
7.46988790 1    
7.47113863 1    
7.47265719 1    
7.47415982 1    
7.47541236 1    
7.47688684 1    
7.47813777 1    
7.47963467 1    
7.48113156 1    
7.49963087 1    
7.50112486 1    
7.50263666 1    
7.50389228 1    
7.50538817 1    
7.50663718 1    
7.50813757 1    
7.50961649 1    
7.51087010 1    
7.51236714 1    
7.51361365 1    
7.51511771 1    
7.51661333 1    
7.51786465 1    
7.51938464 1    
7.52085985 1    
7.52212743 1    
7.52362875 1    
7.52488035 1    
7.52636071 1    
7.52785672 1    
7.52910887 1    
7.53060337 1    
7.53185302 1    
7.53335434 1    
7.53485752 1    
7.53611829 1    
7.53725350 -1   
7.53762133 1    
7.53887260 1    
7.54036548 1    
7.54186333 1    
7.54310251 1    
7.54459773 1    
7.54584874 1    
7.54734557 1    
7.54884568 1    
7.55009490 1    
7.55164416 1    
7.55336241 1    
7.55513683 1    
7.55536621 1    
7.55686653 1    
7.67907763 -1   
7.69053779 1    
7.69201394 1    
7.71475624 1    
7.71600003 1    
7.71750213 1    
7.71775226 1    
7.75098838 1    
7.82046889 1    
7.82169024 1    
7.82319385 1    
7.83044067 1    
7.83168574 1    
7.83320383 1    
7.83468520 1    
7.83593147 1    
7.88009496 1    
7.88013516 -1   
7.90440499 1    
8.04401611 1    
8.04405655 -1   
8.15181053 -1   
8.23182882 -1   
8.24700018 -1   
8.49567821 1    
8.49584229 -1   
8.53054543 1    
8.53179582 1    
8.53328098 1    
8.53452937 1    
8.53603186 1    
8.53755201 1    
8.53880250 1    
8.54029867 1    
8.54155199 1    
8.54302711 1    
8.54454687 1    
8.54579955 1    
8.54730534 1    
8.54879748 1    
8.55002394 1    
8.55154874 1    
8.55279763 1    
8.55429384 1    
8.55579546 1    
8.55701688 1    
8.55852071 1    
8.57851133 1    
8.57975562 1    
8.58125199 1    
8.58250373 1    
8.58400293 1    
8.62248525 1    
8.62374670 1    
8.62525311 1    
8.63122988 1    
8.63164063 -1   
8.63272693 1    
8.63397202 1    
8.64172319 1    
8.64321858 1    
8.64449113 1    
8.65048812 1    
8.65173820 1    
8.65323432 1    
8.65448487 1    
8.65598255 1    
8.65748260 1    
8.65871093 1    
8.66021185 1    
8.66145784 1    
8.66296194 1    
8.66447671 1    
8.66572990 1    
8.66587755 -1   
8.66720529 1    
8.66872630 1    
8.66995553 1    
8.67147687 1    
8.67270417 1    
8.67422398 1    
8.67571970 1    
8.67694966 1    
8.67844725 1    
8.67971482 1    
8.68122064 1    
8.68271280 1    
8.68396869 1    
8.68432504 1    
8.68433948 -1   
8.68594735 1    
8.68744298 1    
8.68894465 1    
8.69021233 1    
8.69171712 1    
8.69294052 1    
8.69444201 1    
8.69596010 1    
8.69721941 1    
8.69868677 1    
8.69993492 1    
8.70145684 1    
8.70293829 1    
8.70418358 1    
8.70568493 1    
8.71020650 1    
8.71168414 1    
8.74467014 1    
8.84834864 1    
8.84839404 -1   
8.98980180 1    
8.99102573 1    
8.99903986 1    
9.00053450 1    
9.00178592 1    
9.00328653 1    
9.00478308 1    
9.00601063 1    
9.01051201 1    
9.01200652 1    
9.01325691 1    
9.01475415 1    
9.01600743 1    
9.01752541 1    
9.01902578 1    
9.02027413 1    
9.02177503 1    
9.02300222 1    
9.02452492 1    
9.02518757 1    
9.02520208 -1   
9.02702413 1    
9.02826934 1    
9.02976725 1    
9.03099718 1    
9.03251910 1    
9.03401579 1    
9.03526921 1    
9.03676420 1    
9.03799476 1    
9.03949327 1    
9.04101132 1    
9.04226144 1    
9.04376651 1    
9.04498811 1    
9.04651319 1    
9.04798679 1    
9.04926289 1    
9.05075899 1    
9.05198305 1    
9.05350795 1    
9.05501015 1    
9.05625462 1    
9.05775748 1    
9.05924884 1    
9.06048379 1    
9.06198208 1    
9.06322771 1    
9.06472726 1    
9.06622900 1    
9.06747586 1    
9.06897652 1    
9.07022487 1    
9.07172775 1    
9.07322360 1    
9.07346231 -1   
9.07449135 1    
9.07597120 1    
9.07749672 1    
9.08298941 1    
9.08446844 1    
9.08571616 1    
9.08721561 1    
9.08871341 1    
9.08996495 1    
9.09148462 1    
9.09271494 1    
9.09423113 1    
9.09573455 1    
9.09698166 1    
9.09847857 1    
9.09970884 1    
9.10122929 1    
9.10272579 1    
9.10395863 1    
9.10547522 1    
9.10695707 1    
9.10822518 1    
9.10971598 1    
9.11096685 1    
9.11246775 1    
9.11396481 1    
9.11403456 -1   
9.11522492 1    
9.11669771 1    
9.11794448 1    
9.11947273 1    
9.12096872 1    
9.12222033 1    
9.12372464 1    
9.12496396 1    
9.12644638 1    
9.12794236 1    
9.12921116 1    
9.13071065 1    
9.13196287 1    
9.13343775 1    
9.13493965 1    
9.13620770 1    
9.13770983 1    
9.13893553 1    
9.14045460 1    
9.14193304 1    
9.14320675 1    
9.14470217 1    
9.14595736 1    
9.14745174 1    
9.14895358 1    
9.15019878 1    
9.15169960 1    
9.15319832 1    
9.15444962 1    
9.15592800 1    
9.15719774 1    
9.15867341 1    
9.16017399 1    
9.16142076 1    
9.16293833 1    
9.16444092 1    
9.16592191 1    
9.16719086 1    
9.16869263 1    
9.16993905 1    
9.17143498 1    
9.17291528 1    
9.17418605 1    
9.17568499 1    
9.17693691 1    
9.17705203 -1   
9.17843544 1    
9.17993268 1    
9.18118563 1    
9.18268283 1    
9.18393109 1    
9.18542891 1    
9.18693218 1    
9.18817323 1    
9.18968051 1    
9.19090525 1    
9.19240821 1    
9.19390166 1    
9.19516915 1    
9.19666739 1    
9.19817056 1    
9.19940019 1    
9.20091747 1    
9.20216427 1    
9.20366587 1    
9.20372990 -1   
9.20516119 1    
9.20641213 1    
9.20791924 1    
9.20918600 1    
9.21066654 1    
9.21216472 1    
9.21341606 1    
9.21491370 1    
9.21616047 1    
9.21765505 1    
9.21916498 1    
9.22040893 1    
9.22191424 1    
9.22340776 1    
9.22465912 1    
9.22613519 1    
9.22740854 1    
9.22888190 1    
9.23040880 1    
9.23165614 1    
9.23315556 1    
9.23440054 1    
9.23590327 1    
9.23739918 1    
9.23862710 1    
9.24014860 1    
9.24164872 1    
9.24289745 1    
9.24440348 1    
9.24564713 1    
9.24715078 1    
9.24827400 -1   
9.24864374 1    
9.24987004 1    
9.25139619 1    
9.25264023 1    
9.25414296 1    
9.25563922 1    
9.25686935 1    
9.25688072 -1   
9.25838831 1    
9.25986602 1    
9.26113962 1    
9.26263889 1    
9.26388801 1    
9.26538278 1    
9.26686471 1    
9.26811323 1    
9.26963028 1    
9.27088102 1    
9.27238190 1    
9.27385807 1    
9.27513350 1    
9.27662603 1    
9.27787812 1    
9.27937636 1    
9.28087473 1    
9.28212287 1    
9.28362790 1    
9.28487359 1    
9.28637363 1    
9.28784932 1    
9.28912224 1    
9.29061977 1    
9.29186851 1    
9.29334717 1    
9.29484833 1    
9.29488046 -1   
9.29611821 1    
9.29761563 1    
9.29886603 1    
9.30036292 1    
9.30186191 1    
9.30311207 1    
9.30461389 1    
9.30586061 1    
9.30736378 1    
9.30883745 1    
9.31013571 1    
9.31160828 1    
9.31310504 1    
9.31435503 1    
9.31585873 1    
9.31710493 1    
9.31860401 1    
9.32010287 1    
9.32135308 1    
9.32282968 1    
9.32410097 1    
9.32557889 1    
9.32708043 1    
9.32832394 1    
9.32982608 1    
9.33132384 1    
9.33257732 1    
9.33407236 1    
9.33534429 1    
9.33684350 1    
9.33833952 1    
9.33957051 1    
9.34109512 1    
9.34229619 -1   
9.34231762 1    
9.34382026 1    
9.34533624 1    
9.34658832 1    
9.34809036 1    
9.34957845 1    
9.35083700 1    
9.35233279 1    
9.35358659 1    
9.35508211 1    
9.35656034 1    
9.35782971 1    
9.35931240 1    
9.36055678 1    
9.36205853 1    
9.36355183 1    
9.36480548 1    
9.36630388 1    
9.36780249 1    
9.36905157 1    
9.37055477 1    
9.37180065 1    
9.37332312 1    
9.37480011 1    
9.37608592 1    
9.37756892 1    
9.37881151 1    
9.38031469 1    
9.38182480 1    
9.38304811 1    
9.38456803 1    
9.38606410 1    
9.38731632 1    
9.38881433 1    
9.38997207 -1   
9.39031320 1    
9.39156430 1    
9.39304492 1    
9.39455814 1    
9.39581144 1    
9.39730769 1    
9.39855571 1    
9.40005661 1    
9.40155798 1    
9.40280547 1    
9.40430587 1    
9.40555351 1    
9.40703491 1    
9.40855082 1    
9.40978101 1    
9.41127821 1    
9.41277871 1    
9.41402533 1    
9.41552898 1    
9.41677592 1    
9.41827582 1    
9.41980009 1    
9.42102301 1    
9.42254680 1    
9.42379006 1    
9.42529220 1    
9.42679623 1    
9.42804095 1    
9.42954180 1    
9.42963761 -1   
9.43104352 1    
9.43228233 1    
9.43379005 1    
9.43503781 1    
9.43653646 1    
9.43803363 1    
9.43928793 1    
9.44077962 1    
9.44203342 1    
9.44351225 1    
9.44507914 1    
9.44628069 1    
9.44778304 1    
9.44903023 1    
9.45053294 1    
9.45202775 1    
9.45327869 1    
9.45477814 1    
9.45600595 1    
9.45752259 1    
9.45900571 1    
9.46027217 1    
9.46177301 1    
9.46302159 1    
9.46451893 1    
9.46601741 1    
9.46727182 1    
9.46876607 1    
9.47002010 1    
9.47151570 1    
9.47299593 1    
9.47424416 1    
9.47574285 1    
9.47699088 1    
9.47849102 1    
9.47998836 1    
9.48008983 -1   
9.48123941 1    
9.48273715 1    
9.48423995 1    
9.48520884 1    
9.48674337 1    
9.48823287 1    
9.48975226 1    
9.48976587 -1   
9.49123382 1    
9.49248049 1    
9.49397923 1    
9.49523196 1    
9.49673155 1    
9.49822628 1    
9.49947952 1    
9.50097571 1    
9.50249409 1    
9.50374181 1    
9.50523934 1    
9.50647289 1    
9.50799237 1    
9.50947537 1    
9.51072392 1    
9.51221951 1    
9.51347151 1    
9.54047699 1    
9.54195473 1    
9.55197555 1    
9.55322150 1    
9.55472037 1    
9.55594706 1    
9.55746828 1    
9.55894859 1    
9.56021778 1    
9.56171525 1    
9.56296497 1    
9.56446757 1    
9.56594044 1    
9.56721832 1    
9.56871257 1    
9.56993939 1    
9.57146253 1    
9.57293519 1    
9.57420922 1    
9.57568991 1    
9.57695485 1    
9.57845735 1    
9.58012715 1    
9.58021409 -1   
9.58120339 1    
9.58269833 1    
9.58420581 1    
9.58545018 1    
9.58695547 1    
9.58820128 1    
9.58968068 1    
9.59120088 1    
9.59244948 1    
9.59394574 1    
9.59520798 1    
9.59669217 1    
9.59819765 1    
9.59944495 1    
9.60094826 1    
9.60244302 1    
9.60369356 1    
9.60518698 1    
9.60669291 1    
9.60794050 1    
9.60941954 1    
9.61091569 1    
9.61216583 1    
9.61366121 1    
9.61491181 1    
9.61641134 1    
9.61791244 1    
9.61916014 1    
9.62065930 1    
9.62190602 1    
9.62340999 1    
9.64414791 1    
9.64423425 -1   
9.64860090 1    
9.71890276 -1   
13.81972617 -1   
13.99502413 1    
13.99530431 -1   
14.18141821 1    
14.18170977 -1   
14.40655042 1    
19.65395005 -1   
19.73251615 -1   
19.73252555 -1   
19.73281394 -1   
19.89582513 -1   
20.14110416 1    
20.30400828 1    
23.78832046 -1   
23.95426168 -1   
24.02603887 1    
24.18878307 1    
24.18915524 -1   
24.35256582 -1   
24.38766136 1    
24.40269767 1    
24.46393566 1    
24.46517985 1    
24.55011879 1    
24.56395872 1    
24.56421164 -1   
24.82705579 1    
24.82733775 -1   
24.99997651 1    
25.00027342 -1   
25.16288566 1    
25.16322317 -1   
25.32578590 1    
25.32608297 -1   
25.53914313 1    
25.77956547 1    
25.78061446 -1   
