0.00000000 -1   
2.92866637 -1   
3.09232620 -1   
3.16458554 1    
3.32707964 1    
3.32764239 -1   
3.49034534 -1   
3.54759171 1    
3.57922325 1    
3.64218927 1    
3.65220202 1    
3.74073221 1    
3.94711466 1    
3.94741062 -1   
4.10854713 1    
4.10893721 -1   
4.28268662 1    
4.28299824 -1   
4.44560329 1    
4.64729930 1    
4.64762568 -1   
4.84956611 -1   
4.94903821 1    
5.30149646 1    
5.30273464 1    
5.30311223 1    
5.33848503 1    
5.46367494 1    
5.46619640 -1   
5.62761831 -1   
5.88500204 1    
6.11480604 1    
6.11601667 1    
6.15581706 1    
6.19041604 -1   
6.35193667 -1   
6.64347531 1    
6.64473387 1    
6.64509443 1    
6.67322316 1    
6.67446828 1    
6.70943264 1    
6.71070553 1    
6.71219714 1    
6.72719606 1    
6.72868919 1    
6.80838139 1    
6.80961856 1    
6.81114853 1    
6.81239281 1    
6.81249693 -1   
6.83662881 1    
6.83785268 1    
6.83935447 1    
6.84062852 1    
6.87284286 1    
6.87433116 1    
6.87558383 1    
6.87708019 1    
6.87835150 1    
6.87982903 1    
6.88134581 1    
6.88257544 1    
6.89208613 1    
6.89359157 1    
6.89482449 1    
6.89634318 1    
6.97303575 1    
6.97454110 1    
6.97579829 1    
6.97727265 1    
6.97852511 1    
6.98002244 1    
6.98151936 1    
6.98279149 1    
6.98281500 -1   
7.00129228 1    
7.00250988 1    
7.00401043 1    
7.00551102 1    
7.00675702 1    
7.00825443 1    
7.00950655 1    
7.01100492 1    
7.03774857 1    
7.03898694 1    
7.04048885 1    
7.04175859 1    
7.04325725 1    
7.04473385 1    
7.04598464 1    
7.04748140 1    
7.04875085 1    
7.05022982 1    
7.05173406 1    
7.05298014 1    
7.05450138 1    
7.05597718 1    
7.05722897 1    
7.05872544 1    
7.05997796 1    
7.06149016 1    
7.06297674 1    
7.06424434 1    
7.06574499 1    
7.06697175 1    
7.06708710 -1   
7.06847276 1    
7.06996924 1    
7.13793948 1    
7.13920172 1    
7.14069929 1    
7.14195030 1    
7.14345210 1    
7.14492679 1    
7.14620113 1    
7.14739283 1    
7.15717753 -1   
7.18547645 -1   
7.62568586 1    
7.62717304 1    
7.62755081 1    
7.64614859 1    
7.64738844 1    
7.64888747 1    
7.65039117 1    
7.65166141 1    
7.65316001 1    
7.65326883 -1   
7.65440859 1    
7.65590651 1    
7.65740324 1    
7.65865439 1    
7.66015611 1    
7.66815189 1    
7.66964975 1    
7.67787553 1    
7.67912326 1    
7.68064500 1    
7.68788986 1    
7.68913622 1    
7.69063870 1    
7.69188490 1    
7.69338642 1    
7.69713276 1    
7.69864282 1    
7.69987959 1    
7.70138453 1    
7.70285719 1    
7.70413036 1    
7.70562242 1    
7.70685995 1    
7.70835434 1    
7.70985436 1    
7.71093899 -1   
7.75811476 1    
7.80712459 1    
7.81483822 -1   
8.28156386 1    
8.28304736 1    
8.28327636 1    
8.33175391 1    
8.33299921 1    
8.48591159 1    
8.51972131 -1   
8.52951740 -1   
8.68137201 -1   
8.92217018 -1   
8.97064592 1    
8.97188380 1    
8.97227572 1    
8.99112853 1    
8.99237264 1    
8.99386886 1    
8.99536861 1    
8.99661598 1    
8.99811731 1    
8.99936614 1    
9.00086564 1    
9.00961706 1    
9.01086245 1    
9.01235802 1    
9.01360630 1    
9.01510589 1    
9.02136896 1    
9.08387275 -1   
9.13504533 1    
9.13653604 1    
9.13778862 1    
9.13930876 1    
9.15453611 1    
9.15577604 1    
9.15729834 1    
9.15879522 1    
9.16029625 1    
9.16154593 1    
9.16302456 1    
9.16454350 1    
9.16579319 1    
9.16729392 1    
9.16854430 1    
9.17004057 1    
9.17152097 1    
9.17276340 1    
9.17426655 1    
9.17553571 1    
9.17703389 1    
9.17851142 1    
9.17978425 1    
9.18128038 1    
9.18253253 1    
9.18403336 1    
9.18553164 1    
9.18677927 1    
9.18825663 1    
9.18952732 1    
9.19100948 1    
9.19251892 1    
9.22425024 1    
9.22573375 1    
9.24652593 -1   
9.29847410 1    
9.29971069 1    
9.30121881 1    
9.30246474 1    
9.30395926 1    
9.30543864 1    
9.30668957 1    
9.30818576 1    
9.31771219 1    
9.31920374 1    
9.32043232 1    
9.32193233 1    
9.32343203 1    
9.32467696 1    
9.32617585 1    
9.32742587 1    
9.32921493 1    
9.33044880 1    
9.33169810 1    
9.33319750 1    
9.33444927 1    
9.33455338 -1   
9.33594368 1    
9.33742254 1    
9.33867384 1    
9.34019129 1    
9.34144227 1    
9.34291860 1    
9.34444217 1    
9.34566459 1    
9.34718838 1    
9.34868971 1    
9.34993844 1    
9.35143970 1    
9.35268932 1    
9.35419976 1    
9.35566427 1    
9.35693239 1    
9.35843219 1    
9.35968216 1    
9.36118149 1    
9.36265732 1    
9.36390823 1    
9.36542028 1    
9.36692904 1    
9.36817425 1    
9.36967485 1    
9.37090414 1    
9.37240390 1    
9.37389892 1    
9.37517427 1    
9.37667006 1    
9.37815185 1    
9.37941914 1    
9.38091769 1    
9.38241939 1    
9.38366507 1    
9.38517196 1    
9.38528111 -1   
9.38666961 1    
9.38814172 1    
9.38939334 1    
9.39089092 1    
9.39216756 1    
9.39366257 1    
9.39516622 1    
9.39638679 1    
9.39788491 1    
9.39941258 1    
9.40066480 1    
9.44942023 -1   
9.46335199 1    
9.46461776 1    
9.46611997 1    
9.46736878 1    
9.46887466 1    
9.47036698 1    
9.47161347 1    
9.47311617 1    
9.47434637 1    
9.47586694 1    
9.47736523 1    
9.47860656 1    
9.48013586 1    
9.48160986 1    
9.48286282 1    
9.48436431 1    
9.48560939 1    
9.48708869 1    
9.48858784 1    
9.48983247 1    
9.49136200 1    
9.49260710 1    
9.49410514 1    
9.49558172 1    
9.49638116 -1   
9.49683691 1    
9.49833066 1    
9.49983030 1    
9.50107953 1    
9.50258038 1    
9.50382377 1    
9.50532682 1    
9.50682579 1    
9.50810226 1    
9.50959622 1    
9.51084987 1    
9.51232086 1    
9.51382167 1    
9.51506671 1    
9.51657151 1    
9.51806769 1    
9.51931784 1    
9.52081430 1    
9.52207059 1    
9.52356603 1    
9.52506595 1    
9.52631346 1    
9.52785139 1    
9.52906045 1    
9.53056463 1    
9.53206285 1    
9.53331515 1    
9.53481022 1    
9.53606207 1    
9.53755483 1    
9.53905915 1    
9.54030437 1    
9.54182897 1    
9.54332902 1    
9.54344970 -1   
9.54455626 1    
9.54605474 1    
9.54730440 1    
9.54879751 1    
9.55029903 1    
9.55154834 1    
9.55304835 1    
9.55429643 1    
9.55580477 1    
9.55731023 1    
9.55856890 1    
9.56006519 1    
9.56129293 1    
9.56279240 1    
9.56431762 1    
9.56556319 1    
9.56706358 1    
9.56830938 1    
9.56981261 1    
9.57128796 1    
9.57140326 -1   
9.57253931 1    
9.57403430 1    
9.57530949 1    
9.57680565 1    
9.57830752 1    
9.57953207 1    
9.58103553 1    
9.58228296 1    
9.58378381 1    
9.58528323 1    
9.58652918 1    
9.58802613 1    
9.58954434 1    
9.59068331 -1   
9.59077546 1    
9.59229676 1    
9.59354900 1    
9.59502285 1    
9.59652397 1    
9.59778966 1    
9.59929578 1    
9.60079053 1    
9.60229025 1    
9.60353948 1    
9.60502210 1    
9.60653264 1    
9.60776776 1    
9.60928643 1    
9.61053753 1    
9.61201332 1    
9.61351359 1    
9.61477922 1    
9.61628715 1    
9.61753445 1    
9.61903685 1    
9.62053321 1    
9.62176104 1    
9.62327227 1    
9.62450578 1    
9.62600546 1    
9.62750693 1    
9.62875378 1    
9.63025561 1    
9.63150249 1    
9.63300292 1    
9.63451726 1    
9.63574912 1    
9.63724931 1    
9.63850017 1    
9.63999907 1    
9.64149945 1    
9.64274635 1    
9.64424735 1    
9.64549690 1    
9.64699363 1    
9.64849208 1    
9.64974387 1    
9.64985116 -1   
9.65124625 1    
9.65275880 1    
9.65399142 1    
9.65400338 -1   
9.65549131 1    
9.65673887 1    
9.65823997 1    
9.65973689 1    
9.66098752 1    
9.66248505 1    
9.66373494 1    
9.66523116 1    
9.66673372 1    
9.66798149 1    
9.66948171 1    
9.67072985 1    
9.67223368 1    
9.67372780 1    
9.67498017 1    
9.67647641 1    
9.67797735 1    
9.67922538 1    
9.68072609 1    
9.68197237 1    
9.68347711 1    
9.68499238 1    
9.68624963 1    
9.68625085 -1   
9.68773689 1    
9.68897181 1    
9.69048515 1    
9.69198551 1    
9.69323853 1    
9.69473870 1    
9.69623095 1    
9.69746420 1    
9.69896465 1    
9.70021421 1    
9.70171113 1    
9.70321349 1    
9.70446040 1    
9.70596286 1    
9.70720857 1    
9.70870773 1    
9.71020753 1    
9.71146256 1    
9.71295640 1    
9.71445684 1    
9.71570413 1    
9.71720522 1    
9.71845064 1    
9.71994926 1    
9.72145016 1    
9.72270195 1    
9.72419651 1    
9.72544891 1    
9.72694597 1    
9.72844904 1    
9.72971701 1    
9.73122015 1    
9.73244447 1    
9.73358455 -1   
9.73419283 1    
9.73547076 1    
9.73671938 1    
9.73819042 1    
9.73944010 1    
9.74096229 1    
9.74246363 1    
9.74371069 1    
9.74521525 1    
9.74643685 1    
9.74793830 1    
9.74945770 1    
9.75070747 1    
9.75218407 1    
9.75345588 1    
9.75493349 1    
9.75645001 1    
9.75770082 1    
9.75920679 1    
9.76045236 1    
9.76192733 1    
9.76344850 1    
9.76468414 1    
9.76619758 1    
9.76770238 1    
9.76894935 1    
9.77045073 1    
9.77167421 1    
9.77319243 1    
9.77469532 1    
9.77594478 1    
9.77744299 1    
9.77867212 1    
9.78016596 1    
9.78167080 1    
9.78291538 1    
9.78443323 1    
9.78593075 1    
9.78718454 1    
9.78868212 1    
9.78993153 1    
9.78997928 -1   
9.79142724 1    
9.79290979 1    
9.79418313 1    
9.79567532 1    
9.79692633 1    
9.79840588 1    
9.79990845 1    
9.80115533 1    
9.80265389 1    
9.80416951 1    
9.80540486 1    
9.80690197 1    
9.80815431 1    
9.80964832 1    
9.81115230 1    
9.81239838 1    
9.81389881 1    
9.81514711 1    
9.81664866 1    
9.81816485 1    
9.81942049 1    
9.82089390 1    
9.82211481 1    
9.82221775 -1   
9.82364611 1    
9.82514219 1    
9.82639271 1    
9.82789135 1    
9.82914206 1    
9.83063779 1    
9.83213993 1    
9.83338456 1    
9.83488453 1    
9.83613435 1    
9.83764941 1    
9.83915780 1    
9.84040992 1    
9.84190385 1    
9.84340191 1    
9.84465475 1    
9.84612963 1    
9.84739444 1    
9.84888094 1    
9.85039896 1    
9.85165031 1    
9.85314769 1    
9.85438825 1    
9.85587534 1    
9.85737274 1    
9.85862184 1    
9.86012335 1    
9.86137056 1    
9.86287389 1    
9.86438401 1    
9.86563632 1    
9.86714569 1    
9.86838377 1    
9.86988097 1    
9.87137140 1    
9.87261533 1    
9.87411602 1    
9.87536352 1    
9.87686499 1    
9.87836318 1    
9.87850636 -1   
9.87961173 1    
9.88110824 1    
9.88235966 1    
9.88385861 1    
9.88535875 1    
9.88660879 1    
9.88810734 1    
9.88935520 1    
9.89085877 1    
9.89235270 1    
9.89360539 1    
9.89510262 1    
9.89660448 1    
9.89784987 1    
9.89937194 1    
9.90061934 1    
9.90063621 -1   
9.90211863 1    
9.90359749 1    
9.90485072 1    
9.90634544 1    
9.90761190 1    
9.90912789 1    
9.91060870 1    
9.91184094 1    
9.91334863 1    
9.91484090 1    
9.91613979 1    
9.91758702 1    
9.91884225 1    
9.92033655 1    
9.92183580 1    
9.92308629 1    
9.92458786 1    
9.92471662 -1   
9.92583591 1    
9.92733700 1    
9.92883606 1    
9.93008093 1    
9.93158541 1    
9.93308071 1    
9.93433449 1    
9.93583152 1    
9.93708409 1    
9.93857608 1    
9.94007837 1    
9.94132619 1    
9.94282416 1    
9.94407219 1    
9.94557486 1    
9.94707120 1    
9.94832228 1    
9.94981886 1    
9.95132186 1    
9.95256844 1    
9.95406669 1    
9.95531792 1    
9.95681754 1    
9.95831616 1    
9.95956646 1    
9.96106272 1    
9.96231666 1    
9.96381165 1    
9.96530959 1    
9.96656034 1    
9.96806143 1    
9.96930906 1    
9.97081209 1    
9.97230543 1    
9.97356038 1    
9.97505450 1    
9.97824751 -1   
9.98305589 1    
9.98454893 1    
9.98580046 1    
9.98729887 1    
9.98879997 1    
9.99004526 1    
9.99154710 1    
9.99279505 1    
9.99343875 1    
10.00454462 1    
10.00604121 1    
10.00728657 1    
10.00879141 1    
10.01028411 1    
10.01153281 1    
10.01303344 1    
10.01429368 1    
10.01578207 1    
10.01728661 1    
10.01852876 1    
10.02003112 1    
10.02127882 1    
10.02278329 1    
10.02427713 1    
10.03327975 1    
10.03451945 1    
10.03602178 1    
10.05427335 1    
10.05576068 1    
10.05700912 1    
10.08675012 1    
10.08678480 -1   
10.08824433 1    
10.09299207 1    
10.09448902 1    
10.09573583 1    
10.09723499 1    
10.09873578 1    
10.09998497 1    
10.10148235 1    
10.10273500 1    
10.10423084 1    
10.10573349 1    
10.10697978 1    
10.10847902 1    
10.10972697 1    
10.11122943 1    
10.11272503 1    
10.11397951 1    
10.11547456 1    
10.11697529 1    
10.11822180 1    
10.11972084 1    
10.12097085 1    
10.12247207 1    
10.12397025 1    
10.12522145 1    
10.12671805 1    
10.12796896 1    
10.12946672 1    
10.13096529 1    
10.13221401 1    
10.13232226 -1   
10.13371629 1    
10.13521300 1    
10.13646410 1    
10.13795971 1    
10.13921313 1    
10.14070930 1    
10.14221136 1    
10.14345847 1    
10.14496026 1    
10.14620694 1    
10.14770895 1    
10.14920409 1    
10.15046378 1    
10.15195420 1    
10.15345461 1    
10.15545232 1    
10.15695239 1    
10.15844876 1    
10.15970071 1    
10.16119758 1    
10.16244680 1    
10.16394877 1    
10.16544791 1    
10.16669504 1    
10.16819615 1    
10.16931405 -1   
10.16944243 1    
10.17094478 1    
10.17244134 1    
10.17369495 1    
10.17519422 1    
10.17643939 1    
10.17794052 1    
10.17943748 1    
10.18068616 1    
10.18218597 1    
10.18343915 1    
10.18493372 1    
10.18643654 1    
10.18768378 1    
10.18918491 1    
10.19043121 1    
10.19193016 1    
10.19342902 1    
10.19468187 1    
10.19617831 1    
10.19742940 1    
10.19892688 1    
10.20042712 1    
10.20164872 -1   
10.20167080 1    
10.20317476 1    
10.20442713 1    
10.20592364 1    
10.20742427 1    
10.20767608 1    
10.20942263 1    
10.21091998 1    
10.21216835 1    
10.21366664 1    
10.21517011 1    
10.21641618 1    
10.21791806 1    
10.21916542 1    
10.22066698 1    
10.22216379 1    
10.22341219 1    
10.22491101 1    
10.22503098 -1   
10.22616323 1    
10.22765989 1    
10.22916130 1    
10.23040764 1    
10.23200126 1    
10.23340555 1    
10.23465950 1    
10.23615509 1    
10.23740662 1    
10.23890403 1    
10.24040431 1    
10.24165146 1    
10.24315143 1    
10.24439982 1    
10.24590264 1    
10.24740213 1    
10.24865053 1    
10.25014864 1    
10.25140116 1    
10.25289479 1    
10.25439529 1    
10.25564476 1    
10.25714600 1    
10.25839130 1    
10.25989347 1    
10.26138988 1    
10.26264322 1    
10.26413834 1    
10.26563756 1    
10.26713798 1    
10.26838837 1    
10.26988457 1    
10.27113829 1    
10.27114823 -1   
10.27263661 1    
10.27415726 1    
10.27538235 1    
10.27691196 1    
10.28163208 1    
10.28312842 1    
10.28437786 1    
10.28587560 1    
10.28737898 1    
10.28862377 1    
10.29012612 1    
10.29137439 1    
10.29287471 1    
10.29437119 1    
10.29562216 1    
10.29712046 1    
10.29837088 1    
10.29986878 1    
10.30137045 1    
10.30261645 1    
10.30411870 1    
10.30536449 1    
10.30686459 1    
10.30836389 1    
10.30961641 1    
10.31111233 1    
10.31119565 -1   
10.31261433 1    
10.31386016 1    
10.31535978 1    
10.31660829 1    
10.31811094 1    
10.31960877 1    
10.32085878 1    
10.32235474 1    
10.32360822 1    
10.32510327 1    
10.32660311 1    
10.32785345 1    
10.32935469 1    
10.33085226 1    
10.33210454 1    
10.33359810 1    
10.33485165 1    
10.33634629 1    
10.33784533 1    
10.33909718 1    
10.34059805 1    
10.34184360 1    
10.35284471 1    
10.35433614 1    
10.35559025 1    
10.35708430 1    
10.35858378 1    
10.37107598 1    
10.37407924 1    
10.37557480 1    
10.37682625 1    
10.38081538 -1   
10.39257350 1    
10.39406373 1    
10.44104209 1    
10.44107849 -1   
10.44253900 1    
10.44378536 1    
10.44528901 1    
10.44678606 1    
10.44803734 1    
10.44953227 1    
10.45078216 1    
10.45227965 1    
10.45378229 1    
10.45503082 1    
10.45653109 1    
10.45802778 1    
10.45928038 1    
10.46077539 1    
10.46202602 1    
10.46352492 1    
10.46502589 1    
10.49726067 1    
10.49741966 -1   
10.49850759 1    
10.50000479 1    
10.50150235 1    
10.50275200 1    
10.50425428 1    
10.50550094 1    
10.50700367 1    
10.50849812 1    
10.50975089 1    
10.51124801 1    
10.51249615 1    
10.51399469 1    
10.51549833 1    
10.51674421 1    
10.51824635 1    
10.51954118 1    
10.52624309 1    
10.52749082 1    
10.52899029 1    
10.53048851 1    
10.53173875 1    
10.53323404 1    
10.53448412 1    
10.53598409 1    
10.53748474 1    
10.53887506 1    
10.54023374 1    
10.54148010 1    
10.54298304 1    
10.54447787 1    
10.54472899 1    
10.56497166 1    
10.56646843 1    
10.61394625 1    
10.61398077 -1   
10.61519404 1    
10.61668722 1    
10.62518499 1    
10.62643118 1    
10.62793257 1    
10.62943087 1    
10.63068340 1    
10.63217707 1    
10.63343075 1    
10.63492731 1    
10.63642473 1    
10.63767620 1    
10.63917804 1    
10.64042394 1    
10.64192436 1    
10.64342208 1    
10.64467427 1    
10.64616931 1    
10.65316623 1    
10.68989984 1    
10.69006137 -1   
10.69689721 1    
10.69838940 1    
10.69964148 1    
10.70113758 1    
10.70263790 1    
10.70388645 1    
10.70538942 1    
10.70688549 1    
10.70838601 1    
10.70963256 1    
10.71113656 1    
10.71238194 1    
10.71388080 1    
10.71538212 1    
10.71763234 1    
10.71887859 1    
10.72037990 1    
10.72564802 1    
10.75761369 1    
10.75887381 1    
10.77685222 1    
10.77834515 1    
10.77959653 1    
10.81682994 1    
10.81686827 -1   
10.81807471 1    
10.88900750 1    
10.93026588 1    
10.93150875 1    
10.93300573 1    
10.95325069 1    
10.95449687 1    
10.97324060 1    
10.97473728 1    
10.97598131 1    
10.99747757 1    
10.99763662 -1   
11.05136680 1    
11.22200992 -1   
11.31593394 -1   
11.33733364 -1   
11.63261721 1    
11.63286270 1    
11.63320620 -1   
11.66509440 1    
11.66633755 1    
11.67458732 1    
11.67608028 1    
11.67733250 1    
11.67882895 1    
11.68032685 1    
11.68157716 1    
11.68308050 1    
11.68432680 1    
11.68582708 1    
11.68732698 1    
11.68857543 1    
11.69007160 1    
11.69132333 1    
11.69282009 1    
11.69432186 1    
11.69556955 1    
11.69707173 1    
11.70156597 1    
11.70281915 1    
11.71031486 1    
11.71155962 1    
11.71305836 1    
11.71431028 1    
11.75678944 1    
11.75803318 1    
11.78302881 1    
11.78340446 -1   
11.78427408 1    
11.78576706 1    
11.79301822 1    
11.79426250 1    
11.79576488 1    
11.79601597 1    
11.79603053 -1   
11.80126087 1    
11.80275800 1    
11.80851117 1    
11.81000271 1    
11.81150542 1    
11.81300166 1    
11.81425330 1    
11.81575056 1    
11.81699877 1    
11.81849980 1    
11.82025004 1    
11.82149730 1    
11.82300215 1    
11.82449626 1    
11.82574729 1    
11.82724407 1    
11.82849229 1    
11.82999117 1    
11.83149623 1    
11.83274183 1    
11.83424332 1    
11.83548905 1    
11.83699046 1    
11.83848732 1    
11.83973638 1    
11.84123489 1    
11.84248973 1    
11.84398495 1    
11.84548537 1    
11.84673281 1    
11.84823526 1    
11.84948148 1    
11.84961645 -1   
11.85098364 1    
11.85247939 1    
11.85373085 1    
11.86097987 1    
11.86222619 1    
11.86372441 1    
11.86522242 1    
11.86648502 1    
11.88097139 1    
11.88246241 1    
11.88371607 1    
11.95916966 1    
12.00517994 -1   
12.08885100 1    
12.09034333 1    
12.09159553 1    
12.09309142 1    
12.09459032 1    
12.09584007 1    
12.09734181 1    
12.09858804 1    
12.10008959 1    
12.10158682 1    
12.10283901 1    
12.10433429 1    
12.10558410 1    
12.10708570 1    
12.10858545 1    
12.10983146 1    
12.11133586 1    
12.11282965 1    
12.11408224 1    
12.11557884 1    
12.11682850 1    
12.11832691 1    
12.11982853 1    
12.12107477 1    
12.12257837 1    
12.12382414 1    
12.12532319 1    
12.12682451 1    
12.12807403 1    
12.12957237 1    
12.13107422 1    
12.13232018 1    
12.13382031 1    
12.13506888 1    
12.13656780 1    
12.13806640 1    
12.13931853 1    
12.14081384 1    
12.14092365 -1   
12.14206744 1    
12.14356416 1    
12.14506130 1    
12.14631087 1    
12.14781446 1    
12.14930841 1    
12.15056403 1    
12.15205714 1    
12.15331047 1    
12.15480679 1    
12.15630475 1    
12.15755420 1    
12.15905878 1    
12.16000793 1    
12.16155501 1    
12.16305136 1    
12.16855428 1    
12.17004751 1    
12.17129732 1    
12.24929451 -1   
12.32156564 1    
12.33320649 1    
12.33470441 1    
12.33620206 1    
12.33745093 1    
12.33895606 1    
12.34019932 1    
12.34170185 1    
12.34319881 1    
12.34445127 1    
12.34594559 1    
12.34719582 1    
12.34869545 1    
12.35019836 1    
12.35395322 1    
12.35544530 1    
12.35669060 1    
12.38543131 1    
12.38692416 1    
12.38842115 1    
12.38967062 1    
12.39117566 1    
12.39241937 1    
12.45189341 1    
12.45192216 -1   
12.45338444 1    
12.47087601 1    
12.47212713 1    
12.47362247 1    
12.47512611 1    
12.47637335 1    
12.47787401 1    
12.47937134 1    
12.48061928 1    
12.48211817 1    
12.48362148 1    
12.48486769 1    
12.48636839 1    
12.48786500 1    
12.48911654 1    
12.49061332 1    
12.49186359 1    
12.49336372 1    
12.49486486 1    
12.49497502 -1   
12.49611341 1    
12.49760871 1    
12.49886183 1    
12.50035730 1    
12.50185637 1    
12.50310729 1    
12.50461066 1    
12.50610708 1    
12.50735725 1    
12.50885252 1    
12.51010462 1    
12.51160282 1    
12.51310025 1    
12.51434842 1    
12.51585175 1    
12.51709722 1    
12.51859896 1    
12.52009853 1    
12.52134811 1    
12.52284517 1    
12.52434661 1    
12.52559545 1    
12.52709713 1    
12.52834100 1    
12.52984322 1    
12.53134420 1    
12.53259297 1    
12.53408906 1    
12.53534079 1    
12.53683851 1    
12.53779822 1    
12.53933702 1    
12.54083779 1    
12.54233715 1    
12.54358648 1    
12.54508286 1    
12.54633459 1    
12.54783335 1    
12.54933416 1    
12.55057846 1    
12.55208149 1    
12.55333278 1    
12.55483134 1    
12.55632614 1    
12.55757755 1    
12.56107643 1    
12.56257466 1    
12.56382465 1    
12.56532373 1    
12.56656922 1    
12.56807172 1    
12.56957125 1    
12.57082302 1    
12.57231624 1    
12.57356925 1    
12.57506945 1    
12.57656886 1    
12.57781425 1    
12.57931653 1    
12.58081444 1    
12.58206302 1    
12.58356227 1    
12.58481398 1    
12.58631142 1    
12.58781039 1    
12.58905823 1    
12.59055893 1    
12.59180774 1    
12.59330747 1    
12.59480644 1    
12.59605602 1    
12.59755715 1    
12.59905468 1    
12.60030139 1    
12.60180220 1    
12.60305203 1    
12.60455161 1    
12.60604708 1    
12.60730036 1    
12.60879951 1    
12.61004766 1    
12.61154599 1    
12.61304632 1    
12.61429542 1    
12.61579454 1    
12.61729236 1    
12.61854291 1    
12.62004252 1    
12.62129121 1    
12.62278827 1    
12.62429002 1    
12.62553959 1    
12.62704013 1    
12.62828486 1    
12.62978652 1    
12.63128822 1    
12.63253502 1    
12.63403100 1    
12.63404046 -1   
12.63528493 1    
12.63678241 1    
12.63828223 1    
12.63952844 1    
12.64103156 1    
12.64228052 1    
12.64377977 1    
12.64527461 1    
12.64652730 1    
12.64802546 1    
12.64927501 1    
12.65077257 1    
12.65227455 1    
12.65352261 1    
12.65502386 1    
12.65626844 1    
12.65777179 1    
12.65927032 1    
12.66051823 1    
12.66201493 1    
12.66326778 1    
12.66476650 1    
12.66626528 1    
12.66751276 1    
12.66901448 1    
12.67051457 1    
12.67176303 1    
12.67325824 1    
12.67451114 1    
12.67600953 1    
12.67750915 1    
12.67875639 1    
12.68025759 1    
12.68150645 1    
12.68300899 1    
12.68450245 1    
12.68575630 1    
12.68725621 1    
12.68875327 1    
12.68999901 1    
12.69150234 1    
12.69275082 1    
12.69425020 1    
12.69574732 1    
12.69724927 1    
12.69849760 1    
12.69999607 1    
12.70149248 1    
12.70274606 1    
12.70424452 1    
12.70549279 1    
12.70699040 1    
12.70849167 1    
12.70974091 1    
12.71124166 1    
12.71248644 1    
12.71398863 1    
12.71548930 1    
12.71673650 1    
12.71823362 1    
12.71948640 1    
12.72098436 1    
12.72248457 1    
12.72373055 1    
12.72523166 1    
12.72648104 1    
12.72798035 1    
12.72947794 1    
12.73098053 1    
12.73222756 1    
12.73372794 1    
12.73522408 1    
12.73647533 1    
12.73659349 -1   
12.73797455 1    
12.73922187 1    
12.74072366 1    
12.74222267 1    
12.74347169 1    
12.74496763 1    
12.74622021 1    
12.74772025 1    
12.74921867 1    
12.75046496 1    
12.75196633 1    
12.75346537 1    
12.75471644 1    
12.75621235 1    
12.75746281 1    
12.75896377 1    
12.76046222 1    
12.76170842 1    
12.76321091 1    
12.76445919 1    
12.76457163 -1   
12.76595557 1    
12.76745895 1    
12.76870722 1    
12.77020724 1    
12.77145438 1    
12.77295341 1    
12.77410473 -1   
12.77411020 -1   
12.77445272 1    
12.77570297 1    
12.77719927 1    
12.77844922 1    
12.77995070 1    
12.78144704 1    
12.78270075 1    
12.78419580 1    
12.78429501 -1   
12.78544496 1    
12.78694380 1    
12.78844597 1    
12.78969356 1    
12.79119499 1    
12.79244007 1    
12.79394248 1    
12.79543976 1    
12.79668813 1    
12.79818831 1    
12.79944137 1    
12.80093508 1    
12.80243730 1    
12.80368698 1    
12.80369683 -1   
12.80518632 1    
12.80668320 1    
12.80793155 1    
12.80943049 1    
12.81068467 1    
12.81217882 1    
12.81368087 1    
12.81492818 1    
12.81642974 1    
12.81767585 1    
12.81917693 1    
12.82067602 1    
12.82192727 1    
12.82342444 1    
12.82492593 1    
12.82617081 1    
12.82767474 1    
12.82891985 1    
12.83041920 1    
12.83191817 1    
12.83317002 1    
12.83466718 1    
12.83591808 1    
12.83741425 1    
12.83912221 1    
12.84016365 1    
12.84166202 1    
12.84316267 1    
12.84441364 1    
12.84591152 1    
12.84716197 1    
12.84865808 1    
12.85016130 1    
12.85140832 1    
12.85152243 -1   
12.85290837 1    
12.85415614 1    
12.85565919 1    
12.85715507 1    
12.85840677 1    
12.85990326 1    
12.86140244 1    
12.86265128 1    
12.86415473 1    
12.86539889 1    
12.86690150 1    
12.86839647 1    
12.86965034 1    
12.87114681 1    
12.87239455 1    
12.87789453 1    
12.87914450 1    
12.88889120 1    
12.89013821 1    
12.89163542 1    
12.89313629 1    
12.89438300 1    
12.89588265 1    
12.89738021 1    
12.89863290 1    
12.90012880 1    
12.90138116 1    
12.90288086 1    
12.90602012 1    
12.91037643 1    
12.91162284 1    
12.91312260 1    
12.96563998 -1   
12.97309315 1    
12.99133469 1    
12.99258053 1    
12.99407778 1    
12.99532688 1    
12.99682411 1    
12.99832576 1    
12.99957478 1    
13.00107540 1    
13.00257298 1    
13.00382210 1    
13.00531811 1    
13.00656945 1    
13.02906226 1    
13.03030748 1    
13.04680830 1    
13.04804799 1    
13.04954342 1    
13.07082048 1    
13.08902701 1    
13.16873406 1    
13.16878378 -1   
13.17022795 1    
13.17147537 1    
13.17297631 1    
13.17447232 1    
13.17872375 1    
13.17996910 1    
13.18146805 1    
13.18296783 1    
13.18422017 1    
13.18571734 1    
13.18696921 1    
13.18846474 1    
13.18996594 1    
13.19121480 1    
13.19271227 1    
13.19846259 1    
13.19996130 1    
13.25026103 1    
13.25042957 -1   
13.25792720 1    
13.25917494 1    
13.29291093 1    
13.29440391 1    
13.37415469 -1   
13.41250613 1    
19.81329168 -1   
23.48168539 -1   
23.49016900 -1   
23.49046416 -1   
23.64428911 -1   
23.96548352 1    
26.03523287 1    
26.03537822 -1   
27.60782792 -1   
27.86716777 1    
28.01894217 -1   
28.06805012 1    
28.18020728 -1   
28.22945804 1    
28.34161606 -1   
28.44013091 1    
28.50352358 -1   
28.60151220 1    
28.66515791 -1   
28.87108873 1    
29.01843977 -1   
29.18290667 1    
29.18318108 -1   
29.38330005 1    
