0.00000000 1    
0.16249171 1    
0.25697937 -1   
0.32414527 1    
0.41972498 -1   
0.42952692 1    
0.48678361 1    
0.58237769 -1   
0.64015835 -1   
0.67739030 -1   
0.71312370 -1   
0.72361478 -1   
0.78452088 -1   
0.78484558 1    
0.99330496 -1   
0.99363069 1    
1.18794621 -1   
1.18798014 1    
1.35185468 -1   
1.35217050 1    
1.52400637 -1   
1.52552081 1    
1.68940592 -1   
1.68972532 1    
1.93751856 -1   
1.97014943 -1   
1.97140027 -1   
2.01112881 -1   
2.13221228 -1   
2.13467162 1    
2.29626619 1    
2.54917126 -1   
2.72022361 -1   
2.72146747 -1   
2.77273661 -1   
2.80612670 1    
2.96762809 1    
3.21943938 -1   
3.22093110 -1   
3.22131182 -1   
3.26216621 -1   
3.26340834 -1   
3.26490961 -1   
3.26640814 -1   
3.26765733 -1   
3.26915520 -1   
3.27040603 -1   
3.38434702 -1   
3.38583645 -1   
3.38733807 -1   
3.38752139 1    
3.38858969 -1   
3.42406616 -1   
3.42556592 -1   
3.42681144 -1   
3.42831590 -1   
3.42980932 -1   
3.43105935 -1   
3.43255929 -1   
3.43406253 -1   
3.43530762 -1   
3.43681021 -1   
3.43805492 -1   
3.43955638 -1   
3.44105447 -1   
3.44230218 -1   
3.44380248 -1   
3.44505461 -1   
3.54775205 -1   
3.54899325 -1   
3.55049364 -1   
3.55199100 -1   
3.55324195 -1   
3.55473999 -1   
3.55475392 1    
3.58747485 -1   
3.58872039 -1   
3.59022097 -1   
3.59146771 -1   
3.59297111 -1   
3.59446567 -1   
3.59571605 -1   
3.59721473 -1   
3.59876837 -1   
3.59996228 -1   
3.60146389 -1   
3.60271229 -1   
3.60421222 -1   
3.60570846 -1   
3.60695829 -1   
3.60845960 -1   
3.60971218 -1   
3.61120566 -1   
3.61270873 -1   
3.61395432 -1   
3.61545542 -1   
3.61695393 -1   
3.61820165 -1   
3.61970057 -1   
3.62095425 -1   
3.62245056 -1   
3.62395083 -1   
3.62519981 -1   
3.62670004 -1   
3.62794584 -1   
3.62944499 -1   
3.63094503 -1   
3.63106413 1    
3.64843911 -1   
3.64968503 -1   
3.71265288 -1   
3.71389620 -1   
3.71539569 -1   
3.71689806 -1   
3.72089869 -1   
3.72239307 -1   
3.72389478 -1   
3.72483890 -1   
3.73566832 1    
3.76341479 1    
4.19188561 -1   
4.19312488 -1   
4.19350483 -1   
4.20762348 -1   
4.20912084 -1   
4.22586152 -1   
4.22736230 -1   
4.22860544 -1   
4.23511037 -1   
4.23523667 1    
4.23635457 -1   
4.23784872 -1   
4.23934716 -1   
4.24059883 -1   
4.24210092 -1   
4.24359524 -1   
4.24484839 -1   
4.24634435 -1   
4.24759528 -1   
4.24909406 -1   
4.25059092 -1   
4.27533658 -1   
4.27683048 -1   
4.28682383 -1   
4.28807324 -1   
4.28957150 -1   
4.29656788 -1   
4.29781369 -1   
4.29931675 -1   
4.30081371 -1   
4.30206486 -1   
4.30381062 -1   
4.30506407 -1   
4.30655990 -1   
4.31605534 -1   
4.31714086 1    
4.31755660 -1   
4.36858947 -1   
4.39681667 1    
4.87093201 -1   
4.90997576 -1   
4.91146801 -1   
4.91871162 -1   
4.92020964 -1   
5.07229362 -1   
5.10322935 1    
5.11190631 1    
5.26481777 1    
5.50504015 1    
5.54311305 -1   
5.54460240 -1   
5.54498092 -1   
5.56384732 -1   
5.56509253 -1   
5.58658513 -1   
5.58807856 -1   
5.58932531 -1   
5.59082323 -1   
5.59232337 -1   
5.59407538 -1   
5.59557116 -1   
5.59682329 -1   
5.60381858 -1   
5.60506867 -1   
5.60656419 -1   
5.60806397 -1   
5.66658920 1    
5.70776406 -1   
5.70926143 -1   
5.71050936 -1   
5.71201050 -1   
5.72725152 -1   
5.72849892 -1   
5.72999725 -1   
5.73149399 -1   
5.75023938 -1   
5.75148251 -1   
5.75298442 -1   
5.75448125 -1   
5.75573228 -1   
5.75722889 -1   
5.75870984 -1   
5.75997591 -1   
5.76147604 -1   
5.76272479 -1   
5.76422727 -1   
5.76547431 -1   
5.76697471 -1   
5.76847446 -1   
5.76972478 -1   
5.77121971 -1   
5.77247162 -1   
5.77396927 -1   
5.77547064 -1   
5.77671825 -1   
5.77821867 -1   
5.77946565 -1   
5.78096797 -1   
5.78246462 -1   
5.81120904 -1   
5.81244828 -1   
5.82973968 1    
5.87117485 -1   
5.87266606 -1   
5.87416417 -1   
5.87540984 -1   
5.87691189 -1   
5.87816040 -1   
5.88390671 -1   
5.88515646 -1   
5.89040585 -1   
5.89190127 -1   
5.89340099 -1   
5.89464958 -1   
5.89615295 -1   
5.89739832 -1   
5.89890087 -1   
5.90039804 -1   
5.91464755 -1   
5.91613782 -1   
5.91738986 -1   
5.91746667 1    
5.91889149 -1   
5.92038692 -1   
5.92163401 -1   
5.92313406 -1   
5.92438767 -1   
5.92588231 -1   
5.92738385 -1   
5.92863137 -1   
5.93013168 -1   
5.93138049 -1   
5.93287895 -1   
5.93437755 -1   
5.93562977 -1   
5.93712656 -1   
5.93862786 -1   
5.93987424 -1   
5.94137803 -1   
5.94262284 -1   
5.94412215 -1   
5.94562134 -1   
5.94687267 -1   
5.95686761 -1   
5.95811776 -1   
5.95961338 -1   
5.96086632 -1   
5.96236114 -1   
5.96386220 -1   
5.96511186 -1   
5.96660848 -1   
5.96810787 -1   
5.96935961 -1   
5.97085630 -1   
5.97235957 -1   
5.97360409 -1   
5.97510681 -1   
5.97660581 -1   
5.97670773 1    
5.97785628 -1   
5.97935146 -1   
5.98060399 -1   
5.98209949 -1   
5.98360167 -1   
5.98484964 -1   
5.98634740 -1   
5.98759715 -1   
5.98910098 -1   
5.99059544 -1   
5.99184986 -1   
5.99334605 -1   
5.99459624 -1   
6.03632414 -1   
6.03635433 1    
6.03757067 -1   
6.03906815 -1   
6.04056997 -1   
6.04181482 -1   
6.04332065 -1   
6.04456593 -1   
6.04606414 -1   
6.04756186 -1   
6.04881480 -1   
6.05031136 -1   
6.05156231 -1   
6.05306035 -1   
6.05456127 -1   
6.05580892 -1   
6.05730754 -1   
6.05855533 -1   
6.06005766 -1   
6.06155588 -1   
6.06280707 -1   
6.06430486 -1   
6.06580913 -1   
6.06705127 -1   
6.06855299 -1   
6.06979954 -1   
6.06989361 1    
6.07130300 -1   
6.07279982 -1   
6.07404965 -1   
6.07554515 -1   
6.07679709 -1   
6.07829463 -1   
6.07981011 -1   
6.08179627 -1   
6.08329170 -1   
6.08479477 -1   
6.08604502 -1   
6.08754149 -1   
6.08879329 -1   
6.09028813 -1   
6.09178852 -1   
6.09303912 -1   
6.09453621 -1   
6.09578496 -1   
6.09728700 -1   
6.09878412 -1   
6.10005697 -1   
6.10154862 -1   
6.10303590 -1   
6.10427938 -1   
6.10577908 -1   
6.10705052 -1   
6.10853172 -1   
6.11002757 -1   
6.11127965 -1   
6.11277567 -1   
6.11404413 -1   
6.11553952 -1   
6.11702648 -1   
6.11827250 -1   
6.11977344 -1   
6.11988076 1    
6.12127619 -1   
6.12254133 -1   
6.12402715 -1   
6.12526918 -1   
6.12676785 -1   
6.12826839 -1   
6.12953509 -1   
6.13101566 -1   
6.13226768 -1   
6.13376489 -1   
6.13526646 -1   
6.13653360 -1   
6.13803191 -1   
6.13951025 -1   
6.14076535 -1   
6.14225870 -1   
6.14350971 -1   
6.14500757 -1   
6.14650827 -1   
6.14775530 -1   
6.14785175 1    
6.14925778 -1   
6.15050379 -1   
6.15200580 -1   
6.15351326 -1   
6.15475440 -1   
6.15625017 -1   
6.15749932 -1   
6.15902240 -1   
6.16050400 -1   
6.16174849 -1   
6.16324837 -1   
6.16449772 -1   
6.16599843 -1   
6.16713039 1    
6.16749405 -1   
6.16874338 -1   
6.17026657 -1   
6.17149115 -1   
6.17299409 -1   
6.17448999 -1   
6.17574233 -1   
6.17724044 -1   
6.17848832 -1   
6.17998761 -1   
6.18149630 -1   
6.18273477 -1   
6.18423689 -1   
6.18548298 -1   
6.18698449 -1   
6.18850469 -1   
6.19000397 -1   
6.19124781 -1   
6.19273428 -1   
6.19423699 -1   
6.19547881 -1   
6.19698279 -1   
6.19849661 -1   
6.19972527 -1   
6.20123033 -1   
6.20248845 -1   
6.20400102 -1   
6.20547267 -1   
6.20672375 -1   
6.20824161 -1   
6.20947227 -1   
6.21096974 -1   
6.21248526 -1   
6.21371875 -1   
6.21523998 -1   
6.21648837 -1   
6.21796836 -1   
6.21946554 -1   
6.22073541 -1   
6.22221363 -1   
6.22348063 -1   
6.22772036 -1   
6.22921189 -1   
6.22934469 1    
6.23048400 -1   
6.23050331 1    
6.23195676 -1   
6.23345647 -1   
6.23470783 -1   
6.23622031 -1   
6.23773125 -1   
6.23895452 -1   
6.24047871 -1   
6.24172663 -1   
6.24320074 -1   
6.24471912 -1   
6.24595164 -1   
6.24747020 -1   
6.24872343 -1   
6.25019603 -1   
6.25171539 -1   
6.25294582 -1   
6.25446492 -1   
6.25596670 -1   
6.25721623 -1   
6.25869137 -1   
6.25994305 -1   
6.26146243 -1   
6.26296324 -1   
6.26420978 -1   
6.26570909 -1   
6.26693671 -1   
6.26845633 -1   
6.26993431 -1   
6.27120849 -1   
6.27270937 -1   
6.27420739 -1   
6.27543490 -1   
6.27693237 -1   
6.27818023 -1   
6.27826447 1    
6.27968315 -1   
6.28117794 -1   
6.28242952 -1   
6.28392680 -1   
6.28519803 -1   
6.28669706 -1   
6.28819896 -1   
6.28944783 -1   
6.29092578 -1   
6.29217316 -1   
6.29367492 -1   
6.29518687 -1   
6.29644307 -1   
6.29794004 -1   
6.29944458 -1   
6.30067052 -1   
6.30216847 -1   
6.30343575 -1   
6.30493528 -1   
6.30643575 -1   
6.30768460 -1   
6.30916576 -1   
6.31041453 -1   
6.31191042 -1   
6.31341187 -1   
6.31465819 -1   
6.31618289 -1   
6.31647852 1    
6.31765675 -1   
6.31915614 -1   
6.32065845 -1   
6.32190507 -1   
6.32390534 -1   
6.32540601 -1   
6.32665299 -1   
6.32817298 -1   
6.32967537 -1   
6.33092169 -1   
6.33242589 -1   
6.33364953 -1   
6.33514912 -1   
6.33664702 -1   
6.33789542 -1   
6.33939424 -1   
6.34064629 -1   
6.34214416 -1   
6.34364605 -1   
6.34489311 -1   
6.34641661 -1   
6.34791248 -1   
6.34916115 -1   
6.35063800 -1   
6.35188974 -1   
6.35340924 -1   
6.35491020 -1   
6.35579152 1    
6.35615723 -1   
6.35765524 -1   
6.35888820 -1   
6.36040086 -1   
6.36190787 -1   
6.36315352 -1   
6.36465749 -1   
6.36580587 1    
6.36615267 -1   
6.36737835 -1   
6.36888179 -1   
6.37015011 -1   
6.37165187 -1   
6.37314876 -1   
6.37437813 -1   
6.37587396 -1   
6.37712277 -1   
6.37862135 -1   
6.38012325 -1   
6.38137159 -1   
6.38287237 -1   
6.38438602 -1   
6.38564540 -1   
6.38714042 -1   
6.38838998 -1   
6.38988959 -1   
6.39136744 -1   
6.39261632 -1   
6.39286831 -1   
6.39438798 -1   
6.39592218 -1   
6.39738367 -1   
6.39746614 1    
6.39888579 -1   
6.40011240 -1   
6.40161092 -1   
6.40310949 -1   
6.40437820 -1   
6.40587336 -1   
6.40710558 -1   
6.40862267 -1   
6.41010804 -1   
6.41160529 -1   
6.41287901 -1   
6.41437086 -1   
6.41562620 -1   
6.41710305 -1   
6.41861624 -1   
6.41984938 -1   
6.42137405 -1   
6.42261833 -1   
6.42412168 -1   
6.42559962 -1   
6.42684519 -1   
6.42836733 -1   
6.42984688 -1   
6.43111379 -1   
6.43261714 -1   
6.43384046 -1   
6.43534187 -1   
6.43684038 -1   
6.43811108 -1   
6.43960371 -1   
6.44084094 -1   
6.44233881 -1   
6.44383846 -1   
6.44510787 -1   
6.44660373 -1   
6.44810537 -1   
6.44820323 1    
6.44935681 -1   
6.45083218 -1   
6.45210384 -1   
6.45359781 -1   
6.45660023 -1   
6.45807884 -1   
6.45932963 -1   
6.46082679 -1   
6.46209932 -1   
6.46359536 -1   
6.46509908 -1   
6.46632298 -1   
6.46782117 -1   
6.46909435 -1   
6.47059466 -1   
6.47209273 -1   
6.47335447 -1   
6.47481999 -1   
6.47632033 -1   
6.47756582 -1   
6.47908839 -1   
6.48033803 -1   
6.48183946 -1   
6.48331272 -1   
6.48459021 -1   
6.48608348 -1   
6.48733279 -1   
6.48735644 1    
6.48883454 -1   
6.49032610 -1   
6.49157813 -1   
6.49305966 -1   
6.49456141 -1   
6.49580452 -1   
6.49732739 -1   
6.49857247 -1   
6.50007806 -1   
6.50155432 -1   
6.50280396 -1   
6.50430212 -1   
6.50582009 -1   
6.52679374 -1   
6.52806393 -1   
6.52955851 -1   
6.53105850 -1   
6.53231237 -1   
6.53378777 -1   
6.53503331 -1   
6.53625302 1    
6.53653654 -1   
6.53805829 -1   
6.53930311 -1   
6.54080370 -1   
6.54228245 -1   
6.54352910 -1   
6.54504985 -1   
6.54677914 -1   
6.54802912 -1   
6.54952932 -1   
6.55104748 -1   
6.55229452 -1   
6.55379934 -1   
6.55504899 -1   
6.55654831 -1   
6.55804563 -1   
6.55927404 -1   
6.56077125 -1   
6.56226685 -1   
6.56351654 -1   
6.56501921 -1   
6.56626480 -1   
6.56775764 -1   
6.56901696 -1   
6.57051673 -1   
6.57701691 -1   
6.57852477 -1   
6.57978180 -1   
6.58128247 -1   
6.58277820 -1   
6.58400946 -1   
6.58552181 -1   
6.58672335 1    
6.58700421 -1   
6.58826766 -1   
6.58977557 -1   
6.59102879 -1   
6.59252197 -1   
6.59399989 -1   
6.59525339 -1   
6.59727097 -1   
6.59877075 -1   
6.60526909 -1   
6.60651656 -1   
6.60801386 -1   
6.60951026 -1   
6.61074051 -1   
6.61449211 -1   
6.61600957 -1   
6.61749121 -1   
6.62323732 -1   
6.62473772 -1   
6.62623270 -1   
6.62748213 -1   
6.62900588 -1   
6.63025075 -1   
6.63173812 -1   
6.63323126 -1   
6.63472551 -1   
6.64297584 -1   
6.64424187 -1   
6.64573599 -1   
6.65297779 -1   
6.65300371 1    
6.65448554 -1   
6.65573581 -1   
6.65723966 -1   
6.65873514 -1   
6.65996422 -1   
6.66148251 -1   
6.66296279 -1   
6.66423179 -1   
6.66573009 -1   
6.66695731 -1   
6.66847757 -1   
6.66997865 -1   
6.67123122 -1   
6.67272682 -1   
6.67395613 -1   
6.67546957 -1   
6.67695301 -1   
6.67822233 -1   
6.67972850 -1   
6.68095106 -1   
6.68247595 -1   
6.68394727 -1   
6.68519934 -1   
6.68527762 1    
6.68671222 -1   
6.68821654 -1   
6.68944800 -1   
6.69096614 -1   
6.69219803 -1   
6.69369448 -1   
6.69519525 -1   
6.69644178 -1   
6.69793926 -1   
6.69918941 -1   
6.70069573 -1   
6.70218772 -1   
6.70372958 -1   
6.70493664 -1   
6.70645473 -1   
6.70770773 -1   
6.70918594 -1   
6.71045530 -1   
6.71193569 -1   
6.71345480 -1   
6.71470436 -1   
6.71618060 -1   
6.71743244 -1   
6.71892892 -1   
6.72045040 -1   
6.72169934 -1   
6.72319910 -1   
6.72819609 -1   
6.72944697 -1   
6.73094322 -1   
6.73244401 -1   
6.73252267 1    
6.73367392 -1   
6.73518487 -1   
6.73644277 -1   
6.73793930 -1   
6.73944155 -1   
6.74068798 -1   
6.74216397 -1   
6.74341328 -1   
6.74491662 -1   
6.74643756 -1   
6.74768953 -1   
6.74918454 -1   
6.75041331 -1   
6.75192681 -1   
6.75342996 -1   
6.75365832 -1   
6.75517569 -1   
6.75668000 -1   
6.75817396 -1   
6.75940455 -1   
6.76090915 -1   
6.76215281 -1   
6.76365323 -1   
6.76515250 -1   
6.76640346 -1   
6.76790049 -1   
6.76940287 -1   
6.77065292 -1   
6.77079577 1    
6.77215175 -1   
6.77339683 -1   
6.77489951 -1   
6.77639765 -1   
6.77766287 -1   
6.77914340 -1   
6.78039289 -1   
6.78191549 -1   
6.78339613 -1   
6.78464180 -1   
6.78614176 -1   
6.78738855 -1   
6.78889290 -1   
6.79000635 1    
6.79040308 -1   
6.79166503 -1   
6.79313939 -1   
6.79438492 -1   
6.79588595 -1   
6.79740558 -1   
6.79865612 -1   
6.80014728 -1   
6.80140337 -1   
6.80290361 -1   
6.80440460 -1   
6.80565008 -1   
6.80715076 -1   
6.80839963 -1   
6.80988020 -1   
6.81139111 -1   
6.81264778 -1   
6.82939824 -1   
6.82943628 1    
6.83064202 -1   
6.83213732 -1   
6.83938844 -1   
6.84063362 -1   
6.84211238 -1   
6.84360695 -1   
6.84488133 -1   
6.84637787 -1   
6.84762804 -1   
6.84912683 -1   
6.85060667 -1   
6.85185089 -1   
6.85335554 -1   
6.85484940 -1   
6.85634885 -1   
6.85759831 -1   
6.85909954 -1   
6.86059818 -1   
6.86184953 -1   
6.86334388 -1   
6.86459733 -1   
6.86609407 -1   
6.86759226 -1   
6.86884343 -1   
6.87034455 -1   
6.87159175 -1   
6.87309376 -1   
6.87459043 -1   
6.87584181 -1   
6.87735611 -1   
6.87860289 -1   
6.88010113 -1   
6.88160297 -1   
6.88285278 -1   
6.88433665 -1   
6.88559686 -1   
6.88711251 -1   
6.88824419 1    
6.88861466 -1   
6.89010079 -1   
6.89135360 -1   
6.89283176 -1   
6.89410315 -1   
6.89560111 -1   
6.89710282 -1   
6.89834671 -1   
6.89984974 -1   
6.90135116 -1   
6.90259891 -1   
6.90409425 -1   
6.90534845 -1   
6.90684663 -1   
6.90832409 -1   
6.90956951 -1   
6.91108780 -1   
6.91234281 -1   
6.91382231 -1   
6.91533719 -1   
6.91657111 -1   
6.91806801 -1   
6.91959263 -1   
6.92083666 -1   
6.92174677 -1   
6.92334246 -1   
6.92458980 -1   
6.95929361 -1   
6.96054474 -1   
6.96204206 -1   
7.02328410 -1   
7.02332195 1    
7.02450939 -1   
7.02600303 -1   
7.03075767 -1   
7.03225127 -1   
7.03350168 -1   
7.03499706 -1   
7.03650529 -1   
7.04150116 -1   
7.04274662 -1   
7.04424729 -1   
7.05474447 -1   
7.05648999 -1   
7.05773681 -1   
7.05923360 -1   
7.06073721 -1   
7.06223463 -1   
7.06348496 -1   
7.07064357 1    
7.07173302 -1   
7.08347679 -1   
7.08472370 -1   
7.08621784 -1   
7.08773882 -1   
7.08896761 -1   
7.10243987 1    
7.12270883 -1   
7.12394530 -1   
7.12544739 -1   
7.18717015 -1   
7.18720577 1    
7.18841091 -1   
7.18990888 -1   
7.19441418 -1   
7.19590574 -1   
7.19740829 -1   
7.19865142 -1   
7.20015540 -1   
7.20515465 -1   
7.20642057 -1   
7.20789783 -1   
7.21841787 -1   
7.21966869 -1   
7.22114516 -1   
7.22264010 -1   
7.22389302 -1   
7.22539001 -1   
7.22663776 -1   
7.22813693 -1   
7.22963801 -1   
7.23088592 -1   
7.23238803 -1   
7.23330992 -1   
7.23463920 -1   
7.23613064 -1   
7.23763146 -1   
7.23888052 -1   
7.24040527 -1   
7.24187824 -1   
7.24312984 -1   
7.24462758 -1   
7.25612640 -1   
7.25763748 -1   
7.25911876 -1   
7.26486765 -1   
7.26498376 1    
7.26611701 -1   
7.26761555 -1   
7.26911623 -1   
7.27037694 -1   
7.27186067 -1   
7.27336135 -1   
7.27463819 -1   
7.30212155 -1   
7.30361639 -1   
7.30486468 -1   
7.32586219 -1   
7.32734625 -1   
7.32860180 -1   
7.33009909 -1   
7.33160038 -1   
7.33285051 -1   
7.33434939 -1   
7.33584764 -1   
7.33710226 -1   
7.33860018 -1   
7.33984291 -1   
7.34134377 -1   
7.34282605 -1   
7.34409143 -1   
7.34559678 -1   
7.36908270 -1   
7.36911934 1    
7.37058018 -1   
7.37182409 -1   
7.37333082 -1   
7.37480146 -1   
7.37605418 -1   
7.37755311 -1   
7.37907357 -1   
7.38032391 -1   
7.38182324 -1   
7.38304722 -1   
7.38455005 -1   
7.38606927 -1   
7.38732418 -1   
7.38881790 -1   
7.39007325 -1   
7.39154330 -1   
7.39548456 -1   
7.42405341 -1   
7.53201567 1    
7.58555306 -1   
7.64740433 -1   
7.64891878 -1   
7.65742092 -1   
7.65865990 -1   
7.66014364 -1   
7.70763919 -1   
7.70777738 1    
7.70913616 -1   
7.73587564 -1   
7.73734921 -1   
7.79623877 -1   
7.91156620 1    
7.97975422 1    
8.11542892 1    
8.37326152 -1   
8.37475645 -1   
8.37511161 -1   
8.37542223 1    
8.38824601 -1   
8.41049143 -1   
8.41198458 -1   
8.41348142 -1   
8.41472990 -1   
8.41620626 -1   
8.41745410 -1   
8.41895383 -1   
8.42045588 -1   
8.42170126 -1   
8.42320259 -1   
8.42445080 -1   
8.42595332 -1   
8.42744870 -1   
8.42869732 -1   
8.44698104 -1   
8.44846620 -1   
8.44971313 -1   
8.45121305 -1   
8.45246130 -1   
8.45693579 -1   
8.45866896 -1   
8.47994870 -1   
8.48144188 -1   
8.49918486 -1   
8.50042612 -1   
8.53784105 -1   
8.56265034 -1   
8.56268065 1    
8.56412498 -1   
8.57139175 -1   
8.57286924 -1   
8.57438766 -1   
8.57561750 -1   
8.57713676 -1   
8.57838733 -1   
8.59087979 -1   
8.59238295 -1   
8.59385474 -1   
8.59510471 -1   
8.59660286 -1   
8.59785146 -1   
8.59938012 -1   
8.60085492 -1   
8.60212469 -1   
8.60224236 1    
8.60360253 -1   
8.60487073 -1   
8.60636892 -1   
8.60784858 -1   
8.60909930 -1   
8.61109571 -1   
8.61259624 -1   
8.62058986 -1   
8.62211593 -1   
8.62361208 -1   
8.63086509 -1   
8.63235517 -1   
8.63360361 -1   
8.63508114 -1   
8.63658400 -1   
8.63782867 -1   
8.63935477 -1   
8.64085174 -1   
8.64208176 -1   
8.64359688 -1   
8.64484929 -1   
8.64634532 -1   
8.64784738 -1   
8.64909164 -1   
8.65059641 -1   
8.65182198 -1   
8.65982620 -1   
8.66108810 -1   
8.66908068 -1   
8.67907764 -1   
8.68057979 -1   
8.68207438 -1   
8.71681140 -1   
8.72532456 -1   
8.72533998 1    
8.80499157 -1   
8.80648307 -1   
8.81550139 -1   
8.81700025 -1   
8.81850094 -1   
8.81974774 -1   
8.82124955 -1   
8.82247225 -1   
8.82399986 -1   
8.82549349 -1   
8.82674728 -1   
8.82822071 -1   
8.82947128 -1   
8.83096778 -1   
8.83247184 -1   
8.83371641 -1   
8.83521757 -1   
8.83646495 -1   
8.83797945 -1   
8.84671507 -1   
8.84821254 -1   
8.84945900 -1   
8.85495784 -1   
8.85647600 -1   
8.85772396 -1   
8.85922391 -1   
8.86047823 -1   
8.86197242 -1   
8.86369138 -1   
8.86471770 -1   
8.86622355 -1   
8.86747075 -1   
8.86896901 -1   
8.87046697 -1   
8.87172005 -1   
8.87321683 -1   
8.87446768 -1   
8.87455624 1    
8.87594759 -1   
8.87744352 -1   
8.87869163 -1   
8.88018954 -1   
8.88955837 -1   
8.88957293 1    
8.89895589 -1   
8.90045345 -1   
8.90170195 -1   
8.90695003 -1   
8.90843067 -1   
8.90992226 -1   
8.91119745 -1   
8.91269631 -1   
8.91392583 -1   
8.91542396 -1   
8.91694333 -1   
8.91819027 -1   
8.95392866 -1   
8.95541988 -1   
8.95667210 -1   
9.00137671 -1   
9.00287102 -1   
9.00438550 -1   
9.00450034 1    
9.00564339 -1   
9.00711906 -1   
9.01137385 -1   
9.01286576 -1   
9.02261744 -1   
9.02385866 -1   
9.02535745 -1   
9.02685686 -1   
9.02810815 -1   
9.02960623 -1   
9.04310566 -1   
9.04459839 -1   
9.04609693 -1   
9.04734500 -1   
9.04884714 -1   
9.05010930 -1   
9.05161102 -1   
9.05255039 -1   
9.05256499 1    
9.05934595 -1   
9.06058721 -1   
9.07810522 -1   
9.07959558 -1   
9.08082735 -1   
9.08759623 -1   
9.08907631 -1   
9.09058714 -1   
9.09182092 -1   
9.09332003 -1   
9.09457120 -1   
9.09606741 -1   
9.09756562 -1   
9.09881480 -1   
9.10031784 -1   
9.10856205 -1   
9.11007739 -1   
9.11158437 -1   
9.11281273 -1   
9.11290301 1    
9.11430696 -1   
9.11957324 -1   
9.12705834 -1   
9.12855164 -1   
9.13004987 -1   
9.13129554 -1   
9.13279965 -1   
9.13404484 -1   
9.13554286 -1   
9.13704478 -1   
9.13829633 -1   
9.13979078 -1   
9.14106131 -1   
9.14555605 -1   
9.14679040 -1   
9.14830842 -1   
9.14978487 -1   
9.15105732 -1   
9.15555792 -1   
9.15703249 -1   
9.16703441 -1   
9.16854243 -1   
9.16977581 -1   
9.17129619 -1   
9.17252353 -1   
9.17404343 -1   
9.17554589 -1   
9.17677199 -1   
9.17828788 -1   
9.17954231 -1   
9.18104979 -1   
9.18628772 -1   
9.18776329 -1   
9.18926457 -1   
9.19051630 -1   
9.19061199 1    
9.19203640 -1   
9.19326253 -1   
9.19476363 -1   
9.19626019 -1   
9.19750866 -1   
9.21433930 -1   
9.21437377 1    
9.21704573 -1   
9.21852085 -1   
9.21975103 -1   
9.22124785 -1   
9.22249553 -1   
9.22399137 -1   
9.22549318 -1   
9.22674143 -1   
9.22824512 -1   
9.22949055 -1   
9.23099139 -1   
9.23249700 -1   
9.23374001 -1   
9.23523577 -1   
9.23650910 -1   
9.23798550 -1   
9.23950814 -1   
9.24073637 -1   
9.24223652 -1   
9.24350747 -1   
9.24498529 -1   
9.24650477 -1   
9.24774338 -1   
9.24925114 -1   
9.26022844 -1   
9.26172086 -1   
9.26322285 -1   
9.26447076 -1   
9.26597234 -1   
9.26722294 -1   
9.26872235 -1   
9.26881437 1    
9.27024442 -1   
9.27149028 -1   
9.27299166 -1   
9.27448850 -1   
9.27573518 -1   
9.27723836 -1   
9.27848671 -1   
9.28049077 -1   
9.28198755 -1   
9.28348411 -1   
9.28475235 -1   
9.28623252 -1   
9.28773124 -1   
9.28895678 -1   
9.29048239 -1   
9.29197541 -1   
9.29320809 -1   
9.29470665 -1   
9.29595325 -1   
9.29920428 -1   
9.30047421 -1   
9.30197404 -1   
9.30347218 -1   
9.30472519 -1   
9.30621946 -1   
9.30746601 -1   
9.30895070 -1   
9.31046452 -1   
9.31171334 -1   
9.31321385 -1   
9.31446522 -1   
9.31596499 -1   
9.31746011 -1   
9.31870950 -1   
9.32021232 -1   
9.32146059 -1   
9.32295815 -1   
9.32307020 1    
9.32446198 -1   
9.32568774 -1   
9.32718620 -1   
9.32868270 -1   
9.32993540 -1   
9.33143011 -1   
9.33268199 -1   
9.33419576 -1   
9.33570454 -1   
9.33692950 -1   
9.33845272 -1   
9.33969878 -1   
9.34120238 -1   
9.34644573 -1   
9.34769377 -1   
9.34918829 -1   
9.35069707 -1   
9.35191899 -1   
9.35344383 -1   
9.35469051 -1   
9.35618606 -1   
9.35768902 -1   
9.35891782 -1   
9.36041813 -1   
9.36191677 -1   
9.36316302 -1   
9.36466601 -1   
9.36591261 -1   
9.36741359 -1   
9.36891093 -1   
9.37015773 -1   
9.37165874 -1   
9.37291268 -1   
9.37297129 1    
9.37440922 -1   
9.37590519 -1   
9.37715883 -1   
9.37865328 -1   
9.37990228 -1   
9.38140291 -1   
9.38290454 -1   
9.38415161 -1   
9.38565235 -1   
9.38714844 -1   
9.38840123 -1   
9.38989958 -1   
9.39117292 -1   
9.39208815 -1   
9.39210273 1    
9.39364907 -1   
9.39492281 -1   
9.40739253 -1   
9.40891130 -1   
9.41041084 -1   
9.41166288 -1   
9.41315963 -1   
9.41440580 -1   
9.41589115 -1   
9.41740530 -1   
9.41866002 -1   
9.42015556 -1   
9.42140876 -1   
9.42290386 -1   
9.42440548 -1   
9.42564953 -1   
9.42715459 -1   
9.42837657 -1   
9.42990313 -1   
9.43139842 -1   
9.43265246 -1   
9.43414804 -1   
9.43539648 -1   
9.43689851 -1   
9.43839741 -1   
9.43964444 -1   
9.44114576 -1   
9.44239092 -1   
9.44354057 1    
9.44387031 -1   
9.44536571 -1   
9.44661747 -1   
9.44811324 -1   
9.44961621 -1   
9.45086452 -1   
9.45238874 -1   
9.45363482 -1   
9.45513277 -1   
9.45663320 -1   
9.45788422 -1   
9.45938455 -1   
9.46063617 -1   
9.46213209 -1   
9.46363252 -1   
9.46488200 -1   
9.46637846 -1   
9.46787758 -1   
9.46913152 -1   
9.47062646 -1   
9.47188007 -1   
9.47337554 -1   
9.47485263 -1   
9.47609925 -1   
9.47761365 -1   
9.47886396 -1   
9.48036523 -1   
9.48186037 -1   
9.48312238 -1   
9.48461959 -1   
9.48611972 -1   
9.48736736 -1   
9.48886622 -1   
9.49011560 -1   
9.49161823 -1   
9.49309052 -1   
9.49421107 1    
9.49434080 -1   
9.49586499 -1   
9.49710808 -1   
9.49860888 -1   
9.50011018 -1   
9.50135716 -1   
9.50285916 -1   
9.50435470 -1   
9.50560247 -1   
9.50710374 -1   
9.50858956 -1   
9.50982892 -1   
9.51135416 -1   
9.51290106 -1   
9.53384259 -1   
9.53533662 -1   
9.53659295 -1   
9.53808852 -1   
9.53958831 -1   
9.54083646 -1   
9.54233144 -1   
9.54380944 -1   
9.54508476 -1   
9.54658023 -1   
9.54781446 -1   
9.54932975 -1   
9.55083070 -1   
9.55207581 -1   
9.55357894 -1   
9.55480436 -1   
9.55632836 -1   
9.55782397 -1   
9.55907331 -1   
9.56057451 -1   
9.56207452 -1   
9.56331916 -1   
9.56482272 -1   
9.56606882 -1   
9.56725193 1    
9.56757170 -1   
9.56906932 -1   
9.57031844 -1   
9.57181533 -1   
9.57306891 -1   
9.57457072 -1   
9.57606820 -1   
9.57731340 -1   
9.57881156 -1   
9.58031206 -1   
9.58156408 -1   
9.58306109 -1   
9.58431067 -1   
9.58580877 -1   
9.58731074 -1   
9.58855837 -1   
9.58922026 -1   
9.58923842 1    
9.59105995 -1   
9.59230358 -1   
9.59730490 -1   
9.59855111 -1   
9.60003218 -1   
9.60155082 -1   
9.60277712 -1   
9.60429639 -1   
9.60554877 -1   
9.60704617 -1   
9.60854845 -1   
9.60977168 -1   
9.61129552 -1   
9.61254390 -1   
9.61404109 -1   
9.61554012 -1   
9.61677216 -1   
9.61826641 -1   
9.61979399 -1   
9.62103771 -1   
9.62253262 -1   
9.62378927 -1   
9.62528611 -1   
9.62678522 -1   
9.62804016 -1   
9.64627647 -1   
9.66751729 -1   
9.66876401 -1   
9.67026185 -1   
9.67176002 -1   
9.67185469 1    
9.67302959 -1   
9.67450620 -1   
9.67573746 -1   
9.67723510 -1   
9.67875805 -1   
9.67998181 -1   
9.68150602 -1   
9.68298191 -1   
9.68423160 -1   
9.68572729 -1   
9.68697965 -1   
9.68847734 -1   
9.68997964 -1   
9.69924345 -1   
9.70049321 -1   
9.70199074 -1   
9.75095077 -1   
9.75244105 -1   
9.75394149 -1   
9.75521356 -1   
9.75671757 -1   
9.75793782 -1   
9.75860747 -1   
9.75862223 1    
9.79917164 -1   
9.92189611 -1   
14.45262587 -1   
15.70265849 -1   
15.70280495 1    
18.07603689 -1   
19.98964424 1    
19.99823019 1    
19.99852444 1    
20.15255133 1    
20.50149483 -1   
21.13390599 1    
24.06257236 1    
24.22623220 1    
24.29849153 -1   
24.46098564 -1   
24.46154838 1    
24.62425133 1    
24.68149770 -1   
24.71312924 -1   
24.77609526 -1   
24.78610802 -1   
24.87463820 -1   
25.08102065 -1   
25.08131661 1    
25.24245312 -1   
25.24284320 1    
25.41659261 -1   
25.41690423 1    
25.57950928 -1   
25.78120529 -1   
25.78153167 1    
25.98347210 1    
26.08294420 -1   
26.43540245 -1   
26.43664063 -1   
26.43701822 -1   
26.47239103 -1   
