0.00000000 1    
3.52356005 -1   
3.75851155 1    
3.91991587 1    
3.92045058 -1   
4.12257132 1    
4.15841192 1    
4.16441099 1    
4.19039642 1    
4.25835442 -1   
4.32047678 1    
4.41981586 -1   
4.53288908 1    
4.58145134 -1   
4.66812605 1    
4.66961712 1    
4.69609431 1    
4.76833059 1    
4.85682160 1    
4.85714636 -1   
5.01854127 1    
5.06070003 -1   
5.21992815 1    
5.25606964 -1   
5.42570292 1    
5.42695056 1    
5.42790632 1    
5.42817302 -1   
5.54861878 1    
5.59014926 1    
5.59235627 -1   
5.77435838 1    
5.77439364 -1   
5.97223125 1    
5.97227765 -1   
6.16051775 1    
6.16177140 1    
6.16202222 1    
6.21315757 -1   
6.41669154 -1   
6.47843085 1    
6.64223882 1    
6.64373323 1    
6.64411289 1    
6.66997693 1    
6.67146687 1    
6.67996331 1    
6.68121057 1    
6.68271244 1    
6.68395689 1    
6.68546146 1    
6.80717505 1    
6.80838787 1    
6.80991071 1    
6.81001073 -1   
6.81141107 1    
6.81265670 1    
6.81416026 1    
6.83487526 1    
6.83612460 1    
6.83762017 1    
6.83886885 1    
6.84461699 1    
6.84586717 1    
6.84736363 1    
6.84861726 1    
6.85011297 1    
6.85161658 1    
6.85286114 1    
6.85435945 1    
6.88886761 1    
6.89011553 1    
6.97180483 1    
6.97304464 1    
6.97454373 1    
6.97579049 1    
6.97728966 1    
6.97729760 -1   
6.97879125 1    
6.98003752 1    
6.98154045 1    
6.98278673 1    
6.98428918 1    
6.99827868 1    
6.99980140 1    
7.00104928 1    
7.00255375 1    
7.00404765 1    
7.00527746 1    
7.00679442 1    
7.00804841 1    
7.00956043 1    
7.01104166 1    
7.01229290 1    
7.01379578 1    
7.01504161 1    
7.01652511 1    
7.01801712 1    
7.01926882 1    
7.02076870 1    
7.02226889 1    
7.02351401 1    
7.02501540 1    
7.02626097 1    
7.02776294 1    
7.02926029 1    
7.03051228 1    
7.05277181 1    
7.05399746 1    
7.05551753 1    
7.05677049 1    
7.05688044 -1   
7.09975183 1    
7.10099108 1    
7.13645884 1    
7.13794855 1    
7.13919955 1    
7.14069607 1    
7.14219720 1    
7.14344416 1    
7.14494749 1    
7.14588428 1    
7.15565332 -1   
7.18074473 -1   
7.57195914 1    
7.57344960 1    
7.57384669 1    
7.58021863 1    
7.58172459 1    
7.58294512 1    
7.58444587 1    
7.58569152 1    
7.58794358 1    
7.58804895 -1   
7.58944257 1    
7.59069367 1    
7.59219149 1    
7.59368875 1    
7.59493516 1    
7.59643619 1    
7.59768574 1    
7.59918410 1    
7.60070968 1    
7.60195518 1    
7.60570635 1    
7.60692863 1    
7.60842918 1    
7.60967706 1    
7.61117824 1    
7.61267630 1    
7.61392833 1    
7.61542449 1    
7.61667866 1    
7.61818859 1    
7.61969003 1    
7.62093944 1    
7.62242423 1    
7.63642034 1    
7.63766565 -1   
7.66842600 1    
7.66966473 1    
7.74092569 1    
7.74937437 -1   
8.17112052 1    
8.17235823 1    
8.17273908 1    
8.20060170 1    
8.20209342 1    
8.36372521 1    
8.39722714 -1   
8.40688705 -1   
8.55870373 -1   
8.79885687 -1   
8.81574419 1    
8.81724742 1    
8.81819163 1    
8.81973583 1    
8.82126088 1    
8.82248457 1    
8.82398807 1    
8.82550579 1    
8.83523214 1    
8.83647740 1    
8.83797813 1    
8.83947637 1    
8.84072830 1    
8.84422468 1    
8.84547353 1    
8.84699295 1    
8.84848579 1    
8.96048852 -1   
8.98040435 1    
8.98191705 1    
8.98317629 1    
8.98464436 1    
8.98614444 1    
8.98739057 1    
8.98889155 1    
8.99038816 1    
8.99166148 1    
8.99316344 1    
8.99441323 1    
8.99591026 1    
8.99738371 1    
8.99865704 1    
9.00013783 1    
9.00138281 1    
9.00288380 1    
9.00438030 1    
9.00563169 1    
9.00712942 1    
9.00837939 1    
9.00987563 1    
9.01137838 1    
9.01262487 1    
9.01414891 1    
9.01564010 1    
9.01687701 1    
9.01839327 1    
9.01964255 1    
9.02114231 1    
9.02264329 1    
9.02386777 1    
9.05138766 1    
9.05287454 1    
9.05302476 -1   
9.14383846 1    
9.14387756 -1   
9.14532441 1    
9.14656997 1    
9.14807172 1    
9.14956787 1    
9.15079940 1    
9.15232016 1    
9.15356631 1    
9.15506772 1    
9.15656793 1    
9.15779224 1    
9.15929436 1    
9.16056324 1    
9.16204199 1    
9.16355477 1    
9.16481230 1    
9.16628777 1    
9.16755600 1    
9.16903669 1    
9.17053842 1    
9.17178437 1    
9.17328565 1    
9.17479872 1    
9.17603015 1    
9.17753209 1    
9.17878396 1    
9.18028287 1    
9.18180422 1    
9.18303128 1    
9.18453197 1    
9.18577560 1    
9.18727443 1    
9.18877417 1    
9.19002509 1    
9.19152338 1    
9.19302463 1    
9.19427054 1    
9.19440558 -1   
9.19577086 1    
9.19702009 1    
9.19852338 1    
9.20001886 1    
9.20127401 1    
9.20276566 1    
9.20401930 1    
9.20553811 1    
9.20701699 1    
9.20826392 1    
9.20978624 1    
9.21103291 1    
9.21253755 1    
9.21401061 1    
9.21526119 1    
9.21676040 1    
9.21825678 1    
9.21950728 1    
9.22101059 1    
9.22225508 1    
9.22375732 1    
9.22525298 1    
9.22650652 1    
9.22800139 1    
9.22925098 1    
9.23077168 1    
9.23225404 1    
9.23349994 1    
9.23500382 1    
9.23652512 1    
9.23777054 1    
9.25692161 -1   
9.30746706 1    
9.30752665 -1   
9.30895879 1    
9.31020443 1    
9.31170851 1    
9.31322149 1    
9.31445154 1    
9.31597459 1    
9.31722069 1    
9.31870137 1    
9.32022321 1    
9.32144782 1    
9.32297248 1    
9.32444774 1    
9.32569540 1    
9.32719460 1    
9.32844744 1    
9.32994345 1    
9.33144703 1    
9.33269356 1    
9.33419390 1    
9.33544128 1    
9.33695743 1    
9.33844031 1    
9.33969073 1    
9.33977787 -1   
9.34118991 1    
9.34268594 1    
9.34395676 1    
9.34543581 1    
9.34668421 1    
9.34820003 1    
9.34970731 1    
9.35093366 1    
9.35243466 1    
9.35367962 1    
9.35518239 1    
9.35667973 1    
9.35792924 1    
9.35942699 1    
9.36067938 1    
9.36217403 1    
9.36367681 1    
9.36492435 1    
9.36642687 1    
9.36767221 1    
9.36918616 1    
9.37067013 1    
9.37192233 1    
9.37341960 1    
9.37470266 1    
9.37619125 1    
9.37769101 1    
9.37893662 1    
9.38041477 1    
9.38168789 1    
9.38316889 1    
9.38468528 1    
9.38593791 1    
9.38740999 1    
9.38893574 1    
9.39016099 1    
9.39031678 -1   
9.39166127 1    
9.39290841 1    
9.39440927 1    
9.39592297 1    
9.39717527 1    
9.39867139 1    
9.39990352 1    
9.40140412 1    
9.40290528 1    
9.40415203 1    
9.40565384 1    
9.40690048 1    
9.40840230 1    
9.40991327 1    
9.41116915 1    
9.41266898 1    
9.41416916 1    
9.41539587 1    
9.41689934 1    
9.41814340 1    
9.41825494 -1   
9.41964229 1    
9.42114177 1    
9.42239242 1    
9.42389017 1    
9.42516281 1    
9.42666079 1    
9.42816493 1    
9.42938645 1    
9.43090246 1    
9.43240700 1    
9.43365989 1    
9.43513285 1    
9.43641010 1    
9.43753052 -1   
9.43790000 1    
9.43940616 1    
9.44063193 1    
9.44212840 1    
9.44338125 1    
9.44487782 1    
9.44637759 1    
9.44762500 1    
9.44912966 1    
9.45064100 1    
9.45188958 1    
9.45339116 1    
9.45464287 1    
9.45614088 1    
9.45764521 1    
9.45889319 1    
9.46039669 1    
9.46164329 1    
9.46314174 1    
9.46461682 1    
9.46586924 1    
9.46736412 1    
9.46861682 1    
9.47011310 1    
9.47161504 1    
9.47286276 1    
9.47436020 1    
9.47561142 1    
9.47711311 1    
9.47863503 1    
9.47988731 1    
9.48135817 1    
9.48260921 1    
9.48410928 1    
9.48560399 1    
9.48685348 1    
9.48835553 1    
9.48960260 1    
9.49110363 1    
9.49262163 1    
9.49387318 1    
9.49537046 1    
9.49547897 -1   
9.49662424 1    
9.49836777 1    
9.49838164 -1   
9.49960013 1    
9.50109661 1    
9.50234849 1    
9.50384255 1    
9.50534146 1    
9.50659160 1    
9.50809575 1    
9.50934463 1    
9.51084709 1    
9.51234379 1    
9.51359366 1    
9.51508607 1    
9.51661191 1    
9.51783702 1    
9.51933724 1    
9.52058353 1    
9.52208498 1    
9.52358015 1    
9.52483774 1    
9.52632936 1    
9.52759949 1    
9.52910734 1    
9.53060727 1    
9.53210074 1    
9.53333006 1    
9.53482533 1    
9.53607776 1    
9.53757276 1    
9.53907201 1    
9.54032431 1    
9.54182486 1    
9.54332190 1    
9.54345164 -1   
9.54457327 1    
9.54606837 1    
9.54731826 1    
9.54881668 1    
9.55032105 1    
9.55156680 1    
9.55306954 1    
9.55431412 1    
9.55584263 1    
9.55731365 1    
9.55857822 1    
9.56008639 1    
9.56156392 1    
9.56283434 1    
9.56431313 1    
9.56555897 1    
9.56706005 1    
9.56855622 1    
9.56982794 1    
9.57132781 1    
9.57257979 1    
9.57405464 1    
9.57555426 1    
9.57682992 1    
9.57833120 1    
9.57958329 1    
9.58107788 1    
9.58255016 1    
9.58368142 -1   
9.58380080 1    
9.58530006 1    
9.58656763 1    
9.58806748 1    
9.58954816 1    
9.59079326 1    
9.59229583 1    
9.59356731 1    
9.59506989 1    
9.59657153 1    
9.59781501 1    
9.59928939 1    
9.60056427 1    
9.60205477 1    
9.60356742 1    
9.60481753 1    
9.60629575 1    
9.60753508 1    
9.60903568 1    
9.61053386 1    
9.61180995 1    
9.61330323 1    
9.61480752 1    
9.61603075 1    
9.61753370 1    
9.61877796 1    
9.62027773 1    
9.62177603 1    
9.62274301 -1   
9.62302488 1    
9.62453023 1    
9.62579370 1    
9.62729144 1    
9.62879811 1    
9.63004801 1    
9.63154910 1    
9.63269901 -1   
9.63303756 1    
9.63427395 1    
9.63577097 1    
9.63701831 1    
9.63851600 1    
9.64001610 1    
9.64126741 1    
9.64278039 1    
9.64403807 1    
9.64551565 1    
9.64703719 1    
9.64826889 1    
9.64976126 1    
9.65126039 1    
9.65251173 1    
9.65262452 -1   
9.65400972 1    
9.65525635 1    
9.65676207 1    
9.65825430 1    
9.65950369 1    
9.66100416 1    
9.66226337 1    
9.66375363 1    
9.66527709 1    
9.66650094 1    
9.66800326 1    
9.66927149 1    
9.67076936 1    
9.67113956 1    
9.67302168 1    
9.67449705 1    
9.67574818 1    
9.67724399 1    
9.67849662 1    
9.67999123 1    
9.68149264 1    
9.68274093 1    
9.68426740 1    
9.68549118 1    
9.68701277 1    
9.68851166 1    
9.68974057 1    
9.69125836 1    
9.69249011 1    
9.69400606 1    
9.69548870 1    
9.69673585 1    
9.69825823 1    
9.69948324 1    
9.70098598 1    
9.70248097 1    
9.70372835 1    
9.70522861 1    
9.70648063 1    
9.70797701 1    
9.70952826 1    
9.71097568 1    
9.71224223 1    
9.71372270 1    
9.71384223 -1   
9.71522743 1    
9.71647320 1    
9.71797383 1    
9.71921928 1    
9.72071999 1    
9.72221661 1    
9.72347029 1    
9.72499108 1    
9.72624256 1    
9.72773497 1    
9.72923293 1    
9.73046592 1    
9.73048918 -1   
9.73198742 1    
9.73346462 1    
9.73471399 1    
9.73623315 1    
9.73746265 1    
9.73898098 1    
9.74046038 1    
9.74172344 1    
9.74322447 1    
9.74472352 1    
9.74598069 1    
9.74745399 1    
9.74897851 1    
9.75046046 1    
9.75170340 1    
9.75322651 1    
9.75445330 1    
9.75597354 1    
9.75745345 1    
9.75871410 1    
9.76022007 1    
9.76169656 1    
9.76294432 1    
9.76444529 1    
9.76569790 1    
9.76719335 1    
9.76869542 1    
9.76995770 1    
9.77146007 1    
9.77156079 -1   
9.77270604 1    
9.77418828 1    
9.77568973 1    
9.77695521 1    
9.77845769 1    
9.77971063 1    
9.78119037 1    
9.78268388 1    
9.78393346 1    
9.78543513 1    
9.78668486 1    
9.78818259 1    
9.78968319 1    
9.79092905 1    
9.79243031 1    
9.79367726 1    
9.79517556 1    
9.79667751 1    
9.79792886 1    
9.79942255 1    
9.80067627 1    
9.80217138 1    
9.80367440 1    
9.80492162 1    
9.80641981 1    
9.80791931 1    
9.80917413 1    
9.81066894 1    
9.81192015 1    
9.81341843 1    
9.81492074 1    
9.81616579 1    
9.81766558 1    
9.81778891 -1   
9.81891700 1    
9.82041196 1    
9.82191731 1    
9.82316124 1    
9.82466632 1    
9.82616045 1    
9.82740988 1    
9.82890966 1    
9.83016141 1    
9.83165693 1    
9.83315880 1    
9.83440631 1    
9.83590704 1    
9.83715461 1    
9.83865295 1    
9.84015346 1    
9.84140436 1    
9.84290011 1    
9.84415269 1    
9.84564809 1    
9.84715126 1    
9.84839702 1    
9.84991714 1    
9.85141639 1    
9.85265042 1    
9.85416684 1    
9.85564694 1    
9.85689364 1    
9.85839260 1    
9.85965046 1    
9.86115392 1    
9.86263752 1    
9.86390564 1    
9.86538673 1    
9.86666123 1    
9.86816205 1    
9.86965962 1    
9.87090601 1    
9.87238772 1    
9.87253758 -1   
9.87363576 1    
9.87515476 1    
9.87666137 1    
9.87790426 1    
9.87940078 1    
9.88065047 1    
9.88215452 1    
9.88362556 1    
9.88489479 1    
9.88639575 1    
9.88764799 1    
9.88914701 1    
9.89062616 1    
9.89188878 1    
9.89339439 1    
9.89464273 1    
9.89614417 1    
9.89763949 1    
9.89889215 1    
9.90036779 1    
9.90163419 1    
9.90314686 1    
9.90325845 -1   
9.90464234 1    
9.90588945 1    
9.90736658 1    
9.90863551 1    
9.91012940 1    
9.91163079 1    
9.91288085 1    
9.91438251 1    
9.91563327 1    
9.91712420 1    
9.91863067 1    
9.91987885 1    
9.91989412 -1   
9.92135919 1    
9.92262516 1    
9.92410398 1    
9.92560215 1    
9.92688288 1    
9.92837802 1    
9.92987393 1    
9.93112303 1    
9.93260299 1    
9.93384970 1    
9.93534672 1    
9.93684678 1    
9.93809820 1    
9.93926152 -1   
9.93959412 1    
9.94084940 1    
9.94234437 1    
9.94384004 1    
9.94508976 1    
9.94658790 1    
9.94809264 1    
9.94933710 1    
9.95084158 1    
9.95208980 1    
9.95358900 1    
9.95508484 1    
9.95633599 1    
9.95783655 1    
9.95908627 1    
9.96058524 1    
9.96210583 1    
9.96225650 -1   
9.96333494 1    
9.96483074 1    
9.96633130 1    
9.96757884 1    
9.96908192 1    
9.97057691 1    
9.97182792 1    
9.97332535 1    
9.97484755 1    
9.97609591 1    
9.97759295 1    
9.97884292 1    
9.98034571 1    
9.98182107 1    
9.98320371 1    
9.98457153 1    
9.98582018 1    
9.98731716 1    
9.98881859 1    
9.99006498 1    
9.99156725 1    
9.99308056 1    
9.99433750 1    
9.99581210 1    
9.99708673 1    
9.99856109 1    
10.00005942 1    
10.00130968 1    
10.00283304 1    
10.00407386 1    
10.00418260 -1   
10.00558265 1    
10.00705927 1    
10.00832788 1    
10.00982930 1    
10.01132796 1    
10.01258011 1    
10.01407799 1    
10.01532628 1    
10.01680372 1    
10.01830024 1    
10.01954759 1    
10.02104757 1    
10.02229882 1    
10.02804276 1    
10.02813629 -1   
10.02954636 1    
10.03079446 1    
10.03229597 1    
10.03378952 1    
10.03504630 1    
10.03653985 1    
10.03779013 1    
10.03928607 1    
10.04078854 1    
10.04203503 1    
10.04353875 1    
10.04478386 1    
10.04631056 1    
10.04780516 1    
10.04905576 1    
10.05056517 1    
10.05203366 1    
10.05327904 1    
10.05449721 1    
10.05602569 1    
10.05727891 1    
10.05877560 1    
10.06028432 1    
10.06152648 1    
10.06303000 1    
10.06427875 1    
10.06577070 1    
10.06727086 1    
10.06852515 1    
10.07003605 1    
10.07155075 1    
10.07279096 1    
10.07426982 1    
10.07551528 1    
10.07704433 1    
10.07853958 1    
10.07979374 1    
10.08128978 1    
10.08251639 1    
10.08401158 1    
10.08512293 -1   
10.08553563 1    
10.08678165 1    
10.08828575 1    
10.08950941 1    
10.09101165 1    
10.09250733 1    
10.09377943 1    
10.09527770 1    
10.09650546 1    
10.09802606 1    
10.09950595 1    
10.10075357 1    
10.10227017 1    
10.10353767 1    
10.10502655 1    
10.10504744 -1   
10.12399937 1    
10.12548930 1    
10.12674054 1    
10.13201012 1    
10.13323648 1    
10.14148692 1    
10.14298148 1    
10.14298915 -1   
10.14422821 1    
10.14574590 1    
10.14724745 1    
10.14847826 1    
10.14997404 1    
10.15147726 1    
10.15272314 1    
10.15422162 1    
10.15547164 1    
10.15697618 1    
10.17596668 1    
10.17746044 1    
10.17870761 1    
10.18621140 1    
10.18638741 -1   
10.18772070 1    
10.18895117 1    
10.19045973 1    
10.19194996 1    
10.19345137 1    
10.19469680 1    
10.19620047 1    
10.19769745 1    
10.19894581 1    
10.20044739 1    
10.20171348 1    
10.20320942 1    
10.20471793 1    
10.21755134 1    
10.25617204 1    
10.25741355 1    
10.25893241 1    
10.26042906 1    
10.26166273 1    
10.26390812 1    
10.26516182 1    
10.26665697 1    
10.26790960 1    
10.26940765 1    
10.27090562 1    
10.27217162 1    
10.27368033 1    
10.27515265 1    
10.27640514 1    
10.27789968 1    
10.27915177 1    
10.27916550 -1   
10.28065024 1    
10.28214911 1    
10.28340075 1    
10.28489758 1    
10.28614965 1    
10.28766511 1    
10.28916632 1    
10.29039389 1    
10.29189337 1    
10.29339298 1    
10.29466829 1    
10.29616559 1    
10.29739186 1    
10.29891164 1    
10.30039273 1    
10.30163710 1    
10.30313558 1    
10.30438715 1    
10.31264112 1    
10.31388490 1    
10.31538485 1    
10.32388441 1    
10.32412599 -1   
10.32512617 1    
10.33237488 1    
10.33362568 1    
10.33511836 1    
10.33661966 1    
10.33786509 1    
10.33936721 1    
10.34061631 1    
10.34211328 1    
10.34361306 1    
10.34486540 1    
10.34636097 1    
10.34761303 1    
10.36760813 1    
10.36885178 1    
10.37034920 1    
10.37811763 1    
10.38534451 1    
10.38684453 1    
10.38824583 1    
10.38958876 1    
10.39108586 1    
10.39233768 1    
10.39385029 1    
10.39509820 1    
10.39660614 1    
10.39808518 1    
10.39933244 1    
10.40083521 1    
10.40233072 1    
10.40360420 1    
10.40507958 1    
10.40632683 1    
10.40782765 1    
10.40932684 1    
10.41058933 1    
10.41209611 1    
10.41657228 1    
10.43332048 1    
10.43345289 -1   
10.45255709 1    
10.45258943 -1   
10.45405237 1    
10.45529864 1    
10.54775632 1    
10.54901512 1    
10.55049880 1    
10.55074862 1    
10.56851552 1    
10.57000557 1    
10.58100687 1    
10.58225144 1    
10.60399672 1    
10.60521740 1    
10.71336328 1    
10.71353231 -1   
10.87513160 -1   
10.93848637 -1   
11.03776843 -1   
11.27108942 1    
11.27260044 1    
11.27298402 1    
11.27334149 -1   
11.28133386 1    
11.28282655 1    
11.29632676 1    
11.29781692 1    
11.29907053 1    
11.30056780 1    
11.30206321 1    
11.30331252 1    
11.30482373 1    
11.30631267 1    
11.30756561 1    
11.30906196 1    
11.31031332 1    
11.31183024 1    
11.31330795 1    
11.31457857 1    
11.31606027 1    
11.31730600 1    
11.31880632 1    
11.32030530 1    
11.32157902 1    
11.32307569 1    
11.32457403 1    
11.32582325 1    
11.38354912 1    
11.38476876 1    
11.40003871 1    
11.40125587 1    
11.40275825 1    
11.40425625 1    
11.40456916 -1   
11.40550825 1    
11.40700466 1    
11.40825628 1    
11.40975011 1    
11.41125004 1    
11.41250021 1    
11.41402501 1    
11.41525007 1    
11.41675484 1    
11.42926622 1    
11.43076362 1    
11.43201080 1    
11.43348900 1    
11.43498975 1    
11.43624387 1    
11.43775897 1    
11.43923866 1    
11.44048631 1    
11.44200807 1    
11.44325391 1    
11.44475508 1    
11.44623252 1    
11.44648229 1    
11.44649381 -1   
11.46525333 1    
11.46646965 1    
11.46823420 1    
11.46946803 1    
11.47071830 1    
11.47224396 1    
11.47346979 1    
11.47498703 1    
11.48397134 1    
11.48520969 1    
11.48672652 1    
11.48822564 1    
11.48945632 1    
11.49097242 1    
11.49222442 1    
11.49370410 1    
11.49522685 1    
11.49645369 1    
11.49797627 1    
11.49945070 1    
11.50070402 1    
11.50220099 1    
11.50344988 1    
11.50546958 1    
11.61158340 1    
11.61162347 -1   
11.65437447 1    
11.65586143 1    
11.66963283 1    
11.67112415 1    
11.67263090 1    
11.67910120 1    
11.68060229 1    
11.68184636 1    
11.68334944 1    
11.68484635 1    
11.68611572 1    
11.68761562 1    
11.68887113 1    
11.69036360 1    
11.69184563 1    
11.69309140 1    
11.69459206 1    
11.69609158 1    
11.69733978 1    
11.69883763 1    
11.70008963 1    
11.70158513 1    
11.70308611 1    
11.70433308 1    
11.70585706 1    
11.70710353 1    
11.70858460 1    
11.71008316 1    
11.71135554 1    
11.71285203 1    
11.71435180 1    
11.71557777 1    
11.71708103 1    
11.71832626 1    
11.71982634 1    
11.72132651 1    
11.72257705 1    
11.72267621 -1   
11.72407475 1    
11.72532032 1    
11.72684508 1    
11.72834271 1    
11.72958931 1    
11.73108927 1    
11.73257406 1    
11.73381824 1    
11.73531830 1    
11.73656489 1    
11.73819944 1    
11.73956274 1    
11.74109033 1    
11.74233822 1    
11.74383827 1    
11.74508494 1    
11.74658680 1    
11.74808564 1    
11.74933258 1    
11.77569081 1    
11.77571991 -1   
11.79904781 1    
11.80055276 1    
11.80180525 1    
11.80330175 1    
11.80480956 1    
11.80777647 1    
11.80929777 1    
11.81055286 1    
11.81204560 1    
11.81355608 1    
11.81479610 1    
11.81627188 1    
11.81755252 1    
11.81903859 1    
11.82054329 1    
11.82178799 1    
11.83203272 1    
11.83328364 1    
11.83478575 1    
11.83628026 1    
11.83751009 1    
11.83903113 1    
11.84026175 1    
11.84175505 1    
11.84327586 1    
11.84335270 -1   
11.84450705 1    
11.84602776 1    
11.84752563 1    
11.84878522 1    
11.85027996 1    
11.85150004 1    
11.85302462 1    
11.85455017 1    
11.85577429 1    
11.85727352 1    
11.85849964 1    
11.86001717 1    
11.86152174 1    
11.86276730 1    
11.86426850 1    
11.86549165 1    
11.86701773 1    
11.86851528 1    
11.86976723 1    
11.87126219 1    
11.87249239 1    
11.87401125 1    
11.87551111 1    
11.87676238 1    
11.87826320 1    
11.87948335 1    
11.88101121 1    
11.88250342 1    
11.88375491 1    
11.88525274 1    
11.88647927 1    
11.88799993 1    
11.88948088 1    
11.89074966 1    
11.89225348 1    
11.89347535 1    
11.89499993 1    
11.89507828 -1   
11.89649672 1    
11.89774502 1    
11.89922572 1    
11.90073824 1    
11.90199579 1    
11.90349207 1    
11.90474707 1    
11.90624006 1    
11.90773879 1    
11.90898958 1    
11.91049036 1    
11.91173610 1    
11.91323818 1    
11.91473471 1    
11.91596579 1    
11.91748412 1    
11.91898264 1    
11.92023293 1    
11.92173389 1    
11.92298138 1    
11.92448440 1    
11.92597935 1    
11.92722974 1    
11.92873071 1    
11.92997638 1    
11.93147607 1    
11.93295642 1    
11.93422379 1    
11.93572109 1    
11.93720173 1    
11.93845319 1    
11.93997063 1    
11.94121940 1    
11.94271421 1    
11.94422261 1    
11.94544487 1    
11.94551476 -1   
11.94697218 1    
11.94821634 1    
11.94969293 1    
11.95119212 1    
11.95246958 1    
11.95396271 1    
11.95546461 1    
11.95669196 1    
11.95821224 1    
11.95970901 1    
11.96095764 1    
11.96245876 1    
11.96395417 1    
11.96520626 1    
11.96670193 1    
11.96795466 1    
11.96945621 1    
11.96968587 1    
11.96969746 -1   
11.97145328 1    
11.97295219 1    
11.97420406 1    
11.97570245 1    
11.97720221 1    
11.97845032 1    
11.97995031 1    
11.98119903 1    
11.98267581 1    
11.98417439 1    
11.98544726 1    
11.98694304 1    
11.98819620 1    
11.98967082 1    
11.99119320 1    
11.99244177 1    
11.99394296 1    
11.99402090 -1   
11.99544202 1    
11.99668854 1    
11.99818988 1    
11.99943718 1    
12.00093952 1    
12.00243413 1    
12.00368271 1    
12.00518522 1    
12.00643606 1    
12.00820998 1    
12.00941058 1    
12.01067990 1    
12.01218263 1    
12.01340775 1    
12.01492329 1    
12.01640840 1    
12.01765770 1    
12.01915208 1    
12.02067935 1    
12.02192294 1    
12.02340335 1    
12.02467264 1    
12.02617153 1    
12.02767629 1    
12.02892412 1    
12.03041785 1    
12.03167223 1    
12.03316799 1    
12.03466604 1    
12.03591993 1    
12.03741837 1    
12.03866497 1    
12.04016576 1    
12.04166210 1    
12.04291325 1    
12.04300669 -1   
12.04441055 1    
12.04565924 1    
12.04716148 1    
12.04865859 1    
12.04989000 1    
12.05138466 1    
12.05263571 1    
12.05413342 1    
12.05563108 1    
12.05690497 1    
12.05840535 1    
12.05965076 1    
12.06115461 1    
12.06265055 1    
12.06389581 1    
12.06539910 1    
12.06689924 1    
12.06814791 1    
12.06965074 1    
12.07089547 1    
12.07239839 1    
12.07389357 1    
12.07514613 1    
12.07664366 1    
12.07789360 1    
12.07939230 1    
12.08051576 -1   
12.08089567 1    
12.08214308 1    
12.08362096 1    
12.08511507 1    
12.08636384 1    
12.08786487 1    
12.08911827 1    
12.09063528 1    
12.09213741 1    
12.09338191 1    
12.09488669 1    
12.09613544 1    
12.09763466 1    
12.09912918 1    
12.10038326 1    
12.10187757 1    
12.10312848 1    
12.10462750 1    
12.10612737 1    
12.10737427 1    
12.10887381 1    
12.11037448 1    
12.11162422 1    
12.11312779 1    
12.11435254 1    
12.11586676 1    
12.11735039 1    
12.11862258 1    
12.12012211 1    
12.12022519 -1   
12.12134772 1    
12.12284471 1    
12.12434533 1    
12.12559101 1    
12.12709283 1    
12.12861551 1    
12.12986147 1    
12.13136046 1    
12.13261392 1    
12.13410806 1    
12.13561067 1    
12.13685927 1    
12.13835942 1    
12.13960773 1    
12.14110603 1    
12.14260354 1    
12.14385569 1    
12.14535637 1    
12.14660438 1    
12.14810002 1    
12.14958311 1    
12.15082723 1    
12.15232723 1    
12.15357571 1    
12.15507770 1    
12.15659308 1    
12.15784915 1    
12.15934411 1    
12.16059801 1    
12.16208892 1    
12.16359305 1    
12.16484388 1    
12.16632262 1    
12.16756860 1    
12.16907006 1    
12.17059039 1    
12.17184073 1    
12.17196091 -1   
12.17331962 1    
12.17481346 1    
12.17608370 1    
12.17758555 1    
12.17883553 1    
12.18031107 1    
12.18182976 1    
12.18331014 1    
12.18456040 1    
12.18605941 1    
12.18756041 1    
12.18882410 1    
12.19030918 1    
12.19157790 1    
12.19308152 1    
12.19455236 1    
12.19582555 1    
12.19730369 1    
12.19857827 1    
12.20005163 1    
12.20155177 1    
12.20279717 1    
12.20430022 1    
12.20554449 1    
12.20704655 1    
12.20854625 1    
12.20979628 1    
12.21129205 1    
12.21254692 1    
12.21404219 1    
12.21557747 1    
12.21679207 1    
12.21829053 1    
12.21839904 -1   
12.21979261 1    
12.22103930 1    
12.22253958 1    
12.22378711 1    
12.22528805 1    
12.22680109 1    
12.22803295 1    
12.22953202 1    
12.23078472 1    
12.23228263 1    
12.23380256 1    
12.23504542 1    
12.23653330 1    
12.23694102 1    
12.23695580 -1   
12.23852888 1    
12.24002755 1    
12.24154501 1    
12.24279726 1    
12.24427843 1    
12.24552417 1    
12.24702687 1    
12.24856148 1    
12.24977422 1    
12.25127114 1    
12.25252355 1    
12.25403580 1    
12.25552298 1    
12.25676862 1    
12.25827075 1    
12.25951721 1    
12.26103764 1    
12.26251862 1    
12.26376618 1    
12.26526359 1    
12.26654287 1    
12.26851358 1    
12.26976232 1    
12.27126013 1    
12.27252856 1    
12.27400714 1    
12.27550988 1    
12.27675798 1    
12.27825783 1    
12.27977102 1    
12.28102745 1    
12.28250364 1    
12.28375247 1    
12.28525099 1    
12.28677244 1    
12.28800095 1    
12.28950192 1    
12.29074789 1    
12.29227119 1    
12.29376855 1    
12.29499611 1    
12.29649567 1    
12.29660386 -1   
12.29801423 1    
12.29924330 1    
12.30074618 1    
12.30200786 1    
12.30348977 1    
12.30499059 1    
12.30649172 1    
12.30773847 1    
12.30924186 1    
12.31048620 1    
12.31201088 1    
12.31348630 1    
12.31473397 1    
12.32423456 1    
12.32548082 1    
12.39999812 1    
12.40003947 -1   
15.02830325 -1   
22.46993144 -1   
22.47839973 -1   
22.47869518 -1   
22.63265275 -1   
22.89563701 1    
26.45746872 -1   
26.67913724 1    
27.03466841 1    
27.03521876 -1   
27.27028645 -1   
27.38271368 1    
27.44135019 1    
27.44260167 1    
27.54629188 1    
27.54661433 -1   
27.58333769 1    
27.73144055 1    
27.73161251 -1   
27.80093146 1    
27.93661021 -1   
28.07517442 1    
28.12046314 1    
28.23566627 1    
28.24287092 1    
28.27240520 -1   
28.30483816 1    
28.39683217 1    
28.47653765 -1   
28.55828958 1    
28.63948163 -1   
28.86026762 1    
28.86176055 1    
28.86271475 1    
28.86301326 -1   
28.97472759 1    
29.02373022 1    
29.06846816 -1   
29.18543031 1    
29.43881017 1    
29.47869391 1    
29.48018204 1    
29.63913192 1    
29.67333616 -1   
