0.00000000 -1   
3.28507398 1    
3.51737258 -1   
3.65788950 1    
3.68027949 -1   
3.68981536 1    
3.81939621 1    
3.84168946 -1   
3.94005359 -1   
3.98004650 1    
4.07259268 -1   
4.14123777 1    
4.29319495 -1   
4.32435152 1    
4.57428933 -1   
4.57460551 1    
4.73719909 -1   
4.73723488 1    
4.90285160 -1   
4.90313547 1    
5.09821974 -1   
5.09869532 1    
5.33584887 -1   
5.33686076 1    
5.50049481 -1   
6.13080580 -1   
6.13204946 -1   
6.13242178 -1   
6.35893457 -1   
6.36112751 1    
6.56459385 1    
7.14407247 -1   
7.43029038 -1   
7.43179576 -1   
7.43204649 -1   
7.46980805 1    
7.63125576 1    
8.23010216 -1   
8.23134164 -1   
8.23170472 -1   
8.41849133 -1   
8.41971846 -1   
8.43658825 -1   
8.43845834 -1   
8.43995393 -1   
8.59812201 -1   
8.59961420 -1   
8.60112937 -1   
8.60236244 -1   
8.60387658 -1   
8.60425832 -1   
8.60434270 1    
8.75653043 -1   
8.75776817 -1   
8.75929244 -1   
8.76076706 -1   
8.76204236 -1   
8.76353211 -1   
8.76479078 -1   
8.92643302 -1   
8.92767120 -1   
8.92919360 -1   
8.93618980 -1   
8.93769600 -1   
8.93918705 -1   
8.95891244 -1   
8.96017797 -1   
8.96165599 -1   
8.96601093 -1   
9.10460218 -1   
9.10582014 -1   
9.10734686 -1   
9.10747014 1    
9.10882093 -1   
9.11009007 -1   
9.12765270 -1   
9.13582730 -1   
9.13732648 -1   
9.26773411 -1   
9.26925227 -1   
9.27050375 -1   
9.27199967 -1   
9.27349760 -1   
9.27474523 -1   
9.27624723 -1   
9.29706489 -1   
9.29923313 -1   
9.30070832 -1   
9.35943063 -1   
9.36092318 -1   
9.36242537 -1   
9.44315857 -1   
9.44328753 1    
9.44437876 -1   
9.45262649 -1   
9.45414632 -1   
9.45539155 -1   
9.45689262 -1   
9.45836937 -1   
9.45861903 -1   
9.48162590 -1   
9.50159803 -1   
9.50284338 -1   
9.62777937 -1   
9.62929116 -1   
9.63054519 -1   
9.63204000 -1   
9.63354348 -1   
9.63476928 -1   
9.63629005 -1   
9.64446481 -1   
9.64457791 1    
9.65902941 -1   
9.70925127 -1   
9.71049601 -1   
9.71197601 -1   
9.79170760 -1   
9.79294748 -1   
9.79443045 -1   
9.80768340 -1   
9.82468341 -1   
9.82592960 -1   
9.93560657 -1   
9.97083578 -1   
9.97121570 1    
9.98102565 1    
10.14429319 1    
10.80910443 -1   
10.81061776 -1   
10.81097471 -1   
10.84061342 -1   
10.84185294 -1   
10.87181656 -1   
10.87308443 -1   
10.87458175 -1   
10.99252429 -1   
10.99269462 1    
10.99401462 -1   
11.00049033 -1   
11.00198572 -1   
11.00325594 -1   
11.00477812 -1   
11.01973465 -1   
11.02124450 -1   
11.03099097 -1   
11.03498836 -1   
11.03646875 -1   
11.04846339 -1   
11.04996077 -1   
11.05120726 -1   
11.16704905 -1   
11.16888950 -1   
11.17016376 -1   
11.17838542 -1   
11.17860428 1    
11.17963412 -1   
11.18113211 -1   
11.19765566 -1   
11.19889494 -1   
11.21738910 -1   
11.21860651 1    
11.21862253 -1   
11.22011095 -1   
11.22162873 -1   
11.22288054 -1   
11.33177235 -1   
11.33286220 1    
11.38207068 1    
12.14608963 -1   
12.14757974 -1   
12.14795997 -1   
12.16607801 -1   
12.16733671 -1   
12.17631435 -1   
12.20880839 -1   
12.21031579 -1   
12.21154686 -1   
12.32784910 -1   
12.33000461 -1   
12.33149577 -1   
12.36046777 -1   
12.40094663 -1   
12.40224573 1    
12.40243590 -1   
12.40368578 -1   
12.48950081 -1   
12.52062417 -1   
12.52211640 -1   
12.68293442 -1   
12.71384462 1    
12.72284421 1    
12.87549142 1    
13.15011187 -1   
13.50606109 -1   
13.50730313 -1   
13.50768118 -1   
13.51180913 -1   
13.51330096 -1   
13.53179621 -1   
13.53329043 -1   
13.53456349 -1   
13.56277875 -1   
13.56296130 1    
13.56427213 -1   
13.66921569 -1   
13.66945741 -1   
13.70270167 -1   
13.70418864 -1   
13.70544197 -1   
13.70693723 -1   
13.70820581 -1   
13.70970918 -1   
13.71121732 -1   
13.71243289 -1   
13.71393320 -1   
13.71518055 -1   
13.71668166 -1   
13.72446998 1    
13.73317695 -1   
13.73442050 -1   
13.78392265 -1   
13.78539057 -1   
13.78664258 -1   
13.83123755 -1   
13.87959606 -1   
13.88086406 -1   
13.88236155 -1   
13.88385647 -1   
13.88508556 -1   
13.88658359 -1   
13.89685532 -1   
13.89688629 1    
13.89835060 -1   
13.89984716 -1   
13.90584672 -1   
13.90734202 -1   
13.90857337 -1   
13.91684559 -1   
13.91831503 -1   
13.93731310 -1   
13.93880642 -1   
13.94030133 -1   
13.99343399 -1   
14.04453067 -1   
14.04600862 -1   
14.04725949 -1   
14.04873872 -1   
14.05026811 -1   
14.05151260 -1   
14.05298659 -1   
14.05425869 -1   
14.05601217 -1   
14.05725622 -1   
14.05873708 -1   
14.07923216 -1   
14.07928198 1    
14.08072325 -1   
14.08221976 -1   
14.08346803 -1   
14.08497042 -1   
14.08622697 -1   
14.11248265 -1   
14.19377451 -1   
14.22342038 -1   
14.22491265 -1   
14.22641062 -1   
14.22764006 -1   
14.22913642 -1   
14.23338921 -1   
14.23463306 -1   
14.23613521 -1   
14.23763206 -1   
14.23889949 -1   
14.24040036 -1   
14.24163346 -1   
14.24315543 -1   
14.24464967 -1   
14.24587908 -1   
14.24739371 -1   
14.25389483 -1   
14.25391756 1    
14.25539769 -1   
14.28388888 -1   
14.28535509 -1   
14.38599926 -1   
14.40179827 -1   
14.40328670 -1   
14.41204097 -1   
14.41330222 -1   
14.41478382 -1   
14.41627905 -1   
14.41752959 -1   
14.41902823 -1   
14.42029582 -1   
14.42177619 -1   
14.42327771 -1   
14.42452407 -1   
14.42602907 -1   
14.42727446 -1   
14.42877152 -1   
14.42878611 1    
14.43027508 -1   
14.43176973 -1   
14.46301114 -1   
14.46425310 -1   
14.46575028 -1   
14.54650503 -1   
14.56870225 -1   
14.57021488 -1   
14.57146288 -1   
14.57293786 -1   
14.57419203 -1   
14.58518833 -1   
14.58643536 -1   
14.58795278 -1   
14.58945516 -1   
14.59068108 -1   
14.59218111 -1   
14.59342676 -1   
14.59493188 -1   
14.59993237 -1   
14.59998034 1    
14.60117600 -1   
14.60267364 -1   
14.63218799 -1   
14.63342944 -1   
14.63493137 -1   
14.70981144 -1   
14.73335441 -1   
14.73484990 -1   
14.74986785 -1   
14.75136350 -1   
14.75283838 -1   
14.75408691 -1   
14.75558628 -1   
14.75686511 -1   
14.75936011 -1   
14.76083173 -1   
14.76233227 -1   
14.76358080 -1   
14.76508076 -1   
14.76632741 -1   
14.76783648 -1   
14.76932522 -1   
14.77057977 -1   
14.77059074 1    
14.77207393 -1   
14.77332283 -1   
14.79883635 -1   
14.80032473 -1   
14.80156141 -1   
14.87193344 -1   
14.92002616 -1   
14.92151609 -1   
14.93201446 -1   
14.93350791 -1   
14.93498260 -1   
14.93623042 -1   
14.93774757 -1   
14.93899607 -1   
14.94050450 -1   
14.94200601 -1   
14.94325179 -1   
14.94472641 -1   
14.94474240 1    
14.94622781 -1   
14.94747365 -1   
14.94897614 -1   
14.95022224 -1   
14.95172436 -1   
14.95322074 -1   
14.95447341 -1   
14.97248818 -1   
14.97370871 -1   
14.97521088 -1   
15.03407008 -1   
15.08116184 -1   
15.08264800 -1   
15.10289625 -1   
15.10441076 -1   
15.10590883 -1   
15.10715926 -1   
15.10863456 -1   
15.10990361 -1   
15.11338452 -1   
15.11340830 1    
15.11487998 -1   
15.11637871 -1   
15.11763098 -1   
15.11912800 -1   
15.12037659 -1   
15.12187403 -1   
15.12337525 -1   
15.12462136 -1   
15.12612408 -1   
15.12740636 -1   
15.14786954 -1   
15.14804988 1    
15.14936065 -1   
15.15060797 -1   
15.23570534 -1   
15.26929750 -1   
15.27081523 -1   
15.27978845 -1   
15.27981370 1    
15.28128540 -1   
15.28253278 -1   
15.28403343 -1   
15.28528228 -1   
15.28678195 -1   
15.28830541 -1   
15.28953161 -1   
15.29102906 -1   
15.29230714 -1   
15.29378541 -1   
15.29527893 -1   
15.29652429 -1   
15.29802287 -1   
15.29927205 -1   
15.30077342 -1   
15.30227216 -1   
15.33526145 -1   
15.33651878 -1   
15.33802661 -1   
15.43134504 -1   
15.43895371 -1   
15.44019224 -1   
15.44769410 -1   
15.44773707 1    
15.44918676 -1   
15.45043811 -1   
15.45193868 -1   
15.45318528 -1   
15.45468841 -1   
15.45618447 -1   
15.45743406 -1   
15.45893340 -1   
15.46018019 -1   
15.46167930 -1   
15.46768525 -1   
15.46917693 -1   
15.47043008 -1   
15.47192376 -1   
15.47317810 -1   
15.47467325 -1   
15.47617061 -1   
15.47625046 1    
15.47742382 -1   
15.47892383 -1   
15.50716467 -1   
15.50840294 -1   
15.50990584 -1   
15.59297048 -1   
15.61385526 -1   
15.61389733 1    
15.61534597 -1   
15.62348916 -1   
15.62483692 -1   
15.62633682 -1   
15.62758720 -1   
15.62908452 -1   
15.63208625 -1   
15.63333099 -1   
15.63483484 -1   
15.63633092 -1   
15.63757898 -1   
15.63907946 -1   
15.64033026 -1   
15.64182601 -1   
15.64332889 -1   
15.64457534 -1   
15.64607793 -1   
15.64757328 -1   
15.64882346 -1   
15.65032221 -1   
15.65157354 -1   
15.69159201 -1   
15.69304765 -1   
15.69455033 -1   
15.75353744 -1   
15.79225152 -1   
15.79229405 1    
15.79373899 -1   
15.79523986 -1   
15.79648995 -1   
15.79798803 -1   
15.79923931 -1   
15.80073756 -1   
15.80223937 -1   
15.80348455 -1   
15.80498464 -1   
15.80623460 -1   
15.80773433 -1   
15.80923007 -1   
15.81048384 -1   
15.81197914 -1   
15.81323223 -1   
15.81947693 -1   
15.82097388 -1   
15.82247356 -1   
15.82372536 -1   
15.84946846 -1   
15.85095656 -1   
15.87894873 -1   
15.88019438 -1   
15.88168972 -1   
15.91552980 -1   
15.96065888 -1   
15.96070143 1    
15.96214413 -1   
15.97064407 -1   
15.97214307 -1   
15.97363557 -1   
15.97488945 -1   
15.97638627 -1   
15.97763779 -1   
15.97913570 -1   
15.98063396 -1   
15.98188439 -1   
15.98463092 -1   
15.98613128 -1   
15.98738229 -1   
15.98887731 -1   
15.99012736 -1   
15.99162597 -1   
15.99312708 -1   
15.99437550 -1   
15.99551572 1    
15.99587671 -1   
15.99737540 -1   
15.99862132 -1   
16.02844900 -1   
16.02985748 -1   
16.03135299 -1   
16.12341385 -1   
16.12345730 1    
16.13430361 -1   
16.13554447 -1   
16.14454037 -1   
16.14604022 -1   
16.14729061 -1   
16.15153629 -1   
16.15303780 -1   
16.15453388 -1   
16.15578576 -1   
16.15728122 -1   
16.15878167 -1   
16.16027920 -1   
16.16153122 -1   
16.16303046 -1   
16.16428035 -1   
16.16577562 -1   
16.16727842 -1   
16.17127393 -1   
16.17277524 -1   
16.17427195 -1   
16.17552427 -1   
16.17701924 -1   
16.19101822 -1   
16.19226239 -1   
16.19376037 -1   
16.19386272 1    
16.21050894 -1   
16.21200130 -1   
16.21350006 -1   
16.28504158 -1   
16.28508652 1    
16.30920526 -1   
16.31069647 -1   
16.32019446 -1   
16.32168757 -1   
16.32318903 -1   
16.32443613 -1   
16.32593858 -1   
16.32718322 -1   
16.32868657 -1   
16.33018258 -1   
16.33143105 -1   
16.33293328 -1   
16.33418315 -1   
16.33843225 -1   
16.33993030 -1   
16.34117714 -1   
16.34267641 -1   
16.34417455 -1   
16.34542709 -1   
16.34692413 -1   
16.34817444 -1   
16.34967045 -1   
16.36242509 -1   
16.36366436 -1   
16.36516384 -1   
16.39190451 -1   
16.39340108 -1   
16.39464710 -1   
16.44669204 -1   
16.44673176 1    
16.48360375 -1   
16.48509322 -1   
16.50333905 -1   
16.50483080 -1   
16.50608396 -1   
16.50757878 -1   
16.50908095 -1   
16.51032828 -1   
16.51182682 -1   
16.51307610 -1   
16.51457989 -1   
16.51607488 -1   
16.51732636 -1   
16.51882491 -1   
16.52007648 -1   
16.52157121 -1   
16.52307005 -1   
16.52431888 -1   
16.52582174 -1   
16.53132347 -1   
16.53281500 -1   
16.53431468 -1   
16.53556712 -1   
16.53706259 -1   
16.53831504 -1   
16.58329501 -1   
16.58453552 -1   
16.61199992 -1   
16.61203481 1    
16.66124824 -1   
16.66249302 -1   
16.67773413 -1   
16.67898217 -1   
16.68048450 -1   
16.68197964 -1   
16.68323194 -1   
16.68472748 -1   
16.68623179 -1   
16.68747661 -1   
16.68897522 -1   
16.69022613 -1   
16.69172624 -1   
16.69322255 -1   
16.69447615 -1   
16.69597191 -1   
16.69722392 -1   
16.69872113 -1   
16.70022163 -1   
16.70146977 -1   
16.70297179 -1   
16.70421620 -1   
16.72246099 -1   
16.72395548 -1   
16.72520741 -1   
16.73945054 -1   
16.74069961 -1   
16.74219646 -1   
16.78317849 -1   
16.78332786 1    
16.78442358 -1   
16.78592148 -1   
16.78617293 -1   
16.78618297 1    
16.85163800 -1   
16.85313096 -1   
16.85438435 -1   
16.85587863 -1   
16.85738214 -1   
16.85862927 -1   
16.86012811 -1   
16.86137710 -1   
16.86288203 -1   
16.86437481 -1   
16.86562638 -1   
16.86712356 -1   
16.86837510 -1   
16.86987311 -1   
16.88386949 -1   
16.88536334 -1   
16.88661648 -1   
16.88811013 -1   
16.88936313 -1   
16.89086007 -1   
16.89235861 -1   
16.89360844 -1   
16.89511009 -1   
16.89522078 1    
16.89660940 -1   
16.89785553 -1   
16.89935748 -1   
16.90060398 -1   
16.90210499 -1   
16.93584229 -1   
16.93733585 -1   
16.94833057 -1   
16.94870252 -1   
16.94871486 1    
17.01979557 -1   
17.02128439 -1   
17.02278760 -1   
17.02403375 -1   
17.02553490 -1   
17.02678219 -1   
17.02828384 -1   
17.02977933 -1   
17.03152886 -1   
17.03302740 -1   
17.03453082 -1   
17.03577797 -1   
17.03727890 -1   
17.03852589 -1   
17.04002797 -1   
17.04152652 -1   
17.04302374 -1   
17.04427198 -1   
17.04577749 -1   
17.04726998 -1   
17.04853598 -1   
17.05001902 -1   
17.05152029 -1   
17.05276760 -1   
17.05426850 -1   
17.11049839 -1   
17.11198381 -1   
17.11236708 -1   
17.11237594 1    
17.15596376 -1   
17.15720780 -1   
17.19269629 -1   
17.19418726 -1   
17.19568937 -1   
17.19693459 -1   
17.19843762 -1   
17.19968204 -1   
17.20118158 -1   
17.20268415 -1   
17.20393317 -1   
17.20543039 -1   
17.20693230 -1   
17.20817718 -1   
17.20968052 -1   
17.21092601 -1   
17.21242564 -1   
17.21392513 -1   
17.21517607 -1   
17.21667251 -1   
17.21792629 -1   
17.21942233 -1   
17.22092554 -1   
17.22217055 -1   
17.22366939 -1   
17.22567069 -1   
17.22684682 1    
17.22692010 -1   
17.22841989 -1   
17.27571179 -1   
17.27574258 1    
17.28814152 -1   
17.28938182 -1   
17.36160019 -1   
17.36309080 -1   
17.36434184 -1   
17.36583780 -1   
17.36708744 -1   
17.36858759 -1   
17.37008917 -1   
17.37133502 -1   
17.37283668 -1   
17.37408428 -1   
17.37558704 -1   
17.37708114 -1   
17.40407555 -1   
17.40531464 -1   
17.40681812 -1   
17.40831264 -1   
17.40956566 -1   
17.41106557 -1   
17.41231520 -1   
17.41381019 -1   
17.41530950 -1   
17.41655856 -1   
17.41806403 -1   
17.41955706 -1   
17.42080939 -1   
17.42230721 -1   
17.42355748 -1   
17.42507060 -1   
17.42655390 -1   
17.42805231 -1   
17.42930463 -1   
17.43928735 -1   
17.43931727 1    
17.50002138 -1   
17.50126081 -1   
17.53625214 -1   
17.53774192 -1   
17.53924284 -1   
17.54674238 -1   
17.54823729 -1   
17.54973476 -1   
17.55098576 -1   
17.55248794 -1   
17.55373180 -1   
17.55523323 -1   
17.55673301 -1   
17.55798339 -1   
17.55948116 -1   
17.56097747 -1   
17.56223079 -1   
17.56372693 -1   
17.56497493 -1   
17.56647511 -1   
17.56797774 -1   
17.56922297 -1   
17.57072605 -1   
17.57197047 -1   
17.57347380 -1   
17.57497007 -1   
17.57621925 -1   
17.59346600 -1   
17.59496348 -1   
17.59645917 -1   
17.60814117 -1   
17.60817308 1    
17.64219237 -1   
17.64368071 -1   
17.72015100 -1   
17.72138530 -1   
17.72288761 -1   
17.72438350 -1   
17.72563594 -1   
17.72713388 -1   
17.72838450 -1   
17.72988139 -1   
17.73138021 -1   
17.73262819 -1   
17.73413215 -1   
17.73562676 -1   
17.73687901 -1   
17.73837689 -1   
17.73962744 -1   
17.74112402 -1   
17.74262391 -1   
17.74387202 -1   
17.74537535 -1   
17.74545972 1    
17.74662416 -1   
17.74812306 -1   
17.74962322 -1   
17.75086966 -1   
17.75636701 -1   
17.75786497 -1   
17.75936609 -1   
17.76061290 -1   
17.76211638 -1   
17.76636159 -1   
17.76786424 -1   
17.76935838 -1   
17.77360154 -1   
17.77361753 1    
17.84757366 -1   
17.84906371 -1   
17.87580630 -1   
17.87729551 -1   
17.87880009 -1   
17.89554200 -1   
17.89703475 -1   
17.89853457 -1   
17.90653590 -1   
17.90802860 -1   
17.90952988 -1   
17.91077827 -1   
17.91227987 -1   
17.91352469 -1   
17.91502430 -1   
17.91652322 -1   
17.91777602 -1   
17.91927235 -1   
17.92052411 -1   
17.92202176 -1   
17.92352184 -1   
17.92476799 -1   
17.92776848 -1   
17.92786189 1    
17.92926973 -1   
17.93051659 -1   
17.93201682 -1   
17.93326364 -1   
17.93476768 -1   
17.93626271 -1   
17.93751108 -1   
17.94026274 -1   
17.94176147 -1   
17.94300909 -1   
17.94367222 -1   
17.94368659 1    
18.05195118 -1   
18.05344521 -1   
18.05494868 -1   
18.06144245 -1   
18.06294486 -1   
18.06418890 -1   
18.06569108 -1   
18.06693843 -1   
18.06843660 -1   
18.06993746 -1   
18.07118924 -1   
18.07268458 -1   
18.07393835 -1   
18.07543213 -1   
18.07693417 -1   
18.07818265 -1   
18.07968020 -1   
18.08118161 -1   
18.08243253 -1   
18.08392728 -1   
18.08517935 -1   
18.08667842 -1   
18.08817814 -1   
18.08942416 -1   
18.09092315 -1   
18.09217276 -1   
18.09228346 1    
18.09367503 -1   
18.09517344 -1   
18.10017209 -1   
18.10141835 -1   
18.10292223 -1   
18.10469804 -1   
18.10471189 1    
18.12790606 -1   
18.12915300 -1   
18.13065429 -1   
18.19412502 -1   
18.19536386 -1   
18.19686668 -1   
18.23285353 -1   
18.23434599 -1   
18.24108886 -1   
18.24234050 -1   
18.24383595 -1   
18.24533489 -1   
18.24658587 -1   
18.24808634 -1   
18.24933307 -1   
18.25083626 -1   
18.25233115 -1   
18.25358395 -1   
18.25508056 -1   
18.25657985 -1   
18.25782805 -1   
18.25932961 -1   
18.26805456 -1   
18.26809569 1    
18.27057552 -1   
18.27207028 -1   
18.30756018 -1   
18.30904936 -1   
18.31055241 -1   
18.31179820 -1   
18.31329978 -1   
18.31454769 -1   
18.31604693 -1   
18.31754575 -1   
18.32854458 -1   
18.33003830 -1   
18.33153947 -1   
18.33803550 -1   
18.33928539 -1   
18.34078090 -1   
18.36727692 -1   
18.36876653 -1   
18.37026539 -1   
18.42574368 -1   
18.42723411 -1   
18.43173797 -1   
18.43322819 -1   
18.43473066 -1   
18.43597786 -1   
18.43609250 1    
18.43747892 -1   
18.43872600 -1   
18.44022731 -1   
18.44172322 -1   
18.44297508 -1   
18.44447190 -1   
18.44597591 -1   
18.44722081 -1   
18.44872129 -1   
18.44897291 -1   
18.44898859 1    
18.45047372 -1   
18.45196801 -1   
18.50344971 -1   
18.50493765 -1   
18.50644060 -1   
18.50768760 -1   
18.57165967 -1   
18.57315020 -1   
18.57464824 -1   
18.57589690 -1   
18.57739829 -1   
18.57864646 -1   
18.58015045 -1   
18.58164328 -1   
18.58289574 -1   
18.58439304 -1   
18.58589299 -1   
18.60238924 -1   
18.60388381 -1   
18.60515183 -1   
18.61207035 -1   
18.61209832 1    
18.63961371 -1   
18.68609417 -1   
18.68733581 -1   
18.69708137 -1   
18.69858012 -1   
18.69982502 -1   
18.70132785 -1   
18.70257547 -1   
18.70407264 -1   
18.70557297 -1   
18.70682430 -1   
18.70832030 -1   
18.70982332 -1   
18.71106880 -1   
18.71256969 -1   
18.71381725 -1   
18.71531662 -1   
18.71681540 -1   
18.71807013 -1   
18.71956535 -1   
18.74456129 -1   
18.77479122 -1   
18.77628548 -1   
18.77751314 -1   
18.77752852 1    
18.83426028 -1   
18.83549791 -1   
18.84624327 -1   
18.84774120 -1   
18.84899269 -1   
18.92370951 -1   
18.94157496 -1   
18.94161402 1    
19.26182660 1    
19.28640814 1    
19.36490031 1    
19.45020410 1    
20.10378296 -1   
20.10527228 -1   
20.10565347 -1   
20.12376445 -1   
20.12526400 -1   
20.17273720 -1   
20.17288619 1    
20.17423614 -1   
20.17548135 -1   
20.26867926 -1   
20.27017788 -1   
20.27617491 -1   
20.27767239 -1   
20.27892632 -1   
20.28717080 -1   
20.28841978 -1   
20.28991500 -1   
20.29057172 -1   
20.29716267 -1   
20.29866103 -1   
20.32815321 -1   
20.32939495 -1   
20.33614153 -1   
20.33738915 -1   
20.33740766 1    
20.33888953 -1   
20.34013621 -1   
20.35413943 -1   
20.35562781 -1   
20.43334375 -1   
20.45057979 -1   
20.45207252 -1   
20.46081159 -1   
20.46094670 1    
20.62208091 -1   
20.62212706 1    
20.63747120 -1   
20.66520500 -1   
20.78526578 -1   
20.78530546 1    
21.12849953 1    
21.42227403 -1   
21.42351554 -1   
21.42389659 -1   
21.42402807 1    
21.44025858 -1   
21.44150425 -1   
21.46225000 -1   
21.46374082 -1   
21.46499097 -1   
21.46649058 -1   
21.46799280 -1   
21.46923824 -1   
21.47074116 -1   
21.47223567 -1   
21.47348839 -1   
21.49022985 -1   
21.49172525 -1   
21.49322410 -1   
21.49447719 -1   
21.49597301 -1   
21.58792668 -1   
21.58919872 -1   
21.59067150 -1   
21.59217074 -1   
21.59218760 1    
21.59342267 -1   
21.60494136 -1   
21.60618945 -1   
21.60766205 -1   
21.60834860 -1   
21.61018090 -1   
21.62715410 -1   
21.62867256 -1   
21.62992249 -1   
21.63141768 -1   
21.63266990 -1   
21.65588625 -1   
21.65713364 -1   
21.65863203 -1   
21.66013198 -1   
21.66139971 -1   
21.66290419 -1   
21.66439856 -1   
21.66566418 -1   
21.66714606 -1   
21.66864988 -1   
21.66989720 -1   
21.67139487 -1   
21.67289420 -1   
21.67414768 -1   
21.67424221 1    
21.67562486 -1   
21.67689133 -1   
21.67839166 -1   
21.67989388 -1   
21.68114387 -1   
21.68664112 -1   
21.68813961 -1   
21.68963739 -1   
21.76609979 -1   
21.76612289 1    
21.77142769 -1   
21.78408308 -1   
21.78533415 -1   
21.78683057 -1   
21.78831123 -1   
21.78958111 -1   
21.79232867 -1   
21.79380456 -1   
21.79505351 -1   
21.80294903 1    
21.90377060 -1   
21.90524107 -1   
21.91226225 -1   
21.91375639 -1   
21.91525908 -1   
21.92200389 -1   
21.92325409 -1   
21.92472894 -1   
21.92727200 1    
21.93225057 -1   
21.93374720 -1   
21.93522608 -1   
21.93647159 -1   
21.93797185 -1   
21.93921902 -1   
21.94072060 -1   
21.94224586 -1   
21.94349441 -1   
21.94499273 -1   
21.94624581 -1   
21.94774092 -1   
21.94924020 -1   
21.95049352 -1   
21.95196726 -1   
21.95348376 -1   
21.95473694 -1   
21.95623311 -1   
21.95746359 -1   
21.95898088 -1   
21.95907879 1    
21.96047936 -1   
21.96170859 -1   
21.96322322 -1   
21.96447814 -1   
21.96598139 -1   
21.96828785 -1   
21.96972469 -1   
21.97100010 -1   
22.07139908 -1   
22.07289349 -1   
22.08141551 -1   
22.08291236 -1   
22.08416227 -1   
22.09113740 -1   
22.09115883 1    
22.10063072 -1   
22.10215190 -1   
22.10365245 -1   
22.10489720 -1   
22.10640041 -1   
22.10789934 -1   
22.10915029 -1   
22.11064682 -1   
22.11189326 -1   
22.11339165 -1   
22.11489480 -1   
22.11614115 -1   
22.11764511 -1   
22.11888997 -1   
22.12039017 -1   
22.12189313 -1   
22.12313638 -1   
22.12461474 -1   
22.12613861 -1   
22.12738324 -1   
22.12888608 -1   
22.13038441 -1   
22.13163785 -1   
22.13313062 -1   
22.13463092 -1   
22.13587929 -1   
22.13738198 -1   
22.13747519 1    
22.13863408 -1   
22.14012804 -1   
22.14160871 -1   
22.14258017 -1   
22.14412401 -1   
22.14562487 -1   
22.14687915 -1   
22.16861326 -1   
22.17011641 -1   
22.24779739 -1   
22.24929227 -1   
22.25054599 -1   
22.28980359 -1   
22.28983401 1    
22.29126992 -1   
22.29254196 -1   
22.29404656 -1   
22.29554039 -1   
22.29729265 -1   
22.29878732 -1   
22.30028797 -1   
22.30153394 -1   
22.30303390 -1   
22.30428242 -1   
22.30578449 -1   
22.30728273 -1   
22.30854161 -1   
22.31003071 -1   
22.31152755 -1   
22.31275537 -1   
22.31428107 -1   
22.31553165 -1   
22.31703106 -1   
22.31850356 -1   
22.31975433 -1   
22.32125025 -1   
22.32250408 -1   
22.32399972 -1   
22.32551993 -1   
22.32561800 1    
22.32675250 -1   
22.32827188 -1   
22.32977125 -1   
22.33015248 -1   
22.33176945 -1   
22.33326533 -1   
22.33451636 -1   
22.33600991 -1   
22.33751467 -1   
22.33874408 -1   
22.34026764 -1   
22.34174068 -1   
22.42746905 -1   
22.42894052 -1   
22.43743906 -1   
22.43893458 -1   
22.44021006 -1   
22.44768526 -1   
22.44918164 -1   
22.45042760 -1   
22.45193059 -1   
22.45317619 -1   
22.45467643 -1   
22.45617560 -1   
22.45742683 -1   
22.45892241 -1   
22.46017480 -1   
22.46027489 1    
22.46167383 -1   
22.46317145 -1   
22.46442036 -1   
22.46592134 -1   
22.46717178 -1   
22.46866740 -1   
22.47016966 -1   
22.47141491 -1   
22.47291799 -1   
22.47441557 -1   
22.47566234 -1   
22.47716075 -1   
22.47841601 -1   
22.47991107 -1   
22.48141189 -1   
22.48266079 -1   
22.48416111 -1   
22.48417637 1    
22.48765712 -1   
22.48915598 -1   
22.49040869 -1   
22.49190386 -1   
22.49315515 -1   
22.49465358 -1   
22.49615490 -1   
22.49740167 -1   
22.49808274 -1   
22.59635005 -1   
22.59784338 -1   
22.60359126 -1   
22.60369466 1    
22.60511653 -1   
22.60636430 -1   
22.61436387 -1   
22.62410502 -1   
22.62535268 -1   
22.62683130 -1   
22.62834554 -1   
22.62959699 -1   
22.63110173 -1   
22.63259888 -1   
22.63383006 -1   
22.63534386 -1   
22.63657039 -1   
22.63809256 -1   
22.63959368 -1   
22.64081903 -1   
22.64234546 -1   
22.64359223 -1   
22.64509631 -1   
22.64658850 -1   
22.64781602 -1   
22.64934025 -1   
22.65084073 -1   
22.65208711 -1   
22.65358769 -1   
22.65481184 -1   
22.65633688 -1   
22.65783562 -1   
22.65907971 -1   
22.65909399 1    
22.66056082 -1   
22.66180840 -1   
22.66333254 -1   
22.66483165 -1   
22.66608282 -1   
22.66757660 -1   
22.66905079 -1   
22.67030186 -1   
22.67180260 -1   
22.67305017 -1   
22.69967983 -1   
22.76927714 -1   
22.77051599 -1   
22.77201601 -1   
22.77326802 -1   
22.77476688 -1   
22.78975799 -1   
22.79125680 -1   
22.79250222 -1   
22.79623354 -1   
22.79773020 -1   
22.79897662 -1   
22.80047553 -1   
22.80172798 -1   
22.80322785 -1   
22.80475045 -1   
22.80599644 -1   
22.80749736 -1   
22.80899836 -1   
22.81022410 -1   
22.81174564 -1   
22.81299815 -1   
22.81449697 -1   
22.81599747 -1   
22.81609696 1    
22.81724612 -1   
22.81874296 -1   
22.81999148 -1   
22.82149068 -1   
22.82299413 -1   
22.82423898 -1   
22.82571653 -1   
22.82721449 -1   
22.83224070 -1   
22.83225557 1    
22.83373293 -1   
22.83498361 -1   
22.83648644 -1   
22.83772793 -1   
22.83923282 -1   
22.84072936 -1   
22.84195801 -1   
22.86496564 -1   
22.86621334 -1   
22.86770980 -1   
22.90857534 -1   
22.91393642 -1   
22.91518734 -1   
22.95192019 -1   
22.95341324 -1   
22.95466311 -1   
22.96266029 -1   
22.96415033 -1   
22.96540831 -1   
22.97262994 -1   
22.97415672 -1   
22.97540353 -1   
22.97690122 -1   
22.97812790 -1   
22.97962676 -1   
22.98112339 -1   
22.98237661 -1   
22.98387064 -1   
22.98512409 -1   
22.98662022 -1   
22.98814186 -1   
22.98939114 -1   
22.99089633 -1   
22.99213902 -1   
22.99221260 1    
22.99364291 -1   
22.99511928 -1   
22.99636423 -1   
22.99786398 -1   
22.99936678 -1   
23.00061128 -1   
23.00213798 -1   
23.00338284 -1   
23.00488451 -1   
23.00638137 -1   
23.00761076 -1   
23.00762982 1    
23.00913382 -1   
23.01060916 -1   
23.01210990 -1   
23.01335504 -1   
23.01485682 -1   
23.01760202 -1   
23.01912646 -1   
23.02037214 -1   
23.05833660 -1   
23.05960382 -1   
23.06110633 -1   
23.07544476 -1   
23.12757504 -1   
23.12906430 -1   
23.13060153 -1   
23.13605718 -1   
23.13755871 -1   
23.13878466 -1   
23.14705495 -1   
23.14830045 -1   
23.14980089 -1   
23.15102890 -1   
23.15252475 -1   
23.15402391 -1   
23.15527521 -1   
23.15677098 -1   
23.15802492 -1   
23.15812862 1    
23.15954614 -1   
23.16104589 -1   
23.16229219 -1   
23.16379230 -1   
23.16529271 -1   
23.16653953 -1   
23.16804184 -1   
23.16929108 -1   
23.17079169 -1   
23.17226468 -1   
23.17353436 -1   
23.17503244 -1   
23.17628728 -1   
23.17776364 -1   
23.17926253 -1   
23.18051041 -1   
23.18052599 1    
23.18827457 -1   
23.18977754 -1   
23.19128621 -1   
23.19252611 -1   
23.19402752 -1   
23.19527499 -1   
23.19677917 -1   
23.19826868 -1   
23.19951819 -1   
23.23248712 -1   
23.23372868 -1   
23.23870658 -1   
23.26521706 -1   
23.26671149 -1   
23.30144891 -1   
23.30294080 -1   
23.30421752 -1   
23.31195924 -1   
23.31208505 1    
23.31321309 -1   
23.31470779 -1   
23.31995442 -1   
23.32119993 -1   
23.32270613 -1   
23.32394828 -1   
23.32545113 -1   
23.32692778 -1   
23.32817713 -1   
23.32967408 -1   
23.33092288 -1   
23.33242275 -1   
23.33393272 -1   
23.33519874 -1   
23.33667443 -1   
23.33819283 -1   
23.33944555 -1   
23.34094270 -1   
23.34219400 -1   
23.34368705 -1   
23.34518931 -1   
23.34643733 -1   
23.34793862 -1   
23.34916427 -1   
23.35066684 -1   
23.35216235 -1   
23.35340989 -1   
23.35591287 -1   
23.35593026 1    
23.35716470 -1   
23.35866228 -1   
23.36015663 -1   
23.36140612 -1   
23.36290894 -1   
23.36815854 -1   
23.36940626 -1   
23.37092910 -1   
23.39739513 -1   
23.39888751 -1   
23.40108664 -1   
23.40813444 -1   
23.40963128 -1   
23.42789830 -1   
23.47112918 -1   
23.47236766 -1   
23.47384417 -1   
23.49158743 -1   
23.49307975 -1   
23.49433165 -1   
23.49583259 -1   
23.49732737 -1   
23.49858121 -1   
23.50007862 -1   
23.50133100 -1   
23.50282723 -1   
23.50432530 -1   
23.50557326 -1   
23.50707483 -1   
23.50834251 -1   
23.50982479 -1   
23.51132051 -1   
23.51257247 -1   
23.51407001 -1   
23.51531892 -1   
23.51681630 -1   
23.51834069 -1   
23.51844167 1    
23.51956837 -1   
23.52106372 -1   
23.52231717 -1   
23.52381155 -1   
23.52531298 -1   
23.52656137 -1   
23.52808305 -1   
23.52932532 -1   
23.53081256 -1   
23.53230757 -1   
23.55081265 -1   
23.55085889 1    
23.55230004 -1   
23.55354696 -1   
23.57048950 -1   
25.90545201 1    
26.05698906 -1   
26.12037261 1    
26.64048971 -1   
