0.00000000 1    
0.27267713 -1   
0.27285977 1    
0.43455468 1    
0.49191015 -1   
0.60408976 1    
0.71494704 -1   
0.76585410 1    
0.87658360 -1   
0.92850050 1    
0.98842129 -1   
1.01817462 -1   
1.03491326 -1   
1.03798241 -1   
1.11436643 -1   
1.19885949 -1   
1.19920632 1    
1.36207688 -1   
1.36239617 1    
1.52498231 -1   
1.60404404 1    
1.77107318 -1   
1.77135342 1    
1.93449214 -1   
1.93548493 1    
2.10022074 -1   
2.10053271 1    
2.30296313 1    
2.31525832 -1   
2.44283421 -1   
2.44432919 -1   
2.50632149 -1   
2.51644011 -1   
2.51867858 1    
2.72299084 1    
3.09808689 -1   
3.21841439 -1   
3.21966283 -1   
3.29816517 -1   
3.33577430 1    
3.49753194 1    
3.83156993 -1   
3.83278440 -1   
3.83343081 -1   
3.86429229 -1   
3.86579177 -1   
3.86703656 -1   
3.86853640 -1   
3.86976395 -1   
3.89628036 -1   
3.89774828 -1   
3.99597415 -1   
3.99746218 -1   
3.99896562 -1   
3.99903490 1    
4.00021316 -1   
4.02770127 -1   
4.02894585 -1   
4.03044264 -1   
4.03169134 -1   
4.03319158 -1   
4.03469512 -1   
4.03593836 -1   
4.03744123 -1   
4.03868933 -1   
4.04020288 -1   
4.04168616 -1   
4.06118266 -1   
4.06268042 -1   
4.06392275 -1   
4.06542556 -1   
4.16085660 -1   
4.16234848 -1   
4.16359599 -1   
4.16509282 -1   
4.16634619 -1   
4.16635434 1    
4.16787659 -1   
4.19110487 -1   
4.19260155 -1   
4.19409960 -1   
4.19535220 -1   
4.19684621 -1   
4.19810021 -1   
4.19957470 -1   
4.20109392 -1   
4.20234418 -1   
4.20384957 -1   
4.20534357 -1   
4.20659430 -1   
4.20809047 -1   
4.20934258 -1   
4.21084306 -1   
4.21233760 -1   
4.21331226 -1   
4.21483993 -1   
4.21633546 -1   
4.21783887 -1   
4.21908356 -1   
4.22058526 -1   
4.22181198 -1   
4.23733652 -1   
4.24731956 -1   
4.24879908 -1   
4.25004607 -1   
4.25154833 -1   
4.25279473 -1   
4.25429592 -1   
4.25579308 -1   
4.26779292 -1   
4.28928112 -1   
4.28945932 1    
4.29077565 -1   
4.32576289 -1   
4.32700405 -1   
4.32851634 -1   
4.32975256 -1   
4.33125067 -1   
4.33275069 -1   
4.33399746 -1   
4.37076636 1    
4.37458131 -1   
4.37772463 -1   
4.53951585 -1   
4.53991243 1    
4.54940826 1    
4.71285820 1    
5.12258241 -1   
5.12379463 -1   
5.12420882 -1   
5.15078779 -1   
5.15202945 -1   
5.15355258 -1   
5.15478114 -1   
5.15629866 -1   
5.16903045 -1   
5.16919638 1    
5.17051934 -1   
5.17201909 -1   
5.19803040 -1   
5.19952560 -1   
5.21802535 -1   
5.21948995 -1   
5.22101358 -1   
5.22226038 -1   
5.22373723 -1   
5.22525721 -1   
5.22648782 -1   
5.22798557 -1   
5.22925866 -1   
5.24600141 -1   
5.24750022 -1   
5.24897454 -1   
5.29247241 -1   
5.29370026 -1   
5.29521568 -1   
5.29669550 -1   
5.29794934 -1   
5.30244650 -1   
5.30369394 -1   
5.30518984 -1   
5.31394441 -1   
5.31543561 -1   
5.31568455 -1   
5.31649475 1    
5.33072848 1    
5.49263417 1    
5.96866396 -1   
6.03578490 -1   
6.03727671 -1   
6.03852337 -1   
6.04002067 -1   
6.11049292 -1   
6.14073625 1    
6.15095322 1    
6.16923868 -1   
6.30218740 1    
6.54365609 1    
6.63119224 -1   
6.63268169 -1   
6.63305952 -1   
6.66869268 -1   
6.67018528 -1   
6.68693149 -1   
6.68842123 -1   
6.68990254 -1   
6.69842261 -1   
6.69964480 -1   
6.70114331 -1   
6.70519163 1    
6.71838986 -1   
6.71988129 -1   
6.72863524 -1   
6.73014809 -1   
6.74962316 -1   
6.79459573 -1   
6.79610884 -1   
6.79735799 -1   
6.79884370 -1   
6.80010744 -1   
6.80158997 -1   
6.83259068 -1   
6.83381935 -1   
6.83531304 -1   
6.83683227 -1   
6.85058337 -1   
6.85180717 -1   
6.85330743 -1   
6.85455518 -1   
6.85605323 -1   
6.85755639 -1   
6.86180291 -1   
6.86330020 -1   
6.86454558 -1   
6.86463516 1    
6.86604743 -1   
6.86729790 -1   
6.86879776 -1   
6.88332040 -1   
6.88335369 1    
6.88478908 -1   
6.88604206 -1   
6.88754060 -1   
6.89353435 -1   
6.89502976 -1   
6.89627782 -1   
6.89778143 -1   
6.95300892 -1   
6.95449905 -1   
6.95799763 -1   
6.95951631 -1   
6.96099345 -1   
6.96224208 -1   
6.96374353 -1   
6.96523842 -1   
6.96649138 -1   
6.96798744 -1   
6.96926168 -1   
6.97073782 -1   
6.99575254 -1   
6.99724345 -1   
6.99874783 -1   
6.99999348 -1   
7.00147183 -1   
7.00298814 -1   
7.00424216 -1   
7.00574191 -1   
7.01399263 -1   
7.01548273 -1   
7.01671642 -1   
7.01822775 -1   
7.01973038 -1   
7.02098257 -1   
7.02108116 1    
7.02248557 -1   
7.02372829 -1   
7.02523225 -1   
7.02670805 -1   
7.02795382 -1   
7.02945159 -1   
7.03071565 -1   
7.03096680 -1   
7.03245222 -1   
7.03395327 -1   
7.03520176 -1   
7.03671539 -1   
7.04422251 1    
7.04844655 -1   
7.04969246 -1   
7.05119741 -1   
7.05845928 -1   
7.06769044 -1   
7.06918454 -1   
7.07068427 -1   
7.07193255 -1   
7.07343467 -1   
7.07468401 -1   
7.07618127 -1   
7.07767710 -1   
7.08794738 -1   
7.08944168 -1   
7.09769110 -1   
7.10668390 -1   
7.10818202 -1   
7.11518392 -1   
7.11667975 -1   
7.11792404 -1   
7.11942536 -1   
7.12067197 -1   
7.12217611 -1   
7.12364889 -1   
7.12375241 1    
7.13666855 -1   
7.13816694 -1   
7.13941752 -1   
7.14091288 -1   
7.14691421 -1   
7.15739838 -1   
7.15865382 -1   
7.16012924 -1   
7.16838410 -1   
7.16989635 -1   
7.17114828 -1   
7.17262069 -1   
7.17390202 -1   
7.19407505 -1   
7.20062987 -1   
7.20185822 -1   
7.20337561 -1   
7.21035087 -1   
7.21036840 1    
7.21185127 -1   
7.21309831 -1   
7.21987618 -1   
7.22136824 -1   
7.22286947 -1   
7.22435702 -1   
7.23011472 -1   
7.24161317 -1   
7.24283338 -1   
7.24435193 -1   
7.24557891 -1   
7.24710038 -1   
7.24858150 -1   
7.25233156 -1   
7.26782796 -1   
7.26931723 -1   
7.27056746 -1   
7.29381136 -1   
7.29530109 -1   
7.29655360 -1   
7.29805327 -1   
7.29929832 -1   
7.30080028 -1   
7.30229857 -1   
7.30355267 -1   
7.31904499 -1   
7.32055806 -1   
7.32178568 -1   
7.32328674 -1   
7.32478402 -1   
7.32603698 -1   
7.32753418 -1   
7.32878480 -1   
7.33029906 -1   
7.33453513 -1   
7.33467662 1    
7.33578054 -1   
7.35277580 -1   
7.35426892 -1   
7.35576723 -1   
7.35704043 -1   
7.35851670 -1   
7.35945963 -1   
7.36226603 -1   
7.38401437 -1   
7.38406192 1    
7.38550182 -1   
7.38699913 -1   
7.38825002 -1   
7.38975001 -1   
7.39126620 -1   
7.39251108 -1   
7.39401636 -1   
7.39525930 -1   
7.39674185 -1   
7.40637792 1    
7.41349434 -1   
7.41473416 -1   
7.41623598 -1   
7.41748014 -1   
7.41898300 -1   
7.42047867 -1   
7.42173040 -1   
7.42322727 -1   
7.42449655 -1   
7.42597646 -1   
7.42747842 -1   
7.43297768 -1   
7.43447622 -1   
7.45296683 -1   
7.45446490 -1   
7.45570938 -1   
7.45722704 -1   
7.45870747 -1   
7.45995869 -1   
7.46145679 -1   
7.46270644 -1   
7.46420309 -1   
7.46570719 -1   
7.46695195 -1   
7.48270157 -1   
7.48421625 -1   
7.48544575 -1   
7.48694163 -1   
7.48819008 -1   
7.48968941 -1   
7.49120835 -1   
7.49243932 -1   
7.49360783 1    
7.49394108 -1   
7.49544015 -1   
7.49668532 -1   
7.49818638 -1   
7.51118708 -1   
7.51267628 -1   
7.51392887 -1   
7.52270095 -1   
7.53042278 -1   
7.53191373 -1   
7.53316383 -1   
7.53466717 -1   
7.53594034 -1   
7.54041166 -1   
7.54193573 -1   
7.54318062 -1   
7.56015883 -1   
7.56019695 1    
7.56167482 -1   
7.56291815 -1   
7.56442184 -1   
7.56566955 -1   
7.56714813 -1   
7.56866890 -1   
7.56991694 -1   
7.58264513 -1   
7.58413855 -1   
7.58538562 -1   
7.58690494 -1   
7.58815453 -1   
7.58965419 -1   
7.59113100 -1   
7.59238334 -1   
7.59388236 -1   
7.59540268 -1   
7.59665465 -1   
7.59815690 -1   
7.61087578 -1   
7.61236859 -1   
7.61362143 -1   
7.62087331 -1   
7.62236685 -1   
7.62386757 -1   
7.63013388 -1   
7.63161019 -1   
7.63287939 -1   
7.66886795 -1   
7.66903619 1    
7.67036187 -1   
7.67161004 -1   
7.67835915 -1   
7.67986357 -1   
7.68110438 -1   
7.68260171 -1   
7.68382882 -1   
7.68548161 -1   
7.68685398 -1   
7.68810109 -1   
7.68960112 -1   
7.69082556 -1   
7.69235382 -1   
7.69258020 -1   
7.75080292 -1   
7.75084206 1    
7.75229201 -1   
7.75356432 -1   
7.75507465 -1   
7.75631266 -1   
7.75781016 -1   
7.75931105 -1   
7.76053793 -1   
7.76206162 -1   
7.76355969 -1   
7.76478283 -1   
7.76631009 -1   
7.76753113 -1   
7.76903284 -1   
7.77053219 -1   
7.77178519 -1   
7.77327815 -1   
7.77453154 -1   
7.77604094 -1   
7.77752862 -1   
7.78377435 -1   
7.78395102 1    
7.82052844 -1   
7.82174988 -1   
7.82302748 -1   
7.82452205 -1   
7.82575209 -1   
7.82724635 -1   
7.84601235 -1   
7.84750597 -1   
7.84875804 -1   
7.85023469 -1   
7.85173604 -1   
7.85300265 -1   
7.85599971 -1   
7.91370482 -1   
7.91521871 -1   
7.92346521 -1   
7.92348533 1    
7.92469236 -1   
7.92619088 -1   
7.92743973 -1   
7.92896304 -1   
7.94268867 -1   
7.94417896 -1   
7.94568204 -1   
7.94692721 -1   
7.95267841 -1   
7.95417435 -1   
7.95547392 -1   
7.95694296 -1   
7.95820131 -1   
7.98191780 -1   
7.98341034 -1   
7.98465518 -1   
7.98615562 -1   
7.98767675 -1   
7.98892824 -1   
8.01664328 -1   
8.01789129 -1   
8.01938536 -1   
8.02063817 -1   
8.02216032 -1   
8.04637898 -1   
8.04786892 -1   
8.04912295 -1   
8.05061915 -1   
8.05187064 -1   
8.05336595 -1   
8.05888330 -1   
8.05898959 1    
8.06686612 -1   
8.06836055 -1   
8.07785883 -1   
8.08785502 -1   
8.08935173 -1   
8.09085022 -1   
8.09209697 -1   
8.09359355 -1   
8.09509345 -1   
8.10583788 -1   
8.10585892 1    
8.11408955 -1   
8.11557935 -1   
8.11567503 1    
8.11683252 -1   
8.11833107 -1   
8.11983197 -1   
8.12108045 -1   
8.12258634 -1   
8.14782296 -1   
8.14931087 -1   
8.15056156 -1   
8.15206537 -1   
8.15331391 -1   
8.17283187 -1   
8.17432144 -1   
8.17582292 -1   
8.17704647 -1   
8.18279575 -1   
8.18429177 -1   
8.20381430 -1   
8.20505541 -1   
8.20655887 -1   
8.20777792 -1   
8.20928195 -1   
8.21305166 -1   
8.21318750 1    
8.21455501 -1   
8.21604856 -1   
8.21727924 -1   
8.21877335 -1   
8.22302155 -1   
8.22453952 -1   
8.22476964 -1   
8.25875795 -1   
8.26025238 -1   
8.26149817 -1   
8.26299618 -1   
8.26449728 -1   
8.27904267 1    
8.28774085 -1   
8.28925494 -1   
8.29048601 -1   
8.29198205 -1   
8.29348024 -1   
8.29473047 -1   
8.29624754 -1   
8.29749238 -1   
8.29897926 -1   
8.30047552 -1   
8.30173119 -1   
8.31572316 -1   
8.31696876 -1   
8.31846590 -1   
8.31971787 -1   
8.32121307 -1   
8.34446331 -1   
8.34570140 -1   
8.35345071 -1   
8.35469504 -1   
8.35621681 -1   
8.35745907 -1   
8.35894552 -1   
8.36048461 -1   
8.37269263 -1   
8.37418549 -1   
8.37544838 -1   
8.39368187 -1   
8.39518022 -1   
8.39642004 -1   
8.39792309 -1   
8.39941930 -1   
8.40067173 -1   
8.40217092 -1   
8.40341698 -1   
8.40493918 -1   
8.40506639 1    
8.41367099 -1   
8.41516142 -1   
8.41666045 -1   
8.41792811 -1   
8.41944153 -1   
8.42465687 -1   
8.42615855 -1   
8.43515547 -1   
8.43640090 -1   
8.45439411 -1   
8.45442988 1    
8.45588933 -1   
8.45713601 -1   
8.45863483 -1   
8.45988658 -1   
8.48662781 -1   
8.48788467 -1   
8.48938541 -1   
8.51188586 -1   
8.51337604 -1   
8.51460381 -1   
8.51613079 -1   
8.51760274 -1   
8.52188680 -1   
8.52334771 -1   
8.52487359 -1   
8.52611880 -1   
8.52759708 -1   
8.52909498 -1   
8.55383996 -1   
8.55398616 1    
8.55533271 -1   
8.55682969 -1   
8.55808199 -1   
8.55957652 -1   
8.56107676 -1   
8.56232587 -1   
8.56382737 -1   
8.56507361 -1   
8.57832854 -1   
8.57981810 -1   
8.58106466 -1   
8.58256559 -1   
8.58381598 -1   
8.58531236 -1   
8.58696845 -1   
8.60631423 -1   
8.60757326 -1   
8.60907988 -1   
8.61029937 -1   
8.61179881 -1   
8.61330015 -1   
8.63906316 -1   
8.63910230 1    
8.64055526 -1   
8.64178056 -1   
8.64328284 -1   
8.64602793 -1   
8.64752577 -1   
8.67404405 -1   
8.67551553 -1   
8.67676046 -1   
8.67826528 -1   
8.68475700 -1   
8.68627977 -1   
8.68775475 -1   
8.68902608 -1   
8.69050305 -1   
8.71224868 -1   
8.71373862 -1   
8.71498888 -1   
8.71650087 -1   
8.71773705 -1   
8.71923516 -1   
8.72073749 -1   
8.72198710 -1   
8.74772875 -1   
8.74896789 -1   
8.75046931 -1   
8.75171740 -1   
8.75324026 -1   
8.75948185 -1   
8.76071549 -1   
8.76221149 -1   
8.76834898 -1   
8.77870510 -1   
8.77994985 -1   
8.78144824 -1   
8.78270155 -1   
8.78419829 -1   
8.78570060 -1   
8.78578978 1    
8.78695026 -1   
8.78846540 -1   
8.81469108 -1   
8.81472855 1    
8.81618213 -1   
8.81743047 -1   
8.81893124 -1   
8.82044305 -1   
8.82168103 -1   
8.82319518 -1   
8.84067016 -1   
8.84218795 -1   
8.84366820 -1   
8.84493620 -1   
8.84643684 -1   
8.85066258 -1   
8.86066146 -1   
8.86190546 -1   
8.88165035 -1   
8.88314250 -1   
8.88464415 -1   
8.89241267 -1   
8.89389053 -1   
8.89513539 -1   
8.89663322 -1   
8.89788445 -1   
8.91163425 -1   
8.91312392 -1   
8.91462599 -1   
8.91587133 -1   
8.91737497 -1   
8.91888721 -1   
8.92214063 -1   
8.92361915 -1   
8.92489491 -1   
8.94023565 -1   
8.95338304 -1   
8.95488048 -1   
8.95612397 -1   
8.95759875 -1   
8.95886985 -1   
8.96212146 -1   
8.96336965 -1   
8.97834249 -1   
8.97847570 1    
8.97985489 -1   
8.98110259 -1   
8.98260563 -1   
8.98261696 1    
8.98385917 -1   
8.98533352 -1   
8.98685713 -1   
8.98810174 -1   
8.99633201 -1   
8.99759818 -1   
8.99909978 -1   
9.01434724 -1   
9.01559583 -1   
9.01708986 -1   
9.01831848 -1   
9.01983868 -1   
9.02133629 -1   
9.02383644 -1   
9.03433203 -1   
9.03582880 -1   
9.04557161 -1   
9.04679754 -1   
9.04832714 -1   
9.04957084 -1   
9.05105199 -1   
9.05504579 -1   
9.05654587 -1   
9.07405894 -1   
9.07555410 -1   
9.07678047 -1   
9.07829976 -1   
9.07977975 -1   
9.08356201 -1   
9.08504720 -1   
9.08629984 -1   
9.08779558 -1   
9.08787536 1    
9.08905194 -1   
9.10269210 -1   
9.11476778 -1   
9.11628212 -1   
9.11776024 -1   
9.11902689 -1   
9.12052953 -1   
9.12202686 -1   
9.14329341 1    
9.14649616 -1   
9.14801490 -1   
9.14926754 -1   
9.15073812 -1   
9.15201055 -1   
9.15352435 -1   
9.15601030 -1   
9.15750830 -1   
9.15873638 -1   
9.16023296 -1   
9.16173266 -1   
9.16300317 -1   
9.17424906 -1   
9.17572602 -1   
9.17697634 -1   
9.17847359 -1   
9.19199385 -1   
9.19346462 -1   
9.19496391 -1   
9.19508168 1    
9.19623801 -1   
9.19771401 -1   
9.21446202 -1   
9.21595101 -1   
9.21745029 -1   
9.21870166 -1   
9.22022835 -1   
9.24494207 -1   
9.24646044 -1   
9.26509503 -1   
9.29116682 -1   
9.29240743 -1   
9.29390965 -1   
9.29517364 -1   
9.29665780 -1   
9.29815757 -1   
9.29940531 -1   
9.30090320 -1   
9.30215494 -1   
9.30365123 -1   
9.30542090 -1   
9.30640064 -1   
9.30792519 -1   
9.30939786 -1   
9.31064962 -1   
9.31214604 -1   
9.32239974 -1   
9.32243685 1    
9.32391265 -1   
9.32515927 -1   
9.32664246 -1   
9.32788759 -1   
9.33464577 -1   
9.35189516 -1   
9.35337314 -1   
9.35462202 -1   
9.35612458 -1   
9.35839211 -1   
9.35962291 -1   
9.36111968 -1   
9.36237264 -1   
9.36388850 -1   
9.37861420 -1   
9.39435776 -1   
9.39585352 -1   
9.40409945 -1   
9.40536184 -1   
9.40685348 -1   
9.40809349 -1   
9.40958963 -1   
9.41411068 -1   
9.41558745 -1   
9.42804628 -1   
9.43458239 -1   
9.44433439 -1   
9.44583764 -1   
9.44709153 -1   
9.45407456 -1   
9.45557126 -1   
9.45681434 -1   
9.45832002 -1   
9.45843476 1    
9.45981390 -1   
9.46106205 -1   
9.47756415 -1   
9.47880608 -1   
9.48805509 -1   
9.48954786 -1   
9.49080091 -1   
9.50929214 -1   
9.50932887 1    
9.51053611 -1   
9.51978664 -1   
9.52102778 -1   
9.52253089 -1   
9.52378202 -1   
9.52977436 -1   
9.53102252 -1   
9.53251811 -1   
9.53952110 -1   
9.54676651 -1   
9.54801195 -1   
9.54950930 -1   
9.56501007 -1   
9.56650016 -1   
9.56775524 -1   
9.56924799 -1   
9.57077461 -1   
9.57891802 1    
9.58674975 -1   
9.58799422 -1   
9.58949399 -1   
9.59074093 -1   
9.59225449 -1   
9.59373612 -1   
9.59498402 -1   
9.59648325 -1   
9.59685718 -1   
9.60722787 -1   
9.60850136 -1   
9.61672809 -1   
9.61787480 1    
9.61797380 -1   
9.61946914 -1   
9.62672140 -1   
9.62823651 -1   
9.62949006 -1   
9.66272552 -1   
9.66421578 -1   
9.66546472 -1   
9.68621270 -1   
9.68625129 1    
9.68770903 -1   
9.68895654 -1   
9.69045594 -1   
9.69167896 -1   
9.69318140 -1   
9.69469988 -1   
9.69595359 -1   
9.69744232 -1   
9.69869664 -1   
9.70017388 -1   
9.70169776 -1   
9.70694644 -1   
9.70844683 -1   
9.70966983 -1   
9.71644205 -1   
9.71791615 -1   
9.75467850 -1   
9.76764357 -1   
9.76913719 -1   
9.77040086 -1   
9.77190685 -1   
9.77340909 -1   
9.77465311 -1   
9.77614685 -1   
9.77616223 -1   
9.77763275 -1   
9.77914733 -1   
9.78064410 -1   
9.78189759 -1   
9.78337458 -1   
9.78658599 1    
9.81112153 -1   
9.82660824 -1   
9.82812652 -1   
9.82937204 -1   
9.83087610 -1   
9.83237256 -1   
9.83362527 -1   
9.83636022 -1   
9.83787123 -1   
9.83912161 -1   
9.84062930 -1   
9.84634633 -1   
9.84759008 -1   
9.84911487 -1   
9.86508720 -1   
9.86512969 1    
9.86658340 -1   
9.86782855 -1   
9.86932984 -1   
9.87534868 -1   
9.87684713 -1   
9.87832523 -1   
9.89532116 -1   
9.89681022 -1   
9.89806486 -1   
9.89955929 -1   
9.90255950 -1   
9.91855191 -1   
9.92007503 -1   
9.93969663 -1   
9.94253836 -1   
9.94403555 -1   
9.97902425 -1   
9.98051164 -1   
9.98176240 -1   
9.98326058 -1   
9.98476335 -1   
9.98603217 -1   
9.98753369 -1   
9.98870010 1    
9.98875754 -1   
9.99028279 -1   
9.99825731 -1   
10.03748927 -1   
10.03752619 1    
10.03900858 -1   
10.04025421 -1   
10.04175453 -1   
10.04297707 -1   
10.04447819 -1   
10.04597636 -1   
10.04722713 -1   
10.04872263 -1   
10.07796129 -1   
10.07945592 -1   
10.08070729 -1   
10.08220736 -1   
10.08370388 -1   
10.10265033 -1   
10.10721976 -1   
10.10846297 -1   
10.10994444 -1   
10.11894141 -1   
10.12045182 -1   
10.19821997 1    
10.21863574 -1   
10.22065089 -1   
10.22215133 -1   
10.26391770 -1   
10.28012426 -1   
10.28134327 -1   
10.31708218 -1   
10.31832206 -1   
10.31984634 -1   
10.39053782 -1   
10.39057652 1    
10.42672240 -1   
10.56130412 1    
10.64307679 1    
10.69892872 1    
11.05842931 -1   
11.05965077 -1   
11.06031659 -1   
11.06061462 1    
11.09013697 -1   
11.09165083 -1   
11.09287787 -1   
11.09439875 -1   
11.09565105 -1   
11.12011804 -1   
11.12138731 -1   
11.12288482 -1   
11.12413536 -1   
11.12560740 -1   
11.12712787 -1   
11.14611845 -1   
11.14762058 -1   
11.15436339 -1   
11.15561402 -1   
11.15709016 -1   
11.18460161 -1   
11.19457072 -1   
11.19606998 -1   
11.19731638 -1   
11.19882040 -1   
11.20031583 -1   
11.20156654 -1   
11.20306205 -1   
11.22165954 -1   
11.22209521 1    
11.22557363 -1   
11.22680233 -1   
11.24679787 -1   
11.24828720 -1   
11.24954058 -1   
11.25675461 1    
11.25703636 -1   
11.25856209 -1   
11.28677499 -1   
11.28826547 -1   
11.28951670 -1   
11.29103211 -1   
11.29253179 -1   
11.29376441 -1   
11.31450890 -1   
11.31574957 -1   
11.31725200 -1   
11.31874917 -1   
11.32002206 -1   
11.32149459 -1   
11.32274392 -1   
11.32424465 -1   
11.33300208 -1   
11.34274050 -1   
11.34423613 -1   
11.35523410 -1   
11.35647959 -1   
11.35797679 -1   
11.36472537 -1   
11.36622063 -1   
11.38423490 -1   
11.38545992 -1   
11.38696131 -1   
11.38820743 -1   
11.38971109 -1   
11.39120572 -1   
11.39245438 -1   
11.39395573 -1   
11.39420667 -1   
11.39421999 1    
11.41646991 -1   
11.41769218 -1   
11.41920588 -1   
11.42068972 -1   
11.43618756 -1   
11.43742864 -1   
11.43893037 -1   
11.44017786 -1   
11.44168074 -1   
11.45517345 -1   
11.45666817 -1   
11.45791802 -1   
11.46492151 -1   
11.46641431 -1   
11.46766450 -1   
11.54512896 -1   
11.54636740 -1   
11.55885221 -1   
11.55887966 1    
11.57438231 -1   
11.57587238 -1   
11.58635543 -1   
11.58759125 -1   
11.58909374 -1   
11.59036466 -1   
11.59186171 -1   
11.59336093 -1   
11.59461303 -1   
11.59611000 -1   
11.61434022 -1   
11.61557827 -1   
11.61707616 -1   
11.61834855 -1   
11.61985309 -1   
11.62134740 -1   
11.62259979 -1   
11.62409470 -1   
11.64981845 -1   
11.65130835 -1   
11.65480909 -1   
11.65632897 -1   
11.65758817 -1   
11.65908069 -1   
11.66055388 -1   
11.67281534 -1   
11.67431714 -1   
11.67556500 -1   
11.67704628 -1   
11.67854162 -1   
11.67979182 -1   
11.68706209 -1   
11.68716421 1    
11.68856438 -1   
11.68978577 -1   
11.71502972 -1   
11.71652018 -1   
11.71777125 -1   
11.72206126 -1   
11.72207011 1    
11.74375596 -1   
11.74525386 -1   
11.74675621 -1   
11.74800153 -1   
11.74950490 -1   
11.75100103 -1   
11.75225081 -1   
11.75374835 -1   
11.75499744 -1   
11.75651599 -1   
11.75799913 -1   
11.76277162 -1   
11.77201310 -1   
11.77351068 -1   
11.77473911 -1   
11.80249732 -1   
11.84045330 -1   
11.84194896 -1   
11.84319797 -1   
11.85921395 -1   
11.86069035 -1   
11.88070325 -1   
11.88085235 1    
11.88220288 -1   
11.88367317 -1   
11.88486717 -1   
11.88488339 1    
11.89069540 -1   
11.89194159 -1   
11.90067095 -1   
11.90218688 -1   
11.90343920 -1   
11.91043286 -1   
11.91193133 -1   
11.91317787 -1   
11.91468569 -1   
11.91592559 -1   
11.91742439 -1   
11.93314828 -1   
11.93467183 -1   
11.93591558 -1   
11.94292384 -1   
11.94440994 -1   
11.94566330 -1   
11.96365339 -1   
11.97364840 -1   
11.97514623 -1   
11.97639654 -1   
11.97789284 -1   
11.97939566 -1   
11.98063870 -1   
11.98214245 -1   
12.00288514 -1   
12.00412530 -1   
12.00562536 -1   
12.00687955 -1   
12.00835255 -1   
12.01387425 -1   
12.02336539 -1   
12.02345182 1    
12.02487388 -1   
12.03411307 -1   
12.03536389 -1   
12.03686114 -1   
12.04359217 -1   
12.04615892 -1   
12.04618648 1    
12.06234930 -1   
12.06359549 -1   
12.06509372 -1   
12.06634492 -1   
12.06784430 -1   
12.06934011 -1   
12.07059042 -1   
12.09882665 -1   
12.10005215 -1   
12.10157093 -1   
12.10279654 -1   
12.10432176 -1   
12.10683735 -1   
12.10831831 -1   
12.11706686 -1   
12.11831185 -1   
12.12653729 -1   
12.12778433 -1   
12.12930674 -1   
12.13455389 -1   
12.13578244 -1   
12.15479060 -1   
12.15629204 -1   
12.15751695 -1   
12.15904165 -1   
12.16053202 -1   
12.18228172 -1   
12.18377287 -1   
12.18502511 -1   
12.18652259 -1   
12.18775101 -1   
12.20101984 -1   
12.20114756 1    
12.20226754 -1   
12.20376599 -1   
12.20501698 -1   
12.20651500 -1   
12.20801474 -1   
12.20925823 -1   
12.20948798 -1   
12.20949780 1    
12.21098834 -1   
12.21250677 -1   
12.24149085 -1   
12.28570014 -1   
12.28696169 -1   
12.28844065 -1   
12.28969963 -1   
12.29119195 -1   
12.29269256 -1   
12.29394286 -1   
12.29544016 -1   
12.29668708 -1   
12.32867871 -1   
12.32993793 -1   
12.33144186 -1   
12.33266912 -1   
12.33416956 -1   
12.33566528 -1   
12.33693330 -1   
12.33843871 -1   
12.33966635 -1   
12.34116138 -1   
12.34266019 -1   
12.34390983 -1   
12.34542814 -1   
12.34666016 -1   
12.34816117 -1   
12.36243030 -1   
12.36260893 1    
12.36365145 -1   
12.36515866 -1   
12.36665014 -1   
12.37151520 -1   
12.37153465 1    
12.38191687 -1   
12.38313953 -1   
12.39813967 -1   
12.39962787 -1   
12.40087873 -1   
12.40237842 -1   
12.40362960 -1   
12.40515389 -1   
12.42612169 -1   
12.42761185 -1   
12.42888926 -1   
12.43038845 -1   
12.43161132 -1   
12.43311054 -1   
12.43461135 -1   
12.45711774 -1   
12.45836931 -1   
12.45984394 -1   
12.46112193 -1   
12.46259264 -1   
12.46410770 -1   
12.46536190 -1   
12.46686817 -1   
12.46833792 -1   
12.46958954 -1   
12.49609995 -1   
12.49734618 -1   
12.49882154 -1   
12.50007045 -1   
12.50158139 -1   
12.53033075 -1   
12.53182492 -1   
12.53332542 -1   
12.53482468 -1   
12.53493800 1    
12.53580629 -1   
12.53757178 -1   
12.53758679 -1   
12.53759389 1    
12.54207177 -1   
12.54331857 -1   
12.56303837 -1   
12.56428564 -1   
12.56578478 -1   
12.56705640 -1   
12.56855945 -1   
12.57005600 -1   
12.57130681 -1   
12.57280453 -1   
12.59252040 -1   
12.59401687 -1   
12.59528998 -1   
12.59678739 -1   
12.59803986 -1   
12.59951331 -1   
12.60103519 -1   
12.60228374 -1   
12.62277291 -1   
12.62402280 -1   
12.62553720 -1   
12.62674901 -1   
12.62824862 -1   
12.62974665 -1   
12.63099757 -1   
12.63249425 -1   
12.63374464 -1   
12.63526711 -1   
12.66023398 -1   
12.66172792 -1   
12.66300373 -1   
12.66447691 -1   
12.66572881 -1   
12.70011047 -1   
12.70014227 1    
12.74293947 -1   
12.74445051 -1   
12.74568304 -1   
12.74720047 -1   
12.74870575 -1   
12.74994953 -1   
12.75142614 -1   
12.75294551 -1   
12.75445045 -1   
12.75567447 -1   
12.75719747 -1   
12.75844488 -1   
12.75992405 -1   
12.76141975 -1   
12.76269556 -1   
12.76419344 -1   
12.76542103 -1   
12.76694472 -1   
12.76844385 -1   
12.76968801 -1   
12.77119160 -1   
12.77443844 -1   
12.77568636 -1   
12.77718238 -1   
12.77836637 1    
12.78418281 -1   
12.78542285 -1   
12.80117829 -1   
12.81116558 -1   
12.81239187 -1   
12.81391233 -1   
12.82066252 -1   
12.82190880 -1   
12.82340828 -1   
12.83040790 -1   
12.83190404 -1   
12.83312878 -1   
12.83462955 -1   
12.83612773 -1   
12.85863960 -1   
12.86013645 -1   
12.86138668 -1   
12.86288459 -1   
12.86436234 -1   
12.86561074 -1   
12.86713537 -1   
12.86838119 -1   
12.86988496 -1   
12.87137839 -1   
12.87263184 -1   
12.87286031 -1   
12.87287199 1    
12.88837323 -1   
12.88962160 -1   
12.89112320 -1   
12.89261987 -1   
12.89388612 -1   
12.91010909 -1   
12.91158692 -1   
12.92032968 -1   
12.92182903 -1   
12.92307709 -1   
12.93059919 -1   
12.93182394 -1   
12.93334671 -1   
12.93459479 -1   
12.93609478 -1   
12.93757537 -1   
12.95158259 -1   
12.95281093 -1   
12.95433455 -1   
12.95558001 -1   
12.95709974 -1   
12.95858133 -1   
12.95980980 -1   
12.96132909 -1   
12.98679606 -1   
12.98694588 1    
12.98832013 -1   
12.98956732 -1   
12.99104242 -1   
12.99253908 -1   
12.99379164 -1   
12.99530770 -1   
12.99678620 -1   
12.99805751 -1   
12.99953778 -1   
13.00078246 -1   
13.00230643 -1   
13.02754723 -1   
13.02903926 -1   
13.03028931 -1   
13.03178959 -1   
13.03328582 -1   
13.03454309 -1   
13.03603638 -1   
13.03753211 -1   
13.03901245 -1   
13.03926295 -1   
13.03927403 1    
13.04776590 -1   
13.05852654 -1   
13.06000269 -1   
13.06127303 -1   
13.06275313 -1   
13.06402297 -1   
13.06877182 -1   
13.07826357 -1   
13.07951573 -1   
13.08101199 -1   
13.08773837 -1   
13.08925715 -1   
13.09075834 -1   
13.09200151 -1   
13.09350261 -1   
13.09500164 -1   
13.10749838 -1   
13.10899192 -1   
13.11897322 -1   
13.12046537 -1   
13.12173932 -1   
13.12323408 -1   
13.12598688 -1   
13.12748469 -1   
13.12873823 -1   
13.14270412 -1   
13.14397588 -1   
13.14547252 -1   
13.15422132 -1   
13.15571822 -1   
13.15696553 -1   
13.15846865 -1   
13.16469441 -1   
13.16593937 -1   
13.16744012 -1   
13.19018252 -1   
13.19170131 -1   
13.19292350 -1   
13.20202117 -1   
13.20203573 1    
13.21993763 -1   
13.22118254 -1   
13.22268522 -1   
13.22390791 -1   
13.22543243 -1   
13.22692932 -1   
13.22817779 -1   
13.22967703 -1   
13.23092926 -1   
13.23242538 -1   
13.23393054 -1   
13.23517361 -1   
13.23667536 -1   
13.23817519 -1   
13.24617017 -1   
13.24739444 -1   
13.24891622 -1   
13.25016247 -1   
13.25166410 -1   
13.25690970 -1   
13.25841476 -1   
13.27588498 -1   
13.27737549 -1   
13.29812391 -1   
13.29936608 -1   
13.30086387 -1   
13.30213698 -1   
13.30226099 1    
13.30361019 -1   
13.30511087 -1   
13.30636285 -1   
13.30837519 -1   
13.31835896 -1   
13.31960047 -1   
13.32110309 -1   
13.32259914 -1   
13.32384862 -1   
13.32534750 -1   
13.32659982 -1   
13.32809573 -1   
13.35808663 -1   
13.35932998 -1   
13.36083011 -1   
13.36207830 -1   
13.36357534 -1   
13.36507489 -1   
13.36676724 -1   
13.36678389 1    
18.27104188 1    
23.46435346 1    
23.47285448 1    
23.47315134 1    
23.62703085 1    
24.04942318 -1   
