0.00000000 -1   
0.22414131 1    
0.22435387 -1   
0.38575782 -1   
0.42760480 1    
0.59388765 -1   
0.63789611 1    
0.75553512 -1   
0.79955751 1    
0.91719388 -1   
1.11062822 1    
1.11093665 -1   
1.27203261 1    
1.31396231 -1   
1.47451503 1    
1.47534419 -1   
1.63678660 -1   
1.80423292 1    
1.80454688 -1   
1.96733547 1    
1.96834090 -1   
2.13205513 1    
2.13239279 -1   
2.34282330 1    
2.34406872 1    
2.34444923 1    
2.37331091 1    
2.53508709 1    
2.53728924 -1   
2.69892830 -1   
2.92384178 1    
3.09739888 1    
3.09864065 1    
3.13366498 1    
3.16807940 -1   
3.32956878 -1   
3.54114150 1    
3.54263337 1    
3.54301347 1    
3.55337713 1    
3.55462953 1    
3.56387396 1    
3.56537118 1    
3.56661714 1    
3.57411937 1    
3.57561385 1    
3.70605129 1    
3.70753722 1    
3.70879034 1    
3.71028753 1    
3.71653786 1    
3.71663605 -1   
3.71803154 1    
3.71953118 1    
3.72078156 1    
3.72727782 1    
3.72848313 1    
3.72977565 1    
3.73127648 1    
3.73277269 1    
3.73402214 1    
3.73552345 1    
3.73702289 1    
3.73901955 1    
3.74052052 1    
3.74176813 1    
3.74326887 1    
3.90768258 1    
3.90917149 1    
3.91067410 1    
3.91216891 1    
3.91341997 1    
3.91491770 1    
3.91641915 1    
3.91766739 1    
3.91916779 1    
3.91918082 -1   
3.92041698 1    
3.92191580 1    
3.92341264 1    
3.92466242 1    
3.92616531 1    
3.92741104 1    
3.92891241 1    
3.93040973 1    
3.93166001 1    
3.93315777 1    
3.93440786 1    
3.93590558 1    
3.93740939 1    
3.93865421 1    
3.94015620 1    
3.94165351 1    
3.94290535 1    
3.94440089 1    
3.94565000 1    
3.94714898 1    
3.94865178 1    
3.94990011 1    
3.95140314 1    
3.95264706 1    
3.95414912 1    
3.95564455 1    
3.95689394 1    
3.95839583 1    
3.95850754 -1   
3.95964628 1    
3.96114329 1    
3.96264407 1    
4.07258851 1    
4.07407795 1    
4.07558083 1    
4.07682610 1    
4.07832720 1    
4.07957370 1    
4.08107571 1    
4.08146196 1    
4.09155849 -1   
4.12186001 -1   
4.47560612 1    
4.47684832 1    
4.47780344 1    
4.47961799 1    
4.48087255 1    
4.48511564 1    
4.48636958 1    
4.48786673 1    
4.48936714 1    
4.48943030 -1   
4.49061721 1    
4.49211444 1    
4.49361212 1    
4.49485755 1    
4.49635881 1    
4.49760690 1    
4.49910907 1    
4.50060484 1    
4.50285918 1    
4.50410278 1    
4.50560531 1    
4.51285157 1    
4.51435098 1    
4.51557521 1    
4.51710137 1    
4.51857346 1    
4.51985039 1    
4.52134266 1    
4.52259441 1    
4.52409228 1    
4.52557065 1    
4.52681794 1    
4.52832144 1    
4.52956747 1    
4.53032321 -1   
4.55683039 1    
4.64249194 1    
4.69378693 -1   
5.08304155 1    
5.08427055 1    
5.08464842 1    
5.09326767 1    
5.09476840 1    
5.24763669 1    
5.28366513 -1   
5.29253673 -1   
5.44622865 -1   
5.65470500 1    
5.65592072 1    
5.65714853 1    
5.65844562 1    
5.65992076 1    
5.66142075 1    
5.66519139 1    
5.66643716 1    
5.66791832 1    
5.66941589 1    
5.67066835 1    
5.67216448 1    
5.67343119 1    
5.67491190 1    
5.67641515 1    
5.67793141 1    
5.67943007 1    
5.67954311 -1   
5.81936165 1    
5.82059419 1    
5.82210187 1    
5.82360073 1    
5.82484786 1    
5.82632570 1    
5.82642222 -1   
5.82757615 1    
5.82907121 1    
5.83057296 1    
5.83184502 1    
5.83332181 1    
5.83456954 1    
5.83608693 1    
5.83759104 1    
5.83883568 1    
5.84035684 1    
5.84183576 1    
5.84308958 1    
5.84458720 1    
5.84608784 1    
5.84733974 1    
5.84883558 1    
5.85031422 1    
5.85158204 1    
5.85308522 1    
5.85433280 1    
5.85583403 1    
5.85733396 1    
5.85857876 1    
5.86007947 1    
5.86132797 1    
5.86282964 1    
5.86432287 1    
5.86433675 -1   
5.86557057 1    
5.98399428 1    
5.98523249 1    
5.98673501 1    
5.98823252 1    
5.98951235 1    
5.99100436 1    
5.99225000 1    
5.99374484 1    
5.99522782 1    
5.99647608 1    
5.99800282 1    
5.99950315 1    
6.00072312 1    
6.00224490 1    
6.00349797 1    
6.00499592 1    
6.00649447 1    
6.00774145 1    
6.00922861 1    
6.01072007 1    
6.01196725 1    
6.01205367 -1   
6.01347064 1    
6.01471469 1    
6.01621791 1    
6.01771536 1    
6.01896593 1    
6.02046110 1    
6.02171121 1    
6.02320961 1    
6.02473376 1    
6.02596185 1    
6.02747831 1    
6.02897598 1    
6.03023495 1    
6.03172561 1    
6.03295547 1    
6.03447053 1    
6.03597114 1    
6.03722364 1    
6.03872544 1    
6.03995101 1    
6.04147605 1    
6.04294928 1    
6.04422081 1    
6.04571601 1    
6.04722447 1    
6.04847036 1    
6.04997447 1    
6.05119385 1    
6.05271227 1    
6.05421803 1    
6.05546402 1    
6.05696248 1    
6.05821864 1    
6.05969130 1    
6.06121269 1    
6.06246065 1    
6.06257711 -1   
6.06396004 1    
6.06520830 1    
6.06669199 1    
6.06818495 1    
6.06943731 1    
6.07093289 1    
6.07243348 1    
6.07368176 1    
6.07369245 -1   
6.07520673 1    
6.07718165 1    
6.07843150 1    
6.14842573 1    
6.14989062 1    
6.15138938 1    
6.15265335 1    
6.15415871 1    
6.15541092 1    
6.15691186 1    
6.15841292 1    
6.15963583 1    
6.16114910 1    
6.16240319 1    
6.16388041 1    
6.16540660 1    
6.16662931 1    
6.16814572 1    
6.16965362 1    
6.17089965 1    
6.17237603 1    
6.17362957 1    
6.17512444 1    
6.17662426 1    
6.17787386 1    
6.17937492 1    
6.18062179 1    
6.18072197 -1   
6.18212387 1    
6.18364104 1    
6.18486926 1    
6.18636856 1    
6.18761952 1    
6.18911635 1    
6.19061709 1    
6.19186406 1    
6.19336776 1    
6.19461398 1    
6.19611342 1    
6.19761255 1    
6.19886287 1    
6.20035992 1    
6.20161371 1    
6.20312385 1    
6.20463576 1    
6.20586005 1    
6.20735607 1    
6.20860580 1    
6.21010940 1    
6.21160420 1    
6.21285461 1    
6.21438006 1    
6.21562919 1    
6.21710145 1    
6.21860047 1    
6.21984869 1    
6.22136835 1    
6.22284627 1    
6.22412182 1    
6.22561484 1    
6.22684594 1    
6.22835234 1    
6.22984336 1    
6.23110236 1    
6.23124474 -1   
6.23259607 1    
6.23384241 1    
6.23534554 1    
6.23683749 1    
6.23811434 1    
6.23958751 1    
6.24111061 1    
6.24233588 1    
6.24383839 1    
6.24508493 1    
6.24660704 1    
6.24808153 1    
6.24933168 1    
6.25083128 1    
6.25208538 1    
6.25358102 1    
6.25510579 1    
6.25635061 1    
6.25783024 1    
6.25932686 1    
6.25943784 -1   
6.26057853 1    
6.26209899 1    
6.26332705 1    
6.26482163 1    
6.26634844 1    
6.26757224 1    
6.26907023 1    
6.27032141 1    
6.27182118 1    
6.27334093 1    
6.27457143 1    
6.27606619 1    
6.27732220 1    
6.27850031 -1   
6.27881490 1    
6.28033031 1    
6.28158321 1    
6.28306222 1    
6.28456518 1    
6.28581124 1    
6.28739083 1    
6.28855830 1    
6.29005888 1    
6.29157506 1    
6.29280928 1    
6.29430849 1    
6.29555750 1    
6.29705313 1    
6.29857320 1    
6.29980138 1    
6.30130399 1    
6.30255128 1    
6.30405198 1    
6.30555031 1    
6.30680083 1    
6.30831860 1    
6.30955080 1    
6.31104595 1    
6.31254590 1    
6.31379523 1    
6.31529781 1    
6.31654242 1    
6.31804932 1    
6.31954009 1    
6.32079307 1    
6.32229117 1    
6.32353833 1    
6.32503754 1    
6.32505928 -1   
6.32654532 1    
6.32778539 1    
6.32931065 1    
6.33078377 1    
6.33206014 1    
6.33353487 1    
6.33478170 1    
6.33728339 1    
6.33880019 1    
6.34028570 1    
6.34177907 1    
6.34302669 1    
6.34453015 1    
6.34602681 1    
6.34727779 1    
6.34877343 1    
6.35002796 1    
6.35152187 1    
6.35302168 1    
6.35427293 1    
6.35577351 1    
6.35729552 1    
6.35854407 1    
6.36001861 1    
6.36127128 1    
6.36277216 1    
6.36426630 1    
6.36436609 -1   
6.36551920 1    
6.36701444 1    
6.36826591 1    
6.36976361 1    
6.37128600 1    
6.37252786 1    
6.37401127 1    
6.37550847 1    
6.37676281 1    
6.37827568 1    
6.37975853 1    
6.38100539 1    
6.38250496 1    
6.38375603 1    
6.38525711 1    
6.38675260 1    
6.38800341 1    
6.38950055 1    
6.39075240 1    
6.39224847 1    
6.39375018 1    
6.39501172 1    
6.39649785 1    
6.39802644 1    
6.39952005 1    
6.40074631 1    
6.40224615 1    
6.40349384 1    
6.40499450 1    
6.40649193 1    
6.40774373 1    
6.40923944 1    
6.41049263 1    
6.41201836 1    
6.41351085 1    
6.41365065 -1   
6.41475869 1    
6.41623740 1    
6.41749315 1    
6.41898347 1    
6.42050779 1    
6.42177118 1    
6.42325224 1    
6.42447980 1    
6.42598309 1    
6.42748051 1    
6.42873186 1    
6.43024567 1    
6.43150186 1    
6.43297679 1    
6.43447712 1    
6.43597401 1    
6.43725021 1    
6.43874740 1    
6.44024899 1    
6.44149842 1    
6.44297302 1    
6.44424124 1    
6.44574399 1    
6.44724260 1    
6.44849488 1    
6.44996799 1    
6.45124085 1    
6.45273652 1    
6.45424006 1    
6.45548795 1    
6.45699101 1    
6.45846323 1    
6.45971764 1    
6.46122517 1    
6.46247854 1    
6.46395874 1    
6.46545969 1    
6.46670607 1    
6.46820937 1    
6.46930693 -1   
6.46945489 1    
6.47097872 1    
6.47247534 1    
6.47372585 1    
6.47523003 1    
6.47645278 1    
6.47795371 1    
6.47947318 1    
6.48070057 1    
6.48221965 1    
6.48344807 1    
6.48496940 1    
6.48646926 1    
6.48771593 1    
6.48921822 1    
6.49046538 1    
6.49057038 -1   
6.49194410 1    
6.49344322 1    
6.49469439 1    
6.49621181 1    
6.49746575 1    
6.49895967 1    
6.50044122 1    
6.50168640 1    
6.50318496 1    
6.50445741 1    
6.50595994 1    
6.50746156 1    
6.50870828 1    
6.51018272 1    
6.51169873 1    
6.51292943 1    
6.51445600 1    
6.51570601 1    
6.51718164 1    
6.51869311 1    
6.51992943 1    
6.52144753 1    
6.52269914 1    
6.52419636 1    
6.52567591 1    
6.52692379 1    
6.52842381 1    
6.52992057 1    
6.53117179 1    
6.53266929 1    
6.53392167 1    
6.53541660 1    
6.53691585 1    
6.53818781 1    
6.53827563 -1   
6.53968823 1    
6.54093627 1    
6.54243783 1    
6.54391320 1    
6.54518654 1    
6.54668317 1    
6.54818409 1    
6.54943299 1    
6.55091356 1    
6.55217722 1    
6.55368058 1    
6.55517517 1    
6.55643155 1    
6.55792421 1    
6.55915603 1    
6.56066967 1    
6.56217540 1    
6.56367622 1    
6.56493007 1    
6.56642585 1    
6.56765012 1    
6.56914864 1    
6.57066606 1    
6.57191321 1    
6.57342566 1    
6.57489478 1    
6.57616359 1    
6.57766021 1    
6.57891021 1    
6.58040772 1    
6.58189306 1    
6.58314017 1    
6.58466309 1    
6.58478191 -1   
6.58589179 1    
6.58740907 1    
6.58888613 1    
6.59015978 1    
6.59165470 1    
6.59313488 1    
6.59438681 1    
6.59588239 1    
6.59715949 1    
6.59863286 1    
6.60014993 1    
6.60140160 1    
6.60290475 1    
6.60291475 1    
6.60440475 1    
6.60564930 1    
6.60715503 1    
6.60864297 1    
6.60987608 1    
6.61137301 1    
6.61264140 1    
6.61464754 1    
6.61466430 -1   
6.61614583 1    
6.61762085 1    
6.61886863 1    
6.62038457 1    
6.62163751 1    
6.62313798 1    
6.62464062 1    
6.62586590 1    
6.62736804 1    
6.62863033 1    
6.63013743 1    
6.63163461 1    
6.63286491 1    
6.63438526 1    
6.63563532 1    
6.63711042 1    
6.63863230 1    
6.63875808 -1   
6.63985767 1    
6.64138067 1    
6.64285936 1    
6.64410685 1    
6.64562920 1    
6.64687555 1    
6.64837826 1    
6.64987481 1    
6.65110220 1    
6.65260100 1    
6.65385265 1    
6.65536457 1    
6.65687262 1    
6.65811933 1    
6.65960004 1    
6.66111789 1    
6.66236602 1    
6.66386526 1    
6.66511685 1    
6.66659415 1    
6.66809319 1    
6.66934165 1    
6.67084243 1    
6.67211043 1    
6.67360929 1    
6.67510214 1    
6.67633994 1    
6.67783882 1    
6.67936079 1    
6.68060580 1    
6.68210864 1    
6.68334873 1    
6.68483083 1    
6.68634971 1    
6.68760183 1    
6.68910571 1    
6.69025322 -1   
6.69033096 1    
6.69183089 1    
6.69334440 1    
6.69459980 1    
6.69610405 1    
6.69734735 1    
6.69884771 1    
6.70032269 1    
6.70159362 1    
6.70308786 1    
6.70659406 1    
6.70808990 1    
6.70933831 1    
6.71081653 1    
6.71233288 1    
6.71359222 1    
6.71509280 1    
6.71633848 1    
6.71781612 1    
6.71932767 1    
6.72057903 1    
6.72206092 1    
6.72332921 1    
6.72480897 1    
6.72631397 1    
6.72758182 1    
6.72908304 1    
6.73057886 1    
6.73180763 1    
6.73330519 1    
6.73457116 1    
6.73605537 1    
6.73755802 1    
6.73880166 1    
6.73890485 -1   
6.74030406 1    
6.74154975 1    
6.74304965 1    
6.74455016 1    
6.74580243 1    
6.74729728 1    
6.74854818 1    
6.75006002 1    
6.75154634 1    
6.75279375 1    
6.75429271 1    
6.75554117 1    
6.75705829 1    
6.75856245 1    
6.75979222 1    
6.76128945 1    
6.76253928 1    
6.76403446 1    
6.76555761 1    
6.76680797 1    
6.76830791 1    
6.76953445 1    
6.77106047 1    
6.77254825 1    
6.77378501 1    
6.77529524 1    
6.77678144 1    
6.77793373 -1   
6.77829791 1    
6.77955561 1    
6.78105656 1    
6.78255153 1    
6.78377824 1    
6.78527439 1    
6.78677590 1    
6.78802173 1    
6.78952554 1    
6.79077005 1    
6.79227018 1    
6.79376962 1    
6.79504381 1    
6.79653342 1    
6.79804260 1    
6.79928722 1    
6.80077016 1    
6.80205082 1    
6.80353117 1    
6.80503489 1    
6.80513384 -1   
6.80628909 1    
6.80778320 1    
6.80901361 1    
6.81051034 1    
6.81200863 1    
6.81325838 1    
6.81475877 1    
6.81600627 1    
6.81751009 1    
6.81901981 1    
6.82028087 1    
6.82175550 1    
6.82326921 1    
6.82452694 1    
6.82602973 1    
6.82735999 1    
6.82875193 1    
6.83024956 1    
6.83150000 1    
6.83299778 1    
6.83424755 1    
6.83574484 1    
6.83642373 1    
6.83824318 1    
6.83949435 1    
6.84099065 1    
6.84249606 1    
6.84374114 1    
6.84523963 1    
6.84648783 1    
6.84798992 1    
6.84948802 1    
6.85073994 1    
6.85225174 1    
6.85351456 1    
6.85352983 -1   
6.85500926 1    
6.85648401 1    
6.85773712 1    
6.85923397 1    
6.86048449 1    
6.86198088 1    
6.86351184 1    
6.86472866 1    
6.86625616 1    
6.90546090 1    
6.90562186 -1   
6.90672546 1    
6.90822583 1    
6.90945588 1    
6.91095462 1    
6.91247647 1    
6.91372478 1    
6.91522468 1    
6.91672014 1    
6.91795255 1    
6.91944643 1    
6.92071273 1    
6.92221788 1    
6.92371895 1    
6.92494278 1    
6.92644654 1    
6.92769148 1    
6.92921612 1    
6.93071324 1    
6.93193983 1    
6.93344030 1    
6.93496265 1    
6.93621281 1    
6.93771242 1    
6.93893551 1    
6.94046227 1    
6.94195950 1    
6.94318516 1    
6.94470061 1    
6.94595817 1    
6.94745332 1    
6.94895567 1    
6.95018062 1    
6.95169617 1    
6.95317790 1    
6.95444924 1    
6.95592757 1    
6.95719974 1    
6.95869289 1    
6.96019263 1    
6.96144623 1    
6.96256118 -1   
6.96292545 1    
6.96419352 1    
6.96569796 1    
6.96717103 1    
6.96842149 1    
6.96994162 1    
6.97144210 1    
6.97268393 1    
6.97418835 1    
6.97541588 1    
6.97691744 1    
6.97843657 1    
6.97993671 1    
6.98118344 1    
6.98268579 1    
6.98418098 1    
6.98543194 1    
6.98693342 1    
6.98818115 1    
6.98968036 1    
6.99117574 1    
6.99241027 1    
6.99390962 1    
6.99515388 1    
6.99665211 1    
6.99815191 1    
6.99940249 1    
7.00090022 1    
7.00240723 1    
7.00365087 1    
7.00515096 1    
7.00665077 1    
7.00789859 1    
7.00799899 -1   
7.00942698 1    
7.01089824 1    
7.01239822 1    
7.01363846 1    
7.01514534 1    
7.01664358 1    
7.01789481 1    
7.01938912 1    
7.02063821 1    
7.02213815 1    
7.02363994 1    
7.02488589 1    
7.02598104 -1   
7.02639052 1    
7.02763879 1    
7.02915496 1    
7.03065922 1    
7.03190942 1    
7.03340527 1    
7.03463527 1    
7.03614529 1    
7.03764900 1    
7.03889442 1    
7.04039621 1    
7.04187711 1    
7.04312951 1    
7.04462604 1    
7.04587787 1    
7.04737358 1    
7.04887602 1    
7.05012399 1    
7.05162078 1    
7.05286991 1    
7.05287817 -1   
7.05437282 1    
7.05586655 1    
7.05711872 1    
7.05861743 1    
7.06011981 1    
7.09335636 1    
7.09356853 -1   
7.09484972 1    
7.09634518 1    
7.09759835 1    
7.09909479 1    
7.10034630 1    
7.10184421 1    
7.10336876 1    
7.10459121 1    
7.10612024 1    
7.10736454 1    
7.10886231 1    
7.11034223 1    
7.11409082 1    
7.11558407 1    
7.11683643 1    
7.13210269 1    
7.14134679 1    
7.14282026 1    
7.14432203 1    
7.14556829 1    
7.14708640 1    
7.14833979 1    
7.15283898 1    
7.15408822 1    
7.15559104 1    
7.15708657 1    
7.15831320 1    
7.15981021 1    
7.16107773 1    
7.16257643 1    
7.16405664 1    
7.16533155 1    
7.16681033 1    
7.17678499 1    
7.19255197 1    
7.19378970 1    
7.19529042 1    
7.19539251 -1   
7.19678788 1    
7.19803975 1    
7.20103942 1    
7.20228650 1    
7.20378728 1    
7.20528425 1    
7.20655702 1    
7.20807026 1    
7.20953336 1    
7.21078165 1    
7.21228295 1    
7.21352918 1    
7.21505509 1    
7.21702898 1    
7.21827906 1    
7.24129092 1    
7.24132779 -1   
7.24276298 1    
7.24426567 1    
7.24551534 1    
7.24701162 1    
7.25126374 1    
7.25275648 1    
7.25425939 1    
7.26100776 1    
7.26250328 1    
7.34020422 1    
7.40224268 -1   
7.44940269 1    
7.45064338 1    
7.46863969 1    
7.47013267 1    
7.47163196 1    
7.50171820 1    
7.50786433 1    
7.50911016 1    
7.51711757 1    
7.51860716 1    
7.64184829 -1   
7.66335978 1    
7.70883712 -1   
7.80594506 -1   
7.84573568 -1   
8.10503362 1    
8.10528003 1    
8.10558097 -1   
8.11727054 1    
8.11851187 1    
8.12001011 1    
8.12151046 1    
8.12276217 1    
8.12725673 1    
8.12850736 1    
8.13000550 1    
8.13150627 1    
8.13275387 1    
8.13425273 1    
8.13550073 1    
8.13700390 1    
8.13850040 1    
8.13975288 1    
8.14126120 1    
8.14274670 1    
8.14399664 1    
8.14550027 1    
8.14699664 1    
8.14827271 1    
8.14999357 1    
8.15124598 1    
8.15275458 1    
8.15424392 1    
8.18822919 1    
8.18947387 1    
8.22471035 1    
8.22511515 -1   
8.22595326 1    
8.22744835 1    
8.22895075 1    
8.23019860 1    
8.23169660 1    
8.23769494 1    
8.23919556 1    
8.24044172 1    
8.24194409 1    
8.24344082 1    
8.24469503 1    
8.24619141 1    
8.24743880 1    
8.24893619 1    
8.25043770 1    
8.25168450 1    
8.25318592 1    
8.25443501 1    
8.25593509 1    
8.25743268 1    
8.25868005 1    
8.26018521 1    
8.26168891 1    
8.26292953 1    
8.26442982 1    
8.26567927 1    
8.26717969 1    
8.26867485 1    
8.26992682 1    
8.27142509 1    
8.27268013 1    
8.27417488 1    
8.27567383 1    
8.27692044 1    
8.27706567 -1   
8.27842302 1    
8.27991936 1    
8.28117036 1    
8.28266776 1    
8.28391954 1    
8.28541624 1    
8.28691838 1    
8.28817226 1    
8.28966325 1    
8.29091240 1    
8.29129265 1    
8.29316488 1    
8.29319450 -1   
8.29466502 1    
8.29590932 1    
8.29741237 1    
8.33938761 1    
8.45641660 1    
8.47356959 1    
8.47480755 1    
8.47631160 1    
8.47780778 1    
8.47905879 1    
8.48055354 1    
8.48180576 1    
8.48330286 1    
8.48480708 1    
8.48605112 1    
8.48755446 1    
8.48879916 1    
8.49030261 1    
8.49179749 1    
8.49304924 1    
8.49454792 1    
8.49604983 1    
8.49616343 -1   
8.49729602 1    
8.49879281 1    
8.50004550 1    
8.50154193 1    
8.50304197 1    
8.50428992 1    
8.50579292 1    
8.50703805 1    
8.50854059 1    
8.51003925 1    
8.51128930 1    
8.51278586 1    
8.51428551 1    
8.51553329 1    
8.51703620 1    
8.51828337 1    
8.51978365 1    
8.52128186 1    
8.52253257 1    
8.52402868 1    
8.52527769 1    
8.52677681 1    
8.52828071 1    
8.52952827 1    
8.53103016 1    
8.53252371 1    
8.53377708 1    
8.53527310 1    
8.53652212 1    
8.53802189 1    
8.53952358 1    
8.54076914 1    
8.54227180 1    
8.54351687 1    
8.54501898 1    
8.54651634 1    
8.54776442 1    
8.54786707 -1   
8.54926861 1    
8.55051277 1    
8.58974810 1    
8.59099141 1    
8.59249036 1    
8.59399076 1    
8.59524052 1    
8.59973693 1    
8.60098676 1    
8.60248492 1    
8.60398522 1    
8.60523162 1    
8.60673085 1    
8.60797994 1    
8.60948447 1    
8.61097852 1    
8.61223020 1    
8.61372834 1    
8.61497963 1    
8.61647654 1    
8.61797648 1    
8.61922433 1    
8.62072600 1    
8.62222331 1    
8.62347525 1    
8.62357306 -1   
8.62497376 1    
8.62622199 1    
8.62771965 1    
8.62921883 1    
8.63047070 1    
8.63196635 1    
8.63321851 1    
8.63471540 1    
8.63621961 1    
8.63746471 1    
8.63896299 1    
8.64046195 1    
8.64171526 1    
8.64321071 1    
8.64446308 1    
8.64595986 1    
8.64746077 1    
8.64870761 1    
8.65020761 1    
8.65145672 1    
8.65170815 1    
8.65345837 1    
8.65495655 1    
8.65620278 1    
8.65770505 1    
8.65895177 1    
8.66045204 1    
8.66195145 1    
8.66320166 1    
8.66469798 1    
8.66620238 1    
8.66744669 1    
8.66894838 1    
8.67019644 1    
8.67169344 1    
8.67179154 -1   
8.67319641 1    
8.67444360 1    
8.67594632 1    
8.67719012 1    
8.67869278 1    
8.68018895 1    
8.68143917 1    
8.68293790 1    
8.68443932 1    
8.68568751 1    
8.68718872 1    
8.68843365 1    
8.68993770 1    
8.69143251 1    
8.69268182 1    
8.69418189 1    
8.69543256 1    
8.69692905 1    
8.69843306 1    
8.69967841 1    
8.69977366 -1   
8.70117799 1    
8.70242759 1    
8.70392778 1    
8.70542548 1    
8.70667667 1    
8.70817346 1    
8.70942572 1    
8.71092158 1    
8.71242062 1    
8.71367236 1    
8.71567196 1    
8.71731231 1    
8.71841861 1    
8.71991647 1    
8.72141971 1    
8.72266509 1    
8.72416691 1    
8.72541465 1    
8.72691475 1    
8.72841116 1    
8.72966167 1    
8.73116062 1    
8.73241253 1    
8.73391096 1    
8.73548546 1    
8.73740698 1    
8.73890885 1    
8.74015546 1    
8.74165765 1    
8.74290265 1    
8.74440314 1    
8.74590349 1    
8.74715347 1    
8.74864997 1    
8.74876753 -1   
8.75015383 1    
8.75140079 1    
8.75289759 1    
8.75414955 1    
8.75564999 1    
8.75714549 1    
8.75839663 1    
8.75989283 1    
8.76114640 1    
8.76116172 -1   
8.76264182 1    
8.76414511 1    
8.76539590 1    
8.76689244 1    
8.76838916 1    
8.76964173 1    
8.77113996 1    
8.77263908 1    
8.77388693 1    
8.77539120 1    
8.77688799 1    
8.77813711 1    
8.77963220 1    
8.78088484 1    
8.78238356 1    
8.78388284 1    
8.78513087 1    
8.78663192 1    
8.78787982 1    
8.78938042 1    
8.79087555 1    
8.79212783 1    
8.79362746 1    
8.79512558 1    
8.79637223 1    
8.79787509 1    
8.79912353 1    
8.80062359 1    
8.80212066 1    
8.80337292 1    
8.80487004 1    
8.80612180 1    
8.80761588 1    
8.80911840 1    
8.81036736 1    
8.81186627 1    
8.81336485 1    
8.81461494 1    
8.81611570 1    
8.81736594 1    
8.81885958 1    
8.82036155 1    
8.82161186 1    
8.82310975 1    
8.82435668 1    
8.82586006 1    
8.82735750 1    
8.82860806 1    
8.83010377 1    
8.83160523 1    
8.83285421 1    
8.83435463 1    
8.83559974 1    
8.83710282 1    
8.83860114 1    
8.83985475 1    
8.84134776 1    
8.84259770 1    
8.84409870 1    
8.84560009 1    
8.84684493 1    
8.84834553 1    
8.84959670 1    
8.85109444 1    
8.85259222 1    
8.85384379 1    
8.85534258 1    
8.85659102 1    
8.85808812 1    
8.85959042 1    
8.86083908 1    
8.86233879 1    
8.86358408 1    
8.86508630 1    
8.86658453 1    
8.86783534 1    
8.86933162 1    
8.87058257 1    
8.87208156 1    
8.87358189 1    
8.87482764 1    
8.87633011 1    
8.87757946 1    
8.87907793 1    
8.88057439 1    
8.88182815 1    
8.88332584 1    
8.88482483 1    
8.88611258 1    
8.88807271 1    
8.88932039 1    
8.89082162 1    
8.89232028 1    
8.89357129 1    
8.89506744 1    
8.89631802 1    
8.89781829 1    
8.89931743 1    
8.90056301 1    
8.90206619 1    
8.90331358 1    
8.90481343 1    
8.90630979 1    
8.90756248 1    
8.90906240 1    
8.91056067 1    
8.91180649 1    
8.91330930 1    
8.91455796 1    
8.91605843 1    
8.91755464 1    
8.91880587 1    
8.92030425 1    
8.92155459 1    
8.92305002 1    
8.92455180 1    
8.92580248 1    
8.92730079 1    
8.92854653 1    
8.93005341 1    
8.93154776 1    
8.93279748 1    
8.93429566 1    
8.93554573 1    
8.93704496 1    
8.93854400 1    
8.93979023 1    
8.94129241 1    
8.94255068 1    
8.94404124 1    
8.94553828 1    
8.94678945 1    
8.94829045 1    
8.94953943 1    
8.95103387 1    
8.95253595 1    
8.95378733 1    
8.95528387 1    
8.95653238 1    
8.95803391 1    
8.95953199 1    
8.96078110 1    
8.96228008 1    
8.96377987 1    
8.96502801 1    
8.96652835 1    
8.96777375 1    
8.96927632 1    
8.97077584 1    
8.97202521 1    
8.97352291 1    
8.97477309 1    
8.97627278 1    
8.97777235 1    
8.97901787 1    
8.98052006 1    
8.98202171 1    
8.98326860 1    
8.98476507 1    
8.98626828 1    
8.98751554 1    
8.98901549 1    
8.99026119 1    
8.99051344 1    
8.99253716 1    
8.99282233 -1   
8.99401270 1    
8.99551344 1    
8.99676087 1    
8.99825864 1    
8.99975993 1    
9.00100846 1    
9.00212754 -1   
9.00213940 -1   
9.00241774 -1   
9.00250870 1    
9.00375547 1    
9.00525404 1    
9.00675344 1    
9.00800479 1    
9.00950246 1    
9.01075241 1    
9.01225030 1    
9.01374851 1    
9.01499842 1    
9.01650392 1    
9.01799721 1    
9.01924731 1    
9.02074336 1    
9.02199770 1    
9.02349255 1    
9.02499147 1    
9.02624181 1    
9.02775583 1    
9.02898979 1    
9.03049210 1    
9.03198798 1    
9.03323925 1    
9.03473607 1    
9.03623510 1    
9.03748588 1    
9.03898908 1    
9.04023226 1    
9.04173779 1    
9.04323160 1    
9.04448381 1    
9.04598027 1    
9.04722888 1    
9.04872858 1    
9.05023157 1    
9.05147645 1    
9.05297842 1    
9.05447699 1    
9.05572772 1    
9.05885604 -1   
9.06472281 1    
9.06596910 1    
9.06746974 1    
9.06896695 1    
9.07021810 1    
9.07171443 1    
9.07296623 1    
9.07446477 1    
9.07596312 1    
9.07721204 1    
9.07871347 1    
9.08021119 1    
9.08146276 1    
9.08296034 1    
9.08421051 1    
9.08570872 1    
9.08720586 1    
9.08845529 1    
9.08995804 1    
9.09120389 1    
9.09270650 1    
9.09420294 1    
9.09545418 1    
9.09694988 1    
9.09820206 1    
9.09969994 1    
9.10120105 1    
9.10244653 1    
9.10394945 1    
9.10544652 1    
9.10669678 1    
9.10819337 1    
9.10829559 -1   
9.10944779 1    
9.11094356 1    
9.15869211 1    
9.15871447 -1   
12.38583006 -1   
13.00256941 1    
13.00274039 -1   
16.86210593 -1   
18.56087789 -1   
19.23494426 -1   
19.24462777 -1   
19.24464546 -1   
19.39661028 -1   
19.60164087 1    
23.27984061 -1   
23.49482659 1    
23.49500598 -1   
23.65672365 1    
23.65676821 -1   
23.82148409 1    
23.82152278 -1   
23.98530889 1    
23.98559980 -1   
24.01643749 1    
24.04639803 1    
24.05640737 1    
24.08739596 1    
24.14820211 1    
24.14835590 -1   
24.31112652 1    
24.31156959 -1   
24.37048743 1    
24.38220457 1    
24.38346914 1    
24.47480858 1    
24.47515723 -1   
24.63642873 1    
24.67758636 -1   
24.84528378 1    
24.84558644 -1   
25.00671983 1    
25.04962428 -1   
25.20835171 1    
25.25375044 -1   
25.45934240 1    
25.46060133 1    
25.46096053 1    
25.57352702 1    
25.67260858 1    
25.67482335 -1   
