0.00000000 -1   
3.41671832 1    
3.66007727 -1   
3.66028393 1    
3.82370104 -1   
3.82375529 1    
3.98746913 -1   
3.98751245 1    
4.19521566 1    
4.30220359 -1   
4.35712124 1    
4.50333641 -1   
4.51874968 1    
4.67422038 -1   
4.68165188 1    
4.84412157 -1   
4.84452146 1    
5.06825225 -1   
5.18141405 1    
5.26989615 -1   
5.38826258 1    
5.43153544 -1   
5.63236509 1    
5.82373663 -1   
5.82523032 -1   
5.82617332 -1   
5.82660411 1    
5.86095595 -1   
5.98718056 -1   
6.14889642 -1   
6.14893198 1    
6.59611935 -1   
6.63624295 -1   
6.63749148 -1   
6.79620235 -1   
6.83283449 1    
6.99433997 1    
7.27438206 -1   
7.27564443 -1   
7.27602131 -1   
7.29588556 -1   
7.29738663 -1   
7.31962088 -1   
7.32112294 -1   
7.32237043 -1   
7.32386964 -1   
7.32511174 -1   
7.43906581 -1   
7.44030069 -1   
7.44180417 -1   
7.44329605 -1   
7.44338071 1    
7.45929243 -1   
7.46078887 -1   
7.46204157 -1   
7.46351903 -1   
7.48303323 -1   
7.48427442 -1   
7.48577626 -1   
7.48727442 -1   
7.48850334 -1   
7.49002072 -1   
7.49127273 -1   
7.49277002 -1   
7.49476520 -1   
7.49626861 -1   
7.49776889 -1   
7.49901822 -1   
7.60396038 -1   
7.60545606 -1   
7.60697834 -1   
7.60820334 -1   
7.60970476 -1   
7.61094863 -1   
7.61245398 -1   
7.61395162 -1   
7.61397325 1    
7.62419902 -1   
7.62544327 -1   
7.62694605 -1   
7.62842151 -1   
7.62969488 -1   
7.63119127 -1   
7.63268880 -1   
7.63393827 -1   
7.64768424 -1   
7.64893042 -1   
7.65041297 -1   
7.65192983 -1   
7.65318068 -1   
7.65467773 -1   
7.65590755 -1   
7.65740401 -1   
7.65892519 -1   
7.66017391 -1   
7.66167495 -1   
7.66317232 -1   
7.66442724 -1   
7.66591961 -1   
7.66717260 -1   
7.66866871 -1   
7.67016803 -1   
7.67141733 -1   
7.67291965 -1   
7.67416150 -1   
7.67566807 -1   
7.67715192 -1   
7.67723732 1    
7.67839860 -1   
7.67991453 -1   
7.76884846 -1   
7.77008813 -1   
7.77162509 -1   
7.77308768 -1   
7.77434088 -1   
7.77586052 -1   
7.77708617 -1   
7.77744513 -1   
7.78775759 1    
7.82036311 1    
8.29557811 -1   
8.29705917 -1   
8.29728893 -1   
8.32755166 -1   
8.32902659 -1   
8.33051851 -1   
8.33177138 -1   
8.33326494 -1   
8.33451676 -1   
8.33603711 -1   
8.33614303 1    
8.33754024 -1   
8.33903739 -1   
8.34051618 -1   
8.35526096 -1   
8.35675330 -1   
8.35800851 -1   
8.35950793 -1   
8.36100644 -1   
8.36225362 -1   
8.36375133 -1   
8.36525086 -1   
8.36649883 -1   
8.36802146 -1   
8.36926773 -1   
8.37077105 -1   
8.37226712 -1   
8.37349303 -1   
8.37499559 -1   
8.37649760 -1   
8.37774583 -1   
8.38374225 -1   
8.38501167 -1   
8.38651136 -1   
8.38800735 -1   
8.38906976 1    
8.40773214 -1   
8.48851502 -1   
8.49798616 1    
8.94263718 -1   
8.99941693 -1   
9.00089256 -1   
9.02990083 -1   
9.03139066 -1   
9.14472286 -1   
9.17523299 1    
9.18493452 1    
9.33677032 1    
9.57732919 1    
9.61604475 -1   
9.61728165 -1   
9.61848452 -1   
9.62005446 -1   
9.62130416 -1   
9.63552873 -1   
9.63704809 -1   
9.63829210 -1   
9.64779533 -1   
9.64926395 -1   
9.65079051 -1   
9.65202957 -1   
9.65355899 -1   
9.65503815 -1   
9.65628653 -1   
9.65775832 -1   
9.65927649 -1   
9.73928051 1    
9.78071428 -1   
9.78221195 -1   
9.78370767 -1   
9.78494002 -1   
9.78643949 -1   
9.78793719 -1   
9.78920167 -1   
9.79070143 -1   
9.79868883 -1   
9.80017697 -1   
9.80167866 -1   
9.80292668 -1   
9.80442632 -1   
9.80592393 -1   
9.80717345 -1   
9.80867157 -1   
9.81267788 -1   
9.81392089 -1   
9.81542135 -1   
9.81691797 -1   
9.81817017 -1   
9.81966494 -1   
9.82091524 -1   
9.82241564 -1   
9.82391601 -1   
9.82516192 -1   
9.82666588 -1   
9.82816283 -1   
9.82941304 -1   
9.83091090 -1   
9.83215761 -1   
9.83366076 -1   
9.86289876 -1   
9.86413986 -1   
9.90218513 1    
9.94410511 -1   
9.94534518 -1   
9.94687003 -1   
9.94836337 -1   
9.94961718 -1   
9.95109287 -1   
9.95259264 -1   
9.95383846 -1   
9.95533712 -1   
9.95658697 -1   
9.95808942 -1   
9.95960968 -1   
9.96083914 -1   
9.96233697 -1   
9.96360983 -1   
9.96508275 -1   
9.96658219 -1   
9.96783255 -1   
9.96933248 -1   
9.96939174 1    
9.97083328 -1   
9.97210341 -1   
9.97361499 -1   
9.97484990 -1   
9.97632740 -1   
9.97782530 -1   
9.97907797 -1   
9.98057404 -1   
9.98182533 -1   
9.98332218 -1   
9.98482353 -1   
9.98607007 -1   
9.98757106 -1   
9.98908368 -1   
9.99032264 -1   
9.99184048 -1   
9.99308982 -1   
9.99458969 -1   
9.99608952 -1   
9.99733614 -1   
9.99883596 -1   
10.00008385 -1   
10.00156489 -1   
10.00306087 -1   
10.00431240 -1   
10.00583010 -1   
10.00708428 -1   
10.00857853 -1   
10.01007260 -1   
10.01131033 -1   
10.01282984 -1   
10.01407612 -1   
10.01557794 -1   
10.01707379 -1   
10.01830675 -1   
10.01980559 -1   
10.02105228 -1   
10.02255522 -1   
10.02266632 1    
10.02405474 -1   
10.02529710 -1   
10.02682541 -1   
10.02804670 -1   
10.02954628 -1   
10.03104540 -1   
10.03229563 -1   
10.03530026 -1   
10.03679532 -1   
10.03806329 -1   
10.03956054 -1   
10.10876037 -1   
10.10879667 1    
10.11002460 -1   
10.11150045 -1   
10.11299759 -1   
10.11424523 -1   
10.11577348 -1   
10.11702023 -1   
10.11849896 -1   
10.11999323 -1   
10.12127030 -1   
10.12276783 -1   
10.12426326 -1   
10.12549259 -1   
10.12701771 -1   
10.12824017 -1   
10.12974027 -1   
10.13126306 -1   
10.13248878 -1   
10.13400724 -1   
10.13523452 -1   
10.13673861 -1   
10.13823765 -1   
10.13948588 -1   
10.14098669 -1   
10.14248125 -1   
10.14255200 1    
10.14375159 -1   
10.14523100 -1   
10.14673186 -1   
10.14797595 -1   
10.14947771 -1   
10.15097533 -1   
10.15223122 -1   
10.15374011 -1   
10.15499758 -1   
10.15649764 -1   
10.15799587 -1   
10.15924350 -1   
10.16074964 -1   
10.16196928 -1   
10.16347264 -1   
10.16498914 -1   
10.16623818 -1   
10.16771496 -1   
10.16924029 -1   
10.17046474 -1   
10.17198797 -1   
10.17321322 -1   
10.17472065 -1   
10.17621492 -1   
10.17746018 -1   
10.17896384 -1   
10.18021599 -1   
10.18170853 -1   
10.18321006 -1   
10.18445525 -1   
10.18598149 -1   
10.18747794 -1   
10.18872653 -1   
10.19024146 -1   
10.19145561 -1   
10.19295333 -1   
10.19308445 1    
10.19445542 -1   
10.19570260 -1   
10.19719981 -1   
10.19844959 -1   
10.19995156 -1   
10.20144663 -1   
10.20270218 -1   
10.20419543 -1   
10.20569835 -1   
10.20694596 -1   
10.20844220 -1   
10.20969264 -1   
10.21119792 -1   
10.21269340 -1   
10.21394273 -1   
10.21543908 -1   
10.21671313 -1   
10.21818741 -1   
10.21968556 -1   
10.21977410 1    
10.22096430 -1   
10.22243640 -1   
10.22396097 -1   
10.22520945 -1   
10.22670852 -1   
10.22793227 -1   
10.22943121 -1   
10.23092946 -1   
10.23220750 -1   
10.23370554 -1   
10.23493263 -1   
10.23643011 -1   
10.23793264 -1   
10.23907418 1    
10.23917966 -1   
10.24067961 -1   
10.24192867 -1   
10.24342232 -1   
10.24495257 -1   
10.24617110 -1   
10.24769650 -1   
10.24894522 -1   
10.25044531 -1   
10.25191850 -1   
10.25317251 -1   
10.25468887 -1   
10.25594272 -1   
10.25743689 -1   
10.25894163 -1   
10.26016477 -1   
10.26166259 -1   
10.26291169 -1   
10.26441273 -1   
10.26590792 -1   
10.26716103 -1   
10.26865889 -1   
10.26991449 -1   
10.27140974 -1   
10.27291065 -1   
10.27415880 -1   
10.27566196 -1   
10.27715484 -1   
10.27840779 -1   
10.27990095 -1   
10.28115312 -1   
10.28265170 -1   
10.28414796 -1   
10.28540418 -1   
10.28690052 -1   
10.28816782 -1   
10.28967328 -1   
10.29116733 -1   
10.29241570 -1   
10.29389400 -1   
10.29539631 -1   
10.29664145 -1   
10.29676238 1    
10.29814319 -1   
10.29939101 -1   
10.29939875 1    
10.30089109 -1   
10.30239212 -1   
10.30364125 -1   
10.30514177 -1   
10.30639581 -1   
10.30788886 -1   
10.30938837 -1   
10.31063483 -1   
10.31213616 -1   
10.31363286 -1   
10.31488635 -1   
10.31638031 -1   
10.31763307 -1   
10.31913026 -1   
10.32063048 -1   
10.32187582 -1   
10.32337479 -1   
10.32462466 -1   
10.32612676 -1   
10.32762520 -1   
10.32887804 -1   
10.33037271 -1   
10.33187550 -1   
10.33301739 1    
10.33312045 -1   
10.33462174 -1   
10.33587295 -1   
10.33736836 -1   
10.33887167 -1   
10.34013297 -1   
10.34164225 -1   
10.34289597 -1   
10.34436481 -1   
10.34586498 -1   
10.34711860 -1   
10.34861311 -1   
10.35011621 -1   
10.35136265 -1   
10.35286117 -1   
10.35410917 -1   
10.35563067 -1   
10.35712423 -1   
10.35837691 -1   
10.35987265 -1   
10.36110797 -1   
10.36260695 -1   
10.36412873 -1   
10.36537943 -1   
10.36687525 -1   
10.36835157 -1   
10.36986737 -1   
10.37112134 -1   
10.37262259 -1   
10.37412122 -1   
10.37536857 -1   
10.37686266 -1   
10.37809810 -1   
10.37928145 1    
10.37959662 -1   
10.38109563 -1   
10.38234607 -1   
10.38384050 -1   
10.38509192 -1   
10.38659072 -1   
10.38811491 -1   
10.38936126 -1   
10.39086401 -1   
10.39210876 -1   
10.39359980 -1   
10.39508701 -1   
10.39635935 -1   
10.39785660 -1   
10.39910907 -1   
10.40060582 -1   
10.40210231 -1   
10.40333054 -1   
10.40483127 -1   
10.40607728 -1   
10.40757873 -1   
10.40907530 -1   
10.41033181 -1   
10.41184864 -1   
10.41335024 -1   
10.41459743 -1   
10.41609908 -1   
10.41734478 -1   
10.41882463 -1   
10.42033800 -1   
10.42158982 -1   
10.42308709 -1   
10.42433710 -1   
10.42584031 -1   
10.42732346 -1   
10.42856721 -1   
10.43006451 -1   
10.43156474 -1   
10.43281566 -1   
10.43431221 -1   
10.43547559 1    
10.43556725 -1   
10.43706121 -1   
10.43856418 -1   
10.43980873 -1   
10.44131049 -1   
10.44255765 -1   
10.44405930 -1   
10.44555729 -1   
10.44680617 -1   
10.44830502 -1   
10.44980616 -1   
10.45105308 -1   
10.45255637 -1   
10.45380722 -1   
10.45530707 -1   
10.45680480 -1   
10.45805247 -1   
10.45954842 -1   
10.46080130 -1   
10.46230160 -1   
10.46379912 -1   
10.46504447 -1   
10.46654802 -1   
10.46804428 -1   
10.46929747 -1   
10.47081839 -1   
10.47206593 -1   
10.47356258 -1   
10.47506661 -1   
10.47518161 1    
10.47631801 -1   
10.47778936 -1   
10.47904023 -1   
10.48053783 -1   
10.48203805 -1   
10.48328538 -1   
10.48478692 -1   
10.48603453 -1   
10.48754038 -1   
10.48903423 -1   
10.49028449 -1   
10.49178425 -1   
10.49303168 -1   
10.49453120 -1   
10.49604697 -1   
10.49752514 -1   
10.49877915 -1   
10.50027407 -1   
10.50152802 -1   
10.50302597 -1   
10.50452545 -1   
10.50577233 -1   
10.50727431 -1   
10.50851949 -1   
10.51054709 -1   
10.51202224 -1   
10.51330154 -1   
10.51479075 -1   
10.51626860 -1   
10.51628382 1    
10.51751562 -1   
10.51901657 -1   
10.52054696 -1   
10.52178448 -1   
10.52329916 -1   
10.52451103 -1   
10.52603423 -1   
10.52751268 -1   
10.52878113 -1   
10.53028183 -1   
10.53151010 -1   
10.53302862 -1   
10.53451116 -1   
10.53575430 -1   
10.53728031 -1   
10.53877561 -1   
10.54002488 -1   
10.54152353 -1   
10.54302667 -1   
10.54425333 -1   
10.54577444 -1   
10.54702257 -1   
10.54852376 -1   
10.55001993 -1   
10.55124860 -1   
10.55274694 -1   
10.55401306 -1   
10.55551582 -1   
10.55701787 -1   
10.55827186 -1   
10.55976608 -1   
10.56099151 -1   
10.56249172 -1   
10.56401041 -1   
10.56412590 1    
10.56525814 -1   
10.56675975 -1   
10.56824022 -1   
10.56948629 -1   
10.57100768 -1   
10.57137111 -1   
10.57298997 -1   
10.57448473 -1   
10.57598605 -1   
10.58473547 -1   
10.58622921 -1   
10.58772592 -1   
10.58897493 -1   
10.59047503 -1   
10.59197572 -1   
10.59347161 -1   
10.59472584 -1   
10.59622055 -1   
10.59747405 -1   
10.59897132 -1   
10.60046795 -1   
10.60171741 -1   
10.60322024 -1   
10.60446562 -1   
10.60596755 -1   
10.60746477 -1   
10.60871620 -1   
10.61021171 -1   
10.61146193 -1   
10.61296076 -1   
10.61308400 1    
10.61446518 -1   
10.61571098 -1   
10.61721135 -1   
10.61870804 -1   
10.61995758 -1   
10.62145595 -1   
10.62271268 -1   
10.62420369 -1   
10.62570686 -1   
10.62695316 -1   
10.62845522 -1   
10.62995105 -1   
10.63120036 -1   
10.63269988 -1   
10.63395203 -1   
10.63544862 -1   
10.63695033 -1   
10.63821240 -1   
10.63969748 -1   
10.64119445 -1   
10.64244676 -1   
10.64396586 -1   
10.64544723 -1   
10.64671627 -1   
10.64821947 -1   
10.64968981 -1   
10.65096238 -1   
10.65243884 -1   
10.65368800 -1   
10.65668786 -1   
10.65821568 -1   
10.65970598 -1   
10.66095982 -1   
10.66245753 -1   
10.66370498 -1   
10.66520268 -1   
10.66670569 -1   
10.66792994 -1   
10.66945509 -1   
10.66955514 1    
10.67095307 -1   
10.67219817 -1   
10.67369868 -1   
10.67494842 -1   
10.67644911 -1   
10.67792532 -1   
10.67917665 -1   
10.68068910 -1   
10.68194651 -1   
10.68344401 -1   
10.68492095 -1   
10.68616850 -1   
10.68617270 1    
10.68767058 -1   
10.68894314 -1   
10.69044112 -1   
10.69194596 -1   
10.69316675 -1   
10.69466626 -1   
10.69593018 -1   
10.69743690 -1   
10.69893594 -1   
10.70018637 -1   
10.70168135 -1   
10.70293663 -1   
10.70443080 -1   
10.70593000 -1   
10.70718161 -1   
10.70868113 -1   
10.70992802 -1   
10.71140758 -1   
10.71290414 -1   
10.71417752 -1   
10.71565321 -1   
10.71566847 1    
10.71690234 -1   
10.71840474 -1   
10.71990309 -1   
10.72115040 -1   
10.72265268 -1   
10.72414915 -1   
10.72540099 -1   
10.72689729 -1   
10.72814493 -1   
10.72966167 -1   
10.73412892 -1   
10.74839096 -1   
10.74988728 -1   
10.75138268 -1   
10.75263094 -1   
10.75413056 -1   
10.75538498 -1   
10.75690289 -1   
10.75838262 -1   
10.75962793 -1   
10.76112947 -1   
10.76262913 -1   
10.76387356 -1   
10.76537299 -1   
10.76963012 -1   
10.77112479 -1   
10.77262680 -1   
10.77387087 -1   
10.77537545 -1   
10.77686752 -1   
10.77811836 -1   
10.77962186 -1   
10.78086764 -1   
10.78236717 -1   
10.78386777 -1   
10.78511274 -1   
10.78602458 1    
10.78662447 -1   
10.78786179 -1   
10.78936271 -1   
10.79085941 -1   
10.79211193 -1   
10.79360904 -1   
10.79486321 -1   
10.79635794 -1   
10.79785634 -1   
10.79910646 -1   
10.80062882 -1   
10.80187490 -1   
10.80335650 -1   
10.80456797 1    
10.80484905 -1   
10.80612471 -1   
10.80760037 -1   
10.80911493 -1   
10.81035314 -1   
10.81184857 -1   
10.81334916 -1   
10.81461359 -1   
10.81609751 -1   
10.81759737 -1   
10.81884389 -1   
10.82034173 -1   
10.82184549 -1   
10.82309179 -1   
10.82459255 -1   
10.82583893 -1   
10.82734290 -1   
10.82883889 -1   
10.83008908 -1   
10.83160388 -1   
10.83285982 -1   
10.83483672 -1   
10.83633655 -1   
10.83784657 -1   
10.83910729 -1   
10.84058139 -1   
10.84185103 -1   
10.84332992 -1   
10.84483234 -1   
10.84608129 -1   
10.84760585 -1   
10.84885648 -1   
10.84897435 1    
10.85032776 -1   
10.85182697 -1   
10.85309283 -1   
10.86982115 -1   
10.87106814 -1   
10.88982995 -1   
10.88986775 1    
10.89130212 -1   
10.89280207 -1   
10.89405429 -1   
10.89557494 -1   
10.89707258 -1   
10.89829878 -1   
10.89982371 -1   
10.90104718 -1   
10.90255052 -1   
10.90406578 -1   
10.90529700 -1   
10.90679651 -1   
10.90806633 -1   
10.90954135 -1   
10.91104660 -1   
10.91228979 -1   
10.91381405 -1   
10.91506237 -1   
10.91654644 -1   
10.91803788 -1   
10.91928860 -1   
10.92080775 -1   
10.92218071 -1   
10.92353336 -1   
10.92503439 -1   
10.92528452 -1   
10.92653635 -1   
10.92803164 -1   
10.92928358 -1   
10.93078208 -1   
10.93228617 -1   
10.93352890 -1   
10.93502920 -1   
10.93627535 -1   
10.93779939 -1   
10.93928073 -1   
10.94056532 -1   
10.94202268 -1   
10.94320799 1    
10.94327441 -1   
10.94477288 -1   
10.94627712 -1   
10.94751962 -1   
10.94902106 -1   
10.95026900 -1   
10.95177133 -1   
10.95326738 -1   
10.95451685 -1   
10.95603771 -1   
10.95755150 -1   
10.95878677 -1   
10.96028729 -1   
10.96151471 -1   
10.96301615 -1   
10.96451189 -1   
10.96577849 -1   
10.96728586 -1   
10.96851275 -1   
10.97000802 -1   
10.97150890 -1   
10.97278121 -1   
10.97428473 -1   
10.97577951 -1   
10.97701916 -1   
10.97850483 -1   
10.97975300 -1   
10.98124872 -1   
10.98325137 -1   
10.98475322 -1   
10.98600086 -1   
11.00324761 -1   
11.00339387 1    
11.00476588 -1   
11.00626030 -1   
11.05253568 1    
11.08623941 -1   
11.10995329 -1   
11.11118072 -1   
11.11942756 -1   
11.12092106 -1   
11.12242121 -1   
11.12367258 -1   
11.12519523 -1   
11.12742229 -1   
11.12891884 -1   
11.13016776 -1   
11.13166432 -1   
11.13291400 -1   
11.13441392 -1   
11.13591388 -1   
11.13716022 -1   
11.13868648 -1   
11.13993481 -1   
11.14143287 -1   
11.14293057 -1   
11.14301439 1    
11.14416049 -1   
11.14565782 -1   
11.14690958 -1   
11.14840631 -1   
11.14990640 -1   
11.15115380 -1   
11.15265236 -1   
11.15390070 -1   
11.15540299 -1   
11.15690004 -1   
11.15816913 -1   
11.15964807 -1   
11.16090184 -1   
11.16240040 -1   
11.16389690 -1   
11.16514469 -1   
11.16664810 -1   
11.16789484 -1   
11.16939478 -1   
11.17089255 -1   
11.17214232 -1   
11.17366657 -1   
11.17516140 -1   
11.17638985 -1   
11.17789321 -1   
11.17915336 -1   
11.18066150 -1   
11.18215997 -1   
11.18341325 -1   
11.18488637 -1   
11.18613279 -1   
11.18763326 -1   
11.18916199 -1   
11.19038145 -1   
11.19218206 -1   
11.19338018 -1   
11.19463184 -1   
11.19474475 1    
11.19614849 -1   
11.19740266 -1   
11.19890505 -1   
11.20037659 -1   
11.20162834 -1   
11.20313983 -1   
11.20437521 -1   
11.20589415 -1   
11.20737296 -1   
11.20864115 -1   
11.21013350 -1   
11.21161894 -1   
11.21289049 -1   
11.23438471 -1   
11.23442467 1    
11.23587871 -1   
11.25637217 -1   
11.25786718 -1   
11.27333924 -1   
11.27485724 -1   
11.27610458 -1   
11.27704306 -1   
11.27985806 -1   
11.28133160 -1   
11.28285429 -1   
11.28410430 -1   
11.28557659 -1   
11.28709541 -1   
11.28832419 -1   
11.28984993 -1   
11.30958957 -1   
11.31106538 -1   
11.31956288 -1   
11.32107838 -1   
11.32257771 -1   
11.32383001 -1   
11.32390726 1    
11.32533121 -1   
11.32680573 -1   
11.32955595 -1   
11.33104926 -1   
11.33254706 -1   
11.33379791 -1   
11.36981115 -1   
11.37105350 -1   
11.44164038 -1   
11.44167727 1    
11.60350593 -1   
11.61139313 -1   
11.67586617 -1   
11.67710370 -1   
11.67860764 -1   
11.68814288 1    
11.69459966 -1   
11.69609333 -1   
11.69759438 -1   
11.71290646 1    
11.73215586 -1   
11.73332120 -1   
11.77263578 -1   
11.80273297 1    
11.87630291 1    
12.12310373 -1   
12.12461782 -1   
12.12484747 -1   
12.13209490 -1   
12.13359416 -1   
12.13484321 -1   
12.13636925 -1   
12.13785965 -1   
12.13911387 -1   
12.14058699 -1   
12.14210820 -1   
12.14333694 -1   
12.14342623 1    
12.14486027 -1   
12.14610489 -1   
12.14760962 -1   
12.14910762 -1   
12.15033271 -1   
12.15185443 -1   
12.15310652 -1   
12.15460466 -1   
12.15610157 -1   
12.15732796 -1   
12.15885162 -1   
12.18059376 -1   
12.18208676 -1   
12.22381399 -1   
12.22504010 -1   
12.22654218 -1   
12.24553154 -1   
12.24702874 -1   
12.27401605 -1   
12.27550978 -1   
12.28956204 1    
12.29469641 -1   
12.30377269 -1   
12.30501935 -1   
12.30651415 -1   
12.30799356 -1   
12.30926267 -1   
12.31074051 -1   
12.31226113 -1   
12.31349084 -1   
12.31501002 -1   
12.31626070 -1   
12.31775706 -1   
12.31926063 -1   
12.32048307 -1   
12.32200523 -1   
12.32325581 -1   
12.32475529 -1   
12.32626335 -1   
12.32627724 1    
12.32748265 -1   
12.32897808 -1   
12.33050271 -1   
12.33174943 -1   
12.33324764 -1   
12.33447753 -1   
12.33598046 -1   
12.33747461 -1   
12.33872638 -1   
12.34022378 -1   
12.34147312 -1   
12.34299672 -1   
12.34449192 -1   
12.34574329 -1   
12.34722398 -1   
12.34874245 -1   
12.34999402 -1   
12.35146677 -1   
12.35274345 -1   
12.35423490 -1   
12.35572908 -1   
12.35697977 -1   
12.35848774 -1   
12.35998168 -1   
12.36123416 -1   
12.36271131 -1   
12.36423526 -1   
12.36545778 -1   
12.36554127 1    
12.38797655 -1   
12.46664099 -1   
12.52892031 1    
12.74049991 -1   
12.74199251 -1   
12.74237294 -1   
12.74247759 1    
12.74749633 -1   
12.74898802 -1   
12.75049281 -1   
12.75175829 -1   
12.75323861 -1   
12.75473721 -1   
12.75600882 -1   
12.75748371 -1   
12.75875757 -1   
12.76023345 -1   
12.76175032 -1   
12.76300223 -1   
12.76448201 -1   
12.76572866 -1   
12.76723251 -1   
12.76872838 -1   
12.76997606 -1   
12.77147783 -1   
12.77297733 -1   
12.77424527 -1   
12.77574670 -1   
12.77697249 -1   
12.77847673 -1   
12.77997097 -1   
12.78121819 -1   
12.78272073 -1   
12.78397100 -1   
12.78546630 -1   
12.78699390 -1   
12.78823848 -1   
12.78974187 -1   
12.79096456 -1   
12.79246231 -1   
12.79396299 -1   
12.79524083 -1   
12.79671012 -1   
12.79796189 -1   
12.79803560 1    
12.79946247 -1   
12.80098257 -1   
12.80246199 -1   
12.80370743 -1   
12.80520914 -1   
12.80673334 -1   
12.80797425 -1   
12.80945497 -1   
12.81070686 -1   
12.81221963 -1   
12.81372359 -1   
12.81496820 -1   
12.81645224 -1   
12.81794838 -1   
12.81920049 -1   
12.82069687 -1   
12.82194959 -1   
12.82344621 -1   
12.82496142 -1   
12.82619333 -1   
12.82769715 -1   
12.82894260 -1   
12.83044480 -1   
12.83194009 -1   
12.83319415 -1   
12.83468954 -1   
12.83593852 -1   
12.83743830 -1   
12.83894060 -1   
12.84020914 -1   
12.84168774 -1   
12.84293476 -1   
12.84443721 -1   
12.84593285 -1   
12.84602693 1    
12.84718455 -1   
12.84869721 -1   
12.84995444 -1   
12.85143029 -1   
12.85293152 -1   
12.85417674 -1   
12.85570204 -1   
12.85692793 -1   
12.85843057 -1   
12.85992482 -1   
12.86119186 -1   
12.86268929 -1   
12.86417443 -1   
12.86542234 -1   
12.86692107 -1   
12.86817017 -1   
12.86967194 -1   
12.87116957 -1   
12.87242214 -1   
12.87393460 -1   
12.87518540 -1   
12.87666571 -1   
12.87816390 -1   
12.87941729 -1   
12.88091528 -1   
12.88218831 -1   
12.88368676 -1   
12.88516129 -1   
12.88641290 -1   
12.88793449 -1   
12.88940800 -1   
12.89066025 -1   
12.89215852 -1   
12.89340601 -1   
12.89490810 -1   
12.89640352 -1   
12.89765628 -1   
12.89915378 -1   
12.89933264 1    
12.90040441 -1   
12.90190145 -1   
12.90340229 -1   
12.90467077 -1   
12.90617320 -1   
12.90764756 -1   
12.90889719 -1   
12.91039757 -1   
12.91167019 -1   
12.91314409 -1   
12.91464709 -1   
12.91589183 -1   
12.91739311 -1   
12.91864186 -1   
12.92013958 -1   
12.92164011 -1   
12.92291505 -1   
12.92438729 -1   
12.92589010 -1   
12.92713614 -1   
12.92863782 -1   
12.92988445 -1   
12.93138332 -1   
12.93255921 1    
12.93290038 -1   
12.93413561 -1   
12.93563363 -1   
12.93688001 -1   
12.93838285 -1   
12.93990015 -1   
12.94114710 -1   
12.94262714 -1   
12.94387882 -1   
12.94537544 -1   
12.94707219 -1   
12.94812412 -1   
12.94964240 -1   
12.95090051 -1   
12.95237057 -1   
12.95387054 -1   
12.95513945 -1   
12.95664228 -1   
12.95789534 -1   
12.95936789 -1   
12.96087020 -1   
12.96211845 -1   
12.96361513 -1   
12.96486383 -1   
12.96636768 -1   
12.96786330 -1   
12.96911383 -1   
12.97063121 -1   
12.97188275 -1   
12.97335950 -1   
12.97488129 -1   
12.97489613 1    
12.97613126 -1   
12.97762785 -1   
12.97913114 -1   
12.98037923 -1   
12.98187830 -1   
12.98312637 -1   
12.98462510 -1   
12.98612367 -1   
12.98738173 -1   
12.98887126 -1   
12.99012458 -1   
12.99162069 -1   
12.99310235 -1   
12.99434762 -1   
12.99586940 -1   
12.99736868 -1   
12.99747090 1    
12.99862037 -1   
13.00010582 -1   
13.00136789 -1   
13.00286790 -1   
13.00436289 -1   
13.00561482 -1   
13.00709484 -1   
13.00836259 -1   
13.00986707 -1   
13.01136108 -1   
13.01261191 -1   
13.01410689 -1   
13.01560646 -1   
13.01685524 -1   
13.01835795 -1   
13.01960383 -1   
13.02110621 -1   
13.02260512 -1   
13.02408425 -1   
13.02535481 -1   
13.02685152 -1   
13.02807910 -1   
13.02960191 -1   
13.03110372 -1   
13.03235305 -1   
13.03384928 -1   
13.03509315 -1   
13.03659792 -1   
13.03809964 -1   
13.03932216 -1   
13.04084487 -1   
13.04234219 -1   
13.04357302 -1   
13.04509022 -1   
13.04634315 -1   
13.04784330 -1   
13.04794849 1    
13.04934490 -1   
13.05056648 -1   
13.05209951 -1   
13.05333929 -1   
13.05484148 -1   
13.05633669 -1   
13.05758250 -1   
13.05908315 -1   
13.06056336 -1   
13.06183331 -1   
13.06333878 -1   
13.06459704 -1   
13.06608426 -1   
13.06755780 -1   
13.06882710 -1   
13.07032900 -1   
13.07159251 -1   
13.07307228 -1   
13.07457191 -1   
13.07582197 -1   
13.07730186 -1   
13.07882266 -1   
13.08006895 -1   
13.08156847 -1   
13.08282324 -1   
13.08432004 -1   
13.08582052 -1   
13.08706588 -1   
13.08856895 -1   
13.08981533 -1   
13.09129349 -1   
13.09281591 -1   
13.09397325 1    
13.09404291 -1   
13.09554218 -1   
13.09703961 -1   
13.09828782 -1   
13.09978587 -1   
13.10103496 -1   
13.10253788 -1   
13.10403355 -1   
13.10528641 -1   
13.10678342 -1   
13.10805400 -1   
13.10955674 -1   
13.11105234 -1   
13.11230232 -1   
13.11380465 -1   
13.11503035 -1   
13.11655170 -1   
13.11804747 -1   
13.11928291 -1   
13.12079690 -1   
13.12204824 -1   
13.12352490 -1   
13.12505107 -1   
13.12629391 -1   
13.12777430 -1   
13.12901887 -1   
13.13054417 -1   
13.13064707 1    
13.13204645 -1   
13.13329403 -1   
13.13479193 -1   
13.13604279 -1   
13.13754431 -1   
13.13904095 -1   
13.14029179 -1   
13.14178331 -1   
13.14303491 -1   
13.14451141 -1   
13.14603648 -1   
13.14728241 -1   
13.14878212 -1   
13.15027967 -1   
13.15150913 -1   
13.15302731 -1   
13.15427649 -1   
13.15577568 -1   
13.15727459 -1   
13.15850478 -1   
13.16000844 -1   
13.16126977 -1   
13.16277652 -1   
13.16427166 -1   
13.16552158 -1   
13.16700092 -1   
13.16849907 -1   
13.16974528 -1   
13.17127639 -1   
13.17251711 -1   
13.17399801 -1   
13.17551561 -1   
13.17676520 -1   
13.17826454 -1   
13.17834152 1    
13.17949625 -1   
13.18101148 -1   
13.18249421 -1   
13.18376090 -1   
13.18525944 -1   
13.18675923 -1   
13.18801478 -1   
13.18951131 -1   
13.19076070 -1   
13.19225177 -1   
13.19375749 -1   
13.19500394 -1   
13.19650559 -1   
13.19775216 -1   
13.19925551 -1   
13.20075175 -1   
13.20200384 -1   
13.20349985 -1   
13.20500118 -1   
13.20624716 -1   
13.20774570 -1   
13.20777371 1    
13.20899846 -1   
13.21047526 -1   
13.21199871 -1   
13.21324328 -1   
13.21474896 -1   
13.21599659 -1   
13.21747239 -1   
13.21898554 -1   
13.22024202 -1   
13.22173598 -1   
13.22298971 -1   
13.22446386 -1   
13.22598588 -1   
13.22723815 -1   
13.22724896 -1   
13.22897777 -1   
13.23023595 -1   
13.23172619 -1   
13.23322999 -1   
13.23447649 -1   
13.23597707 -1   
13.23722290 -1   
13.23732237 1    
13.23872519 -1   
13.24020560 -1   
13.24145828 -1   
13.24297089 -1   
13.24445750 -1   
13.24595248 -1   
13.24722192 -1   
13.24871955 -1   
13.24995738 -1   
13.25145047 -1   
13.25297140 -1   
13.25421713 -1   
13.25571956 -1   
13.25696671 -1   
13.25846237 -1   
13.25996072 -1   
13.26121195 -1   
13.26271054 -1   
13.26396730 -1   
13.26546266 -1   
13.26696682 -1   
13.27743792 -1   
13.27895803 -1   
13.28045726 -1   
13.37838339 -1   
13.37842156 1    
13.37988014 -1   
13.38114709 -1   
13.38265176 -1   
13.38387489 -1   
13.38789412 -1   
13.38939352 -1   
13.39087563 -1   
13.39214491 -1   
13.39364948 -1   
13.39489402 -1   
13.39639050 -1   
13.39789108 -1   
13.39911635 -1   
13.40063543 -1   
13.40188755 -1   
13.40253255 -1   
13.40413639 -1   
13.40563350 -1   
13.40711524 -1   
13.40838203 -1   
13.40988731 -1   
13.41136131 -1   
13.41263275 -1   
13.41412836 -1   
13.41538175 -1   
13.41687940 -1   
13.41835704 -1   
13.41962721 -1   
13.42112566 -1   
13.42237564 -1   
13.42387578 -1   
13.42537464 -1   
13.42662955 -1   
13.42811936 -1   
13.42962193 -1   
13.43087235 -1   
13.43097934 1    
13.43234942 -1   
13.43361793 -1   
13.43512046 -1   
13.43661724 -1   
13.43786678 -1   
13.43936808 -1   
13.44061716 -1   
13.44211750 -1   
13.44359696 -1   
13.44486860 -1   
13.44636394 -1   
13.56525958 -1   
13.56529893 1    
16.87018624 1    
20.85745477 -1   
23.63926740 1    
23.64880442 1    
23.64881949 1    
23.80071757 1    
24.05522798 -1   
24.42568517 -1   
24.42585784 1    
24.58733112 -1   
24.58743753 1    
27.77942049 1    
28.02212119 -1   
28.02233942 1    
28.18502671 -1   
28.18506716 1    
28.19517803 1    
28.34927167 -1   
28.34931411 1    
28.41004366 -1   
28.43076476 -1   
28.44052989 -1   
28.51296644 -1   
28.67447460 -1   
28.67477423 1    
28.85762056 -1   
28.85808360 1    
29.06924225 -1   
29.19343468 1    
