0.00000000 1    
3.58625691 -1   
3.84518652 1    
3.97106498 -1   
4.00659273 1    
4.13249273 -1   
4.16849552 1    
4.33887192 -1   
4.34591379 1    
4.37929759 1    
4.38629544 1    
4.38754010 1    
4.50812923 1    
4.50829170 -1   
4.66946073 1    
4.71087864 -1   
4.74831865 1    
4.77255378 1    
4.78282046 1    
4.87551187 1    
4.87554553 -1   
5.03852417 1    
5.03856003 -1   
5.20816835 1    
5.20846844 -1   
5.37133488 1    
5.37230963 -1   
5.61441787 1    
5.61472119 -1   
5.82095319 1    
5.82219452 1    
5.82257954 1    
5.84270494 1    
6.00390547 1    
6.00611064 -1   
6.16859884 1    
6.16863384 -1   
6.49294105 1    
6.58802440 1    
6.58950621 1    
6.69326727 1    
6.73032613 -1   
6.89240943 -1   
7.16470856 1    
7.16595484 1    
7.16633660 1    
7.19918735 1    
7.20043305 1    
7.21840317 1    
7.21964791 1    
7.22116529 1    
7.24266174 1    
7.24390511 1    
7.32936812 1    
7.33060302 1    
7.33210334 1    
7.33360136 1    
7.33370769 -1   
7.36259456 1    
7.36383303 1    
7.36533613 1    
7.36658472 1    
7.38407903 1    
7.38532211 1    
7.38682388 1    
7.38829983 1    
7.38956899 1    
7.39106728 1    
7.39233203 1    
7.39381871 1    
7.40754583 1    
7.40880868 1    
7.41030656 1    
7.41155697 1    
7.49403392 1    
7.49549496 1    
7.49674277 1    
7.49825700 1    
7.49949467 1    
7.50100626 1    
7.50248268 1    
7.50375994 1    
7.50378111 -1   
7.52747438 1    
7.52871870 1    
7.53022011 1    
7.53146738 1    
7.53296526 1    
7.53446429 1    
7.53571599 1    
7.53721565 1    
7.54849682 1    
7.54995748 1    
7.55122924 1    
7.55270510 1    
7.55421523 1    
7.55570201 1    
7.55698516 1    
7.55847133 1    
7.55970275 1    
7.56120007 1    
7.56270109 1    
7.56394802 1    
7.56544531 1    
7.56669606 1    
7.56819913 1    
7.56969544 1    
7.57269598 1    
7.57394188 1    
7.57544436 1    
7.57669060 1    
7.57821170 1    
7.57968872 1    
7.57978594 -1   
7.58094106 1    
7.58245796 1    
7.65864890 1    
7.66014390 1    
7.66164318 1    
7.66289146 1    
7.66441039 1    
7.66563923 1    
7.66714298 1    
7.66808792 1    
7.67872596 -1   
7.70666485 -1   
8.10792099 1    
8.10915804 1    
8.10951604 1    
8.17837262 1    
8.17987142 1    
8.19959306 1    
8.20064220 -1   
8.21884767 1    
8.31169648 1    
8.32166938 -1   
8.36230298 -1   
8.58397180 1    
8.74628517 1    
8.74752253 1    
8.76627230 1    
8.76778464 1    
8.76901230 1    
8.78404193 1    
8.80499805 1    
8.80626095 1    
8.82523765 1    
8.82675086 1    
8.82799723 1    
8.84622290 1    
8.84771479 1    
8.84896026 1    
8.85046478 1    
8.85198529 1    
8.85321711 1    
8.85470747 1    
8.85596137 1    
8.86545741 1    
8.86561074 -1   
8.86670430 1    
8.86822347 1    
8.86945173 1    
8.87094756 1    
8.87245137 1    
8.87369665 1    
8.87519523 1    
8.87646837 1    
8.87794851 1    
8.87944552 1    
8.88069889 1    
8.88221560 1    
8.89594008 1    
8.94655087 1    
8.98968109 -1   
9.07064796 -1   
9.38238723 -1   
9.43490763 1    
9.43637893 1    
9.43766361 1    
9.43889891 1    
9.44039697 1    
9.44537358 1    
9.44664434 1    
9.44814253 1    
9.45537187 1    
9.45661735 1    
9.45813571 1    
9.47063959 1    
9.47187838 1    
9.47337858 1    
9.47462813 1    
9.47613031 1    
9.47762351 1    
9.47885449 1    
9.48035697 1    
9.48159927 1    
9.48310089 1    
9.48459957 1    
9.48470703 -1   
9.48584726 1    
9.48734621 1    
9.48884951 1    
9.49012201 1    
9.49161229 1    
9.49287125 1    
9.49436596 1    
9.49584273 1    
9.49709106 1    
9.49858954 1    
9.49984087 1    
9.54385569 -1   
9.59854234 1    
9.59978161 1    
9.60128092 1    
9.60252954 1    
9.60403449 1    
9.60552932 1    
9.60679894 1    
9.60827869 1    
9.60952792 1    
9.61102538 1    
9.61252516 1    
9.61377549 1    
9.61527627 1    
9.61677207 1    
9.61802362 1    
9.61952027 1    
9.62079124 1    
9.62228594 1    
9.62376729 1    
9.62503948 1    
9.62651910 1    
9.62780353 1    
9.63402242 1    
9.63551011 1    
9.63676445 1    
9.63825915 1    
9.63978556 1    
9.64103392 1    
9.64251029 1    
9.64378088 1    
9.64526014 1    
9.64675792 1    
9.64800721 1    
9.64950394 1    
9.64957660 -1   
9.65075744 1    
9.65225310 1    
9.65377443 1    
9.65502330 1    
9.65650279 1    
9.65799761 1    
9.65924638 1    
9.66074698 1    
9.66199949 1    
9.66349716 1    
9.66501763 1    
9.66626771 1    
9.66774516 1    
9.66899397 1    
9.67049080 1    
9.67199432 1    
9.67324161 1    
9.67473797 1    
9.67624105 1    
9.67749472 1    
9.67898884 1    
9.68023544 1    
9.68173667 1    
9.68323370 1    
9.68448674 1    
9.68599767 1    
9.68723412 1    
9.68873238 1    
9.69023658 1    
9.69147907 1    
9.70298199 1    
9.70447555 1    
9.70459830 -1   
9.74674246 -1   
9.76319929 1    
9.76468779 1    
9.76618905 1    
9.76743581 1    
9.76894044 1    
9.77043535 1    
9.77168257 1    
9.77318327 1    
9.77468408 1    
9.77593026 1    
9.77743239 1    
9.77867799 1    
9.78018386 1    
9.78167662 1    
9.78292552 1    
9.78442623 1    
9.78567740 1    
9.78717397 1    
9.78867738 1    
9.78992264 1    
9.79142475 1    
9.79267285 1    
9.79416991 1    
9.79566855 1    
9.79692378 1    
9.79841852 1    
9.79966975 1    
9.80116717 1    
9.80266741 1    
9.80391473 1    
9.80541293 1    
9.80691302 1    
9.80816598 1    
9.80966121 1    
9.81091459 1    
9.81241204 1    
9.81391129 1    
9.81515722 1    
9.81665800 1    
9.81670916 -1   
9.81790955 1    
9.81940658 1    
9.82090829 1    
9.82215314 1    
9.82365554 1    
9.82515434 1    
9.82640183 1    
9.82789999 1    
9.82915316 1    
9.83065072 1    
9.83215179 1    
9.83339699 1    
9.83490018 1    
9.83614823 1    
9.83765155 1    
9.83914417 1    
9.84039739 1    
9.84189251 1    
9.84339424 1    
9.84464153 1    
9.84614337 1    
9.84739013 1    
9.84888841 1    
9.85038773 1    
9.85164190 1    
9.85313719 1    
9.85438938 1    
9.85588504 1    
9.85738648 1    
9.85863261 1    
9.86013249 1    
9.86163058 1    
9.86288380 1    
9.86393371 -1   
9.86438283 1    
9.86563158 1    
9.86713090 1    
9.86862926 1    
9.86987672 1    
9.87137551 1    
9.87262895 1    
9.87267156 -1   
9.87412776 1    
9.87562438 1    
9.87687541 1    
9.87837181 1    
9.87962066 1    
9.88112169 1    
9.88262307 1    
9.88386859 1    
9.88537066 1    
9.88662029 1    
9.88812072 1    
9.88961514 1    
9.89086597 1    
9.89236471 1    
9.89361681 1    
9.89511393 1    
9.89661604 1    
9.89786011 1    
9.89936267 1    
9.90061085 1    
9.90210784 1    
9.90360827 1    
9.90486013 1    
9.90635583 1    
9.90646084 -1   
9.90760820 1    
9.90910490 1    
9.91060308 1    
9.91185264 1    
9.91335559 1    
9.91485151 1    
9.91610401 1    
9.91759984 1    
9.91885095 1    
9.92034876 1    
9.92184680 1    
9.92309507 1    
9.92460017 1    
9.92584496 1    
9.92734648 1    
9.92884387 1    
9.93009491 1    
9.93159290 1    
9.93309016 1    
9.93434044 1    
9.93584181 1    
9.93934165 1    
9.94058705 1    
9.94060024 -1   
9.94208855 1    
9.94358381 1    
9.94483696 1    
9.94633232 1    
9.94758515 1    
9.94908220 1    
9.95058021 1    
9.95183002 1    
9.95333249 1    
9.95457789 1    
9.95607884 1    
9.95757674 1    
9.95882781 1    
9.96032634 1    
9.96157336 1    
9.96307316 1    
9.96457582 1    
9.96582119 1    
9.96732409 1    
9.96857221 1    
9.97007245 1    
9.97156878 1    
9.97281718 1    
9.97431737 1    
9.97556981 1    
9.97706589 1    
9.97857040 1    
9.97981408 1    
9.98131573 1    
9.98256127 1    
9.98406106 1    
9.98556022 1    
9.98569638 -1   
9.98681361 1    
9.98830955 1    
9.98980986 1    
9.99130774 1    
9.99255706 1    
9.99405507 1    
9.99555670 1    
9.99680516 1    
9.99830562 1    
9.99955155 1    
10.00105504 1    
10.00255088 1    
10.00379995 1    
10.00529943 1    
10.00655012 1    
10.00804874 1    
10.00954836 1    
10.01079481 1    
10.01229945 1    
10.01354491 1    
10.01504385 1    
10.01654373 1    
10.01779402 1    
10.01929151 1    
10.02054418 1    
10.02203942 1    
10.02354361 1    
10.02478807 1    
10.02628556 1    
10.02753529 1    
10.02903868 1    
10.03053483 1    
10.03178649 1    
10.03328384 1    
10.03478588 1    
10.03603270 1    
10.03753071 1    
10.03877936 1    
10.04028203 1    
10.04039081 -1   
10.04178135 1    
10.04302678 1    
10.04452906 1    
10.04577609 1    
10.04727499 1    
10.04877479 1    
10.05002554 1    
10.05152185 1    
10.05277588 1    
10.05427122 1    
10.05577420 1    
10.05701956 1    
10.05851796 1    
10.06001805 1    
10.06126960 1    
10.06276614 1    
10.06401923 1    
10.06551466 1    
10.06701640 1    
10.06826618 1    
10.06976332 1    
10.07101045 1    
10.07251456 1    
10.07400882 1    
10.07526067 1    
10.07675959 1    
10.07825867 1    
10.07950622 1    
10.08100594 1    
10.08225529 1    
10.08375678 1    
10.08525350 1    
10.08650668 1    
10.08800323 1    
10.08812175 -1   
10.08925135 1    
10.09475087 1    
10.09599802 1    
10.09749652 1    
10.09899842 1    
10.10024669 1    
10.10174555 1    
10.10324218 1    
10.10449487 1    
10.10599067 1    
10.10723952 1    
10.10874036 1    
10.11024191 1    
10.11148744 1    
10.11299263 1    
10.11423677 1    
10.11573791 1    
10.11723510 1    
10.11848359 1    
10.11998728 1    
10.12148528 1    
10.12154480 -1   
10.12273544 1    
10.12423222 1    
10.12548049 1    
10.12697989 1    
10.12848404 1    
10.12973023 1    
10.13122929 1    
10.13247844 1    
10.13397844 1    
10.13547469 1    
10.13672468 1    
10.13822309 1    
10.13947523 1    
10.14097198 1    
10.14247339 1    
10.14371923 1    
10.14522264 1    
10.14647143 1    
10.14796751 1    
10.14946541 1    
10.15071751 1    
10.15221603 1    
10.15346702 1    
10.15496487 1    
10.15646251 1    
10.15771026 1    
10.15921264 1    
10.16045973 1    
10.16196440 1    
10.16346002 1    
10.16471145 1    
10.16620681 1    
10.16745824 1    
10.16895636 1    
10.17045634 1    
10.17170245 1    
10.17320243 1    
10.17434737 -1   
10.17470049 1    
10.17595338 1    
10.17745246 1    
10.17869982 1    
10.18020289 1    
10.18169862 1    
10.18294611 1    
10.18444655 1    
10.18569799 1    
10.18719494 1    
10.18869732 1    
10.18994211 1    
10.19144494 1    
10.19294170 1    
10.19419156 1    
10.19569025 1    
10.19694099 1    
10.19843848 1    
10.19993965 1    
10.20118618 1    
10.20268789 1    
10.20393504 1    
10.20543410 1    
10.20693370 1    
10.20695675 -1   
10.20818785 1    
10.20968143 1    
10.21118355 1    
10.21268084 1    
10.21393409 1    
10.21542863 1    
10.21667915 1    
10.21817586 1    
10.21967917 1    
10.22092679 1    
10.22242883 1    
10.22367411 1    
10.22517525 1    
10.22667123 1    
10.22792087 1    
10.22942046 1    
10.23067368 1    
10.23071952 -1   
10.23217292 1    
10.23366787 1    
10.23491991 1    
10.23641660 1    
10.23791591 1    
10.23916459 1    
10.24066824 1    
10.24191459 1    
10.24341482 1    
10.24491201 1    
10.24616351 1    
10.24766447 1    
10.24890925 1    
10.25040801 1    
10.25191290 1    
10.25315899 1    
10.25465906 1    
10.25615567 1    
10.25740665 1    
10.25890359 1    
10.26015386 1    
10.26080463 1    
10.26265422 1    
10.26390135 1    
10.26540213 1    
10.26664813 1    
10.26815237 1    
10.26964841 1    
10.27075814 -1   
10.27089666 1    
10.27240127 1    
10.27364794 1    
10.27514357 1    
10.27664810 1    
10.27789270 1    
10.27939138 1    
10.28064155 1    
10.28214217 1    
10.28363833 1    
10.28489067 1    
10.28638837 1    
10.28763857 1    
10.28913594 1    
10.29063488 1    
10.29188369 1    
10.29338646 1    
10.29463305 1    
10.29613592 1    
10.29763076 1    
10.29888245 1    
10.30038038 1    
10.30162809 1    
10.30312809 1    
10.30464777 1    
10.30612876 1    
10.30737781 1    
10.30887605 1    
10.31037507 1    
10.31162391 1    
10.31312593 1    
10.31462152 1    
10.31587390 1    
10.31737040 1    
10.31862202 1    
10.32011840 1    
10.32161712 1    
10.32286713 1    
10.32436980 1    
10.32561528 1    
10.32711739 1    
10.32861458 1    
10.32986694 1    
10.33136120 1    
10.33261141 1    
10.33411032 1    
10.33562264 1    
10.33685942 1    
10.33698584 -1   
10.33837648 1    
10.33985614 1    
10.34136102 1    
10.34260538 1    
10.34410825 1    
10.34560344 1    
10.34685594 1    
10.34835291 1    
10.34960116 1    
10.35110135 1    
10.35261520 1    
10.35384981 1    
10.35535079 1    
10.35659771 1    
10.35810204 1    
10.35959512 1    
10.36084456 1    
10.36234457 1    
10.36384598 1    
10.36395711 -1   
10.36509643 1    
10.36659068 1    
10.36809488 1    
10.36934026 1    
10.37084019 1    
10.37208928 1    
10.37359051 1    
10.37508669 1    
10.37634189 1    
10.37783671 1    
10.37908751 1    
10.38058724 1    
10.38208226 1    
10.38333142 1    
10.38483606 1    
10.38633039 1    
10.39157828 1    
10.39307707 1    
10.39433048 1    
10.39582472 1    
10.39707755 1    
10.39857289 1    
10.40007692 1    
10.40132209 1    
10.40282095 1    
10.40407136 1    
10.40557248 1    
10.40706834 1    
10.40832271 1    
10.40981683 1    
10.41131941 1    
10.41256703 1    
10.41406577 1    
10.41531440 1    
10.41681713 1    
10.41683084 -1   
10.41831542 1    
10.41956111 1    
10.42106414 1    
10.42256028 1    
10.42380891 1    
10.42530889 1    
10.42656035 1    
10.42806005 1    
10.42955904 1    
10.43080499 1    
10.43230812 1    
10.43380608 1    
10.43505203 1    
10.43655231 1    
10.43805471 1    
10.43930113 1    
10.44080315 1    
10.44204887 1    
10.44355034 1    
10.44504743 1    
10.44629675 1    
10.44779517 1    
10.44904676 1    
10.45054402 1    
10.45204645 1    
10.45329250 1    
10.45479354 1    
10.45629252 1    
10.45707309 -1   
10.45753971 1    
10.45904334 1    
10.46029406 1    
10.46178724 1    
10.46328994 1    
10.46453666 1    
10.46603556 1    
10.46728331 1    
10.46878682 1    
10.47028258 1    
10.47153446 1    
10.47303164 1    
10.47453414 1    
10.47577880 1    
10.47727880 1    
10.47852704 1    
10.48003152 1    
10.48152611 1    
10.48277749 1    
10.48427568 1    
10.48438457 -1   
10.48552484 1    
10.48702398 1    
10.48852627 1    
10.48978800 1    
10.49127212 1    
10.49277031 1    
10.49402218 1    
10.49551750 1    
10.49676825 1    
10.49826575 1    
10.49949875 1    
10.50101903 1    
10.50251683 1    
10.50401564 1    
10.50526292 1    
10.50676131 1    
10.50801524 1    
10.50950983 1    
10.51101216 1    
10.51226327 1    
10.51376107 1    
10.51525733 1    
10.51650700 1    
10.51800478 1    
10.51926475 1    
10.52075396 1    
10.52225616 1    
10.52350570 1    
10.52500505 1    
10.52625069 1    
10.52775039 1    
10.52889668 -1   
10.52925046 1    
10.53050156 1    
10.53200204 1    
10.53349653 1    
10.53474765 1    
10.53624595 1    
10.53749367 1    
10.53899367 1    
10.54049681 1    
10.54174113 1    
10.54324357 1    
10.54449085 1    
10.54599460 1    
10.54749305 1    
10.54873751 1    
10.55023918 1    
10.55148868 1    
10.55298609 1    
10.55448683 1    
10.55573564 1    
10.55723605 1    
10.55848268 1    
10.55998211 1    
10.56148104 1    
10.56273406 1    
10.56423237 1    
10.56548350 1    
10.56697596 1    
10.56709131 -1   
10.56847979 1    
10.56997753 1    
10.57122774 1    
10.57274457 1    
10.57422554 1    
10.57572333 1    
10.57697189 1    
10.57847004 1    
10.57972207 1    
10.58122291 1    
10.58272057 1    
10.58396856 1    
10.58546964 1    
10.58552045 -1   
10.58671621 1    
10.58821727 1    
10.58971648 1    
10.59096326 1    
10.59246718 1    
10.59396364 1    
10.59521427 1    
10.59671106 1    
10.59795971 1    
10.59945861 1    
10.60096131 1    
10.60220729 1    
10.60370852 1    
10.60372814 -1   
10.60495824 1    
10.63819334 1    
10.63968682 1    
10.66415120 1    
10.67617654 1    
10.67766572 1    
10.67891550 1    
10.68041427 1    
10.68191393 1    
10.68316025 1    
10.68466274 1    
10.68590977 1    
10.68741131 1    
10.68890842 1    
10.69015956 1    
10.69165582 1    
10.69290916 1    
10.69440388 1    
10.69590327 1    
10.69715247 1    
10.69865557 1    
10.70015227 1    
10.70140225 1    
10.70289880 1    
10.70415202 1    
10.70425536 -1   
10.70564878 1    
10.70714679 1    
10.70840099 1    
10.70989509 1    
10.71114755 1    
10.71264782 1    
10.71414529 1    
10.71539216 1    
10.71689421 1    
10.71839169 1    
10.71964226 1    
10.72113964 1    
10.72239142 1    
10.72388699 1    
10.72539003 1    
10.72663482 1    
10.72813526 1    
10.72938444 1    
10.73088589 1    
10.73238414 1    
10.73363403 1    
10.73513066 1    
10.73663462 1    
10.73787888 1    
10.73937798 1    
10.74062819 1    
10.74212937 1    
10.74362574 1    
10.74487842 1    
10.74637501 1    
10.74762737 1    
10.74912468 1    
10.75062169 1    
10.76691790 -1   
10.77836457 1    
10.77985636 1    
10.78135901 1    
10.78835495 1    
10.78960178 1    
10.79109831 1    
10.79259882 1    
10.79384638 1    
10.79835027 1    
10.79984755 1    
10.80109562 1    
10.80259291 1    
10.80409511 1    
10.80534005 1    
10.80809106 1    
10.80933783 1    
10.81084064 1    
10.81233706 1    
10.81358826 1    
10.81508434 1    
10.81633808 1    
10.81783383 1    
10.81933285 1    
10.82058274 1    
10.82208345 1    
10.82358025 1    
10.82483308 1    
10.82593457 -1   
10.82632796 1    
10.82758021 1    
10.82907905 1    
10.83057615 1    
10.83082745 1    
10.83257928 1    
10.85807019 1    
10.85931214 1    
10.86081380 1    
10.86230968 1    
10.91428539 1    
10.91577709 1    
10.91703080 1    
10.91852558 1    
10.92002868 1    
10.92202342 1    
10.92327523 1    
10.92477400 1    
10.92627115 1    
10.92752071 1    
10.93252426 1    
10.95051480 1    
10.95055702 -1   
10.95176063 1    
10.95325866 1    
10.99249319 1    
10.99373224 1    
10.99543771 1    
11.06270593 1    
11.06394212 1    
11.07294622 1    
11.07443638 1    
11.07568638 1    
11.09843345 1    
11.09992219 1    
11.11916545 1    
11.11930417 -1   
11.12041587 1    
11.19678968 1    
11.33180063 -1   
11.33481575 -1   
11.43185517 -1   
11.49651200 -1   
11.72657604 1    
11.72781392 1    
11.72819505 1    
11.72858725 -1   
11.73606891 1    
11.73730775 1    
11.73880717 1    
11.74031019 1    
11.74155621 1    
11.75705283 1    
11.75854888 1    
11.75979581 1    
11.76129647 1    
11.76279472 1    
11.76404447 1    
11.76554437 1    
11.76679314 1    
11.76829046 1    
11.76979303 1    
11.77103907 1    
11.77779157 1    
11.77928364 1    
11.78053349 1    
11.78203214 1    
11.78353331 1    
11.78478113 1    
11.78628228 1    
11.78752927 1    
11.78903309 1    
11.79902447 1    
11.80052172 1    
11.83050681 1    
11.83175504 1    
11.83980933 -1   
11.84000158 1    
11.84150024 1    
11.84274917 1    
11.85049514 1    
11.85174122 1    
11.85324174 1    
11.87073924 1    
11.87198020 1    
11.87349277 1    
11.87472744 1    
11.87623197 1    
11.87772695 1    
11.87898368 1    
11.88047671 1    
11.88197821 1    
11.88208287 -1   
11.88322740 1    
11.88472427 1    
11.88597458 1    
11.88747136 1    
11.88897091 1    
11.89021883 1    
11.89172083 1    
11.89296868 1    
11.89447149 1    
11.89596741 1    
11.89721887 1    
11.89871385 1    
11.90021537 1    
11.90146287 1    
11.90296439 1    
11.90421270 1    
11.90571252 1    
11.90721199 1    
11.90846350 1    
11.90995776 1    
11.91120681 1    
11.91270808 1    
11.91420847 1    
11.91545493 1    
11.91695871 1    
11.91845441 1    
11.91970466 1    
11.91995654 1    
11.92145111 1    
11.92146475 -1   
11.94395024 1    
11.94543776 1    
11.96293229 1    
11.96417898 1    
12.08254760 1    
12.11809970 1    
12.11934346 1    
12.12083971 1    
12.12234184 1    
12.12358490 1    
12.13034112 1    
12.13183281 1    
12.13308290 1    
12.13457928 1    
12.13608485 1    
12.13807815 1    
12.13818927 -1   
12.13957992 1    
12.14082747 1    
12.14232482 1    
12.14382527 1    
12.14507643 1    
12.14657288 1    
12.14782630 1    
12.14932373 1    
12.15082376 1    
12.15207055 1    
12.15356842 1    
12.15481768 1    
12.15632079 1    
12.15781694 1    
12.15906858 1    
12.16056608 1    
12.16206717 1    
12.16331235 1    
12.16481340 1    
12.16606341 1    
12.16756447 1    
12.16906151 1    
12.17031286 1    
12.17180791 1    
12.17306060 1    
12.17455606 1    
12.17606875 1    
12.17730714 1    
12.17880837 1    
12.18030500 1    
12.18155496 1    
12.18305288 1    
12.18430490 1    
12.18580263 1    
12.18729994 1    
12.18854953 1    
12.18861714 -1   
12.19005177 1    
12.19129670 1    
12.19280092 1    
12.19429572 1    
12.19554413 1    
12.19704456 1    
12.19854518 1    
12.19979208 1    
12.20129429 1    
12.27987425 1    
12.33247393 1    
12.33252008 -1   
12.33371906 1    
12.33521513 1    
12.33646815 1    
12.33796405 1    
12.33946490 1    
12.34071265 1    
12.34221045 1    
12.34370948 1    
12.34496137 1    
12.34645793 1    
12.34771066 1    
12.34920746 1    
12.35070866 1    
12.35195492 1    
12.35202388 -1   
12.35345695 1    
12.35470390 1    
12.35620604 1    
12.35770229 1    
12.35895309 1    
12.36045099 1    
12.36195035 1    
12.36319848 1    
12.36470233 1    
12.36594767 1    
12.36744865 1    
12.36894625 1    
12.37019680 1    
12.37169317 1    
12.37294407 1    
12.37444151 1    
12.37594574 1    
12.37719072 1    
12.37869159 1    
12.38018994 1    
12.38144162 1    
12.38293677 1    
12.38418824 1    
12.38568563 1    
12.38718724 1    
12.38843631 1    
12.38993539 1    
12.39118269 1    
12.39268490 1    
12.39418053 1    
12.39542990 1    
12.39693128 1    
12.39843193 1    
12.39967918 1    
12.40117946 1    
12.40242586 1    
12.40249986 -1   
12.40392854 1    
12.40542579 1    
12.40667598 1    
12.40817377 1    
12.40942436 1    
12.41092145 1    
12.41242364 1    
12.41366875 1    
12.41516772 1    
12.41641828 1    
12.41791973 1    
12.41941555 1    
12.42066866 1    
12.42216431 1    
12.42366551 1    
12.42516297 1    
12.42641239 1    
12.42791079 1    
12.42916332 1    
12.43065910 1    
12.43216301 1    
12.43341022 1    
12.43490958 1    
12.43615793 1    
12.43765695 1    
12.43915794 1    
12.44040852 1    
12.44190655 1    
12.44340222 1    
12.44465608 1    
12.44615361 1    
12.44740412 1    
12.44890090 1    
12.45040222 1    
12.45165263 1    
12.45315010 1    
12.45439588 1    
12.45589838 1    
12.45739982 1    
12.45864666 1    
12.46014479 1    
12.46139457 1    
12.46289470 1    
12.46439482 1    
12.46563975 1    
12.46714225 1    
12.46864222 1    
12.46989084 1    
12.47138690 1    
12.47263941 1    
12.47413800 1    
12.47563641 1    
12.47688343 1    
12.47838628 1    
12.47963476 1    
12.48113541 1    
12.48262955 1    
12.48388171 1    
12.48538189 1    
12.48663071 1    
12.48812942 1    
12.48962824 1    
12.49087844 1    
12.49237844 1    
12.49362591 1    
12.49512535 1    
12.49662639 1    
12.49787455 1    
12.49937134 1    
12.50062479 1    
12.50212203 1    
12.50362151 1    
12.50486697 1    
12.50637035 1    
12.50761951 1    
12.50912036 1    
12.51061473 1    
12.51186733 1    
12.51188186 -1   
12.51336526 1    
12.51486458 1    
12.51611205 1    
12.51761278 1    
12.51886309 1    
12.52036215 1    
12.52185707 1    
12.52310957 1    
12.52460949 1    
12.52585811 1    
12.52735451 1    
12.52885983 1    
12.53010709 1    
12.53160515 1    
12.53310252 1    
12.53435312 1    
12.53585343 1    
12.53710448 1    
12.53859896 1    
12.54010157 1    
12.54134925 1    
12.54284932 1    
12.54409642 1    
12.54559748 1    
12.54709630 1    
12.54834766 1    
12.54984309 1    
12.55109416 1    
12.55259403 1    
12.55409177 1    
12.55534004 1    
12.55684213 1    
12.55833946 1    
12.55958927 1    
12.56108547 1    
12.56233802 1    
12.56383826 1    
12.56533593 1    
12.56658228 1    
12.56808613 1    
12.56933353 1    
12.57083315 1    
12.57233256 1    
12.57358275 1    
12.57508065 1    
12.57658069 1    
12.57782509 1    
12.57932908 1    
12.58057784 1    
12.58207662 1    
12.58357450 1    
12.58482437 1    
12.58632575 1    
12.58757353 1    
12.58906926 1    
12.59057157 1    
12.59182206 1    
12.59331995 1    
12.59457502 1    
12.59607051 1    
12.59756737 1    
12.59881775 1    
12.60031334 1    
12.60156492 1    
12.60306476 1    
12.60456316 1    
12.60580943 1    
12.60731221 1    
12.60856129 1    
12.61005985 1    
12.61155737 1    
12.61280885 1    
12.61430997 1    
12.61555750 1    
12.61705396 1    
12.61855538 1    
12.61980469 1    
12.62130377 1    
12.62279965 1    
12.62405415 1    
12.62554528 1    
12.62679991 1    
12.62829819 1    
12.62979936 1    
12.63104850 1    
12.63255091 1    
12.63379358 1    
12.63529578 1    
12.63679530 1    
12.63804503 1    
12.63954125 1    
12.64104306 1    
12.64254146 1    
12.64379144 1    
12.64528714 1    
12.64654026 1    
12.64803886 1    
12.64953799 1    
12.65078406 1    
12.65228855 1    
12.65353526 1    
12.65503593 1    
12.65653309 1    
12.65778346 1    
12.65928129 1    
12.66053304 1    
12.66202722 1    
12.66353097 1    
12.66477952 1    
12.66627739 1    
12.66777440 1    
12.66902606 1    
12.67052549 1    
12.67177749 1    
12.67327125 1    
12.67477424 1    
12.67602387 1    
12.67760313 1    
12.67876749 1    
12.68027075 1    
12.68177021 1    
12.68301853 1    
12.68451563 1    
12.68576686 1    
12.68726615 1    
12.68876723 1    
12.69001111 1    
12.69151304 1    
12.69301445 1    
12.69426203 1    
12.69575909 1    
12.69700998 1    
12.69851019 1    
12.70000969 1    
12.70125492 1    
12.70275662 1    
12.70400600 1    
12.70550514 1    
12.70700207 1    
12.70825468 1    
12.70975382 1    
12.71125223 1    
12.71250279 1    
12.71400248 1    
12.71524972 1    
12.71674953 1    
12.71824516 1    
12.71949746 1    
12.72099896 1    
12.72224631 1    
12.72238801 -1   
12.72374586 1    
12.72524447 1    
12.72649325 1    
12.72799004 1    
12.72949154 1    
12.72974279 1    
12.73099179 1    
12.73249050 1    
12.73373989 1    
12.73523809 1    
12.73649164 1    
12.73652269 -1   
12.74225873 -1   
12.74227644 -1   
12.74231824 -1   
12.89945552 -1   
13.13826473 1    
13.13975497 1    
13.14013597 1    
13.16749476 1    
13.16874350 1    
13.19397618 1    
13.19547323 1    
13.19672319 1    
13.21321467 1    
13.22221115 1    
13.22371033 1    
13.23095349 1    
13.23220578 1    
13.23370243 1    
13.23520104 1    
13.23530151 -1   
13.23645304 1    
13.23819708 1    
13.26493659 1    
13.26618150 1    
13.26768283 1    
13.30216935 1    
13.30366371 1    
13.30516021 1    
13.32816939 1    
13.67380811 1    
14.23089419 1    
14.23238427 1    
14.23276663 1    
14.26112122 1    
14.26261516 1    
14.38180565 1    
14.38329484 1    
14.38455236 1    
14.39438664 1    
14.39449675 -1   
14.41827641 1    
14.41977253 1    
14.44002113 1    
14.44125879 1    
14.44275859 1    
14.46925158 1    
14.47074551 1    
14.47199207 1    
14.47349070 1    
14.47498983 1    
14.47624303 1    
14.47973653 1    
14.48123962 1    
14.49048147 1    
14.49873199 1    
14.49997537 1    
14.50148248 1    
14.50297418 1    
14.50422619 1    
14.50572157 1    
14.50697419 1    
14.50847210 1    
14.51022240 1    
14.52146382 1    
14.52296140 1    
14.52446354 1    
14.52571313 1    
14.52720972 1    
14.52846288 1    
14.52995733 1    
14.53146080 1    
14.53270787 1    
14.54545532 1    
14.54669838 1    
14.54820156 1    
14.54944760 1    
14.55094874 1    
14.55244619 1    
14.55255450 -1   
14.55769536 1    
14.55919408 1    
14.55922159 -1   
14.58318911 1    
14.58467861 1    
14.58592862 1    
14.58742510 1    
14.60442180 1    
14.60591462 1    
14.60741607 1    
14.60866459 1    
14.63265887 1    
14.63389907 1    
14.63541445 1    
14.63566554 1    
14.71990873 -1   
16.97038108 -1   
20.76162305 -1   
24.73688447 -1   
24.74637718 -1   
24.74667627 -1   
24.89959570 -1   
25.17630146 1    
28.73721438 -1   
28.96279897 1    
28.96298293 -1   
29.12467640 -1   
29.15777221 1    
29.36015787 1    
29.36096945 -1   
29.52343771 -1   
29.63716396 1    
29.69003434 1    
29.72951686 1    
29.73925804 1    
29.73960678 -1   
29.83777170 1    
29.98281498 -1   
30.04027209 1    
30.14457897 -1   
30.20292622 1    
