0.00000000 1    
0.00017267 -1   
0.16164595 1    
0.16175236 -1   
3.35373532 -1   
3.59643602 1    
3.59665425 -1   
3.75934154 1    
3.75938199 -1   
3.76949286 -1   
3.92358650 1    
3.92362893 -1   
3.98435849 1    
4.00507959 1    
4.01484472 1    
4.08728127 1    
4.24878943 1    
4.24908906 -1   
4.43193538 1    
4.43239843 -1   
4.64355708 1    
4.76774951 -1   
4.93816485 1    
4.93846134 -1   
5.14080095 1    
5.14111653 -1   
5.40187969 1    
5.88562832 1    
5.88579440 -1   
6.07260430 1    
6.11689849 1    
6.13763350 1    
6.13790415 -1   
6.16686975 1    
6.27495939 1    
6.53250355 1    
6.53355184 -1   
6.98637701 1    
6.98764212 1    
6.98801260 1    
7.01660566 1    
7.17731863 1    
7.17961574 -1   
7.34098959 -1   
7.60414466 1    
7.72522874 1    
7.72671786 1    
7.81344479 1    
7.84596530 -1   
8.00736215 -1   
8.26589541 1    
8.26740528 1    
8.26776732 1    
8.27615133 1    
8.27765749 1    
8.28587661 1    
8.28712408 1    
8.28861814 1    
8.31861392 1    
8.32012125 1    
8.43080117 1    
8.43205994 1    
8.43354395 1    
8.43503627 1    
8.44030565 1    
8.44041557 -1   
8.44178611 1    
8.44305414 1    
8.44453270 1    
8.44930157 1    
8.45078095 1    
8.45202709 1    
8.45353237 1    
8.45504228 1    
8.45630267 1    
8.45777619 1    
8.45902513 1    
8.48351715 1    
8.48476114 1    
8.48625795 1    
8.48775963 1    
8.59570517 1    
8.59719872 1    
8.59844382 1    
8.59996459 1    
8.60146743 1    
8.60269134 1    
8.60421940 1    
8.60546501 1    
8.60696474 1    
8.60697822 -1   
8.60845861 1    
8.60971017 1    
8.61120463 1    
8.61270618 1    
8.61396010 1    
8.61545157 1    
8.61670750 1    
8.61820397 1    
8.61970163 1    
8.62095368 1    
8.62245350 1    
8.62370440 1    
8.62520248 1    
8.62670236 1    
8.62795200 1    
8.62942890 1    
8.63092657 1    
8.63217389 1    
8.63367720 1    
8.63492219 1    
8.63642533 1    
8.64693855 1    
8.64819201 1    
8.64968416 1    
8.65118392 1    
8.65243493 1    
8.65393658 1    
8.65518476 1    
8.65529569 -1   
8.65668511 1    
8.69091800 1    
8.69241020 1    
8.76063163 1    
8.76211763 1    
8.76335402 1    
8.76484906 1    
8.76634914 1    
8.76759697 1    
8.76909835 1    
8.77003714 1    
8.77988338 -1   
8.81037249 -1   
9.18363992 1    
9.18513145 1    
9.18550564 1    
9.19463020 1    
9.19610317 1    
9.19737285 1    
9.19890806 1    
9.21461419 1    
9.21477520 -1   
9.21584724 1    
9.21736592 1    
9.21886412 1    
9.22008918 1    
9.22159052 1    
9.22436088 1    
9.22585945 1    
9.22708399 1    
9.26557098 1    
9.26681069 1    
9.26833181 1    
9.26983108 1    
9.27106381 1    
9.27257808 1    
9.27380929 1    
9.27533114 1    
9.27683329 1    
9.27807495 1    
9.27955392 1    
9.28580372 1    
9.28705362 1    
9.28857007 1    
9.29555584 1    
9.29704643 1    
9.29829581 1    
9.30554612 1    
9.30677651 -1   
9.30703706 1    
9.35557323 1    
9.37630810 -1   
9.75081576 1    
9.76080357 1    
9.76202859 1    
9.79354412 1    
9.79475820 1    
9.91336438 1    
9.94472277 -1   
9.95506605 -1   
10.10638079 -1   
10.34702445 -1   
10.38717684 1    
10.38867017 1    
10.38904788 1    
10.39791978 1    
10.39941217 1    
10.42840904 1    
10.42991366 1    
10.43114508 1    
10.43264547 1    
10.43414529 1    
10.43541073 1    
10.43691310 1    
10.43814078 1    
10.43963929 1    
10.44114164 1    
10.44238800 1    
10.44392636 1    
10.50865272 -1   
10.55185099 1    
10.55332859 1    
10.55482712 1    
10.55609086 1    
10.56109718 1    
10.56258821 1    
10.56409308 1    
10.56534351 1    
10.59233664 1    
10.59382417 1    
10.59507433 1    
10.59654911 1    
10.59805019 1    
10.59929584 1    
10.60079760 1    
10.60204462 1    
10.60354738 1    
10.60363081 -1   
10.60504617 1    
10.60631940 1    
10.60782129 1    
10.60906703 1    
10.61056931 1    
10.61206648 1    
10.61329442 1    
10.61478864 1    
10.61630876 1    
10.61755985 1    
10.61906141 1    
10.62028586 1    
10.62178835 1    
10.62330448 1    
10.62455690 1    
10.64703115 1    
10.64853896 1    
10.71030737 -1   
10.71526340 1    
10.71650791 1    
10.71800888 1    
10.71947846 1    
10.72073025 1    
10.72225297 1    
10.72350125 1    
10.72500275 1    
10.72650298 1    
10.72775020 1    
10.72922884 1    
10.73047350 1    
10.73197605 1    
10.73349558 1    
10.73474160 1    
10.73624087 1    
10.75724042 1    
10.75873201 1    
10.76022906 1    
10.76148307 1    
10.76295825 1    
10.76307123 -1   
10.76420510 1    
10.76570351 1    
10.76720423 1    
10.76845080 1    
10.76995298 1    
10.77119786 1    
10.77270222 1    
10.77420121 1    
10.77547257 1    
10.77697227 1    
10.77822457 1    
10.77969381 1    
10.78121818 1    
10.78246392 1    
10.78396639 1    
10.78521419 1    
10.78668975 1    
10.78821008 1    
10.78946450 1    
10.79095927 1    
10.79221192 1    
10.79370880 1    
10.79521446 1    
10.79643657 1    
10.79793507 1    
10.79943294 1    
10.80068668 1    
10.80218134 1    
10.80343454 1    
10.80494855 1    
10.80645364 1    
10.80769897 1    
10.80920229 1    
10.81045053 1    
10.81192860 1    
10.81344351 1    
10.81355978 -1   
10.81470014 1    
10.81618820 1    
10.81744760 1    
10.81894795 1    
10.82044718 1    
10.82194305 1    
10.82319382 1    
10.82469250 1    
10.82619214 1    
10.85192744 1    
10.85340445 1    
10.87989377 1    
10.87993187 -1   
10.88114209 1    
10.88263579 1    
10.88415882 1    
10.88540736 1    
10.88688615 1    
10.88814782 1    
10.88963204 1    
10.89115228 1    
10.89240462 1    
10.89390301 1    
10.89513139 1    
10.89662630 1    
10.89815137 1    
10.89939971 1    
10.90090232 1    
10.90215044 1    
10.90362543 1    
10.90512149 1    
10.90639048 1    
10.90789164 1    
10.90939341 1    
10.91063823 1    
10.91211785 1    
10.91336888 1    
10.91349272 -1   
10.91489156 1    
10.91638772 1    
10.91761937 1    
10.91913605 1    
10.92036495 1    
10.92190624 1    
10.92338818 1    
10.92488752 1    
10.92613810 1    
10.92763587 1    
10.92911415 1    
10.93082106 1    
10.93185661 1    
10.93337881 1    
10.93488329 1    
10.93610468 1    
10.93761192 1    
10.93910558 1    
10.94035869 1    
10.94185400 1    
10.94310412 1    
10.94461069 1    
10.94610269 1    
10.94734749 1    
10.94885058 1    
10.95009461 1    
10.95159783 1    
10.95309547 1    
10.95436549 1    
10.95587409 1    
10.95712255 1    
10.95861672 1    
10.96011700 1    
10.96136225 1    
10.96144916 -1   
10.96284313 1    
10.96410838 1    
10.96561315 1    
10.96708741 1    
10.96836341 1    
10.96986054 1    
10.97108679 1    
10.97258275 1    
10.97410556 1    
10.97534703 1    
10.97687413 1    
10.97810505 1    
10.97958222 1    
10.98110087 1    
10.98233009 1    
10.98385125 1    
10.98535401 1    
10.98657959 1    
10.98807771 1    
10.98934027 1    
10.99084636 1    
10.99091292 -1   
10.99234630 1    
10.99359330 1    
10.99509235 1    
10.99632015 1    
10.99782406 1    
10.99933690 1    
11.00057143 1    
11.00209140 1    
11.00357025 1    
11.00481530 1    
11.00633997 1    
11.00758787 1    
11.00908727 1    
11.01021859 -1   
11.01058388 1    
11.01181525 1    
11.01334927 1    
11.01455875 1    
11.01608307 1    
11.01758968 1    
11.01880926 1    
11.02030616 1    
11.02155854 1    
11.02305258 1    
11.02455512 1    
11.02582077 1    
11.02732328 1    
11.02880215 1    
11.03005303 1    
11.03156649 1    
11.03280199 1    
11.03432333 1    
11.03582672 1    
11.03704845 1    
11.03857069 1    
11.03979660 1    
11.04131897 1    
11.04281702 1    
11.04406991 1    
11.04554423 1    
11.04706050 1    
11.04830516 1    
11.04981160 1    
11.05106050 1    
11.05256527 1    
11.05403812 1    
11.05530770 1    
11.05680971 1    
11.05806182 1    
11.05955447 1    
11.06108567 1    
11.06228343 1    
11.06378341 1    
11.06528183 1    
11.06653318 1    
11.06805000 1    
11.06806575 -1   
11.06930407 1    
11.07077712 1    
11.07230227 1    
11.07355133 1    
11.07504762 1    
11.07654930 1    
11.07777529 1    
11.07927521 1    
11.08052463 1    
11.08202201 1    
11.08354427 1    
11.08479382 1    
11.08629915 1    
11.08751851 1    
11.08902049 1    
11.09051455 1    
11.09176676 1    
11.09326296 1    
11.09333155 -1   
11.09451549 1    
11.09601327 1    
11.09753654 1    
11.09876080 1    
11.10028782 1    
11.10176106 1    
11.10303964 1    
11.10452955 1    
11.10578399 1    
11.10728064 1    
11.10878308 1    
11.11002865 1    
11.11153136 1    
11.11275429 1    
11.11425331 1    
11.11577151 1    
11.11702369 1    
11.11851909 1    
11.12002124 1    
11.12124911 1    
11.12274835 1    
11.12399495 1    
11.12552014 1    
11.12701972 1    
11.12827140 1    
11.12974457 1    
11.13101192 1    
11.13249333 1    
11.13401249 1    
11.13526081 1    
11.13673873 1    
11.13800336 1    
11.13950500 1    
11.14100287 1    
11.14226035 1    
11.14375810 1    
11.14500902 1    
11.14617540 -1   
11.14648479 1    
11.14800477 1    
11.14950733 1    
11.15075260 1    
11.15225553 1    
11.15373028 1    
11.15498131 1    
11.15649544 1    
11.15774580 1    
11.15924569 1    
11.16074699 1    
11.16197568 1    
11.16347769 1    
11.16521466 1    
11.16624639 1    
11.16772187 1    
11.16899661 1    
11.17047007 1    
11.17197121 1    
11.17321774 1    
11.17471983 1    
11.17596653 1    
11.17746898 1    
11.17896791 1    
11.18021482 1    
11.18171408 1    
11.18324001 1    
11.18448854 1    
11.18598956 1    
11.18720977 1    
11.18871157 1    
11.19023477 1    
11.19147881 1    
11.19298448 1    
11.19423341 1    
11.19570753 1    
11.19576306 -1   
11.19720852 1    
11.19845350 1    
11.19995338 1    
11.20120315 1    
11.20270569 1    
11.20421858 1    
11.20534601 -1   
11.20545376 1    
11.20697669 1    
11.20822366 1    
11.20972015 1    
11.21122555 1    
11.21244865 1    
11.21394967 1    
11.21521080 1    
11.21671840 1    
11.21822033 1    
11.21946886 1    
11.22094318 1    
11.22219269 1    
11.22368871 1    
11.22521739 1    
11.22531012 -1   
11.22646248 1    
11.22796262 1    
11.22918928 1    
11.23068633 1    
11.23219081 1    
11.23343430 1    
11.23493559 1    
11.23643177 1    
11.23768442 1    
11.23917923 1    
11.24042977 1    
11.24192907 1    
11.24343010 1    
11.24467560 1    
11.24618240 1    
11.24918010 1    
11.25042360 1    
11.25192417 1    
11.25342800 1    
11.25467477 1    
11.25617749 1    
11.25767158 1    
11.25775722 -1   
11.25892139 1    
11.26044300 1    
11.26169564 1    
11.26317004 1    
11.26466887 1    
11.26594230 1    
11.26744105 1    
11.26868585 1    
11.27018969 1    
11.27166266 1    
11.27291334 1    
11.27440900 1    
11.27566057 1    
11.27718042 1    
11.27865931 1    
11.27990908 1    
11.28143225 1    
11.28292840 1    
11.28417905 1    
11.28567774 1    
11.28690678 1    
11.28753803 1    
11.28915340 1    
11.29065124 1    
11.29192404 1    
11.29342265 1    
11.29492250 1    
11.29614960 1    
11.29616964 -1   
11.29765123 1    
11.29889750 1    
11.30041089 1    
11.30191858 1    
11.30316790 1    
11.30464336 1    
11.30614513 1    
11.30741080 1    
11.30891629 1    
11.31014013 1    
11.31163925 1    
11.31314272 1    
11.31439354 1    
11.31588802 1    
11.31713920 1    
11.31863511 1    
11.32016064 1    
11.32138488 1    
11.32288947 1    
11.32413779 1    
11.32563597 1    
11.32713449 1    
11.32725288 -1   
11.32838645 1    
11.32990141 1    
11.33113088 1    
11.33262809 1    
11.33414830 1    
11.33539298 1    
11.33687995 1    
11.33812911 1    
11.33962568 1    
11.34113868 1    
11.34239726 1    
11.34389458 1    
11.34514523 1    
11.34661924 1    
11.34813901 1    
11.34939136 1    
11.35088614 1    
11.35213819 1    
11.35362577 1    
11.35512983 1    
11.35638216 1    
11.35789347 1    
11.35936431 1    
11.36063450 1    
11.36211439 1    
11.36336132 1    
11.36487381 1    
11.36635754 1    
11.36760901 1    
11.36910702 1    
11.37060852 1    
11.37185507 1    
11.37335781 1    
11.37485292 1    
11.37610335 1    
11.37760414 1    
11.37910535 1    
11.38035144 1    
11.38185664 1    
11.38310125 1    
11.38460343 1    
11.38474348 -1   
11.38609625 1    
11.38734621 1    
11.38884887 1    
11.39009562 1    
11.39159624 1    
11.39309366 1    
11.39434586 1    
11.39584076 1    
11.39709250 1    
11.39859059 1    
11.40010836 1    
11.40136133 1    
11.40283968 1    
11.40433638 1    
11.40558983 1    
11.40708698 1    
11.40833349 1    
11.40986733 1    
11.41133578 1    
11.41258272 1    
11.41408840 1    
11.41533156 1    
11.41545505 -1   
11.41683105 1    
11.41832926 1    
11.41957955 1    
11.42108020 1    
11.42257862 1    
11.42382384 1    
11.42532767 1    
11.42657634 1    
11.42807207 1    
11.42957551 1    
11.43082378 1    
11.43231962 1    
11.43357598 1    
11.43506922 1    
11.43657143 1    
11.43781835 1    
11.43931724 1    
11.44081744 1    
11.44207121 1    
11.44356556 1    
11.44506789 1    
11.44970575 1    
11.46706153 1    
11.46710411 -1   
11.46854978 1    
11.47004913 1    
11.47130199 1    
11.47279986 1    
11.47404920 1    
11.47554771 1    
11.47705005 1    
11.47829338 1    
11.47979540 1    
11.48104435 1    
11.48254388 1    
11.48404216 1    
11.48529362 1    
11.48678969 1    
11.48804258 1    
11.48956179 1    
11.49105877 1    
11.49230470 1    
11.49378966 1    
11.49505952 1    
11.49653560 1    
11.49803378 1    
11.49930063 1    
11.50078030 1    
11.50205294 1    
11.50353036 1    
11.50503347 1    
11.50628023 1    
11.50778214 1    
11.50903086 1    
11.51053038 1    
11.51202319 1    
11.51327524 1    
11.51477322 1    
11.51627479 1    
11.51752253 1    
11.51763952 -1   
11.51902483 1    
11.52028888 1    
11.52176915 1    
11.52326726 1    
11.52452211 1    
11.52603861 1    
11.52726834 1    
11.52876430 1    
11.53026615 1    
11.53151479 1    
11.53301319 1    
11.53451106 1    
11.53576325 1    
11.53726210 1    
11.53851329 1    
11.54000822 1    
11.54153416 1    
11.54275630 1    
11.54427929 1    
11.54553161 1    
11.54700815 1    
11.54850419 1    
11.54975510 1    
11.55125187 1    
11.55276924 1    
11.55399981 1    
11.55550054 1    
11.55699907 1    
11.55824937 1    
11.55974515 1    
11.56099892 1    
11.56249390 1    
11.56401725 1    
11.56526657 1    
11.56538563 -1   
11.56674780 1    
11.56801440 1    
11.56951965 1    
11.57099076 1    
11.57223897 1    
11.57375609 1    
11.57501515 1    
11.57650925 1    
11.57799065 1    
11.57923730 1    
11.58073741 1    
11.58200063 1    
11.58348512 1    
11.58499985 1    
11.58625804 1    
11.58773060 1    
11.58925474 1    
11.59050407 1    
11.59200595 1    
11.59350033 1    
11.59498077 1    
11.59623002 1    
11.59772999 1    
11.59893134 -1   
11.59921761 1    
11.60047616 1    
11.60197634 1    
11.60322230 1    
11.60472225 1    
11.60621975 1    
11.60747265 1    
11.60899079 1    
11.61024819 1    
11.61174194 1    
11.61322083 1    
11.61446696 1    
11.61457828 -1   
11.61596653 1    
11.61746394 1    
11.61871705 1    
11.62021235 1    
11.62146575 1    
11.62296071 1    
11.62448147 1    
11.62573309 1    
11.62723736 1    
11.62845936 1    
11.62995956 1    
11.63145542 1    
11.63270765 1    
11.63420463 1    
11.63570234 1    
11.63695359 1    
11.63845449 1    
11.63969989 1    
11.64122660 1    
11.64269913 1    
11.64396766 1    
11.64545057 1    
11.64669888 1    
11.64819819 1    
11.64969892 1    
11.65094376 1    
11.65244562 1    
11.65394419 1    
11.65521749 1    
11.65671179 1    
11.65794190 1    
11.65943941 1    
11.66096328 1    
11.66220901 1    
11.66369123 1    
11.66382590 -1   
11.66494948 1    
11.66643621 1    
11.66793383 1    
11.66918520 1    
11.67068579 1    
11.67218173 1    
11.67343452 1    
11.67493147 1    
11.67618208 1    
11.67769999 1    
11.67917906 1    
11.68042853 1    
11.68193251 1    
11.68218390 1    
11.68392768 1    
11.68517457 1    
11.68667693 1    
11.68669320 -1   
11.68817473 1    
11.68942213 1    
11.69092451 1    
11.69216962 1    
11.69367346 1    
11.69516998 1    
11.69629844 -1   
11.69642427 1    
11.69791969 1    
11.69942275 1    
11.70066544 1    
11.70216643 1    
11.70341371 1    
11.70491729 1    
11.70643836 1    
11.70768412 1    
11.70918411 1    
11.71043756 1    
11.71191122 1    
11.71341299 1    
11.71465837 1    
11.71615930 1    
11.71740588 1    
11.71751699 -1   
11.71890926 1    
11.72040639 1    
11.72240727 1    
11.72365187 1    
11.72517738 1    
11.72642579 1    
11.72792454 1    
11.72940048 1    
11.73065165 1    
11.73214740 1    
11.73414920 1    
11.73564488 1    
11.73714913 1    
11.73842027 1    
11.73991589 1    
11.74491272 1    
11.76363846 1    
11.76513116 1    
11.78337505 1    
11.78486967 1    
11.81785566 1    
11.81934897 1    
11.84531585 1    
11.84683862 1    
11.84833468 1    
11.84983097 1    
11.85108184 1    
11.85257757 1    
11.85383011 1    
11.85533201 1    
11.85683546 1    
11.85687112 -1   
11.85808408 1    
11.85957889 1    
11.86082693 1    
11.86232422 1    
11.86382300 1    
11.86982367 1    
11.87107123 1    
11.87256699 1    
11.87406819 1    
11.87531497 1    
11.87681870 1    
11.87806381 1    
11.87956348 1    
11.88106592 1    
11.88231454 1    
11.88381149 1    
11.88507617 1    
11.88656030 1    
11.88806577 1    
11.88931329 1    
11.89080959 1    
11.89206114 1    
11.89356165 1    
11.89507705 1    
11.89633125 1    
11.92979421 1    
11.92991343 -1   
11.93128829 1    
11.93253374 1    
11.93403400 1    
11.93552984 1    
11.95778180 1    
11.95902086 1    
11.96051661 1    
11.97001844 1    
11.97151370 1    
11.97778055 1    
11.97900931 1    
11.98050819 1    
11.98203327 1    
11.98327609 1    
11.98477850 1    
11.98600505 1    
11.98750431 1    
11.98900610 1    
11.99025553 1    
11.99175308 1    
11.99300567 1    
11.99449755 1    
11.99599838 1    
11.99724800 1    
11.99874726 1    
11.99999514 1    
12.00149622 1    
12.00299207 1    
12.00424856 1    
12.00574214 1    
12.00701449 1    
12.00851224 1    
12.00889271 1    
12.02748986 1    
12.02753709 -1   
12.02873222 1    
12.08170905 1    
12.08322131 1    
12.08447072 1    
12.08597194 1    
12.08744802 1    
12.08871023 1    
12.15893485 1    
12.16015505 1    
12.16167704 1    
12.17015539 1    
12.17139991 1    
12.17289991 1    
12.17764754 1    
12.17914378 1    
12.18039453 1    
12.19121072 1    
12.19124368 -1   
12.19391046 1    
12.35360350 1    
12.35363933 -1   
12.50200141 -1   
12.55847202 -1   
12.72137941 -1   
12.95772994 1    
12.95921821 1    
12.96017064 1    
12.96171462 1    
12.96319965 1    
12.96444474 1    
12.96594820 1    
12.96719045 1    
12.96869500 1    
12.97019140 1    
12.99245574 1    
12.99369909 1    
12.99520504 1    
13.00317849 1    
13.00442443 1    
13.02067746 1    
13.02078749 -1   
13.02218139 1    
13.02343072 1    
13.02493276 1    
13.02642872 1    
13.02768055 1    
13.02915694 1    
13.03143182 1    
13.03292657 1    
13.04117137 1    
13.04266984 1    
13.04991811 1    
13.05140843 1    
13.05291717 1    
13.06889008 1    
13.07038695 1    
13.07190282 1    
13.12323450 1    
13.12362351 -1   
13.14736441 1    
13.14859329 1    
13.15658875 1    
13.15808424 1    
13.15933337 1    
13.16082982 1    
13.16233076 1    
13.16357914 1    
13.16509804 1    
13.16659791 1    
13.16782823 1    
13.16934936 1    
13.17058013 1    
13.17208939 1    
13.17357517 1    
13.17482265 1    
13.17857638 1    
13.17982088 1    
13.18132215 1    
13.18284084 1    
13.18409192 1    
13.18558957 1    
13.18716023 1    
13.18833936 1    
13.18984393 1    
13.19108702 1    
13.19259019 1    
13.19408980 1    
13.19410387 -1   
13.19532994 1    
13.19683170 1    
13.19806057 1    
13.19958158 1    
13.20108372 1    
13.20605997 1    
13.20755602 1    
13.20906969 1    
13.21032614 1    
13.21182372 1    
13.21607101 1    
13.21732942 1    
13.21882217 1    
13.22031824 1    
13.22157193 1    
13.22307428 1    
13.22431787 1    
13.22631804 1    
13.22781390 1    
13.28758593 1    
13.47845219 -1   
13.54162201 1    
13.54313394 1    
13.54408850 1    
13.54561638 1    
13.54690153 1    
13.54838330 1    
13.54989553 1    
13.55113140 1    
13.55312716 1    
13.55437641 1    
13.57412044 1    
13.57561726 1    
13.57711485 1    
13.57836506 1    
13.57986178 1    
13.58111558 1    
13.60333504 1    
13.60457581 1    
13.60609743 1    
13.60759888 1    
13.60882514 1    
13.61034651 1    
13.61184856 1    
13.61307793 1    
13.61457111 1    
13.61581981 1    
13.61732021 1    
13.61883055 1    
13.62006749 1    
13.62156972 1    
13.62281476 1    
13.62431581 1    
13.62581315 1    
13.62585516 -1   
13.62706446 1    
13.62856105 1    
13.62981366 1    
13.63133437 1    
13.63281235 1    
13.63408095 1    
13.63557988 1    
13.63707980 1    
13.63833094 1    
13.64135205 -1   
13.64657731 1    
13.64806863 1    
13.64932685 1    
13.65082112 1    
13.65232060 1    
13.65357126 1    
13.65507172 1    
13.65656820 1    
13.65779910 1    
13.65931624 1    
13.66056879 1    
13.66206672 1    
13.66355812 1    
13.66479194 1    
13.66631542 1    
13.66756101 1    
13.66905286 1    
13.67055992 1    
13.67179198 1    
13.67331090 1    
13.67455696 1    
13.67604994 1    
13.67755943 1    
13.67878278 1    
13.68030771 1    
13.68178324 1    
13.68305510 1    
13.68455184 1    
13.68578030 1    
13.68730091 1    
13.68880415 1    
13.69004974 1    
13.69155090 1    
13.69162870 -1   
13.69277731 1    
13.69429329 1    
13.69577561 1    
13.69704899 1    
13.69854261 1    
13.70004529 1    
13.70129731 1    
13.70277005 1    
13.70402047 1    
13.70551830 1    
13.70701604 1    
13.70826637 1    
13.70976884 1    
13.71101659 1    
13.71251806 1    
13.71401875 1    
13.71526626 1    
13.71678459 1    
13.71803206 1    
13.71953170 1    
13.72101294 1    
13.72228432 1    
13.72376107 1    
13.72503257 1    
13.72653001 1    
13.72802836 1    
13.72925649 1    
13.73077813 1    
13.73202781 1    
13.73352624 1    
13.73503014 1    
13.73624844 1    
13.73775395 1    
13.73901543 1    
13.74051958 1    
13.74060704 -1   
13.74202171 1    
13.74326961 1    
13.74474916 1    
13.74601822 1    
13.74751805 1    
13.74901830 1    
13.75026433 1    
13.75176306 1    
13.75326671 1    
13.75451183 1    
13.75601382 1    
13.75726094 1    
13.75876194 1    
13.76025790 1    
13.76150875 1    
13.76298678 1    
13.76423717 1    
13.76580174 1    
13.76725715 1    
13.76850557 1    
13.76999937 1    
13.77150300 1    
13.77275166 1    
13.77425207 1    
13.77550260 1    
13.77700068 1    
13.77850317 1    
13.77974816 1    
13.78125128 1    
13.78249581 1    
13.78399524 1    
13.78549587 1    
13.78674700 1    
13.78824384 1    
13.78974574 1    
13.78979547 -1   
13.79099454 1    
13.79248977 1    
13.79371778 1    
13.79523835 1    
13.79674185 1    
13.79798883 1    
13.79948981 1    
13.80073565 1    
13.80223674 1    
13.80373352 1    
13.80523438 1    
13.80648400 1    
13.80798472 1    
13.80923216 1    
13.81073219 1    
13.81220812 1    
13.81346249 1    
13.81495653 1    
13.81645378 1    
13.81770562 1    
13.81920759 1    
13.82045172 1    
13.82195557 1    
13.82345105 1    
13.82470429 1    
13.82619958 1    
13.82744828 1    
13.82750388 -1   
13.82895200 1    
13.83044732 1    
13.83169903 1    
13.83319706 1    
13.83469650 1    
13.83594485 1    
13.83744318 1    
13.83869126 1    
13.84019355 1    
13.84169074 1    
13.84294206 1    
13.84295765 -1   
13.84444157 1    
13.84568958 1    
13.84718873 1    
13.84868558 1    
13.84993808 1    
13.85143483 1    
13.85293756 1    
13.85418253 1    
13.85568523 1    
13.85693308 1    
13.85843022 1    
13.85993019 1    
13.86118213 1    
13.86267815 1    
13.86392955 1    
13.86542700 1    
13.86692813 1    
13.86817562 1    
13.86967483 1    
13.87092358 1    
13.87242563 1    
13.87392227 1    
13.87517349 1    
13.87667126 1    
13.87817190 1    
13.87941863 1    
13.88091802 1    
13.88216833 1    
13.88366828 1    
13.88516639 1    
13.88637266 -1   
13.88641000 1    
13.88791761 1    
13.88916533 1    
13.89066170 1    
13.89216468 1    
13.89341337 1    
13.89491298 1    
13.89616068 1    
13.89766115 1    
13.89915715 1    
13.90040690 1    
13.90190699 1    
13.90315732 1    
13.90465392 1    
13.90615526 1    
13.90740324 1    
13.90890524 1    
13.91015068 1    
13.91164951 1    
13.91315079 1    
13.91440344 1    
13.91589738 1    
13.91715055 1    
13.91864608 1    
13.92014806 1    
13.92139588 1    
13.92289283 1    
13.92439282 1    
13.92564523 1    
13.92714036 1    
13.92839857 1    
13.92989336 1    
13.93139287 1    
13.93263818 1    
13.93414016 1    
13.93538694 1    
13.93688921 1    
13.93810308 -1   
13.93838488 1    
13.93963432 1    
13.94113875 1    
13.94263263 1    
13.94388419 1    
13.94538136 1    
13.94663313 1    
13.94812909 1    
13.94962943 1    
13.95088401 1    
13.95237940 1    
13.95362667 1    
13.95512805 1    
13.95662468 1    
13.95788101 1    
13.95937350 1    
13.96062236 1    
13.96212301 1    
13.96362392 1    
13.96487113 1    
13.96637111 1    
13.96786789 1    
13.96911990 1    
13.97061613 1    
13.97186484 1    
13.97336575 1    
13.97486688 1    
13.97611388 1    
13.97761817 1    
13.97886105 1    
13.98036444 1    
13.98186176 1    
13.98310919 1    
13.98460791 1    
13.98610992 1    
13.98735632 1    
13.98886006 1    
13.99010617 1    
13.99160683 1    
13.99310443 1    
13.99320785 -1   
13.99435737 1    
13.99585349 1    
13.99710501 1    
13.99860040 1    
14.00010211 1    
14.00135025 1    
14.00284708 1    
14.00410025 1    
14.00559990 1    
14.00709549 1    
14.00834703 1    
14.00984379 1    
14.01109599 1    
14.01259155 1    
14.01409093 1    
14.01534055 1    
14.01684267 1    
14.01808980 1    
14.01959170 1    
14.02109018 1    
14.02233930 1    
14.02383721 1    
14.02533549 1    
14.02683458 1    
14.02690852 -1   
14.02808678 1    
14.02958281 1    
14.03108408 1    
14.03233172 1    
14.03383102 1    
14.03507920 1    
14.03658177 1    
14.03807879 1    
14.03932969 1    
14.04082650 1    
14.04207911 1    
14.04357506 1    
14.04507469 1    
14.04632375 1    
14.04782504 1    
14.04907340 1    
14.05057446 1    
14.05206953 1    
14.05332320 1    
14.05481753 1    
14.05606731 1    
14.05756730 1    
14.05906844 1    
14.06031565 1    
14.06182345 1    
14.06306505 1    
14.06456656 1    
14.06606221 1    
14.06731075 1    
14.06880981 1    
14.07006222 1    
14.07155784 1    
14.07306216 1    
14.07430704 1    
14.07440884 -1   
14.07496269 1    
14.07498143 -1   
14.08305938 1    
14.08430221 1    
14.09329797 1    
14.09479549 1    
14.09604686 1    
14.10479659 1    
14.10604208 1    
14.10753922 1    
14.10904183 1    
14.11028620 1    
14.11178596 1    
14.11304066 1    
14.11453668 1    
14.11603301 1    
14.11728607 1    
14.11878599 1    
14.12003047 1    
14.12153166 1    
14.12303199 1    
14.12427763 1    
14.12578153 1    
14.12702635 1    
14.12852802 1    
14.13002671 1    
14.13127468 1    
14.13302527 1    
14.13452615 1    
14.14626684 1    
14.14751761 1    
14.14901539 1    
14.15051655 1    
14.15176271 1    
14.15326283 1    
14.15476196 1    
14.15601291 1    
14.15750994 1    
14.15876128 1    
14.15882542 -1   
14.16026044 1    
14.16175783 1    
14.16300742 1    
14.16450572 1    
14.16575880 1    
14.16725506 1    
14.16875586 1    
14.17000294 1    
14.17150391 1    
14.17275150 1    
14.17424897 1    
14.17574880 1    
14.17700132 1    
14.17849797 1    
14.17999906 1    
14.18124647 1    
14.18274883 1    
14.18399392 1    
14.18549446 1    
14.18699278 1    
14.18824557 1    
14.18974400 1    
14.19099373 1    
14.19248960 1    
14.19399197 1    
14.19523802 1    
14.19673864 1    
14.19807982 1    
14.19948858 1    
14.20098600 1    
14.20223648 1    
14.20373234 1    
14.20498579 1    
14.20648090 1    
14.20798136 1    
14.20923033 1    
14.21035187 -1   
14.21073240 1    
14.21199655 1    
14.21372981 1    
14.21497642 1    
14.21647933 1    
14.24071468 1    
14.24076335 -1   
19.60102221 1    
24.32696907 -1   
24.33648309 -1   
24.33678106 -1   
24.48965008 -1   
24.75264120 1    
28.47867478 -1   
28.68131437 1    
28.78324419 -1   
28.84297859 1    
28.94484578 -1   
29.00461003 1    
29.10652694 -1   
29.24449867 1    
29.26790885 -1   
29.40588375 1    
29.42959008 -1   
29.61153091 1    
29.61185099 -1   
29.77444866 1    
