0.00000000 1    
0.16132283 1    
0.16149289 -1   
0.32347233 1    
0.32363627 -1   
3.46675223 -1   
3.67053726 1    
3.67073251 -1   
3.83344207 1    
3.83350236 -1   
3.99818817 1    
3.99824977 -1   
4.16175625 1    
4.16204786 -1   
4.27634456 1    
4.30457500 1    
4.32606825 1    
4.32631436 1    
4.48916142 1    
4.48947808 -1   
4.69240517 -1   
4.70643999 1    
4.85406300 -1   
4.91023502 1    
4.91027767 1    
4.96145047 1    
4.98193309 1    
5.02691584 1    
5.02694992 -1   
5.07146416 1    
5.23659999 -1   
5.40279697 1    
5.40435125 -1   
5.56420595 1    
5.60837440 -1   
5.74175668 1    
5.74324718 1    
5.75174487 1    
5.76588264 1    
5.77025859 -1   
5.97242741 -1   
5.98770574 1    
6.18909346 1    
6.31567802 1    
6.31716791 1    
6.38967841 1    
6.42790273 -1   
6.67229077 -1   
6.90785703 1    
6.90910364 1    
6.91030575 1    
6.91184925 1    
6.91310146 1    
6.91759753 1    
6.91909931 1    
6.92733997 1    
6.93558983 1    
6.93708536 1    
7.07226782 1    
7.07376102 1    
7.07526169 1    
7.07650656 1    
7.07803583 1    
7.07810278 -1   
7.07925409 1    
7.08075349 1    
7.08225058 1    
7.08349864 1    
7.08500323 1    
7.08625091 1    
7.08774952 1    
7.09074506 1    
7.09222724 1    
7.09347277 1    
7.09500761 1    
7.10022195 1    
7.10174371 1    
7.10323785 1    
7.10449151 1    
7.23714956 1    
7.23841108 1    
7.23991279 1    
7.24141064 1    
7.24266245 1    
7.24415681 1    
7.24566025 1    
7.24690541 1    
7.24840466 1    
7.24841839 -1   
7.24966070 1    
7.25115251 1    
7.25265646 1    
7.25390462 1    
7.25540413 1    
7.25665104 1    
7.25815065 1    
7.25964947 1    
7.26090289 1    
7.26239662 1    
7.26390274 1    
7.26514573 1    
7.26666684 1    
7.26789240 1    
7.26939269 1    
7.27089562 1    
7.27214439 1    
7.27364070 1    
7.27487251 1    
7.27636834 1    
7.27786918 1    
7.27911669 1    
7.28061400 1    
7.28186485 1    
7.28336587 1    
7.28486257 1    
7.28611244 1    
7.28761164 1    
7.28772271 -1   
7.28913588 1    
7.30687677 1    
7.30835292 1    
7.40180566 1    
7.40331119 1    
7.40479706 1    
7.40606672 1    
7.40754227 1    
7.40879236 1    
7.41029507 1    
7.41178937 1    
7.41204100 1    
7.42190044 -1   
7.45132203 -1   
7.92003491 1    
7.92152513 1    
7.92187797 1    
7.92825701 1    
7.92927034 1    
7.93076367 1    
7.93226663 1    
7.93349145 1    
7.93440946 -1   
7.93551471 1    
7.93701205 1    
7.93826392 1    
7.93976095 1    
7.94099617 1    
7.94251289 1    
7.94402056 1    
7.94525824 1    
7.94676758 1    
7.94825483 1    
7.94950200 1    
7.95100233 1    
7.95225310 1    
7.95374040 1    
7.95525114 1    
7.95650077 1    
7.95800055 1    
7.95924679 1    
7.96073731 1    
7.96222471 1    
7.96347722 1    
7.96499644 1    
7.96624523 1    
7.96772226 1    
7.96922340 1    
7.97016633 -1   
7.97046962 1    
7.97196872 1    
8.08922739 1    
8.13343102 -1   
8.49669600 1    
8.49818903 1    
8.49842216 1    
8.52741287 1    
8.52890544 1    
8.66155097 1    
8.69653382 -1   
8.70614113 -1   
8.85804916 -1   
9.06335169 1    
9.06486673 1    
9.06509428 1    
9.07386320 1    
9.07534617 1    
9.07683841 1    
9.07811108 1    
9.07960710 1    
9.08411025 1    
9.08535234 1    
9.08685435 1    
9.08810038 1    
9.08960590 1    
9.09109947 1    
9.09233243 1    
9.09385109 1    
9.09509901 1    
9.09520320 -1   
9.22850972 1    
9.22999999 1    
9.23125146 1    
9.23274936 1    
9.23700284 1    
9.23849428 1    
9.23861673 -1   
9.24001853 1    
9.24126531 1    
9.24274577 1    
9.24424078 1    
9.24551089 1    
9.24698915 1    
9.24826093 1    
9.24975097 1    
9.25126043 1    
9.25251200 1    
9.25399209 1    
9.25525815 1    
9.25676191 1    
9.25823312 1    
9.25948210 1    
9.26100452 1    
9.26225653 1    
9.26373977 1    
9.26525676 1    
9.26647758 1    
9.26797921 1    
9.26922622 1    
9.27072345 1    
9.27222313 1    
9.27347645 1    
9.27497197 1    
9.27622688 1    
9.27624506 -1   
9.27772533 1    
9.39341794 1    
9.39491284 1    
9.39640532 1    
9.39765308 1    
9.39915478 1    
9.40040111 1    
9.40190342 1    
9.40339894 1    
9.40464830 1    
9.40614700 1    
9.40766609 1    
9.40890291 1    
9.41040000 1    
9.41164434 1    
9.41316420 1    
9.41464196 1    
9.41589168 1    
9.41739312 1    
9.41764766 -1   
9.41864539 1    
9.42013955 1    
9.42164390 1    
9.42288867 1    
9.42440468 1    
9.42566022 1    
9.42714023 1    
9.42863486 1    
9.42988728 1    
9.43138371 1    
9.43288677 1    
9.43413109 1    
9.43563146 1    
9.43688019 1    
9.43840335 1    
9.43987922 1    
9.44113231 1    
9.44262798 1    
9.44388203 1    
9.44537604 1    
9.44687302 1    
9.44812261 1    
9.44962772 1    
9.45112201 1    
9.45237965 1    
9.45387280 1    
9.45512624 1    
9.45662089 1    
9.45811816 1    
9.45936824 1    
9.46086973 1    
9.46213127 1    
9.46361718 1    
9.46511516 1    
9.46637516 1    
9.46786110 1    
9.46801259 -1   
9.46913803 1    
9.47061016 1    
9.47211462 1    
9.47335958 1    
9.47486113 1    
9.47611003 1    
9.47760829 1    
9.47910654 1    
9.48036307 1    
9.48185584 1    
9.48312843 1    
9.48314493 -1   
9.48460492 1    
9.48612002 1    
9.48737283 1    
9.55809425 1    
9.55955985 1    
9.56106500 1    
9.56230693 1    
9.56380925 1    
9.56505644 1    
9.56655475 1    
9.56805960 1    
9.56930717 1    
9.57080196 1    
9.57207324 1    
9.57356810 1    
9.57505361 1    
9.57629997 1    
9.57779928 1    
9.57904661 1    
9.58056564 1    
9.58207161 1    
9.58355017 1    
9.58504517 1    
9.58631583 1    
9.58780961 1    
9.58906770 1    
9.59056154 1    
9.59066275 -1   
9.59204447 1    
9.59329221 1    
9.59479267 1    
9.59628787 1    
9.59753820 1    
9.59903651 1    
9.60028877 1    
9.60178485 1    
9.60328599 1    
9.60453409 1    
9.60603473 1    
9.60728077 1    
9.60878253 1    
9.61028027 1    
9.61153405 1    
9.61305149 1    
9.61430223 1    
9.61579888 1    
9.61728009 1    
9.61854692 1    
9.62005474 1    
9.62130637 1    
9.62279752 1    
9.62429342 1    
9.62552861 1    
9.62702150 1    
9.62827175 1    
9.62976971 1    
9.63126657 1    
9.63251770 1    
9.63404272 1    
9.63529760 1    
9.63679348 1    
9.63688758 -1   
9.63829214 1    
9.63953860 1    
9.64103795 1    
9.64226323 1    
9.64376452 1    
9.64528193 1    
9.64653678 1    
9.64804472 1    
9.64951283 1    
9.65075677 1    
9.65225669 1    
9.65353193 1    
9.65505154 1    
9.65653119 1    
9.65776046 1    
9.65925348 1    
9.66052577 1    
9.66203260 1    
9.66352257 1    
9.66477273 1    
9.66625279 1    
9.66776778 1    
9.66903908 1    
9.66913525 -1   
9.67052378 1    
9.67176892 1    
9.67326919 1    
9.67476938 1    
9.67599687 1    
9.67749400 1    
9.67874225 1    
9.68023947 1    
9.68174165 1    
9.68315314 1    
9.68448812 1    
9.68598753 1    
9.68723857 1    
9.68833826 -1   
9.68873513 1    
9.68998650 1    
9.69148466 1    
9.69298611 1    
9.69423216 1    
9.69575411 1    
9.69700653 1    
9.69850423 1    
9.70001120 1    
9.70124638 1    
9.70273300 1    
9.70425099 1    
9.70550078 1    
9.70700161 1    
9.70825340 1    
9.70972480 1    
9.71122634 1    
9.71247049 1    
9.71399561 1    
9.71524236 1    
9.71672123 1    
9.71673759 -1   
9.71824317 1    
9.71949357 1    
9.72101873 1    
9.72299020 1    
9.72424305 1    
9.72571765 1    
9.72721470 1    
9.72848554 1    
9.72998689 1    
9.73148344 1    
9.73271402 1    
9.73420922 1    
9.73572777 1    
9.73720759 1    
9.73847258 1    
9.73997097 1    
9.74120833 1    
9.74270544 1    
9.74420809 1    
9.74547687 1    
9.74697618 1    
9.74706937 -1   
9.74822790 1    
9.74970289 1    
9.75121901 1    
9.75246791 1    
9.75396978 1    
9.75546717 1    
9.75671870 1    
9.75819609 1    
9.75944494 1    
9.76094575 1    
9.76246178 1    
9.76370777 1    
9.76521457 1    
9.76644069 1    
9.76794240 1    
9.76943803 1    
9.77068658 1    
9.77218560 1    
9.77368949 1    
9.77493467 1    
9.77643870 1    
9.77770139 1    
9.77920330 1    
9.78069851 1    
9.78193275 1    
9.78342997 1    
9.78468161 1    
9.78617831 1    
9.78767950 1    
9.78892761 1    
9.78896157 -1   
9.79042689 1    
9.79192794 1    
9.79317949 1    
9.79467378 1    
9.79592530 1    
9.79742252 1    
9.79892630 1    
9.80017237 1    
9.80168579 1    
9.80291930 1    
9.80444420 1    
9.80591989 1    
9.80744207 1    
9.80867013 1    
9.81018519 1    
9.81143342 1    
9.81294225 1    
9.81443963 1    
9.81568964 1    
9.81717920 1    
9.81868891 1    
9.81993173 1    
9.82141478 1    
9.82268392 1    
9.82418210 1    
9.82565965 1    
9.82690990 1    
9.82842749 1    
9.82954630 -1   
9.82965795 1    
9.83118008 1    
9.83267756 1    
9.83390276 1    
9.83540741 1    
9.83690476 1    
9.83815908 1    
9.83965183 1    
9.84090180 1    
9.84239816 1    
9.84389769 1    
9.84514646 1    
9.84664818 1    
9.84789367 1    
9.84939837 1    
9.85089220 1    
9.85214426 1    
9.85363992 1    
9.85513922 1    
9.85638744 1    
9.85789021 1    
9.85913642 1    
9.86064310 1    
9.86213529 1    
9.86340928 1    
9.86490568 1    
9.86615264 1    
9.86763258 1    
9.86913496 1    
9.87038141 1    
9.87189851 1    
9.87199253 -1   
9.87315718 1    
9.87462989 1    
9.87612955 1    
9.87737966 1    
9.87887967 1    
9.88012485 1    
9.88131809 -1   
9.88162764 1    
9.88313138 1    
9.88437153 1    
9.88587221 1    
9.88712340 1    
9.88713286 -1   
9.88862314 1    
9.89011917 1    
9.89136996 1    
9.89286979 1    
9.89411868 1    
9.89564254 1    
9.89714575 1    
9.89838997 1    
9.89986731 1    
9.90111419 1    
9.90261991 1    
9.90411637 1    
9.90536336 1    
9.90686439 1    
9.90838375 1    
9.90961227 1    
9.91111227 1    
9.91235927 1    
9.91386001 1    
9.91535521 1    
9.91660536 1    
9.91812103 1    
9.91937878 1    
9.92087544 1    
9.92237507 1    
9.92362320 1    
9.92512570 1    
9.92660005 1    
9.92785184 1    
9.92934786 1    
9.93059910 1    
9.93209609 1    
9.93359917 1    
9.93484346 1    
9.93636741 1    
9.93761688 1    
9.93911875 1    
9.94061740 1    
9.94186589 1    
9.94334030 1    
9.94484161 1    
9.94608888 1    
9.94758967 1    
9.94883700 1    
9.95033909 1    
9.95183498 1    
9.95315393 1    
9.95324903 -1   
9.95458237 1    
9.95583184 1    
9.95733343 1    
9.95883138 1    
9.96008584 1    
9.96157940 1    
9.96308171 1    
9.96432671 1    
9.96582743 1    
9.96707614 1    
9.96857695 1    
9.97007651 1    
9.97134914 1    
9.97284655 1    
9.97409734 1    
9.97557125 1    
9.97709285 1    
9.97834593 1    
9.97984638 1    
9.98109595 1    
9.98259481 1    
9.98408782 1    
9.98534501 1    
9.98683601 1    
9.98808844 1    
9.98958842 1    
9.99109087 1    
9.99231098 1    
9.99381424 1    
9.99508460 1    
9.99658673 1    
9.99808358 1    
9.99930905 1    
10.00081094 1    
10.00206151 1    
10.00355869 1    
10.00506077 1    
10.00630604 1    
10.00641292 -1   
10.00780200 1    
10.00905326 1    
10.01055617 1    
10.01205023 1    
10.01332295 1    
10.01555038 1    
10.01705291 1    
10.01829872 1    
10.01982264 1    
10.02106952 1    
10.02256478 1    
10.02406521 1    
10.02529810 1    
10.02679167 1    
10.02829293 1    
10.02954131 1    
10.03104076 1    
10.03253843 1    
10.03378770 1    
10.03529849 1    
10.03681213 1    
10.03805710 1    
10.03955846 1    
10.04080627 1    
10.04228898 1    
10.04378445 1    
10.04503112 1    
10.04653001 1    
10.04803116 1    
10.04927905 1    
10.05078444 1    
10.05202632 1    
10.05355631 1    
10.05505043 1    
10.05516176 -1   
10.05630263 1    
10.05777635 1    
10.05905087 1    
10.06052439 1    
10.06202783 1    
10.06205052 -1   
10.06327011 1    
10.06476998 1    
10.06602090 1    
10.06754503 1    
10.06902060 1    
10.07029834 1    
10.07179089 1    
10.07329077 1    
10.07454154 1    
10.07602054 1    
10.07751744 1    
10.07876218 1    
10.08026040 1    
10.08150991 1    
10.08301353 1    
10.08450823 1    
10.08576459 1    
10.08726014 1    
10.08851249 1    
10.09001243 1    
10.09150431 1    
10.09275653 1    
10.09425698 1    
10.09575236 1    
10.09700433 1    
10.09850036 1    
10.09975329 1    
10.10125366 1    
10.10274683 1    
10.10402804 1    
10.10552153 1    
10.10676847 1    
10.10826785 1    
10.10974593 1    
10.11099768 1    
10.11249185 1    
10.11260355 -1   
10.11399310 1    
10.11524052 1    
10.11674380 1    
10.11798914 1    
10.11949326 1    
10.12099320 1    
10.12223654 1    
10.12373903 1    
10.12500393 1    
10.12924048 1    
10.13073098 1    
10.13323580 1    
10.13448660 1    
10.13597876 1    
10.13725370 1    
10.13876180 1    
10.14024767 1    
10.14150097 1    
10.14297966 1    
10.14422535 1    
10.14572378 1    
10.14722247 1    
10.14847456 1    
10.14997325 1    
10.15147433 1    
10.15272331 1    
10.15422427 1    
10.15547273 1    
10.15697060 1    
10.15846643 1    
10.15972106 1    
10.16121617 1    
10.16246567 1    
10.16258035 -1   
10.16396485 1    
10.16546204 1    
10.16671522 1    
10.16821158 1    
10.16973541 1    
10.17095807 1    
10.17248225 1    
10.17373004 1    
10.17523054 1    
10.17670646 1    
10.17795506 1    
10.17945436 1    
10.18070475 1    
10.18220233 1    
10.18370496 1    
10.18495118 1    
10.18645194 1    
10.18795024 1    
10.18919889 1    
10.19071955 1    
10.19195080 1    
10.19344972 1    
10.19494794 1    
10.19622235 1    
10.19633816 -1   
10.19844556 1    
10.19994482 1    
10.20119466 1    
10.20271059 1    
10.20421504 1    
10.20546428 1    
10.20696020 1    
10.20821046 1    
10.20969240 1    
10.21118612 1    
10.21243691 1    
10.21393464 1    
10.21518555 1    
10.21668414 1    
10.21818175 1    
10.21943069 1    
10.22093465 1    
10.22242990 1    
10.22370516 1    
10.22518007 1    
10.22643117 1    
10.22792488 1    
10.22942521 1    
10.23067592 1    
10.23217761 1    
10.23342457 1    
10.23492547 1    
10.23644593 1    
10.23769855 1    
10.23916999 1    
10.24068987 1    
10.24192064 1    
10.24200219 -1   
10.24342313 1    
10.24466645 1    
10.24468833 -1   
10.24617060 1    
10.24766531 1    
10.24916549 1    
10.25041310 1    
10.25191620 1    
10.25316436 1    
10.25466505 1    
10.25616265 1    
10.25741328 1    
10.25891123 1    
10.26015823 1    
10.26127968 -1   
10.26167595 1    
10.26316099 1    
10.26440875 1    
10.26590456 1    
10.26740576 1    
10.26865314 1    
10.27015326 1    
10.27141849 1    
10.27292262 1    
10.27442435 1    
10.27565297 1    
10.27715003 1    
10.27840017 1    
10.27989677 1    
10.28515185 1    
10.28666000 1    
10.28816403 1    
10.28939266 1    
10.29089256 1    
10.29239081 1    
10.29364212 1    
10.29513848 1    
10.29639194 1    
10.29788716 1    
10.29938537 1    
10.30063619 1    
10.30213756 1    
10.30229001 -1   
10.30340709 1    
10.30488414 1    
10.30640526 1    
10.30765194 1    
10.30913128 1    
10.31062908 1    
10.31188225 1    
10.31337730 1    
10.31463025 1    
10.31612660 1    
10.31651656 1    
10.32362711 1    
10.32512209 1    
10.32662192 1    
10.32787227 1    
10.32937024 1    
10.34562152 1    
10.34711001 1    
10.34861065 1    
10.34985820 1    
10.35135810 1    
10.35285581 1    
10.35560566 1    
10.35712609 1    
10.35835701 1    
10.35985090 1    
10.36110483 1    
10.36260047 1    
10.37061726 1    
10.37211645 1    
10.37337051 1    
10.38109507 1    
10.38259047 1    
10.38383854 1    
10.38534023 1    
10.38658986 1    
10.38808772 1    
10.38958979 1    
10.38973184 -1   
10.39083893 1    
10.39233271 1    
10.39358621 1    
10.39508199 1    
10.39658068 1    
10.39783124 1    
10.39895633 -1   
10.40758218 1    
10.40907471 1    
10.41057538 1    
10.41182080 1    
10.41332361 1    
10.41481507 1    
10.41607101 1    
10.41756942 1    
10.41881974 1    
10.42031591 1    
10.42181959 1    
10.42306594 1    
10.42308703 -1   
10.42456207 1    
10.42607009 1    
10.42731836 1    
10.42881402 1    
10.43006315 1    
10.43158364 1    
10.43306178 1    
10.43430770 1    
10.43580898 1    
10.43708216 1    
10.43824868 -1   
10.43855916 1    
10.44005789 1    
10.44130579 1    
10.44280492 1    
10.44406177 1    
10.44555204 1    
10.44705491 1    
10.44829926 1    
10.44980331 1    
10.45405266 1    
10.45531581 1    
10.45679621 1    
10.45829862 1    
10.45954511 1    
10.46104488 1    
10.46231133 1    
10.46379490 1    
10.46531482 1    
10.46654466 1    
10.46803904 1    
10.46954185 1    
10.47103779 1    
10.47228775 1    
10.47378653 1    
10.47528853 1    
10.47653592 1    
10.47803861 1    
10.47929968 1    
10.48078670 1    
10.48089147 -1   
10.48229313 1    
10.48430657 1    
10.52626653 1    
10.52776081 1    
10.54575418 1    
10.54724466 1    
10.54874903 1    
10.59599273 1    
10.59602573 -1   
10.59724108 1    
10.59873645 1    
10.60021725 1    
10.60148223 1    
10.60298861 1    
10.60448248 1    
10.60573285 1    
10.60723283 1    
10.60848311 1    
10.60996049 1    
10.61148083 1    
10.61272841 1    
10.61422932 1    
10.61547728 1    
10.61695479 1    
10.61847031 1    
10.61972663 1    
10.62122683 1    
10.62272518 1    
10.62397179 1    
10.62545290 1    
10.62670019 1    
10.62819934 1    
10.62969513 1    
10.63094663 1    
10.63244330 1    
10.63369697 1    
10.63521041 1    
10.63671074 1    
10.64689478 1    
10.64703794 -1   
10.72442425 1    
10.72589439 1    
10.73266616 1    
10.73413935 1    
10.73566064 1    
10.73690797 1    
10.73840613 1    
10.73990552 1    
10.74115807 1    
10.74263344 1    
10.74388501 1    
10.74540252 1    
10.74690519 1    
10.74812928 1    
10.74964685 1    
10.75087905 1    
10.75240117 1    
10.75389887 1    
10.75514998 1    
10.75664564 1    
10.75814805 1    
10.75937289 1    
10.76087432 1    
10.76213649 1    
10.76364481 1    
10.78863310 1    
10.78867049 -1   
10.79012993 1    
10.80873555 1    
10.82360921 1    
10.82508711 1    
10.83510565 1    
10.83634484 1    
10.83784849 1    
10.87806112 1    
10.87955612 1    
10.93652929 1    
10.93802075 1    
10.97094665 1    
10.97098421 -1   
11.13779778 -1   
11.17643850 -1   
11.23376626 -1   
11.33809448 -1   
11.48874210 1    
11.48896140 1    
11.50122774 1    
11.50269813 1    
11.50394929 1    
11.50546860 1    
11.50671989 1    
11.50819404 1    
11.50969769 1    
11.51094426 1    
11.51244023 1    
11.51245298 -1   
11.51369320 1    
11.51518802 1    
11.51669435 1    
11.51793804 1    
11.52319273 1    
11.52468431 1    
11.52620514 1    
11.53170584 1    
11.53320873 1    
11.54117908 1    
11.54267680 1    
11.54417558 1    
11.54542503 1    
11.54691992 1    
11.54817065 1    
11.60067059 1    
11.61138902 1    
11.61288822 1    
11.61413263 1    
11.61563285 1    
11.61713501 1    
11.61838333 1    
11.61990190 1    
11.62113265 1    
11.62262903 1    
11.62412961 1    
11.62537742 1    
11.62689690 1    
11.62812557 1    
11.62926441 -1   
11.62962734 1    
11.63114831 1    
11.63241337 1    
11.63390729 1    
11.63539491 1    
11.63689405 1    
11.63814672 1    
11.63963905 1    
11.64114496 1    
11.64236740 1    
11.64386758 1    
11.64511539 1    
11.64661793 1    
11.64811431 1    
11.64936730 1    
11.65086207 1    
11.65211315 1    
11.65361073 1    
11.65510843 1    
11.65635777 1    
11.65786015 1    
11.65911070 1    
11.66061138 1    
11.66210719 1    
11.66333503 1    
11.66340291 -1   
11.66460352 1    
11.66610544 1    
11.66760550 1    
11.66885132 1    
11.67035184 1    
11.67159929 1    
11.67312211 1    
11.67462021 1    
11.67585207 1    
11.67735039 1    
11.69559199 1    
11.69561462 -1   
11.69711437 1    
11.69835545 1    
11.69985748 1    
11.70110503 1    
11.82678023 1    
11.84927788 1    
11.85077273 1    
11.86002556 1    
11.86124772 1    
11.86276165 1    
11.87924447 1    
11.88050338 1    
11.88999982 1    
11.89124682 1    
11.89275369 1    
11.89397409 1    
11.89549169 1    
11.89698929 1    
11.89824209 1    
11.89974484 1    
11.90097113 1    
11.90246756 1    
11.90397096 1    
11.90523148 1    
11.90536592 -1   
11.90674107 1    
11.90823850 1    
11.90948571 1    
11.91096421 1    
11.91223635 1    
11.91373963 1    
11.91523606 1    
11.91648700 1    
11.94072463 1    
11.95096369 1    
11.95221320 1    
11.96120536 1    
11.96245715 1    
11.97195099 1    
11.97320229 1    
11.97469675 1    
11.97619660 1    
11.97745092 1    
11.98169761 1    
11.98319295 1    
11.98469444 1    
11.98591867 1    
11.98742311 1    
11.99143849 1    
11.99291705 1    
11.99443634 1    
11.99568946 1    
11.99718836 1    
11.99843689 1    
11.99991203 1    
12.00143743 1    
12.00268200 1    
12.00418136 1    
12.00568205 1    
12.00691010 1    
12.00699697 -1   
12.00842668 1    
12.00967993 1    
12.01103036 1    
12.16436965 -1   
12.28051066 1    
12.28200236 1    
12.28225454 1    
12.29049919 1    
12.29201721 1    
12.29327057 1    
12.29476535 1    
12.29626733 1    
12.29751583 1    
12.29903363 1    
12.30026107 1    
12.30276475 1    
12.30426031 1    
12.31248901 1    
12.31398319 1    
12.31523403 1    
12.31673136 1    
12.31822950 1    
12.31947946 1    
12.32098434 1    
12.32222868 1    
12.32400846 1    
12.32411152 -1   
12.32523269 1    
12.32672567 1    
12.32797367 1    
12.32947563 1    
12.33097733 1    
12.33099492 -1   
12.33422499 1    
12.33572580 1    
12.33697368 1    
12.33848601 1    
12.33971843 1    
12.34124110 1    
12.34275648 1    
12.34396559 1    
12.34546909 1    
12.34696250 1    
12.34823711 1    
12.35496484 1    
12.35622968 1    
12.35772787 1    
12.36496027 1    
12.36620341 1    
12.36770459 1    
12.36895090 1    
12.37045470 1    
12.37194840 1    
12.37321483 1    
12.37471439 1    
12.37619848 1    
12.37744754 1    
12.37894863 1    
12.38019430 1    
12.38171441 1    
12.38319314 1    
12.38444286 1    
12.38594209 1    
12.38719357 1    
12.38871151 1    
12.39019172 1    
12.39144106 1    
12.39154710 -1   
12.41592775 1    
12.41742335 1    
12.41869237 1    
12.42569468 1    
12.42717034 1    
12.43216595 1    
12.43366796 1    
12.43517889 1    
12.44266486 1    
12.44415889 1    
12.44541205 1    
12.44632718 1    
12.45241082 1    
12.45390274 1    
12.45517658 1    
12.46390215 1    
12.46539790 1    
12.47189607 1    
12.47316117 1    
12.47465602 1    
12.47614343 1    
12.47739054 1    
12.47889224 1    
12.49188773 1    
12.49315188 1    
12.49462977 1    
12.49613294 1    
12.49737949 1    
12.49888026 1    
12.50037610 1    
12.50049303 -1   
12.50162627 1    
12.50314138 1    
12.50439748 1    
12.50441279 -1   
12.50587822 1    
12.50812111 1    
12.50962575 1    
12.51086898 1    
12.51238667 1    
12.51362003 1    
12.51837011 1    
12.51986625 1    
12.52114006 1    
12.52263463 1    
12.52386553 1    
12.52536345 1    
12.52686219 1    
12.52810888 1    
12.52961210 1    
12.53110844 1    
12.53235959 1    
12.53710874 1    
12.53860640 1    
12.53985187 1    
12.54135315 1    
12.54260200 1    
12.54410512 1    
12.54835091 1    
12.54985055 1    
12.55109643 1    
12.55259922 1    
12.55384621 1    
12.55534372 1    
12.55834764 1    
12.60032783 1    
12.60181868 1    
12.60958200 1    
12.61108627 1    
12.61258649 1    
12.61383274 1    
12.61533110 1    
12.61657970 1    
12.61808370 1    
12.61816296 -1   
12.61958319 1    
12.62980528 1    
12.63130315 1    
12.63254867 1    
12.63407041 1    
12.63532179 1    
12.63682181 1    
12.63831777 1    
12.63956997 1    
12.64106805 1    
12.64231845 1    
12.64379480 1    
12.64530980 1    
12.64655683 1    
12.64806633 1    
12.64956256 1    
12.65081360 1    
12.65231031 1    
12.65356406 1    
12.65505957 1    
12.65655730 1    
12.65778704 1    
12.65895223 -1   
12.65928887 1    
12.66053667 1    
12.66205901 1    
12.66355427 1    
12.66480373 1    
12.66630409 1    
12.66780421 1    
12.66905135 1    
12.67055250 1    
12.67179829 1    
12.67330196 1    
12.67477711 1    
12.67604597 1    
12.67754572 1    
12.67904943 1    
12.68029453 1    
12.68179716 1    
12.68329272 1    
12.68454394 1    
12.68604074 1    
12.68728955 1    
12.68878983 1    
12.69029217 1    
12.69151656 1    
12.69304039 1    
12.69453580 1    
12.69579108 1    
12.69728596 1    
12.69853362 1    
12.70001493 1    
12.70151345 1    
12.70278086 1    
12.70428686 1    
12.70553249 1    
12.70702888 1    
12.70852680 1    
12.70975755 1    
12.71127599 1    
12.71277786 1    
12.71400317 1    
12.71552658 1    
12.71677337 1    
12.71827220 1    
12.71975149 1    
12.71977433 -1   
12.72127793 1    
12.72252232 1    
12.72402564 1    
12.72524984 1    
12.72674563 1    
12.72824463 1    
12.72952322 1    
12.73102153 1    
12.73224582 1    
12.73374344 1    
12.73526795 1    
12.73651136 1    
12.73801221 1    
12.73925991 1    
12.74076216 1    
12.74225444 1    
12.74351105 1    
12.74498884 1    
12.74625868 1    
12.74774275 1    
12.74925721 1    
12.74932548 -1   
12.75050832 1    
12.75200224 1    
12.75325643 1    
12.75475122 1    
12.75625383 1    
12.75750261 1    
12.75897732 1    
12.76022885 1    
12.76175122 1    
12.76324570 1    
12.76449967 1    
12.76597364 1    
12.76747455 1    
12.76871937 1    
12.77021978 1    
12.77146976 1    
12.77297195 1    
12.77446823 1    
12.77572140 1    
12.77723981 1    
12.77849134 1    
12.77998751 1    
12.78149265 1    
12.78298824 1    
12.78449008 1    
12.78573832 1    
12.78724018 1    
12.78875041 1    
12.79023588 1    
12.79148305 1    
12.79296185 1    
12.79420683 1    
12.79573016 1    
12.79722441 1    
12.80248055 1    
12.80397639 1    
12.80522935 1    
12.80534717 -1   
12.80672851 1    
12.80820068 1    
12.80947771 1    
12.81094836 1    
12.81222402 1    
12.81372323 1    
12.81522268 1    
12.81647051 1    
12.81797346 1    
12.81921951 1    
12.82071574 1    
12.82221646 1    
12.82346760 1    
12.82496227 1    
12.82619316 1    
12.82768888 1    
12.82921260 1    
12.83045755 1    
12.83195790 1    
12.83318646 1    
12.83470855 1    
12.83620387 1    
12.83745881 1    
12.83895302 1    
12.84020813 1    
12.84168194 1    
12.84319991 1    
12.84445050 1    
12.84595236 1    
12.84744935 1    
12.84869976 1    
12.85019603 1    
12.85145027 1    
12.85294664 1    
12.85444520 1    
12.85569367 1    
12.85719584 1    
12.85844712 1    
12.85960291 -1   
12.85994503 1    
12.86144004 1    
12.86268914 1    
12.86418888 1    
12.86569130 1    
12.86693750 1    
12.86843924 1    
12.86969111 1    
12.87119059 1    
12.87268342 1    
12.87393515 1    
12.87541189 1    
12.87668209 1    
12.87818275 1    
12.87968356 1    
12.88090891 1    
12.88241013 1    
12.88390480 1    
12.88517775 1    
12.88667900 1    
12.88792822 1    
12.88942474 1    
12.89092597 1    
12.89216728 1    
12.89367063 1    
12.89490021 1    
12.89642059 1    
12.89791072 1    
12.89917104 1    
12.90066742 1    
12.90217035 1    
12.90341535 1    
12.90492159 1    
12.90502382 -1   
12.90641376 1    
12.90766326 1    
12.90914674 1    
12.91064148 1    
12.91065858 -1   
12.91189220 1    
12.91341434 1    
12.91466509 1    
12.91613779 1    
12.91763719 1    
12.91888649 1    
12.92038894 1    
12.92163680 1    
12.92313779 1    
12.92463302 1    
12.92588566 1    
12.92738195 1    
12.92888132 1    
12.93012931 1    
12.93107381 1    
12.93263025 1    
12.93413123 1    
12.93539272 1    
12.93690084 1    
12.93814676 1    
12.93964547 1    
12.94114605 1    
12.94239697 1    
12.94387189 1    
12.94514019 1    
12.94663524 1    
12.94814065 1    
12.94936983 1    
12.95089231 1    
12.95238921 1    
13.02010919 1    
13.02024983 -1   
13.02160164 1    
13.03109531 1    
13.03259600 1    
13.03384149 1    
13.07236333 -1   
13.09332291 1    
16.86292915 -1   
23.16801593 -1   
23.17752300 -1   
23.17781757 -1   
23.33048094 -1   
23.54649314 1    
27.24328911 -1   
27.52587804 1    
27.68753810 1    
27.68792911 -1   
27.85066286 -1   
27.95365366 1    
28.04949858 1    
28.04967217 -1   
28.15395623 1    
28.25490647 -1   
28.35515294 1    
28.41658753 -1   
28.51680946 1    
28.57824573 -1   
28.74395052 -1   
28.80214500 1    
28.96491727 1    
28.96522367 -1   
29.12691259 -1   
29.18169678 1    
29.33631365 -1   
29.61545829 1    
29.66582981 1    
29.66707148 1    
29.77801148 1    
29.77863792 1    
29.78066785 -1   
