0.00000000 -1   
0.42918378 1    
0.59386252 1    
0.59441902 -1   
0.75722011 -1   
0.91981179 -1   
0.93388982 1    
1.09969769 1    
1.09983679 -1   
1.13398698 1    
1.30541870 -1   
1.43411134 1    
1.46704108 -1   
1.59551764 1    
1.62869749 -1   
1.91970614 -1   
1.96532767 1    
2.16779691 1    
2.16808788 -1   
2.32954744 -1   
2.40080522 1    
2.53317909 -1   
2.80385943 1    
2.98040412 1    
2.98164386 1    
2.98200220 1    
3.13730422 1    
3.14280598 1    
3.14504236 -1   
3.30675843 -1   
3.78052054 1    
3.99431381 1    
3.99583917 1    
4.03014896 -1   
4.19197727 -1   
4.68715259 1    
4.68838804 1    
4.68878485 1    
4.71637474 1    
4.71787477 1    
4.83306906 1    
4.83458197 1    
4.83582624 1    
4.85282025 1    
4.85406874 1    
4.85557337 1    
4.85706945 1    
4.85832016 1    
4.87204068 1    
4.87978708 1    
4.87993126 -1   
4.88103028 1    
4.88252750 1    
4.88377877 1    
4.92477884 1    
4.92625506 1    
4.99649473 1    
4.99773240 1    
4.99921433 1    
5.00045869 1    
5.00195799 1    
5.00345855 1    
5.01622233 1    
5.01744840 1    
5.01897438 1    
5.02047048 1    
5.02172104 1    
5.02321829 1    
5.02444441 1    
5.02594478 1    
5.02747041 1    
5.02871463 1    
5.03521578 1    
5.03671435 1    
5.04321287 1    
5.04470688 1    
5.04472774 -1   
5.04596029 1    
5.04745594 1    
5.04895562 1    
5.05045362 1    
5.08668825 1    
5.08818039 1    
5.08968252 1    
5.09093179 1    
5.09242842 1    
5.09367729 1    
5.16112913 1    
5.16236730 1    
5.16386828 1    
5.16536326 1    
5.16661802 1    
5.16811265 1    
5.16936121 1    
5.17086127 1    
5.17236281 1    
5.17360816 1    
5.17511098 1    
5.17663031 1    
5.18088118 1    
5.18237938 1    
5.18362863 1    
5.18512549 1    
5.18662715 1    
5.18673568 -1   
5.18787678 1    
5.18937381 1    
5.19062574 1    
5.19212716 1    
5.19359977 1    
5.19484859 1    
5.19634994 1    
5.19759537 1    
5.19910023 1    
5.20059411 1    
5.20127990 1    
5.21065660 -1   
5.24888738 -1   
6.02140558 1    
6.02289723 1    
6.02326066 1    
6.03214536 1    
6.03362359 1    
6.03488933 1    
6.03638898 1    
6.03788679 1    
6.03913941 1    
6.03924303 -1   
6.04063905 1    
6.04213338 1    
6.04336531 1    
6.04486028 1    
6.04610999 1    
6.04760863 1    
6.04911129 1    
6.15358678 1    
6.15507965 1    
6.15657625 1    
6.17654814 1    
6.17778689 1    
6.18479265 1    
6.18678461 1    
6.18828262 1    
6.18955138 1    
6.19104417 1    
6.19552779 1    
6.19677679 1    
6.19827386 1    
6.19952612 1    
6.20015365 1    
6.20080145 -1   
6.31673239 1    
6.31820747 1    
6.34744628 1    
6.34868721 1    
6.36260408 1    
6.36345760 -1   
6.52515852 -1   
7.01668287 1    
7.22006817 1    
7.22471591 1    
7.22594085 1    
7.38198183 1    
7.38635088 1    
7.38761965 1    
7.39952751 -1   
7.54282019 1    
7.56104556 -1   
7.58399337 -1   
7.72272519 -1   
8.15868261 1    
8.15990155 1    
8.16028516 1    
10.96382767 1    
10.96506969 1    
10.96542437 1    
11.11297249 1    
11.11422886 1    
11.12628128 1    
11.12665316 -1   
11.13095647 1    
11.19667281 1    
11.19791413 1    
11.19941366 1    
11.20091282 1    
11.20216020 1    
11.20365982 1    
11.27637544 1    
11.27763772 1    
11.27914407 1    
11.28063977 1    
11.28963819 1    
11.29111163 1    
11.29113449 -1   
11.33358928 1    
11.33508467 1    
11.36008033 1    
11.36157231 1    
11.36281958 1    
11.36431518 1    
11.36583091 1    
11.36707931 1    
11.36856455 1    
11.36988991 -1   
11.37006126 1    
11.37131329 1    
11.37312456 1    
11.37405808 1    
11.37555989 1    
11.43978135 1    
11.44102086 1    
11.44252546 1    
11.44401934 1    
11.44526807 1    
11.44679257 1    
11.44688949 -1   
11.44827093 1    
11.44951615 1    
11.45427051 1    
11.45576197 1    
11.45726234 1    
11.45851613 1    
11.49280805 -1   
11.49824676 1    
11.49974025 1    
11.50124313 1    
11.50248638 1    
11.52498198 1    
11.52647716 1    
11.52772684 1    
11.52921894 1    
11.53047229 1    
11.53196749 1    
11.53347045 1    
11.53471726 1    
11.53621913 1    
11.53746519 1    
11.53898883 1    
11.54046421 1    
11.54171527 1    
11.54321351 1    
11.54446475 1    
11.54597721 1    
11.54746110 1    
11.54870879 1    
11.55021350 1    
11.55145664 1    
11.55296228 1    
11.55447397 1    
11.57870451 1    
11.57994263 1    
11.60443391 1    
11.60457959 -1   
11.60570139 1    
11.60720039 1    
11.60869952 1    
11.60992376 1    
11.61142629 1    
11.61269387 1    
11.61419384 1    
11.61569404 1    
11.61694390 1    
11.61842107 1    
11.61967161 1    
11.62117425 1    
11.62269209 1    
11.62394416 1    
11.62543758 1    
11.62666657 1    
11.62816689 1    
11.62966244 1    
11.63091530 1    
11.63241155 1    
11.63391302 1    
11.63515906 1    
11.63666012 1    
11.66314997 1    
11.66318589 -1   
11.66464675 1    
11.66614028 1    
11.66739321 1    
11.66888871 1    
11.67014198 1    
11.67163761 1    
11.67313675 1    
11.68988940 1    
11.69137970 1    
11.69262773 1    
11.69412853 1    
11.69565012 1    
11.69690274 1    
11.69840224 1    
11.69962301 1    
11.70112128 1    
11.70265143 1    
11.70389587 1    
11.70539667 1    
11.70689463 1    
11.70814468 1    
11.70964197 1    
11.71086777 1    
11.71236670 1    
11.71389051 1    
11.71513844 1    
11.71661570 1    
11.71786077 1    
11.71936926 1    
11.72086497 1    
11.72211249 1    
11.72361524 1    
11.72512690 1    
11.72636220 1    
11.72786021 1    
11.72910664 1    
11.73022325 -1   
11.73060409 1    
11.73210578 1    
11.73335471 1    
11.73485859 1    
11.73613006 1    
11.73762493 1    
11.73912518 1    
11.74037453 1    
11.74187836 1    
11.74334791 1    
11.74459940 1    
11.74611736 1    
11.74737118 1    
11.74886540 1    
11.75034801 1    
11.75159327 1    
11.75311124 1    
11.75434283 1    
11.77086165 1    
11.77235530 1    
11.77360646 1    
11.77510791 1    
11.77657862 1    
11.77810596 1    
11.77935203 1    
11.78060000 1    
11.78209421 1    
11.78357449 1    
11.78482684 1    
11.78632435 1    
11.78641361 -1   
11.78784668 1    
11.78909550 1    
11.79060158 1    
11.79181860 1    
11.79332152 1    
11.79483979 1    
11.79608951 1    
11.79758758 1    
11.79882045 1    
11.80031682 1    
11.80183859 1    
11.80308956 1    
11.80459139 1    
11.80608306 1    
11.80732841 1    
11.80881064 1    
11.81006123 1    
11.81158322 1    
11.81308530 1    
11.81433220 1    
11.81580977 1    
11.81705654 1    
11.81855531 1    
11.82007359 1    
11.82132259 1    
11.82282272 1    
11.82407407 1    
11.82556987 1    
11.82705402 1    
11.82831930 1    
11.82982331 1    
11.83132311 1    
11.83257450 1    
11.83404799 1    
11.83531916 1    
11.83681445 1    
11.83683004 -1   
11.83832185 1    
11.83956411 1    
11.84105917 1    
11.84231419 1    
11.84379253 1    
11.84528953 1    
11.84656457 1    
11.84806026 1    
11.84956186 1    
11.85078626 1    
11.85228498 1    
11.85356287 1    
11.85505759 1    
11.85655516 1    
11.85780578 1    
11.85928420 1    
11.86053318 1    
11.86202897 1    
11.86355340 1    
11.86480225 1    
11.86628235 1    
11.86752665 1    
11.86904429 1    
11.87054789 1    
11.87066109 -1   
11.87179724 1    
11.87327457 1    
11.87454859 1    
11.87602246 1    
11.87752419 1    
11.87879419 1    
11.88029850 1    
11.88154676 1    
11.88304312 1    
11.88453989 1    
11.88579239 1    
11.88729105 1    
11.88853842 1    
11.89003653 1    
11.89154086 1    
11.89678995 1    
11.89828751 1    
11.89977958 1    
11.90100637 1    
11.90250725 1    
11.90402820 1    
11.90527034 1    
11.90677683 1    
11.90827850 1    
11.90953818 1    
11.91100289 1    
11.91227214 1    
11.91377139 1    
11.91527521 1    
11.91649901 1    
11.91800112 1    
11.91926805 1    
11.92076387 1    
11.92226044 1    
11.92350959 1    
11.92500891 1    
11.92649600 1    
11.92664195 -1   
11.92776929 1    
11.92925710 1    
11.93051750 1    
11.93201241 1    
11.93348856 1    
11.93473823 1    
11.93625741 1    
11.93748679 1    
11.93900526 1    
11.94050038 1    
11.94173675 1    
11.94323542 1    
11.94448185 1    
11.94600389 1    
11.94750523 1    
11.94875095 1    
11.95023312 1    
11.95147884 1    
11.95300216 1    
11.95447683 1    
11.95574750 1    
11.95724754 1    
11.95847802 1    
11.95999455 1    
11.96147481 1    
11.96273928 1    
11.96424082 1    
11.96547053 1    
11.96698864 1    
11.96846945 1    
11.96971993 1    
11.97123395 1    
11.97246797 1    
11.97398784 1    
11.97548670 1    
11.97671455 1    
11.97683175 -1   
11.97821762 1    
11.97971273 1    
11.98096365 1    
11.98246258 1    
11.98371288 1    
11.98520819 1    
11.98670877 1    
11.98795595 1    
11.98945986 1    
11.99073187 1    
11.99220788 1    
11.99370447 1    
11.99495764 1    
11.99645169 1    
11.99795025 1    
11.99920209 1    
12.00070337 1    
12.00188051 -1   
12.00195003 1    
12.00345362 1    
12.00495055 1    
12.00620043 1    
12.00769904 1    
12.00894868 1    
12.01044987 1    
12.01195960 1    
12.01321838 1    
12.01471023 1    
12.01619393 1    
12.01744632 1    
12.01896222 1    
12.02020949 1    
12.02170654 1    
12.02321049 1    
12.02443837 1    
12.02593603 1    
12.02718764 1    
12.02868543 1    
12.03018354 1    
12.03043538 1    
12.03168419 1    
12.03318079 1    
12.03443515 1    
12.03593524 1    
12.03743325 1    
12.03746429 -1   
12.06817078 1    
12.06941440 1    
12.07091574 1    
12.07241130 1    
12.07366313 1    
12.07518047 1    
12.07641006 1    
12.07790809 1    
12.07940521 1    
12.08067299 1    
12.08217786 1    
12.08340458 1    
12.08490721 1    
12.08641701 1    
12.08766655 1    
12.08917161 1    
12.09042426 1    
12.09192127 1    
12.09339989 1    
12.09464809 1    
12.09614716 1    
12.09764299 1    
12.09913587 1    
12.10039286 1    
12.10164614 1    
12.10314464 1    
12.10464539 1    
12.10589679 1    
12.10738775 1    
12.10866332 1    
12.11014303 1    
12.11163767 1    
12.19251668 1    
12.22459929 1    
12.22463654 -1   
12.22607159 1    
12.38995625 1    
12.40397739 1    
12.40546882 1    
12.46719260 1    
12.46741086 -1   
12.46843457 1    
12.46993077 1    
12.47143171 1    
12.47267839 1    
12.47418042 1    
12.47542786 1    
12.47693287 1    
12.47842880 1    
12.47967956 1    
12.48117426 1    
12.48242819 1    
12.48392393 1    
12.48542633 1    
12.48667282 1    
12.48817086 1    
12.48941888 1    
12.49094522 1    
12.49244087 1    
12.49367191 1    
12.49516922 1    
12.49669066 1    
12.49793673 1    
12.49943070 1    
12.50066442 1    
12.50216486 1    
12.50367801 1    
12.50493744 1    
12.50641144 1    
12.50768722 1    
12.50917776 1    
12.51065999 1    
12.51190912 1    
12.51340775 1    
12.51490709 1    
12.51615849 1    
12.51765425 1    
12.51890798 1    
12.52040202 1    
12.52190023 1    
12.52315135 1    
12.52465268 1    
12.52589870 1    
12.52740086 1    
12.52746768 -1   
12.52890073 1    
12.53014565 1    
12.53164650 1    
12.53314440 1    
12.53439857 1    
12.53589395 1    
12.53714562 1    
12.53864377 1    
12.54014395 1    
12.54188835 1    
12.54339069 1    
12.54488680 1    
12.54613939 1    
12.54763677 1    
12.54913778 1    
12.55038612 1    
12.55188604 1    
12.55313278 1    
12.55463225 1    
12.55613238 1    
12.55738232 1    
12.55888069 1    
12.56006178 -1   
12.56038335 1    
12.56163138 1    
12.56312959 1    
12.56462585 1    
12.56587787 1    
12.56737995 1    
12.56862708 1    
12.56980584 -1   
12.57012128 1    
12.57162539 1    
12.57287274 1    
12.57437164 1    
12.57587205 1    
12.57711825 1    
12.57862571 1    
12.57986770 1    
12.58136825 1    
12.58286631 1    
12.58411839 1    
12.58561594 1    
12.58686761 1    
12.58836206 1    
12.58986362 1    
12.59111124 1    
12.59336366 1    
12.59461030 1    
12.59611020 1    
12.59760711 1    
12.59886023 1    
12.60035552 1    
12.60160659 1    
12.60310731 1    
12.60460666 1    
12.60585372 1    
12.60735497 1    
12.60860168 1    
12.61010559 1    
12.61160065 1    
12.61284949 1    
12.61434885 1    
12.61548434 -1   
12.61560116 1    
12.61710067 1    
12.61859993 1    
12.61984467 1    
12.62134474 1    
12.62259563 1    
12.62409528 1    
12.62559316 1    
12.62596590 1    
12.62759191 1    
12.62909278 1    
12.63034032 1    
12.63183843 1    
12.63333767 1    
12.63459024 1    
12.63608667 1    
12.63733743 1    
12.63883570 1    
12.64033694 1    
12.64158296 1    
12.64308311 1    
12.64458427 1    
12.64583276 1    
12.64733079 1    
12.64858107 1    
12.65007783 1    
12.65158045 1    
12.65282652 1    
12.65432680 1    
12.65557557 1    
12.65707956 1    
12.65857460 1    
12.65982440 1    
12.66132122 1    
12.66257344 1    
12.66407204 1    
12.66556860 1    
12.66681943 1    
12.66832078 1    
12.66956614 1    
12.67106959 1    
12.67256418 1    
12.67264459 -1   
12.67381500 1    
12.67531402 1    
12.67656639 1    
12.67806145 1    
12.67956430 1    
12.68081046 1    
12.68231292 1    
12.68355862 1    
12.68505757 1    
12.68655825 1    
12.68781005 1    
12.68930561 1    
12.69055810 1    
12.69205376 1    
12.69355575 1    
12.69480350 1    
12.69630138 1    
12.69780282 1    
12.69782619 -1   
12.69930255 1    
12.70054990 1    
12.70205254 1    
12.70329877 1    
12.70479707 1    
12.70629614 1    
12.70754725 1    
12.70904438 1    
12.71054751 1    
12.71179285 1    
12.71329435 1    
12.71454341 1    
12.71604045 1    
12.71753911 1    
12.71880126 1    
12.72028825 1    
12.72154006 1    
12.72309630 1    
12.72453940 1    
12.72578391 1    
12.72728439 1    
12.72853383 1    
12.73003521 1    
12.73153192 1    
12.73267655 -1   
12.73278339 1    
12.73428404 1    
12.73552968 1    
12.73702843 1    
12.73853163 1    
12.73977681 1    
12.74127852 1    
12.74252520 1    
12.74402699 1    
12.74552638 1    
12.74677272 1    
12.74827205 1    
12.74952314 1    
12.75102133 1    
12.75252277 1    
12.75376772 1    
12.75527176 1    
12.75651643 1    
12.75801623 1    
12.75951755 1    
12.76076785 1    
12.76226393 1    
12.76376646 1    
12.76501214 1    
12.76651553 1    
12.76776092 1    
12.76926056 1    
12.77076047 1    
12.77201065 1    
12.77211336 -1   
12.77351190 1    
12.77475794 1    
12.77625835 1    
12.77775505 1    
12.77900367 1    
12.78050289 1    
12.78200504 1    
12.78350344 1    
12.78475402 1    
12.78625046 1    
12.78750210 1    
12.78899754 1    
12.79049817 1    
12.79174621 1    
12.79324949 1    
12.79449627 1    
12.79599688 1    
12.79749975 1    
12.79875146 1    
12.80025224 1    
12.80149211 1    
12.80299062 1    
12.80449255 1    
12.80573894 1    
12.80724144 1    
12.80873679 1    
12.80998900 1    
12.81148867 1    
12.81273643 1    
12.81423590 1    
12.81573651 1    
12.81698257 1    
12.81848591 1    
12.81973115 1    
12.82123309 1    
12.82273100 1    
12.82397807 1    
12.82547869 1    
12.82698101 1    
12.82822625 1    
12.82972862 1    
12.83097665 1    
12.83247628 1    
12.83256546 -1   
12.83397332 1    
12.83522564 1    
12.83672422 1    
12.83797020 1    
12.83947283 1    
12.84096809 1    
12.84222172 1    
12.84371922 1    
12.84521700 1    
12.84646756 1    
12.84796793 1    
12.84921348 1    
12.85071738 1    
12.85222355 1    
12.85346520 1    
12.85496190 1    
12.85620892 1    
12.85770851 1    
12.85921225 1    
12.86045772 1    
12.86112501 1    
12.86115078 -1   
12.88045552 1    
12.88169519 1    
12.89019249 1    
12.89143899 1    
12.89293980 1    
12.94491495 1    
12.94641064 1    
12.94766141 1    
12.94915665 1    
12.95040652 1    
12.95190573 1    
12.95340690 1    
12.95465491 1    
12.95615550 1    
12.95740282 1    
12.95890650 1    
12.96040130 1    
12.96164966 1    
12.96464977 1    
12.96589991 1    
12.96739870 1    
12.97614830 1    
12.97764179 1    
12.97914380 1    
12.99563661 1    
12.99712875 1    
12.99862914 1    
13.02525931 1    
13.02530698 -1   
13.06185746 1    
13.06334282 1    
13.07184133 1    
13.15030134 1    
13.15179164 1    
13.15329511 1    
13.16028870 1    
13.16153927 1    
13.16303634 1    
13.16453712 1    
13.16578379 1    
13.16803157 1    
13.16953054 1    
13.17078754 1    
13.17227889 1    
13.17353124 1    
13.17752833 1    
13.17903084 1    
13.18052435 1    
13.18177354 1    
13.18327357 1    
13.18452513 1    
13.18602170 1    
13.18613239 -1   
13.18752339 1    
13.18876920 1    
13.19027128 1    
13.19151817 1    
13.19273371 1    
13.19274844 -1   
13.19726996 1    
13.19851568 1    
13.20001844 1    
13.20151465 1    
13.20276189 1    
13.20676038 1    
13.20801133 1    
13.21651081 1    
13.21775664 1    
13.21925360 1    
13.22650275 1    
13.32994803 1    
13.33144078 1    
13.33294038 1    
13.33418766 1    
13.33568880 1    
13.33693436 1    
13.33843806 1    
13.33993298 1    
13.34118193 1    
13.34268336 1    
13.34393507 1    
13.34542909 1    
13.34693237 1    
13.34817992 1    
13.34968005 1    
13.35092959 1    
13.35242620 1    
13.35392474 1    
13.35517757 1    
13.35667355 1    
13.35817656 1    
13.35942267 1    
13.36092363 1    
13.36217111 1    
13.36230384 -1   
13.36367338 1    
13.36516878 1    
13.36642177 1    
13.36791845 1    
13.36917170 1    
13.37066749 1    
13.37216634 1    
13.37341641 1    
13.37491673 1    
13.37516850 1    
13.37518344 -1   
13.43264109 1    
13.43412973 1    
13.43538110 1    
13.44313117 1    
13.44462719 1    
13.45312513 1    
13.45462162 1    
13.46286806 1    
13.46411548 1    
13.46561138 1    
13.46711682 1    
13.46835912 1    
13.46985970 1    
13.47135851 1    
13.47261046 1    
13.47410643 1    
13.47535846 1    
13.47685470 1    
13.47835749 1    
13.47960437 1    
13.48111991 1    
13.49235437 1    
13.52808660 1    
13.52957425 1    
13.53082727 1    
13.53232222 1    
13.53242724 -1   
13.53357380 1    
13.53507762 1    
13.53657352 1    
13.53782066 1    
13.53932244 1    
13.54056848 1    
13.54207202 1    
13.54356767 1    
13.54481680 1    
13.54506837 1    
13.54508167 -1   
13.55832024 1    
13.55955722 1    
13.57730904 1    
13.57855002 1    
13.58005008 1    
13.58154526 1    
13.58279526 1    
13.58429379 1    
13.58829606 1    
13.58954119 1    
13.59104459 1    
13.59829863 1    
13.59955024 1    
13.70846617 1    
13.70852514 -1   
13.79318460 1    
13.79467542 1    
13.87286195 1    
13.87290504 -1   
14.07886603 1    
14.07904824 -1   
14.19538564 -1   
14.24176985 1    
14.24179136 -1   
14.27495032 -1   
14.40488731 -1   
14.96676411 1    
14.96711493 1    
14.96752145 -1   
14.98824450 1    
14.98973966 1    
14.99124280 1    
14.99248730 1    
14.99398448 1    
14.99623816 1    
14.99748819 1    
14.99898453 1    
15.00048597 1    
15.00173145 1    
15.00323544 1    
15.00447986 1    
15.00597965 1    
15.00747954 1    
15.00873109 1    
15.01022883 1    
15.01147894 1    
15.01297548 1    
15.01448253 1    
15.13041738 1    
15.13215823 1    
15.13340920 1    
15.13379452 1    
15.13381627 -1   
15.14065289 1    
15.14215161 1    
15.14915517 1    
15.15039780 1    
15.15189753 1    
15.15339422 1    
15.15464884 1    
15.15829101 -1   
15.24685337 1    
15.24809128 1    
15.24959313 1    
15.25633701 1    
15.25758705 1    
15.25908672 1    
15.26583564 1    
15.26733136 1    
15.26858128 1    
15.27007939 1    
15.27158074 1    
15.27282677 1    
15.27432908 1    
15.27582442 1    
15.27708566 1    
15.27857735 1    
15.27982486 1    
15.28132103 1    
15.28282562 1    
15.28407052 1    
15.28556944 1    
15.28681903 1    
15.28831981 1    
15.29656781 1    
15.29806482 1    
15.29956143 1    
15.30081396 1    
15.30231013 1    
15.30356149 1    
15.30505824 1    
15.30656132 1    
15.30780741 1    
15.30930789 1    
15.31055666 1    
15.31205598 1    
15.31216796 -1   
15.31355455 1    
15.31480321 1    
15.31630436 1    
15.31755014 1    
15.31875920 1    
15.32029949 1    
15.32031435 -1   
15.32155125 1    
15.32306381 1    
15.32854558 1    
15.32979431 1    
15.35628811 1    
15.35752899 1    
15.48393302 1    
15.48399147 -1   
15.61763589 1    
15.61913077 1    
15.62038012 1    
15.62187581 1    
15.62337835 1    
15.62462447 1    
15.62612766 1    
15.62737523 1    
15.62887251 1    
15.63037234 1    
15.63162425 1    
15.63737155 1    
15.63862201 1    
15.64011629 1    
15.64161781 1    
15.64286504 1    
15.64436393 1    
15.64561296 1    
15.64711743 1    
15.64861073 1    
15.64986270 1    
15.65136118 1    
15.65286136 1    
15.65410749 1    
15.65560690 1    
15.65710550 1    
15.65860993 1    
15.65985545 1    
15.66135824 1    
15.66260398 1    
15.66410490 1    
15.66560206 1    
15.66677406 -1   
15.66685199 1    
15.66835818 1    
15.66960256 1    
15.67110037 1    
15.67260034 1    
15.67384640 1    
15.67534591 1    
15.67659675 1    
15.67809862 1    
15.67959422 1    
15.68084546 1    
15.68234263 1    
15.68359673 1    
15.68509091 1    
15.68659061 1    
15.68755630 1    
15.68756998 -1   
15.68909094 1    
15.69058756 1    
15.69183955 1    
15.72432430 1    
15.72557194 1    
15.72706703 1    
15.84962440 1    
15.84967130 -1   
15.89672825 1    
15.89796876 1    
16.01387950 1    
16.10436274 1    
16.10585221 1    
16.10735409 1    
16.10859803 1    
16.11009597 1    
16.11019589 -1   
16.11209869 1    
16.11359495 1    
16.11484834 1    
16.11634366 1    
16.11759489 1    
16.11909378 1    
16.12058993 1    
16.12183949 1    
16.12334400 1    
16.12459048 1    
16.12609121 1    
16.12758806 1    
16.12883892 1    
16.13033584 1    
16.13158476 1    
16.13308443 1    
16.13458695 1    
16.13583159 1    
16.13733330 1    
16.13858088 1    
16.14008206 1    
16.14157881 1    
16.14306165 1    
16.14432708 1    
16.14557889 1    
16.14707610 1    
16.14857711 1    
16.14982528 1    
16.15132727 1    
16.15282265 1    
16.15407161 1    
16.15557178 1    
16.15682227 1    
16.15832178 1    
16.15982202 1    
16.16106762 1    
16.16257039 1    
16.16381590 1    
16.16531505 1    
16.16538189 -1   
16.16681853 1    
16.16806401 1    
16.16956547 1    
16.17106236 1    
16.17231403 1    
16.17381045 1    
16.17506240 1    
16.17655889 1    
16.17806101 1    
16.17930897 1    
16.18080989 1    
16.18205538 1    
16.18355872 1    
16.18505393 1    
16.18630390 1    
16.18780209 1    
16.18905366 1    
16.19055162 1    
16.19205220 1    
16.19330276 1    
16.19479916 1    
16.19680053 1    
16.19804992 1    
16.19954679 1    
16.20104762 1    
16.20230021 1    
16.20379599 1    
16.20504439 1    
16.20654487 1    
16.20804326 1    
16.20929262 1    
16.21079043 1    
16.21229175 1    
16.21354042 1    
16.21504181 1    
16.21628562 1    
16.21778836 1    
16.21928864 1    
16.22053778 1    
16.22203264 1    
16.22328508 1    
16.22478369 1    
16.22628425 1    
16.22752922 1    
16.22903176 1    
16.23053223 1    
16.23178076 1    
16.23328002 1    
16.23452948 1    
16.23602878 1    
16.23752607 1    
16.23877422 1    
16.24027502 1    
16.24152496 1    
16.24302534 1    
16.24451996 1    
16.24577236 1    
16.24727355 1    
16.24852047 1    
16.25001676 1    
16.25155774 1    
16.25416255 1    
16.25576618 1    
16.26926330 1    
16.27050889 1    
16.27200355 1    
16.27350692 1    
16.27475698 1    
16.27625506 1    
16.27750074 1    
16.27900527 1    
16.28050195 1    
16.28051622 -1   
16.28175141 1    
16.28324809 1    
16.28475099 1    
16.28600022 1    
16.28749823 1    
16.28874420 1    
16.29024773 1    
16.29174594 1    
16.29299492 1    
16.29449277 1    
16.29574385 1    
16.29724325 1    
16.29874224 1    
16.29998915 1    
16.30149094 1    
16.30299062 1    
16.30423843 1    
16.30573469 1    
16.30699000 1    
16.30848673 1    
16.30998624 1    
16.31123136 1    
16.31273377 1    
16.31398242 1    
16.31548280 1    
16.31697954 1    
16.31848175 1    
16.31972931 1    
16.32122910 1    
16.32247715 1    
16.32397933 1    
16.32547697 1    
16.32672632 1    
16.32822247 1    
16.32972515 1    
16.33097393 1    
16.33247320 1    
16.33371814 1    
16.33522199 1    
16.33671985 1    
16.33796861 1    
16.33946730 1    
16.34071740 1    
16.34221703 1    
16.34371742 1    
16.34496271 1    
16.34646508 1    
16.34796404 1    
16.34921350 1    
16.35071168 1    
16.35196048 1    
16.35346204 1    
16.35496068 1    
16.35620550 1    
16.35770745 1    
16.35895821 1    
16.36045748 1    
16.36195220 1    
16.36320489 1    
16.36470442 1    
16.36620378 1    
16.36745096 1    
16.36895445 1    
16.37020131 1    
16.37170120 1    
16.37319573 1    
16.37445003 1    
16.37594855 1    
16.37719747 1    
16.37869419 1    
16.38019603 1    
16.38144592 1    
16.38294457 1    
16.38443974 1    
16.38569203 1    
16.38719276 1    
16.38843992 1    
16.38993898 1    
16.39144040 1    
16.39268773 1    
16.39418711 1    
16.39543283 1    
16.39693595 1    
16.39843647 1    
16.39968399 1    
16.40117989 1    
16.40243319 1    
16.40393185 1    
16.40543073 1    
16.40667796 1    
16.40817949 1    
16.40942859 1    
16.41093028 1    
16.41242454 1    
16.41367614 1    
16.41517630 1    
16.41642442 1    
16.41792159 1    
16.41942363 1    
16.42067231 1    
16.42217140 1    
16.42341759 1    
16.42491907 1    
16.42642003 1    
16.42766795 1    
16.42916411 1    
16.43041792 1    
16.43191638 1    
16.43341494 1    
16.43466167 1    
16.43616289 1    
16.43766221 1    
16.43891232 1    
16.44040747 1    
16.44165997 1    
16.44316132 1    
16.44465963 1    
16.44590481 1    
16.44740773 1    
16.44865649 1    
16.45015654 1    
16.45165337 1    
16.45286828 -1   
16.45287613 -1   
16.45289842 1    
16.45315814 -1   
16.45440323 1    
16.45590028 1    
16.45715140 1    
16.45864834 1    
16.45989935 1    
16.46139630 1    
16.46289848 1    
16.46414492 1    
16.46564618 1    
16.46689306 1    
16.46839261 1    
16.46989124 1    
16.47114390 1    
16.47263883 1    
16.47414124 1    
16.47538748 1    
16.47549786 -1   
16.47688826 1    
16.47813729 1    
16.47963872 1    
16.48113582 1    
16.48238844 1    
16.48388576 1    
16.48513229 1    
16.48663239 1    
16.48813387 1    
16.48938161 1    
16.49088292 1    
16.49212787 1    
16.49214240 -1   
16.49363059 1    
16.49512728 1    
16.49637579 1    
16.49787433 1    
16.49937675 1    
16.50062255 1    
16.50212487 1    
16.50337159 1    
16.50487305 1    
16.50637191 1    
16.50761856 1    
16.50911997 1    
16.51037204 1    
16.51187051 1    
16.51336900 1    
16.51461589 1    
16.51611701 1    
16.51736468 1    
16.51886377 1    
16.52036187 1    
16.52161299 1    
16.52311269 1    
16.52436413 1    
16.52585916 1    
16.52736003 1    
16.52860782 1    
16.53010689 1    
16.53135791 1    
16.53285648 1    
16.53435585 1    
16.53562222 1    
16.53710261 1    
16.53827420 -1   
16.53860487 1    
16.54010079 1    
16.54135377 1    
16.54285254 1    
16.54435199 1    
16.54559763 1    
16.54710431 1    
16.54859632 1    
16.54984568 1    
16.55134635 1    
16.55259630 1    
16.55409276 1    
16.55559478 1    
16.55685642 1    
16.55834194 1    
16.55983904 1    
16.56108901 1    
16.56259027 1    
16.56408965 1    
16.56533591 1    
16.56684004 1    
16.56808811 1    
16.56958804 1    
16.57108526 1    
16.60603912 1    
16.70081263 -1   
16.91464453 1    
16.91613676 1    
16.91651996 1    
16.91664844 -1   
16.92488577 1    
16.92638089 1    
16.92763131 1    
16.92912877 1    
16.93037888 1    
16.93187685 1    
16.93337849 1    
16.93462706 1    
16.94687204 1    
16.94836749 1    
16.94986842 1    
17.05580935 1    
17.05730670 1    
17.07654803 1    
17.07804303 1    
17.07829433 1    
17.08429296 1    
17.08430598 -1   
17.08554125 1    
17.08703852 1    
17.08853682 1    
17.08978727 1    
17.09128853 1    
17.09253369 1    
17.09403613 1    
17.09653353 1    
17.09803356 1    
17.15450580 1    
17.15574813 1    
17.15724954 1    
17.15875661 1    
17.15999916 1    
17.16149476 1    
17.16374710 1    
17.17423837 1    
17.17548889 1    
17.17698889 1    
17.19498220 1    
17.19647636 1    
17.19797431 1    
17.22421363 1    
17.22571099 1    
17.24088644 1    
17.24420111 1    
17.24569654 1    
17.32870383 -1   
17.40299252 1    
18.92587022 -1   
