0.00000000 -1   
3.31188213 1    
3.53590667 -1   
3.53610327 1    
3.69754887 -1   
3.69759277 1    
3.86129184 -1   
3.86133112 1    
4.06009141 -1   
4.08322841 -1   
4.09747694 -1   
4.13669711 -1   
4.22490457 1    
4.24445902 -1   
4.42959835 1    
4.46587594 -1   
4.59126550 1    
4.61745858 -1   
4.62644964 -1   
4.65267492 -1   
4.66267034 -1   
4.78956629 -1   
4.78961298 1    
4.99378313 1    
5.18920613 -1   
5.19050239 1    
5.35411893 -1   
5.35415580 1    
5.51953751 -1   
5.51984364 1    
5.58539645 -1   
5.58688625 -1   
5.60937617 -1   
5.68298670 -1   
5.68519890 1    
5.84481852 -1   
5.89024643 1    
6.08020345 -1   
6.24185767 -1   
6.28123498 -1   
6.28246956 -1   
6.40272068 -1   
6.43572650 1    
6.63756706 1    
6.83565630 -1   
6.83691994 -1   
6.83727554 -1   
6.84614653 -1   
6.84739020 -1   
6.86515896 -1   
6.86638294 -1   
6.86787535 -1   
6.88589828 -1   
6.88736714 -1   
7.00030919 -1   
7.00182255 -1   
7.00307743 -1   
7.00457101 -1   
7.00467867 1    
7.00982641 -1   
7.01132287 -1   
7.01281515 -1   
7.01406583 -1   
7.02857071 -1   
7.02980474 -1   
7.03128754 -1   
7.03280481 -1   
7.03405561 -1   
7.03555657 -1   
7.03705100 -1   
7.03829967 -1   
7.05055386 -1   
7.05204362 -1   
7.05329570 -1   
7.05477111 -1   
7.16523973 -1   
7.16672851 -1   
7.16797622 -1   
7.16947494 -1   
7.17098006 -1   
7.17222482 -1   
7.17372554 -1   
7.17497307 -1   
7.17647485 -1   
7.17648843 1    
7.17797024 -1   
7.17922176 -1   
7.18072237 -1   
7.18196823 -1   
7.18347124 -1   
7.18496577 -1   
7.18621960 -1   
7.19319263 -1   
7.19446336 -1   
7.19595964 -1   
7.19746306 -1   
7.19870942 -1   
7.20021049 -1   
7.20143484 -1   
7.20296052 -1   
7.20445519 -1   
7.20570564 -1   
7.20720604 -1   
7.20843456 -1   
7.20995213 -1   
7.21145472 -1   
7.21270407 -1   
7.21419966 -1   
7.21569814 -1   
7.21695660 -1   
7.21844892 -1   
7.21969887 -1   
7.22119610 -1   
7.22130619 1    
7.22269103 -1   
7.22394508 -1   
7.22542556 -1   
7.33014097 -1   
7.33136257 -1   
7.33288570 -1   
7.33438257 -1   
7.33563286 -1   
7.33712897 -1   
7.33838201 -1   
7.33957401 -1   
7.35038099 1    
7.38165517 1    
7.79987040 -1   
7.80109267 -1   
7.80147366 -1   
7.80934616 -1   
7.81086444 -1   
7.81933909 -1   
7.82083717 -1   
7.82209498 -1   
7.82220616 1    
7.83858123 -1   
7.84007121 -1   
7.84132261 -1   
7.84282123 -1   
7.84432123 -1   
7.84558860 -1   
7.84706808 -1   
7.84858734 -1   
7.84984290 -1   
7.85131501 -1   
7.85258323 -1   
7.85406178 -1   
7.85556390 -1   
7.85683425 -1   
7.85830980 -1   
7.85958029 -1   
7.86108317 -1   
7.86255799 -1   
7.86383471 -1   
7.86530600 -1   
7.86958250 -1   
7.87107760 -1   
7.87230133 -1   
7.87807072 -1   
7.90581272 -1   
7.90705399 -1   
7.90994698 1    
7.91960296 -1   
7.97032659 -1   
7.98354643 1    
8.43562809 -1   
8.48498277 -1   
8.48622708 -1   
8.54319687 -1   
8.54469520 -1   
8.54594045 -1   
8.61260682 1    
8.62228834 1    
8.77411009 1    
9.01456970 1    
9.04041064 -1   
9.04190648 -1   
9.04226249 -1   
9.05765888 -1   
9.05890223 -1   
9.06038850 -1   
9.06189500 -1   
9.06314390 -1   
9.06789398 -1   
9.06937164 -1   
9.07913852 -1   
9.08063149 -1   
9.08188285 -1   
9.08338303 -1   
9.08488224 -1   
9.08612327 -1   
9.08763040 -1   
9.17613393 1    
9.20381887 -1   
9.20531009 -1   
9.20682531 -1   
9.20806062 -1   
9.20956045 -1   
9.21080347 -1   
9.22105812 -1   
9.22255486 -1   
9.22405198 -1   
9.22529974 -1   
9.22677934 -1   
9.22804643 -1   
9.22955332 -1   
9.23104589 -1   
9.23229719 -1   
9.23379363 -1   
9.23504825 -1   
9.23654237 -1   
9.23804426 -1   
9.23929163 -1   
9.24254281 -1   
9.24403772 -1   
9.24554013 -1   
9.24676581 -1   
9.24828795 -1   
9.24951281 -1   
9.25103450 -1   
9.25253976 -1   
9.25378649 -1   
9.25528307 -1   
9.25651353 -1   
9.25800998 -1   
9.29052236 -1   
9.29200981 -1   
9.36872388 -1   
9.36876087 1    
9.36997468 -1   
9.37147087 -1   
9.37296795 -1   
9.37421415 -1   
9.37571592 -1   
9.37696240 -1   
9.37846590 -1   
9.37996026 -1   
9.38121332 -1   
9.38271104 -1   
9.38396121 -1   
9.38595756 -1   
9.38720493 -1   
9.38870496 -1   
9.39020778 -1   
9.39143286 -1   
9.39295189 -1   
9.39420746 -1   
9.39430115 1    
9.39569935 -1   
9.39720096 -1   
9.39843125 -1   
9.39994953 -1   
9.40119753 -1   
9.40269800 -1   
9.40420010 -1   
9.40542315 -1   
9.40694878 -1   
9.40817353 -1   
9.40969712 -1   
9.41119374 -1   
9.41241956 -1   
9.41394206 -1   
9.41544554 -1   
9.41668864 -1   
9.41819187 -1   
9.41941722 -1   
9.42093925 -1   
9.42244016 -1   
9.42368523 -1   
9.42516384 -1   
9.42643723 -1   
9.42793212 -1   
9.42943916 -1   
9.43068261 -1   
9.43218213 -1   
9.43367985 -1   
9.43492946 -1   
9.43640914 -1   
9.43768106 -1   
9.43917677 -1   
9.44067850 -1   
9.44192362 -1   
9.44342975 -1   
9.44467299 -1   
9.44477085 1    
9.44617473 -1   
9.44765211 -1   
9.44892212 -1   
9.45042004 -1   
9.45192159 -1   
9.45316265 -1   
9.45466737 -1   
9.45591628 -1   
9.45741799 -1   
9.45891046 -1   
9.46017043 -1   
9.46166649 -1   
9.46292086 -1   
9.53464503 -1   
9.53468150 1    
9.53612361 -1   
9.53762127 -1   
9.53887402 -1   
9.54036969 -1   
9.54162114 -1   
9.54312057 -1   
9.54462016 -1   
9.54586635 -1   
9.54737139 -1   
9.54861529 -1   
9.55011421 -1   
9.55161244 -1   
9.55286690 -1   
9.55436103 -1   
9.55561117 -1   
9.55710856 -1   
9.55861134 -1   
9.55985756 -1   
9.56135668 -1   
9.56285842 -1   
9.56410733 -1   
9.56560345 -1   
9.56710538 -1   
9.56833091 -1   
9.56842864 1    
9.56985338 -1   
9.57135148 -1   
9.57260223 -1   
9.57409826 -1   
9.57533021 -1   
9.57684729 -1   
9.57835068 -1   
9.57959518 -1   
9.58109940 -1   
9.58259664 -1   
9.58384604 -1   
9.58534190 -1   
9.58660171 -1   
9.58809487 -1   
9.58959448 -1   
9.59084130 -1   
9.59233824 -1   
9.59358745 -1   
9.59509112 -1   
9.59658595 -1   
9.59783722 -1   
9.59933854 -1   
9.60058571 -1   
9.60208384 -1   
9.60358380 -1   
9.60483261 -1   
9.60633343 -1   
9.60782937 -1   
9.60908140 -1   
9.61057863 -1   
9.61183027 -1   
9.61332631 -1   
9.61482879 -1   
9.61607470 -1   
9.61757783 -1   
9.61767926 1    
9.61882211 -1   
9.62030329 -1   
9.62180282 -1   
9.62305040 -1   
9.62454868 -1   
9.62604759 -1   
9.62729874 -1   
9.62879838 -1   
9.63004828 -1   
9.63154629 -1   
9.63304726 -1   
9.63429304 -1   
9.63581851 -1   
9.63695054 1    
9.63703325 -1   
9.63854462 -1   
9.64004233 -1   
9.64128996 -1   
9.64281754 -1   
9.64406317 -1   
9.64553762 -1   
9.64703635 -1   
9.64828717 -1   
9.64980968 -1   
9.65107896 -1   
9.65253256 -1   
9.65405050 -1   
9.65528205 -1   
9.65680542 -1   
9.65802999 -1   
9.65953067 -1   
9.66102894 -1   
9.66228016 -1   
9.66380130 -1   
9.66505033 -1   
9.66654743 -1   
9.66804478 -1   
9.66927314 -1   
9.66940308 1    
9.67080262 -1   
9.67227265 -1   
9.67361359 -1   
9.67504405 -1   
9.67627068 -1   
9.67778970 -1   
9.67929592 -1   
9.68054429 -1   
9.68201998 -1   
9.68329012 -1   
9.68479268 -1   
9.68628531 -1   
9.68751984 -1   
9.68901254 -1   
9.69026364 -1   
9.69176221 -1   
9.69326278 -1   
9.69453677 -1   
9.69601060 -1   
9.69750632 -1   
9.69875771 -1   
9.70025571 -1   
9.70152743 -1   
9.70302365 -1   
9.70450527 -1   
9.71500675 -1   
9.71924908 -1   
9.71927191 1    
9.72076795 -1   
9.72277563 -1   
9.72401757 -1   
9.72549069 -1   
9.72701594 -1   
9.72826287 -1   
9.72976264 -1   
9.73101330 -1   
9.73251103 -1   
9.73400805 -1   
9.73526101 -1   
9.73673438 -1   
9.73801226 -1   
9.73950665 -1   
9.74098273 -1   
9.74225552 -1   
9.74373376 -1   
9.74497940 -1   
9.74648211 -1   
9.74797701 -1   
9.74922860 -1   
9.75072734 -1   
9.75197547 -1   
9.75347535 -1   
9.75500279 -1   
9.75625273 -1   
9.75774765 -1   
9.75924837 -1   
9.76047252 -1   
9.76057143 1    
9.76199461 -1   
9.76324116 -1   
9.76474326 -1   
9.76623985 -1   
9.76749084 -1   
9.76899006 -1   
9.77023931 -1   
9.77171461 -1   
9.77323680 -1   
9.77446510 -1   
9.77598729 -1   
9.77746051 -1   
9.77871420 -1   
9.78020829 -1   
9.78146020 -1   
9.78298340 -1   
9.78445805 -1   
9.78595516 -1   
9.78722597 -1   
9.78873212 -1   
9.78997659 -1   
9.79145401 -1   
9.79297665 -1   
9.79421885 -1   
9.79572724 -1   
9.79696654 -1   
9.79845400 -1   
9.79996453 -1   
9.80122090 -1   
9.80269667 -1   
9.80422047 -1   
9.80544444 -1   
9.80696978 -1   
9.80819496 -1   
9.80971213 -1   
9.81120846 -1   
9.81129900 1    
9.81244705 -1   
9.81396618 -1   
9.81521427 -1   
9.81671069 -1   
9.81821236 -1   
9.81944204 -1   
9.82096509 -1   
9.82245948 -1   
9.82370820 -1   
9.82520205 -1   
9.82645013 -1   
9.82795245 -1   
9.82943454 -1   
9.83068194 -1   
9.83219943 -1   
9.83344425 -1   
9.83493182 -1   
9.83642710 -1   
9.83767576 -1   
9.83919479 -1   
9.84070294 -1   
9.84195032 -1   
9.84342726 -1   
9.84467278 -1   
9.84618985 -1   
9.84769669 -1   
9.84894266 -1   
9.85042050 -1   
9.85167134 -1   
9.85318364 -1   
9.85469603 -1   
9.85591716 -1   
9.85741842 -1   
9.85893282 -1   
9.86016320 -1   
9.86168441 -1   
9.86179335 1    
9.86291612 -1   
9.86443301 -1   
9.86593587 -1   
9.86718713 -1   
9.86868412 -1   
9.86993016 -1   
9.87143436 -1   
9.87148980 1    
9.87292991 -1   
9.87417671 -1   
9.87567431 -1   
9.87692436 -1   
9.87842649 -1   
9.87992323 -1   
9.88117795 -1   
9.88266769 -1   
9.88392379 -1   
9.88542122 -1   
9.88690341 -1   
9.88816939 -1   
9.88826689 1    
9.88964908 -1   
9.89091926 -1   
9.89239812 -1   
9.89392031 -1   
9.89516855 -1   
9.89666534 -1   
9.89791679 -1   
9.89939218 -1   
9.90091435 -1   
9.90216630 -1   
9.90366644 -1   
9.90489103 -1   
9.90642840 -1   
9.90788723 -1   
9.90938814 -1   
9.91088642 -1   
9.91213544 -1   
9.91365980 -1   
9.91490826 -1   
9.91638194 -1   
9.91790889 -1   
9.91915585 -1   
9.92072533 -1   
9.92215785 -1   
9.92366901 -1   
9.92514730 -1   
9.92517354 1    
9.92665346 -1   
9.92789898 -1   
9.92939943 -1   
9.93089712 -1   
9.93214390 -1   
9.93364170 -1   
9.93489598 -1   
9.93639067 -1   
9.93789255 -1   
9.93914076 -1   
9.94064175 -1   
9.94186729 -1   
9.94362746 -1   
9.94488592 -1   
9.94613923 -1   
9.94761597 -1   
9.94888640 -1   
9.95038375 -1   
9.95188457 -1   
9.95311121 -1   
9.95463238 -1   
9.95588007 -1   
9.95738195 -1   
9.95887882 -1   
9.96013090 -1   
9.96162695 -1   
9.96285998 -1   
9.96297024 1    
9.96437528 -1   
9.96587568 -1   
9.96712730 -1   
9.96862268 -1   
9.96987431 -1   
9.97135121 -1   
9.97287513 -1   
9.97411975 -1   
9.97561985 -1   
9.97686881 -1   
9.97837000 -1   
9.97986965 -1   
9.98112042 -1   
9.98261613 -1   
9.98411689 -1   
9.98536308 -1   
9.98686296 -1   
9.98811252 -1   
9.98961451 -1   
9.99112100 -1   
9.99234309 -1   
9.99385830 -1   
9.99511085 -1   
9.99660677 -1   
9.99810509 -1   
9.99933580 -1   
10.00085804 -1   
10.00235332 -1   
10.00360546 -1   
10.00510199 -1   
10.00660486 -1   
10.00810064 -1   
10.00932712 -1   
10.01083056 -1   
10.01180994 -1   
10.01192118 1    
10.01358083 -1   
10.01482601 -1   
10.01632831 -1   
10.01757388 -1   
10.01907312 -1   
10.02057237 -1   
10.02182516 -1   
10.02333758 -1   
10.02457366 -1   
10.02606866 -1   
10.02757117 -1   
10.02881664 -1   
10.03033384 -1   
10.03181453 -1   
10.03306757 -1   
10.03456678 -1   
10.03606628 -1   
10.03731233 -1   
10.03881580 -1   
10.04006095 -1   
10.04156016 -1   
10.04306141 -1   
10.04431157 -1   
10.04580720 -1   
10.04706021 -1   
10.04855792 -1   
10.05005752 -1   
10.05130590 -1   
10.05280292 -1   
10.05407261 -1   
10.05557510 -1   
10.05706990 -1   
10.05830273 -1   
10.05981951 -1   
10.06132306 -1   
10.06282120 -1   
10.06292979 1    
10.06407447 -1   
10.06556731 -1   
10.06682104 -1   
10.06829594 -1   
10.06982889 -1   
10.08478927 -1   
10.08603836 -1   
10.08755608 -1   
10.08905649 -1   
10.09030283 -1   
10.09178525 -1   
10.09305388 -1   
10.09456784 -1   
10.09605076 -1   
10.09728011 -1   
10.09879766 -1   
10.10005299 -1   
10.10152723 -1   
10.10302992 -1   
10.10427582 -1   
10.10578885 -1   
10.10702717 -1   
10.10852541 -1   
10.11002351 -1   
10.11127278 -1   
10.11137009 1    
10.11277352 -1   
10.11401866 -1   
10.11555185 -1   
10.11703851 -1   
10.11829250 -1   
10.11979116 -1   
10.12129165 -1   
10.12251488 -1   
10.12403253 -1   
10.12526376 -1   
10.12677867 -1   
10.12826015 -1   
10.12956745 -1   
10.13100937 -1   
10.13226845 -1   
10.13377662 -1   
10.13527930 -1   
10.13650627 -1   
10.13800350 -1   
10.13928069 -1   
10.14077969 -1   
10.14227595 -1   
10.14350401 -1   
10.14502393 -1   
10.14652643 -1   
10.14781689 -1   
10.14952078 -1   
10.19301607 -1   
10.19305670 1    
10.19424677 -1   
10.19574700 -1   
10.19699822 -1   
10.19849419 -1   
10.19999689 -1   
10.20122020 -1   
10.20274060 -1   
10.20398746 -1   
10.20549146 -1   
10.20698932 -1   
10.20823986 -1   
10.20974554 -1   
10.21098781 -1   
10.21248385 -1   
10.21398612 -1   
10.21523219 -1   
10.21673457 -1   
10.21797942 -1   
10.21948470 -1   
10.22095837 -1   
10.22106481 1    
10.22223150 -1   
10.22372828 -1   
10.22523017 -1   
10.22672797 -1   
10.22797695 -1   
10.22947641 -1   
10.23097562 -1   
10.23222154 -1   
10.23371525 -1   
10.23497104 -1   
10.23647421 -1   
10.23796775 -1   
10.23922294 -1   
10.24071104 -1   
10.24196965 -1   
10.24344607 -1   
10.24496432 -1   
10.24621340 -1   
10.24771040 -1   
10.24896214 -1   
10.25047109 -1   
10.25194053 -1   
10.25321415 -1   
10.25470432 -1   
10.25595835 -1   
10.25745871 -1   
10.25751242 1    
10.25896139 -1   
10.26018520 -1   
10.26170794 -1   
10.26295573 -1   
10.26445410 -1   
10.26538147 -1   
10.26695594 -1   
10.26845412 -1   
10.26995757 -1   
10.27121402 -1   
10.27270588 -1   
10.27395320 -1   
10.27542746 -1   
10.27695014 -1   
10.27820001 -1   
10.27969975 -1   
10.28170123 -1   
10.28294862 -1   
10.28444887 -1   
10.28594560 -1   
10.28719310 -1   
10.28869015 -1   
10.28879890 1    
10.28994535 -1   
10.29141811 -1   
10.29293979 -1   
10.29418069 -1   
10.29568440 -1   
10.30268641 -1   
10.30393285 -1   
10.30543072 -1   
10.30692995 -1   
10.30815763 -1   
10.30968210 -1   
10.33340117 -1   
10.33491745 -1   
10.33616148 -1   
10.33766191 -1   
10.33916100 -1   
10.34041336 -1   
10.34190362 -1   
10.34342603 -1   
10.34466018 -1   
10.34616237 -1   
10.34741042 -1   
10.34890762 -1   
10.35040340 -1   
10.35165539 -1   
10.35315264 -1   
10.35433180 1    
10.35437553 -1   
10.35590417 -1   
10.35740046 -1   
10.35864728 -1   
10.36015149 -1   
10.36164832 -1   
10.36290030 -1   
10.36439715 -1   
10.36564838 -1   
10.36714719 -1   
10.36864372 -1   
10.36989459 -1   
10.37137473 -1   
10.37262036 -1   
10.37414363 -1   
10.37564022 -1   
10.37687121 -1   
10.37838761 -1   
10.37988774 -1   
10.38113719 -1   
10.38263916 -1   
10.38388601 -1   
10.38538779 -1   
10.38688379 -1   
10.38813589 -1   
10.38963153 -1   
10.39088136 -1   
10.39235920 -1   
10.39386115 -1   
10.39513056 -1   
10.39663051 -1   
10.39787685 -1   
10.39937950 -1   
10.40087567 -1   
10.40212509 -1   
10.40362525 -1   
10.40478777 1    
10.40485492 -1   
10.40637871 -1   
10.40788640 -1   
10.40911974 -1   
10.41062044 -1   
10.41186821 -1   
10.42459499 -1   
10.42586230 -1   
10.42734255 -1   
10.42885914 -1   
10.46959327 -1   
10.47108611 -1   
10.47231585 -1   
10.50732276 -1   
10.50736180 1    
10.50881971 -1   
10.51029439 -1   
10.51157138 -1   
10.51306302 -1   
10.51456426 -1   
10.51581007 -1   
10.51731243 -1   
10.51738280 1    
10.51856775 -1   
10.52005659 -1   
10.52154007 -1   
10.52280676 -1   
10.52428681 -1   
10.52556737 -1   
10.52705881 -1   
10.52855557 -1   
10.52980381 -1   
10.53130140 -1   
10.53279967 -1   
10.53302913 -1   
10.53480302 -1   
10.58102842 -1   
10.58117385 1    
10.58228191 -1   
10.59227476 -1   
10.59349578 -1   
10.59501494 -1   
10.59651342 -1   
10.59776387 -1   
10.59929282 -1   
10.60049050 -1   
10.60201259 -1   
10.60350945 -1   
10.60476024 -1   
10.60625774 -1   
10.60748687 -1   
10.60900509 -1   
10.61048893 -1   
10.61175457 -1   
10.61325782 -1   
10.61475418 -1   
10.61600468 -1   
10.61750164 -1   
10.61873245 -1   
10.62025195 -1   
10.62174672 -1   
10.62300350 -1   
10.62450187 -1   
10.62572585 -1   
10.62724590 -1   
10.62875058 -1   
10.62999774 -1   
10.63149498 -1   
10.63272322 -1   
10.63424250 -1   
10.63574341 -1   
10.63702489 -1   
10.65347913 -1   
10.66046437 -1   
10.66197851 -1   
10.66410045 1    
10.67245318 -1   
10.67397144 -1   
10.67545220 -1   
10.67669756 -1   
10.67819853 -1   
10.67944429 -1   
10.68097563 -1   
10.68244344 -1   
10.68369508 -1   
10.70770860 -1   
10.70893016 -1   
10.71042792 -1   
10.74269736 -1   
10.74391029 -1   
10.74393346 1    
10.74732698 -1   
10.74892693 -1   
10.75041083 -1   
10.75190755 -1   
10.75315748 -1   
10.75467043 -1   
10.75592596 -1   
10.75740251 -1   
10.75890046 -1   
10.76014948 -1   
10.76165069 -1   
10.76289766 -1   
10.76440376 -1   
10.76590051 -1   
10.76715295 -1   
10.76864891 -1   
10.76989504 -1   
10.77139572 -1   
10.79813681 -1   
10.79965070 -1   
10.80915425 -1   
10.80931860 1    
10.81037276 -1   
10.81189040 -1   
10.81336851 -1   
10.81462104 -1   
10.81613896 -1   
10.81764096 -1   
10.81888456 -1   
10.82036401 -1   
10.82163764 -1   
10.82313731 -1   
10.82463243 -1   
10.82586136 -1   
10.82736447 -1   
10.82863436 -1   
10.83012845 -1   
10.83161079 -1   
10.83286048 -1   
10.83435902 -1   
10.83585516 -1   
10.83712904 -1   
10.83860725 -1   
10.83985441 -1   
10.84135831 -1   
10.84288014 -1   
10.84410423 -1   
10.86609638 -1   
10.91096790 -1   
10.91102328 1    
11.06800717 -1   
11.06947257 -1   
11.07099987 -1   
11.07222020 -1   
11.07374434 -1   
11.07498984 -1   
11.07650763 -1   
11.12094077 -1   
11.12110821 1    
11.12244452 -1   
11.23608893 1    
11.28382340 -1   
11.40161272 1    
11.65364920 -1   
11.65515752 -1   
11.65555514 -1   
11.66489006 -1   
11.66638196 -1   
11.66788278 -1   
11.66915196 -1   
11.67065395 -1   
11.67187830 -1   
11.67337931 -1   
11.67487818 -1   
11.67612569 -1   
11.67624482 1    
11.67765486 -1   
11.67889636 -1   
11.68037549 -1   
11.68189577 -1   
11.68589460 -1   
11.70088646 -1   
11.70210942 -1   
11.71336055 -1   
11.71485879 -1   
11.71635257 -1   
11.73459948 -1   
11.73584098 -1   
11.73734128 -1   
11.81780482 -1   
11.81929715 -1   
11.81954416 -1   
11.86055869 -1   
11.86059622 1    
11.86204325 -1   
11.98245848 -1   
12.05278478 1    
12.20165474 1    
12.34827248 -1   
12.34976054 -1   
12.35071724 -1   
12.35227494 -1   
12.35376085 -1   
12.35501086 -1   
12.35650611 -1   
12.35800930 -1   
12.35926029 -1   
12.36075596 -1   
12.36200307 -1   
12.36350111 -1   
12.36500081 -1   
12.36625217 -1   
12.36775004 -1   
12.36900406 -1   
12.36903600 1    
12.38599513 -1   
12.38723964 -1   
12.38873738 -1   
12.39023577 -1   
12.39146636 -1   
12.39296474 -1   
12.39423636 -1   
12.39573582 -1   
12.39723553 -1   
12.39846194 -1   
12.39998096 -1   
12.40145989 -1   
12.40273795 -1   
12.40420812 -1   
12.40546187 -1   
12.40695518 -1   
12.40845747 -1   
12.40970406 -1   
12.41120502 -1   
12.41245229 -1   
12.41397189 -1   
12.41545205 -1   
12.41672837 -1   
12.41822445 -1   
12.41834524 1    
12.41972387 -1   
12.42097257 -1   
12.42247426 -1   
12.42372141 -1   
12.42521641 -1   
12.42671562 -1   
12.42794656 -1   
12.42944327 -1   
12.43071060 -1   
12.43219198 -1   
12.43371453 -1   
12.43496221 -1   
12.43646277 -1   
12.43795874 -1   
12.43921091 -1   
12.44070221 -1   
12.44220618 -1   
12.44343607 -1   
12.44493667 -1   
12.44643367 -1   
12.44770603 -1   
12.44920272 -1   
12.45043447 -1   
12.45195500 -1   
12.45345034 -1   
12.45470042 -1   
12.45620141 -1   
12.45744844 -1   
12.45894987 -1   
12.46042546 -1   
12.46169798 -1   
12.46327159 -1   
12.46469292 -1   
12.46594255 -1   
12.46744624 -1   
12.46869141 -1   
12.47018911 -1   
12.47168525 -1   
12.47292280 -1   
12.47441831 -1   
12.47568756 -1   
12.47718713 -1   
12.47869080 -1   
12.47993477 -1   
12.48141600 -1   
12.48291361 -1   
12.48418750 -1   
12.48568584 -1   
12.48693638 -1   
12.48843112 -1   
12.48993177 -1   
12.49003285 1    
12.49117568 -1   
12.49267300 -1   
12.49392525 -1   
12.49543032 -1   
12.49693005 -1   
12.49817468 -1   
12.49967940 -1   
12.50092765 -1   
12.50242585 -1   
12.50392290 -1   
12.50517386 -1   
12.50667442 -1   
12.50792174 -1   
12.50941928 -1   
12.51091705 -1   
12.51216490 -1   
12.51366857 -1   
12.51491631 -1   
12.51641666 -1   
12.51791724 -1   
12.51916821 -1   
12.52066126 -1   
12.52191633 -1   
12.52341468 -1   
12.52491269 -1   
12.52615831 -1   
12.52766078 -1   
12.52891098 -1   
12.53038664 -1   
12.53190338 -1   
12.53315770 -1   
12.53465922 -1   
12.53615712 -1   
12.53740300 -1   
12.53890530 -1   
12.54015316 -1   
12.54163195 -1   
12.54315082 -1   
12.54437974 -1   
12.54590312 -1   
12.54715375 -1   
12.54864619 -1   
12.55014761 -1   
12.55137800 -1   
12.55290040 -1   
12.55437211 -1   
12.55564475 -1   
12.55714346 -1   
12.55837269 -1   
12.55986879 -1   
12.56139157 -1   
12.56264317 -1   
12.56414028 -1   
12.56538674 -1   
12.56688991 -1   
12.56838826 -1   
12.56963612 -1   
12.57113429 -1   
12.57263159 -1   
12.57388446 -1   
12.57536459 -1   
12.57661029 -1   
12.57813266 -1   
12.57965090 -1   
12.58087751 -1   
12.58089267 1    
12.58235876 -1   
12.58389533 -1   
12.58535238 -1   
12.58662413 -1   
12.58812572 -1   
12.58935542 -1   
12.59085991 -1   
12.59236869 -1   
12.59362350 -1   
12.59512497 -1   
12.59636820 -1   
12.59787145 -1   
12.59937311 -1   
12.60061883 -1   
12.60211581 -1   
12.60361723 -1   
12.60486685 -1   
12.60636593 -1   
12.60761217 -1   
12.60911442 -1   
12.61061493 -1   
12.61185994 -1   
12.61333990 -1   
12.61461439 -1   
12.61611002 -1   
12.61758857 -1   
12.61883568 -1   
12.62033661 -1   
12.62183435 -1   
12.62311134 -1   
12.62458381 -1   
12.62583361 -1   
12.62733423 -1   
12.62885610 -1   
12.63010317 -1   
12.63158085 -1   
12.63282958 -1   
12.63432905 -1   
12.63585141 -1   
12.63707698 -1   
12.63857749 -1   
12.63982467 -1   
12.64132140 -1   
12.64284857 -1   
12.64407384 -1   
12.64557323 -1   
12.64684413 -1   
12.64832113 -1   
12.64984634 -1   
12.65107224 -1   
12.65256518 -1   
12.65381780 -1   
12.65531773 -1   
12.65681801 -1   
12.65806196 -1   
12.65956423 -1   
12.66106324 -1   
12.66256283 -1   
12.66380817 -1   
12.66531129 -1   
12.66684545 -1   
12.68205680 -1   
12.68355055 -1   
12.68504907 -1   
12.68629620 -1   
12.68779877 -1   
12.68904512 -1   
12.69056485 -1   
12.69204196 -1   
12.69329572 -1   
12.69479601 -1   
12.69629330 -1   
12.69754192 -1   
12.69904267 -1   
12.70028990 -1   
12.70180998 -1   
12.70328713 -1   
12.70453798 -1   
12.70605573 -1   
12.70728673 -1   
12.70880879 -1   
12.71028519 -1   
12.71153438 -1   
12.71304905 -1   
12.71468479 -1   
12.71580549 -1   
12.71728054 -1   
12.71853047 -1   
12.72002716 -1   
12.72156776 -1   
12.72280302 -1   
12.72427628 -1   
12.72552267 -1   
12.72704354 -1   
12.72855925 -1   
12.72979755 -1   
12.73127098 -1   
12.73132365 1    
12.73278980 -1   
12.73402166 -1   
12.73551803 -1   
12.73678877 -1   
12.73826936 -1   
12.73978439 -1   
12.74096857 1    
12.74098018 1    
12.74100774 -1   
12.74257806 -1   
12.74376257 -1   
12.74526228 -1   
12.74678086 -1   
12.74803140 -1   
12.74951243 -1   
12.75076060 -1   
12.75503940 -1   
12.75925879 -1   
12.76075282 -1   
12.77053589 -1   
12.77477476 -1   
12.77899977 -1   
12.78601445 -1   
12.79000582 -1   
12.79148766 -1   
12.79298455 -1   
12.79426324 -1   
12.79578847 -1   
12.79700794 -1   
12.79702356 1    
12.79848546 -1   
12.79998197 -1   
12.80122883 -1   
12.80273107 -1   
12.80426720 -1   
12.80547843 -1   
12.80700507 -1   
12.80822607 -1   
12.80972819 -1   
12.80982446 1    
12.81125075 -1   
12.81247442 -1   
12.81399711 -1   
12.81522532 -1   
12.81672559 -1   
12.81823611 -1   
12.81947209 -1   
12.82099097 -1   
12.82246901 -1   
12.82373896 -1   
12.82523637 -1   
12.82646493 -1   
12.82799196 -1   
12.82946352 -1   
12.83073827 -1   
12.83221183 -1   
12.83346140 -1   
12.83496179 -1   
12.83646232 -1   
12.84046311 -1   
12.84195921 -1   
12.84620683 -1   
12.84770587 -1   
12.85170612 -1   
12.85320198 -1   
12.85469949 -1   
12.85870438 -1   
12.86019555 -1   
12.86297453 -1   
12.86719842 -1   
12.86869407 -1   
12.87296673 -1   
12.87421643 -1   
12.87571113 -1   
12.87995850 -1   
12.88143378 -1   
12.88270842 -1   
12.88391841 1    
12.89545456 -1   
12.89669998 -1   
12.89819497 -1   
12.89967383 -1   
12.90094729 -1   
12.90244447 -1   
12.90369550 -1   
12.90519264 -1   
12.90669562 -1   
12.90791870 -1   
12.90943849 -1   
12.91094129 -1   
12.91219193 -1   
12.91369233 -1   
12.91494014 -1   
12.91643780 -1   
12.91793663 -1   
12.91918500 -1   
12.92068739 -1   
12.92193267 -1   
12.92343477 -1   
12.92490978 -1   
12.92618518 -1   
12.92765902 -1   
12.92893045 -1   
12.93043019 -1   
12.93192785 -1   
12.93318347 -1   
12.93467884 -1   
12.93592372 -1   
12.93742982 -1   
12.93892275 -1   
12.94017400 -1   
12.94167058 -1   
12.94592153 -1   
12.94716926 -1   
12.94782359 -1   
12.95241791 -1   
12.95367159 -1   
12.95789147 -1   
12.95941755 -1   
12.96366213 -1   
12.96515743 -1   
12.96641417 -1   
12.96791586 -1   
12.96938451 -1   
12.97065557 -1   
12.97215409 -1   
12.97338237 -1   
12.97448900 1    
12.97763415 -1   
12.98037812 -1   
12.98188009 -1   
12.98889245 -1   
12.99039871 -1   
12.99739313 -1   
12.99864244 -1   
13.00713449 -1   
13.00864735 -1   
13.00986091 -1   
13.01138449 -1   
13.01288045 -1   
13.01413219 -1   
13.01562973 -1   
13.01564400 1    
13.01687734 -1   
13.01838100 -1   
13.01987990 -1   
13.02112624 -1   
13.02262792 -1   
13.02387387 -1   
13.02535459 -1   
13.02685211 -1   
13.02812145 -1   
13.02962071 -1   
13.03087397 -1   
13.03237050 -1   
13.03387363 -1   
13.03513402 -1   
13.03661953 -1   
13.03786879 -1   
13.03936585 -1   
13.04086504 -1   
13.04211578 -1   
13.04361495 -1   
13.04486498 -1   
13.04636494 -1   
13.04786269 -1   
13.04911035 -1   
13.05060865 -1   
13.05186960 -1   
13.05610725 -1   
13.05758398 -1   
13.05769424 1    
13.06185502 -1   
13.06310383 -1   
13.06735173 -1   
13.06884835 -1   
13.07309807 -1   
13.07432423 -1   
13.07584833 -1   
13.07732266 -1   
13.07859667 -1   
13.08009131 -1   
13.08134432 -1   
13.08284084 -1   
13.08983842 -1   
13.09131533 -1   
13.11657394 -1   
13.11676269 1    
13.11806971 -1   
13.11957066 -1   
13.11979934 -1   
13.12430025 -1   
13.12581551 -1   
13.13281647 -1   
13.13406057 -1   
13.13556145 -1   
13.13706452 -1   
13.13831045 -1   
13.13981096 -1   
13.14104961 -1   
13.14254089 -1   
13.14405647 -1   
13.14530402 -1   
13.14680438 -1   
13.14805791 -1   
13.14955206 -1   
13.15105521 -1   
13.15230155 -1   
13.15380239 -1   
13.15527959 -1   
13.15656024 -1   
13.15804654 -1   
13.15930108 -1   
13.16077454 -1   
13.16229765 -1   
13.16356671 -1   
13.16927397 -1   
13.17055783 -1   
13.17204166 -1   
13.17351763 -1   
13.17478941 -1   
13.20278086 -1   
13.20427426 -1   
13.20577031 -1   
13.20702041 -1   
13.20852553 -1   
13.20974933 -1   
13.21826684 -1   
13.21828469 1    
13.21976882 -1   
13.22101438 -1   
13.22254181 -1   
13.22403631 -1   
13.24100782 -1   
13.24248005 -1   
13.28746954 -1   
13.42670282 1    
21.07670580 1    
23.31483392 1    
23.32432749 1    
23.32462527 1    
23.64932436 1    
23.98478845 -1   
27.39020417 1    
27.83075112 -1   
27.83097897 1    
28.19027642 -1   
28.19033263 1    
28.23901347 1    
28.55065226 -1   
28.55069787 1    
28.64092189 -1   
28.66892355 -1   
28.68991585 -1   
28.71362664 -1   
28.91680013 -1   
28.91696872 1    
