0.00000000 -1   
0.24472004 1    
0.44810559 1    
0.44863271 -1   
0.63749042 1    
0.67012832 1    
0.67961612 1    
0.79076735 -1   
0.83325969 1    
0.99587521 1    
0.99606188 -1   
1.15744236 1    
1.19607729 1    
1.19612103 -1   
1.22481040 1    
1.25654043 1    
1.36064518 1    
1.58220472 1    
1.58252127 -1   
1.74386089 1    
1.78577281 -1   
1.94549599 1    
1.94842944 -1   
2.11713922 1    
2.11742651 -1   
2.22149118 1    
2.22273043 1    
2.25946732 1    
2.28059650 1    
2.28289528 -1   
2.44220991 1    
2.48588237 -1   
2.68882006 1    
2.90019710 1    
2.93282806 1    
2.93434416 1    
3.09378235 1    
3.12847846 -1   
3.28993287 -1   
3.56122215 1    
3.56271315 1    
3.56309245 1    
3.57270793 1    
3.57420909 1    
3.59244639 1    
3.59370012 1    
3.59519144 1    
3.61318808 1    
3.61468220 1    
3.72638074 1    
3.72761706 1    
3.72911999 1    
3.73036493 1    
3.73636794 1    
3.73645398 -1   
3.73761518 1    
3.73911127 1    
3.74036401 1    
3.75585294 1    
3.75735439 1    
3.75885150 1    
3.76010290 1    
3.76159759 1    
3.76309983 1    
3.76434553 1    
3.76584415 1    
3.77834007 1    
3.77959025 1    
3.78108712 1    
3.78233812 1    
3.89103115 1    
3.89252418 1    
3.89377393 1    
3.89527050 1    
3.89652433 1    
3.89801900 1    
3.89952114 1    
3.90076892 1    
3.90226725 1    
3.90228108 -1   
3.90351935 1    
3.90501636 1    
3.90651717 1    
3.90776314 1    
3.90926557 1    
3.91926114 1    
3.92075657 1    
3.92200751 1    
3.92350621 1    
3.92475593 1    
3.92625628 1    
3.92775452 1    
3.92900362 1    
3.93050043 1    
3.93174886 1    
3.93324998 1    
3.93475202 1    
3.93599831 1    
3.93749906 1    
3.93899587 1    
3.94049876 1    
3.94174423 1    
3.94324353 1    
3.94474697 1    
3.94599400 1    
3.94749063 1    
3.94899366 1    
3.94909507 -1   
3.95024197 1    
3.95173900 1    
3.98522555 1    
3.98646879 1    
4.05593572 1    
4.05742819 1    
4.05868046 1    
4.06017854 1    
4.06142857 1    
4.06292445 1    
4.06442554 1    
4.06567316 1    
4.06605104 1    
4.07584759 -1   
4.10570432 -1   
4.55040789 1    
4.55189445 1    
4.55227612 1    
4.56014221 1    
4.56164306 1    
4.58188600 1    
4.58337950 1    
4.58462833 1    
4.58613015 1    
4.58623049 -1   
4.58737690 1    
4.59312303 1    
4.59462391 1    
4.59587145 1    
4.59736961 1    
4.59887822 1    
4.60012038 1    
4.60161688 1    
4.60311790 1    
4.60436660 1    
4.60586802 1    
4.60736438 1    
4.60861323 1    
4.61011175 1    
4.61161452 1    
4.61286164 1    
4.62136134 1    
4.62260411 1    
4.62410375 1    
4.62535405 1    
4.62685508 1    
4.62835183 1    
4.62960359 1    
4.63111452 1    
4.63909870 1    
4.64023735 -1   
4.64059567 1    
4.64184295 1    
4.72136963 1    
4.74783430 -1   
5.15756030 1    
5.15918803 1    
5.15943891 1    
5.20303417 1    
5.20452677 1    
5.36166475 1    
5.39330219 -1   
5.40339294 -1   
5.55488239 -1   
5.79593735 -1   
5.84191641 1    
5.84340736 1    
5.84378550 1    
5.85140517 1    
5.85290330 1    
5.87414462 1    
5.87538764 1    
5.87688745 1    
5.88213838 1    
5.88338459 1    
5.88488537 1    
5.89337882 1    
5.89462891 1    
5.89612733 1    
5.89737531 1    
5.89887358 1    
5.90037648 1    
5.90162182 1    
5.95739991 -1   
6.00682176 1    
6.00831152 1    
6.00955903 1    
6.01105984 1    
6.01481135 1    
6.01630740 1    
6.01755925 1    
6.01905517 1    
6.03755411 1    
6.03879237 1    
6.04029303 1    
6.04154112 1    
6.04304486 1    
6.04454184 1    
6.04579103 1    
6.04728818 1    
6.04854210 1    
6.05003635 1    
6.05153642 1    
6.05278625 1    
6.05653684 1    
6.05803200 1    
6.05953625 1    
6.06078363 1    
6.06228269 1    
6.06377907 1    
6.06502823 1    
6.06652715 1    
6.06777937 1    
6.06927580 1    
6.07077831 1    
6.07202509 1    
6.07352652 1    
6.07362887 -1   
6.07477396 1    
6.07627406 1    
6.07777729 1    
6.12004098 -1   
6.17197646 1    
6.17346706 1    
6.17471546 1    
6.17621547 1    
6.17746824 1    
6.17896474 1    
6.18046723 1    
6.18171122 1    
6.18321338 1    
6.18446068 1    
6.18595894 1    
6.18745888 1    
6.18871300 1    
6.19020664 1    
6.19170823 1    
6.19295593 1    
6.20245905 1    
6.20370230 1    
6.20519709 1    
6.20644722 1    
6.20795010 1    
6.20944575 1    
6.21069722 1    
6.21219659 1    
6.21344575 1    
6.21494232 1    
6.21644396 1    
6.21769126 1    
6.21919281 1    
6.22044059 1    
6.22194170 1    
6.22343740 1    
6.22354189 -1   
6.22469055 1    
6.22618753 1    
6.22743959 1    
6.22893512 1    
6.23043663 1    
6.23168283 1    
6.23318468 1    
6.23468223 1    
6.23593016 1    
6.23742973 1    
6.23868170 1    
6.24017903 1    
6.24167949 1    
6.24292608 1    
6.24443047 1    
6.24567628 1    
6.24717358 1    
6.24867395 1    
6.24992472 1    
6.25142111 1    
6.25267622 1    
6.25417165 1    
6.25567222 1    
6.25692008 1    
6.25841783 1    
6.25991886 1    
6.26117010 1    
6.26266480 1    
6.26391878 1    
6.26541671 1    
6.26691678 1    
6.26816250 1    
6.26966155 1    
6.27091055 1    
6.27241304 1    
6.27390933 1    
6.27516123 1    
6.27527293 -1   
6.27666116 1    
6.28115874 1    
6.28240559 1    
6.32166329 -1   
6.33688160 1    
6.33837241 1    
6.33962553 1    
6.34112232 1    
6.34236994 1    
6.34386997 1    
6.34537073 1    
6.34661976 1    
6.34812056 1    
6.34936497 1    
6.35086800 1    
6.35236508 1    
6.35361335 1    
6.35511166 1    
6.35661487 1    
6.35786140 1    
6.35936306 1    
6.36060988 1    
6.36211068 1    
6.36360797 1    
6.36485830 1    
6.36635588 1    
6.36785840 1    
6.36910556 1    
6.37060539 1    
6.37210461 1    
6.37360410 1    
6.37485120 1    
6.37635204 1    
6.37759909 1    
6.37910214 1    
6.38059808 1    
6.38076570 -1   
6.38185003 1    
6.38334555 1    
6.38459679 1    
6.38609605 1    
6.38759643 1    
6.38884408 1    
6.39035009 1    
6.39159098 1    
6.39309624 1    
6.39458952 1    
6.39583837 1    
6.39733832 1    
6.39859003 1    
6.40008775 1    
6.40158813 1    
6.40283526 1    
6.40433739 1    
6.40558342 1    
6.40708206 1    
6.40858703 1    
6.40983336 1    
6.41133374 1    
6.41258261 1    
6.41407801 1    
6.41522546 -1   
6.41558206 1    
6.41682721 1    
6.41833004 1    
6.41957490 1    
6.42107827 1    
6.42257509 1    
6.42382587 1    
6.42532275 1    
6.42682074 1    
6.42807064 1    
6.42957435 1    
6.43081996 1    
6.43232213 1    
6.43381679 1    
6.43506945 1    
6.43657948 1    
6.43781412 1    
6.43931487 1    
6.44081622 1    
6.44200051 -1   
6.44206303 1    
6.44356613 1    
6.44506571 1    
6.44630927 1    
6.44780858 1    
6.44905987 1    
6.45056105 1    
6.45205724 1    
6.45330863 1    
6.45480516 1    
6.45605806 1    
6.45755339 1    
6.45905326 1    
6.46030481 1    
6.46180389 1    
6.46330006 1    
6.46455332 1    
6.46604793 1    
6.46730211 1    
6.46879810 1    
6.47029603 1    
6.47154606 1    
6.47304944 1    
6.47429297 1    
6.47579535 1    
6.47729274 1    
6.47854449 1    
6.48004184 1    
6.48153988 1    
6.48278904 1    
6.48429208 1    
6.48578988 1    
6.48703864 1    
6.48853609 1    
6.48864790 -1   
6.48978522 1    
6.49128393 1    
6.49253751 1    
6.49403310 1    
6.49553407 1    
6.49678141 1    
6.49828593 1    
6.49952876 1    
6.50102774 1    
6.50252765 1    
6.50377926 1    
6.50527805 1    
6.50652970 1    
6.50802496 1    
6.50952625 1    
6.51077227 1    
6.51227463 1    
6.51352181 1    
6.51502397 1    
6.51657737 1    
6.51852258 1    
6.51853797 -1   
6.51976803 1    
6.52126819 1    
6.52252003 1    
6.52401643 1    
6.52551693 1    
6.52676393 1    
6.52826757 1    
6.52951110 1    
6.53101106 1    
6.53251125 1    
6.53376525 1    
6.53525861 1    
6.53651216 1    
6.53800708 1    
6.53950832 1    
6.54075642 1    
6.54225479 1    
6.54350366 1    
6.54500727 1    
6.54650165 1    
6.54775407 1    
6.54925123 1    
6.55050251 1    
6.55199883 1    
6.55349759 1    
6.55474853 1    
6.55625101 1    
6.55774577 1    
6.55899761 1    
6.56049508 1    
6.56058609 -1   
6.56174387 1    
6.56324338 1    
6.56474588 1    
6.56599116 1    
6.56749358 1    
6.56874179 1    
6.57024336 1    
6.57173815 1    
6.57298655 1    
6.57448550 1    
6.57598841 1    
6.57723564 1    
6.57873661 1    
6.57998468 1    
6.58148475 1    
6.58298126 1    
6.58423209 1    
6.58573012 1    
6.58698257 1    
6.58848184 1    
6.58998003 1    
6.59147584 1    
6.59272924 1    
6.59422525 1    
6.59547392 1    
6.59697436 1    
6.59847497 1    
6.59963105 -1   
6.59972240 1    
6.60122478 1    
6.60272208 1    
6.60396864 1    
6.60546876 1    
6.60671697 1    
6.60821975 1    
6.60971774 1    
6.61096873 1    
6.61246765 1    
6.61371619 1    
6.61521423 1    
6.61671359 1    
6.61796145 1    
6.61946403 1    
6.62096075 1    
6.62221152 1    
6.62371054 1    
6.62496034 1    
6.62645566 1    
6.62795688 1    
6.62920564 1    
6.63070660 1    
6.63195307 1    
6.63345549 1    
6.63495364 1    
6.63620810 1    
6.63771043 1    
6.63919915 1    
6.64045086 1    
6.64132523 -1   
6.64195505 1    
6.64319665 1    
6.64470115 1    
6.64619618 1    
6.64744453 1    
6.64894541 1    
6.65020395 1    
6.65150725 -1   
6.65169215 1    
6.65319603 1    
6.65444351 1    
6.65593920 1    
6.65743975 1    
6.65868930 1    
6.66019117 1    
6.66143541 1    
6.66293897 1    
6.66443700 1    
6.66568780 1    
6.66718251 1    
6.66843315 1    
6.66993276 1    
6.67143415 1    
6.67268091 1    
6.67418160 1    
6.67542851 1    
6.67693147 1    
6.67842870 1    
6.67967596 1    
6.67979411 -1   
6.68117795 1    
6.68242411 1    
6.68392684 1    
6.68542287 1    
6.68667441 1    
6.68817289 1    
6.68913364 1    
6.68915323 -1   
6.75339419 1    
6.75488461 1    
6.76138583 1    
6.76287853 1    
6.76413260 1    
6.76562841 1    
6.76712767 1    
6.76837791 1    
6.76987903 1    
6.77112355 1    
6.77262643 1    
6.77412101 1    
6.77537364 1    
6.77687191 1    
6.77811931 1    
6.77961850 1    
6.78112140 1    
6.78236793 1    
6.78386893 1    
6.78536698 1    
6.78661881 1    
6.78812463 1    
6.78936763 1    
6.79086357 1    
6.79236698 1    
6.79361127 1    
6.79511434 1    
6.79636061 1    
6.79786148 1    
6.79935707 1    
6.80060935 1    
6.80210850 1    
6.80335833 1    
6.80485581 1    
6.80635631 1    
6.80760263 1    
6.80910594 1    
6.80923058 -1   
6.81060184 1    
6.81185068 1    
6.81335334 1    
6.81485002 1    
6.81610171 1    
6.81759653 1    
6.81909874 1    
6.82034622 1    
6.82184413 1    
6.82309333 1    
6.82459584 1    
6.82609255 1    
6.82734544 1    
6.82884225 1    
6.83034229 1    
6.83158918 1    
6.83309182 1    
6.83434301 1    
6.83583928 1    
6.83733537 1    
6.83858818 1    
6.84008826 1    
6.84133709 1    
6.84283170 1    
6.84433670 1    
6.84558558 1    
6.84708212 1    
6.84858021 1    
6.84983100 1    
6.85133006 1    
6.85257803 1    
6.85407556 1    
6.85557880 1    
6.85682840 1    
6.85832635 1    
6.85957266 1    
6.86107694 1    
6.86257451 1    
6.86382411 1    
6.86531936 1    
6.86657179 1    
6.86807184 1    
6.86957044 1    
6.87081611 1    
6.87231966 1    
6.87356996 1    
6.87506664 1    
6.87656365 1    
6.87781589 1    
6.87931475 1    
6.88056455 1    
6.88206033 1    
6.88356304 1    
6.88481331 1    
6.88631095 1    
6.88755697 1    
6.88905971 1    
6.89055877 1    
6.89180746 1    
6.89330485 1    
6.89455605 1    
6.89605589 1    
6.89755428 1    
6.89879975 1    
6.90030726 1    
6.90180194 1    
6.90305394 1    
6.90306746 1    
6.90307799 -1   
6.90454928 1    
6.90605046 1    
6.90754889 1    
6.90879505 1    
6.91029727 1    
6.91154654 1    
6.91304624 1    
6.91454350 1    
6.91579340 1    
6.91729343 1    
6.91854209 1    
6.92004029 1    
6.92154342 1    
6.92278969 1    
6.92429035 1    
6.92578551 1    
6.92703800 1    
6.92853703 1    
6.92978585 1    
6.93128260 1    
6.93278507 1    
6.93403442 1    
6.93553241 1    
6.93677962 1    
6.93828219 1    
6.93977990 1    
6.94103046 1    
6.94252520 1    
6.94402963 1    
6.94527744 1    
6.94677566 1    
6.94802355 1    
6.94952468 1    
6.95102475 1    
6.95227463 1    
6.95376916 1    
6.95502136 1    
6.95653505 1    
6.95802006 1    
6.95926818 1    
6.96076910 1    
6.96201900 1    
6.96351665 1    
6.96501378 1    
6.96626556 1    
6.96776457 1    
6.96926407 1    
6.97051082 1    
6.97201198 1    
6.97326248 1    
6.97475986 1    
6.97625762 1    
6.97751040 1    
6.97900781 1    
6.98025855 1    
6.98175366 1    
6.98325608 1    
6.98450607 1    
6.98600320 1    
6.98749933 1    
6.98875399 1    
6.99025306 1    
6.99150158 1    
6.99299860 1    
6.99450075 1    
6.99574854 1    
6.99724750 1    
6.99849358 1    
6.99999555 1    
7.00149552 1    
7.00274540 1    
7.00424199 1    
7.00549342 1    
7.00699214 1    
7.00849187 1    
7.00973733 1    
7.01124235 1    
7.01249148 1    
7.01398790 1    
7.01548464 1    
7.01673751 1    
7.01823560 1    
7.01948439 1    
7.02098195 1    
7.02248285 1    
7.02373252 1    
7.02523101 1    
7.02647817 1    
7.02798144 1    
7.02947935 1    
7.03072786 1    
7.03222592 1    
7.03339215 -1   
7.03339898 -1   
7.03368537 -1   
7.03372057 1    
7.03522544 1    
7.03647660 1    
7.03797146 1    
7.03947023 1    
7.04072025 1    
7.04222090 1    
7.04346767 1    
7.04497037 1    
7.04646891 1    
7.04771898 1    
7.04921670 1    
7.05046414 1    
7.05196267 1    
7.05346547 1    
7.05471201 1    
7.05621505 1    
7.05745992 1    
7.05896250 1    
7.06045943 1    
7.06170792 1    
7.06320625 1    
7.06446146 1    
7.06595600 1    
7.06745899 1    
7.06870405 1    
7.07020538 1    
7.07145315 1    
7.07295203 1    
7.07308006 -1   
7.07445353 1    
7.07446905 -1   
7.07570214 1    
7.07719938 1    
7.07870067 1    
7.07994728 1    
7.08144595 1    
7.08269663 1    
7.08419935 1    
7.08569428 1    
7.08694632 1    
7.08844291 1    
7.08969466 1    
7.09219079 1    
7.09368913 1    
7.09518785 1    
7.09919059 1    
7.10043754 1    
7.10193704 1    
7.10343709 1    
7.10468654 1    
7.10643244 1    
7.10793037 1    
7.10918026 1    
7.11068208 1    
7.11218068 1    
7.11343031 1    
7.11492700 1    
7.11618001 1    
7.11767602 1    
7.11773199 -1   
7.11917730 1    
7.12042438 1    
7.12192614 1    
7.12317305 1    
7.12467456 1    
7.12617103 1    
7.12741956 1    
7.12892122 1    
7.13042226 1    
7.13166822 1    
7.13317053 1    
7.13441533 1    
7.13591700 1    
7.13741384 1    
7.13916273 1    
7.14041283 1    
7.14191518 1    
7.14316063 1    
7.14466441 1    
7.14615777 1    
7.14741097 1    
7.14891041 1    
7.15040678 1    
7.15165596 1    
7.15315789 1    
7.15440342 1    
7.15590670 1    
7.15740333 1    
7.15865457 1    
7.16015139 1    
7.16140017 1    
7.16289910 1    
7.16440340 1    
7.16564794 1    
7.16715026 1    
7.16839828 1    
7.16950406 -1   
7.16989795 1    
7.17139372 1    
7.17264941 1    
7.17414423 1    
7.17539425 1    
7.17689232 1    
7.17839305 1    
7.17963950 1    
7.18114000 1    
7.18238887 1    
7.18410548 1    
7.18538662 1    
7.18663834 1    
7.18838603 1    
7.18988895 1    
7.19026326 1    
7.19206322 -1   
7.21037946 1    
7.23640744 -1   
7.33430381 1    
7.33579969 1    
7.33705215 1    
7.33854898 1    
7.33979650 1    
7.34555955 1    
7.34704742 1    
7.34854252 1    
7.34979399 1    
7.35129080 1    
7.35279367 1    
7.35317131 1    
7.36353900 1    
7.36503418 1    
7.36628556 1    
7.36778414 1    
7.38178084 1    
7.38193652 -1   
7.38327775 1    
7.43949476 1    
7.43952432 -1   
7.44099419 1    
7.44898891 1    
7.45048938 1    
7.45173324 1    
7.45323452 1    
7.45448122 1    
7.45597968 1    
7.45747925 1    
7.45873156 1    
7.46022851 1    
7.46148146 1    
7.46297709 1    
7.46448194 1    
7.46572466 1    
7.46722413 1    
7.46872357 1    
7.46997465 1    
7.47147156 1    
7.47272477 1    
7.47422065 1    
7.47572234 1    
7.47721967 1    
7.47846886 1    
7.47996595 1    
7.48146930 1    
7.48272523 1    
7.48421821 1    
7.48546311 1    
7.48696523 1    
7.48846189 1    
7.48971065 1    
7.49120907 1    
7.49246286 1    
7.49256372 -1   
7.51395700 1    
7.51519723 1    
7.51669873 1    
7.51794606 1    
7.51944405 1    
7.52094337 1    
7.52219503 1    
7.52369102 1    
7.52494660 1    
7.52644053 1    
7.52794254 1    
7.52918840 1    
7.53068749 1    
7.53218833 1    
7.53343948 1    
7.53493467 1    
7.53618837 1    
7.53768321 1    
7.53918650 1    
7.54043273 1    
7.54193089 1    
7.54318068 1    
7.54440414 1    
7.54592874 1    
7.54743067 1    
7.54867885 1    
7.55017945 1    
7.55142650 1    
7.55292557 1    
7.55442435 1    
7.55567632 1    
7.55717275 1    
7.55842545 1    
7.55992086 1    
7.56142283 1    
7.56266945 1    
7.56278668 -1   
7.56417279 1    
7.56541557 1    
7.56691918 1    
7.56841912 1    
7.56966763 1    
7.57116485 1    
7.57241496 1    
7.57391286 1    
7.57541416 1    
7.57666257 1    
7.57816414 1    
7.57966025 1    
7.58091214 1    
7.58240864 1    
7.58365797 1    
7.58515795 1    
7.58665844 1    
7.58790394 1    
7.58940729 1    
7.59065234 1    
7.59215565 1    
7.59365168 1    
7.59490024 1    
7.59640080 1    
7.59790103 1    
7.59914801 1    
7.62389060 1    
7.62390576 -1   
7.62538729 1    
7.64137883 1    
7.65112474 1    
7.65261842 1    
7.65386980 1    
7.70878651 1    
7.75132031 1    
7.75281254 1    
7.76155908 1    
7.76305667 1    
7.76455614 1    
7.77205447 1    
7.77355233 1    
7.85051220 1    
7.85054154 -1   
7.85175660 1    
7.87008121 1    
8.03129778 -1   
8.11761421 -1   
8.13764361 -1   
8.46141154 1    
8.46265492 1    
8.46304035 1    
8.46338636 -1   
8.47140400 1    
8.47289880 1    
8.48139853 1    
8.48264227 1    
8.49214209 1    
8.49363820 1    
8.49488532 1    
8.49638643 1    
8.49763661 1    
8.49913245 1    
8.50063889 1    
8.50188204 1    
8.50338439 1    
8.50488060 1    
8.50612878 1    
8.50775255 1    
8.50887992 1    
8.51037608 1    
8.51187784 1    
8.51312689 1    
8.51462808 1    
8.56135102 1    
8.56284938 1    
8.58159002 1    
8.58283831 1    
8.58433625 1    
8.58558293 1    
8.58572089 -1   
8.58708561 1    
8.58858428 1    
8.58983407 1    
8.59133062 1    
8.59258297 1    
8.59407890 1    
8.59557860 1    
8.59682998 1    
8.59832931 1    
8.59957580 1    
8.60107829 1    
8.60257257 1    
8.60382602 1    
8.60532345 1    
8.60682104 1    
8.60807077 1    
8.60957358 1    
8.61081839 1    
8.61232246 1    
8.61381706 1    
8.61503671 -1   
8.61506278 1    
8.61656697 1    
8.61781982 1    
8.61931333 1    
8.62081689 1    
8.62206192 1    
8.62356490 1    
8.62506292 1    
8.62631086 1    
8.62781216 1    
8.62906193 1    
8.63055803 1    
8.63206035 1    
8.63330575 1    
8.63331780 -1   
8.63480809 1    
8.63630501 1    
8.63780404 1    
8.63905264 1    
8.64055616 1    
8.64604998 1    
8.64755119 1    
8.64879890 1    
8.65030020 1    
8.65704612 1    
8.65854251 1    
8.65979076 1    
8.66045590 1    
8.66228905 1    
8.66354126 1    
8.70002036 1    
8.82326356 1    
8.82330686 -1   
8.95363231 1    
8.95512230 1    
8.96511994 1    
8.96661482 1    
8.96786626 1    
8.96936490 1    
8.97086504 1    
8.97211252 1    
8.97361395 1    
8.97485989 1    
8.97636042 1    
8.97785859 1    
8.97911161 1    
8.98060726 1    
8.98187168 1    
8.98485629 1    
8.98610644 1    
8.98760423 1    
8.98885174 1    
8.99035074 1    
8.99185308 1    
8.99310184 1    
8.99460284 1    
8.99584934 1    
8.99735187 1    
8.99735734 1    
8.99737907 -1   
8.99884594 1    
9.00034675 1    
9.00159767 1    
9.00309406 1    
9.00434954 1    
9.00584380 1    
9.00734568 1    
9.00859209 1    
9.01008968 1    
9.01158900 1    
9.01284274 1    
9.01433748 1    
9.01558941 1    
9.01708772 1    
9.01858856 1    
9.01983424 1    
9.02133352 1    
9.02283224 1    
9.02408712 1    
9.02558192 1    
9.02708342 1    
9.02858185 1    
9.02983120 1    
9.03132780 1    
9.03258078 1    
9.03407561 1    
9.03558092 1    
9.03682565 1    
9.03693413 -1   
9.03832721 1    
9.03957345 1    
9.04107306 1    
9.04257262 1    
9.04507372 1    
9.07331160 1    
9.07480746 1    
9.07605405 1    
9.07755377 1    
9.07905097 1    
9.08030098 1    
9.08179968 1    
9.08305284 1    
9.08454911 1    
9.08605032 1    
9.08729669 1    
9.08879899 1    
9.09004445 1    
9.09154876 1    
9.09304474 1    
9.09429481 1    
9.09579129 1    
9.09729295 1    
9.09853908 1    
9.10004409 1    
9.10128902 1    
9.10278740 1    
9.10428738 1    
9.10553842 1    
9.10703368 1    
9.10828792 1    
9.10978325 1    
9.11128455 1    
9.11253289 1    
9.11403047 1    
9.11553107 1    
9.11678396 1    
9.11827855 1    
9.11953035 1    
9.12102940 1    
9.12252974 1    
9.12377463 1    
9.12387511 -1   
9.12527652 1    
9.12652401 1    
9.12802584 1    
9.12952191 1    
9.13077460 1    
9.13228569 1    
9.13376897 1    
9.13501820 1    
9.13652204 1    
9.13801808 1    
9.13926870 1    
9.14076683 1    
9.14226389 1    
9.14351424 1    
9.14501744 1    
9.14626195 1    
9.14776458 1    
9.14926162 1    
9.15051299 1    
9.15201027 1    
9.15325808 1    
9.15475772 1    
9.15626025 1    
9.15750582 1    
9.15900744 1    
9.16050537 1    
9.16175695 1    
9.16325286 1    
9.16450372 1    
9.16600126 1    
9.16750382 1    
9.16757565 -1   
9.16875326 1    
9.17024865 1    
9.17150002 1    
9.17299834 1    
9.17449514 1    
9.17574560 1    
9.17724741 1    
9.17849356 1    
9.17999569 1    
9.18149484 1    
9.18274437 1    
9.18424287 1    
9.18549023 1    
9.18698908 1    
9.18849276 1    
9.18973747 1    
9.19123887 1    
9.19249026 1    
9.19398790 1    
9.19548424 1    
9.19673395 1    
9.19823285 1    
9.19948562 1    
9.19949661 -1   
9.20098548 1    
9.20248022 1    
9.20373166 1    
9.20522926 1    
9.20647720 1    
9.20797620 1    
9.20947933 1    
9.21072665 1    
9.21222920 1    
9.21372362 1    
9.21497485 1    
9.21647330 1    
9.21772040 1    
9.21921996 1    
9.22072289 1    
9.22196984 1    
9.22347043 1    
9.22355325 -1   
9.22472049 1    
9.22621725 1    
9.22771598 1    
9.22896638 1    
9.23046693 1    
9.23196269 1    
9.23321549 1    
9.23471252 1    
9.23596320 1    
9.23746056 1    
9.23895902 1    
9.24020983 1    
9.24171030 1    
9.24320648 1    
9.24445958 1    
9.24595536 1    
9.24745755 1    
9.24870781 1    
9.25020380 1    
9.25145188 1    
9.25295458 1    
9.25444990 1    
9.25570179 1    
9.25719861 1    
9.25869980 1    
9.25994668 1    
9.26144548 1    
9.26269458 1    
9.26419854 1    
9.26569494 1    
9.26694644 1    
9.26844431 1    
9.26969476 1    
9.27119150 1    
9.27241350 -1   
9.27269202 1    
9.27394152 1    
9.27544102 1    
9.27693890 1    
9.27818957 1    
9.27968519 1    
9.28093499 1    
9.28243339 1    
9.28393628 1    
9.28518260 1    
9.28668597 1    
9.28793055 1    
9.28943270 1    
9.29093052 1    
9.29217936 1    
9.29367820 1    
9.29518018 1    
9.29642832 1    
9.29792949 1    
9.29917645 1    
9.30068007 1    
9.30217218 1    
9.30342242 1    
9.30492168 1    
9.30617334 1    
9.30766951 1    
9.30917333 1    
9.31041941 1    
9.31192000 1    
9.31341808 1    
9.31466582 1    
9.31616563 1    
9.31741676 1    
9.31891287 1    
9.32041629 1    
9.32166125 1    
9.32175171 -1   
9.32316117 1    
9.32441077 1    
9.32591177 1    
9.32741061 1    
9.32866306 1    
9.33015740 1    
9.33140951 1    
9.33290808 1    
9.33440603 1    
9.33565354 1    
9.33715809 1    
9.33840239 1    
9.33990531 1    
9.34140201 1    
9.34265327 1    
9.34414985 1    
9.34539797 1    
9.34689813 1    
9.34839917 1    
9.34964640 1    
9.35114748 1    
9.35239461 1    
9.35389547 1    
9.35539208 1    
9.35664241 1    
9.35814082 1    
9.35939686 1    
9.36089081 1    
9.36239151 1    
9.36363719 1    
9.36514043 1    
9.36663614 1    
9.36788675 1    
9.36938596 1    
9.37063632 1    
9.37071765 -1   
9.37213692 1    
9.37363237 1    
9.37488441 1    
9.37638182 1    
9.37762881 1    
9.37912909 1    
9.38063218 1    
9.38187786 1    
9.38338017 1    
9.38487759 1    
9.38612871 1    
9.38762391 1    
9.38887276 1    
9.39037474 1    
9.39187413 1    
9.39312161 1    
9.39462226 1    
9.39587015 1    
9.39588134 -1   
9.39737353 1    
9.39886740 1    
9.40011905 1    
9.40161667 1    
9.40311780 1    
9.40436608 1    
9.40586621 1    
9.40711302 1    
9.40861272 1    
9.41011062 1    
9.41136323 1    
9.41286216 1    
9.41411167 1    
9.41560784 1    
9.41711048 1    
9.41835654 1    
9.41985606 1    
9.42135571 1    
9.42260828 1    
9.42410444 1    
9.42535579 1    
9.42685108 1    
9.42835392 1    
9.42959992 1    
9.43109887 1    
9.43234938 1    
9.43385028 1    
9.43534610 1    
9.43659932 1    
9.43809550 1    
9.43934811 1    
9.44084554 1    
9.44234299 1    
9.44359184 1    
9.44509414 1    
9.44634025 1    
9.44784244 1    
9.44933958 1    
9.45059059 1    
9.45208788 1    
9.45216045 -1   
9.45333886 1    
9.45483530 1    
9.45633859 1    
9.45758332 1    
9.45908498 1    
9.46033473 1    
9.46183186 1    
9.46333174 1    
9.46458442 1    
9.46607894 1    
9.46758165 1    
9.46907811 1    
9.47032918 1    
9.47058262 1    
9.49606276 1    
9.49731151 1    
9.50531131 1    
9.50680798 1    
9.50806108 1    
9.50955403 1    
9.51080629 1    
9.51230399 1    
9.51380211 1    
9.51505066 1    
9.51655359 1    
9.51804969 1    
9.51930109 1    
9.52129843 1    
9.52141271 -1   
9.52279684 1    
9.52404732 1    
9.52554899 1    
9.52679449 1    
9.52829764 1    
9.53379278 1    
9.53529227 1    
9.53653925 1    
9.53803803 1    
9.53953629 1    
9.54078986 1    
9.54228617 1    
9.54353885 1    
9.54503456 1    
9.54653545 1    
9.54778169 1    
9.54928160 1    
9.55053082 1    
9.55203277 1    
9.55352848 1    
9.55478102 1    
9.55627942 1    
9.55753093 1    
9.55902565 1    
9.56052572 1    
9.56177396 1    
9.56327703 1    
9.56328677 -1   
9.56452714 1    
9.56602145 1    
9.56752473 1    
9.56877189 1    
9.57026877 1    
9.57151850 1    
9.57302133 1    
9.57451690 1    
9.57576932 1    
9.57726576 1    
9.57876799 1    
9.58001408 1    
9.58151268 1    
9.58276327 1    
9.58426536 1    
9.58576164 1    
9.58701275 1    
9.58850994 1    
9.58976189 1    
9.59125751 1    
9.59275753 1    
9.59400547 1    
9.59550812 1    
9.59700486 1    
9.59825582 1    
9.59975197 1    
9.60100503 1    
9.60250257 1    
9.60399980 1    
9.61724697 1    
9.61874432 1    
9.61999007 1    
9.62949044 1    
9.62960532 -1   
9.63073730 1    
9.63223419 1    
9.63348309 1    
9.63498305 1    
9.63647142 1    
9.72575820 -1   
9.83830469 1    
15.51223125 1    
19.91104911 -1   
19.92055766 -1   
19.92084956 -1   
19.92595339 1    
20.07359493 -1   
20.37179857 1    
23.97252457 -1   
24.17803316 1    
24.17823191 -1   
24.33967314 1    
24.33972110 -1   
24.50343329 1    
24.50348656 -1   
24.68006148 1    
24.70061303 1    
24.72037369 1    
24.80562985 -1   
24.86376630 1    
25.00973452 -1   
25.02527571 1    
25.17141738 -1   
25.18693610 1    
25.20232920 1    
25.22132277 1    
25.23081299 1    
25.35024295 1    
25.35028130 -1   
25.51277329 1    
25.51307259 -1   
25.71613189 1    
25.71716054 -1   
25.88081151 1    
25.88086394 -1   
26.04794077 1    
26.04822861 -1   
26.08107550 1    
26.08259168 1    
26.15603501 1    
26.21190028 1    
26.21416471 -1   
26.37352145 1    
26.42169279 -1   
