0.00000000 1    
3.37994757 -1   
3.73027997 1    
3.73045192 -1   
3.89215377 -1   
3.91567549 1    
4.06550959 1    
4.06554595 -1   
4.11649053 1    
4.26991938 -1   
4.29760610 1    
4.31761376 1    
4.31764912 1    
4.33883421 1    
4.48072467 1    
4.48104788 -1   
4.64227327 1    
4.64268916 -1   
4.80518051 1    
4.80936886 -1   
4.87729429 1    
4.89603087 1    
4.91375083 1    
4.97289886 1    
5.13556620 1    
5.13587031 -1   
5.33837700 -1   
6.15914390 1    
6.16021166 -1   
6.42773443 1    
6.42804836 -1   
6.81030868 -1   
6.84115161 1    
6.84239839 1    
6.84277557 1    
6.95785395 1    
7.04467102 1    
7.04497676 -1   
7.23954014 1    
7.23957728 -1   
7.48583114 -1   
7.67204166 1    
7.67235130 -1   
7.83495119 1    
8.02024525 1    
8.02174005 1    
8.03686669 1    
8.09275134 -1   
8.30192618 -1   
8.76857272 1    
8.77006508 1    
8.77043586 1    
8.86975796 1    
8.87100763 1    
8.93235358 1    
8.95745948 1    
8.95870320 1    
9.04941632 1    
9.05065198 1    
9.05215294 1    
9.05340191 1    
9.05490269 1    
9.05637923 1    
9.09452456 1    
9.09464510 -1   
9.13783602 1    
9.18630989 1    
9.18757622 1    
9.18907261 1    
9.19379896 1    
9.19532104 1    
9.21279156 1    
9.21428342 1    
9.21553322 1    
9.22530125 1    
9.22652818 1    
9.22805337 1    
9.25639992 1    
9.28400313 1    
9.28526621 1    
9.30374293 1    
9.30523315 1    
9.30648486 1    
9.30798110 1    
9.30810233 -1   
9.30950325 1    
9.34121694 1    
9.34248265 1    
9.35096335 1    
9.40195223 1    
9.40344933 1    
9.40469960 1    
9.40617424 1    
9.40770278 1    
9.41803873 1    
9.43418032 1    
9.43543077 1    
9.44392862 1    
9.44540573 1    
9.44667459 1    
9.51438741 1    
9.52460849 1    
9.52470561 -1   
9.52585845 1    
9.52737650 1    
9.52887705 1    
9.53012471 1    
9.53485719 1    
9.53635122 1    
9.58133530 1    
9.59384550 1    
9.61807647 1    
9.61957399 1    
9.64756206 1    
9.64905567 1    
9.65055706 1    
9.75587032 1    
9.78947605 1    
9.79096206 1    
9.79248056 1    
9.79372762 1    
9.79522975 1    
9.79647114 1    
9.79658190 -1   
9.79794997 1    
9.79947179 1    
9.80072079 1    
9.80221796 1    
9.86943292 1    
9.87068035 1    
9.87217852 1    
9.87892567 1    
9.88017749 1    
9.91750142 1    
9.92808115 -1   
10.00190540 -1   
10.68272626 1    
10.68394300 1    
10.68434967 1    
10.77566624 1    
10.86061673 1    
10.86147343 -1   
10.86209470 1    
10.88999813 1    
10.96130605 1    
11.02278611 -1   
11.05078188 1    
11.29765174 -1   
11.59104773 1    
11.72015844 -1   
11.73936770 1    
11.74086267 1    
11.75273448 1    
11.82906683 1    
11.83055649 1    
11.83855717 1    
11.84005379 1    
11.84155586 1    
11.88180205 -1   
11.88952756 1    
11.89075577 1    
11.90277398 1    
11.91382300 1    
11.95399058 1    
11.95524098 1    
11.95673519 1    
11.95823651 1    
11.99246565 1    
11.99371436 1    
11.99521274 1    
11.99744292 1    
12.00195895 1    
12.00346159 1    
12.00470609 1    
12.00621186 1    
12.00770885 1    
12.00893353 1    
12.05293963 1    
12.05296158 -1   
12.05418199 1    
12.07691821 1    
12.07841724 1    
12.07966682 1    
12.07989639 1    
12.14786231 1    
12.14935205 1    
12.25784407 -1   
12.28266158 1    
12.32206788 -1   
12.39200669 1    
12.39323535 1    
12.41949547 -1   
12.44458043 1    
12.48391504 1    
12.48543557 1    
12.61034113 1    
12.61161045 1    
12.64601177 1    
12.64611485 -1   
12.80760155 1    
12.80843383 -1   
12.84973268 -1   
12.95791788 1    
12.97410118 1    
13.05763424 -1   
13.13929495 1    
13.14078588 1    
13.14116533 1    
13.22151341 1    
13.22301264 1    
13.23101624 1    
13.23251027 1    
13.23398558 1    
13.23523324 1    
13.23673445 1    
13.23800328 1    
13.23949693 1    
13.23957589 -1   
13.24098276 1    
13.24222706 1    
13.30895082 1    
13.31043771 1    
13.31194094 1    
13.31318835 1    
13.31468750 1    
13.31593436 1    
13.31745568 1    
13.31893503 1    
13.31898850 -1   
13.32568905 1    
13.34329503 1    
13.39216732 1    
13.39341139 1    
13.41165700 1    
13.41167131 -1   
13.41288274 1    
13.41440012 1    
13.45611287 1    
13.45737506 1    
13.45885562 1    
13.46612712 1    
13.46737510 1    
13.46887001 1    
13.47037189 1    
13.47161812 1    
13.48534872 1    
13.50574334 1    
13.55032620 1    
13.55180048 1    
13.55332432 1    
13.55456992 1    
13.55607156 1    
13.55729733 1    
13.55879940 1    
13.56031586 1    
13.56156521 1    
13.56304487 1    
13.56454458 1    
13.61779896 -1   
13.66654040 1    
13.67100583 1    
13.67250208 1    
13.67373313 1    
13.67525275 1    
13.67650289 1    
13.67800100 1    
13.67949938 1    
13.68149709 1    
13.73145241 1    
13.73296792 1    
13.73447079 1    
13.73571774 1    
13.73721916 1    
13.73871604 1    
13.73994246 1    
13.74146331 1    
13.78147910 -1   
13.80341602 1    
13.80465490 1    
13.80615571 1    
13.80768030 1    
13.80890215 1    
13.81042362 1    
13.82589791 1    
13.82741420 1    
13.82933150 1    
13.89686116 1    
13.89837290 1    
13.89962229 1    
13.90112146 1    
13.90236845 1    
13.90387291 1    
13.90537097 1    
13.90661872 1    
13.90812093 1    
13.90936651 1    
13.91084415 1    
13.96634688 1    
13.96638474 -1   
13.96781551 1    
13.96933212 1    
13.97056440 1    
13.97208085 1    
13.99007654 1    
13.99156874 1    
13.99306868 1    
13.99347887 1    
14.01154567 1    
14.01305781 1    
14.04502797 1    
14.04651537 1    
14.04776489 1    
14.06528015 1    
14.06678065 1    
14.06827518 1    
14.07427117 1    
14.07577233 1    
14.15616207 1    
14.15619815 -1   
14.15770600 1    
14.15920312 1    
14.16045438 1    
14.16195163 1    
14.16345434 1    
14.16794843 1    
14.16944833 1    
14.17069657 1    
14.22567190 1    
14.22691469 1    
14.22841663 1    
14.22991410 1    
14.23116433 1    
14.25790193 1    
14.25939871 1    
14.26064449 1    
14.26215956 1    
14.26341488 1    
14.26489423 1    
14.31037673 1    
14.31186519 1    
14.31336816 1    
14.31462905 1    
14.31613304 1    
14.32077394 1    
14.32079319 -1   
14.35036636 1    
14.35184213 1    
14.35336424 1    
14.38210200 1    
14.38359935 1    
14.38509478 1    
14.40658288 1    
14.40805909 1    
14.46680286 1    
14.46804970 1    
14.46955088 1    
14.47104491 1    
14.47229697 1    
14.47379371 1    
14.47529359 1    
14.47654228 1    
14.47804467 1    
14.47929269 1    
14.48079194 1    
14.48228832 1    
14.48464357 1    
14.48465684 -1   
14.48953974 1    
14.49103320 1    
14.53701223 1    
14.53850551 1    
14.54000910 1    
14.55849813 1    
14.55999593 1    
14.56149264 1    
14.56898991 1    
14.57048849 1    
14.57174220 1    
14.62127355 1    
14.62270770 1    
14.62420980 1    
14.63170285 1    
14.63320270 1    
14.63445216 1    
14.64783643 1    
14.64785011 -1   
14.64969492 1    
14.65092176 1    
14.70091975 1    
14.70241242 1    
14.70389094 1    
14.70516103 1    
14.70666282 1    
14.72040412 1    
14.72165426 1    
14.72315490 1    
14.72465492 1    
14.72587778 1    
14.72739785 1    
14.74087119 1    
14.74239161 1    
14.74362332 1    
14.78160038 1    
14.78284696 1    
14.80160929 1    
14.80283529 1    
14.80435257 1    
14.80583363 1    
14.80710568 1    
14.80985051 1    
14.81168456 1    
14.81169806 -1   
14.85982614 1    
14.86132111 1    
14.86257042 1    
14.86407052 1    
14.86557198 1    
14.86931799 1    
14.87081906 1    
14.87231487 1    
14.88930916 1    
14.89055433 1    
14.89205485 1    
14.94602681 1    
14.94752172 1    
14.94877402 1    
14.95027237 1    
14.95152351 1    
14.95751742 1    
14.95876654 1    
14.96026600 1    
14.96174581 1    
14.96876008 1    
14.97001453 1    
14.97150875 1    
14.97300983 1    
14.97425689 1    
14.97573606 1    
14.97598656 1    
14.97599663 -1   
15.01298812 1    
15.01448345 1    
15.04296272 1    
15.04444533 1    
15.04569592 1    
15.05419665 1    
15.05571175 1    
15.05718877 1    
15.07494337 1    
15.07642911 1    
15.07793097 1    
15.10616530 1    
15.10741380 1    
15.11590797 1    
15.11742486 1    
15.11865333 1    
15.14053601 1    
15.14056377 -1   
15.17388143 1    
15.17537081 1    
15.18562116 1    
15.18686307 1    
15.18838453 1    
15.19563498 1    
15.19711045 1    
15.19837842 1    
15.19985899 1    
15.20137784 1    
15.20262963 1    
15.20512923 1    
15.20637427 1    
15.20785425 1    
15.24884035 1    
15.25034702 1    
15.25182927 1    
15.25308606 1    
15.25457720 1    
15.28658657 1    
15.28807755 1    
15.28955466 1    
15.29080932 1    
15.29232702 1    
15.29357970 1    
15.30418198 1    
15.30421384 -1   
15.31404861 1    
15.31556272 1    
15.31706034 1    
15.34206111 1    
15.34352897 1    
15.34477359 1    
15.36328671 1    
15.36453343 1    
15.36603582 1    
15.36753162 1    
15.36875913 1    
15.37027946 1    
15.37153276 1    
15.37302936 1    
15.37452823 1    
15.37575595 1    
15.37727799 1    
15.43499683 1    
15.43649351 1    
15.43774410 1    
15.43783128 -1   
15.43924539 1    
15.44048921 1    
15.44574002 1    
15.44700012 1    
15.44848655 1    
15.46791424 1    
15.46792813 -1   
15.47822256 1    
15.47944716 1    
15.49920997 1    
15.50045569 1    
15.50197684 1    
15.50345483 1    
15.50470288 1    
15.50620248 1    
15.53318960 1    
15.53441700 1    
15.53591321 1    
15.53741364 1    
15.56192516 1    
15.56342056 1    
15.56492121 1    
15.57166472 1    
15.57316692 1    
15.58988895 1    
15.59138330 1    
15.59862967 1    
15.59987950 1    
15.60139973 1    
15.60290116 1    
15.60414485 1    
15.60564870 1    
15.60714447 1    
15.60839268 1    
15.63108884 1    
15.63110203 -1   
15.64512602 1    
15.64662402 1    
15.68260798 1    
15.68383144 1    
15.68535218 1    
15.68682900 1    
15.68809307 1    
15.68959622 1    
15.70459467 1    
15.70581632 1    
15.70734005 1    
15.71433370 1    
15.71558508 1    
15.71737878 1    
15.72458217 1    
15.72607723 1    
15.72757978 1    
15.75306245 1    
15.75456283 1    
15.75605995 1    
15.75730809 1    
15.75880917 1    
15.76354071 1    
15.76478158 1    
15.76483321 -1   
15.76630889 1    
15.79104655 1    
15.79408151 1    
15.79409554 -1   
15.80154125 1    
15.80303670 1    
15.80928551 1    
15.81078167 1    
15.81227945 1    
15.82902161 1    
15.83052185 1    
15.83201971 1    
15.84026617 1    
15.84176001 1    
15.87074646 1    
15.87200089 1    
15.87349404 1    
15.87499156 1    
15.87624610 1    
15.87774268 1    
15.89023962 1    
15.89148533 1    
15.89298414 1    
15.91670299 1    
15.91799012 1    
15.91947109 1    
15.92594832 1    
15.92746117 1    
15.92893876 1    
15.93018836 1    
15.93169095 1    
15.95644475 1    
15.95792495 1    
15.95944317 1    
15.95967320 1    
15.95968393 -1   
15.96691866 1    
15.96843690 1    
15.97718588 1    
15.97843084 1    
15.97993381 1    
15.98617941 1    
15.98743220 1    
15.98892677 1    
15.99617291 1    
15.99710850 -1   
15.99739786 1    
15.99892323 1    
16.02915791 1    
16.03065146 1    
16.03215531 1    
16.04689473 1    
16.04839113 1    
16.04989001 1    
16.05114365 1    
16.05264026 1    
16.05389406 1    
16.07488256 1    
16.07637558 1    
16.07787505 1    
16.07912801 1    
16.08063191 1    
16.08187452 1    
16.08337168 1    
16.10109617 1    
16.10236095 1    
16.10383850 1    
16.10536049 1    
16.10547839 -1   
16.12396656 1    
16.12400093 -1   
16.14059861 1    
16.14206725 1    
16.15360745 1    
16.15508368 1    
16.15633363 1    
16.15780672 1    
16.15933523 1    
16.16532710 1    
16.16657195 1    
16.16807368 1    
16.16957317 1    
16.17080167 1    
16.17230319 1    
16.17379990 1    
16.17532594 1    
16.17654857 1    
16.18507182 1    
16.18656449 1    
16.20753711 1    
16.20877838 1    
16.21030441 1    
16.22729822 1    
16.22877042 1    
16.23026689 1    
16.23853984 1    
16.23976097 1    
16.24126388 1    
16.24275985 1    
16.24403363 1    
16.26500168 1    
16.26651935 1    
16.26799549 1    
16.26924697 1    
16.27074346 1    
16.27199309 1    
16.27499992 1    
16.27515504 -1   
16.28501421 1    
16.28648292 1    
16.28714069 1    
16.28715507 -1   
16.31522761 1    
16.31646623 1    
16.31799604 1    
16.31946773 1    
16.32071917 1    
16.32221396 1    
16.32348381 1    
16.32497690 1    
16.32646107 1    
16.32796154 1    
16.32921134 1    
16.34520643 1    
16.34670569 1    
16.34822068 1    
16.37096425 1    
16.37245581 1    
16.37395783 1    
16.37520572 1    
16.37670744 1    
16.38095572 1    
16.38245291 1    
16.38370414 1    
16.38519767 1    
16.38644775 1    
16.38795006 1    
16.39219433 1    
16.39369677 1    
16.39519458 1    
16.39644495 1    
16.39792198 1    
16.42268619 1    
16.42281711 -1   
16.42418151 1    
16.42542596 1    
16.43267221 1    
16.43414887 1    
16.43540367 1    
16.43692018 1    
16.43817212 1    
16.44981666 1    
16.44983115 -1   
16.46288853 1    
16.46440322 1    
16.46590468 1    
16.46715497 1    
16.46865300 1    
16.47314942 1    
16.47464786 1    
16.47614640 1    
16.47739933 1    
16.47889674 1    
16.48014722 1    
16.51262733 1    
16.51412829 1    
16.52385125 1    
16.52537135 1    
16.52661830 1    
16.52811910 1    
16.52936675 1    
16.53086777 1    
16.53236481 1    
16.53361293 1    
16.54533598 1    
16.54660861 1    
16.54810521 1    
16.55335885 1    
16.55459586 1    
16.55610391 1    
16.55758582 1    
16.55883023 1    
16.56032727 1    
16.56535047 1    
16.56545424 -1   
16.56657713 1    
16.58633615 1    
16.58783508 1    
16.58933141 1    
16.60507672 1    
16.60656840 1    
16.60807659 1    
16.60931998 1    
16.61082311 1    
16.61231911 1    
16.61357089 1    
16.61506791 1    
16.61570496 1    
16.61571659 -1   
16.62579444 1    
16.62731107 1    
16.62856124 1    
16.63005878 1    
16.63156161 1    
16.63480655 1    
16.63630702 1    
16.63780478 1    
16.63906102 1    
16.64055464 1    
16.64180652 1    
16.64480425 1    
16.64630598 1    
16.67376511 1    
16.67528261 1    
16.67653214 1    
16.68428134 1    
16.68552718 1    
16.68703052 1    
16.68852522 1    
16.68975697 1    
16.69127428 1    
16.69252275 1    
16.69402234 1    
16.69552455 1    
16.70926606 1    
16.71076600 1    
16.71226270 1    
16.73899824 1    
16.77856398 1    
16.77858164 -1   
16.81795773 1    
16.81947304 1    
16.82744949 1    
16.82894560 1    
16.83044607 1    
16.83169349 1    
16.83319442 1    
16.83469157 1    
16.83619285 1    
16.83743916 1    
16.84718476 1    
16.84868252 1    
16.85018525 1    
16.85768219 1    
16.85915870 1    
16.86065401 1    
16.88741101 1    
16.88866091 1    
16.89016179 1    
16.89165993 1    
16.94223479 1    
16.94224840 -1   
16.95637390 1    
16.95762511 1    
16.95912055 1    
16.96062102 1    
16.96187179 1    
16.96336845 1    
16.96461944 1    
16.96611488 1    
16.96761940 1    
16.96886670 1    
16.97036309 1    
16.97161466 1    
16.97309552 1    
16.97461262 1    
16.97586458 1    
16.99735440 1    
16.99882779 1    
17.00034617 1    
17.02033535 1    
17.02183424 1    
17.02333988 1    
17.02456263 1    
17.02606412 1    
17.04107722 1    
17.04232391 1    
17.04382326 1    
17.04532379 1    
17.05120088 1    
17.05231878 1    
17.05381610 1    
17.05531944 1    
17.05541806 -1   
17.05654305 1    
17.05806385 1    
17.05956611 1    
17.06106173 1    
17.06231411 1    
17.06381013 1    
17.06506321 1    
17.06655778 1    
17.06807320 1    
17.10529459 1    
17.10676880 1    
17.10799083 1    
17.10800532 -1   
17.12551168 1    
17.12702511 1    
17.13700174 1    
17.13849912 1    
17.14000074 1    
17.17673217 1    
17.17824397 1    
17.18497336 1    
17.18647198 1    
17.18771806 1    
17.18923886 1    
17.19046707 1    
17.19196871 1    
17.19348647 1    
17.19471794 1    
17.19623529 1    
17.19748850 1    
17.19896342 1    
17.20046098 1    
17.21720714 1    
17.21870407 1    
17.22019914 1    
17.22520293 1    
17.22646868 1    
17.23522183 1    
17.23536201 -1   
17.23668914 1    
17.24569203 1    
17.24720920 1    
17.24844993 1    
17.24993511 1    
17.25119830 1    
17.25268581 1    
17.25417924 1    
17.25542946 1    
17.25692722 1    
17.25817951 1    
17.25967716 1    
17.26117871 1    
17.26242492 1    
17.26392809 1    
17.26542273 1    
17.26667481 1    
17.26817173 1    
17.26942315 1    
17.27092047 1    
17.27242268 1    
17.27267473 1    
17.27269306 -1   
17.29591482 1    
17.32564485 1    
17.32715638 1    
17.32863706 1    
17.33688812 1    
17.33839734 1    
17.33988316 1    
17.34115375 1    
17.34265525 1    
17.34387725 1    
17.34537723 1    
17.34687717 1    
17.34815165 1    
17.34964094 1    
17.35114886 1    
17.36589226 1    
17.36738865 1    
17.36888628 1    
17.37613460 1    
17.37738015 1    
17.37888418 1    
17.38037796 1    
17.38162995 1    
17.42485710 1    
17.42635184 1    
17.43459259 1    
17.43462650 -1   
17.44159784 1    
17.44309352 1    
17.44434584 1    
17.44584107 1    
17.44707347 1    
17.44858888 1    
17.45008863 1    
17.45133823 1    
17.45284000 1    
17.45408686 1    
17.45558936 1    
17.45708510 1    
17.45833707 1    
17.45983551 1    
17.46133154 1    
17.46258159 1    
17.46408489 1    
17.46532931 1    
17.46958064 1    
17.47982393 1    
17.48132517 1    
17.48257011 1    
17.51030961 1    
17.51180437 1    
17.51330516 1    
17.54953339 1    
17.55101375 1    
17.55252936 1    
17.55378264 1    
17.55527823 1    
17.56077642 1    
17.56227578 1    
17.56352687 1    
17.56502223 1    
17.56512628 -1   
17.56652501 1    
17.56775093 1    
17.56927215 1    
17.57077159 1    
17.57202195 1    
17.57349655 1    
17.57477053 1    
17.57626587 1    
17.58151630 1    
17.58276502 1    
17.58426253 1    
17.59727777 1    
17.59729144 -1   
17.63371621 1    
17.63521312 1    
17.63646278 1    
17.63795968 1    
17.63921060 1    
17.64473255 1    
17.64595947 1    
17.64747794 1    
17.64898537 1    
17.65022373 1    
17.65173062 1    
17.65322240 1    
17.65447449 1    
17.65595049 1    
17.65721533 1    
17.65872009 1    
17.66022080 1    
17.66146875 1    
17.66297048 1    
17.66421631 1    
17.66571956 1    
17.66721528 1    
17.66845938 1    
17.66994268 1    
17.67146572 1    
17.67269119 1    
17.67421273 1    
17.71991969 1    
17.72008661 -1   
17.72993292 1    
17.73142877 1    
17.73292963 1    
17.74066971 1    
17.74217396 1    
17.75041671 1    
17.75166471 1    
17.75316620 1    
17.75466544 1    
17.75589117 1    
17.76064890 1    
17.76066324 -1   
17.76241305 1    
17.76365983 1    
17.76516140 1    
17.76640743 1    
17.76790766 1    
17.76940671 1    
17.77065904 1    
17.77215522 1    
17.77340662 1    
17.77490725 1    
17.77640499 1    
17.77765268 1    
17.79989141 1    
17.80138928 1    
17.83062238 1    
17.83212150 1    
17.83337107 1    
17.86010875 1    
17.86135855 1    
17.86283344 1    
17.86435455 1    
17.86560306 1    
17.86983113 1    
17.87135125 1    
17.87282783 1    
17.92107469 1    
17.92257086 1    
17.92407314 1    
17.92530751 1    
17.92532155 -1   
18.00877637 1    
18.02101245 1    
18.02250730 1    
18.09070876 1    
18.09072220 -1   
18.39374847 -1   
18.41774319 -1   
18.58126336 -1   
18.80880746 -1   
18.81805034 -1   
18.97049605 -1   
19.07491228 1    
19.07640751 1    
19.07663727 1    
19.16909589 1    
19.17033825 1    
19.17183693 1    
19.17333226 1    
19.17458673 1    
19.17883396 1    
19.17894504 -1   
19.18032728 1    
19.18182577 1    
19.18307973 1    
19.18457417 1    
19.20034543 1    
19.20156558 1    
19.20306875 1    
19.24815972 -1   
19.25354552 1    
19.25503886 1    
19.25630371 1    
19.25778147 1    
19.26505542 1    
19.26652901 1    
19.27821670 1    
19.32950104 1    
19.33074118 1    
19.34874029 1    
19.34877515 -1   
19.35025197 1    
19.44086780 1    
19.45037181 -1   
19.57188172 1    
19.57190333 -1   
19.57337736 1    
19.60398913 1    
19.76561395 1    
19.76589013 -1   
19.92960672 1    
20.14138695 1    
20.14232169 -1   
20.16127899 1    
20.16276525 1    
20.23573153 1    
20.23722636 1    
20.23872534 1    
20.23996973 1    
20.24147021 1    
20.24272098 1    
20.24422240 1    
20.24431605 -1   
20.24571968 1    
20.24696669 1    
20.24846858 1    
20.24971424 1    
20.25121452 1    
20.25271386 1    
20.25396491 1    
20.25546281 1    
20.25696239 1    
20.25820947 1    
20.25971279 1    
20.26095796 1    
20.30414054 1    
20.30427630 -1   
20.30568703 1    
20.30718317 1    
20.31468346 1    
20.31471335 -1   
20.31618059 1    
20.31767520 1    
20.33592510 1    
20.33741498 1    
20.33866642 1    
20.34016289 1    
20.34141472 1    
20.34291338 1    
20.34441050 1    
20.34565867 1    
20.34716294 1    
20.34840801 1    
20.34991048 1    
20.35140709 1    
20.35265747 1    
20.35415372 1    
20.35540473 1    
20.35690359 1    
20.35840651 1    
20.38863623 1    
20.39013725 1    
20.39163391 1    
20.40937865 1    
20.41087257 1    
20.41237148 1    
20.44110659 1    
20.44260669 1    
20.44410419 1    
20.45160260 1    
20.45309785 1    
20.45434954 1    
20.45584633 1    
20.45593745 -1   
20.45709869 1    
20.45859758 1    
20.46009652 1    
20.46134333 1    
20.46284731 1    
20.46409179 1    
20.46559100 1    
20.46709121 1    
20.46834328 1    
20.46983867 1    
20.47134725 1    
20.47258637 1    
20.47408830 1    
20.47533651 1    
20.47683468 1    
20.47833421 1    
20.47958705 1    
20.48108163 1    
20.48233462 1    
20.48258594 1    
20.57279259 1    
20.57281482 -1   
20.57427917 1    
20.63699762 1    
20.63849236 1    
20.63999165 1    
20.64948656 1    
20.65073504 1    
20.65193714 1    
20.65348711 1    
20.65473255 1    
20.65623435 1    
20.65748072 1    
20.65898331 1    
20.66047930 1    
20.66172765 1    
20.66322944 1    
20.66472952 1    
20.66597941 1    
20.66748000 1    
20.66872492 1    
20.67022728 1    
20.67172356 1    
20.67297953 1    
20.67447174 1    
20.67572391 1    
20.67721961 1    
20.67872261 1    
20.67996761 1    
20.68146924 1    
20.68297616 1    
20.68421543 1    
20.68571459 1    
20.68696737 1    
20.68846261 1    
20.68996618 1    
20.69121192 1    
20.69271369 1    
20.69280720 -1   
20.69395980 1    
20.69545973 1    
20.69696078 1    
20.69820674 1    
20.69971004 1    
20.70120889 1    
20.70245527 1    
20.70395760 1    
20.70520803 1    
20.70670540 1    
20.70820100 1    
20.70945405 1    
20.71095372 1    
20.71220179 1    
20.72769536 1    
20.72919428 1    
20.73044245 1    
20.73193773 1    
20.73319149 1    
20.74793319 1    
20.74794703 -1   
20.74943204 1    
20.75067733 1    
20.75218036 1    
20.75342991 1    
20.75492863 1    
20.75642417 1    
20.75767677 1    
20.75917631 1    
20.76042401 1    
20.76192043 1    
20.78691018 1    
20.78840886 1    
20.78990723 1    
20.79740188 1    
20.80739897 1    
20.80889624 1    
20.81014705 1    
20.81164363 1    
20.81314512 1    
20.81375319 1    
20.81739344 1    
20.81864027 1    
20.82014054 1    
20.82538963 1    
20.82663703 1    
20.82813353 1    
20.82938556 1    
20.83108441 1    
20.83238358 1    
20.83363049 1    
20.83513346 1    
20.84437494 1    
20.84587619 1    
20.85437145 1    
20.85562082 1    
20.86611303 1    
20.86736529 1    
20.86886407 1    
20.87036154 1    
20.87185760 1    
20.87336008 1    
20.87688004 1    
20.88306065 -1   
20.89135155 1    
20.89284686 1    
20.89484894 1    
20.89634376 1    
20.89759773 1    
20.91258632 1    
20.91259991 -1   
20.91408694 1    
20.91558315 1    
20.91683180 1    
20.91833349 1    
20.91958659 1    
20.92108061 1    
20.92258243 1    
20.92383034 1    
20.92533031 1    
20.92682693 1    
20.95031441 1    
20.95181287 1    
20.95331406 1    
20.96080865 1    
20.97080509 1    
20.97230115 1    
20.97355289 1    
20.97504996 1    
20.97654741 1    
20.97663599 -1   
20.97804956 1    
20.98079773 1    
20.98229718 1    
20.98354438 1    
20.98929454 1    
20.99054041 1    
20.99203838 1    
20.99328749 1    
20.99479084 1    
20.99628603 1    
20.99753857 1    
20.99903653 1    
21.00778456 1    
21.00927861 1    
21.01777508 1    
21.01927449 1    
21.02952301 1    
21.03101872 1    
21.03251860 1    
21.03376598 1    
21.03526924 1    
21.03676307 1    
21.03826401 1    
21.03827276 1    
21.04526132 1    
21.04675866 1    
21.04825907 1    
21.04950588 1    
21.05100759 1    
21.06449948 1    
21.06599619 1    
21.06749702 1    
21.06874722 1    
21.07024468 1    
21.07149823 1    
21.07299321 1    
21.07449448 1    
21.07574194 1    
21.07581309 -1   
21.07724304 1    
21.07848987 1    
21.07999161 1    
21.08148814 1    
21.08274031 1    
21.08423775 1    
21.09498168 1    
21.09499467 -1   
21.09648200 1    
21.10447666 1    
21.10597794 1    
21.10722874 1    
21.11522507 1    
21.11646760 1    
21.11796649 1    
21.12546697 1    
21.12696666 1    
21.12821172 1    
21.14870997 1    
21.15019895 1    
21.15895134 1    
21.16044375 1    
21.16169143 1    
21.20164076 1    
21.20617185 1    
21.20766741 1    
21.20916741 1    
21.21041315 1    
21.21191669 1    
21.21341247 1    
21.21466113 1    
21.21616047 1    
21.21741292 1    
21.21891038 1    
21.22041214 1    
21.22165769 1    
21.22315997 1    
21.22440548 1    
21.22451882 -1   
21.22590748 1    
21.25594018 -1   
21.30661849 1    
21.30810760 1    
21.36455216 1    
21.39456093 1    
21.49777381 -1   
21.55766792 1    
21.59294748 1    
21.59444825 1    
21.59569597 1    
21.59719619 1    
21.59844164 1    
21.60368977 1    
21.60518759 1    
21.60668963 1    
21.61293434 1    
21.61443536 1    
21.61593358 1    
21.62093258 1    
21.62242776 1    
21.62367757 1    
21.62517649 1    
21.62642965 1    
21.62792542 1    
21.62942672 1    
21.63067335 1    
21.64192119 1    
21.64200776 -1   
21.64341685 1    
21.64466477 1    
21.67166126 1    
21.67170499 -1   
21.68189837 1    
21.68339510 1    
21.68464622 1    
21.69338885 1    
21.69463669 1    
21.69613562 1    
21.69739013 1    
21.69888469 1    
21.70038527 1    
21.70188323 1    
21.70313551 1    
21.70463060 1    
21.70588055 1    
21.70738154 1    
21.71338038 1    
21.71462517 1    
21.71612678 1    
21.72437106 1    
21.72587123 1    
21.72736972 1    
21.72861699 1    
21.73011610 1    
21.73136934 1    
21.73286380 1    
21.73436640 1    
21.75385427 1    
21.75535515 1    
21.75560741 1    
21.76384876 1    
21.76534762 1    
21.77434473 1    
21.77609385 1    
21.77709302 1    
21.83236679 -1   
21.91820273 1    
21.94624737 1    
22.04587554 -1   
22.08137241 1    
22.24292778 1    
22.37101301 1    
22.37249900 1    
22.40098496 1    
22.40248200 1    
22.40398587 1    
22.40522921 1    
22.40673401 1    
22.40710655 1    
22.44171540 1    
22.44320894 1    
22.44445764 1    
22.44595743 1    
22.44721281 1    
22.44870511 1    
22.45345846 1    
22.45353271 -1   
22.45470556 1    
22.45620016 1    
22.45744975 1    
22.45895029 1    
22.46045137 1    
22.46169805 1    
22.46320025 1    
22.46444531 1    
22.46594748 1    
22.46744442 1    
22.46869306 1    
22.47019323 1    
22.48144011 1    
22.48293626 1    
22.48443958 1    
22.48568346 1    
22.48718618 1    
22.50167596 1    
22.50317556 1    
22.51142301 1    
22.51292055 1    
22.52091493 1    
22.52241572 1    
22.52367016 1    
22.53290950 1    
22.53440537 1    
22.53590450 1    
22.53715440 1    
22.53865564 1    
22.54015176 1    
22.54140649 1    
22.54290235 1    
22.54415264 1    
22.54564977 1    
22.54714919 1    
22.56139785 1    
22.56150967 -1   
22.56289336 1    
22.56413942 1    
22.56874338 1    
22.57138555 1    
22.57288319 1    
22.65786043 -1   
22.68182641 1    
22.68332178 1    
22.68482274 1    
22.68606878 1    
22.68756971 1    
22.68906742 1    
22.69031871 1    
22.69181774 1    
22.69306815 1    
22.69456390 1    
22.69606607 1    
22.69731163 1    
22.69881232 1    
22.70006030 1    
22.70156410 1    
22.70306012 1    
22.70431149 1    
22.71030650 1    
22.71155791 1    
22.71305359 1    
22.71430431 1    
22.71580280 1    
22.71730349 1    
22.71854950 1    
22.72005184 1    
22.72130001 1    
22.72280230 1    
22.72429687 1    
22.72554690 1    
22.72704639 1    
22.72829692 1    
22.72979334 1    
22.72988208 -1   
22.73129740 1    
22.73254368 1    
22.73404103 1    
22.73529124 1    
22.73679545 1    
22.73828991 1    
22.73954280 1    
22.74103778 1    
22.74228889 1    
22.74378792 1    
22.74528410 1    
22.74653421 1    
22.74803667 1    
22.74928254 1    
22.75018593 1    
22.75178231 1    
22.75303377 1    
22.75453073 1    
22.75577921 1    
22.75727810 1    
22.76677659 1    
22.76827192 1    
22.76952464 1    
22.77102184 1    
22.77227191 1    
22.77376785 1    
22.77526894 1    
22.77651673 1    
22.77801907 1    
22.79476121 1    
22.79625552 1    
22.79775494 1    
22.79900832 1    
22.80050448 1    
22.80200486 1    
22.80325270 1    
22.80334463 -1   
22.80475211 1    
22.80624963 1    
22.80750398 1    
22.80899831 1    
22.84373242 1    
22.84374632 -1   
22.84523131 1    
22.84672912 1    
22.84797563 1    
22.84947629 1    
22.85372611 1    
22.85522217 1    
22.85647486 1    
22.85797125 1    
22.85922437 1    
22.86073375 1    
22.87471439 1    
22.87621062 1    
22.87746286 1    
22.89320198 1    
22.89445316 1    
22.89595274 1    
22.91274612 1    
23.00467964 -1   
26.14293634 -1   
26.94748589 1    
26.94762783 -1
