0.00000000 -1   
1.79536081 -1   
2.06158660 1    
2.06176731 -1   
2.20945688 -1   
2.26680475 1    
2.44232044 -1   
2.45360361 1    
2.58998413 -1   
2.60127168 1    
2.76426882 1    
2.76431159 -1   
2.78306833 1    
2.80406109 1    
2.80530729 1    
2.91231876 1    
3.05951552 1    
3.05983793 -1   
3.20668146 1    
3.25432891 -1   
3.39441196 1    
3.43844502 1    
3.43846153 -1   
3.46393666 1    
3.49066872 1    
3.58202915 1    
3.79009935 1    
3.79039149 -1   
3.93702363 1    
3.93814951 -1   
4.08717308 1    
4.08746392 -1   
4.29680357 1    
4.38990850 1    
4.39139557 1    
4.48347780 1    
4.63144797 1    
4.63382170 -1   
4.78253556 -1   
5.10018596 1    
5.10043723 -1   
5.24876016 1    
5.36959689 1    
5.43566826 1    
5.47028169 -1   
5.48047858 -1   
5.63073931 -1   
5.92777487 1    
5.92926826 1    
5.92976383 1    
5.95875293 1    
5.96000260 1    
5.98998293 1    
5.99998026 1    
6.00122550 1    
6.01997240 1    
6.02121245 1    
6.07818923 1    
6.07968018 1    
6.08118229 1    
6.08242733 1    
6.08249558 -1   
6.10792425 1    
6.10941303 1    
6.11066350 1    
6.11216150 1    
6.13889706 1    
6.14039907 1    
6.14191576 1    
6.14315192 1    
6.15013770 1    
6.15163891 1    
6.15288940 1    
6.15438666 1    
6.17038213 1    
6.17162690 1    
6.17312543 1    
6.17474796 1    
6.22909997 1    
6.23059225 1    
6.23184603 1    
6.23334060 1    
6.23458821 1    
6.23609047 1    
6.23759093 1    
6.23883950 1    
6.23886477 -1   
6.25833302 1    
6.25982760 1    
6.26132426 1    
6.26257404 1    
6.26407598 1    
6.26532223 1    
6.26682484 1    
6.26832181 1    
6.28956561 1    
6.29080734 1    
6.29230742 1    
6.29380573 1    
6.29505897 1    
6.29655695 1    
6.29780607 1    
6.29930450 1    
6.30080288 1    
6.30205159 1    
6.30355358 1    
6.30504942 1    
6.30630470 1    
6.30779884 1    
6.30904885 1    
6.31054587 1    
6.32054336 1    
6.32203996 1    
6.32354235 1    
6.32503855 1    
6.32653966 1    
6.37951350 1    
6.37965999 -1   
6.38100706 1    
6.38250605 1    
6.38375831 1    
6.38525345 1    
6.38675570 1    
6.38900397 1    
6.39050254 1    
6.39200218 1    
6.39324806 1    
6.40924642 1    
6.40926850 -1   
6.41074138 1    
6.41198873 1    
6.41348902 1    
6.41523633 1    
6.41673541 1    
6.41798518 1    
6.41948532 1    
6.43023289 1    
6.44047730 1    
6.44172319 1    
6.44346968 1    
6.44497045 1    
6.44647148 1    
6.44772150 1    
6.44921953 1    
6.45071627 1    
6.45197012 1    
6.45346494 1    
6.45471376 1    
6.45621346 1    
6.45771435 1    
6.45896192 1    
6.46046599 1    
6.46196268 1    
6.46321303 1    
6.46471053 1    
6.46483773 -1   
6.47146020 1    
6.47270984 1    
6.47445540 1    
6.47570372 1    
6.51493247 1    
6.51643326 1    
6.53167848 1    
6.53292031 1    
6.53441783 1    
6.53591879 1    
6.53718231 1    
6.53866556 1    
6.54016947 1    
6.54166455 1    
6.54291556 1    
6.54516306 1    
6.56215689 1    
6.56219575 -1   
6.56365441 1    
6.56490061 1    
6.56640240 1    
6.56765061 1    
6.56915031 1    
6.57064915 1    
6.57189782 1    
6.57970780 1    
6.58089519 1    
6.59089515 1    
6.59238662 1    
6.59413377 1    
6.59563787 1    
6.59688246 1    
6.59838361 1    
6.60013261 1    
6.60163338 1    
6.60312868 1    
6.60322821 -1   
6.60463063 1    
6.60612721 1    
6.60737868 1    
6.60887537 1    
6.61012776 1    
6.61162655 1    
6.61312267 1    
6.61437443 1    
6.61587498 1    
6.62337237 1    
6.62461906 1    
6.62611528 1    
6.62761921 1    
6.66535165 1    
6.66659514 1    
6.66809446 1    
6.66959349 1    
6.68208846 1    
6.68358416 1    
6.68508217 1    
6.68633298 1    
6.68783114 1    
6.68908171 1    
6.69107893 1    
6.69258177 1    
6.69458405 1    
6.69607954 1    
6.71157359 1    
6.71161074 -1   
6.71406840 1    
6.71556512 1    
6.71881157 1    
6.71976469 1    
6.78350032 -1   
6.81162819 -1   
6.85929432 -1   
6.91395890 1    
6.91545132 1    
6.91570414 1    
6.93419399 1    
6.93570012 1    
6.93693909 1    
6.93843999 1    
6.93968945 1    
6.94318665 1    
6.94468617 1    
6.94618657 1    
6.95218180 1    
6.95368121 1    
6.95492798 1    
7.01240382 1    
7.01243034 -1   
7.01389763 1    
7.04538226 1    
7.04687830 1    
7.08146382 1    
7.32197916 1    
7.32347959 1    
7.32373218 1    
7.35021066 1    
7.35170572 1    
7.36919821 1    
7.36936684 -1   
7.37069255 1    
7.37194097 1    
7.37344023 1    
7.37468887 1    
7.37893550 1    
7.38043620 1    
7.38193981 1    
7.38543441 1    
7.38693211 1    
7.38843056 1    
7.38968320 1    
7.39117767 1    
7.39267741 1    
7.39392701 1    
7.39542813 1    
7.39667432 1    
7.39817645 1    
7.39967395 1    
7.40092432 1    
7.40242132 1    
7.40367046 1    
7.40517082 1    
7.40667239 1    
7.40791936 1    
7.40942046 1    
7.41066789 1    
7.41216964 1    
7.41366503 1    
7.41491333 1    
7.41641433 1    
7.41766492 1    
7.41916162 1    
7.42066309 1    
7.42191098 1    
7.42341273 1    
7.42640997 1    
7.42652072 -1   
7.42766188 1    
7.44015765 1    
7.44165163 1    
7.44964737 1    
7.45089316 1    
7.45239344 1    
7.45740356 1    
7.47238775 1    
7.47388224 1    
7.49987228 1    
7.50136731 1    
7.51861572 1    
7.52011064 1    
7.52013027 -1   
7.52160261 1    
7.52285213 1    
7.52435618 1    
7.52585106 1    
7.52935459 1    
7.53084746 1    
7.53459981 1    
7.53584631 1    
7.53734439 1    
7.53884381 1    
7.54034675 1    
7.54159277 1    
7.54309348 1    
7.54459168 1    
7.54484411 1    
7.56386931 -1   
7.67506067 -1   
8.13901401 1    
8.13994787 1    
8.22996010 1    
8.29086927 1    
11.68576384 -1   
14.02645867 -1   
19.80922547 1    
23.34340460 1    
27.58891151 -1   
