0.00000000 1    
0.27094185 -1   
0.41893743 -1   
0.41932144 1    
0.56931514 1    
0.59350797 -1   
0.62791182 -1   
0.64465272 -1   
0.67662939 -1   
0.69512063 -1   
0.77541739 -1   
0.77556488 1    
0.92329292 1    
0.94932412 -1   
0.98923258 -1   
0.99570050 -1   
1.06242972 -1   
1.13804781 -1   
1.13835126 1    
1.28563965 -1   
1.32776979 1    
1.47384814 -1   
1.55592193 1    
1.77361109 -1   
1.80660094 1    
1.92152225 -1   
2.10864462 -1   
2.10868007 1    
2.41966999 1    
2.59788131 -1   
2.59817357 1    
2.67923807 -1   
2.68048108 -1   
2.74733260 -1   
2.81391810 -1   
2.81613286 1    
2.93440073 -1   
3.00864677 1    
3.37216933 -1   
3.52117281 -1   
3.52146061 1    
3.66953950 -1   
3.71539477 -1   
3.85743485 -1   
3.89168863 1    
3.90026612 1    
4.05023795 1    
4.46744259 -1   
4.46893603 -1   
4.46988740 -1   
4.47143612 -1   
4.47293823 -1   
4.56214407 -1   
4.56340857 -1   
4.56488164 -1   
4.61946381 -1   
4.65108885 -1   
4.65258319 -1   
4.65382809 -1   
4.65535398 -1   
4.65685688 -1   
4.65810082 -1   
4.65818568 1    
4.65959252 -1   
4.74428705 -1   
4.75177560 -1   
4.75327151 -1   
4.75454193 -1   
4.75602458 -1   
4.75754372 -1   
4.76793225 -1   
4.82825711 -1   
4.82974982 -1   
4.83125477 -1   
4.84851017 -1   
4.84996833 -1   
4.91689252 -1   
4.91970587 -1   
4.92095172 -1   
4.92920509 -1   
4.92933907 1    
4.93044103 -1   
4.93194178 -1   
4.93344727 -1   
4.93469270 -1   
4.93617141 -1   
4.93968188 -1   
4.94119057 -1   
4.94243537 -1   
4.94392957 -1   
5.02289737 -1   
5.02439481 -1   
5.02589049 -1   
5.02711338 -1   
5.02863809 -1   
5.03436452 -1   
5.03561001 -1   
5.03711018 -1   
5.03861276 -1   
5.03986024 -1   
5.06523766 -1   
5.10782882 -1   
5.10785788 1    
5.10906892 -1   
5.11059153 -1   
5.11183622 -1   
5.11333670 -1   
5.11958371 -1   
5.12083875 -1   
5.12233465 -1   
5.21127607 -1   
5.21251015 -1   
5.21400638 -1   
5.21550714 -1   
5.21675945 -1   
5.21825629 -1   
5.21953279 -1   
5.22102537 -1   
5.22250729 -1   
5.22377317 -1   
5.22400326 -1   
5.26225202 1    
5.29499674 -1   
5.29504907 1    
5.29624748 -1   
5.29773062 -1   
5.29898152 -1   
5.30048609 -1   
5.30198202 -1   
5.30324655 -1   
5.30474373 -1   
5.30729713 -1   
5.30850464 -1   
5.30995458 -1   
5.31147401 -1   
5.37097048 -1   
5.38541727 -1   
5.38691160 -1   
5.39493002 -1   
5.39643221 -1   
5.39790567 -1   
5.39915159 -1   
5.40067029 -1   
5.40192012 -1   
5.40340219 -1   
5.40490055 -1   
5.40614736 -1   
5.40764755 -1   
5.40890056 -1   
5.44243472 1    
5.48286300 -1   
5.48410431 -1   
5.48560329 -1   
5.48684991 -1   
5.48835105 -1   
5.48984972 -1   
5.49111542 -1   
5.49262220 -1   
5.49409955 -1   
5.49559811 -1   
5.49686494 -1   
5.49836981 -1   
5.51899830 -1   
5.57733195 -1   
5.57857348 -1   
5.58005369 -1   
5.58156892 -1   
5.58279865 -1   
5.58730099 -1   
5.58879630 -1   
5.59004227 -1   
5.59156273 -1   
5.59304164 -1   
5.59429415 -1   
5.59578981 -1   
5.59704098 -1   
5.59855411 -1   
5.59866440 1    
5.60004172 -1   
5.60128862 -1   
5.63958398 1    
5.68002145 -1   
5.68151642 -1   
5.68276531 -1   
5.68726430 -1   
5.68876802 -1   
5.69000749 -1   
5.69150790 -1   
5.69298610 -1   
5.69425625 -1   
5.69575392 -1   
5.69700253 -1   
5.69850298 -1   
5.69998352 -1   
5.70122878 -1   
5.70275164 -1   
5.70811286 -1   
5.75920510 -1   
5.76071868 -1   
5.76194829 -1   
5.76346555 -1   
5.76497056 -1   
5.76619200 -1   
5.76771677 -1   
5.76896676 -1   
5.77046335 -1   
5.77196183 -1   
5.77319450 -1   
5.77470796 -1   
5.77596509 -1   
5.84371328 1    
5.85591252 -1   
5.85741018 -1   
5.85891244 -1   
5.86014033 -1   
5.86166130 -1   
5.86290969 -1   
5.86441024 -1   
5.86590567 -1   
5.86713251 -1   
5.86865520 -1   
5.86988364 -1   
5.87140408 -1   
5.87290537 -1   
5.87413022 -1   
5.87508342 -1   
5.87665584 -1   
5.87815206 -1   
5.87964941 -1   
5.90740287 -1   
5.94736583 -1   
5.94860840 -1   
5.95008893 -1   
5.95158525 -1   
5.95283640 -1   
5.95435966 -1   
5.95560691 -1   
5.95570183 1    
5.96535582 -1   
5.96685176 -1   
5.96810197 -1   
5.96959913 -1   
5.97110184 -1   
5.97235043 -1   
5.97385038 -1   
5.99286126 1    
6.01545784 1    
6.02481692 -1   
6.02491956 1    
6.03556559 -1   
6.03705978 -1   
6.14106755 1    
6.16374002 -1   
6.16499131 -1   
6.17639975 -1   
6.72242564 -1   
6.72367040 -1   
6.72414001 -1   
6.72422904 1    
6.76088299 -1   
6.76239283 -1   
6.81162301 -1   
6.81311614 -1   
6.81461468 -1   
6.81586412 -1   
6.81736797 -1   
6.82985863 -1   
6.83135911 -1   
6.83285232 -1   
6.83410303 -1   
6.83559935 -1   
6.83685072 -1   
6.83984767 -1   
6.84134897 -1   
6.84282759 -1   
6.84884530 -1   
6.85032228 -1   
6.85159822 -1   
6.85309758 -1   
6.85457189 -1   
6.87194623 -1   
6.87218794 1    
6.90883043 -1   
6.91003962 -1   
6.91156293 -1   
6.93855343 -1   
6.94004607 -1   
6.94128994 -1   
6.94276860 -1   
6.94429898 -1   
6.94554418 -1   
6.94703386 -1   
6.94854226 -1   
6.94976678 -1   
6.95128914 -1   
6.95253760 -1   
6.95403376 -1   
6.95553219 -1   
6.95678011 -1   
6.95828521 -1   
6.96301005 -1   
6.96425551 -1   
7.01898010 -1   
7.02120497 -1   
7.02972469 -1   
7.02974546 1    
7.03121989 -1   
7.03272132 -1   
7.03396692 -1   
7.03546410 -1   
7.03671312 -1   
7.03821388 -1   
7.03971440 -1   
7.04098412 -1   
7.04248377 -1   
7.04398504 -1   
7.04523483 -1   
7.04673055 -1   
7.04821148 -1   
7.04947971 -1   
7.05098079 -1   
7.05220880 -1   
7.05372803 -1   
7.05384067 1    
7.05522808 -1   
7.05665554 -1   
7.11917487 -1   
7.12068993 -1   
7.12193985 -1   
7.16848118 -1   
7.20344487 1    
7.95548040 -1   
7.95671063 -1   
7.95718624 -1   
8.06990354 -1   
8.14388684 -1   
13.02120590 -1   
14.80951442 1    
22.94924427 -1   
