0.00000000 -1   
0.19151085 1    
0.19168176 -1   
0.33942317 1    
0.33946354 -1   
0.48944880 1    
0.48948451 -1   
0.66965811 1    
0.66969484 -1   
0.70786303 1    
0.72909553 1    
0.82005507 1    
0.82023190 -1   
0.96958970 1    
0.96989907 -1   
1.01171617 1    
1.03444572 1    
1.06643271 1    
1.11956447 1    
1.26853745 1    
1.26884747 -1   
1.41758034 1    
1.41761654 -1   
1.60539831 -1   
1.64570323 1    
1.87640235 1    
1.87695663 -1   
2.02469134 -1   
2.06520775 1    
2.25754314 -1   
2.44961800 1    
2.45113474 1    
2.45160964 1    
2.51710517 1    
2.59862018 1    
2.60083457 -1   
2.78923717 -1   
3.00300987 1    
3.00325514 -1   
3.22202624 1    
3.31812678 1    
3.40968221 1    
3.44692683 -1   
3.45641808 -1   
3.60626514 -1   
3.84981605 1    
3.85132854 1    
3.85180428 1    
3.86882024 1    
3.87032178 1    
3.91877609 1    
3.92001967 1    
3.92154298 1    
3.94950797 1    
3.95100411 1    
4.00098658 1    
4.00224734 1    
4.00374501 1    
4.00499413 1    
4.01846636 1    
4.01859372 -1   
4.01971504 1    
4.02123134 1    
4.02248551 1    
4.05969569 1    
4.06120838 1    
4.06870460 1    
4.06995581 1    
4.07145281 1    
4.07269939 1    
4.07420128 1    
4.07569706 1    
4.09951461 1    
4.10093663 1    
4.10218683 1    
4.10366622 1    
4.15064224 1    
4.15188812 1    
4.15338643 1    
4.15463496 1    
4.15613337 1    
4.15763287 1    
4.15888442 1    
4.16038033 1    
4.16813115 1    
4.16937794 1    
4.16940130 -1   
4.17087387 1    
4.17237379 1    
4.17362578 1    
4.17512670 1    
4.20937850 1    
4.21060289 1    
4.21210320 1    
4.21360061 1    
4.21835154 1    
4.21984857 1    
4.22109632 1    
4.22259613 1    
4.22409547 1    
4.22534182 1    
4.22684532 1    
4.22810749 1    
4.22959107 1    
4.23109152 1    
4.23234226 1    
4.23383953 1    
4.24908803 1    
4.25057982 1    
4.25182910 1    
4.25332753 1    
4.25457712 1    
4.25607601 1    
4.25757779 1    
4.25882457 1    
4.25892712 -1   
4.29263333 1    
4.29380624 1    
4.30230344 1    
4.30379917 1    
4.30505030 1    
4.30654784 1    
4.30805142 1    
4.30929557 1    
4.31081357 1    
4.31204453 1    
4.31354373 1    
4.31504307 1    
4.31654305 1    
4.31780556 1    
4.31931393 1    
4.32054015 1    
4.32204224 1    
4.32355391 1    
4.32480657 1    
4.32628613 1    
4.32779024 1    
4.32903580 1    
4.33053787 1    
4.33055267 -1   
4.33178528 1    
4.33328160 1    
4.33478221 1    
4.33603078 1    
4.33754753 1    
4.33879911 1    
4.34027918 1    
4.36027202 1    
4.36151630 1    
4.36301708 1    
4.36451399 1    
4.36576256 1    
4.36726446 1    
4.36737145 -1   
4.36851238 1    
4.37001069 1    
4.37153429 1    
4.37278039 1    
4.37428126 1    
4.37552535 1    
4.37702961 1    
4.37852965 1    
4.37977841 1    
4.38127731 1    
4.38253132 1    
4.38402354 1    
4.38552346 1    
4.38677245 1    
4.38826826 1    
4.38951704 1    
4.39102402 1    
4.39251956 1    
4.39375119 1    
4.39524553 1    
4.39649329 1    
4.39799279 1    
4.39949402 1    
4.40076281 1    
4.40226699 1    
4.40349124 1    
4.40499394 1    
4.40651281 1    
4.40775913 1    
4.40923897 1    
4.41051241 1    
4.41200748 1    
4.41348716 1    
4.41473691 1    
4.41623438 1    
4.41775355 1    
4.41898100 1    
4.41906201 -1   
4.42050500 1    
4.42175179 1    
4.42325428 1    
4.42475018 1    
4.44397724 1    
4.44523813 1    
4.44674018 1    
4.44798885 1    
4.45373765 1    
4.45496286 1    
4.45648722 1    
4.45773358 1    
4.45921163 1    
4.46073098 1    
4.46197998 1    
4.46347813 1    
4.46473141 1    
4.46620646 1    
4.46772114 1    
4.46897435 1    
4.47047831 1    
4.47197470 1    
4.47322185 1    
4.47472079 1    
4.47597351 1    
4.47746968 1    
4.47897158 1    
4.48021807 1    
4.48172057 1    
4.48296720 1    
4.48368671 1    
4.51725113 -1   
4.52888101 -1   
4.55573806 -1   
4.66561934 -1   
4.78554716 1    
4.78702312 1    
4.78751900 1    
4.79578908 1    
4.79701768 1    
4.80477781 1    
4.80603183 1    
4.80753047 1    
4.80878268 1    
4.81026074 1    
4.81177736 1    
4.81302915 1    
4.81453190 1    
4.82427349 1    
4.82428856 -1   
4.82575049 1    
4.82702051 1    
4.86227915 1    
4.86376021 1    
4.94356203 1    
4.97919426 1    
4.98068880 1    
4.99042947 1    
4.99054913 -1   
4.99190574 1    
4.99315504 1    
4.99465747 1    
4.99615558 1    
4.99740286 1    
4.99890134 1    
5.00015304 1    
5.00165282 1    
5.00314835 1    
5.00441756 1    
5.00590042 1    
5.00716681 1    
5.00866559 1    
5.01014500 1    
5.01139691 1    
5.01289584 1    
5.01441608 1    
5.01566853 1    
5.02065951 1    
5.06915337 1    
5.07038547 1    
5.07186162 1    
5.07937843 1    
5.08085510 1    
5.08885211 1    
5.09012994 1    
5.09161763 1    
5.09284667 1    
5.09436886 1    
5.09862005 1    
5.10009269 1    
5.10134461 1    
5.10284058 1    
5.10435882 1    
5.10561032 1    
5.10708827 1    
5.10721386 -1   
5.10833907 1    
5.10983690 1    
5.11133916 1    
5.11258518 1    
5.11408776 1    
5.11559966 1    
5.11683301 1    
5.11833642 1    
5.11958525 1    
5.12108121 1    
5.12260046 1    
5.12383026 1    
5.12533016 1    
5.12684277 1    
5.12832774 1    
5.12957566 1    
5.13107845 1    
5.13257330 1    
5.13382556 1    
5.13532538 1    
5.13557662 1    
5.13732271 1    
5.13858613 1    
5.14031909 1    
5.14182326 1    
5.14306934 1    
5.14457092 1    
5.14606668 1    
5.16056934 1    
5.16060647 -1   
5.28948449 1    
5.41348394 -1   
5.84920348 1    
5.85038754 1    
5.93989172 1    
5.99955124 1    
8.50277908 1    
14.49652914 -1   
20.11259853 -1   
22.90380611 1    
25.32139358 -1   
25.46924394 -1   
