0.00000000 -1   
0.23142645 1    
0.23594688 -1   
0.37909004 1    
0.38551190 -1   
0.45594878 1    
0.53469466 1    
0.53473021 -1   
0.70313704 1    
0.70343151 -1   
0.85232355 1    
0.85249096 -1   
1.00123917 1    
1.18787850 1    
1.18821201 -1   
1.37871495 -1   
1.53240389 1    
1.53268286 -1   
1.68159203 1    
1.68264373 -1   
1.83349955 1    
1.83378970 -1   
2.06662013 1    
2.07976098 1    
2.08126199 1    
2.18945779 1    
2.22724543 1    
2.22956221 -1   
2.37738740 -1   
2.65237220 1    
2.65263304 -1   
2.79359311 1    
2.80252722 1    
2.83926272 -1   
2.84792577 -1   
2.95084666 1    
2.95098743 -1   
2.99779728 -1   
3.26684200 1    
3.26833030 1    
3.26880577 1    
3.27883408 1    
3.28032908 1    
3.28155016 1    
3.28306746 1    
3.28456986 1    
3.37479247 1    
3.37625096 1    
3.41800711 1    
3.41949403 1    
3.42075022 1    
3.42084685 -1   
3.42222321 1    
3.42898781 1    
3.43048973 1    
3.43173543 1    
3.43323772 1    
3.43473408 1    
3.43598763 1    
3.43748760 1    
3.43873143 1    
3.44023382 1    
3.44173294 1    
3.44295866 1    
3.44345407 1    
3.52594972 1    
3.52741016 1    
3.52868018 1    
3.53017423 1    
3.56965324 1    
3.57088367 1    
3.57238912 1    
3.57365399 1    
3.57515931 1    
3.57517188 -1   
3.57665401 1    
3.57865519 1    
3.58015480 1    
3.58140011 1    
3.58290256 1    
3.58414829 1    
3.58564997 1    
3.58714632 1    
3.58839622 1    
3.58989495 1    
3.59139755 1    
3.59262355 1    
3.59414250 1    
3.59537035 1    
3.59687203 1    
3.59836789 1    
3.59961816 1    
3.60113945 1    
3.60239195 1    
3.60388974 1    
3.60538895 1    
3.60663631 1    
3.60813781 1    
3.60961299 1    
3.61086115 1    
3.63291251 1    
3.63435025 1    
3.67761394 1    
3.67882470 1    
3.68034714 1    
3.68160967 1    
3.68309646 1    
3.68459161 1    
3.68584348 1    
3.68594860 -1   
3.68732095 1    
3.72058213 1    
3.72182151 1    
3.72329801 1    
3.72458107 1    
3.72606830 1    
3.72754853 1    
3.72879615 1    
3.73029463 1    
3.73179268 1    
3.73180711 -1   
3.73304345 1    
3.73453992 1    
3.73578828 1    
3.73728954 1    
3.73878965 1    
3.74003875 1    
3.74153825 1    
3.74278581 1    
3.74430503 1    
3.74580628 1    
3.74705199 1    
3.74855079 1    
3.74980545 1    
3.75130524 1    
3.75280524 1    
3.75405421 1    
3.75555328 1    
3.75679990 1    
3.75830235 1    
3.75977887 1    
3.76103147 1    
3.76252558 1    
3.76377691 1    
3.76527354 1    
3.76677634 1    
3.76691848 -1   
3.76802175 1    
3.76951933 1    
3.77077051 1    
3.77227107 1    
3.77376873 1    
3.77501570 1    
3.77652101 1    
3.77778428 1    
3.77928020 1    
3.78078493 1    
3.78201901 1    
3.78351245 1    
3.78502935 1    
3.78627781 1    
3.78776113 1    
3.78901034 1    
3.79050899 1    
3.79202521 1    
3.79326700 1    
3.79475901 1    
3.79601040 1    
3.79750689 1    
3.79900685 1    
3.80025566 1    
3.80176904 1    
3.80326704 1    
3.80450383 1    
3.80600040 1    
3.82474925 1    
3.82623970 1    
3.82876167 1    
3.82998610 1    
3.83148513 1    
3.83275633 1    
3.83425912 1    
3.83575347 1    
3.83700010 1    
3.83710882 -1   
3.83848258 1    
3.83998245 1    
3.84124528 1    
3.84273958 1    
3.84424825 1    
3.84547709 1    
3.87047008 1    
3.87171110 1    
3.87321245 1    
3.87446018 1    
3.87596197 1    
3.87746065 1    
3.87870990 1    
3.88020709 1    
3.88170926 1    
3.88295641 1    
3.88445853 1    
3.88570294 1    
3.88720153 1    
3.88872491 1    
3.88997572 1    
3.89145079 1    
3.89272418 1    
3.89273891 -1   
3.89422350 1    
3.89571996 1    
3.89696894 1    
3.89844707 1    
3.89972103 1    
3.90121726 1    
3.90169074 1    
3.94796454 -1   
3.97744590 -1   
4.06217492 -1   
4.21104292 1    
4.21253946 1    
4.21301298 1    
4.21804058 1    
4.21954110 1    
4.22078900 1    
4.22089570 -1   
4.22255822 1    
4.22378718 1    
4.22503230 1    
4.22651069 1    
4.22778209 1    
4.22927894 1    
4.23078158 1    
4.23203018 1    
4.27078117 1    
4.27226026 1    
4.32973625 1    
4.33122065 1    
4.36078780 1    
4.42191118 1    
4.42316279 1    
4.42467236 1    
4.42589502 1    
4.42739888 1    
4.44691958 1    
4.44706493 -1   
4.44815716 1    
4.44965532 1    
4.45565649 1    
4.45714947 1    
4.45839696 1    
4.45987734 1    
4.46114395 1    
4.46662835 1    
4.46787527 1    
4.46937149 1    
4.47087228 1    
4.47212073 1    
4.47361906 1    
4.47486643 1    
4.47637080 1    
4.47786518 1    
4.49387995 1    
4.49535703 1    
4.49685974 1    
4.54358140 1    
4.54483224 1    
4.54632748 1    
4.54782570 1    
4.54907596 1    
4.55057433 1    
4.55182637 1    
4.55334305 1    
4.55484203 1    
4.55607145 1    
4.55757312 1    
4.55884043 1    
4.56032106 1    
4.56183861 1    
4.56307053 1    
4.56459370 1    
4.56583537 1    
4.56593536 -1   
4.56731680 1    
4.56858181 1    
4.57356462 1    
4.57508108 1    
4.57631114 1    
4.57783224 1    
4.57932617 1    
4.58082868 1    
4.58205994 1    
4.58358080 1    
4.58482998 1    
4.58631670 1    
4.58780674 1    
4.58906848 1    
4.59054989 1    
4.59182242 1    
4.59331510 1    
4.59479819 1    
4.59604928 1    
4.59754536 1    
4.59879630 1    
4.60029601 1    
4.62031004 1    
4.62033836 -1   
4.62153379 1    
4.62305550 1    
4.71872921 1    
4.91870891 -1   
5.32066856 1    
5.32160940 1    
5.41435980 1    
5.47052270 1    
12.68931178 1    
16.24437429 -1   
24.18196888 1    
24.73799905 -1   
24.88648992 -1   
