0.00000000 -1   
0.00015163 1    
0.26120048 1    
0.41016427 1    
0.56936800 -1   
0.56965842 1    
0.71853250 -1   
0.90640846 -1   
0.90688013 1    
1.10753125 -1   
1.28699398 1    
1.44259516 -1   
1.44287978 1    
1.65657725 -1   
1.65726272 1    
1.83837148 -1   
1.86527859 -1   
1.89401687 -1   
1.91424334 -1   
2.01391689 -1   
2.01406787 1    
2.19870379 -1   
2.23406723 -1   
2.24479148 -1   
2.27454132 -1   
2.38263835 -1   
4.28866052 1    
4.44215088 -1   
4.44241420 1    
4.59090320 -1   
4.59146713 1    
4.63771059 1    
4.74222711 -1   
4.82156630 -1   
4.82159728 1    
4.83007764 -1   
4.84579780 -1   
4.84731861 -1   
4.93018366 -1   
5.00975108 1    
5.07801608 -1   
5.22570546 -1   
5.22603905 1    
5.23185089 -1   
5.25156488 -1   
5.27182974 -1   
5.37577148 -1   
5.42176580 1    
5.57949975 -1   
5.57981060 1    
5.74965496 -1   
5.74996701 1    
5.89881755 -1   
5.89982217 1    
6.05098073 -1   
6.49413829 -1   
6.49535382 -1   
6.49585061 -1   
6.64471162 -1   
6.64683500 1    
6.88202961 1    
7.27663777 -1   
7.27689533 1    
7.48440549 -1   
7.61449177 -1   
7.67233768 -1   
7.71078069 1    
7.72040485 1    
7.85864817 1    
8.34180209 -1   
8.34330684 -1   
8.34378635 -1   
8.42552075 -1   
8.42701750 -1   
8.43301587 -1   
8.43451234 -1   
8.43601319 -1   
8.43726646 -1   
8.43875663 -1   
8.49598118 -1   
8.49747651 -1   
8.49872611 -1   
8.50022258 -1   
8.50032049 1    
8.53294252 -1   
8.53418326 -1   
8.57516805 -1   
8.57665822 -1   
8.57790868 -1   
8.57940635 -1   
8.58265719 -1   
8.58390544 -1   
8.58640098 -1   
8.58790023 -1   
8.58942380 -1   
8.58978654 -1   
8.59392181 -1   
8.59516785 -1   
8.59666977 -1   
8.59814438 -1   
8.64590322 -1   
8.64739135 -1   
8.64887094 -1   
8.65013907 -1   
8.65163859 -1   
8.65288910 -1   
8.65436670 -1   
8.65586256 -1   
8.65588722 1    
8.68437770 -1   
8.68586556 -1   
8.68736404 -1   
8.68860638 -1   
8.72661777 -1   
8.72806885 -1   
8.72957183 -1   
8.73082213 -1   
8.73232691 -1   
8.73381975 -1   
8.73506896 -1   
8.73657107 -1   
8.73781976 -1   
8.73931918 -1   
8.74082073 -1   
8.74207124 -1   
8.74356493 -1   
8.74481488 -1   
8.74630807 -1   
8.74782972 -1   
8.74908111 -1   
8.75058296 -1   
8.75182282 -1   
8.75332928 -1   
8.75480643 -1   
8.75605435 -1   
8.75755301 -1   
8.75879977 -1   
8.76130220 -1   
8.76280265 -1   
8.76289655 1    
8.76405461 -1   
8.76555198 -1   
8.79706353 -1   
8.79855398 -1   
8.79980564 -1   
8.80130374 -1   
8.80252675 -1   
8.80404672 -1   
8.80552922 -1   
8.80679528 -1   
8.80829691 -1   
8.80952284 -1   
8.81104718 -1   
8.81254643 -1   
8.81379251 -1   
8.81529099 -1   
8.81678778 -1   
8.81803845 -1   
8.83551937 -1   
8.83553815 1    
8.83703581 -1   
8.83827887 -1   
8.83978373 -1   
8.84103089 -1   
8.84250680 -1   
8.84402682 -1   
8.84529142 -1   
8.87750073 -1   
8.87898688 -1   
8.88048342 -1   
8.88175871 -1   
8.88326389 -1   
8.88448644 -1   
8.88599527 -1   
8.88748012 -1   
8.88872874 -1   
8.89022986 -1   
8.89175185 -1   
8.89297874 -1   
8.89447566 -1   
8.89574693 -1   
8.89724511 -1   
8.89874493 -1   
8.89999232 -1   
8.90149947 -1   
8.90274370 -1   
8.90422380 -1   
8.90574051 -1   
8.90699105 -1   
8.90849070 -1   
8.90999125 -1   
8.91121350 -1   
8.91273322 -1   
8.91398679 -1   
8.91409543 1    
8.91546460 -1   
8.91696601 -1   
8.91823458 -1   
8.91973257 -1   
8.92098830 -1   
8.92246018 -1   
8.92396098 -1   
8.92520744 -1   
8.92673168 -1   
8.92795806 -1   
8.92945383 -1   
8.93095725 -1   
8.93220942 -1   
8.93370958 -1   
8.93495608 -1   
8.93645033 -1   
8.93796727 -1   
8.93921910 -1   
8.94072097 -1   
8.94196493 -1   
8.94344903 -1   
8.94499109 -1   
8.94621838 -1   
8.94771477 -1   
8.94896807 -1   
8.95044361 -1   
8.95194746 -1   
8.95321389 -1   
8.95469393 -1   
8.95593858 -1   
8.95744084 -1   
8.95893686 -1   
8.96018984 -1   
8.96168681 -1   
8.96318478 -1   
8.96443454 -1   
8.96593507 -1   
8.96603680 1    
8.96718681 -1   
8.96868317 -1   
8.97018366 -1   
8.97143298 -1   
8.97293173 -1   
8.97417870 -1   
8.97568098 -1   
8.97717928 -1   
8.97842810 -1   
8.97992479 -1   
8.98142937 -1   
8.98267422 -1   
8.98417788 -1   
8.98538829 -1   
9.02571121 1    
9.04364728 1    
9.07355052 1    
9.17288827 1    
9.60182726 -1   
9.60333950 -1   
9.60381545 -1   
9.60392320 1    
9.60959747 -1   
9.61084078 -1   
9.61984164 -1   
9.62131194 -1   
9.62283239 -1   
9.63980737 -1   
9.64107301 -1   
9.64256822 -1   
9.68228362 -1   
9.68377230 -1   
9.68502219 -1   
9.68929815 -1   
9.69079677 -1   
9.72125722 -1   
9.72277444 -1   
9.72402157 -1   
9.73177684 -1   
9.73326745 -1   
9.73476787 -1   
9.73601842 -1   
9.73749566 -1   
9.73900796 -1   
9.74026427 -1   
9.74176257 -1   
9.74301758 -1   
9.74451090 -1   
9.74601405 -1   
9.74726080 -1   
9.74874167 -1   
9.75000661 -1   
9.75492643 -1   
9.75494379 1    
9.78024963 -1   
9.88668925 -1   
9.88790665 -1   
9.89593349 -1   
9.89742698 -1   
9.90318699 -1   
9.90330026 1    
9.98111032 -1   
9.98260670 -1   
10.00209808 -1   
10.00359000 -1   
10.00484300 -1   
10.00633788 -1   
10.00759034 -1   
10.00908794 -1   
10.01058437 -1   
10.01183603 -1   
10.01333748 -1   
10.01458260 -1   
10.01608506 -1   
10.01758432 -1   
10.01883320 -1   
10.02033057 -1   
10.02184714 -1   
10.02309734 -1   
10.02458132 -1   
10.02582642 -1   
10.02733181 -1   
10.02882718 -1   
10.03007816 -1   
10.03157381 -1   
10.03282382 -1   
10.03432051 -1   
10.03584602 -1   
10.03707135 -1   
10.03857493 -1   
10.03981831 -1   
10.04132120 -1   
10.04281819 -1   
10.04408359 -1   
10.04556609 -1   
10.04684388 -1   
10.04831504 -1   
10.04841910 1    
10.04981932 -1   
10.05106283 -1   
10.05256227 -1   
10.05383419 -1   
10.05531245 -1   
10.05681313 -1   
10.05706207 -1   
10.07105966 -1   
10.07109550 1    
10.07255429 -1   
10.08954683 -1   
10.09103990 -1   
10.18153819 -1   
10.22017680 -1   
10.22190334 1    
10.41368885 1    
10.92057132 -1   
10.92151208 -1   
11.05475443 -1   
11.07043465 -1   
13.28809516 1    
15.67581129 1    
22.53483459 -1   
