0.00000000 -1   
0.00015078 1    
1.40133624 1    
1.62007400 -1   
1.62023117 1    
1.76793593 1    
1.80282654 -1   
2.24608975 1    
2.39962232 -1   
2.39989189 1    
2.54779528 -1   
2.58869278 1    
2.73596015 -1   
2.73762941 1    
2.86826031 -1   
2.86975135 -1   
2.88331721 -1   
2.90873231 -1   
3.00019157 -1   
3.05620431 -1   
3.05633899 1    
3.20418700 -1   
3.24835636 1    
3.32002642 -1   
3.33975760 -1   
3.34125473 -1   
3.39188975 -1   
3.43625426 1    
3.53972521 -1   
3.66460415 1    
3.84863324 -1   
3.84895149 1    
3.99830673 -1   
3.99926651 1    
4.14917928 -1   
4.46062600 -1   
4.46211286 -1   
4.46234284 -1   
4.61119723 -1   
4.61342553 1    
4.92440738 1    
5.10316334 -1   
5.10344545 1    
5.38194249 -1   
5.50052408 -1   
5.56959921 -1   
5.60435779 1    
5.61295839 1    
5.75192933 1    
6.05997204 -1   
6.06144251 -1   
6.06167849 -1   
6.08019599 -1   
6.08143686 -1   
6.09993168 -1   
6.10142945 -1   
6.10264909 -1   
6.16940023 -1   
6.17087726 -1   
6.21185383 -1   
6.21333830 -1   
6.21458904 -1   
6.21608507 -1   
6.22990485 -1   
6.23001739 1    
6.23136151 -1   
6.23260165 -1   
6.23410391 -1   
6.24959126 -1   
6.25108799 -1   
6.25233769 -1   
6.25383926 -1   
6.25508504 -1   
6.25658555 -1   
6.25808284 -1   
6.25933891 -1   
6.32080184 -1   
6.32230181 -1   
6.32296243 -1   
6.34427582 -1   
6.36277696 -1   
6.36427382 -1   
6.36577100 -1   
6.36702407 -1   
6.36849908 -1   
6.36977170 -1   
6.37126866 -1   
6.37277891 -1   
6.38074995 -1   
6.38076579 1    
6.38226210 -1   
6.38351150 -1   
6.38501371 -1   
6.38626014 -1   
6.38776086 -1   
6.39951012 -1   
6.40075304 -1   
6.40223262 -1   
6.40372809 -1   
6.40497618 -1   
6.40649969 -1   
6.40799787 -1   
6.40925141 -1   
6.41074814 -1   
6.41199849 -1   
6.41349467 -1   
6.41497243 -1   
6.41624360 -1   
6.41774421 -1   
6.41899488 -1   
6.42049187 -1   
6.44797926 -1   
6.44945444 -1   
6.47046388 -1   
6.47171412 -1   
6.47321099 -1   
6.47446289 -1   
6.47595846 -1   
6.47745990 -1   
6.51246064 -1   
6.51258936 1    
6.51391713 -1   
6.51516390 -1   
6.51666634 -1   
6.51794036 -1   
6.51943559 -1   
6.52093220 -1   
6.52218377 -1   
6.52365946 -1   
6.52492915 -1   
6.52643027 -1   
6.52791037 -1   
6.52915965 -1   
6.53065692 -1   
6.53217083 -1   
6.53340386 -1   
6.53492681 -1   
6.53494318 1    
6.53617317 -1   
6.53765260 -1   
6.53917618 -1   
6.54042222 -1   
6.54192597 -1   
6.54316930 -1   
6.54465185 -1   
6.54616829 -1   
6.54741743 -1   
6.54891116 -1   
6.55042042 -1   
6.55164423 -1   
6.55316741 -1   
6.55441556 -1   
6.55591704 -1   
6.55741192 -1   
6.55864069 -1   
6.56013885 -1   
6.56140607 -1   
6.56150956 1    
6.56291160 -1   
6.56440739 -1   
6.56563723 -1   
6.56713583 -1   
6.56840497 -1   
6.56990710 -1   
6.57140562 -1   
6.57263104 -1   
6.57415529 -1   
6.57539983 -1   
6.57690713 -1   
6.57840003 -1   
6.57962756 -1   
6.58112763 -1   
6.58239373 -1   
6.58387402 -1   
6.58539409 -1   
6.58665111 -1   
6.58814847 -1   
6.58939248 -1   
6.59086943 -1   
6.59238977 -1   
6.59362245 -1   
6.59513504 -1   
6.59764107 -1   
6.59914027 -1   
6.60064187 -1   
6.61988030 -1   
6.62137970 -1   
6.62287951 -1   
6.62412836 -1   
6.62562620 -1   
6.62712966 -1   
6.62837098 -1   
6.62987621 -1   
6.62995378 1    
6.63111892 -1   
6.63259843 -1   
6.63412129 -1   
6.63536720 -1   
6.63686971 -1   
6.66185674 -1   
6.66335630 -1   
6.66484623 -1   
6.66610198 -1   
6.66759868 -1   
6.66910198 -1   
6.67034758 -1   
6.67184904 -1   
6.67309531 -1   
6.67459827 -1   
6.67609456 -1   
6.67734450 -1   
6.67883997 -1   
6.68008860 -1   
6.68157027 -1   
6.68307075 -1   
6.68434181 -1   
6.68583940 -1   
6.68733827 -1   
6.68858736 -1   
6.69008732 -1   
6.69133860 -1   
6.69283420 -1   
6.69432983 -1   
6.69558283 -1   
6.69708438 -1   
6.69831277 -1   
6.69983466 -1   
6.69984420 -1   
6.71109559 1    
6.76567576 1    
6.79273258 1    
6.85926036 1    
7.06960496 -1   
7.07109656 -1   
7.07134887 -1   
7.07144878 1    
7.07884627 -1   
7.08034163 -1   
7.08859013 -1   
7.09008786 -1   
7.09133321 -1   
7.09283249 -1   
7.09408738 -1   
7.09558230 -1   
7.09708285 -1   
7.09833244 -1   
7.09983266 -1   
7.10132853 -1   
7.10884959 -1   
7.12907121 -1   
7.13031785 -1   
7.22248662 -1   
7.32898893 -1   
7.33047177 -1   
7.33847095 -1   
7.33859495 1    
7.33996999 -1   
7.34144256 -1   
7.34271626 -1   
7.34419152 -1   
7.34544379 -1   
7.34694087 -1   
7.34843634 -1   
7.34972245 -1   
7.35121284 -1   
7.35243414 -1   
7.35896505 -1   
7.36043131 -1   
7.36195639 -1   
7.36869971 -1   
7.37017684 -1   
7.37171522 -1   
7.37192625 -1   
7.37867831 -1   
7.38017165 -1   
7.39643443 -1   
7.39791432 -1   
7.39915698 -1   
7.48487835 -1   
7.48636124 -1   
7.48788285 -1   
7.48913130 -1   
7.49061299 -1   
7.49212791 -1   
7.49337977 -1   
7.49485500 -1   
7.49611923 -1   
7.49760212 -1   
7.49910525 -1   
7.50035126 -1   
7.50187245 -1   
7.50188595 1    
7.50312154 -1   
7.50462167 -1   
7.50611984 -1   
7.50736724 -1   
7.50887317 -1   
7.51034709 -1   
7.51159752 -1   
7.51309288 -1   
7.51434548 -1   
7.51584137 -1   
7.51733914 -1   
7.51859084 -1   
7.52009586 -1   
7.52134006 -1   
7.52284722 -1   
7.52434392 -1   
7.52559068 -1   
7.52708615 -1   
7.52833558 -1   
7.52844049 1    
7.53003074 -1   
7.53135766 -1   
7.53260035 -1   
7.53410586 -1   
7.53534787 -1   
7.53684463 -1   
7.53835154 -1   
7.53960004 -1   
7.54007254 -1   
7.54483055 -1   
7.54632935 -1   
7.56357057 -1   
7.67832752 1    
7.69313866 -1   
7.91623498 1    
8.37188252 -1   
8.37282352 -1   
8.49157921 -1   
8.52174204 -1   
13.57003183 -1   
22.25854056 -1   
