0.00000000 1    
0.00013372 -1   
3.20569315 -1   
3.64966418 1    
3.65070692 -1   
4.10684390 1    
4.10806959 1    
4.10854071 1    
4.29690314 1    
4.29919965 -1   
4.44767215 -1   
4.73962314 1    
4.92776361 1    
4.92799928 -1   
5.04778289 1    
5.07587326 1    
5.11499304 -1   
5.12434840 -1   
5.26267996 -1   
5.61771235 1    
5.61920027 1    
5.62012999 1    
5.62169609 1    
5.62319745 1    
5.62444704 1    
5.62594511 1    
5.62744186 1    
5.66818201 1    
5.66968531 1    
5.76887675 1    
5.77009186 1    
5.77161093 1    
5.77311161 1    
5.77321750 -1   
5.77436374 1    
5.77585666 1    
5.77735997 1    
5.77860545 1    
5.78010367 1    
5.78158630 1    
5.78283501 1    
5.78435083 1    
5.78583173 1    
5.78732792 1    
5.78858230 1    
5.78898024 1    
5.81931836 1    
5.82081038 1    
5.82231127 1    
5.82355846 1    
5.91957870 1    
5.92100567 1    
5.92225221 1    
5.92375364 1    
5.92525511 1    
5.92652065 1    
5.92826995 1    
5.92929113 1    
5.92931181 -1   
5.93074648 1    
5.93224526 1    
5.93374901 1    
5.93499388 1    
5.93649518 1    
5.93799365 1    
5.93926925 1    
5.94076620 1    
5.94199167 1    
5.94349236 1    
5.94499020 1    
5.94623806 1    
5.94774072 1    
5.94898592 1    
5.95051152 1    
5.95199804 1    
5.95323325 1    
5.95473194 1    
5.95623321 1    
5.95748339 1    
5.95898345 1    
5.96022920 1    
5.96173206 1    
5.96322696 1    
5.97023050 1    
5.97172148 1    
5.97322429 1    
5.97447127 1    
5.97597279 1    
5.97611167 -1   
5.97721813 1    
5.97871877 1    
5.98022095 1    
6.07092264 1    
6.07216655 1    
6.07366728 1    
6.07518770 1    
6.07643832 1    
6.07793264 1    
6.07943961 1    
6.08068186 1    
6.08216197 1    
6.08342974 1    
6.08493190 1    
6.08643296 1    
6.08768563 1    
6.08917574 1    
6.09042932 1    
6.09192616 1    
6.09341970 1    
6.09343193 -1   
6.09467490 1    
6.09617315 1    
6.09740416 1    
6.09890716 1    
6.10040562 1    
6.10164881 1    
6.10314582 1    
6.10439693 1    
6.10590001 1    
6.10739626 1    
6.10867189 1    
6.11016861 1    
6.11141650 1    
6.11289297 1    
6.11439505 1    
6.11564143 1    
6.11714255 1    
6.11838907 1    
6.11989046 1    
6.12138895 1    
6.12263793 1    
6.12413451 1    
6.12563769 1    
6.12688274 1    
6.12838472 1    
6.12963304 1    
6.13113254 1    
6.13263255 1    
6.13388262 1    
6.13537884 1    
6.13663010 1    
6.13812783 1    
6.13963037 1    
6.14087588 1    
6.14099249 -1   
6.14239662 1    
6.14364746 1    
6.14565171 1    
6.14714329 1    
6.14837271 1    
6.14989532 1    
6.15140176 1    
6.15264438 1    
6.15411927 1    
6.15538781 1    
6.15689042 1    
6.15838921 1    
6.15964505 1    
6.16113720 1    
6.16264274 1    
6.16388593 1    
6.16536413 1    
6.16661180 1    
6.16811231 1    
6.16961012 1    
6.17086089 1    
6.17235813 1    
6.17360988 1    
6.17510535 1    
6.17660696 1    
6.17785494 1    
6.17935468 1    
6.18085154 1    
6.18210406 1    
6.22161031 1    
6.22308190 1    
6.22459994 1    
6.22584806 1    
6.22734832 1    
6.22885151 1    
6.22894504 -1   
6.23034775 1    
6.23157488 1    
6.23307723 1    
6.23432342 1    
6.23582140 1    
6.23732233 1    
6.23857375 1    
6.24006828 1    
6.24132542 1    
6.24281677 1    
6.24481729 1    
6.24631567 1    
6.24756251 1    
6.24906324 1    
6.25001091 1    
6.29033270 -1   
6.31969416 -1   
6.34697916 -1   
6.43752628 -1   
6.59512073 1    
6.59638959 1    
6.59734483 1    
6.59746651 -1   
6.59911630 1    
6.60038775 1    
6.60264078 1    
6.60388721 1    
6.60538741 1    
6.63287596 1    
6.63409751 1    
6.63561380 1    
6.63709476 1    
6.63836246 1    
6.63986390 1    
6.66160280 1    
6.66307692 1    
6.72607490 1    
6.72756890 1    
6.74458423 1    
6.80677050 1    
6.80799508 1    
6.88148381 1    
6.88270076 1    
6.88420454 1    
6.88429195 -1   
6.88572856 1    
6.88697126 1    
6.88920020 1    
6.89071769 1    
6.89221795 1    
6.89346768 1    
6.89494678 1    
6.89590657 1    
6.91644230 1    
6.91768125 1    
6.91918452 1    
6.92067930 1    
6.92192997 1    
6.92342999 1    
6.92470615 1    
6.92619824 1    
6.94992446 1    
6.95116119 1    
6.96066498 1    
6.96215628 1    
6.96990737 1    
6.97139951 1    
6.97290238 1    
6.97414995 1    
6.97565108 1    
6.97691229 1    
6.97842111 1    
6.97991703 1    
6.98116706 1    
6.98267215 1    
6.98391382 1    
6.99566518 1    
6.99689962 1    
6.99838591 1    
6.99991084 1    
7.00001145 -1   
7.00113320 1    
7.00538843 1    
7.00688226 1    
7.00840438 1    
7.00964827 1    
7.01112696 1    
7.01237842 1    
7.01389919 1    
7.01539508 1    
7.01662476 1    
7.01812803 1    
7.01937304 1    
7.02087454 1    
7.04457478 1    
7.04460926 -1   
7.06188259 1    
7.06337197 1    
7.06462115 1    
7.06609755 1    
7.06761761 1    
7.06886514 1    
7.07036889 1    
7.07185253 1    
7.07309549 1    
7.07461807 1    
7.07586411 1    
7.10585407 1    
7.10734931 1    
7.14233228 1    
7.14357760 1    
7.19178466 1    
7.19180456 -1   
7.48268352 -1   
7.93314835 1    
7.93404953 1    
8.05305358 1    
8.08471184 1    
13.18828666 -1   
16.43959197 1    
20.93005855 -1   
27.22314804 -1   
27.37226521 -1   
