0.00000000 1    
2.21998213 1    
2.43776251 -1   
2.58493203 -1   
2.58544208 1    
2.75733603 -1   
2.79721596 -1   
2.80770842 -1   
2.89114063 -1   
2.94395847 -1   
2.94410271 1    
3.11163324 -1   
3.11166905 1    
3.14274678 -1   
3.16148462 -1   
3.17225037 -1   
3.25976980 -1   
3.40996230 -1   
3.41026766 1    
3.58762531 -1   
3.58792750 1    
3.77749821 -1   
3.95412281 1    
3.96486944 -1   
4.10424386 1    
4.15151621 -1   
4.33140091 1    
4.37947116 -1   
4.68807327 -1   
4.68839603 1    
4.83534197 1    
4.98348460 1    
5.00851874 -1   
5.31859717 -1   
5.31891431 1    
5.32626019 -1   
5.32775620 -1   
5.42444112 -1   
5.46646825 -1   
5.46868475 1    
5.64343017 -1   
5.64346573 1    
5.83526863 1    
5.91384138 -1   
5.98216293 1    
6.10039488 -1   
6.23572646 -1   
6.23600996 1    
6.25018896 -1   
6.29556376 1    
6.38292959 1    
6.43732042 -1   
6.60357867 1    
6.74995201 -1   
6.75119148 -1   
6.75166578 -1   
6.76917702 -1   
6.77067943 -1   
6.81221881 -1   
6.81365628 -1   
6.81515918 -1   
6.84189592 -1   
6.86713444 -1   
6.90159177 -1   
6.90308586 -1   
6.90460672 -1   
6.90586196 -1   
6.90594214 1    
6.90733244 -1   
6.90859976 -1   
6.92032785 -1   
6.92184331 -1   
6.92309203 -1   
6.92459539 -1   
6.96280365 -1   
6.96406973 -1   
6.96557468 -1   
6.96704634 -1   
6.99104151 -1   
6.99253418 -1   
6.99378529 -1   
6.99528066 -1   
7.05050616 -1   
7.05176467 -1   
7.05326614 -1   
7.05474594 -1   
7.05599522 -1   
7.05749460 -1   
7.05899847 -1   
7.06026432 -1   
7.06177084 -1   
7.06178425 1    
7.06324413 -1   
7.06449138 -1   
7.06601506 -1   
7.06748854 -1   
7.06874038 -1   
7.07098832 -1   
7.07226186 -1   
7.07375805 -1   
7.07523712 -1   
7.07648407 -1   
7.07798438 -1   
7.07948187 -1   
7.08073441 -1   
7.11322475 -1   
7.11471556 -1   
7.11596296 -1   
7.11746412 -1   
7.11871078 -1   
7.12020804 -1   
7.12170798 -1   
7.12296067 -1   
7.14145401 -1   
7.14269810 -1   
7.14420135 -1   
7.14570013 -1   
7.14694717 -1   
7.14844544 -1   
7.14969780 -1   
7.15119564 -1   
7.20067333 -1   
7.20191320 -1   
7.20200742 1    
7.20341021 -1   
7.20493210 -1   
7.20616208 -1   
7.20765756 -1   
7.20892701 -1   
7.21040697 -1   
7.21193005 -1   
7.21315642 -1   
7.21465705 -1   
7.21590351 -1   
7.21740589 -1   
7.21891859 -1   
7.22015596 -1   
7.22017429 1    
7.22167070 -1   
7.22314879 -1   
7.22440053 -1   
7.22591363 -1   
7.22714926 -1   
7.22864719 -1   
7.23015342 -1   
7.23139527 -1   
7.23289700 -1   
7.23414316 -1   
7.23566342 -1   
7.23717014 -1   
7.23839338 -1   
7.23989004 -1   
7.24139095 -1   
7.24263866 -1   
7.24413911 -1   
7.24538712 -1   
7.26338406 -1   
7.26464784 -1   
7.26612989 -1   
7.26762430 -1   
7.26887477 -1   
7.26899173 1    
7.27037430 -1   
7.27163756 -1   
7.27314256 -1   
7.27464041 -1   
7.27589671 -1   
7.27739407 -1   
7.27862925 -1   
7.29039128 -1   
7.29188806 -1   
7.29338192 -1   
7.29463243 -1   
7.29610812 -1   
7.29738234 -1   
7.29887741 -1   
7.30037880 -1   
7.30162640 -1   
7.30310506 -1   
7.30437526 -1   
7.33536377 -1   
7.33936012 -1   
7.34086365 -1   
7.35110219 -1   
7.35234965 -1   
7.35382758 -1   
7.35535147 -1   
7.35684931 -1   
7.35809877 -1   
7.35959893 -1   
7.36084856 -1   
7.36232337 -1   
7.36384347 -1   
7.36509128 -1   
7.36659071 -1   
7.36783716 -1   
7.36933677 -1   
7.37084006 -1   
7.37096797 1    
7.37209211 -1   
7.37358523 -1   
7.37483534 -1   
7.37633324 -1   
7.37783219 -1   
7.37908212 -1   
7.37909640 1    
7.38057991 -1   
7.38183262 -1   
7.38331315 -1   
7.38482819 -1   
7.38607991 -1   
7.38755369 -1   
7.38908212 -1   
7.39032381 -1   
7.39180549 -1   
7.39307883 -1   
7.39457889 -1   
7.39605297 -1   
7.39731580 -1   
7.39881914 -1   
7.40007014 -1   
7.40157078 -1   
7.40304969 -1   
7.40431637 -1   
7.40581917 -1   
7.40731543 -1   
7.40854615 -1   
7.41006382 -1   
7.41131642 -1   
7.41354156 -1   
7.41481516 -1   
7.41601979 -1   
7.45770079 1    
7.49226510 1    
7.51994152 1    
7.52603164 1    
7.80084729 -1   
7.80208934 -1   
7.80329330 -1   
7.80341747 1    
7.80482064 -1   
7.80608881 -1   
7.81108717 -1   
7.81233711 -1   
7.81383240 -1   
7.81533204 -1   
7.81659383 -1   
7.81808145 -1   
7.84704655 -1   
7.84854147 -1   
7.84979337 -1   
7.88304763 -1   
7.88427450 -1   
7.94774055 -1   
7.94923654 -1   
7.95176133 -1   
8.03869286 -1   
8.04020861 -1   
8.04170513 -1   
8.04180370 1    
8.04293341 -1   
8.04442928 -1   
8.04570196 -1   
8.04718015 -1   
8.04867890 -1   
8.04992658 -1   
8.05142644 -1   
8.05267571 -1   
8.05417802 -1   
8.05567337 -1   
8.05692152 -1   
8.05842188 -1   
8.05967391 -1   
8.06117140 -1   
8.06267229 -1   
8.06393945 -1   
8.06541947 -1   
8.06666844 -1   
8.06818644 -1   
8.06968284 -1   
8.07091773 -1   
8.07241422 -1   
8.07366553 -1   
8.07516139 -1   
8.07666305 -1   
8.07793701 -1   
8.07940916 -1   
8.08091550 -1   
8.08215954 -1   
8.08367193 -1   
8.08492935 -1   
8.09666058 -1   
8.09790204 -1   
8.09939859 -1   
8.10089775 -1   
8.10214819 -1   
8.10227363 1    
8.10364918 -1   
8.18762571 -1   
8.18909953 -1   
8.19059849 -1   
8.19186989 -1   
8.19334936 -1   
8.19459459 -1   
8.19611022 -1   
8.19612226 1    
8.19760859 -1   
8.19884343 -1   
8.20034327 -1   
8.20184141 -1   
8.20308924 -1   
8.20461209 -1   
8.20586639 -1   
8.20733704 -1   
8.20883440 -1   
8.21008576 -1   
8.21158659 -1   
8.21283453 -1   
8.21433370 -1   
8.21583308 -1   
8.21708139 -1   
8.21861935 -1   
8.21983196 -1   
8.22132951 -1   
8.22283216 -1   
8.22412055 -1   
8.22582946 -1   
8.34258094 1    
8.37138587 -1   
8.53147055 1    
8.98564780 -1   
8.98661379 -1   
9.11384639 -1   
9.13527683 -1   
14.06478964 1    
17.53287871 -1   
21.98059901 -1   
27.53240553 -1   
