0.00000000 -1   
0.27102341 1    
0.41901709 1    
0.41938450 -1   
0.56736352 -1   
0.70325186 1    
0.71544701 -1   
0.86419072 1    
0.86449576 -1   
1.03656174 1    
1.03685826 -1   
1.21824513 1    
1.21856834 -1   
1.36740879 1    
1.54783719 -1   
1.70196473 1    
1.70226362 -1   
1.84960406 1    
1.93305823 -1   
2.03699774 1    
2.08169196 -1   
2.30183786 1    
2.54912007 1    
2.55059235 1    
2.55108807 1    
2.70002171 1    
2.70222098 -1   
2.84979255 -1   
3.31115227 1    
3.31143099 -1   
3.45384690 1    
3.46227101 1    
3.49947031 -1   
3.50817410 -1   
3.65780255 -1   
4.11945809 1    
4.12094437 1    
4.12189899 1    
4.12344151 1    
4.16842514 1    
4.22814312 1    
4.22965836 1    
4.24340073 1    
4.24489739 1    
4.27038551 1    
4.27188503 1    
4.27338388 1    
4.27463297 1    
4.27610882 1    
4.27737735 1    
4.27748246 -1   
4.27885580 1    
4.27953745 1    
4.29162003 1    
4.35733551 1    
4.35880863 1    
4.37807416 1    
4.37932166 1    
4.38082227 1    
4.38231764 1    
4.39304057 1    
4.39428694 1    
4.39578497 1    
4.39728423 1    
4.42010509 1    
4.42129119 1    
4.42279460 1    
4.42427015 1    
4.42551884 1    
4.42701686 1    
4.42827518 1    
4.42978803 1    
4.43130582 1    
4.43253768 1    
4.43401529 1    
4.43528589 1    
4.43530700 -1   
4.43678321 1    
4.43826100 1    
4.43978440 1    
4.44103422 1    
4.48075289 1    
4.48223874 1    
4.50848472 1    
4.50996972 1    
4.51149365 1    
4.51274294 1    
4.52898385 1    
4.53023742 1    
4.53173606 1    
4.53341724 1    
4.53447911 1    
4.53597699 1    
4.53749088 1    
4.53872437 1    
4.54420557 1    
4.54569962 1    
4.54720341 1    
4.54844956 1    
4.54994845 1    
4.55119379 1    
4.55269371 1    
4.55419506 1    
4.57094747 1    
4.57102285 -1   
4.57218600 1    
4.57370795 1    
4.57520937 1    
4.57644051 1    
4.57793073 1    
4.57942953 1    
4.58068428 1    
4.58218027 1    
4.58343048 1    
4.58492692 1    
4.58642625 1    
4.58767364 1    
4.58917262 1    
4.59042124 1    
4.59192405 1    
4.59344295 1    
4.59469458 1    
4.59619292 1    
4.59744545 1    
4.59893977 1    
4.60043939 1    
4.60168922 1    
4.60170383 -1   
4.60317014 1    
4.60444731 1    
4.60593869 1    
4.60743431 1    
4.63193640 1    
4.63314903 1    
4.63991978 1    
4.65939096 1    
4.66091292 1    
4.66240584 1    
4.66366009 1    
4.67240194 1    
4.67990113 1    
4.68139452 1    
4.68389591 1    
4.68401691 -1   
4.68512174 1    
4.68664521 1    
4.68814267 1    
4.68938876 1    
4.69088897 1    
4.69236612 1    
4.69588622 1    
4.69711119 1    
4.69861493 1    
4.70011229 1    
4.70138335 1    
4.70287903 1    
4.70437771 1    
4.70562952 1    
4.70712741 1    
4.70837896 1    
4.72387655 1    
4.72509527 1    
4.72661960 1    
4.72811869 1    
4.72937200 1    
4.73086365 1    
4.73211845 1    
4.73361239 1    
4.73511405 1    
4.73636192 1    
4.73786175 1    
4.73936075 1    
4.74061162 1    
4.74210957 1    
4.74333813 1    
4.74483568 1    
4.74633782 1    
4.74758322 1    
4.74908535 1    
4.75033205 1    
4.75045076 -1   
4.75182908 1    
4.75332891 1    
4.75458023 1    
4.75607786 1    
4.75732779 1    
4.75733801 -1   
4.75882888 1    
4.76034792 1    
4.76159763 1    
4.76309682 1    
4.76434826 1    
4.78281860 1    
4.78406382 1    
4.80880341 1    
4.81030135 1    
4.81204680 1    
4.81329578 1    
4.82179277 1    
4.82329295 1    
4.83106768 1    
4.83230955 1    
4.83655985 1    
4.83805553 1    
4.83930497 1    
4.84080637 1    
4.84229553 1    
4.84355593 1    
4.84505274 1    
4.84630476 1    
4.84780011 1    
4.84930311 1    
4.85054902 1    
4.85101957 1    
4.89915944 -1   
4.90454962 -1   
4.92697718 -1   
5.05271928 -1   
5.31703148 1    
5.31828844 1    
5.31875935 1    
5.31887152 -1   
5.34134909 1    
5.34274809 1    
5.35174627 1    
5.35298881 1    
5.35451303 1    
5.35598632 1    
5.35725904 1    
5.36125725 1    
5.36251017 1    
5.36400015 1    
5.45247801 1    
5.45393155 1    
5.45545364 1    
5.46650911 1    
5.60210511 1    
5.60337076 1    
5.61340918 1    
5.66435979 1    
5.66585235 1    
5.66732580 1    
5.66743318 -1   
5.66857591 1    
5.67009111 1    
5.67133114 1    
5.67283470 1    
5.67430499 1    
5.67555409 1    
5.67706027 1    
5.67830373 1    
5.67982266 1    
5.68134620 1    
5.68257716 1    
5.68407397 1    
5.68532108 1    
5.70282559 1    
5.70431847 1    
5.71278835 1    
5.71428759 1    
5.71552967 1    
5.73977486 1    
5.74126734 1    
5.74251805 1    
5.74401599 1    
5.74551455 1    
5.74678324 1    
5.74839456 1    
5.75028657 1    
5.75302005 1    
5.75427782 1    
5.75578600 1    
5.75728242 1    
5.80324096 1    
5.80474629 1    
5.81498113 1    
5.81622309 1    
5.81772348 1    
5.81782471 -1   
5.81924673 1    
5.82047102 1    
5.82199218 1    
5.82200901 -1   
5.82349379 1    
5.82473421 1    
5.82622061 1    
5.82746697 1    
5.82897277 1    
5.83046410 1    
5.83171670 1    
5.83321552 1    
5.83471197 1    
5.83596120 1    
5.83746322 1    
5.83873115 1    
5.84023313 1    
5.84172345 1    
5.84295623 1    
5.84447322 1    
5.84572939 1    
5.84722376 1    
5.84872700 1    
5.84996721 1    
5.85147553 1    
5.85185146 1    
5.85372037 1    
5.85495138 1    
5.86245189 1    
5.86371317 1    
5.96814415 1    
5.96890846 -1   
6.00082795 1    
6.16433945 -1   
6.78301236 1    
6.78388619 1    
6.90486472 1    
6.93336621 1    
11.60870120 -1   
16.08266924 -1   
21.69567774 -1   
26.02804762 -1   
