0.00000000 1    
0.24676084 -1   
0.39444066 -1   
0.39478799 1    
0.54434181 1    
0.58106638 -1   
0.60120590 -1   
0.60895009 -1   
0.74842665 -1   
0.74845479 1    
0.89888521 -1   
0.89918560 1    
1.07353574 -1   
1.07383464 1    
1.27873198 -1   
1.42631640 -1   
1.42664778 1    
1.42772963 -1   
1.46525649 -1   
1.66916770 1    
1.82735081 -1   
1.82760926 1    
1.87872776 -1   
1.91346007 -1   
1.91494879 -1   
1.97682153 -1   
2.12602436 -1   
2.12642034 1    
2.31726503 1    
2.38757019 -1   
2.84292619 -1   
2.84441892 -1   
2.84491547 -1   
3.00807002 -1   
3.01035504 1    
3.15828952 1    
3.57195802 -1   
3.57217399 1    
3.77090786 -1   
3.77183339 -1   
3.80591026 1    
3.81463603 1    
3.96433829 1    
4.34881944 -1   
4.35005290 -1   
4.35054899 -1   
4.40603090 -1   
4.40752120 -1   
4.44101449 -1   
4.44225391 -1   
4.44375056 -1   
4.48299308 -1   
4.48423012 -1   
4.50023685 -1   
4.52049598 -1   
4.52195760 -1   
4.52920626 -1   
4.53994965 -1   
4.54005701 1    
4.54119362 -1   
4.55568735 -1   
4.55718509 -1   
4.55843666 -1   
4.55893279 -1   
4.59067020 -1   
4.59216393 -1   
4.59341353 -1   
4.59491345 -1   
4.59616069 -1   
4.59766274 -1   
4.63264462 -1   
4.63414385 -1   
4.63538829 -1   
4.65638150 -1   
4.65762529 -1   
4.67012126 -1   
4.67136770 -1   
4.67286861 -1   
4.68561439 -1   
4.68710738 -1   
4.68788545 1    
4.69211316 -1   
4.69360440 -1   
4.69510678 -1   
4.70309993 -1   
4.70510137 -1   
4.70634690 -1   
4.73084156 -1   
4.73233424 -1   
4.73383494 -1   
4.73759965 -1   
4.74158032 -1   
4.74307719 -1   
4.76057568 -1   
4.76206594 -1   
4.76331472 -1   
4.76481621 -1   
4.78156170 -1   
4.78880153 -1   
4.79005287 -1   
4.79155010 -1   
4.80754375 -1   
4.81703807 -1   
4.81853379 -1   
4.82003386 -1   
4.82128689 -1   
4.82278082 -1   
4.82803161 -1   
4.85653018 -1   
4.85656553 1    
4.85801423 -1   
4.85925933 -1   
4.86075872 -1   
4.86200821 -1   
4.87800349 -1   
4.87924864 -1   
4.88538502 -1   
4.90802447 -1   
4.91723022 -1   
4.91847884 -1   
4.92497521 -1   
4.92647616 -1   
4.92797328 -1   
4.92922238 -1   
4.93072188 -1   
4.93548346 -1   
5.00894692 -1   
5.00897833 1    
5.01042606 -1   
5.01192791 -1   
5.01317369 -1   
5.01467142 -1   
5.01592398 -1   
5.01742190 -1   
5.01891982 -1   
5.02016987 -1   
5.02166782 -1   
5.02316980 -1   
5.02441913 -1   
5.02591440 -1   
5.02716671 -1   
5.02866685 -1   
5.04117863 -1   
5.04265621 -1   
5.04415826 -1   
5.04540630 -1   
5.05765186 -1   
5.06664775 -1   
5.06814553 -1   
5.07464290 -1   
5.07614040 -1   
5.07763479 -1   
5.07913790 -1   
5.08038786 -1   
5.08488551 -1   
5.16086009 -1   
5.16089450 1    
5.16208909 -1   
5.16358868 -1   
5.16508857 -1   
5.16658479 -1   
5.16783746 -1   
5.16933534 -1   
5.17083509 -1   
5.17208317 -1   
5.17358265 -1   
5.17508341 -1   
5.17633196 -1   
5.17782771 -1   
5.17908044 -1   
5.18057964 -1   
5.19082977 -1   
5.19207006 -1   
5.19432169 -1   
5.19582107 -1   
5.20096131 1    
5.20781221 -1   
5.20931169 -1   
5.21631313 -1   
5.21780472 -1   
5.21930599 -1   
5.22055441 -1   
5.22405552 -1   
5.22579913 -1   
5.22729871 -1   
5.22879917 -1   
5.23079952 -1   
5.23454578 -1   
5.31301509 -1   
5.31304795 1    
5.31425200 -1   
5.31574961 -1   
5.31724862 -1   
5.31849656 -1   
5.31999974 -1   
5.32124545 -1   
5.32274698 -1   
5.32424601 -1   
5.32549590 -1   
5.32699202 -1   
5.32824359 -1   
5.32974422 -1   
5.33124201 -1   
5.33248958 -1   
5.34023739 -1   
5.34173475 -1   
5.34323405 -1   
5.34448278 -1   
5.34598156 -1   
5.34722974 -1   
5.34734298 1    
5.34873342 -1   
5.35022781 -1   
5.35149989 -1   
5.35175156 -1   
5.35322751 -1   
5.35472611 -1   
5.35647843 -1   
5.35797445 -1   
5.35947596 -1   
5.36072434 -1   
5.36222402 -1   
5.36721903 -1   
5.36871889 -1   
5.36996550 -1   
5.41463347 1    
5.44300761 1    
5.47027633 1    
5.49725427 1    
5.79224086 -1   
5.79372824 -1   
5.79422410 -1   
5.79432710 1    
5.84170556 -1   
5.84319923 -1   
5.85119756 -1   
5.85244338 -1   
5.85394341 -1   
5.86043922 -1   
5.86168590 -1   
5.86318577 -1   
5.89117464 -1   
5.89241981 -1   
5.89392489 -1   
5.94368044 -1   
5.95763534 -1   
5.95913513 -1   
6.01910680 -1   
6.02035040 -1   
6.08182088 -1   
6.08331414 -1   
6.08481432 -1   
6.08606294 -1   
6.08614688 1    
6.08757197 -1   
6.08905641 -1   
6.09030705 -1   
6.09180565 -1   
6.09305557 -1   
6.09455396 -1   
6.09605306 -1   
6.09698476 -1   
6.12231132 -1   
6.12380576 -1   
6.12530977 -1   
6.12656719 -1   
6.12804935 -1   
6.12928480 -1   
6.13078369 -1   
6.13228315 -1   
6.13353626 -1   
6.13504955 -1   
6.13630458 -1   
6.13780478 -1   
6.13928074 -1   
6.14053021 -1   
6.14202647 -1   
6.14352541 -1   
6.17101770 -1   
6.17251070 -1   
6.20029384 -1   
6.20174315 -1   
6.20299121 -1   
6.21848823 -1   
6.23148245 -1   
6.23297345 -1   
6.23422535 -1   
6.23698717 -1   
6.23847519 -1   
6.23997185 -1   
6.23998471 1    
6.24122912 -1   
6.24271769 -1   
6.24397084 -1   
6.24483255 -1   
6.24672223 -1   
6.24822890 -1   
6.24971847 -1   
6.25096429 -1   
6.25246376 -1   
6.25396196 -1   
6.26846049 -1   
6.26995232 -1   
6.27120596 -1   
6.27270062 -1   
6.27420180 -1   
6.27544875 -1   
6.27694854 -1   
6.27844720 -1   
6.27970185 -1   
6.27981016 1    
6.28845861 -1   
6.28994164 -1   
6.29119209 -1   
6.29269079 -1   
6.29393990 -1   
6.31768104 -1   
6.31917622 -1   
6.32042400 -1   
6.36848394 -1   
6.36990300 -1   
6.39165652 -1   
6.39168173 1    
6.54099035 -1   
6.54102752 1    
7.14127509 -1   
7.14215365 -1   
7.31412692 -1   
7.31505185 -1   
12.90733802 1    
19.89633703 -1   
25.22652821 -1   
