0.00000000 -1   
0.36935314 1    
0.51701119 1    
0.51751706 -1   
0.77121334 1    
0.82400942 1    
0.83423195 1    
0.85396822 1    
0.93197403 -1   
0.95958678 1    
1.08115695 -1   
1.10767052 1    
1.30901322 -1   
1.32304792 1    
1.37292857 1    
1.39290846 1    
1.41192486 1    
1.47068758 1    
1.61972443 1    
1.62003727 -1   
1.80898169 -1   
1.88979749 1    
1.95664420 -1   
2.11260610 1    
2.11289466 -1   
2.31898881 1    
2.31927722 -1   
2.55634438 1    
2.55738510 -1   
3.33311995 1    
3.33454611 1    
3.33504189 1    
3.52364333 1    
3.52591045 -1   
3.67397386 -1   
3.93341815 -1   
4.09046184 1    
4.09074992 -1   
4.26187395 1    
4.26233206 -1   
4.41211877 1    
4.41239740 -1   
4.43217495 1    
4.47389297 1    
4.51774080 -1   
4.56043479 1    
4.56048224 -1   
5.32096859 1    
5.32216024 1    
5.32265611 1    
5.46834376 1    
5.46957159 1    
5.48432225 1    
5.48556543 1    
5.48706114 1    
5.51473103 1    
5.62374332 1    
5.62523784 1    
5.64097955 1    
5.65071903 1    
5.65197007 1    
5.66364886 1    
5.66374570 -1   
5.77694767 1    
5.77839541 1    
5.79616809 1    
5.80589261 1    
5.80741421 1    
5.81016596 1    
5.92108240 1    
5.92256143 1    
5.95279929 1    
5.95404313 1    
5.95554328 1    
6.07375020 1    
6.07522311 1    
6.07571897 1    
6.16168561 1    
6.16317312 1    
6.16442519 1    
6.20890918 1    
6.22397311 1    
6.22413911 -1   
6.23188856 1    
6.23313379 1    
6.23463311 1    
6.23588083 1    
6.23737981 1    
6.37680325 1    
6.37829921 1    
6.37879496 1    
6.39255061 1    
6.39404191 1    
6.40858123 1    
6.41006293 1    
6.41130745 1    
6.51200297 1    
6.51322392 1    
6.52710257 1    
6.54971251 1    
6.55120233 1    
6.55245498 1    
6.55256252 -1   
6.55394965 1    
6.57269507 1    
6.65990666 1    
6.66138815 1    
6.67526709 1    
6.68862936 1    
6.70861479 1    
6.70986027 1    
6.71136156 1    
6.71260770 1    
6.71411002 1    
6.81231801 1    
6.81355149 1    
6.83254447 1    
6.83403769 1    
6.83638436 1    
6.87134771 1    
6.87252184 1    
6.91350517 1    
6.91368311 -1   
6.97597536 1    
6.97720851 1    
6.97870631 1    
6.98931492 1    
7.00821122 1    
7.00969177 1    
7.01093912 1    
7.01243698 1    
7.01393537 1    
7.02793240 1    
7.10368385 1    
7.10372642 -1   
7.13713437 1    
7.13861686 1    
7.14803704 1    
7.16011552 1    
7.16160350 1    
7.16937684 1    
7.17059586 1    
7.17209561 1    
7.25532132 1    
7.25546962 -1   
7.25679902 1    
7.25805892 1    
7.29653298 1    
7.29802591 1    
7.30870601 1    
7.32476604 1    
7.32626333 1    
7.32775820 1    
7.32900684 1    
7.33050212 1    
7.34175450 1    
7.43995570 1    
7.44119075 1    
7.46003948 1    
7.46170604 1    
7.46868298 1    
7.46992644 1    
7.47356211 1    
7.47367757 -1   
7.48942008 1    
7.49066355 1    
7.51367561 1    
7.54538519 1    
7.54663241 1    
7.54813027 1    
7.58087188 1    
7.62010909 1    
7.62159013 1    
7.62250356 1    
7.64857933 1    
7.64982251 1    
7.65132584 1    
7.65257079 1    
7.65406845 1    
7.65833045 1    
7.73855485 1    
7.73871164 -1   
7.73977552 1    
7.74127873 1    
7.76983724 1    
7.77750383 1    
7.79599468 1    
7.79748826 1    
7.79874101 1    
7.80023648 1    
7.80173615 1    
7.80473831 1    
7.80623231 1    
7.84047218 1    
7.84171370 1    
7.84321314 1    
7.86920595 1    
7.92605632 1    
7.93616443 1    
7.93765670 1    
7.95690069 1    
7.95814514 1    
7.95965028 1    
7.96089426 1    
7.96099706 -1   
7.96589124 1    
8.02687718 1    
8.02810861 1    
8.02960776 1    
8.05784443 1    
8.05934240 1    
8.07312448 1    
8.08157831 1    
8.11206092 1    
8.11355766 1    
8.11480587 1    
8.12039406 1    
8.12180241 1    
8.13180099 1    
8.14854055 1    
8.15003625 1    
8.19627592 1    
8.19641998 -1   
8.19776226 1    
8.19900918 1    
8.22029958 1    
8.22899230 1    
8.23048917 1    
8.26054922 1    
8.27922181 1    
8.28071393 1    
8.28195982 1    
8.28345937 1    
8.28496189 1    
8.31152869 1    
8.32094611 1    
8.32220916 1    
8.32368669 1    
8.35893696 1    
8.37756507 1    
8.38990743 1    
8.40141230 -1   
8.41665590 1    
8.41813360 1    
8.42026898 -1   
8.43025668 -1   
8.43565410 1    
8.43713765 1    
8.43928900 -1   
8.45663309 1    
8.45787192 1    
8.46568180 -1   
8.46685723 1    
8.46812586 1    
8.46960381 1    
8.48937286 1    
8.51461679 1    
8.51582578 1    
8.53822199 1    
8.54256215 1    
8.54383375 1    
8.57039553 -1   
8.69063108 1    
9.14827738 1    
9.14974430 1    
9.14975919 1    
9.31338232 1    
9.31462306 1    
9.31511960 1    
9.31523963 -1   
9.34461221 1    
9.34585089 1    
9.45357387 1    
9.45506333 1    
9.46332551 1    
9.46354025 1    
9.47230249 1    
9.47377789 1    
9.48027720 1    
9.48155052 1    
9.48305300 1    
9.48427278 1    
9.48577433 1    
9.48730990 1    
9.61192705 1    
9.61897147 1    
9.62046993 1    
9.62871475 1    
9.62882641 -1   
9.63019229 1    
9.63145780 1    
9.63293977 1    
9.63445665 1    
9.63570588 1    
9.63920417 1    
9.64068542 1    
9.64193275 1    
9.64918431 1    
9.65067520 1    
9.75192226 1    
9.75311964 1    
9.75461959 1    
9.76751892 1    
9.78485791 1    
9.78637328 1    
9.78787639 1    
9.78911911 1    
9.79059996 1    
9.79069265 -1   
9.79485958 1    
9.79636449 1    
9.79761145 1    
9.79909231 1    
9.80059427 1    
9.80186061 1    
9.80334133 1    
9.80586217 1    
9.91779971 1    
9.92404989 1    
9.92554571 1    
9.94654028 1    
9.94805611 1    
9.94928014 1    
9.95075989 1    
9.95677719 1    
9.95828066 1    
9.95975096 1    
9.96700912 1    
9.96714145 -1   
9.96851949 1    
9.96976505 1    
9.97126665 1    
9.97276157 1    
9.97399180 1    
9.97826238 1    
9.97977448 1    
10.07126766 1    
10.07645865 1    
10.16101543 -1   
10.22132511 1    
10.90925169 1    
10.91017853 1    
11.06541747 1    
11.06633800 1    
17.31921722 1    
20.51339446 1    
20.94304247 -1   
