0.00000000 -1   
0.14894803 -1   
0.21916815 1    
0.36798203 1    
0.36829301 -1   
0.51598165 -1   
0.56574837 1    
0.66388563 -1   
0.80617279 1    
0.81152045 -1   
0.95806472 1    
1.07968531 -1   
1.23266278 1    
1.23314123 -1   
1.40800609 1    
1.40845180 -1   
1.59992066 1    
1.78733148 1    
1.78858453 -1   
2.21049528 1    
2.21192401 1    
2.21242097 1    
2.40100407 1    
2.40319106 -1   
2.55105906 -1   
2.80430136 1    
2.80453542 -1   
2.99960960 1    
3.11169716 1    
3.18750945 1    
3.22344417 -1   
3.23309892 -1   
3.37130461 -1   
3.66934824 1    
3.67060531 1    
3.67108610 1    
3.70559025 1    
3.70683893 1    
3.76128779 1    
3.76253230 1    
3.76405430 1    
3.76530613 1    
3.76879956 1    
3.82027205 1    
3.82150079 1    
3.82302065 1    
3.82426768 1    
3.82435300 -1   
3.85524038 1    
3.85647754 1    
3.85721455 1    
3.86524171 1    
3.90321055 1    
3.90444782 1    
3.91119873 1    
3.97193747 1    
3.97343145 1    
3.98218289 1    
3.98340634 1    
3.98492762 1    
3.99092361 1    
3.99215057 1    
4.01218951 1    
4.08092967 1    
4.08235015 1    
4.09166916 1    
4.09284155 1    
4.09436381 1    
4.11210873 1    
4.11224771 -1   
4.16127996 1    
4.19280474 1    
4.19405700 1    
4.19553635 1    
4.19703175 1    
4.19830471 1    
4.19978109 1    
4.30524403 1    
4.30646752 1    
4.30797184 1    
4.31321469 1    
4.31471861 1    
4.33197569 1    
4.33320500 1    
4.33471865 1    
4.34140557 1    
4.34150956 -1   
4.34320588 1    
4.34444673 1    
4.48015442 1    
4.48163873 1    
4.48314122 1    
4.48964071 1    
4.49113827 1    
4.49240217 1    
4.49388618 1    
4.49536146 1    
4.49663447 1    
4.49783343 1    
4.61382942 1    
4.61529166 1    
4.62331832 1    
4.62481056 1    
4.62629041 1    
4.62753611 1    
4.62905564 1    
4.63030272 1    
4.63180690 1    
4.63195204 -1   
4.63332974 1    
4.63453185 1    
4.63680266 1    
4.63829975 1    
4.63952618 1    
4.64537562 1    
4.72505821 1    
4.72648170 1    
4.73374939 1    
4.73524601 1    
4.74174490 1    
4.76123600 1    
4.76245777 1    
4.79360377 1    
4.79363423 -1   
4.82643043 1    
4.83693821 1    
4.83818686 1    
4.83969368 1    
4.84118669 1    
4.84243710 1    
4.94359547 1    
4.94363135 -1   
5.06908195 1    
5.07030543 1    
5.09267324 1    
5.18399957 1    
5.18523706 1    
5.20148318 1    
5.20297917 1    
5.21120866 1    
5.21244970 1    
5.21395306 1    
5.21544878 1    
5.21670126 1    
5.21819481 1    
5.21944728 1    
5.21953240 -1   
5.23219405 1    
5.23343744 1    
5.23493839 1    
5.23643596 1    
5.23768920 1    
5.24193269 1    
5.24343198 1    
5.24468259 1    
5.24618195 1    
5.24767911 1    
5.24892970 1    
5.25043747 1    
5.25193091 1    
5.26192374 1    
5.28228454 1    
5.30493495 1    
5.30639785 1    
5.32114218 1    
5.32263771 1    
5.32413091 1    
5.33113549 1    
5.33238164 1    
5.33390598 1    
5.41341349 -1   
5.45531625 1    
5.48005445 1    
5.48154454 1    
5.58426061 1    
5.58575569 1    
5.58725884 1    
5.61348017 1    
5.61474476 1    
5.61511088 1    
5.63321762 1    
5.63445643 1    
5.66097642 1    
5.66246258 1    
5.67721430 1    
5.67734133 -1   
5.72691164 1    
5.72817784 1    
5.72967669 1    
5.73665113 1    
5.73792340 1    
5.74616986 1    
5.74766651 1    
5.74916494 1    
5.75041434 1    
5.75191760 1    
5.75742778 1    
5.75894592 1    
5.76306366 1    
5.78465405 1    
5.78589429 1    
5.78739271 1    
5.79362157 1    
5.81338013 1    
5.81463175 1    
5.82362171 1    
5.82511947 1    
5.86964027 -1   
5.90511108 1    
5.90658377 1    
5.90782390 1    
5.90930063 1    
5.91080074 1    
5.91454637 1    
5.91604746 1    
5.91729717 1    
5.91879682 1    
5.92029381 1    
5.92156908 1    
5.92306517 1    
5.92430908 1    
5.92581355 1    
5.92729392 1    
5.92853943 1    
5.93006328 1    
5.93157422 1    
5.94130534 1    
5.94280366 1    
5.95183765 1    
5.95971607 -1   
5.98744646 -1   
5.99672788 -1   
5.99905081 1    
6.00050071 1    
6.01754394 -1   
6.07823060 1    
6.14742027 1    
6.14866550 1    
6.15016734 1    
6.16793405 1    
6.16942556 1    
6.17815081 1    
6.17816836 -1   
6.26464011 1    
6.48674839 1    
6.48824031 1    
6.48871492 1    
6.51298937 1    
6.51422569 1    
6.57644389 1    
6.57658083 -1   
6.57768840 1    
6.57919045 1    
6.58543936 1    
6.58669749 1    
6.58820623 1    
6.60121896 1    
6.60240714 1    
6.60392476 1    
6.60542597 1    
6.61392400 1    
6.63597739 1    
6.67338611 1    
6.67489012 1    
6.69264112 1    
6.69387626 1    
6.69537355 1    
6.70212521 1    
6.70362087 1    
6.70512237 1    
6.71311699 1    
6.72415488 -1   
6.81307984 1    
6.81453584 1    
6.81603158 1    
6.81728171 1    
6.82301722 1    
6.82477526 1    
6.82629687 1    
6.82752456 1    
6.83930899 1    
6.88928789 1    
6.89048952 1    
6.89201360 1    
6.89875720 1    
6.90000940 1    
6.90973139 1    
6.91098237 1    
6.91247585 1    
6.91897851 1    
6.91907039 -1   
6.96022151 1    
6.96144850 1    
6.97363353 1    
7.00568343 1    
7.00717424 1    
7.15372305 1    
7.21757660 1    
7.21905258 1    
7.22531401 1    
7.22654863 1    
7.22804819 1    
7.24379536 1    
7.24529514 1    
7.25353542 1    
7.25480413 1    
7.25628630 1    
7.25778174 1    
7.25789002 -1   
7.25902833 1    
7.26052647 1    
7.26177952 1    
7.26327799 1    
7.26477766 1    
7.26602353 1    
7.26752646 1    
7.27352410 1    
7.30220581 1    
7.32977714 1    
7.45347273 -1   
7.47668890 1    
7.92522206 1    
7.92611577 1    
8.28474722 1    
8.28589235 1    
11.53247951 1    
18.58017674 1    
23.09329645 -1   
