0.14551505 -1   
0.29602321 1    
0.29640298 -1   
0.44177663 1    
0.44181257 -1   
0.58699872 1    
0.58988735 1    
0.73668121 1    
0.73736531 -1   
0.89591655 1    
0.89637516 -1   
1.11756399 1    
1.11760359 -1   
1.28313851 1    
1.28317937 -1   
1.47273572 -1   
1.54296999 1    
1.62309855 -1   
1.73567164 1    
1.78182487 -1   
1.93018396 -1   
1.94848033 1    
2.09574826 1    
2.09623823 -1   
2.24208768 1    
2.24244826 -1   
2.28474202 -1   
2.39151495 1    
2.47440789 -1   
2.50108703 1    
2.52181468 1    
2.55855536 1    
2.57975433 1    
2.72686325 1    
2.72700378 -1   
2.90742014 -1   
2.95441595 1    
3.14060193 1    
3.14064534 -1   
3.21017712 1    
3.23515914 1    
3.28687499 1    
3.28968002 1    
3.28970295 -1   
3.49986549 1    
3.50018210 -1   
3.64780458 1    
3.64882450 -1   
3.79744360 1    
3.90842980 -1   
4.06404423 1    
4.06432172 -1   
4.11166341 1    
4.11312163 1    
4.17987299 1    
4.74608531 1    
4.74835068 -1   
4.89702357 -1   
5.04418573 -1   
5.15998592 1    
5.19057948 -1   
5.33782213 1    
5.33813690 -1   
5.45114414 1    
5.48656914 1    
5.52885851 -1   
5.53748534 -1   
5.63564649 1    
5.63596041 -1   
5.68552876 -1   
5.90833056 -1   
5.96085033 1    
5.96208622 1    
5.96247175 1    
5.97781351 1    
6.00482321 1    
6.00629037 1    
6.00756471 1    
6.11027297 1    
6.11175280 1    
6.12575142 1    
6.12609552 -1   
6.12699468 1    
6.15428076 1    
6.15572500 1    
6.19622564 1    
6.19770527 1    
6.25845351 1    
6.26492728 1    
6.27416736 1    
6.27421795 -1   
6.30264521 1    
6.30412057 1    
6.34439530 1    
6.34561874 1    
6.39634956 1    
6.39758699 1    
6.40708944 1    
6.41331926 1    
6.42207903 1    
6.45308354 1    
6.45339749 -1   
6.45428444 1    
6.49353976 1    
6.49501438 1    
6.54574234 1    
6.54723304 1    
6.54750255 -1   
6.56123256 1    
6.56247025 1    
6.60245868 1    
6.60372033 1    
6.61270239 1    
6.61274305 -1   
6.64920795 1    
6.65044288 1    
6.69917654 1    
6.70214174 1    
6.70364313 1    
6.71688919 1    
6.71840751 1    
6.75188952 1    
6.75336499 1    
6.76213194 1    
6.79835270 1    
6.79983913 1    
6.79999773 -1   
6.85057377 1    
6.85180538 1    
6.86483750 1    
6.86629756 1    
6.90003993 1    
6.90127778 1    
6.91003507 1    
6.91127332 1    
6.94776261 1    
6.94901852 1    
6.98881189 -1   
6.99975524 1    
7.00124293 1    
7.01423971 1    
7.01573518 1    
7.04922355 1    
7.05071509 1    
7.06069429 1    
7.06195564 1    
7.09693947 1    
7.09843586 1    
7.09854058 -1   
7.13471922 -1   
7.14941078 1    
7.15065731 1    
7.16390605 1    
7.16512779 1    
7.19913692 1    
7.20063033 1    
7.21012858 1    
7.21162235 1    
7.24636108 1    
7.24760592 1    
7.28138589 -1   
7.29883427 1    
7.30032113 1    
7.30730238 1    
7.31304856 1    
7.31454656 1    
7.35103841 1    
7.35227080 1    
7.36103747 1    
7.36253946 1    
7.39629400 1    
7.39751784 1    
7.44848553 1    
7.44852425 -1   
7.44971379 1    
7.46098580 1    
7.46221152 1    
7.49922694 1    
7.50045936 1    
7.50893663 1    
7.51018135 1    
7.54420273 1    
7.54540888 1    
7.59192744 1    
7.59338516 1    
7.59865086 1    
7.60913796 1    
7.61062348 1    
7.61076866 -1   
7.64789528 1    
7.64937136 1    
7.65685331 1    
7.65809522 1    
7.69210402 1    
7.69332575 1    
7.73983248 1    
7.74107019 1    
7.74657431 1    
7.74781899 1    
7.76005375 1    
7.76128570 1    
7.79804739 1    
7.79926689 1    
7.79953408 -1   
7.80701922 1    
7.80825815 1    
7.84151852 1    
7.84276515 1    
7.88897838 1    
7.89021365 1    
7.89597178 1    
7.89745925 1    
7.90245948 1    
7.90920607 1    
7.91045325 1    
7.94895991 1    
7.95017948 1    
7.95794921 1    
7.95798516 -1   
7.95917256 1    
7.99118778 1    
7.99268833 1    
8.04065674 1    
8.04215118 1    
8.04612598 1    
8.04739464 1    
8.05689078 1    
8.05838836 1    
8.09687656 1    
8.09811523 1    
8.10811656 1    
8.10814845 -1   
8.10936363 1    
8.13883035 1    
8.14032156 1    
8.18581825 1    
8.18731592 1    
8.19029335 1    
8.19181630 1    
8.19531323 1    
8.19655937 1    
8.20628615 1    
8.20755387 1    
8.24628029 1    
8.24778132 1    
8.25828288 1    
8.25840545 -1   
8.28724362 1    
8.33371601 1    
8.33523217 1    
8.33673056 1    
8.33971071 1    
8.34097797 1    
8.34522896 1    
8.34647577 1    
8.35671883 1    
8.35821670 1    
8.39795247 1    
8.39917487 1    
8.40994299 1    
8.40996255 -1   
8.48191979 1    
8.48315200 1    
8.48464732 1    
8.48612524 1    
8.48937153 1    
8.49339499 1    
8.50464579 1    
8.50481979 -1   
8.50611070 1    
8.53996782 -1   
8.55983844 1    
8.55986074 -1   
8.56909686 -1   
8.63258213 1    
8.63381129 1    
8.63531396 1    
8.63880902 1    
8.64006751 1    
8.64208284 1    
8.65255624 1    
8.69204971 1    
8.69325471 1    
8.71000071 1    
8.71004526 -1   
8.78037893 1    
8.89670376 -1   
8.99461613 1    
8.99587593 1    
9.04411634 -1   
9.08828786 1    
9.08978079 1    
9.11104000 1    
9.11226271 1    
9.11378400 1    
9.13178337 1    
9.13302364 1    
9.14377706 1    
9.14524866 1    
9.14651472 1    
9.14744942 1    
9.19054746 -1   
9.23770048 1    
9.23894167 1    
9.26021519 1    
9.26143185 1    
9.27945409 1    
9.28093892 1    
9.29167485 1    
9.29316396 1    
9.29441519 1    
9.29590909 1    
9.29741163 1    
9.29865938 1    
9.33700760 -1   
9.38720278 1    
9.38835944 1    
9.40987871 1    
9.41109810 1    
9.42886519 1    
9.43011115 1    
9.44158705 1    
9.44282843 1    
9.44432798 1    
9.44582333 1    
9.44857396 1    
9.45007333 1    
9.45132701 1    
9.48387861 -1   
9.53629975 1    
9.53777140 1    
9.56003501 1    
9.56125660 1    
9.57852902 1    
9.57999913 1    
9.59177156 1    
9.59326253 1    
9.59451064 1    
9.59601014 1    
9.59900600 1    
9.60023465 1    
9.63324919 1    
9.63330514 -1   
9.68594492 1    
9.68718540 1    
9.70892928 1    
9.71042337 1    
9.71592695 1    
9.72768912 1    
9.72916525 1    
9.74116669 1    
9.74241496 1    
9.74392780 1    
9.74542384 1    
9.74815191 1    
9.74942630 1    
9.78241019 1    
9.78244759 -1   
9.83488256 1    
9.85865776 1    
9.87314054 1    
9.90844914 -1   
9.97286203 -1   
10.02128752 1    
10.11803380 -1   
10.16944219 1    
10.31545684 1    
10.31576056 -1   
10.38156967 1    
10.38281139 1    
10.46231829 1    
10.50450468 1    
10.50482488 -1   
10.50574407 1    
10.66146604 1    
10.87361249 1    
10.90861159 -1   
11.11950132 1    
11.11976101 -1   
11.48809030 -1   
11.69016788 1    
11.69048152 -1   
11.90843539 -1   
11.93575851 1    
12.12642271 1    
12.12673919 -1   
12.30708025 1    
12.30736589 -1   
12.90892913 -1   
12.91020341 1    
13.09637120 1    
13.09668174 -1   
13.35921908 1    
13.35953315 -1   
13.76075034 1    
13.90935539 -1   
14.05855915 1    
14.05885230 -1   
14.32116433 1    
14.32149228 -1   
14.68270491 1    
14.90984699 -1   
15.06323802 1    
15.06352847 -1   
15.42208873 -1   
15.62592158 1    
15.62624630 -1   
15.86229222 1    
15.91117689 -1   
16.07213962 1    
16.07242857 -1   
16.26053354 1    
16.26084461 -1   
16.55561336 1    
21.89125927 -1   
25.44882121 -1   
