0.00000000 -1   
0.20787983 1    
0.20804488 -1   
0.38044827 1    
0.38048635 -1   
0.61035263 -1   
0.76555628 1    
0.76585564 -1   
0.97344557 1    
0.97376116 -1   
1.41310766 -1   
1.45094342 1    
1.63784397 1    
1.63815719 -1   
1.86897765 1    
2.41431236 -1   
2.57378727 1    
2.57408656 -1   
2.75294733 1    
2.75327306 -1   
2.94957478 1    
7.79467869 -1   
8.39672626 1    
8.39724171 -1   
8.58635709 1    
8.63023112 1    
8.66071817 1    
8.73068107 1    
8.78030990 1    
9.73570002 1    
9.73603118 -1   
9.89983462 1    
9.94125284 -1   
10.13344806 1    
10.16533077 1    
10.17932919 1    
10.18092696 -1   
10.19331948 1    
10.31292587 1    
10.58213790 1    
10.58334127 1    
10.58394845 1    
10.75146254 1    
10.75372270 -1   
10.92420596 -1   
11.39017810 1    
11.39046700 -1   
11.49959546 1    
11.54244021 1    
11.58170323 -1   
11.59042795 -1   
11.72775242 -1   
11.94984143 1    
11.95132895 1    
11.95170868 1    
11.97707037 1    
11.97857056 1    
11.98006215 1    
11.98131529 1    
11.98281179 1    
12.09981645 1    
12.10122221 1    
12.12496635 1    
12.12645643 1    
12.12820933 1    
12.12970182 1    
12.13095833 1    
12.13106171 -1   
12.13245410 1    
12.24939235 1    
12.25090334 1    
12.27437868 1    
12.27764505 1    
12.27889391 1    
12.28663793 1    
12.32387006 1    
12.40055680 1    
12.42331895 1    
12.42481209 1    
12.42630835 1    
12.42780568 1    
12.43505786 1    
12.57120655 1    
12.57295383 1    
12.57313167 -1   
12.57420094 1    
12.58221917 1    
12.58371761 1    
12.71939973 1    
12.72089112 1    
12.72239124 1    
12.73014166 1    
12.73162867 1    
12.77109659 1    
12.86757135 1    
12.86880904 1    
12.87030680 1    
12.87180016 1    
12.87805143 1    
12.88781478 1    
12.91878948 1    
13.01648903 1    
13.01822125 1    
13.01838943 -1   
13.02121787 1    
13.02271689 1    
13.03697053 1    
13.11890250 1    
13.12013960 1    
13.16612057 1    
13.16761193 1    
13.17061287 1    
13.17210866 1    
13.18535366 1    
13.24109233 1    
13.26683494 1    
13.31428536 1    
13.31578490 1    
13.33327383 1    
13.38902001 1    
13.41475197 1    
13.46195236 1    
13.46214424 -1   
13.48121282 1    
13.48267946 1    
13.48842906 1    
13.53665479 1    
13.56291081 1    
13.61011560 1    
13.63037688 1    
13.63041322 -1   
13.63186611 1    
13.67607496 1    
13.67756685 1    
13.68531803 1    
13.71130368 1    
13.75953186 1    
13.78178656 1    
13.82024471 1    
13.82550488 1    
13.82700210 1    
13.85929026 1    
13.85944876 -1   
13.86073850 1    
13.86598638 1    
13.92995449 1    
13.93117167 1    
13.97341003 1    
13.97490218 1    
14.00691182 1    
14.01540248 1    
14.07911695 1    
14.08061191 1    
14.12260252 1    
14.12406616 1    
14.16331642 1    
14.16479102 1    
14.21680508 1    
14.22701406 1    
14.27200986 1    
14.31146934 1    
14.31165446 -1   
14.31296110 1    
14.36596279 1    
14.37619859 1    
14.42015397 1    
14.45942251 1    
14.50013222 1    
14.50161941 1    
14.51387171 1    
14.52536292 1    
14.56809455 1    
14.60704782 1    
14.64804488 1    
14.64954017 1    
14.65078557 1    
14.66176745 1    
14.67327792 1    
14.71650538 1    
14.79644130 1    
14.79792794 1    
14.79920278 1    
14.79929544 -1   
14.80069842 1    
14.82119332 1    
14.82268759 1    
14.90537489 1    
14.90686409 1    
14.94937313 1    
14.95086731 1    
14.96135885 1    
14.97160474 1    
14.97285584 1    
15.01758149 1    
15.05580793 1    
15.05728267 1    
15.09903482 1    
15.10052961 1    
15.11949969 1    
15.11968350 -1   
15.12077061 1    
15.16097825 1    
15.20497591 1    
15.20646657 1    
15.24818017 1    
15.24967063 1    
15.27041310 1    
15.27190597 1    
15.31538875 1    
15.31688029 1    
15.35439387 1    
15.35587946 1    
15.39761661 1    
15.39883588 1    
15.41986131 1    
15.42109771 1    
15.46480969 1    
15.46632089 1    
15.46642295 -1   
15.50380925 1    
15.50504764 1    
15.54678472 1    
15.54802605 1    
15.56902050 1    
15.57050830 1    
15.61522483 1    
15.61673435 1    
15.65321573 1    
15.65470998 1    
15.65696140 1    
15.66663994 -1   
15.69621037 1    
15.69768394 1    
15.71841287 1    
15.71992094 1    
15.76438523 1    
15.76589600 1    
15.79105905 -1   
15.80339031 1    
15.80487194 1    
15.80499177 -1   
15.81515468 -1   
15.81710529 1    
15.81712467 -1   
15.84634181 1    
15.84783408 1    
15.86783022 1    
15.86931736 1    
15.91408053 1    
15.91555530 1    
15.95380188 1    
15.95528654 1    
15.96778386 1    
15.96780116 -1   
15.96928541 1    
15.99604425 1    
16.10077202 1    
16.14389658 1    
16.20114596 1    
16.20264144 1    
16.26963074 1    
16.26979440 -1   
16.27109027 1    
16.27258477 1    
16.27385156 1    
16.27533216 1    
16.28960516 1    
16.29207716 1    
16.29359246 1    
16.35179997 1    
16.35328816 1    
16.38380762 1    
16.41928114 1    
16.42127969 1    
16.42277414 1    
16.42400340 1    
16.42552042 1    
16.44076710 1    
16.44224115 1    
16.48222582 1    
16.48240336 -1   
16.50123389 1    
16.56747108 1    
16.56893732 1    
16.57196105 1    
16.57343873 1    
16.57493364 1    
16.57616084 1    
16.59244114 1    
16.59392666 1    
16.63595835 1    
16.69387867 1    
16.69512132 1    
16.72336508 1    
16.72533153 1    
16.72933306 1    
16.73084569 1    
16.74859769 1    
16.78882644 1    
16.85129631 1    
16.85145442 -1   
16.85277854 1    
16.88251629 1    
16.88450992 1    
16.88825761 1    
16.89700827 1    
16.90724830 1    
16.94897884 1    
16.95021856 1    
17.00952454 1    
17.04096353 1    
17.04215280 1    
17.04717032 1    
17.04866454 1    
17.06641818 1    
17.06791057 1    
17.10461917 1    
17.10588963 1    
17.10602903 -1   
17.11288448 1    
17.18931552 1    
17.19081053 1    
17.19531335 1    
17.19680874 1    
17.21431846 1    
17.21579689 1    
17.25778501 1    
17.25902214 1    
17.26128679 1    
17.26283801 1    
17.30678481 1    
17.34076611 1    
17.34099095 1    
25.18050457 -1   
