0.00000000 1    
0.21454988 -1   
0.21470752 1    
0.36124450 -1   
0.36128735 1    
0.50945862 -1   
0.50949412 1    
0.70122776 -1   
0.73786779 -1   
0.76585290 -1   
0.79410143 -1   
0.82715005 1    
0.88415679 -1   
1.08554299 -1   
1.08585126 1    
1.23569109 -1   
1.23600574 1    
1.38311584 -1   
1.38343085 1    
1.64395803 -1   
1.82728764 1    
1.82986547 -1   
1.97352984 1    
1.98002140 -1   
2.16216703 1    
2.35656638 -1   
2.35687646 1    
2.40600390 -1   
2.40742414 -1   
2.50351143 -1   
2.55781912 -1   
2.56013902 1    
2.70329957 -1   
2.70676877 1    
2.99770240 -1   
3.21223567 -1   
3.21251748 1    
3.21346537 -1   
3.23025846 -1   
3.27380336 1    
3.35925520 1    
3.83212468 -1   
3.83336191 -1   
3.83371684 -1   
3.84458300 -1   
3.84611047 -1   
3.85334687 -1   
3.85460090 -1   
3.85609657 -1   
3.85760289 -1   
3.98134609 -1   
3.98252811 -1   
3.98652563 -1   
3.99252306 -1   
3.99264077 1    
3.99374692 -1   
3.99726809 -1   
4.00126326 -1   
4.00276006 -1   
4.00451504 -1   
4.00573725 -1   
4.00726198 -1   
4.04525577 -1   
4.12921849 -1   
4.13318886 -1   
4.13468558 -1   
4.13593346 -1   
4.14118708 -1   
4.14517892 -1   
4.14643422 -1   
4.15092688 -1   
4.15243534 -1   
4.15390384 -1   
4.15517950 -1   
4.15528756 1    
4.19317604 -1   
4.19465164 -1   
4.28093409 -1   
4.28235375 -1   
4.28385565 -1   
4.28510459 -1   
4.28933011 -1   
4.29334740 -1   
4.29459823 -1   
4.29909296 -1   
4.30032224 -1   
4.30184118 -1   
4.30334242 -1   
4.30533788 -1   
4.34257909 -1   
4.34406515 -1   
4.43029404 -1   
4.43176743 -1   
4.43190092 1    
4.43301958 -1   
4.43452201 -1   
4.44126608 -1   
4.44276021 -1   
4.44700994 -1   
4.44825205 -1   
4.44973459 -1   
4.45125498 -1   
4.45298795 -1   
4.45450433 -1   
4.49199433 -1   
4.49323198 -1   
4.57972643 -1   
4.58091432 -1   
4.58240823 -1   
4.58390688 -1   
4.59044445 -1   
4.59190288 -1   
4.59642318 -1   
4.59655710 1    
4.59765325 -1   
4.59917358 -1   
4.60064901 -1   
4.60239737 -1   
4.60364813 -1   
4.64113842 -1   
4.64237789 -1   
4.72859225 -1   
4.73007495 -1   
4.73183080 -1   
4.73334102 -1   
4.73982817 -1   
4.74131756 -1   
4.74682287 -1   
4.74685791 1    
4.74831477 -1   
4.74981450 -1   
4.75108600 -1   
4.75256177 -1   
4.79007468 -1   
4.79130560 -1   
4.83802274 -1   
4.87799372 -1   
4.87951111 -1   
4.88101213 -1   
4.88251205 -1   
4.88902060 -1   
4.89050666 -1   
4.89598217 -1   
4.89600956 1    
4.89772997 -1   
4.89925339 -1   
4.90075065 -1   
4.90197434 -1   
4.93921348 -1   
4.94047490 -1   
5.02593197 -1   
5.02742665 -1   
5.02890816 -1   
5.03015079 -1   
5.03690230 -1   
5.03839886 -1   
5.04490081 -1   
5.04493768 1    
5.04641433 -1   
5.04791907 -1   
5.04914616 -1   
5.05066304 -1   
5.05193528 -1   
5.08839886 -1   
5.08962800 -1   
5.17536065 -1   
5.17684393 -1   
5.17809283 -1   
5.17958667 -1   
5.18608800 -1   
5.18758270 -1   
5.19531345 -1   
5.19534072 1    
5.19655871 -1   
5.19805783 -1   
5.19957895 -1   
5.20080516 -1   
5.23674577 -1   
5.23803654 -1   
5.28655359 -1   
5.32551766 -1   
5.32673275 -1   
5.32825475 -1   
5.32976033 -1   
5.33550010 -1   
5.33675402 -1   
5.34449594 -1   
5.34599820 -1   
5.34724203 -1   
5.34736085 1    
5.34875986 -1   
5.35024012 -1   
5.38602771 -1   
5.38722226 -1   
5.47371062 -1   
5.47492416 -1   
5.47642172 -1   
5.47792670 -1   
5.48316993 -1   
5.48466592 -1   
5.49514083 -1   
5.49641287 -1   
5.49815709 -1   
5.49940781 -1   
5.53512747 -1   
5.53636798 -1   
5.62309338 -1   
5.62431456 -1   
5.62606812 -1   
5.62731483 -1   
5.63231251 -1   
5.63381180 -1   
5.64308394 -1   
5.64607005 -1   
5.64756804 -1   
5.64772850 1    
5.77127198 -1   
5.77272935 -1   
5.77398006 -1   
5.77547565 -1   
5.78024373 -1   
5.78172598 -1   
5.79099430 -1   
5.79498818 -1   
5.79649140 -1   
5.83682694 1    
5.84177543 1    
5.86572288 1    
5.92068359 -1   
5.92084373 1    
5.92192768 -1   
5.92341603 -1   
5.92491996 -1   
5.92966392 -1   
5.93092736 -1   
5.94291244 -1   
5.94415146 -1   
5.95015866 -1   
5.98693886 1    
6.06909086 -1   
6.07033494 -1   
6.07182805 -1   
6.07333364 -1   
6.07758273 -1   
6.07796188 -1   
6.21700799 -1   
6.31746481 -1   
6.36515446 -1   
6.36636270 -1   
6.36660599 1    
6.36914417 -1   
6.37065767 -1   
6.37192251 -1   
6.37340067 -1   
6.46513629 -1   
6.51309970 -1   
6.51857920 -1   
6.52029070 -1   
6.52158708 -1   
6.52280157 -1   
6.52432501 -1   
6.52557385 -1   
6.65252468 -1   
6.66099775 -1   
6.66672351 -1   
6.66946859 -1   
6.67096898 -1   
6.67247738 -1   
6.67371835 -1   
6.67382023 1    
6.67521511 -1   
6.67648219 -1   
6.80941951 -1   
6.81090589 -1   
6.81741031 -1   
6.81890081 -1   
6.82063495 -1   
6.82188154 -1   
6.82388209 -1   
6.82512627 -1   
6.82662597 -1   
6.95909244 -1   
6.96032072 -1   
6.96707366 -1   
6.96856817 -1   
6.96979778 -1   
6.97132594 -1   
6.97307361 -1   
6.97456124 -1   
6.97467432 1    
7.01429933 -1   
7.10830134 -1   
7.10974003 -1   
7.11648347 -1   
7.11770961 -1   
7.11925255 -1   
7.12075236 -1   
7.12271275 -1   
7.12423193 -1   
7.20145683 -1   
7.26091864 -1   
7.26237995 -1   
7.26989942 -1   
7.27140063 -1   
7.27339733 -1   
7.27489093 -1   
7.27689536 -1   
7.27838278 -1   
7.27846898 1    
7.39014955 -1   
7.39158434 -1   
7.41054880 -1   
7.41179167 -1   
7.42058182 -1   
7.42178629 -1   
7.42406178 -1   
7.42555937 -1   
7.42778644 -1   
7.42927517 -1   
7.42929622 1    
7.94858350 -1   
7.94945945 -1   
8.00949279 -1   
8.09664464 -1   
13.57545053 -1   
20.90627084 -1   
25.74517717 -1   
