0.00000000 -1   
0.48538356 1    
0.63756549 -1   
0.74997227 1    
0.78414623 -1   
0.89612963 1    
0.93180484 -1   
1.06799648 1    
1.07821063 1    
1.10741563 1    
1.12365296 1    
1.12515192 1    
1.22501471 1    
1.22545276 -1   
1.41179408 -1   
1.41757948 1    
1.63779238 -1   
1.66563930 1    
1.69358977 1    
1.76329881 1    
1.81324171 1    
1.81354941 -1   
1.98827270 1    
1.98858518 -1   
2.13843177 1    
2.13872377 -1   
2.34006004 1    
2.52621549 1    
2.52741962 -1   
3.24999192 1    
3.25143596 1    
3.25181204 1    
3.43877448 1    
3.44097441 -1   
3.80477882 -1   
3.84704946 1    
3.95184952 -1   
4.31644372 1    
4.35933303 1    
4.88093888 1    
4.92082253 -1   
4.93059294 -1   
5.06671785 -1   
5.31657870 1    
5.31800536 1    
5.31895189 1    
5.32700110 1    
5.32849601 1    
5.33852892 1    
5.46674816 1    
5.47492131 1    
5.47641230 1    
5.47941162 1    
5.48667276 1    
5.61560912 1    
5.62333130 1    
5.62757701 1    
5.62907238 1    
5.62922838 -1   
5.63457420 1    
5.76403209 1    
5.77124415 1    
5.77549135 1    
5.78648676 1    
5.82322062 1    
5.92247787 1    
5.92365726 1    
5.93590281 1    
5.93739348 1    
6.02761839 1    
6.02909356 1    
6.07207942 1    
6.07356770 1    
6.17702743 1    
6.17851096 1    
6.22373743 1    
6.22523211 1    
6.33492267 1    
6.33666697 1    
6.33678248 -1   
6.48661201 1    
6.49085392 1    
6.63480682 1    
6.64051889 1    
6.78345600 1    
6.79018766 1    
6.93187201 1    
6.93332977 1    
6.93860091 1    
7.08052937 1    
7.08201699 1    
7.08751243 1    
7.22843024 1    
7.22991313 1    
7.23517198 1    
7.23530765 -1   
7.37686621 1    
7.37882794 1    
7.38382753 1    
7.52652744 1    
7.52800993 1    
7.52892247 1    
7.57149026 1    
7.67591439 1    
7.67742158 1    
7.68716813 1    
7.75863553 1    
7.76012421 1    
7.82560423 1    
7.82708687 1    
7.88485626 1    
7.90780120 1    
7.90926949 1    
7.90940474 -1   
7.97552402 1    
7.97697966 1    
8.05672808 1    
8.05793384 1    
8.06070424 1    
8.06071878 -1   
8.06193260 1    
8.12491179 1    
8.12639410 1    
8.20713515 1    
8.20861800 1    
8.21884872 1    
8.24960190 1    
8.27434459 1    
8.35654889 1    
8.35801528 1    
8.36052710 1    
8.39750255 1    
8.39899042 1    
8.47347684 1    
8.50751314 1    
8.50775435 -1   
8.50867838 1    
8.54693759 1    
8.62139349 1    
8.65562068 1    
8.69458117 1    
8.69606895 1    
8.80354315 1    
8.80502856 1    
8.80653017 1    
8.80776153 1    
8.84402813 1    
8.84550591 1    
8.95268354 1    
8.95417183 1    
8.95569621 1    
8.95719153 1    
8.95733514 -1   
8.99367720 1    
8.99491912 1    
9.10235601 1    
9.10358338 1    
9.10533206 1    
9.14337341 1    
9.14458920 1    
9.14608566 1    
9.25152567 1    
9.25300430 1    
9.29150052 1    
9.29272852 1    
9.29423060 1    
9.29547869 1    
9.43969837 1    
9.44089641 1    
9.44339686 1    
9.44466349 1    
9.58764730 1    
9.58781888 -1   
9.58908348 1    
9.59032907 1    
9.59181872 1    
9.61931794 1    
9.62056574 1    
9.73556471 1    
9.73827979 1    
9.73949801 1    
9.76725928 1    
9.76873456 1    
9.81071632 1    
9.88367526 1    
9.88838923 1    
9.89838564 1    
9.91515710 1    
9.91664328 1    
9.95663536 1    
9.95677458 -1   
10.03162374 1    
10.03308181 1    
10.04632156 1    
10.04781679 1    
10.06456449 1    
10.06607180 1    
10.10678037 1    
10.18099046 1    
10.18250931 1    
10.19546637 1    
10.19696129 1    
10.21395906 1    
10.21545090 1    
10.29471139 1    
10.33048001 1    
10.33190249 1    
10.34538576 1    
10.34662771 1    
10.34674949 -1   
10.36337175 1    
10.36486388 1    
10.48062217 1    
10.48207255 1    
10.49455261 1    
10.49580615 1    
10.49732174 1    
10.49733626 -1   
10.51281364 1    
10.51430293 1    
10.63000936 1    
10.63148330 1    
10.64370750 1    
10.64522589 1    
10.64822565 1    
10.66221746 1    
10.66371841 1    
10.66494194 1    
10.69513651 -1   
10.73282176 -1   
10.74302038 -1   
10.76909558 -1   
10.77963452 1    
10.78087560 1    
10.79288157 1    
10.79439054 1    
10.80986430 1    
10.81137551 1    
10.81362439 1    
10.81510645 1    
10.88113627 -1   
10.92906387 1    
10.93055652 1    
10.94230771 1    
10.94378396 1    
10.95928021 1    
10.96077267 1    
10.96277434 1    
10.96429155 1    
11.07852881 1    
11.07995848 1    
11.09170816 1    
11.09206788 1    
11.09218748 -1   
11.16743692 1    
11.16892769 1    
11.17665574 1    
11.17814995 1    
11.18667221 1    
11.22787938 1    
11.22936967 1    
11.23853610 1    
11.27663254 1    
11.32459331 1    
11.32581925 1    
11.34156089 1    
11.34280626 1    
11.40377952 1    
11.40527048 1    
11.40677478 1    
11.40801632 1    
11.41302009 1    
11.41309640 -1   
11.49397268 1    
11.49548836 1    
11.51396709 1    
11.51548205 1    
11.53946819 1    
11.56245769 1    
11.56395500 1    
11.56544797 1    
11.56669708 1    
11.56819803 1    
11.64570639 1    
11.64715630 1    
11.66464481 1    
11.71036774 1    
11.71159302 1    
11.71336941 1    
11.71484612 1    
11.71611529 1    
11.71761372 1    
11.71886320 1    
11.79559021 1    
11.79681963 1    
11.85205600 1    
11.85853534 1    
11.85871795 -1   
11.85976249 1    
11.86328040 1    
11.86450664 1    
11.94423004 1    
11.94546238 1    
12.00044326 1    
12.00668043 1    
12.01119654 1    
12.01269157 1    
12.05168955 1    
12.05317515 1    
12.09216228 1    
12.09230831 -1   
12.10239973 1    
12.14863297 1    
12.15461269 1    
12.15936117 1    
12.19957200 1    
12.20106396 1    
12.20231531 1    
12.20381155 1    
12.24010722 1    
12.29651469 1    
12.29801057 1    
12.30727813 1    
12.30876060 1    
12.34950782 1    
12.35098037 1    
12.35123100 1    
18.37071716 1    
23.82622873 -1   
