0.00000000 1    
3.26411373 -1   
3.41127336 -1   
3.45976443 1    
3.56840676 -1   
3.61792467 1    
3.72157084 -1   
3.76817161 1    
3.91534500 1    
3.91589070 -1   
4.06294642 -1   
4.14828600 1    
4.14976676 1    
4.15071793 1    
4.15826258 1    
4.29512963 -1   
4.30372402 1    
4.46508579 1    
4.48885760 1    
4.48914530 -1   
4.65663194 1    
4.67447997 1    
4.67597033 1    
4.71294664 1    
4.71327128 -1   
4.82214149 1    
4.90114601 -1   
5.35518013 1    
5.35617870 -1   
5.80664901 1    
5.80807065 1    
5.80844685 1    
5.81686320 -1   
5.96389304 1    
6.14976240 1    
6.15008654 -1   
6.34112608 1    
6.34143971 -1   
6.57272943 1    
6.57303281 -1   
6.84485256 1    
6.84516160 -1   
7.13055420 1    
7.13158731 -1   
7.28304081 -1   
7.43544662 -1   
7.60088900 1    
7.60114914 -1   
7.82494410 1    
7.82522376 -1   
7.91938270 1    
7.97220951 1    
8.01737281 -1   
8.02396793 -1   
8.11811083 1    
8.18251859 -1   
8.48294822 1    
8.49204228 1    
8.49353736 1    
8.49478296 1    
8.50178306 1    
8.50327782 1    
8.52077611 1    
8.52201935 1    
8.54500725 1    
8.58973957 1    
8.63695891 1    
8.63819637 1    
8.64444998 1    
8.64594151 1    
8.64719495 1    
8.64727020 -1   
8.64895260 1    
8.65418825 1    
8.65568850 1    
8.65718654 1    
8.67167842 1    
8.69492096 1    
8.69641681 1    
8.78289429 1    
8.78811447 1    
8.78961257 1    
8.79660679 1    
8.79785557 1    
8.79935777 1    
8.80560806 1    
8.80684992 1    
8.80835451 1    
8.80985006 1    
8.81110220 1    
8.81119661 -1   
8.84683527 1    
8.84832571 1    
8.89306345 1    
8.95303573 1    
8.95426803 1    
8.96026612 1    
8.96201367 1    
8.96326044 1    
8.96476169 1    
8.96600817 1    
8.97175940 1    
8.97300689 1    
8.97500939 1    
8.97625244 1    
8.97850471 1    
9.01306867 1    
9.01423613 1    
9.01433949 -1   
9.11245262 1    
9.11392602 1    
9.11742610 1    
9.11892120 1    
9.12042391 1    
9.12167025 1    
9.12316923 1    
9.12466849 1    
9.12591961 1    
9.12966631 1    
9.13117054 1    
9.13266538 1    
9.13391569 1    
9.16993321 1    
9.17139514 1    
9.17289401 1    
9.26187231 1    
9.26333961 1    
9.26349317 -1   
9.26684207 1    
9.26833546 1    
9.27283510 1    
9.27433573 1    
9.27808972 1    
9.27958610 1    
9.28108046 1    
9.28258458 1    
9.31907101 1    
9.32056027 1    
9.32180554 1    
9.32330815 1    
9.32480893 1    
9.41126802 1    
9.41275708 1    
9.41650553 1    
9.41651849 -1   
9.41800335 1    
9.42100193 1    
9.42649626 1    
9.42799790 1    
9.42924787 1    
9.43074544 1    
9.43199281 1    
9.46775505 1    
9.46922780 1    
9.47222157 1    
9.47396837 1    
9.56068372 1    
9.56591992 1    
9.56593615 -1   
9.57491574 1    
9.57641107 1    
9.57791014 1    
9.57915900 1    
9.58066223 1    
9.61789744 1    
9.61963843 1    
9.62288566 1    
9.62413269 1    
9.70859917 1    
9.71484383 1    
9.71485781 -1   
9.71633241 1    
9.72407725 1    
9.72558909 1    
9.72707656 1    
9.72832654 1    
9.76656017 1    
9.76805329 1    
9.77080903 1    
9.77230017 1    
9.81404205 1    
9.81552507 1    
9.85676355 1    
9.86475030 1    
9.87199992 1    
9.87499089 1    
9.87649159 1    
9.91422377 1    
9.91571883 1    
9.91896948 1    
9.92021525 1    
9.96145283 1    
9.96319140 1    
9.96469086 1    
9.96618965 1    
10.01591702 1    
10.01741210 1    
10.02340889 1    
10.02490747 1    
10.02615334 1    
10.06239444 1    
10.06256145 -1   
10.06388498 1    
10.06862957 1    
10.10961216 1    
10.11260377 1    
10.11385429 1    
10.17108062 1    
10.17282540 1    
10.17431920 1    
10.21006777 1    
10.21629881 1    
10.21631741 -1   
10.21779668 1    
10.26107229 1    
10.26227216 1    
10.30151532 1    
10.31899058 1    
10.32073473 1    
10.32198656 1    
10.32348232 1    
10.35823762 1    
10.36621257 1    
10.36635437 -1   
10.40970574 1    
10.41118235 1    
10.44917921 1    
10.45066117 1    
10.47190101 1    
10.47340114 1    
10.47489695 1    
10.47614553 1    
10.47839725 1    
10.51862501 1    
10.55935301 1    
10.56084826 1    
10.59907984 1    
10.60057768 1    
10.62132148 1    
10.62281277 1    
10.62406420 1    
10.62556264 1    
10.66579968 1    
10.70502561 1    
10.71351540 1    
10.71374189 -1   
10.71501223 1    
10.75374973 1    
10.76169200 -1   
10.77498275 1    
10.77922669 1    
10.79019822 -1   
10.81753201 1    
10.85849410 1    
10.86619496 1    
10.86670166 -1   
10.90716118 1    
10.90864914 1    
10.93031633 1    
11.26573716 1    
11.26719987 1    
11.26745176 1    
11.31792741 1    
11.34965448 1    
11.37313750 1    
11.37463609 1    
11.41411985 1    
11.41585933 1    
11.41736219 1    
11.42111477 1    
11.46585342 1    
11.49861260 1    
11.51780882 1    
11.51796150 -1   
11.52255247 1    
11.56204718 1    
11.56402423 1    
11.61401163 1    
11.64699856 1    
11.66572588 1    
11.70995976 1    
11.71119515 1    
11.76067361 1    
11.76085581 -1   
11.76491099 1    
11.79514917 1    
11.79664534 1    
11.81388708 1    
11.85836758 1    
11.86560845 1    
11.90887104 1    
11.94382632 1    
11.94531202 1    
11.96382957 1    
11.96505072 1    
12.01429042 1    
12.01576810 1    
12.09223563 1    
12.09324011 1    
12.11202347 1    
12.11346501 1    
12.16422814 1    
12.16568623 1    
12.24140210 1    
12.24263682 1    
12.26138304 1    
12.26287800 1    
12.31211110 1    
12.31759499 1    
12.35608162 1    
12.35622978 -1   
12.38981399 1    
12.40960987 1    
12.46552672 1    
12.50399917 1    
12.55771025 1    
12.55895556 1    
12.59142175 -1   
12.65191397 1    
12.65340431 1    
12.65465331 1    
12.65613912 1    
12.65624438 -1   
12.70689173 1    
12.70837103 1    
12.73813994 -1   
12.80161776 1    
12.80306917 1    
12.80431889 1    
12.80581778 1    
12.85630671 1    
12.85753669 1    
12.95125441 1    
12.95273573 1    
12.95275969 1    
13.13985498 1    
13.18960449 1    
13.28830226 1    
13.43670854 1    
17.17391600 -1   
21.50478790 -1   
22.94414197 1    
22.94457687 -1   
25.36287627 -1   
