0.00000000 1    
0.14724529 1    
0.25659316 -1   
0.26628429 1    
0.29438446 1    
0.40289436 -1   
0.43953294 1    
0.54493712 -1   
0.58620690 -1   
0.58635398 1    
0.73467383 -1   
0.78035760 1    
1.00163378 -1   
1.00210590 1    
1.14816693 1    
1.30410857 -1   
1.30437167 1    
1.46157012 -1   
1.46259205 1    
1.69012155 -1   
1.69041388 1    
1.93742804 -1   
1.93890065 -1   
1.93983122 -1   
2.13578037 -1   
2.13803200 1    
2.28427974 1    
3.00556876 -1   
3.00582460 1    
3.10202791 -1   
3.15157211 -1   
3.18842036 1    
3.19729554 1    
3.34115060 1    
3.68989361 -1   
3.69114578 -1   
3.69152124 -1   
3.72661211 -1   
3.72810775 -1   
3.76483848 -1   
3.76608425 -1   
3.78334429 -1   
3.83932576 -1   
3.84056031 -1   
3.87454865 -1   
3.87601985 -1   
3.91282139 -1   
3.91428022 -1   
3.91440928 1    
3.93128259 -1   
3.93275867 -1   
3.94629224 -1   
3.98822965 -1   
3.98970420 -1   
4.02396268 -1   
4.02543678 -1   
4.06221032 -1   
4.06368709 -1   
4.08065889 -1   
4.08214956 -1   
4.13441720 -1   
4.13687034 -1   
4.14039324 -1   
4.17189022 -1   
4.18036939 -1   
4.21009940 -1   
4.21160279 -1   
4.21173817 1    
4.23034229 -1   
4.23183516 -1   
4.28482272 -1   
4.28605527 -1   
4.32004426 -1   
4.32153426 -1   
4.35853002 -1   
4.35974170 -1   
4.36176650 -1   
4.37975289 -1   
4.38100394 -1   
4.43547753 -1   
4.43696839 -1   
4.47021562 -1   
4.47145144 -1   
4.50766756 -1   
4.50893406 -1   
4.52765355 -1   
4.52777109 1    
4.52889721 -1   
4.57020873 -1   
4.58639315 -1   
4.58786421 -1   
4.61937159 -1   
4.62084176 -1   
4.65683263 -1   
4.65810239 -1   
4.67691844 -1   
4.71829824 -1   
4.71978844 -1   
4.72106059 -1   
4.73580830 -1   
4.73704183 -1   
4.76877335 -1   
4.80649785 -1   
4.80800608 -1   
4.86621286 -1   
4.86745210 -1   
4.86897510 -1   
4.87045167 -1   
4.88596582 -1   
4.88721287 -1   
4.91844609 -1   
4.95492894 -1   
4.95513058 1    
4.95617505 -1   
5.01414624 -1   
5.01839189 -1   
5.03386437 -1   
5.03513121 -1   
5.06684930 -1   
5.10284884 -1   
5.16255358 -1   
5.16259430 1    
5.16678274 -1   
5.18204840 -1   
5.19205927 -1   
5.21557264 -1   
5.21700381 -1   
5.25075670 -1   
5.31173999 -1   
5.33096627 -1   
5.33112494 1    
5.36396616 -1   
5.36543822 -1   
5.39894316 -1   
5.46138791 -1   
5.47987752 -1   
5.51334994 -1   
5.51483577 -1   
5.60829410 -1   
5.61428077 -1   
5.61552729 -1   
5.66502753 -1   
5.75622641 -1   
5.76196743 -1   
5.76346314 -1   
5.81349615 -1   
5.83317688 -1   
5.83331316 1    
5.90990769 -1   
5.91138484 -1   
5.96135493 -1   
5.98109742 -1   
6.05780891 -1   
6.05927563 -1   
6.10950355 -1   
6.12901140 -1   
6.13025377 -1   
6.20774152 -1   
6.20918993 -1   
6.25816699 -1   
6.35713792 -1   
6.35862312 -1   
6.40811469 -1   
6.50506580 -1   
6.50651827 -1   
6.50664555 1    
6.55624516 -1   
6.65346816 -1   
6.65495495 -1   
6.65643597 -1   
6.70866521 -1   
6.80113423 -1   
6.80412138 -1   
6.80562446 -1   
6.80680921 -1   
6.85635389 -1   
6.94904614 -1   
6.95203564 -1   
6.95503498 -1   
6.95627893 -1   
6.95721303 -1   
6.95731816 1    
7.00425966 -1   
7.09949423 -1   
7.10217974 -1   
7.10742352 -1   
7.10892123 -1   
7.11469520 -1   
7.13201512 1    
7.19213207 -1   
7.25009775 -1   
7.25160918 -1   
7.25686058 -1   
7.25810686 -1   
7.28110385 -1   
7.28112731 1    
7.37954731 -1   
7.39952808 -1   
7.40102603 -1   
7.40602136 -1   
7.40727118 -1   
7.43025926 -1   
7.43038904 1    
7.54818200 -1   
7.54966775 -1   
7.55491568 -1   
7.55643886 -1   
7.57842740 -1   
7.57990154 -1   
7.69763702 -1   
7.69883724 -1   
7.70435443 -1   
7.70582766 -1   
7.72009662 -1   
7.72832216 -1   
7.72981990 -1   
7.84927176 -1   
7.85078762 -1   
7.85599459 -1   
7.85724052 -1   
7.87776187 -1   
7.87796482 1    
7.87901401 -1   
7.90048300 1    
7.91749487 -1   
7.92783704 1    
7.99869518 -1   
7.99993440 -1   
8.00568529 -1   
8.00693469 -1   
8.02793021 -1   
8.02796267 1    
8.05141114 -1   
8.07862568 -1   
8.14786626 -1   
8.14910008 -1   
8.15359580 -1   
8.17883698 -1   
8.18008568 -1   
8.20356941 -1   
8.29580013 -1   
8.29671129 -1   
8.41596138 -1   
8.41744695 -1   
8.44369491 -1   
8.44388812 1    
8.56385843 -1   
8.56535485 -1   
8.59158233 -1   
8.71326980 -1   
8.71475930 -1   
8.71572250 -1   
8.78650125 -1   
8.86122300 -1   
8.86419098 -1   
8.86569440 -1   
8.93442035 -1   
9.00916251 -1   
9.01183638 -1   
9.01683337 -1   
9.08283717 -1   
9.15704492 -1   
9.15974936 -1   
9.16474617 -1   
9.16489218 1    
9.27070906 -1   
9.27193412 -1   
9.30795374 -1   
9.31518549 -1   
9.41986324 -1   
9.42112115 -1   
9.46336240 -1   
9.46484684 -1   
9.51580703 -1   
9.56783497 -1   
9.61275069 -1   
9.66374330 -1   
9.71751250 -1   
9.76066905 -1   
9.76216396 -1   
9.81166075 -1   
9.81179279 1    
9.86537863 -1   
9.91187678 -1   
9.91309178 -1   
9.91456950 -1   
9.96107511 -1   
10.05973938 -1   
10.07050720 -1   
10.07324581 -1   
10.07472896 -1   
10.12322370 -1   
10.21345054 -1   
10.22516222 -1   
10.22666316 -1   
10.26314771 -1   
10.37510198 -1   
10.37655698 -1   
10.41155328 -1   
10.41303469 -1   
10.53025225 -1   
10.53171575 -1   
10.56822238 -1   
10.56847066 1    
10.56969129 -1   
10.67939244 -1   
10.71739266 -1   
10.76111450 -1   
10.82738810 -1   
10.82880610 -1   
10.86603288 -1   
10.90902230 -1   
10.97524931 -1   
10.97671439 -1   
10.97821258 -1   
11.01395117 -1   
11.05532703 -1   
18.83437389 -1   
23.19433408 -1   
