0.00000000 1    
0.14728963 1    
0.21254439 -1   
0.35979342 -1   
0.36033410 1    
0.50631064 1    
0.65306210 -1   
0.65320148 1    
0.80047081 -1   
0.80076769 1    
1.01231805 -1   
1.08033645 1    
1.19851277 -1   
1.22638701 1    
1.34462016 -1   
1.37257482 1    
1.56951229 -1   
1.56982422 1    
1.92609559 1    
2.08746562 -1   
2.08842049 1    
2.23661539 -1   
2.55036693 -1   
2.55183565 -1   
2.55220924 -1   
3.08078753 -1   
3.08302918 1    
3.27050054 1    
3.51363902 -1   
3.69910666 -1   
3.69940163 1    
3.76315578 -1   
3.84655596 -1   
3.88238141 1    
3.89196962 1    
4.02855407 1    
4.32587780 -1   
4.32733744 -1   
4.32772291 -1   
4.47527497 -1   
4.47673273 -1   
4.51747837 -1   
4.62316998 -1   
4.62467158 -1   
4.62560127 -1   
4.66541570 -1   
4.77136310 -1   
4.77358453 -1   
4.77508260 -1   
4.77521510 1    
4.81331500 -1   
4.91931382 -1   
4.92125421 -1   
4.95678278 -1   
5.01920371 -1   
5.06744323 -1   
5.07717118 -1   
5.15910233 -1   
5.16034086 -1   
5.21581922 -1   
5.21707690 -1   
5.29827843 -1   
5.30875269 -1   
5.31025479 -1   
5.36497938 -1   
5.36621829 -1   
5.45667944 -1   
5.45816569 -1   
5.46016965 -1   
5.46030812 1    
5.50492105 -1   
5.51515693 -1   
5.51663565 -1   
5.60610721 -1   
5.60733507 -1   
5.61035414 -1   
5.66332157 -1   
5.66482205 -1   
5.71106605 -1   
5.75901496 -1   
5.76051824 -1   
5.79800338 -1   
5.79922490 -1   
5.81373188 -1   
5.81498854 -1   
5.90819950 -1   
5.90967544 -1   
5.94589906 -1   
5.94606542 1    
5.94741166 -1   
5.96322129 -1   
5.96467682 -1   
6.00513933 -1   
6.05758440 -1   
6.05882490 -1   
6.09505894 -1   
6.09657811 -1   
6.11104986 -1   
6.11254154 -1   
6.15402976 -1   
6.15554891 -1   
6.20682890 -1   
6.20801513 -1   
6.24475107 -1   
6.24598664 -1   
6.26021686 -1   
6.26173056 -1   
6.26185213 1    
6.30344522 -1   
6.35593592 -1   
6.35740982 -1   
6.39389666 -1   
6.39538339 -1   
6.40413429 -1   
6.40962757 -1   
6.41112396 -1   
6.45310638 -1   
6.45313995 1    
6.50133004 -1   
6.50407293 -1   
6.54180269 -1   
6.54306844 -1   
6.56104345 -1   
6.60226898 -1   
6.64926389 -1   
6.65226282 -1   
6.68974555 -1   
6.68990136 1    
6.69448408 -1   
6.70920602 -1   
6.75018629 -1   
6.75167746 -1   
6.79716929 -1   
6.80017170 -1   
6.83770534 -1   
6.85716015 -1   
6.85862216 -1   
6.89964194 -1   
6.90086466 -1   
6.90236595 -1   
6.94810004 -1   
6.94931359 -1   
7.00582449 -1   
7.00730657 -1   
7.04779079 -1   
7.04902893 -1   
7.05053351 -1   
7.05066003 1    
7.05178164 -1   
7.09723709 -1   
7.09875052 -1   
7.15523155 -1   
7.15671886 -1   
7.15796361 -1   
7.19692715 -1   
7.19842278 -1   
7.20069337 -1   
7.23918975 -1   
7.24666172 -1   
7.24791842 -1   
7.30464498 -1   
7.30588962 -1   
7.34484501 -1   
7.34608831 -1   
7.34861067 -1   
7.34984992 -1   
7.34993702 1    
7.39457065 -1   
7.39580898 -1   
7.44010184 -1   
7.45403504 -1   
7.45528070 -1   
7.49401277 -1   
7.49550443 -1   
7.49777195 -1   
7.49925168 -1   
7.54373191 -1   
7.54522238 -1   
7.60170583 -1   
7.60318944 -1   
7.64193469 -1   
7.64316864 -1   
7.64569171 -1   
7.64718554 -1   
7.64729691 1    
7.68914871 -1   
7.69313920 -1   
7.69466082 -1   
7.75190014 -1   
7.75312799 -1   
7.79109216 -1   
7.79236630 -1   
7.79535961 -1   
7.79685347 -1   
7.84108277 -1   
7.84230365 -1   
7.84684205 -1   
7.88232679 -1   
7.90105138 -1   
7.90254388 -1   
7.94027793 -1   
7.94176707 -1   
7.94502086 -1   
7.94511546 1    
7.94649992 -1   
7.99024396 -1   
7.99149191 -1   
8.03048612 -1   
8.03196744 -1   
8.05096332 -1   
8.05245606 -1   
8.08995957 -1   
8.09141297 -1   
8.09418240 -1   
8.13593076 -1   
8.13741067 -1   
8.13965711 -1   
8.14115916 -1   
8.17899814 1    
8.17987947 -1   
8.18111078 -1   
8.20037033 -1   
8.20051188 1    
8.20187014 -1   
8.20932136 1    
8.23911883 -1   
8.24059889 -1   
8.28459441 -1   
8.28580389 -1   
8.28755339 -1   
8.28879707 -1   
8.32805532 -1   
8.32927393 -1   
8.33079832 -1   
8.35129053 -1   
8.35132144 1    
8.36026575 -1   
8.38824628 -1   
8.38917400 -1   
8.62289437 -1   
8.67688935 -1   
8.67810343 -1   
8.70234349 -1   
8.70383546 -1   
8.70508239 -1   
8.74879752 -1   
8.75003750 -1   
8.75880857 -1   
8.76005558 -1   
8.81026125 -1   
8.82527154 -1   
8.82530082 -1   
8.82545902 1    
8.85301681 -1   
8.89673496 -1   
8.89822407 -1   
8.90671713 -1   
8.90819638 -1   
8.97318691 -1   
8.97467998 -1   
9.04514037 -1   
9.04664194 -1   
9.05463684 -1   
9.05613747 -1   
9.05861351 -1   
9.09912104 -1   
9.12132596 -1   
9.12309460 -1   
9.19304332 -1   
9.20255220 -1   
9.20404665 -1   
9.26929703 -1   
9.27226010 -1   
9.34224829 -1   
9.35119870 -1   
9.35141660 1    
9.35294606 -1   
9.41842476 -1   
9.42115196 -1   
9.49038317 -1   
9.49911060 -1   
9.50036146 -1   
9.50044339 1    
9.54010289 -1   
9.56657876 -1   
9.56982111 -1   
9.63830831 -1   
9.64779711 -1   
9.64904623 -1   
9.65604175 -1   
9.71424679 -1   
9.71576034 -1   
9.75997605 -1   
9.78622053 -1   
9.79571642 -1   
9.80270687 -1   
9.81223461 -1   
9.86266387 -1   
9.90466418 -1   
9.91706341 1    
9.93415409 -1   
9.93563104 -1   
9.93573681 1    
9.95062664 -1   
9.95187004 -1   
10.00316696 -1   
10.05257587 -1   
10.05406155 -1   
10.08453514 -1   
10.08456502 1    
10.08604823 -1   
10.09979164 -1   
10.10128965 -1   
10.19699501 -1   
10.20184186 -1   
10.39510234 -1   
10.40024772 1    
10.54196192 -1   
10.54577894 -1   
10.54726135 -1   
11.11265712 -1   
11.26014695 -1   
16.08230592 1    
23.22390222 -1   
