0.00000000 -1   
0.25194692 -1   
0.36191753 1    
0.39805132 -1   
0.50912557 1    
0.51892883 -1   
0.54518891 -1   
0.66902293 1    
0.83132038 1    
0.83162790 -1   
0.85587467 1    
0.86073592 1    
0.89097612 1    
1.00837910 1    
1.00853501 -1   
1.15443523 1    
1.25248363 -1   
1.27925669 1    
1.29948924 1    
1.34085348 1    
1.40718403 1    
1.48592933 1    
1.48621147 -1   
1.63217068 1    
1.67979400 -1   
1.82805536 1    
1.82837226 -1   
2.06038145 1    
2.41572159 1    
2.41702982 -1   
3.15847338 1    
3.15990431 1    
3.16015485 1    
3.34726404 1    
3.34956238 -1   
3.49584428 -1   
4.09336387 1    
4.09362783 -1   
4.24067869 1    
4.45646883 1    
4.45677369 1    
4.49561562 -1   
4.50430310 -1   
4.65340897 -1   
5.20281919 1    
5.20425727 1    
5.20462779 1    
5.24071454 1    
5.24221458 1    
5.32296499 1    
5.32443839 1    
5.35219145 1    
5.35342513 1    
5.38863464 1    
5.39014957 1    
5.43789115 1    
5.47062407 1    
5.47210485 1    
5.48185207 1    
5.48198058 -1   
5.50031659 1    
5.51082566 1    
5.53656933 1    
5.54230824 1    
5.58580303 1    
5.61927999 1    
5.62076873 1    
5.62974234 1    
5.63126915 1    
5.65873139 1    
5.66022322 1    
5.69020815 1    
5.69170480 1    
5.76742558 1    
5.76865840 1    
5.77766241 1    
5.77915126 1    
5.77924612 -1   
5.80664445 1    
5.80813463 1    
5.81690516 1    
5.83814573 1    
5.88368630 1    
5.91683964 1    
5.91832517 1    
5.92707320 1    
5.95606278 1    
5.95729950 1    
5.98604469 1    
5.98755192 1    
6.03156958 1    
6.06477396 1    
6.06626133 1    
6.10548839 1    
6.12321189 1    
6.13397498 1    
6.13408722 -1   
6.13547309 1    
6.18143611 1    
6.21265831 1    
6.21415563 1    
6.25366569 1    
6.28164177 1    
6.32264105 1    
6.32937042 1    
6.36035010 1    
6.36284140 1    
6.40157621 1    
6.40306931 1    
6.42958749 1    
6.46702856 1    
6.47053723 1    
6.50830986 1    
6.51051015 1    
6.57797048 1    
6.57811668 -1   
6.61546693 1    
6.61867372 1    
6.65617306 1    
6.66340319 1    
6.72563081 1    
6.72711102 1    
6.76684580 1    
6.76688423 -1   
6.76834893 1    
6.81132675 1    
6.81281282 1    
6.87528417 1    
6.87677550 1    
6.91576517 1    
6.95923381 1    
6.96047650 1    
7.01370965 1    
7.02419183 1    
7.06368433 1    
7.10849982 1    
7.10992861 1    
7.17214108 1    
7.17335550 1    
7.21159109 1    
7.21308736 1    
7.23032890 1    
7.23044660 -1   
7.25631648 1    
7.32003536 1    
7.36125585 1    
7.37849088 1    
7.44970255 1    
7.46794150 1    
7.50917165 1    
7.51066471 1    
7.52665934 1    
7.59762228 1    
7.59777396 -1   
7.61560816 1    
7.65808749 1    
7.65958097 1    
7.66082826 1    
7.67432806 1    
7.74553963 1    
7.80304298 1    
7.80800018 1    
7.80927175 1    
7.81077098 1    
7.86174766 1    
7.86323205 1    
7.95120668 1    
7.95244944 1    
7.95744029 1    
7.95867750 1    
8.00690669 1    
8.01114774 1    
8.01264836 1    
8.01276329 -1   
8.10036204 1    
8.10159622 1    
8.10659685 1    
8.10809205 1    
8.15914316 1    
8.16056579 1    
8.16181179 1    
8.24950028 1    
8.25101314 1    
8.25602076 1    
8.25726425 1    
8.30848500 1    
8.30995587 1    
8.39922104 1    
8.40040907 1    
8.40540688 1    
8.40665391 1    
8.45815375 1    
8.45962245 1    
8.54710087 1    
8.54735791 -1   
8.54859393 1    
8.60605020 1    
8.60753700 1    
8.69500159 1    
8.73573856 1    
8.75398816 1    
8.75545497 1    
8.75672000 1    
8.84291924 1    
8.88340748 1    
8.90189263 1    
8.90338776 1    
8.90539158 1    
8.90664143 1    
8.99086108 1    
8.99099260 -1   
9.03187503 1    
9.04953953 1    
9.05130957 1    
9.06380673 1    
9.09503179 1    
9.19752126 1    
9.19755700 -1   
9.19897079 1    
9.20019904 1    
9.21172992 1    
9.21321197 1    
9.34814162 1    
9.34962889 1    
9.36112843 1    
9.49656074 1    
9.49804939 1    
9.49930023 1    
9.50928241 1    
9.53682294 -1   
9.56456103 -1   
9.57400221 -1   
9.64426356 1    
9.64719516 1    
9.64871221 1    
9.65719069 1    
9.65868650 1    
9.71245734 -1   
9.79536375 1    
9.79660860 1    
9.80537848 1    
9.80662155 1    
9.84611243 1    
9.84734606 1    
9.94336637 1    
9.95454311 1    
9.95604210 1    
9.99427332 1    
9.99551536 1    
9.99698807 1    
10.13968598 1    
10.28113487 1    
10.28233024 1    
10.43022073 1    
10.43034624 -1   
10.44625932 1    
10.57818210 1    
10.57882623 1    
10.58043056 1    
10.72610803 1    
10.72732820 1    
10.72882649 1    
10.73007200 1    
10.87680981 1    
10.87799109 1    
11.02467842 1    
11.02615188 1    
11.17235558 1    
11.17409096 1    
11.32026240 1    
11.32198822 1    
11.32206770 -1   
11.46820808 1    
11.46883493 1    
11.47142419 1    
11.61684974 1    
11.61807089 1    
11.61930119 1    
11.65906415 1    
11.76475435 1    
11.76723279 1    
11.76873019 1    
11.80696997 1    
11.91268090 1    
11.91542223 1    
11.92166322 1    
11.95540103 1    
12.06037689 1    
12.06383122 1    
12.06933290 1    
12.06947649 -1   
12.15711606 1    
12.15827941 1    
12.21173635 1    
12.21297361 1    
12.21822432 1    
12.30620440 1    
12.30769136 1    
12.36092638 1    
12.36213769 1    
12.36691691 1    
12.41589190 1    
12.45536035 1    
12.45684995 1    
12.51005911 1    
12.51133126 1    
12.55405505 1    
12.60378146 1    
12.60524909 1    
12.65798998 1    
12.65812715 -1   
12.65921995 1    
12.70170060 1    
12.70320644 1    
12.70719493 1    
12.75321433 1    
12.75444623 1    
12.80815787 1    
12.84961929 1    
12.85086485 1    
12.85511800 1    
12.85662954 1    
12.90234555 1    
12.90382545 1    
12.99734998 1    
12.99793503 1    
21.39930642 -1   
21.43108089 1    
22.25814606 -1   
