0.00000000 -1   
0.62345498 1    
0.62446399 -1   
1.19694668 1    
1.19816806 1    
1.19853127 1    
1.38648917 1    
1.38861250 -1   
1.53550686 -1   
1.93287495 1    
2.11875671 1    
2.11904172 -1   
2.26466272 1    
2.30203644 1    
2.44933178 1    
2.48657322 -1   
2.49624921 -1   
2.64412799 -1   
3.11286660 1    
3.11405963 1    
3.11443652 1    
3.16053724 1    
3.27373870 1    
3.27499986 1    
3.30647846 1    
3.30897086 1    
3.42764529 1    
3.45761514 1    
3.46011163 1    
3.57780639 1    
3.60580542 1    
3.60852559 1    
3.62229042 1    
3.62254658 -1   
3.75722297 1    
3.77019007 1    
3.91862935 1    
3.91954474 1    
3.92287065 1    
4.06778048 1    
4.06928985 1    
4.11049342 1    
4.21598204 1    
4.21694988 1    
4.21813300 1    
4.25844387 1    
4.36385875 1    
4.36609410 1    
4.36759542 1    
4.40635462 1    
4.51201785 1    
4.51550348 1    
4.51675719 1    
4.51686518 -1   
4.61320978 1    
4.66395913 1    
4.66519024 1    
4.66968461 1    
4.81237744 1    
4.81358663 1    
4.81758399 1    
4.81853392 1    
4.82010595 1    
4.96154739 1    
4.96302201 1    
4.96650146 1    
4.96776871 1    
5.00748422 1    
5.00874976 1    
5.11095091 1    
5.11243457 1    
5.11256728 -1   
5.11593150 1    
5.11743171 1    
5.15666810 1    
5.15817218 1    
5.26183540 1    
5.26334876 1    
5.26559997 1    
5.30582970 1    
5.30733053 1    
5.30855375 1    
5.41125725 1    
5.41274472 1    
5.45372498 1    
5.45521757 1    
5.45647189 1    
5.45946505 1    
5.60191810 1    
5.60208455 -1   
5.60338477 1    
5.60738093 1    
5.60888090 1    
5.75057336 1    
5.75207405 1    
5.75531924 1    
5.75533314 -1   
5.75680895 1    
5.79606698 1    
5.89949766 1    
5.90073551 1    
5.90473474 1    
5.90620886 1    
5.94445213 1    
5.94593760 1    
6.04864481 1    
6.05012726 1    
6.05412541 1    
6.05537128 1    
6.05543890 -1   
6.09388215 1    
6.09512180 1    
6.09662420 1    
6.19830835 1    
6.19954061 1    
6.20331205 1    
6.20453911 1    
6.24304334 1    
6.24428874 1    
6.28878039 1    
6.34747031 1    
6.34871175 1    
6.35270462 1    
6.35420560 1    
6.39219609 1    
6.39343206 1    
6.49588381 1    
6.49605399 -1   
6.49713721 1    
6.50062154 1    
6.54036197 1    
6.54159809 1    
6.59157655 1    
6.64756767 1    
6.64980954 1    
6.65128728 1    
6.68979119 1    
6.69103672 1    
6.79802572 1    
6.79947777 1    
6.83772233 1    
6.83919936 1    
6.94591306 1    
6.94739327 1    
6.94888918 1    
6.98638505 1    
6.98654093 -1   
6.98811516 1    
7.09379055 1    
7.09502801 1    
7.09653335 1    
7.10205240 1    
7.13426200 1    
7.18475086 1    
7.24197447 1    
7.24345168 1    
7.24996260 1    
7.28220516 1    
7.28344415 1    
7.39017424 1    
7.39138229 1    
7.39788119 1    
7.39912795 1    
7.40060910 1    
7.43167446 1    
7.43183936 -1   
7.43286229 1    
7.54129920 1    
7.54277368 1    
7.54705048 1    
7.54827661 1    
7.57951578 1    
7.58075393 1    
7.62550922 1    
7.69071990 1    
7.69196405 1    
7.69620834 1    
7.69770961 1    
7.72917553 1    
7.84038551 1    
7.84163883 1    
7.84486865 1    
7.84612737 1    
7.87710593 1    
7.87860688 1    
7.89570543 -1   
7.95832181 1    
7.98854962 1    
7.99279108 1    
8.02650597 1    
8.04155318 -1   
8.10623722 1    
8.13771324 1    
8.14070813 1    
8.17469233 1    
8.17593745 1    
8.28565713 1    
8.28712321 1    
8.32258758 1    
8.32385203 1    
8.37175347 1    
8.41259086 -1   
8.44217006 -1   
8.45185302 -1   
8.55849753 -1   
9.00647170 1    
9.00771256 1    
9.00808598 1    
9.07343153 1    
9.07490156 1    
9.11890703 1    
9.11908384 -1   
9.15663123 1    
9.15813911 1    
9.22134289 1    
9.22283423 1    
9.30442165 1    
9.32452587 1    
9.32603148 1    
9.32725247 1    
9.43997011 1    
9.44118642 1    
9.47246414 1    
9.50693104 1    
9.62006699 1    
10.29972819 1    
10.30066926 1    
10.47211047 1    
10.47304876 1    
10.47315004 -1   
10.60754958 1    
10.60904236 1    
10.61858128 1    
10.67925514 1    
10.68075785 1    
10.72796498 1    
10.72920640 1    
10.75696363 1    
10.80641917 1    
10.82788988 1    
10.96709643 1    
10.96834004 1    
10.99407771 1    
11.11501757 1    
11.11625949 1    
11.14224088 1    
11.14346647 1    
11.26268533 1    
11.26417619 1    
11.27516721 1    
11.27525976 -1   
11.29040489 1    
11.29190457 1    
11.41056880 1    
11.41206071 1    
11.41356396 1    
11.42305952 1    
11.43868697 1    
11.50951426 1    
11.55976715 1    
11.56124527 1    
11.62395088 1    
11.62544399 1    
11.62637214 1    
11.63521014 1    
11.65744951 1    
11.70867533 1    
11.77194790 1    
11.80760009 1    
11.80911140 1    
11.88243896 -1   
11.90255972 1    
11.90402866 1    
11.90553005 1    
11.91789074 1    
11.98501378 1    
11.98625393 1    
12.03173554 1    
12.05197096 1    
12.05199667 -1   
12.06612816 1    
12.09169493 1    
12.09320134 1    
12.20088560 1    
12.20238206 1    
12.20388384 1    
12.21612474 1    
12.24084265 1    
12.24210350 1    
12.28308953 1    
12.28330180 -1   
12.35253234 1    
12.35404666 1    
12.42753986 1    
12.42899417 1    
12.43048579 1    
12.43791195 1    
12.51144661 1    
12.51293201 1    
12.58505652 1    
12.59591688 1    
12.59740674 1    
12.60615069 1    
12.71185774 1    
12.71308354 1    
12.73034115 1    
12.74327588 1    
15.51832569 1    
15.51845482 -1   
15.88743490 -1   
16.03803618 1    
16.03828667 -1   
16.29114625 1    
16.29139227 -1   
16.98200802 1    
20.46713647 -1   
25.21817069 -1   
