0.00000000 -1   
0.23347859 1    
0.23363438 -1   
0.38067640 1    
0.38072543 -1   
0.52991169 1    
0.52994904 -1   
0.67798667 1    
0.67827309 -1   
0.73691308 1    
0.78582291 1    
0.82591825 1    
0.84554000 1    
0.84586545 -1   
0.97283438 1    
1.03220497 -1   
1.15869338 1    
1.24204577 -1   
1.24428736 1    
1.25535248 1    
1.27204502 1    
1.30642389 1    
1.42829687 -1   
1.45253004 1    
1.65638295 -1   
1.82355222 1    
1.82388394 -1   
1.97005425 1    
2.01315489 -1   
2.16161948 1    
2.46893487 1    
2.47035891 1    
2.47071521 1    
2.61774961 1    
2.62003110 -1   
2.80851399 -1   
3.07986209 1    
3.26603718 1    
3.26631493 -1   
3.31535988 1    
3.41353017 1    
3.44993249 -1   
3.45964008 -1   
3.59601716 -1   
3.92633012 1    
3.92777547 1    
3.92814360 1    
3.96377765 1    
3.96525605 1    
3.96674658 1    
3.96799890 1    
3.96949535 1    
3.98572403 1    
3.98723283 1    
4.07575399 1    
4.07718653 1    
4.11167719 1    
4.11181578 -1   
4.11316446 1    
4.11491491 1    
4.11639002 1    
4.11916183 1    
4.12066592 1    
4.13515608 1    
4.13640455 1    
4.22513404 1    
4.22658417 1    
4.26109392 1    
4.26257617 1    
4.26380592 1    
4.26533222 1    
4.26755509 1    
4.26907724 1    
4.28354874 1    
4.28479832 1    
4.32352956 1    
4.37301328 1    
4.37774913 1    
4.37791063 -1   
4.40898193 1    
4.41174065 1    
4.41324239 1    
4.41548855 1    
4.43174176 1    
4.43296019 1    
4.47175158 1    
4.47293546 1    
4.47946416 1    
4.52566453 1    
4.52715518 1    
4.55964267 1    
4.56113780 1    
4.56338598 1    
4.56488435 1    
4.57965493 1    
4.59414411 1    
4.61513811 1    
4.61541809 -1   
4.61985298 1    
4.62759699 1    
4.67360115 1    
4.70755991 1    
4.70905216 1    
4.72756771 1    
4.74228694 1    
4.76354594 1    
4.77551466 1    
4.77678524 1    
4.85553463 1    
4.85699305 1    
4.87123850 1    
4.87572876 1    
4.87696122 1    
4.91143955 1    
4.91159730 -1   
4.91293472 1    
4.92467803 1    
4.92592886 1    
5.00489617 1    
5.00637899 1    
5.01065643 1    
5.02364369 1    
5.02512325 1    
5.05938488 1    
5.06087406 1    
5.07261875 1    
5.07265215 -1   
5.07384040 1    
5.11464079 1    
5.15434487 1    
5.15654419 1    
5.17354176 1    
5.17503309 1    
5.18805863 1    
5.21553700 1    
5.21700926 1    
5.23027286 1    
5.23029562 -1   
5.23151861 1    
5.27103726 1    
5.27225302 1    
5.30772833 1    
5.30922976 1    
5.32295395 1    
5.32444925 1    
5.36368405 1    
5.36492614 1    
5.37942495 1    
5.38066450 1    
5.41868348 1    
5.42016336 1    
5.42166693 1    
5.42289130 1    
5.45716097 1    
5.45732538 -1   
5.45837382 1    
5.47263780 1    
5.47386257 1    
5.51312449 1    
5.51436190 1    
5.52860952 1    
5.53010389 1    
5.56833545 1    
5.56983143 1    
5.57107846 1    
5.57258039 1    
5.60732085 1    
5.62055276 1    
5.62205103 1    
5.66103957 1    
5.66252677 1    
5.67652870 1    
5.67667524 -1   
5.67776870 1    
5.71679734 1    
5.71800778 1    
5.71949875 1    
5.72099791 1    
5.75548108 1    
5.75673035 1    
5.76972169 1    
5.77121836 1    
5.81045125 1    
5.81169876 1    
5.82616926 1    
5.86465979 1    
5.86613786 1    
5.86763950 1    
5.86888609 1    
5.90365378 1    
5.90486451 1    
5.91814376 1    
5.91828771 -1   
5.91938059 1    
5.95936839 1    
5.96060789 1    
5.97582711 1    
5.97734765 1    
6.01408223 1    
6.01532208 1    
6.01680198 1    
6.01860158 1    
6.05306350 1    
6.05430422 1    
6.07029422 1    
6.10753428 1    
6.10900281 1    
6.12379804 1    
6.12524343 1    
6.16273353 1    
6.16289870 -1   
6.16422079 1    
6.16571621 1    
6.16720571 1    
6.20122424 1    
6.20269635 1    
6.21871679 1    
6.21993837 1    
6.25671036 1    
6.25816579 1    
6.27318400 1    
6.27442182 1    
6.31169685 1    
6.31173199 -1   
6.31315580 1    
6.31465286 1    
6.31588206 1    
6.34916694 1    
6.35036402 1    
6.36051510 -1   
6.36761051 1    
6.36910394 1    
6.38451030 -1   
6.39318738 -1   
6.40460134 1    
6.40608095 1    
6.42134907 1    
6.42257101 1    
6.46084401 1    
6.46088052 -1   
6.46232579 1    
6.46357300 1    
6.46507630 1    
6.49707329 1    
6.49854778 1    
6.51152019 1    
6.51674269 1    
6.92033500 1    
6.92155830 1    
6.92191436 1    
6.92931150 1    
6.93055462 1    
6.95660230 1    
6.95677794 -1   
6.95801793 1    
6.95926281 1    
6.99950312 1    
7.00073868 1    
7.06898029 1    
7.07047046 1    
7.07172315 1    
7.07322238 1    
7.07772163 1    
7.07921791 1    
7.08046797 1    
7.10495864 1    
7.10720018 1    
7.10844875 1    
7.11220899 1    
7.14891036 1    
7.15015706 1    
7.15025828 -1   
7.21862955 1    
7.21986380 1    
7.22136394 1    
7.22261486 1    
7.22736866 1    
7.22860772 1    
7.25285540 1    
7.25436437 1    
7.25634569 1    
7.25759320 1    
7.26434683 1    
7.29682461 1    
7.29834462 1    
7.30033957 1    
7.36786506 1    
7.36930338 1    
7.37103240 1    
7.37227974 1    
7.37653245 1    
7.37670319 -1   
7.37777866 1    
7.40228897 1    
7.40351121 1    
7.40552962 1    
7.40702502 1    
7.40827739 1    
7.44474179 1    
7.44625634 1    
7.44825714 1    
7.44948239 1    
7.51748091 1    
7.51871868 1    
7.52021576 1    
7.52171350 1    
7.52569203 1    
7.55019438 1    
7.55167694 1    
7.55342280 1    
7.55352603 -1   
7.55492513 1    
7.55616979 1    
7.55767044 1    
7.59422137 1    
7.59567613 1    
7.59742305 1    
7.59867161 1    
7.66663270 1    
7.66783004 1    
7.74840179 -1   
8.21287112 1    
8.21374762 1    
8.32050253 1    
8.36142060 1    
12.69742986 -1   
20.56967274 1    
24.16660243 1    
24.16674916 -1   
