0.00000000 -1   
0.27647177 1    
0.27665895 -1   
0.42263977 1    
0.42268109 -1   
0.57188633 1    
0.57192227 -1   
0.72021645 1    
0.72063814 -1   
0.77658281 1    
0.80481790 1    
0.82305333 1    
0.86944744 1    
0.86959771 -1   
1.01627534 1    
1.05815222 1    
1.05816918 -1   
1.11562351 1    
1.11713088 1    
1.20275337 1    
1.33122165 -1   
1.39233991 1    
1.53956308 1    
1.53999453 -1   
1.76931341 -1   
2.12614265 1    
2.12661917 -1   
2.52319372 1    
2.52423149 -1   
2.67359768 1    
3.19493915 1    
3.19642685 1    
3.19682645 1    
3.34402840 1    
3.34628922 -1   
3.65173700 -1   
3.90173186 1    
3.90197095 -1   
4.48107389 1    
4.53618410 1    
4.66695616 1    
4.70262538 -1   
4.71122126 -1   
4.84853112 -1   
5.30598132 1    
5.30748778 1    
5.30784730 1    
5.49482518 1    
5.58459095 1    
5.58583520 1    
5.64193071 1    
5.87569200 1    
5.87689568 1    
5.87729029 1    
5.93864362 1    
5.93988109 1    
5.99735548 1    
6.02289766 1    
6.08028487 1    
6.08177809 1    
6.16979347 1    
6.16993788 -1   
6.19773587 1    
6.19922813 1    
6.27969461 1    
6.28116159 1    
6.28267915 1    
6.36137477 1    
6.36230923 1    
6.46359628 1    
6.46482814 1    
6.50758353 1    
6.57353256 1    
6.64970863 1    
6.65122221 1    
6.65272476 1    
6.65354426 1    
6.73018707 1    
6.73167254 1    
6.80110859 1    
6.88534834 1    
6.88552683 -1   
6.88681335 1    
6.91155476 1    
6.91305232 1    
6.91429847 1    
6.92181809 1    
6.97728560 1    
7.03550868 1    
7.07174314 1    
7.07298466 1    
7.07448203 1    
7.14545152 1    
7.29146072 1    
7.69626988 1    
7.84429969 1    
7.89626641 1    
7.99221425 1    
8.04418640 1    
8.04567159 1    
8.04692430 1    
8.14021708 1    
8.14036490 -1   
8.19209165 1    
8.19358486 1    
8.19395343 1    
8.28828986 1    
8.34148325 1    
8.34298397 1    
8.37372351 1    
8.38173418 1    
8.43721160 1    
8.48967933 1    
8.50064634 1    
8.52190065 1    
8.52963028 1    
8.58512320 1    
8.63538320 1    
8.67255016 1    
8.67381543 1    
8.71804859 1    
8.78323617 1    
8.78450316 1    
8.78463099 -1   
8.82196490 1    
8.82347525 1    
8.93267036 1    
8.93391540 1    
8.93393845 -1   
8.98514043 1    
8.98638634 1    
9.05235580 1    
9.10931827 1    
9.11081204 1    
9.13222520 1    
9.20100161 1    
9.25756788 1    
9.25872906 1    
9.28022562 1    
9.35191610 1    
9.40615686 1    
9.40739804 1    
9.40887389 1    
9.40901109 -1   
9.42838933 1    
9.49986265 1    
9.55456879 1    
9.55656585 1    
9.55720217 1    
9.69324195 1    
9.69473040 1    
9.70252151 1    
9.77117709 1    
9.77268423 1    
9.79690495 1    
9.84287783 1    
9.84437034 1    
9.84955452 1    
9.92061202 1    
9.92207685 1    
9.99617494 1    
10.11749903 1    
10.11898781 1    
10.12023867 1    
10.12036853 -1   
10.12172862 1    
10.14445928 1    
10.14513241 1    
10.29012244 1    
10.33223043 1    
10.39533697 1    
10.48028767 1    
10.54325409 1    
10.62600024 1    
10.68615374 1    
10.69116232 1    
10.81657654 1    
10.82431453 1    
10.96451122 1    
10.97225775 1    
11.11242612 1    
11.11337483 1    
11.12066895 1    
11.26057434 1    
11.26206616 1    
11.26218881 -1   
11.26854811 1    
11.40848950 1    
11.40997650 1    
11.44951265 -1   
11.45570392 1    
11.55640041 1    
11.55789282 1    
11.64260152 1    
11.64409176 1    
11.70431907 1    
11.74579036 1    
11.79201246 1    
11.79325854 1    
11.89395826 1    
11.89519681 1    
11.90269949 1    
11.94271124 1    
12.16955774 1    
12.17079342 1    
12.17654054 1    
12.31747028 1    
12.31762783 -1   
12.31895819 1    
12.32445474 1    
12.46713702 1    
12.47198215 1    
12.47862171 1    
12.48011392 1    
12.62054372 1    
12.62151643 1    
12.79794572 1    
12.79943154 1    
12.79968349 1    
12.90738188 1    
12.90887519 1    
12.98655328 1    
13.01331437 1    
13.01456032 1    
13.09552291 1    
13.09701714 1    
13.13449164 1    
13.13464009 -1   
13.15932917 1    
13.27841783 1    
13.27967981 1    
13.28366056 1    
13.32964164 1    
13.35962071 1    
13.42594966 1    
13.81238481 1    
13.81362787 1    
13.81398234 1    
13.89683899 1    
13.89832645 1    
13.92556947 1    
13.96036198 1    
14.00452357 1    
14.00576651 1    
14.09320363 1    
14.09444194 1    
14.10821176 1    
14.15180011 1    
14.20588623 1    
14.24318794 1    
14.24345543 -1   
14.25710524 1    
14.29307486 -1   
14.30033015 1    
14.32189581 -1   
14.35405439 1    
14.39102685 1    
14.39129278 -1   
14.44400681 1    
14.47275409 1    
14.53895981 1    
14.54020651 1    
14.54170794 1    
14.62067002 1    
14.62216875 1    
14.68838012 1    
14.68962594 1    
14.74383042 1    
14.74507243 1    
14.76788378 1    
14.76803957 -1   
15.18507828 1    
15.18631739 1    
15.18669732 1    
15.21455900 1    
15.21580681 1    
15.21730041 1    
15.33449120 1    
15.33597990 1    
15.36248016 1    
15.36272406 1    
15.49817329 1    
15.49963750 1    
15.50903659 1    
15.56710788 1    
15.56837500 1    
15.59359286 1    
15.68354486 1    
15.69489040 1    
15.71777837 1    
15.71901649 1    
15.80674342 1    
15.80690071 -1   
15.80824431 1    
15.84079574 1    
15.89118936 1    
15.97314331 1    
15.97436543 1    
15.98753927 1    
16.02109959 1    
16.02235986 1    
16.10230489 1    
16.11581039 1    
16.13444615 1    
16.16801558 1    
16.22098263 1    
16.22222455 1    
16.28159189 1    
16.28871575 1    
16.34890731 1    
16.35015495 1    
16.42961782 1    
16.42977450 -1   
16.46412586 1    
16.46560966 1    
16.57690834 1    
16.62377460 1    
16.70895614 1    
16.71019621 1    
16.77165281 1    
16.77343109 1    
16.77467798 1    
16.88413738 1    
16.88536705 1    
16.88686725 1    
16.91967791 1    
16.92859446 1    
16.93009257 1    
17.06724730 1    
17.16494883 1    
17.16618483 1    
17.20092621 1    
17.20216403 1    
17.20368053 1    
17.20378821 -1   
17.27713227 1    
17.27749969 1    
17.39558216 1    
17.47601859 1    
17.57358078 1    
17.62395391 1    
17.62458813 1    
17.62617443 1    
17.66840564 1    
17.76485229 1    
17.77160921 1    
17.77184232 1    
17.81632184 1    
18.27210696 1    
18.41808335 1    
24.79552203 -1   
