0.00000000 1    
0.09347756 -1   
0.35077872 1    
0.35096176 -1   
0.51666126 1    
0.51670655 -1   
0.65192347 -1   
0.66641019 1    
0.66644736 -1   
0.82048212 1    
0.82079614 -1   
0.87763038 1    
0.89861711 1    
0.90960730 1    
0.96839467 1    
1.13916726 1    
1.13952724 -1   
1.37291878 1    
1.40180511 1    
1.40330317 1    
1.45802744 1    
1.54971712 1    
1.55019487 -1   
1.69892908 -1   
1.87337753 1    
1.87364061 -1   
2.04855370 1    
2.28026748 1    
2.28058232 -1   
2.50406159 -1   
2.62070738 1    
3.05961353 1    
3.06110648 1    
3.06135714 1    
3.22972374 1    
3.23199052 -1   
3.39099426 -1   
3.78889849 1    
3.78918039 -1   
3.93647657 1    
3.94312621 1    
4.08938535 1    
4.12768405 -1   
4.13639582 -1   
4.28522830 -1   
4.58623446 1    
4.58774798 1    
4.58811285 1    
4.61271869 1    
4.61421573 1    
4.63870402 1    
4.74665823 1    
4.74790186 1    
4.77540221 1    
4.77689276 1    
4.80236319 1    
4.80362414 1    
4.80512343 1    
4.90283191 1    
4.90299877 -1   
4.90429818 1    
4.92780995 1    
4.92928339 1    
4.95154842 1    
4.95279163 1    
4.99424919 1    
5.05074418 1    
5.07770606 1    
5.07922146 1    
5.10169254 1    
5.10318914 1    
5.10443773 1    
5.14319638 1    
5.14466411 1    
5.19863582 1    
5.22563993 1    
5.23761640 1    
5.25112463 1    
5.25262031 1    
5.25274715 -1   
5.29109191 1    
5.29257397 1    
5.34107940 1    
5.37355954 1    
5.37504830 1    
5.39904032 1    
5.40028947 1    
5.40253204 1    
5.44052178 1    
5.44201180 1    
5.44351365 1    
5.52147142 1    
5.52296299 1    
5.54745410 1    
5.54894971 1    
5.55046245 1    
5.55055686 -1   
5.55167958 1    
5.59015984 1    
5.59165300 1    
5.63513313 1    
5.67111532 1    
5.67235795 1    
5.69735050 1    
5.69859245 1    
5.70009312 1    
5.73807554 1    
5.73957064 1    
5.74881765 1    
5.78382494 1    
5.78529236 1    
5.82038195 1    
5.82179466 1    
5.84778793 1    
5.84927745 1    
5.84938597 -1   
5.88724574 1    
5.88875829 1    
5.89675866 1    
5.89822711 1    
5.93323904 1    
5.93472801 1    
5.97021608 1    
5.97170601 1    
5.99720126 1    
5.99841984 1    
6.03692982 1    
6.03696693 -1   
6.03842097 1    
6.04541861 1    
6.04691304 1    
6.04815897 1    
6.08265308 1    
6.08414438 1    
6.12012802 1    
6.12134817 1    
6.14759476 1    
6.14908435 1    
6.18631807 1    
6.18635514 -1   
6.19333527 1    
6.19482546 1    
6.19608187 1    
6.19757673 1    
6.23204441 1    
6.23328477 1    
6.27102333 1    
6.27226535 1    
6.27376422 1    
6.29725518 1    
6.29850021 1    
6.33548389 1    
6.34274700 1    
6.34424935 1    
6.34437793 -1   
6.34549567 1    
6.34699155 1    
6.38146115 1    
6.38272056 1    
6.42193301 1    
6.42342511 1    
6.44617182 1    
6.44768465 1    
6.48590062 1    
6.48738987 1    
6.49439579 1    
6.49563606 1    
6.49738498 1    
6.49865456 1    
6.53337483 1    
6.53463343 1    
6.57160505 1    
6.57309479 1    
6.57322062 -1   
6.57510878 1    
6.59558469 1    
6.59710332 1    
6.63630995 1    
6.63757926 1    
6.64458471 1    
6.64580324 1    
6.64781698 1    
6.64929679 1    
6.68528258 1    
6.68679961 1    
6.72153442 1    
6.72302653 1    
6.74399985 1    
6.74524736 1    
6.78549667 1    
6.78672104 1    
6.79274040 1    
6.79286404 -1   
6.79398939 1    
6.79623701 1    
6.79773632 1    
6.83322144 1    
6.83446397 1    
6.87118191 1    
6.87246355 1    
6.87916892 1    
6.89218676 1    
6.89340772 1    
6.93366596 1    
6.93513359 1    
6.94065705 1    
6.94190125 1    
6.94414962 1    
6.94564920 1    
6.98113946 1    
6.98235648 1    
6.98246177 -1   
7.02061449 1    
7.02210560 1    
7.02910648 1    
7.03060466 1    
7.04334756 1    
7.04459686 1    
7.08382757 1    
7.08532308 1    
7.09057117 1    
7.09206813 1    
7.09454560 1    
7.09606497 1    
7.13305177 1    
7.13429173 1    
7.17000849 1    
7.17124848 1    
7.17350208 1    
7.17876772 1    
7.17888681 -1   
7.18026954 1    
7.19399474 1    
7.19523902 1    
7.19634368 -1   
7.23321973 1    
7.23473451 1    
7.23744051 -1   
7.23998738 1    
7.24148012 1    
7.24398215 1    
7.24547821 1    
7.28221691 1    
7.28370621 1    
7.31992617 1    
7.32116815 1    
7.32583987 1    
7.34421945 -1   
7.80240030 1    
7.80366107 1    
7.80403515 1    
7.81365917 1    
7.81515955 1    
7.82463308 1    
7.82481497 -1   
7.82588153 1    
7.84564110 1    
7.90883727 1    
7.91009779 1    
7.95180944 1    
7.95305461 1    
7.95455413 1    
7.95580112 1    
7.95958279 1    
7.97231723 1    
7.97356429 1    
7.97506423 1    
7.98256113 1    
7.99378564 1    
7.99528319 1    
8.06100437 1    
8.06226898 1    
8.06237795 -1   
8.06801297 1    
8.10372768 1    
8.10498632 1    
8.10698665 1    
8.10823869 1    
8.12523195 1    
8.12672311 1    
8.12797414 1    
8.12947618 1    
8.13072233 1    
8.14672163 1    
8.14795751 1    
8.18495018 1    
8.20893400 1    
8.25390460 1    
8.25515808 1    
8.25765265 1    
8.25890031 1    
8.26839372 1    
8.27689936 1    
8.27839051 1    
8.27963910 1    
8.28113588 1    
8.28263957 1    
8.28388193 1    
8.29813279 1    
8.29962579 1    
8.36235130 1    
8.36384097 1    
8.37008881 1    
8.41381805 1    
8.41403404 -1   
8.41528977 1    
8.41928863 1    
8.42930918 1    
8.43930077 1    
8.44054723 1    
8.44327818 1    
8.44452512 1    
8.51499976 1    
8.51648696 1    
8.52198711 1    
8.56196724 1    
8.56720598 1    
8.56722996 -1   
8.56845887 1    
8.58719628 1    
8.58869430 1    
8.58964425 1    
8.76238671 -1   
9.18886096 1    
9.19006399 1    
9.30606059 1    
9.33723655 1    
15.07188658 -1   
20.64741648 1    
25.14588085 -1   
