0.00000000 -1   
0.67544732 -1   
0.92418276 1    
1.00427470 -1   
1.07209985 1    
1.08162451 -1   
1.15029093 -1   
1.21803983 1    
1.29541236 -1   
1.32210578 1    
1.40286509 1    
1.48158438 -1   
1.67100764 1    
1.67130796 -1   
2.00473118 -1   
2.12951816 1    
2.15091499 -1   
2.29789721 1    
2.29819706 -1   
2.47456707 1    
2.47489082 -1   
2.63970191 1    
2.64005164 -1   
2.78737055 1    
2.97276456 1    
2.97380787 -1   
3.16165837 -1   
3.31608413 1    
3.31634802 -1   
3.47498429 1    
3.47533428 -1   
3.67162749 1    
3.68377615 1    
3.68502368 1    
3.83032392 1    
3.97779791 1    
3.97996809 -1   
4.12604798 -1   
4.80130690 1    
4.80158758 -1   
4.98186249 1    
5.10919860 1    
5.16802361 1    
5.20454705 -1   
5.21311288 -1   
5.36110383 -1   
5.87100739 1    
5.87225056 1    
5.87263063 1    
5.91698245 1    
5.91847834 1    
5.99718821 1    
5.99867719 1    
6.00018032 1    
6.01692525 1    
6.01816947 1    
6.02016769 1    
6.02166745 1    
6.02716721 1    
6.05990178 1    
6.06114198 1    
6.06126277 -1   
6.06615205 1    
6.06763870 1    
6.14559857 1    
6.15383758 1    
6.16508505 1    
6.16808226 1    
6.16958225 1    
6.17082668 1    
6.17232926 1    
6.20831489 1    
6.20980834 1    
6.21555260 1    
6.21705298 1    
6.29351596 1    
6.29500847 1    
6.30200505 1    
6.31300147 1    
6.31749651 1    
6.31874517 1    
6.32049214 1    
6.32174447 1    
6.34598538 1    
6.35922358 1    
6.44270133 1    
6.44417685 1    
6.44992515 1    
6.46116597 1    
6.46566114 1    
6.46691033 1    
6.46840819 1    
6.46991015 1    
6.49389626 1    
6.50713988 1    
6.55686285 1    
6.55720593 -1   
6.59059716 1    
6.59208702 1    
6.59808677 1    
6.60907983 1    
6.61332647 1    
6.61482398 1    
6.61632636 1    
6.61782162 1    
6.64181847 1    
6.65505668 1    
6.70478172 1    
6.74000795 1    
6.74004086 -1   
6.74125018 1    
6.75699376 1    
6.75824380 1    
6.76273960 1    
6.76399162 1    
6.76573727 1    
6.76723820 1    
6.80297103 1    
6.80421728 1    
6.80571587 1    
6.80818543 -1   
6.88892790 1    
6.88897481 -1   
6.89041660 1    
6.90491310 1    
6.90641035 1    
6.91065477 1    
6.91215768 1    
6.91365182 1    
6.91515311 1    
6.95937872 1    
6.96087657 1    
6.96212671 1    
6.96362382 1    
6.96512438 1    
7.03708945 1    
7.03728189 -1   
7.05282909 1    
7.05432466 1    
7.05882338 1    
7.06156769 1    
7.06306942 1    
7.10280017 1    
7.10881009 1    
7.11004093 1    
7.11156627 1    
7.11281608 1    
7.15304203 1    
7.18603089 1    
7.20199373 1    
7.20348817 1    
7.21050650 1    
7.22000536 1    
7.25072118 1    
7.25671534 1    
7.25845895 1    
7.26070870 1    
7.30094456 1    
7.35118562 1    
7.35840149 1    
7.36789587 1    
7.39865833 1    
7.39881684 -1   
7.40015788 1    
7.40489574 1    
7.40615361 1    
7.40864097 1    
7.45062687 1    
7.49910175 1    
7.50633778 1    
7.51583371 1    
7.54657078 1    
7.55280726 1    
7.55403833 1    
7.55412830 -1   
7.55654020 1    
7.55780736 1    
7.63801833 1    
7.63925818 1    
7.64700582 1    
7.65398193 1    
7.66374947 1    
7.69448028 1    
7.70072816 1    
7.70647493 1    
7.70772390 1    
7.70922002 1    
7.78768533 1    
7.78917455 1    
7.79617498 1    
7.80189634 1    
7.80314896 1    
7.85487447 1    
7.85638732 1    
7.85763204 1    
7.85912192 1    
7.93707664 1    
7.93831639 1    
7.94406931 1    
7.94982841 1    
7.95131352 1    
7.99079690 1    
8.00303755 1    
8.00528012 1    
8.00727997 1    
8.00880225 1    
8.04451476 1    
8.08599024 1    
8.08613694 -1   
8.09223816 1    
8.09772639 1    
8.15094879 1    
8.15344604 1    
8.15569264 1    
8.15694164 1    
8.19274733 1    
8.23392786 1    
8.24616655 1    
8.24618006 -1   
8.24766411 1    
8.30163736 1    
8.30287093 1    
8.30538509 1    
8.30688170 1    
8.38206856 1    
8.38356329 1    
8.39280980 1    
8.40155353 1    
8.44185268 -1   
8.44278389 1    
8.44954794 1    
8.45354840 1    
8.45477236 1    
8.45629590 1    
8.46144383 -1   
8.47188372 -1   
8.50666473 -1   
8.52999042 1    
8.53175015 1    
8.53298198 1    
8.54949903 1    
8.55073355 1    
8.59747116 1    
8.59749329 -1   
8.59896696 1    
8.60270532 1    
8.60420994 1    
8.61220551 1    
8.67994161 1    
8.68016709 1    
9.22034310 1    
9.22184641 1    
9.22209806 1    
9.25982058 1    
9.26106469 1    
9.34877081 1    
9.34895665 -1   
9.35001424 1    
9.35150749 1    
9.35301087 1    
9.35425823 1    
9.36999898 1    
9.37149639 1    
9.40773504 1    
9.40897623 1    
9.45770896 1    
9.49693352 1    
9.49917838 1    
9.50067434 1    
9.50217408 1    
9.50367077 1    
9.51941905 1    
9.52091295 1    
9.55690412 1    
9.55838976 1    
9.55852483 -1   
9.64484930 1    
9.64609018 1    
9.64859395 1    
9.65008729 1    
9.65159023 1    
9.65283658 1    
9.66883772 1    
9.67007609 1    
9.70681316 1    
9.70805643 1    
9.70955658 1    
9.79401569 1    
9.79525430 1    
9.79776995 1    
9.79925199 1    
9.80075382 1    
9.80200060 1    
9.81824709 1    
9.81839558 -1   
9.81949364 1    
9.85680762 1    
9.85824396 1    
9.90071736 1    
9.94317893 1    
9.94466965 1    
9.94717165 1    
9.94867004 1    
9.94992014 1    
9.95141708 1    
9.96741134 1    
10.00464334 1    
10.00613619 1    
10.01188308 1    
10.04862068 1    
10.05010841 1    
10.09259822 1    
10.09274604 -1   
10.09408660 1    
10.09658306 1    
10.09808038 1    
10.09933015 1    
10.10083562 1    
10.15255739 1    
10.15405151 1    
10.15979917 1    
10.16129702 1    
10.19802957 1    
10.19842281 1    
10.28153369 -1   
10.98534229 1    
10.98627269 1    
11.18574543 1    
11.18668094 1    
19.17828066 -1   
25.29597758 -1   
