0.00000000 1    
0.00000818 1    
0.14810817 1    
0.46399995 -1   
0.61009039 -1   
0.61046983 1    
0.78956259 -1   
0.80226361 1    
0.82213325 -1   
0.84616991 -1   
0.95080206 -1   
0.95095676 1    
1.09805503 -1   
1.09837235 1    
1.14843092 -1   
1.15819000 -1   
1.19790205 -1   
1.24630551 -1   
1.39238765 -1   
1.39270194 1    
1.62030208 -1   
1.62063247 1    
1.76845509 -1   
1.80314615 1    
2.15671424 1    
2.32837405 -1   
2.47455444 -1   
2.47486341 1    
2.62089098 1    
2.70066168 -1   
2.76960528 1    
3.07020807 -1   
3.20278222 -1   
3.20426862 -1   
3.21839360 -1   
3.36567538 -1   
3.36793550 1    
3.51392725 1    
3.93711531 -1   
3.93737687 1    
4.09361840 -1   
4.18995418 -1   
4.27901211 -1   
4.31661088 1    
4.32522777 1    
4.47435814 1    
4.85634400 -1   
4.85757297 -1   
4.85819998 -1   
4.93053079 -1   
5.00772030 -1   
5.00921537 -1   
5.04572428 -1   
5.04694180 -1   
5.07870415 -1   
5.15591541 -1   
5.15740092 -1   
5.19389515 -1   
5.20012663 -1   
5.20029841 1    
5.22661793 -1   
5.30382901 -1   
5.30531335 -1   
5.34253847 -1   
5.34804363 -1   
5.42552670 -1   
5.45174992 -1   
5.45321117 -1   
5.49621872 -1   
5.49770266 -1   
5.59964099 -1   
5.60112093 -1   
5.64413219 -1   
5.64561568 -1   
5.69835042 -1   
5.74930229 -1   
5.75055888 -1   
5.75203410 -1   
5.79427343 -1   
5.79443829 1    
5.79553625 -1   
5.89698125 -1   
5.89845603 -1   
5.89997732 -1   
5.90146778 -1   
5.94495516 -1   
5.99669495 -1   
6.04637451 -1   
6.04786752 -1   
6.04961619 -1   
6.06163401 -1   
6.13260289 -1   
6.19456217 -1   
6.19580499 -1   
6.19755484 -1   
6.19905428 -1   
6.20954739 -1   
6.24903370 -1   
6.24934190 1    
6.28151380 -1   
6.34372347 -1   
6.35746422 -1   
6.39695434 -1   
6.48065913 -1   
6.49165170 -1   
6.50516951 -1   
6.50662973 -1   
6.54463628 -1   
6.62858305 -1   
6.63956326 -1   
6.65306584 -1   
6.65454501 -1   
6.65579475 -1   
6.69252673 -1   
6.77648519 -1   
6.78747190 -1   
6.80097935 -1   
6.80270494 -1   
6.80285273 1    
6.84069700 -1   
6.84216279 -1   
6.93541740 -1   
6.93661047 -1   
6.94361227 -1   
6.95160750 -1   
6.95312466 -1   
6.95314155 1    
6.98983644 -1   
6.99133032 -1   
7.08481157 -1   
7.08629397 -1   
7.09957714 -1   
7.10076602 -1   
7.10228164 -1   
7.13927800 -1   
7.14051899 -1   
7.14063854 1    
7.23394715 -1   
7.23545906 -1   
7.24870239 -1   
7.25020220 -1   
7.28743357 -1   
7.28892911 -1   
7.29017958 -1   
7.38364346 -1   
7.38512060 -1   
7.39812365 -1   
7.39961363 -1   
7.43660168 -1   
7.43809235 -1   
7.48257164 -1   
7.53280899 -1   
7.53429462 -1   
7.54753729 -1   
7.54903388 -1   
7.54916712 1    
7.58724194 -1   
7.58848527 -1   
7.68071250 -1   
7.68220435 -1   
7.68970239 -1   
7.69545885 -1   
7.69694640 -1   
7.69919732 -1   
7.73641377 -1   
7.73766562 -1   
7.83065729 -1   
7.83184884 -1   
7.84336484 -1   
7.84459051 -1   
7.84711366 -1   
7.84859144 -1   
7.88558250 -1   
7.88707956 -1   
7.88719396 1    
7.97978554 -1   
7.98128226 -1   
7.99252595 -1   
7.99400224 -1   
7.99650471 -1   
7.99775089 -1   
8.00452060 -1   
8.03550507 -1   
8.03698072 -1   
8.12922605 -1   
8.13069849 -1   
8.14192610 -1   
8.14366649 -1   
8.14567419 -1   
8.14716505 -1   
8.18367907 -1   
8.18489424 -1   
8.22964850 -1   
8.22981480 1    
8.27860578 -1   
8.27983925 -1   
8.28584020 -1   
8.29158870 -1   
8.29310614 -1   
8.29485241 -1   
8.29635182 -1   
8.33333572 -1   
8.33458231 -1   
8.38010978 -1   
8.42777536 -1   
8.43950604 -1   
8.44075120 -1   
8.44299678 -1   
8.44449910 -1   
8.48125470 -1   
8.48274914 -1   
8.52795722 -1   
8.52944872 -1   
8.53270028 -1   
8.58768265 -1   
8.58917999 -1   
8.59093769 -1   
8.59241600 -1   
8.62890828 -1   
8.62918844 1    
8.63039316 -1   
8.67589419 -1   
8.67763733 -1   
8.73683702 -1   
8.73883034 -1   
8.74035020 -1   
8.77691340 -1   
8.81754136 -1   
8.82378702 -1   
8.82553316 -1   
8.86723940 1    
8.88475544 -1   
8.88598766 1    
8.88624502 -1   
8.88749522 -1   
8.89051810 -1   
8.90540220 1    
8.92500487 -1   
8.96547332 -1   
8.97170404 -1   
8.97344428 -1   
9.03670520 -1   
9.03675513 1    
9.03676360 1    
9.03816014 -1   
9.03965763 -1   
9.04090780 -1   
9.05644208 -1   
9.05647836 1    
9.11366139 -1   
9.11486269 -1   
9.11893452 -1   
9.49473634 -1   
9.49622794 -1   
9.56967011 -1   
9.57085745 -1   
9.57237684 -1   
9.57250229 1    
9.57362467 -1   
9.58285198 -1   
9.60537305 -1   
9.60685501 -1   
9.64301621 -1   
9.65133848 -1   
9.65258103 -1   
9.71754762 -1   
9.73103924 -1   
9.73253709 -1   
9.75477604 -1   
9.75624892 -1   
9.79923010 -1   
9.80072668 -1   
9.80546995 -1   
9.84346378 -1   
9.86544392 -1   
9.87868670 -1   
9.89067741 -1   
9.90567076 -1   
9.91691552 -1   
9.94714796 -1   
9.94740667 1    
9.95364085 -1   
9.99137111 -1   
10.03861496 -1   
10.05360548 -1   
10.06484469 -1   
10.09656338 -1   
10.09805535 -1   
10.13930846 -1   
10.18750919 -1   
10.20150285 -1   
10.21274421 -1   
10.24448332 -1   
10.24571844 -1   
10.28747379 -1   
10.28775293 1    
10.33544608 -1   
10.39243253 -1   
10.39390505 -1   
10.43564406 -1   
10.52256710 -1   
10.54081245 -1   
10.54232262 -1   
10.54382199 -1   
10.58362395 -1   
10.67076286 -1   
10.68874485 -1   
10.69074114 -1   
10.69423980 -1   
10.73172004 -1   
10.78329563 1    
10.81867149 -1   
10.83663523 -1   
10.83887773 -1   
10.84239451 -1   
10.84256403 1    
10.93240614 -1   
10.93244578 1    
10.98455371 -1   
10.98579245 -1   
10.99029922 -1   
10.99155330 -1   
11.08051580 -1   
11.08200788 -1   
11.13696770 -1   
11.13847581 -1   
11.14322857 -1   
11.14386750 -1   
11.33582260 -1   
11.45854925 -1   
11.53306535 -1   
11.68039277 -1   
15.93198639 1    
22.46738303 -1   
