0.00000000 1    
0.00016664 -1   
0.15079926 -1   
0.45614598 1    
0.65605540 1    
0.65640362 -1   
0.80940875 -1   
0.84700558 1    
0.88629721 1    
0.91032628 1    
0.92028645 1    
0.96627239 1    
1.03341782 1    
1.03372237 -1   
1.20446977 1    
1.20450553 -1   
1.40641881 -1   
1.49263746 1    
1.51621034 1    
1.53621438 1    
1.67198928 1    
1.71296360 -1   
1.82435778 1    
1.90901364 -1   
1.97517286 1    
2.13890887 -1   
2.31434165 1    
2.31465929 -1   
2.53173672 1    
3.79806250 1    
3.79904764 -1   
4.35935226 1    
4.35995209 1    
4.56600475 1    
4.73079499 1    
4.73315502 -1   
4.88564304 -1   
6.12539588 1    
6.12561643 1    
6.12582000 -1   
6.27352539 1    
6.31013665 -1   
6.31974844 -1   
6.45617593 -1   
6.91088008 1    
6.91210082 1    
6.91247745 1    
7.19124710 1    
7.19246643 1    
7.19396357 1    
7.34039925 1    
7.34212718 1    
7.34412534 1    
7.49630483 1    
7.49826922 1    
7.50024831 1    
7.64424632 1    
7.64568345 1    
7.64768159 1    
7.64781506 -1   
7.64917782 1    
7.79211847 1    
7.79361606 1    
7.80209442 1    
7.83707437 1    
7.83831958 1    
7.94154854 1    
7.94303289 1    
7.98504323 1    
7.98650626 1    
8.03324171 1    
8.09096079 1    
8.09220067 1    
8.13493036 1    
8.13642151 1    
8.14116734 1    
8.14128914 -1   
8.23890829 1    
8.24034186 1    
8.28309257 1    
8.28431139 1    
8.28933350 1    
8.29083439 1    
8.38828313 1    
8.38977245 1    
8.43251133 1    
8.43400157 1    
8.43924993 1    
8.44049388 1    
8.53822144 1    
8.53944154 1    
8.54518984 1    
8.58214936 1    
8.58339467 1    
8.58841273 1    
8.58854495 -1   
8.58991730 1    
8.68734262 1    
8.68883207 1    
8.73039348 1    
8.73185281 1    
8.73634416 1    
8.73782725 1    
8.77904130 1    
8.78052975 1    
8.84005095 1    
8.84151747 1    
8.87998446 1    
8.88121997 1    
8.88576323 1    
8.88721682 1    
8.92872808 1    
8.92996775 1    
8.98946231 1    
8.99093349 1    
8.99107131 -1   
9.02917007 1    
9.03065210 1    
9.03517383 1    
9.03640530 1    
9.07787073 1    
9.08787728 1    
9.13984026 1    
9.14134891 1    
9.14136933 -1   
9.18258945 1    
9.18406953 1    
9.18756699 1    
9.18906978 1    
9.23646564 1    
9.23779323 1    
9.28475767 1    
9.28774290 1    
9.33102757 1    
9.33248686 1    
9.33261737 -1   
9.38474938 1    
9.38595776 1    
9.43269018 1    
9.43568692 1    
9.47915854 1    
9.48313026 1    
9.53388097 1    
9.53512201 1    
9.54462364 1    
9.58359228 1    
9.58484115 1    
9.63129835 1    
9.63254535 1    
9.68301953 1    
9.68451601 1    
9.69226204 1    
9.73150050 1    
9.73298406 1    
9.73311755 -1   
9.77921493 1    
9.83121690 1    
9.83268206 1    
9.84018060 1    
9.84169375 1    
9.88368219 1    
9.88490035 1    
9.96711155 1    
9.96834778 1    
9.97910002 1    
9.98059842 1    
10.03159442 1    
10.03306489 1    
10.11532967 1    
10.11651978 1    
10.12701727 1    
10.13804393 1    
10.13818289 -1   
10.17951133 1    
10.18098172 1    
10.26650720 1    
10.26795195 1    
10.27345074 1    
10.27844431 1    
10.28821107 1    
10.32892441 1    
10.33014757 1    
10.41585945 1    
10.41736517 1    
10.42186625 1    
10.42635876 1    
10.42786329 1    
10.47809530 1    
10.47930681 1    
10.48083195 1    
10.56952106 1    
10.57075571 1    
10.57087492 -1   
10.57802358 1    
10.57927172 1    
10.61501354 1    
10.61649956 1    
10.62750124 1    
10.62874211 1    
10.67995083 1    
10.71875645 1    
10.71992528 1    
10.72716989 1    
10.72869222 1    
10.76442077 1    
10.76591701 1    
10.77666606 1    
10.77814071 1    
10.86684542 1    
10.86808407 1    
10.87533856 1    
10.87549536 -1   
10.87658441 1    
10.91233865 1    
10.91381233 1    
10.92458260 1    
10.92607637 1    
10.96828931 1    
11.01602606 1    
11.01724767 1    
11.02474983 1    
11.06025175 1    
11.06150330 1    
11.07272441 1    
11.07399333 1    
11.11894692 1    
11.15744177 -1   
11.15969771 1    
11.16868538 1    
11.16993011 1    
11.17618934 -1   
11.19443398 -1   
11.20941873 1    
11.21091531 1    
11.22114103 1    
11.22264815 1    
11.26286483 1    
11.30636833 1    
11.30639205 -1   
11.31659141 1    
11.31807729 1    
11.32784789 1    
11.35983685 1    
11.36132788 1    
11.37132309 1    
11.37282533 1    
11.37350074 1    
11.99847876 1    
12.05493641 1    
12.05618583 1    
12.06542419 1    
12.06667146 1    
12.06817341 1    
12.09366863 1    
12.09516093 1    
12.14711223 1    
12.20085202 1    
12.20147373 1    
12.20165202 -1   
12.20407491 1    
12.21710087 1    
12.24230762 1    
12.24381870 1    
12.29502811 1    
12.34901891 1    
12.35525894 1    
12.36523912 1    
12.36648189 1    
12.39172147 1    
12.39296745 1    
12.39304820 -1   
12.48419553 1    
12.48543093 1    
12.49767855 1    
12.50415283 1    
12.51341927 1    
12.52338895 1    
12.53966096 1    
12.54089901 1    
12.63336664 1    
12.63482595 1    
12.65231926 1    
12.65356371 1    
12.65506570 1    
12.67130861 1    
12.67280813 1    
12.68981771 1    
12.69129662 1    
12.78277406 1    
12.78426626 1    
12.78439341 -1   
12.80298989 1    
12.80447793 1    
12.81922905 1    
12.82047220 1    
12.82298730 1    
12.83921378 1    
12.84047937 1    
12.87996108 1    
12.93243918 1    
12.93365615 1    
12.95292434 1    
12.95414244 1    
12.96891000 1    
12.97015383 1    
12.98766025 1    
12.98914456 1    
13.02763748 1    
13.02780158 -1   
13.02912329 1    
13.08159247 1    
13.08284024 1    
13.10209322 1    
13.10330606 1    
13.11807654 1    
13.11956821 1    
13.13706836 1    
13.13855219 1    
13.17804396 1    
13.17807630 -1   
13.22606076 1    
13.22858575 1    
13.64626170 1    
13.64719217 1    
13.73679625 1    
13.79463192 1    
15.89887761 1    
20.48214566 -1   
