0.00000000 1    
0.22776600 -1   
0.22795132 1    
0.37393322 -1   
0.37399023 1    
0.52498118 -1   
0.52501638 1    
0.67649608 -1   
0.67682311 1    
0.72088568 -1   
0.75361658 -1   
0.75561370 -1   
0.83596721 -1   
0.83612270 1    
0.98208251 -1   
1.02398582 1    
1.03593131 -1   
1.06870924 -1   
1.14937486 -1   
1.17026740 -1   
1.23828926 1    
1.31637588 -1   
1.46487106 -1   
1.46490696 1    
1.69212748 1    
1.89205484 -1   
1.89236925 1    
2.06894029 -1   
2.06996132 1    
2.21837725 -1   
2.60156553 -1   
2.60305577 -1   
2.60341035 -1   
2.83959811 -1   
2.84179747 1    
3.09008889 1    
3.34621122 -1   
3.53937529 -1   
3.53961469 1    
3.66197571 -1   
3.69063379 -1   
3.73648087 1    
3.74611061 1    
3.88434996 1    
4.23162738 -1   
4.23310162 -1   
4.23347768 -1   
4.29485438 -1   
4.29608837 -1   
4.29758630 -1   
4.38106028 -1   
4.38253966 -1   
4.42327550 -1   
4.44274014 -1   
4.44550217 -1   
4.44675208 -1   
4.52919489 -1   
4.53794475 -1   
4.53806490 1    
4.57119353 -1   
4.59466633 -1   
4.59591334 -1   
4.67710299 -1   
4.67836541 -1   
4.68611625 -1   
4.74233746 -1   
4.74383020 -1   
4.74507560 -1   
4.79455668 -1   
4.82503917 -1   
4.83403064 -1   
4.89298743 -1   
4.94322049 -1   
4.97320239 -1   
4.98195271 -1   
5.04114678 -1   
5.04134156 1    
5.04264255 -1   
5.09113595 -1   
5.12111768 -1   
5.12986106 -1   
5.18983025 -1   
5.19132776 -1   
5.23206289 -1   
5.23929500 -1   
5.26903602 -1   
5.27775344 -1   
5.33800653 -1   
5.33923661 -1   
5.38971771 -1   
5.39120624 -1   
5.42569495 -1   
5.42691672 -1   
5.42842068 -1   
5.48766417 -1   
5.48778919 1    
5.48915645 -1   
5.54038010 -1   
5.54162235 -1   
5.57710928 -1   
5.57833443 -1   
5.62408579 -1   
5.64357020 -1   
5.69104166 -1   
5.69229278 -1   
5.72531100 -1   
5.72674982 -1   
5.77199774 -1   
5.77368189 -1   
5.83968787 -1   
5.84119432 -1   
5.87641873 -1   
5.87790839 -1   
5.92116154 -1   
5.92130744 1    
5.92238343 -1   
5.97760552 -1   
5.99084777 -1   
5.99209404 -1   
6.02732784 -1   
6.02882385 -1   
6.07230242 -1   
6.07232368 1    
6.12355448 -1   
6.13878045 -1   
6.14003147 -1   
6.17649694 -1   
6.17798980 -1   
6.22221870 -1   
6.22371299 -1   
6.22498072 -1   
6.28695476 -1   
6.28844449 -1   
6.32616186 -1   
6.32767254 -1   
6.32780441 1    
6.37338098 -1   
6.37462379 -1   
6.37612373 -1   
6.37764325 -1   
6.43736531 -1   
6.43885771 -1   
6.47557362 -1   
6.47706416 -1   
6.52381041 -1   
6.52505960 -1   
6.52681328 -1   
6.58703442 -1   
6.58852512 -1   
6.59153489 -1   
6.62499124 -1   
6.62647854 -1   
6.67350459 -1   
6.67497830 -1   
6.72121021 -1   
6.73544735 -1   
6.73570663 1    
6.73694222 -1   
6.77790245 -1   
6.82164984 -1   
6.82314108 -1   
6.86935412 -1   
6.88309359 -1   
6.92659892 -1   
6.92956020 -1   
6.96954183 -1   
6.97103323 -1   
7.01926394 -1   
7.02078039 -1   
7.03225721 -1   
7.07798019 -1   
7.08197084 -1   
7.08206567 1    
7.11745771 -1   
7.11921849 -1   
7.16869478 -1   
7.16993527 -1   
7.17968702 -1   
7.18918100 -1   
7.22989436 -1   
7.23113232 -1   
7.26688927 -1   
7.26836122 -1   
7.31811400 -1   
7.31935296 -1   
7.33734676 -1   
7.33884360 -1   
7.37906035 -1   
7.38032110 -1   
7.38682146 -1   
7.41705310 -1   
7.41725486 1    
7.41827693 -1   
7.46802372 -1   
7.46926789 -1   
7.48674394 -1   
7.48825905 -1   
7.52921998 -1   
7.53073373 -1   
7.56496799 -1   
7.56621293 -1   
7.61494016 -1   
7.62241093 -1   
7.62393419 -1   
7.63817384 -1   
7.68217146 -1   
7.68364896 -1   
7.71688533 -1   
7.71812812 -1   
7.77032981 -1   
7.77182512 -1   
7.78684178 -1   
7.78808827 -1   
7.83157048 -1   
7.92525899 -1   
7.92674115 -1   
7.94199175 -1   
7.94322601 -1   
7.98646254 -1   
8.03243855 -1   
8.03266637 1    
8.07940967 -1   
8.08365319 -1   
8.09764548 -1   
8.09913851 -1   
8.13987972 -1   
8.18510094 -1   
8.22478450 1    
8.23731677 -1   
8.23881062 -1   
8.24404054 1    
8.25130704 -1   
8.25280047 -1   
8.26432045 1    
8.29038736 1    
8.33176149 -1   
8.33300527 -1   
8.33863972 -1   
8.39622244 -1   
8.39624658 1    
8.40921391 -1   
8.41070845 -1   
8.48892099 -1   
8.49041497 -1   
8.53089746 -1   
8.53239071 -1   
8.55013191 -1   
8.56338029 -1   
8.56363095 -1   
8.60535464 -1   
8.83172745 -1   
8.83297238 -1   
8.83335397 -1   
8.83344882 1    
8.87020703 -1   
8.87144550 -1   
8.99538752 -1   
8.99687409 -1   
9.02986689 -1   
9.03135698 -1   
9.03285720 -1   
9.14779646 -1   
9.14906005 -1   
9.18381427 -1   
9.18704347 -1   
9.30249290 -1   
9.30397366 -1   
9.33894103 -1   
9.45038654 -1   
9.45213675 -1   
9.45338400 -1   
9.48737192 -1   
9.60005948 -1   
9.60032397 1    
9.60280135 -1   
9.65752513 -1   
9.75246788 -1   
9.80192025 -1   
9.84891907 -1   
9.85015210 -1   
9.90763634 -1   
9.95333662 -1   
9.99731519 -1   
10.03503981 -1   
10.05527509 -1   
10.10102473 -1   
10.14599421 -1   
10.18320604 -1   
10.20345608 -1   
10.24891880 -1   
10.29465864 -1   
10.29482452 1    
10.35238143 -1   
10.35387226 -1   
10.44309075 -1   
10.44461745 -1   
10.44756974 -1   
10.50302412 -1   
10.50451154 -1   
10.59298336 -1   
10.59446386 -1   
10.64345140 -1   
10.65419897 -1   
10.65569704 -1   
10.74790654 -1   
10.74939401 -1   
10.75689444 -1   
10.80859595 -1   
10.80983797 -1   
10.84516398 1    
10.84682060 -1   
10.90081463 -1   
10.90203662 -1   
10.90216942 1    
10.96127655 -1   
10.96450127 -1   
10.96602157 -1   
11.03701375 1    
11.05520566 -1   
11.05671840 -1   
11.06021995 -1   
11.06171362 -1   
11.12019078 -1   
11.12167953 -1   
11.17288606 -1   
11.21330276 -1   
11.29382185 -1   
11.36873728 -1   
11.41727075 -1   
11.52465443 -1   
17.24258842 1    
20.45820108 -1   
