0.00000000 1    
0.21446011 -1   
0.23531435 1    
0.39684990 -1   
0.39712401 1    
0.54602651 -1   
0.54656392 1    
0.69666067 -1   
0.69695441 1    
0.75732597 -1   
0.78579014 -1   
0.81577004 -1   
0.81701090 -1   
0.84601530 -1   
1.04656302 -1   
1.04673883 1    
1.23469036 -1   
1.23501775 1    
1.26774468 -1   
1.27750121 -1   
1.38433071 -1   
1.57852091 -1   
1.57882861 1    
1.76751680 1    
1.83453608 -1   
1.95566205 1    
2.32525283 -1   
2.47292528 -1   
2.47396202 1    
3.07895389 -1   
3.08044422 -1   
3.08093989 -1   
3.29830637 -1   
3.30058231 1    
3.44829929 1    
3.81163358 -1   
3.99954872 -1   
3.99983521 1    
4.28027123 -1   
4.28122749 -1   
4.32057554 1    
4.33050296 1    
4.48019863 1    
4.74654130 -1   
4.74801366 -1   
4.74848902 -1   
4.77825027 -1   
4.77949401 -1   
4.86924438 -1   
4.87069940 -1   
4.87193918 -1   
4.87344083 -1   
4.87469600 -1   
4.89766619 -1   
4.92706202 -1   
5.05932162 -1   
5.06081586 -1   
5.06756547 -1   
5.06773199 1    
5.06880861 -1   
5.07030199 -1   
5.07807677 -1   
5.09779930 -1   
5.15851204 -1   
5.22637850 -1   
5.25747989 -1   
5.25869857 -1   
5.28321761 -1   
5.28468380 -1   
5.28593154 -1   
5.35642086 -1   
5.37343634 -1   
5.44984706 -1   
5.45136184 -1   
5.47908054 -1   
5.48057032 -1   
5.48181731 -1   
5.48191718 1    
5.52117608 -1   
5.55830488 -1   
5.55977727 -1   
5.65998087 -1   
5.66121562 -1   
5.66271996 -1   
5.66973483 -1   
5.70548447 -1   
5.76968429 -1   
5.77115538 -1   
5.77240558 -1   
5.77392530 -1   
5.77542873 -1   
5.77665111 -1   
5.77817743 -1   
5.77967089 -1   
5.84390331 -1   
5.84513532 -1   
5.84663723 -1   
5.84785916 -1   
5.84794131 1    
5.84938386 -1   
5.85088278 -1   
5.85213058 -1   
5.85387876 -1   
5.85537913 -1   
5.85662132 -1   
5.85811405 -1   
5.88337302 -1   
5.88461151 -1   
5.88610849 -1   
5.88736177 -1   
5.88885764 -1   
5.92085448 -1   
5.94134082 -1   
5.94281391 -1   
6.03352170 -1   
6.06700341 -1   
6.06823269 -1   
6.12871110 -1   
6.12885121 1    
6.12997772 -1   
6.13144681 -1   
6.18129718 -1   
6.26691872 -1   
6.26839477 -1   
6.31940734 1    
6.35010504 -1   
6.35134632 -1   
6.35284665 -1   
6.36859223 -1   
6.36861811 -1   
6.45901883 -1   
6.46053090 -1   
6.46877961 -1   
6.47027440 -1   
6.47177433 -1   
6.47902446 -1   
6.48027707 -1   
6.51797243 -1   
6.51814172 1    
6.55449027 -1   
6.55597844 -1   
6.61867678 -1   
6.65941344 -1   
6.66091548 -1   
6.66683063 -1   
6.76486513 -1   
6.76637169 -1   
6.78560362 -1   
6.78682173 -1   
6.81441559 -1   
6.84931552 -1   
6.94576554 -1   
6.94700482 -1   
6.94850769 -1   
6.99790856 -1   
7.03869239 -1   
7.03994478 -1   
7.05168095 -1   
7.05180961 1    
7.05319680 -1   
7.05443695 -1   
7.08341576 -1   
7.14603196 -1   
7.15086908 -1   
7.15213914 -1   
7.16036552 -1   
7.16186111 -1   
7.16310938 -1   
7.17110611 -1   
7.17260417 -1   
7.17384910 -1   
7.29362885 -1   
7.35353408 -1   
7.35499734 -1   
7.41174832 -1   
7.44103854 -1   
7.49620207 -1   
7.49768866 -1   
7.55564382 -1   
7.55580202 1    
7.55688576 -1   
7.55840216 -1   
7.58337369 -1   
7.58464009 -1   
7.59035468 -1   
7.65860039 -1   
7.66009390 -1   
7.66859474 -1   
7.77703927 -1   
7.77852617 -1   
7.77946584 -1   
7.89497142 -1   
7.89620977 -1   
7.91070590 -1   
7.91194995 -1   
7.91345274 -1   
7.92728853 -1   
8.07605460 -1   
8.12631756 -1   
8.12757661 -1   
8.18428216 -1   
8.18442513 1    
8.18554776 -1   
8.18704058 -1   
8.22325705 -1   
8.22452366 -1   
8.22600200 -1   
8.22749916 -1   
8.22875053 -1   
8.23024561 -1   
8.23149635 -1   
8.23299829 -1   
8.23422487 -1   
8.40143203 -1   
8.40267276 -1   
8.41977960 1    
8.42179177 -1   
8.51486821 -1   
8.51610271 -1   
8.53560386 -1   
8.53709513 -1   
8.53834664 -1   
8.56808551 1    
8.59581033 -1   
8.60909203 -1   
8.73121741 -1   
8.73247884 -1   
8.75735812 -1   
8.79520644 -1   
8.79644977 -1   
8.82316300 -1   
8.82443480 -1   
8.82592987 -1   
8.88939169 -1   
8.89089065 -1   
8.89214277 -1   
8.91960437 -1   
8.94296240 -1   
9.00033146 -1   
9.00180442 -1   
9.00861099 1    
9.02129999 -1   
9.02279284 -1   
9.02407014 -1   
9.02724760 1    
9.04706771 1    
9.07553177 1    
9.15547516 -1   
9.15671594 -1   
9.15721094 -1   
9.17446321 -1   
9.17449933 1    
9.17595477 -1   
9.19970882 -1   
9.23819679 -1   
9.23943499 -1   
9.24091960 -1   
9.25493131 -1   
9.25616042 -1   
9.26517972 -1   
9.32323790 -1   
9.36110572 -1   
9.45383205 -1   
9.46254235 -1   
9.46406770 -1   
9.50994870 -1   
9.51010807 1    
9.56774186 -1   
9.56900230 -1   
9.65776341 -1   
9.66120138 -1   
9.66245270 -1   
9.68019866 -1   
9.68143957 -1   
9.68293580 -1   
9.68995338 -1   
9.69118433 -1   
9.69942677 -1   
9.78864055 -1   
9.79012265 -1   
9.79960211 -1   
9.80987244 -1   
9.87088969 -1   
9.87232534 -1   
9.93530295 -1   
9.93676854 -1   
9.93804488 -1   
9.95871379 -1   
9.95882384 1    
9.97902484 -1   
9.98051548 -1   
10.10681098 -1   
10.14065996 -1   
10.14217816 -1   
10.21838233 -1   
10.21963167 -1   
10.22110930 -1   
10.28308324 -1   
10.28762658 -1   
10.40777915 -1   
10.40926999 -1   
10.43697822 -1   
10.49545787 -1   
10.49697122 -1   
10.57193786 -1   
10.57317200 -1   
10.57465862 -1   
10.58442153 -1   
10.58454284 1    
10.58567296 -1   
10.58604832 -1   
10.60389591 -1   
10.69012301 -1   
10.69161435 -1   
10.70209152 -1   
10.70335831 -1   
10.70483244 -1   
10.74528845 -1   
10.74932929 -1   
10.75082462 -1   
10.82853921 -1   
10.83003066 -1   
10.83152585 -1   
10.86126763 -1   
10.88348909 -1   
10.88499707 -1   
10.89256469 -1   
10.89265227 1    
10.90299773 -1   
10.90449181 -1   
10.92221517 -1   
10.92373058 -1   
10.97221629 -1   
10.97344912 -1   
10.99495537 -1   
11.04022327 -1   
11.06712828 -1   
11.06864378 -1   
11.17559277 -1   
11.17681092 -1   
11.17831313 -1   
11.18924223 -1   
11.28527604 -1   
11.28651898 -1   
11.33871772 -1   
11.50824674 -1   
15.06522872 -1   
20.68174597 -1   
