0.00000000 1    
0.22262188 -1   
0.22277786 1    
0.36911609 -1   
0.36915583 1    
0.51732658 -1   
0.51736088 1    
0.71457461 -1   
0.72649322 -1   
0.74446587 -1   
0.78068939 -1   
0.87220888 -1   
0.87234083 1    
1.01859859 1    
1.05573864 -1   
1.11551628 -1   
1.23619866 -1   
1.25619639 -1   
1.27967281 -1   
1.38418349 -1   
1.38451075 1    
1.53060758 1    
1.58760832 -1   
1.67698255 1    
1.87691543 -1   
1.94917400 1    
2.02664592 -1   
2.10151021 1    
2.17251086 -1   
2.24940234 1    
2.58892408 -1   
2.59014852 -1   
2.67140467 -1   
2.73568030 -1   
2.73609035 1    
2.88157259 -1   
2.89298772 1    
2.92478252 1    
3.04204187 -1   
3.36442635 -1   
3.36472521 1    
3.51728025 -1   
3.62183544 -1   
3.70563044 -1   
3.74248338 1    
3.75210534 1    
3.88999952 1    
4.18750787 -1   
4.18900569 -1   
4.18937027 -1   
4.33693453 -1   
4.33817851 -1   
4.37741432 -1   
4.48490324 -1   
4.48734061 -1   
4.63401791 -1   
4.63550130 -1   
4.63674467 -1   
4.78191154 -1   
4.78464931 -1   
4.92984183 -1   
4.93258643 -1   
4.93271657 1    
4.93379634 -1   
5.07779896 -1   
5.08050181 -1   
5.12152145 -1   
5.22568020 -1   
5.22717432 -1   
5.22784986 -1   
5.27047950 -1   
5.37535181 -1   
5.37705871 -1   
5.37858398 -1   
5.41828543 -1   
5.52350848 -1   
5.52499159 -1   
5.56847991 -1   
5.65865570 -1   
5.68666090 -1   
5.68679663 1    
5.68791802 -1   
5.82310013 -1   
5.82455033 -1   
5.84956980 -1   
5.91277508 -1   
5.98149688 -1   
5.98270962 -1   
6.00646914 -1   
6.03420777 -1   
6.06692077 -1   
6.15464501 -1   
6.18212469 -1   
6.21533329 -1   
6.30253674 -1   
6.30380189 -1   
6.33103756 -1   
6.36327033 -1   
6.45048066 -1   
6.45194529 -1   
6.45207247 1    
6.45321330 -1   
6.47895072 -1   
6.51118209 -1   
6.59863932 -1   
6.59987795 -1   
6.62786586 -1   
6.62911554 -1   
6.71529913 -1   
6.74652667 -1   
6.77578897 -1   
6.77700526 -1   
6.82024092 -1   
6.89544306 -1   
6.89695149 -1   
6.92496245 -1   
6.92619022 -1   
6.92632841 1    
7.04114386 -1   
7.04512204 -1   
7.04663472 -1   
7.07411548 -1   
7.07560499 -1   
7.11660544 1    
7.19327985 -1   
7.19451904 -1   
7.19601571 -1   
7.22202310 -1   
7.22327092 -1   
7.26600191 -1   
7.34245882 -1   
7.34367919 -1   
7.36994288 -1   
7.37143581 -1   
7.41392589 -1   
7.41516377 -1   
7.49163085 -1   
7.49286175 -1   
7.49298657 1    
7.49759493 -1   
7.51935332 -1   
7.52060123 -1   
7.56307926 -1   
7.56457597 -1   
7.64153331 -1   
7.64278056 -1   
7.66725293 -1   
7.66875946 -1   
7.70923342 -1   
7.71249099 -1   
7.71399263 -1   
7.79068215 -1   
7.79217360 -1   
7.79517748 -1   
7.81666364 -1   
7.81791130 -1   
7.81798314 1    
7.86064228 -1   
7.86213342 -1   
7.90611460 -1   
7.94011340 -1   
7.94161057 -1   
7.96460120 -1   
7.96582589 -1   
7.96857308 -1   
8.01005497 -1   
8.01156880 -1   
8.08828373 -1   
8.08952485 -1   
8.09652528 -1   
8.11351084 -1   
8.11476468 -1   
8.11673829 -1   
8.15949130 -1   
8.23745781 -1   
8.23894173 -1   
8.26141212 -1   
8.26268162 -1   
8.26467692 -1   
8.26617580 -1   
8.30740750 -1   
8.30755402 1    
8.38711595 -1   
8.40960408 -1   
8.41084233 -1   
8.41259389 -1   
8.41434151 -1   
8.45608161 -1   
8.53500466 -1   
8.55751104 -1   
8.56049067 -1   
8.56173738 -1   
8.56850414 -1   
8.60398921 -1   
8.60418108 1    
8.60549317 -1   
8.68267077 -1   
8.70540469 -1   
8.70865168 -1   
8.71640035 -1   
8.71789567 -1   
8.75188117 -1   
8.79311037 -1   
8.79435012 -1   
8.85359560 -1   
8.85481605 -1   
8.86459168 -1   
8.86580800 -1   
8.89980030 -1   
8.90103830 -1   
8.94229682 -1   
8.94351529 -1   
9.00274101 -1   
9.00422895 -1   
9.00434383 1    
9.00573101 -1   
9.01399998 -1   
9.01550100 -1   
9.04896330 -1   
9.05020306 -1   
9.09145591 -1   
9.09293145 -1   
9.15218357 -1   
9.15339621 -1   
9.16189449 -1   
9.16313684 -1   
9.19687551 -1   
9.19811724 -1   
9.23937852 -1   
9.24085970 -1   
9.27806372 1    
9.29332211 -1   
9.30133535 -1   
9.30258054 -1   
9.30267546 1    
9.31130851 -1   
9.31136431 1    
9.31255847 -1   
9.34105384 1    
9.34603984 -1   
9.34728398 -1   
9.38928980 -1   
9.44998307 -1   
9.45002537 1    
9.45147753 -1   
9.45422556 -1   
9.46271729 -1   
9.49198879 -1   
9.49597350 -1   
9.49722292 -1   
9.59723696 -1   
9.59991576 -1   
9.84276066 -1   
9.84427336 -1   
9.84452464 -1   
9.86150349 -1   
9.86299209 -1   
9.90597474 -1   
9.90614609 1    
9.99119178 -1   
9.99268551 -1   
9.99391659 -1   
10.00491093 -1   
10.00940498 -1   
10.01242754 -1   
10.05388782 -1   
10.14060335 -1   
10.14185488 -1   
10.15332780 -1   
10.15482616 -1   
10.15659227 -1   
10.16109489 -1   
10.16234240 -1   
10.24130635 -1   
10.28851226 -1   
10.28869975 1    
10.29224970 -1   
10.30126214 -1   
10.30451063 -1   
10.30575951 -1   
10.31023880 -1   
10.31173783 -1   
10.42994983 -1   
10.43118673 -1   
10.43893503 -1   
10.44941460 -1   
10.45065821 -1   
10.45440029 -1   
10.45565254 -1   
10.45965052 -1   
10.46091072 -1   
10.57911285 -1   
10.58059960 -1   
10.59760145 -1   
10.59776720 1    
10.59884805 -1   
10.60233747 -1   
10.60358792 -1   
10.60756335 -1   
10.60908732 -1   
10.64829278 -1   
10.72875945 -1   
10.73000846 -1   
10.74652733 -1   
10.75023439 -1   
10.75148562 -1   
10.75547868 -1   
10.75673197 -1   
10.79621108 -1   
10.83644342 -1   
10.87869695 -1   
10.87992796 -1   
10.89815558 -1   
10.89964598 -1   
10.90340257 -1   
10.90355253 1    
10.94490434 -1   
10.98610509 -1   
10.98759778 -1   
11.02858144 -1   
11.03008711 -1   
11.04756947 -1   
11.04881210 -1   
11.05356215 -1   
11.05357465 1    
11.09428688 -1   
11.48959179 -1   
11.49927247 -1   
11.62451560 -1   
11.63641593 -1   
11.78361829 -1   
19.22177551 -1   
23.43811187 -1   
