0.00000000 -1   
0.22933504 -1   
0.44318379 -1   
0.50827094 1    
0.58973711 -1   
0.65705775 1    
0.73737648 -1   
0.80428051 1    
1.01423960 1    
1.01441192 -1   
1.16064979 1    
1.16097164 -1   
1.38329346 1    
1.44372907 -1   
1.59364276 1    
1.59391373 -1   
1.73957137 1    
1.78221755 -1   
2.35898356 1    
2.50596044 1    
2.50625387 -1   
2.70503690 1    
2.70507289 -1   
3.24039104 1    
3.24162412 1    
3.38957341 1    
3.39210265 -1   
3.53825938 -1   
3.92967114 1    
3.92992720 -1   
4.29628540 -1   
4.34034009 1    
4.45393639 1    
4.52651049 1    
4.56136634 -1   
4.57097753 -1   
4.70734860 -1   
5.08730720 1    
5.08879533 1    
5.08917739 1    
5.14729470 1    
5.23701108 1    
5.23825097 1    
5.27619697 1    
5.29520932 1    
5.38615845 1    
5.41288926 1    
5.42438043 1    
5.44336806 1    
5.53482086 1    
5.56080510 1    
5.56096596 -1   
5.57227677 1    
5.59126145 1    
5.68296324 1    
5.68422485 1    
5.70894483 1    
5.73917602 1    
5.74042199 1    
5.83297952 1    
5.83439174 1    
5.88712036 1    
5.88833770 1    
5.93409332 1    
5.98256537 1    
5.98380560 1    
5.99378624 1    
6.03625880 1    
6.03750659 1    
6.03759533 -1   
6.12121764 1    
6.13220792 1    
6.13345003 1    
6.18419735 1    
6.18543254 1    
6.28164123 1    
6.28763552 1    
6.32411600 1    
6.33334002 1    
6.33460510 1    
6.43156028 1    
6.43730080 1    
6.48127863 1    
6.48275172 1    
6.57947163 1    
6.58521705 1    
6.62917361 1    
6.63068955 1    
6.72761984 1    
6.72776866 -1   
6.77711116 1    
6.77910238 1    
6.87730624 1    
6.87877474 1    
6.92499736 1    
6.92701786 1    
7.02569752 1    
7.02719130 1    
7.07691819 1    
7.07891146 1    
7.17361451 1    
7.18285582 1    
7.22508677 1    
7.22657793 1    
7.22782417 1    
7.32278080 1    
7.33077405 1    
7.37302017 1    
7.37451082 1    
7.37464060 -1   
7.37598998 1    
7.47897741 1    
7.52093548 1    
7.52241151 1    
7.52243181 -1   
7.56390987 1    
7.62712155 1    
7.66585766 1    
7.66908905 1    
7.77566756 1    
7.81499293 1    
7.81823760 1    
7.92343481 1    
7.92492890 1    
7.96391343 1    
7.96717737 1    
8.07184957 1    
8.07336545 1    
8.07347378 -1   
8.07461189 1    
8.11282200 1    
8.11631820 1    
8.22001329 1    
8.22125557 1    
8.26073481 1    
8.26223598 1    
8.31370931 1    
8.36794988 1    
8.40840673 1    
8.40991673 1    
8.45812992 1    
8.51636569 1    
8.51760941 1    
8.55883544 1    
8.56008699 1    
8.66428135 1    
8.66443588 -1   
8.66577539 1    
8.70673819 1    
8.70822861 1    
8.76420145 1    
8.81569276 1    
8.81718653 1    
8.85490270 1    
8.85639005 1    
8.91214647 1    
8.91363071 1    
8.96510751 1    
8.96659947 1    
9.00433856 1    
9.00580474 1    
9.06155117 1    
9.06304295 1    
9.11425308 1    
9.11574350 1    
9.11586738 -1   
9.12376562 1    
9.15397373 1    
9.15547240 1    
9.21119685 1    
9.26418418 1    
9.26540684 1    
9.30191753 1    
9.30338566 1    
9.34813502 1    
9.39835787 1    
9.41259696 1    
9.41384660 1    
9.49628570 1    
9.54702881 1    
9.56301578 1    
9.56476011 1    
9.64772006 1    
9.69493111 1    
9.69507652 -1   
9.69643535 1    
9.71265790 1    
9.79587910 1    
9.84308447 1    
9.84459963 1    
9.86109115 1    
9.86233663 1    
9.92531523 1    
9.94429399 1    
10.00926371 1    
10.01048611 1    
10.02171649 -1   
10.07345496 1    
10.09218951 1    
10.15965764 1    
10.16116062 1    
10.16264620 1    
10.21015511 -1   
10.24035571 1    
10.24159857 1    
10.30906828 1    
10.31033338 1    
10.35029875 1    
10.38827351 1    
10.38830699 -1   
10.38978829 1    
10.45700239 1    
10.45874687 1    
10.49847621 1    
10.53770550 1    
10.57769039 1    
10.60666300 1    
10.60791377 1    
10.68611886 1    
10.68761621 1    
10.69011576 1    
10.75483400 1    
10.75606965 1    
10.79467861 -1   
10.80611628 1    
10.82162561 -1   
10.83047248 -1   
10.83601880 1    
10.83726000 1    
10.85773512 -1   
10.89900155 1    
10.90372067 1    
10.90522066 1    
10.97251347 1    
10.97257969 -1   
10.98544873 1    
10.98669545 1    
11.05189378 1    
11.05315515 1    
11.05465888 1    
11.09711205 1    
11.12235031 1    
11.13462039 1    
11.13583803 1    
11.20557774 1    
11.20679611 1    
11.24406008 1    
11.24422720 -1   
11.27151437 1    
11.32698509 1    
11.32822972 1    
11.48368469 1    
11.49216040 1    
11.49365533 1    
11.53389247 1    
11.53513237 1    
11.53663574 1    
11.57236609 1    
11.57361783 1    
11.64283285 1    
11.65256499 1    
11.65379433 1    
11.68857011 1    
11.69004049 1    
11.72377487 1    
11.72527610 1    
11.72536821 -1   
11.76950911 1    
11.80072951 1    
11.80197787 1    
11.83644050 1    
11.83768965 1    
11.83918611 1    
11.87217382 1    
11.87341573 1    
11.87566635 1    
11.94865360 1    
11.95014442 1    
11.98438792 1    
11.98587541 1    
11.98737726 1    
11.98860010 1    
12.02233993 1    
12.02385180 1    
12.06633300 1    
12.10004074 1    
12.10021114 -1   
12.10128928 1    
12.10878316 1    
12.13377387 1    
12.13529209 1    
12.13676598 1    
12.13801569 1    
12.17175361 1    
12.17301036 1    
12.24823353 1    
12.24945168 1    
12.25770100 1    
12.25896495 1    
12.28620975 1    
12.28892798 1    
12.29017846 1    
12.32416587 1    
12.32540995 1    
12.39739678 1    
12.39888673 1    
12.40688444 1    
12.40813260 1    
12.41312910 1    
12.43863515 1    
12.44009504 1    
12.44159467 1    
12.47233884 1    
12.47254312 -1   
12.47382514 1    
12.54781012 1    
12.58726535 1    
12.58900895 1    
12.59100713 1    
12.62101614 1    
12.66198707 1    
12.75494059 1    
12.75928057 -1   
13.35500976 1    
13.35516130 -1   
17.49380773 -1   
21.17927367 1    
25.87799232 -1   
