0.00000000 1    
0.28906263 -1   
0.43872685 -1   
0.43912497 1    
0.59085703 1    
0.61979342 -1   
0.63998757 -1   
0.64123343 -1   
0.73344218 -1   
0.76874853 -1   
0.76888824 1    
0.95960744 1    
0.96114754 -1   
0.99303536 -1   
1.00679759 -1   
1.12346082 -1   
1.14211381 -1   
1.14237056 1    
1.36969086 -1   
1.36999519 1    
1.61754889 -1   
1.61786502 1    
1.76820375 -1   
1.88236910 1    
2.04005918 -1   
2.04036861 1    
2.20720999 -1   
2.20752242 1    
2.35810921 -1   
2.35910119 1    
2.73138941 -1   
2.95276817 -1   
2.95394689 -1   
2.95429103 -1   
3.10579014 -1   
3.10806439 1    
3.25857170 1    
3.68893550 -1   
3.68919589 1    
3.96995359 -1   
3.99933722 -1   
4.14886878 -1   
4.18598341 1    
4.19457189 1    
4.33542487 1    
4.80311161 -1   
4.80460188 -1   
4.80499727 -1   
4.84258388 -1   
4.84410332 -1   
4.84532990 -1   
4.84683133 -1   
4.95579647 -1   
4.95703945 -1   
4.99375536 -1   
4.99499502 -1   
4.99649212 -1   
4.99774340 -1   
5.03923390 -1   
5.03938533 1    
5.04071819 -1   
5.10695852 -1   
5.14518594 -1   
5.14640617 -1   
5.14792701 -1   
5.14942598 -1   
5.14944045 -1   
5.21189528 -1   
5.23237076 -1   
5.23363241 -1   
5.25861876 -1   
5.29657385 -1   
5.30008865 -1   
5.30184307 -1   
5.30308595 -1   
5.30734061 -1   
5.38352992 -1   
5.38503973 -1   
5.38518439 1    
5.40975933 -1   
5.41125429 -1   
5.45124852 -1   
5.45273267 -1   
5.45423620 -1   
5.45574994 -1   
5.46122896 -1   
5.49946353 -1   
5.53722748 -1   
5.53843582 -1   
5.56269458 -1   
5.56417712 -1   
5.60440364 -1   
5.60564318 -1   
5.60714194 -1   
5.60838930 -1   
5.65063076 -1   
5.65211544 -1   
5.65219935 1    
5.68960822 -1   
5.69109312 -1   
5.71533541 -1   
5.71659472 -1   
5.75683533 -1   
5.75807544 -1   
5.75955751 -1   
5.76105702 -1   
5.80378621 -1   
5.80530078 -1   
5.84228976 -1   
5.84352784 -1   
5.86775468 -1   
5.86900860 -1   
5.90922840 -1   
5.91046886 -1   
5.91224184 -1   
5.91374319 -1   
5.91385651 1    
5.95644959 -1   
5.95768906 -1   
5.99495186 -1   
5.99641933 -1   
6.02016404 -1   
6.02140344 -1   
6.06165911 -1   
6.06290416 -1   
6.06490324 -1   
6.06639876 -1   
6.10888248 -1   
6.10889895 1    
6.11035722 -1   
6.14766364 -1   
6.14908206 -1   
6.17259304 -1   
6.17382092 -1   
6.17533763 -1   
6.21407439 -1   
6.21556516 -1   
6.21806603 -1   
6.21956560 -1   
6.26104170 -1   
6.26105914 1    
6.29950564 -1   
6.30074544 -1   
6.32375829 -1   
6.32500400 -1   
6.32673159 -1   
6.32797926 -1   
6.36673439 -1   
6.36823305 -1   
6.37073172 -1   
6.37197534 -1   
6.41371029 -1   
6.45193467 -1   
6.45343527 -1   
6.45990864 -1   
6.47667439 -1   
6.47791502 -1   
6.47805571 1    
6.47941767 -1   
6.48066471 -1   
6.52014669 -1   
6.52137158 -1   
6.52314386 -1   
6.52464013 -1   
6.60310513 -1   
6.60432194 -1   
6.61107401 -1   
6.61256716 -1   
6.62908883 -1   
6.63030573 -1   
6.63183104 -1   
6.63330597 -1   
6.67281321 -1   
6.67403219 -1   
6.67413748 1    
6.67578406 -1   
6.67728026 -1   
6.75551121 -1   
6.75673687 -1   
6.76273328 -1   
6.76422867 -1   
6.76548386 -1   
6.78147821 -1   
6.78297216 -1   
6.78447005 -1   
6.78574042 -1   
6.82521950 -1   
6.82644381 -1   
6.82847311 -1   
6.82974561 -1   
6.90893043 -1   
6.91014621 -1   
6.91542240 -1   
6.91554680 1    
6.91691139 -1   
6.93265664 -1   
6.93413504 -1   
6.93565325 -1   
6.93690541 -1   
6.97636024 -1   
6.97763516 -1   
6.97913028 -1   
6.98087793 -1   
6.98238054 -1   
7.06131681 -1   
7.06259406 -1   
7.06883045 -1   
7.07010998 -1   
7.08382047 -1   
7.08529891 -1   
7.08682246 -1   
7.08831662 -1   
7.08841638 1    
7.12905322 -1   
7.13054072 -1   
7.13179232 -1   
7.13327025 -1   
7.13479177 -1   
7.17377244 -1   
7.21398248 -1   
7.21522257 -1   
7.22124299 -1   
7.22249160 -1   
7.23648513 -1   
7.23773082 -1   
7.23948255 -1   
7.24098241 -1   
7.28171226 -1   
7.28445304 -1   
7.28570316 -1   
7.32492715 -1   
7.33143092 -1   
7.36641326 -1   
7.36790679 -1   
7.37365631 -1   
7.37490516 -1   
7.38888020 -1   
7.39014735 -1   
7.39214408 -1   
7.39337456 -1   
7.43563615 -1   
7.43709917 -1   
7.47611148 -1   
7.48257773 -1   
7.52053142 1    
7.52554991 -1   
7.52579925 -1   
7.52992419 1    
7.55907194 1    
7.58611871 1    
7.68103738 1    
8.08780803 -1   
8.08902360 -1   
8.15997013 -1   
8.16120295 -1   
8.17095337 -1   
8.17107318 1    
8.17245441 -1   
8.17369849 -1   
8.17519843 -1   
8.17667323 -1   
8.24016292 -1   
8.24040659 -1   
8.25463646 -1   
8.25615130 -1   
8.31260457 -1   
8.31409298 -1   
8.32334326 -1   
8.32483946 -1   
8.32610510 -1   
8.32785710 -1   
8.32911194 -1   
8.33535499 -1   
8.39158465 -1   
8.39175986 1    
8.39280542 -1   
8.40732217 -1   
8.40856331 -1   
8.46551513 -1   
8.46675937 -1   
8.47575559 -1   
8.47727377 -1   
8.47902275 -1   
8.48027037 -1   
8.48650046 -1   
8.48776513 -1   
8.49249671 -1   
8.54523934 -1   
8.55847824 -1   
8.55972264 -1   
8.59963808 -1   
8.61669775 -1   
8.61944356 -1   
8.62844364 -1   
8.62993607 -1   
8.63007444 1    
8.63143970 -1   
8.63269520 -1   
8.63893125 -1   
8.64041085 -1   
8.64741326 -1   
8.68338862 -1   
8.71087772 -1   
8.71213354 -1   
8.75085213 -1   
8.75210934 -1   
8.77110968 -1   
8.77258158 -1   
8.78108870 -1   
8.78259918 -1   
8.78382996 -1   
8.78532498 -1   
8.79259028 -1   
8.79384087 -1   
8.79395301 1    
8.83530453 -1   
8.86328783 -1   
8.86478300 -1   
8.90378688 -1   
8.90503136 -1   
8.92374795 -1   
8.92499506 -1   
8.93375833 -1   
8.98725656 1    
9.03418646 -1   
9.63910847 -1   
9.64003812 -1   
9.71480400 -1   
9.79045686 -1   
16.46931631 -1   
21.43724630 -1   
