0.00000000 1    
0.64075239 1    
0.91091925 -1   
0.91111263 1    
1.05882894 -1   
1.05887922 1    
1.20883743 -1   
1.20887634 1    
1.38804605 -1   
1.45517734 1    
1.47125081 -1   
1.48723449 -1   
1.57866740 -1   
1.64369583 1    
1.72694835 -1   
1.79236452 1    
1.82579460 -1   
1.84652704 -1   
1.85352646 -1   
1.87326432 -1   
1.87534794 -1   
1.98375514 1    
2.07399889 -1   
2.20538369 1    
2.42256861 -1   
2.42359674 1    
2.74208013 1    
2.91391538 -1   
2.91516350 -1   
2.91636982 -1   
2.91661526 1    
3.10476091 -1   
3.10691280 1    
3.26956337 -1   
3.26960138 1    
3.46442367 1    
3.55799296 -1   
3.65555824 1    
3.73995151 -1   
3.74422618 -1   
3.80820256 1    
3.83389963 -1   
3.89363092 -1   
3.93690763 1    
4.04207622 1    
4.04411444 -1   
4.19074422 1    
4.35934573 -1   
4.36058708 -1   
4.36108259 -1   
4.36683777 -1   
4.36833449 -1   
4.40082407 -1   
4.50882140 -1   
4.54723799 -1   
4.54847994 -1   
4.55947584 -1   
4.56072314 -1   
4.56222399 -1   
4.56896759 -1   
4.57046628 -1   
4.57171409 -1   
4.58296611 -1   
4.58306712 1    
4.58446302 -1   
4.60220304 -1   
4.60369788 -1   
4.65842220 -1   
4.65991588 -1   
4.69839620 -1   
4.69964261 -1   
4.70114264 -1   
4.70238966 -1   
4.71138862 -1   
4.71263526 -1   
4.71313104 -1   
4.73787703 -1   
4.73911895 -1   
4.76061416 -1   
4.76185492 -1   
4.76335857 -1   
4.82682649 -1   
4.82698118 1    
4.82832214 -1   
4.84731285 -1   
4.84880898 -1   
4.85005534 -1   
4.85155628 -1   
4.85280361 -1   
4.85430441 -1   
4.85580310 -1   
4.85730397 -1   
4.85854976 -1   
4.86116739 -1   
4.93553317 -1   
4.93700806 -1   
4.93825586 -1   
4.93975485 -1   
4.94125515 -1   
4.94725022 -1   
4.94875159 -1   
4.95000223 -1   
4.96424252 -1   
4.96548921 -1   
4.96699238 -1   
5.02349462 1    
5.04848107 -1   
5.06318641 -1   
5.06443331 -1   
5.08367534 -1   
5.08517297 -1   
5.08641984 -1   
5.08792253 -1   
5.08941727 -1   
5.09066996 -1   
5.10391478 -1   
5.10540906 -1   
5.10665812 -1   
5.14489841 -1   
5.14613621 -1   
5.14763631 -1   
5.14888411 -1   
5.15038657 -1   
5.15188333 -1   
5.15313172 -1   
5.16563159 -1   
5.16687512 -1   
5.16837381 -1   
5.16987468 -1   
5.17434948 1    
5.17662374 -1   
5.17889630 1    
5.21616720 -1   
5.25308462 -1   
5.25432314 -1   
5.26160594 -1   
5.26282202 -1   
5.26431726 -1   
5.27159288 -1   
5.27284122 -1   
5.27431421 -1   
5.27582752 -1   
5.27708021 -1   
5.30981603 -1   
5.32785042 1    
5.35279901 -1   
5.35426644 -1   
5.35551966 -1   
5.36526875 -1   
5.36676011 -1   
5.36801178 -1   
5.36950951 -1   
5.37102830 -1   
5.37226144 -1   
5.37375535 -1   
5.41275658 -1   
5.41423357 -1   
5.42038279 -1   
5.47172507 -1   
5.47322144 -1   
5.49770776 -1   
5.49787578 1    
5.49895880 -1   
5.50043370 -1   
5.50993482 -1   
5.51145061 -1   
5.51295061 -1   
5.54865994 -1   
5.54990541 -1   
5.55142818 -1   
5.56790097 -1   
5.57514276 -1   
5.57639175 -1   
5.58288720 -1   
5.58416005 -1   
5.58565724 -1   
5.58690329 -1   
5.58840845 -1   
5.59016883 -1   
5.61141058 -1   
5.61911908 -1   
5.62061469 -1   
5.63486570 -1   
5.63635647 -1   
5.63760322 -1   
5.63910502 -1   
5.66611827 -1   
5.66613350 1    
5.66761266 -1   
5.67535609 -1   
5.67660772 -1   
5.67810171 -1   
5.67935163 -1   
5.69609303 -1   
5.72406123 -1   
5.72530466 -1   
5.72683185 -1   
5.73430122 -1   
5.73582433 -1   
5.76079262 -1   
5.77528358 -1   
5.77655071 -1   
5.77805193 -1   
5.77929491 -1   
5.78079938 -1   
5.81927671 -1   
5.81930195 1    
5.82051945 -1   
5.82201916 -1   
5.82327161 -1   
5.82477201 -1   
5.82624953 -1   
5.84001045 -1   
5.88446939 -1   
5.88596222 -1   
5.88723283 -1   
5.89098919 -1   
5.89221067 -1   
5.89373201 -1   
5.90803867 -1   
5.93122498 -1   
5.94095692 -1   
5.94220146 -1   
5.94369961 -1   
5.95117955 -1   
5.95242833 -1   
5.95392414 -1   
5.98168671 -1   
5.98170171 1    
5.98293381 -1   
5.98440690 -1   
5.98592658 -1   
5.99942172 -1   
6.00091734 -1   
6.01914001 -1   
6.02063850 -1   
6.05462475 -1   
6.05611727 -1   
6.05736647 -1   
6.06499386 1    
6.07844696 -1   
6.08160138 1    
6.09037826 -1   
6.09047702 1    
6.09159524 -1   
6.12010280 -1   
6.12133004 -1   
6.12282913 -1   
6.12407967 -1   
6.12559862 -1   
6.12710056 -1   
6.13109770 -1   
6.13259698 -1   
6.13382131 -1   
6.13532287 -1   
6.13682158 -1   
6.17563854 1    
6.23342247 -1   
6.63385657 -1   
6.63503968 -1   
6.63553766 -1   
6.63568109 1    
6.65505329 -1   
6.65654417 -1   
6.66529661 -1   
6.66654072 -1   
6.66802546 -1   
6.69325912 -1   
6.69477311 -1   
6.69602124 -1   
6.69752517 -1   
6.69876940 -1   
6.70027326 -1   
6.70176674 -1   
6.70301883 -1   
6.70451765 -1   
6.70601429 -1   
6.70724159 -1   
6.70877112 -1   
6.71001530 -1   
6.74949973 -1   
6.75071768 -1   
6.78439893 -1   
6.78445626 1    
6.82593217 -1   
6.82719924 -1   
6.82867968 -1   
6.82992106 -1   
6.83144491 -1   
6.83519427 -1   
6.83642191 -1   
6.83794312 -1   
6.83919117 -1   
6.84069135 -1   
6.84219124 -1   
6.84341586 -1   
6.84493391 -1   
6.84619983 -1   
6.84768515 -1   
6.89389074 -1   
6.89538408 -1   
6.89663705 -1   
6.90415889 -1   
6.90565267 -1   
6.90689154 -1   
6.93512057 -1   
6.93636022 -1   
6.93785860 -1   
6.93910894 -1   
6.94061196 -1   
6.94210802 -1   
6.94336003 -1   
6.94486117 -1   
6.94511032 -1   
6.94512417 1    
6.94762796 -1   
6.94912819 -1   
6.95062605 -1   
7.00982773 -1   
7.01108991 -1   
7.01259167 -1   
7.01381997 -1   
7.01533669 -1   
7.02081407 -1   
7.02206297 -1   
7.02356009 -1   
7.02756090 -1   
7.02908038 -1   
7.04830403 -1   
7.04979436 -1   
7.05104424 -1   
7.14353180 1    
7.15127311 -1   
7.15128994 1    
7.29822794 1    
7.72369293 -1   
7.72463209 -1   
7.82163751 -1   
7.91827562 -1   
10.45424915 1    
18.89696520 -1   
