0.17918906 -1   
0.35787773 1    
0.35827813 -1   
0.52710062 1    
0.52714265 -1   
0.68975819 1    
0.69397973 1    
0.85475253 1    
0.85518914 -1   
1.03263623 1    
1.03268183 -1   
1.20129352 1    
1.20134171 -1   
1.40167422 1    
1.40171753 -1   
1.59655972 1    
1.59659734 -1   
1.82489010 -1   
1.83117556 1    
2.00753461 -1   
2.06354603 1    
2.24969518 1    
2.25000191 -1   
2.45432215 1    
2.45463759 -1   
2.63247275 1    
2.63287849 -1   
2.80362615 1    
2.97658170 -1   
3.15442918 1    
3.15471601 -1   
3.32058165 1    
3.54170262 1    
3.54208597 -1   
3.58507639 1    
3.58631901 1    
3.72596336 1    
3.73110018 -1   
3.90374825 1    
3.97663973 -1   
4.12245974 1    
4.13193865 -1   
4.19529201 -1   
4.29677378 1    
4.37243248 -1   
4.43159597 1    
4.50333340 1    
4.53958397 -1   
4.97693480 -1   
5.14428594 1    
5.14852162 -1   
5.32644142 1    
5.32672787 -1   
5.56778829 1    
5.56830679 -1   
5.73319554 1    
5.73364158 -1   
5.90035127 1    
5.92698782 1    
5.96272041 1    
5.96420800 1    
5.97591200 -1   
6.09204877 1    
6.16185289 1    
6.16191112 -1   
6.30131971 1    
6.36928340 -1   
6.48067331 1    
6.50202484 1    
6.51866250 1    
6.54913221 1    
6.66279370 1    
6.66312704 -1   
6.87674976 -1   
7.04415219 -1   
7.21759113 1    
7.21788933 -1   
7.44547755 1    
7.44576891 -1   
7.72880452 1    
7.97752491 -1   
8.16005463 1    
8.16038799 -1   
8.32854729 1    
8.37261446 -1   
8.52884212 1    
8.58571763 1    
8.60795369 1    
8.65018503 1    
8.68907944 1    
8.86739937 1    
8.86772515 -1   
9.02631396 1    
9.02636893 -1   
9.18617599 -1   
9.19321199 1    
9.38581089 -1   
9.65670294 1    
9.65703018 -1   
9.81635888 1    
9.81667203 -1   
9.97745388 -1   
10.04597811 1    
10.24669940 1    
10.24717820 -1   
10.40676524 1    
10.40933464 -1   
10.56967836 1    
10.56998601 -1   
10.72983917 1    
10.73014709 -1   
10.89124422 1    
10.97890445 -1   
11.06654605 1    
11.06803975 1    
11.09240497 1    
11.15099888 1    
11.15159730 -1   
11.25322184 1    
11.35392882 -1   
11.53837227 1    
11.69796614 1    
11.69844375 -1   
11.85844359 1    
11.90584456 -1   
12.06132496 1    
12.06976099 -1   
12.14067669 1    
12.15566868 1    
12.15691522 1    
12.22752554 1    
12.38988547 1    
12.39021205 -1   
12.54879256 1    
12.54921572 -1   
12.71719760 1    
12.71751620 -1   
12.76657524 1    
12.79380499 1    
12.80479826 1    
12.87708655 1    
12.97821113 -1   
13.03576788 1    
13.19701006 1    
13.19735906 -1   
13.36828216 -1   
13.56870964 1    
13.56900924 -1   
13.81531625 1    
13.97856929 -1   
14.02020435 1    
14.14208658 -1   
14.22883233 1    
14.31622993 -1   
14.61011417 1    
14.61045699 -1   
14.89120474 1    
14.89664490 -1   
15.07360499 1    
15.07365511 -1   
15.26623779 1    
15.26654283 -1   
15.45662774 1    
15.45692042 -1   
15.65026508 1    
15.65057667 -1   
15.87080093 1    
15.87228943 1    
15.87266822 1    
15.87928754 1    
15.88078611 1    
15.96974169 1    
15.97098152 1    
15.97248326 1    
15.97913987 -1   
15.97998103 1    
16.06538526 1    
16.07192821 1    
16.07317615 1    
16.25245676 1    
16.25416436 -1   
16.44506343 1    
16.70250508 1    
16.70268323 -1   
16.71223382 -1   
16.88927420 -1   
16.92012876 1    
17.10788801 -1   
17.13725208 1    
17.15230952 1    
17.16730216 1    
17.22002897 1    
17.32811669 1    
17.32828766 -1   
17.49467289 -1   
17.52119540 1    
17.55782830 1    
17.58281446 1    
17.71198839 1    
17.72629769 1    
17.72660694 -1   
17.97965092 -1   
18.05589467 1    
18.15678600 -1   
18.27326823 1    
18.33492934 -1   
18.48914418 1    
18.51157649 -1   
18.68952604 1    
18.68984882 -1   
18.88392039 1    
18.88424420 -1   
19.05982104 1    
19.05986516 -1   
19.23047084 1    
19.23077706 -1   
19.39221509 1    
19.43038597 -1   
19.60075672 1    
19.60080410 -1   
19.81458887 -1   
19.99348763 -1   
20.05974404 1    
20.14484520 1    
20.14609379 1    
20.26727861 1    
20.26765771 -1   
20.26877244 1    
20.27001974 1    
20.29960680 1    
20.37097132 1    
20.37246368 1    
20.41144749 1    
20.44567250 1    
20.44599927 -1   
20.52355814 1    
20.66511197 -1   
20.91475507 1    
20.98183669 -1   
21.10814398 1    
21.11810413 -1   
21.15131809 -1   
21.26830307 1    
21.30996123 -1   
21.50891232 1    
21.50924624 -1   
21.77066856 1    
21.77215935 1    
21.77241139 1    
21.91734105 1    
21.91882903 1    
21.95706489 1    
21.98217348 -1   
21.99185646 1    
22.04451444 1    
22.04575476 1    
22.15195094 1    
22.15344063 1    
22.15494192 1    
22.17418227 1    
22.21891400 1    
22.21924723 -1   
22.22040198 1    
22.22190165 1    
22.22215361 1    
22.29436610 1    
22.29585920 1    
22.38182131 1    
22.38305814 1    
22.38455755 1    
22.42697721 1    
22.42714001 -1   
22.47477008 1    
22.47625604 1    
22.49075452 1    
22.52473409 1    
22.52598013 1    
22.55271977 1    
22.59919575 1    
22.60068855 1    
22.60134175 1    
22.60136059 -1   
22.63467436 1    
22.63591382 1    
22.67290243 1    
22.71962304 1    
22.72086931 1    
22.72236536 1    
22.76809634 1    
22.78180294 1    
22.78186107 -1   
22.83355971 1    
22.83480051 1    
22.86678902 1    
22.86828001 1    
22.86978103 1    
22.88477651 1    
22.88627415 1    
22.92875365 1    
22.93899621 1    
22.94049050 1    
22.95616818 1    
22.97273110 1    
22.98271100 -1   
23.12317373 1    
23.33836646 1    
23.33916052 -1   
23.56148983 1    
23.56178526 -1   
23.88430309 1    
23.98238918 -1   
24.16938834 1    
24.16968814 -1   
24.38451337 1    
24.38481455 -1   
24.65761284 1    
24.98310099 -1   
25.17406062 1    
25.17437177 -1   
25.40193698 1    
25.40226416 -1   
25.64404553 1    
25.98455054 -1   
26.17274189 1    
26.17305921 -1   
26.38936284 1    
26.38966148 -1   
26.61299112 1    
26.98519663 -1   
27.17766521 1    
27.17797976 -1   
27.44827521 1    
27.44860897 -1   
27.84704219 1    
27.98635757 -1   
28.16135390 1    
28.16167268 -1   
28.37848644 1    
28.37880622 -1   
28.60305481 -1   
28.66257043 1    
34.05872200 -1   
39.72750104 -1   
47.79417129 1    
55.38029289 1    
61.23477824 -1   
