0.00000000 -1   
0.22678381 1    
0.22696216 -1   
0.38589315 -1   
0.40926262 1    
0.60918077 1    
0.60976225 -1   
0.76944064 -1   
0.90217081 1    
0.94256874 1    
0.95329194 1    
0.96226965 1    
0.99750348 1    
0.99769508 -1   
1.10186636 1    
1.20171434 -1   
1.35266347 1    
1.41682291 -1   
1.52613035 1    
1.56846994 1    
1.57971066 1    
1.59792717 1    
1.69200244 1    
1.69231563 -1   
1.96953919 1    
1.96985849 -1   
2.30662098 1    
2.30695509 -1   
2.46727273 1    
3.10945171 1    
3.10976852 -1   
3.80599098 1    
3.80858270 -1   
4.02962887 1    
4.02978678 -1   
4.18854979 -1   
4.21711694 1    
4.38918239 -1   
4.41565807 1    
4.54782752 -1   
4.57431487 1    
4.74917703 -1   
4.82923507 1    
4.89251877 1    
4.90351256 1    
4.93751055 1    
4.98862238 1    
4.98894769 -1   
5.14724512 1    
5.19315621 -1   
5.35314716 1    
5.35318052 -1   
5.49669978 1    
5.51221389 1    
5.51223163 -1   
5.56190329 1    
5.56339783 1    
5.57464451 1    
5.67274694 1    
5.67278278 -1   
5.86784904 1    
5.86816311 -1   
6.02823927 1    
6.02851428 -1   
6.18817591 1    
6.55098420 1    
6.55313660 -1   
6.90596106 1    
7.10589099 1    
7.10621404 -1   
7.27172884 -1   
7.31033720 1    
7.34162989 1    
7.35188302 1    
7.38761060 1    
7.48109650 -1   
7.50653426 1    
7.64107877 -1   
7.72701340 1    
7.80468814 -1   
7.85582186 1    
7.87905333 1    
7.89577616 1    
8.00298441 1    
8.06634353 1    
8.06663471 -1   
8.27343047 -1   
8.31467777 1    
8.47303331 -1   
8.63971963 1    
8.64000138 -1   
8.83538158 1    
8.83570207 -1   
8.99554115 1    
8.99588489 -1   
9.60835377 1    
9.64492002 -1   
9.80350780 -1   
10.31021181 1    
10.31168702 1    
10.31205084 1    
10.34754019 -1   
10.39212233 1    
10.39363079 1    
10.48408870 1    
10.48557877 1    
10.48707863 1    
10.50841697 1    
10.57758212 1    
10.57786344 -1   
10.66843614 1    
10.77744617 -1   
10.86769329 1    
10.93612827 -1   
11.19925563 1    
11.43593221 1    
11.43631277 -1   
11.59504706 -1   
12.13763612 1    
12.13911230 1    
12.13936393 1    
12.21709909 1    
12.21862736 1    
12.22609577 1    
12.22762680 1    
12.22887753 1    
12.28228587 1    
12.28353182 1    
12.30052333 1    
12.30201912 1    
12.30332293 1    
12.30857277 1    
12.33950395 1    
12.34078971 1    
12.37775446 1    
12.37925234 1    
12.38074665 1    
12.38199754 1    
12.38429551 1    
12.38441763 -1   
12.40226692 1    
12.40352423 1    
12.40502330 1    
12.40626998 1    
12.40778077 1    
12.44320890 1    
12.46249513 1    
12.46393139 1    
12.46548548 1    
12.49222842 1    
12.49368183 1    
12.49521921 1    
12.49646676 1    
12.49793443 1    
12.49946330 1    
12.50071492 1    
12.50222698 1    
12.50421961 1    
12.50570892 1    
12.50695955 1    
12.54409474 1    
12.54415225 -1   
12.55091140 1    
12.55243802 1    
12.58663161 1    
12.58814006 1    
12.58966550 1    
12.59837285 1    
12.59984988 1    
12.70441463 1    
17.66955677 -1   
22.13658134 1    
28.79644088 1    
34.55046159 1    
39.98228258 1    
43.49407942 1    
47.54391468 -1   
53.28149354 -1   
57.62525931 1    
60.39383794 -1   
