0.00000000 1    
0.26048026 -1   
0.26064190 1    
0.77645761 -1   
0.77671099 1    
1.63749842 -1   
1.63979048 1    
1.88130662 -1   
2.12092197 -1   
2.12169593 1    
2.42703993 -1   
2.42721519 1    
2.58587522 1    
2.76361799 -1   
2.76394052 1    
2.96093914 -1   
2.96124333 1    
3.12162032 -1   
3.12208537 1    
3.28200528 -1   
3.49191165 1    
3.66243921 -1   
3.66275699 1    
3.86173080 1    
3.92465864 -1   
4.02056698 1    
4.37090179 -1   
4.53331550 -1   
4.53551565 1    
4.79268557 -1   
4.99130134 -1   
4.99174369 1    
5.20499001 -1   
5.22681821 -1   
5.24878175 -1   
5.38696627 -1   
5.38712765 1    
5.54590864 1    
5.58699936 -1   
5.63183421 -1   
5.66329269 -1   
5.71677769 -1   
5.78529604 -1   
5.78557119 1    
5.99871759 -1   
5.99903438 1    
6.15886983 -1   
6.15916472 1    
6.49338956 1    
6.56087977 -1   
6.76192309 -1   
6.76244111 1    
6.92139388 1    
6.96045757 -1   
7.12552942 1    
7.35068244 -1   
7.66589615 -1   
7.70184806 1    
7.94586478 1    
8.27854975 -1   
8.27981073 -1   
8.28018553 -1   
8.34278015 -1   
8.34427580 -1   
8.43724355 -1   
8.43851283 -1   
8.44003012 -1   
8.48055413 -1   
8.48392853 -1   
8.63945930 -1   
8.63980063 1    
9.22685517 -1   
9.22718512 1    
9.38602264 1    
9.83593615 -1   
9.83741908 -1   
9.83780031 -1   
9.89564250 -1   
9.89713642 -1   
9.97087601 -1   
9.97211386 -1   
9.97364239 -1   
10.00380848 -1   
10.00505971 -1   
10.01584826 -1   
10.01736026 -1   
10.03512175 -1   
10.06154823 -1   
10.06303928 -1   
10.10677272 -1   
10.10826660 -1   
10.10976664 -1   
10.14075050 -1   
10.14224367 -1   
10.16596337 -1   
10.16612232 1    
10.16746015 -1   
10.16895719 -1   
10.19022657 -1   
10.19169158 -1   
10.19325684 -1   
10.22618222 -1   
10.22769323 -1   
10.22919588 -1   
10.23044336 -1   
10.25565723 -1   
10.25717526 -1   
10.25842490 -1   
10.28841481 -1   
10.28965702 -1   
10.29113819 -1   
10.31737734 -1   
10.32491635 1    
10.34938142 -1   
10.35085300 -1   
10.35910624 -1   
10.36034895 -1   
10.36184835 -1   
10.37036772 -1   
10.37184527 -1   
10.37309410 -1   
10.38467497 -1   
10.40110272 -1   
10.40259283 -1   
10.40409433 -1   
10.44655467 -1   
10.55957525 -1   
15.64075049 1    
18.87514483 -1   
22.69293890 1    
29.05623388 1    
33.01358708 -1   
37.02814868 1    
40.89560431 -1   
48.87269532 1    
56.57708070 -1   
