0.00000000 1    
0.16072856 1    
0.21200667 -1   
0.37175655 -1   
0.37249918 1    
0.53824271 1    
0.58624499 -1   
0.60962609 -1   
0.62084952 -1   
0.63283997 -1   
0.76886329 -1   
0.76899301 1    
0.92852623 -1   
0.92885816 1    
0.97240179 -1   
0.99588818 -1   
1.00588222 -1   
1.09038831 -1   
1.12444985 1    
1.29134577 -1   
1.29165256 1    
1.57243068 -1   
1.57274844 1    
1.96518278 -1   
2.12580870 1    
2.29126034 -1   
2.29153039 1    
2.45126816 -1   
2.53784370 1    
2.61473736 -1   
2.62445564 1    
2.64876264 -1   
2.69653308 1    
2.86150239 -1   
3.07498489 -1   
3.07502226 -1   
3.07512027 1    
3.27638063 1    
3.42036934 -1   
3.43659751 1    
3.59627007 -1   
3.59656406 1    
3.76871616 -1   
3.76901252 1    
3.99454202 -1   
4.12687795 1    
4.19493914 -1   
4.33229853 1    
4.39429211 -1   
4.57240505 1    
4.63246105 -1   
4.78873996 -1   
4.78927415 1    
4.94672714 -1   
5.11642164 1    
5.16902545 -1   
5.27672083 -1   
5.27675612 1    
5.43773606 -1   
5.79349530 -1   
5.79380259 1    
5.95341831 -1   
5.95374588 1    
6.11533148 -1   
6.11566049 1    
6.32127787 1    
6.35297323 -1   
6.55131018 -1   
6.55161382 1    
6.75921355 -1   
6.75956160 1    
6.91937046 -1   
6.91967400 1    
7.07931481 -1   
7.57103633 -1   
7.57341872 1    
7.78216869 -1   
7.78235037 1    
7.94201219 -1   
7.94204745 1    
8.10300404 -1   
8.10303875 1    
8.33780579 -1   
8.33784108 1    
8.50724951 -1   
8.50728505 1    
8.74999956 1    
8.94348471 -1   
8.94380683 1    
9.14883262 1    
9.17907089 -1   
9.37820963 -1   
9.37850870 1    
9.53691207 -1   
9.53752883 1    
9.69752601 -1   
9.69785220 1    
9.93961596 -1   
10.57133012 -1   
10.57180848 1    
11.42036204 -1   
11.45609214 1    
11.62561782 1    
12.33421690 -1   
12.33545781 -1   
12.33577403 -1   
12.59229607 -1   
12.59376387 -1   
12.59414548 -1   
12.80025370 -1   
12.83036627 -1   
12.83162922 -1   
12.90735035 -1   
12.96145794 -1   
12.96178957 1    
13.13004265 -1   
13.13026887 1    
13.67298614 -1   
13.67333572 1    
13.83568051 1    
14.58438897 -1   
14.58588125 -1   
14.58625357 -1   
14.71830735 -1   
14.71954949 -1   
14.78568196 -1   
14.94479543 -1   
14.98488470 -1   
14.98612619 -1   
15.10506034 -1   
15.12082427 -1   
15.12232041 -1   
15.17453914 -1   
15.24025651 -1   
15.24175286 -1   
15.24322889 -1   
15.26302043 -1   
15.31271412 -1   
15.33394632 -1   
15.42232675 -1   
15.47310289 -1   
15.54808161 -1   
15.54821223 1    
15.54957429 -1   
15.62409564 -1   
15.62902783 -1   
15.63027489 -1   
15.67826106 -1   
15.71922497 -1   
15.72072765 -1   
15.78988222 -1   
15.82390793 -1   
15.82514574 -1   
15.90410816 -1   
15.90428819 1    
15.95230789 -1   
15.96631319 -1   
15.96781405 -1   
16.06401197 -1   
16.06550430 -1   
16.08555931 -1   
16.08560469 1    
16.08676251 -1   
16.10898509 -1   
16.11048015 -1   
16.12456595 -1   
16.19871340 -1   
16.25295132 -1   
16.25419500 -1   
16.25571344 -1   
16.28296416 -1   
16.30789430 -1   
16.30911402 -1   
16.31064037 -1   
16.32788425 -1   
16.32937821 -1   
16.44174706 -1   
21.13138386 1    
29.45945000 1    
31.29492782 1    
33.34561043 1    
40.24564413 -1   
42.94628677 -1   
48.79770708 -1   
54.98786743 -1   
61.01343155 -1   
