0.00000000 1    
1.18854316 1    
1.45786240 -1   
1.45839573 1    
1.62238296 1    
1.65868098 -1   
1.67507328 -1   
1.70906131 -1   
1.72904092 -1   
1.74001525 -1   
1.83489555 -1   
2.00501965 1    
2.17311406 -1   
2.17345312 1    
2.33480158 -1   
2.37846664 1    
2.53968173 -1   
2.54359980 1    
2.93278965 -1   
2.93325160 1    
3.10103446 1    
3.27198559 -1   
3.27227298 1    
3.47115372 -1   
3.47146379 1    
3.64355240 -1   
3.64589854 1    
3.81020447 -1   
4.00561108 1    
4.13799286 -1   
4.30041817 -1   
4.30070370 1    
4.56477996 -1   
4.56508279 1    
4.73371520 -1   
4.73427299 1    
4.90032902 -1   
5.00626135 1    
5.09844461 -1   
5.20807715 1    
5.26009837 -1   
5.40922024 1    
5.62166360 -1   
5.62199105 1    
5.81855308 -1   
5.81886338 1    
5.98220929 -1   
6.64359263 -1   
6.64390950 1    
7.52408461 -1   
7.52625887 1    
7.74445041 -1   
7.94258670 -1   
7.94303820 1    
8.10342883 1    
8.17418325 -1   
8.26407499 1    
8.37258922 -1   
8.42450356 1    
8.59575685 -1   
9.00591145 1    
9.18337561 -1   
9.18367214 1    
9.38451471 -1   
9.38482316 1    
9.59588528 -1   
9.80475259 -1   
9.80511526 1    
10.00630667 1    
10.17503391 -1   
10.17530916 1    
10.35970862 -1   
10.36002868 1    
10.52061902 -1   
10.52098448 1    
10.75547348 -1   
10.95495010 -1   
10.99121392 1    
11.15342317 1    
11.55865297 -1   
11.55991031 -1   
11.56028540 -1   
11.69259605 -1   
11.69383450 -1   
11.76400105 -1   
11.78552005 -1   
11.78680344 -1   
11.84129566 -1   
11.92492563 -1   
11.92524723 1    
12.47250733 -1   
12.47281266 1    
12.63136009 1    
13.04257514 -1   
13.04380528 -1   
13.04417037 -1   
13.15648804 -1   
13.15772421 -1   
13.25889346 -1   
13.26041960 -1   
13.26191767 -1   
13.35237606 -1   
13.35386547 -1   
13.35511597 -1   
13.38809740 -1   
13.42369225 -1   
13.44106737 -1   
13.44256362 -1   
13.50128851 -1   
13.50255585 -1   
13.50405075 -1   
13.58464997 -1   
13.60022390 -1   
13.60171915 -1   
13.63171448 -1   
13.63182764 1    
13.63295777 -1   
13.63444760 -1   
13.70194232 -1   
13.74736391 -1   
13.77743409 -1   
13.77893672 -1   
13.84436004 -1   
13.84454126 1    
13.84560722 -1   
13.84710274 -1   
13.88756067 -1   
13.88907993 -1   
13.91519720 -1   
13.93603404 -1   
13.93728072 -1   
13.97701139 -1   
14.00074868 -1   
14.00198867 -1   
14.00348875 -1   
14.01224928 1    
14.05946760 -1   
14.06071013 -1   
14.10184061 -1   
14.11918113 -1   
14.12067763 -1   
14.14391611 -1   
14.15543119 -1   
14.15690262 -1   
14.16767592 -1   
14.16889480 -1   
14.28172267 -1   
18.92625746 1    
21.56060211 -1   
27.29674482 -1   
35.54308762 -1   
42.66600762 1    
46.63542893 1    
50.05695089 1    
54.67788207 -1   
