0.00000000 1    
0.24542360 -1   
0.24558894 1    
0.40435596 -1   
0.40441275 1    
0.56707475 -1   
0.56711130 1    
0.77034954 1    
0.77447621 -1   
0.81976926 -1   
0.84075659 -1   
0.94769017 -1   
0.94783449 1    
0.97200709 -1   
1.15037513 1    
1.17649276 -1   
1.19555220 -1   
1.21804158 -1   
1.33561412 -1   
1.49447893 -1   
1.49493500 1    
1.72122293 1    
1.73082132 -1   
1.92976960 -1   
1.93029133 1    
2.12959747 -1   
2.12992272 1    
2.45291108 -1   
2.72151501 1    
2.88892724 -1   
2.88919069 1    
3.04872176 -1   
3.05854127 1    
3.09050792 1    
3.22024317 -1   
3.29836862 1    
3.39507807 -1   
3.41756264 -1   
3.45703210 1    
3.57626669 -1   
3.72169075 1    
3.89464591 -1   
3.89494405 1    
4.08974637 -1   
4.09006341 1    
4.37880874 -1   
4.72223079 1    
4.89350620 -1   
4.89378879 1    
4.99042664 -1   
5.05135858 -1   
5.09435485 1    
5.21010354 -1   
5.25302165 1    
5.48692470 -1   
5.72233701 1    
5.74530042 -1   
5.88124090 1    
5.90470712 -1   
6.08227956 1    
6.27923933 -1   
6.27955302 1    
6.52609785 -1   
6.72446942 -1   
6.72688555 1    
6.98883769 -1   
7.18745442 -1   
7.18784283 1    
7.34830333 1    
7.38583530 -1   
7.42973395 -1   
7.45494650 -1   
7.47593817 -1   
7.49842212 -1   
7.55043767 1    
7.58448983 -1   
7.72261264 1    
7.88861540 -1   
7.88898888 1    
8.08268927 -1   
8.08298989 1    
8.24261912 -1   
8.24295992 1    
8.40275588 -1   
8.72316593 1    
8.89174762 -1   
8.89205281 1    
9.05115779 -1   
9.09429557 1    
9.24929072 -1   
9.25297184 1    
9.48063686 -1   
9.84393153 -1   
9.84612384 1    
10.08081426 -1   
10.08099119 1    
10.24070353 -1   
10.24075578 1    
10.40144774 -1   
10.40148172 1    
10.61109261 -1   
10.64089462 -1   
10.67885683 -1   
10.69911721 -1   
10.72412036 1    
10.80019588 -1   
10.88279145 1    
11.01051441 -1   
11.04151316 1    
11.08114307 -1   
11.11011957 -1   
11.12062092 -1   
11.17025225 -1   
11.33309526 -1   
11.33343421 1    
11.57220292 -1   
11.72627297 1    
11.77034684 -1   
11.88696535 1    
11.96823710 -1   
12.04560927 1    
12.20672792 -1   
12.20691932 1    
12.36657069 -1   
12.36660759 1    
12.47607627 -1   
12.52557842 -1   
12.52561647 1    
12.75029069 -1   
12.75032597 1    
12.91594440 -1   
12.91624482 1    
13.11830783 -1   
13.11859857 1    
13.40691363 -1   
13.65536272 -1   
13.69597911 1    
13.85460644 1    
14.02234894 -1   
14.02292538 1    
14.20170742 -1   
14.20202814 1    
14.39282598 -1   
14.48620311 -1   
14.48766484 -1   
14.62534779 -1   
14.62683592 -1   
14.62810353 -1   
14.64667632 -1   
14.76280593 -1   
14.76400659 -1   
14.78408771 -1   
14.80590634 -1   
14.80621522 1    
14.96477211 -1   
15.88523643 -1   
15.88559941 1    
16.04435078 1    
16.59072383 -1   
16.59195895 -1   
16.59236245 -1   
16.64871256 -1   
16.64993230 -1   
16.67044218 -1   
16.67191547 -1   
16.67318918 -1   
16.67466798 -1   
16.67591644 -1   
16.75289725 -1   
16.75414368 -1   
16.75564235 -1   
16.75687175 -1   
16.79284857 -1   
16.79412180 -1   
16.80911368 -1   
16.81064939 -1   
16.81211517 -1   
16.81338837 -1   
16.83109824 -1   
16.83124305 1    
16.83257693 -1   
16.83385731 -1   
16.83536699 -1   
16.83539119 -1   
16.88307364 -1   
16.88456584 -1   
16.90281390 -1   
16.90430436 -1   
16.91330171 -1   
16.93778786 -1   
16.93901771 -1   
16.94056451 -1   
16.94203141 -1   
16.94325874 -1   
16.94479617 -1   
16.96951949 -1   
16.97099691 -1   
16.97226397 -1   
16.97376466 -1   
16.97499249 -1   
16.98398871 -1   
16.98550691 -1   
16.99000871 1    
16.99357251 -1   
17.01049643 -1   
17.01173873 -1   
17.03248469 -1   
17.06794259 -1   
17.06945442 -1   
17.17089555 -1   
21.09592009 1    
21.96602233 1    
26.78557194 1    
28.59897200 -1   
28.59914615 1    
33.45400549 1    
38.74457755 1    
47.86202237 -1   
51.37272631 -1   
59.60446850 -1   
