0.00000000 -1   
0.72857610 1    
1.05835025 -1   
1.05853003 1    
1.21745452 1    
1.25173479 -1   
1.42234177 1    
1.45047848 -1   
1.58099488 1    
1.75371532 -1   
1.75399492 1    
1.91235729 -1   
1.95426133 1    
2.11051990 -1   
2.11297687 1    
2.36210117 -1   
2.54226608 1    
2.70914986 -1   
2.70945837 1    
2.88758769 -1   
2.88814290 1    
3.07296581 -1   
3.07327035 1    
3.23310368 -1   
4.29350171 -1   
4.29382318 1    
5.22721257 -1   
5.22978018 1    
5.42861719 -1   
5.42879431 1    
5.58852562 -1   
5.58856154 1    
5.75057795 -1   
5.75061449 1    
5.91159118 -1   
5.91190075 1    
5.95971562 -1   
5.96695994 -1   
5.98769595 -1   
6.07254194 -1   
6.07269987 1    
6.23363750 -1   
6.27551261 -1   
6.27553984 1    
6.29726969 -1   
6.33022920 -1   
6.33174782 -1   
6.43047088 -1   
6.54326424 1    
6.59017989 -1   
6.74860802 -1   
6.74890246 1    
6.97706523 -1   
6.97754699 1    
7.23106395 -1   
7.53747251 -1   
7.53785318 1    
8.08607491 -1   
8.08856914 1    
8.33495548 -1   
8.53359299 -1   
8.53403075 1    
8.69396692 1    
8.74305498 -1   
8.77682895 -1   
8.78684523 -1   
8.78806526 -1   
8.93799002 -1   
8.93835589 1    
9.09725738 1    
9.15321362 -1   
9.25612144 1    
9.34275968 -1   
9.35595211 -1   
9.39849468 -1   
9.51480010 -1   
9.54266754 1    
9.71615935 -1   
9.71645645 1    
9.90934927 -1   
9.90970036 1    
10.15288899 -1   
10.54390126 1    
10.80129269 -1   
10.95999082 -1   
10.96032404 1    
11.16341499 -1   
11.17595681 -1   
11.19969624 -1   
11.20003585 1    
11.21171128 -1   
11.33579544 -1   
11.35867200 1    
11.54306669 1    
11.55794280 -1   
11.59972982 -1   
11.60748104 -1   
11.75837743 -1   
11.75872349 1    
11.92811986 -1   
12.12762494 -1   
12.12808128 1    
12.33009202 1    
12.47731343 -1   
12.54322262 1    
12.71395154 -1   
12.71423430 1    
12.93756832 -1   
12.93788829 1    
13.27260651 -1   
13.86485747 -1   
13.90074712 1    
14.05938020 1    
14.51357348 -1   
14.51506056 -1   
14.51543550 -1   
14.55502085 -1   
14.55658436 -1   
14.65124337 -1   
14.65273768 -1   
14.65398428 -1   
14.68222095 -1   
14.71357646 -1   
14.71393044 1    
15.08911380 -1   
15.43843278 -1   
15.43884698 1    
15.59747374 1    
16.07340398 -1   
16.07466399 -1   
16.07491715 -1   
16.10695949 -1   
16.10843528 -1   
16.16036021 -1   
16.16184660 -1   
16.16335023 -1   
16.17359706 -1   
16.17484119 -1   
16.23606192 -1   
16.24205712 -1   
16.24355317 -1   
16.26754538 -1   
16.26779178 -1   
16.29203187 -1   
16.29330057 -1   
16.33175953 -1   
16.33299954 -1   
16.33451242 -1   
16.38997918 -1   
16.39013865 1    
16.39123875 -1   
16.39273467 -1   
16.39396620 -1   
16.39546179 -1   
16.39696056 -1   
16.39823114 -1   
16.39973332 -1   
16.40195887 -1   
16.40346278 -1   
16.40472803 -1   
16.40620881 -1   
16.40772486 -1   
16.40897627 -1   
16.42739405 -1   
16.43721493 -1   
16.51190585 -1   
16.51320575 -1   
16.52716830 -1   
16.52869463 -1   
16.52988693 -1   
16.54894221 1    
16.56764529 -1   
16.56888536 -1   
16.57038623 -1   
16.58596183 -1   
16.61984352 -1   
16.62108257 -1   
16.63312984 -1   
16.63463167 -1   
16.63613838 -1   
19.40091254 -1   
19.40130998 1    
22.09027559 1    
25.45345641 -1   
25.45359496 1    
28.19159570 -1   
31.85154130 -1   
35.55967505 1    
40.11031260 -1   
48.19413078 -1   
52.46824086 -1   
56.43721484 -1   
