0.00000000 1    
0.22379916 -1   
0.38593139 -1   
0.38642106 1    
0.54506125 1    
0.71000983 -1   
0.71027416 1    
0.87015731 -1   
0.87029442 1    
1.03033115 -1   
1.03064452 1    
1.25443484 -1   
1.40943388 1    
1.57930943 -1   
1.57984507 1    
2.29634110 -1   
2.29664695 1    
2.87527878 -1   
2.87560509 1    
3.41089668 1    
3.53739944 -1   
3.56955278 1    
3.73028610 -1   
3.73058719 1    
3.89151356 -1   
3.89170066 1    
3.90026658 1    
4.05160726 -1   
4.05164439 1    
4.21559201 -1   
4.21562714 1    
4.29009745 -1   
4.32657908 -1   
4.35830861 -1   
4.37595359 -1   
4.41081936 1    
4.53459413 -1   
4.58120665 -1   
4.58125972 1    
4.74012382 -1   
4.74078447 1    
4.81354916 -1   
4.84903284 -1   
4.85054567 -1   
4.90162863 -1   
5.06134212 -1   
5.06165718 1    
5.22143375 -1   
5.22146926 1    
5.38131989 -1   
5.38137123 1    
5.58344067 1    
5.74588561 -1   
5.74617828 1    
5.93027642 -1   
5.93059555 1    
6.09043743 -1   
6.09071977 1    
6.25056774 -1   
7.25900299 -1   
7.26184799 1    
7.46959376 1    
7.52659167 -1   
7.72707506 -1   
7.72749959 1    
7.88742352 1    
7.92267749 -1   
7.96401136 -1   
7.97250807 -1   
7.99228938 -1   
8.12267469 -1   
8.12284185 1    
8.28163746 1    
8.32549143 -1   
8.36253898 -1   
8.39276729 -1   
8.44054028 1    
8.52184021 -1   
8.72076775 -1   
8.72127266 1    
8.88858514 -1   
8.88894560 1    
9.04874390 -1   
9.04908976 1    
9.32231123 -1   
9.32261494 1    
9.48247299 -1   
9.75567804 -1   
9.79064881 1    
9.99144209 1    
10.31615468 -1   
10.31741131 -1   
10.31779028 -1   
10.46956434 -1   
10.47105470 -1   
10.51700168 -1   
10.58724474 -1   
10.58875708 -1   
10.62822063 -1   
10.67793019 -1   
10.67826324 1    
11.10456919 -1   
11.10489187 1    
11.26367239 1    
11.60343549 -1   
11.60492461 -1   
11.60515389 -1   
11.71387180 -1   
11.71534380 -1   
11.80528393 -1   
11.84029680 -1   
11.84198000 -1   
11.93272483 -1   
11.93421577 -1   
11.93573909 -1   
11.95921068 -1   
11.96433855 -1   
12.03268526 -1   
12.03419435 -1   
12.12351488 -1   
12.15236732 -1   
12.15386522 -1   
12.18909828 -1   
12.19034724 -1   
12.19184152 -1   
12.22357940 -1   
12.22372255 1    
12.24430815 -1   
12.28290742 -1   
12.31227679 -1   
12.33224514 -1   
12.37521894 -1   
12.37646192 -1   
12.37796345 -1   
12.44262522 -1   
12.44279987 1    
12.45642512 -1   
12.45791368 -1   
12.48767693 -1   
12.48918745 -1   
12.49041645 -1   
12.55213694 -1   
12.55338136 -1   
12.57760199 -1   
12.60434218 -1   
12.60437724 1    
12.61510340 -1   
12.61661090 -1   
12.64937295 -1   
12.67182470 -1   
12.67331357 -1   
12.67481083 -1   
12.72129376 -1   
12.75702189 -1   
12.75829342 -1   
12.75975788 -1   
12.76302442 -1   
12.81553462 -1   
12.96318564 -1   
17.67914137 1    
22.72397219 -1   
26.55128284 -1   
26.55148903 1    
34.40326778 1    
36.43212522 1    
45.77077072 -1   
49.27075219 -1   
56.50605837 -1   
57.61374341 -1   
