0.00000000 -1   
0.02910767 1    
0.57922496 -1   
0.80792972 1    
0.80807744 -1   
0.96731917 1    
0.96736243 -1   
1.12806552 1    
1.12810317 -1   
1.38042247 1    
1.40848707 1    
1.40998570 1    
1.48584027 -1   
1.56915593 1    
1.64539949 -1   
1.72790496 1    
1.80482341 -1   
1.85796433 1    
1.87846768 1    
1.87996661 1    
1.88727797 1    
2.10492128 1    
2.10523666 -1   
2.31159579 1    
2.31215301 -1   
2.47273568 1    
2.48677245 -1   
2.66016060 1    
2.66043921 -1   
2.92244817 1    
2.92274192 -1   
3.53497752 1    
3.53721419 -1   
3.80119943 1    
3.80134874 -1   
3.96034372 -1   
4.02617332 1    
4.48957484 -1   
4.66445140 1    
4.66472270 -1   
4.85411620 1    
4.85444200 -1   
5.09770252 1    
5.49019484 -1   
5.66240367 1    
5.66266714 -1   
5.85603742 1    
5.85635740 -1   
6.07963918 1    
6.49115855 -1   
6.66007903 1    
6.66038717 -1   
6.85072390 1    
6.85104722 -1   
7.08581378 1    
13.25464452 -1   
15.31463169 1    
20.71983271 -1   
27.21826608 -1   
33.46766154 -1   
35.35299865 -1   
44.57850908 -1   
44.59962361 1    
45.52775637 -1   
45.70472126 1    
45.70500363 -1   
45.86961160 1    
45.92179863 -1   
46.07524144 1    
46.08919658 -1   
46.19888793 1    
46.22557798 1    
46.23877901 1    
46.35829208 1    
46.44024125 1    
47.52889547 -1   
47.69730548 1    
47.69755668 -1   
47.85758537 1    
47.86652410 -1   
47.90313960 -1   
48.02812171 1    
48.11247965 1    
48.11251655 -1   
48.14223375 1    
48.17469395 1    
48.19749035 1    
48.21841338 1    
48.23320353 1    
48.32966666 -1   
48.43389202 1    
48.52912181 -1   
48.56774161 1    
48.58000279 1    
48.59047196 1    
48.59362407 1    
48.75331512 1    
48.75361541 -1   
48.97083471 1    
48.97087131 -1   
49.15328418 1    
49.15361826 -1   
49.39384510 1    
49.59528218 1    
49.59557501 -1   
50.25909694 1    
50.26148146 -1   
50.47821810 1    
50.47837608 -1   
50.64437949 1    
50.64441291 -1   
50.80936612 1    
50.80940005 -1   
50.96921476 1    
50.96953168 -1   
51.14260985 1    
51.14278510 -1   
51.31601622 1    
51.31633518 -1   
51.52942958 -1   
51.54438104 1    
51.74660490 1    
51.74691913 -1   
51.90762230 -1   
52.03434797 1    
52.07302826 -1   
52.42713353 1    
52.42742036 -1   
52.99514004 1    
53.03360733 -1   
53.19542467 1    
53.19545935 -1   
53.44274831 -1   
53.60336651 -1   
53.66532242 1    
53.66653935 1    
53.66694333 1    
53.84071145 1    
53.84099301 -1   
53.84221924 1    
53.85420747 1    
53.86701610 1    
53.96837811 1    
53.96963641 1    
53.99935837 1    
54.05657481 1    
54.05698086 -1   
54.06867328 1    
54.25725675 -1   
54.50540755 1    
54.67709103 1    
54.67740625 -1   
55.01932381 -1   
55.60144613 1    
55.60298136 1    
55.60331945 1    
55.65768480 1    
55.65917376 1    
55.73413733 1    
55.74216548 1    
55.76312084 1    
55.78416180 1    
55.78560972 1    
55.81356225 1    
55.85485806 1    
55.85610454 1    
55.89629600 1    
55.89778837 1    
55.89901538 1    
55.92852836 1    
55.95925797 1    
55.96047879 1    
55.97737461 1    
55.97755059 -1   
56.03094503 1    
56.03243796 1    
56.06969451 1    
56.07119475 1    
56.12141605 1    
56.12265616 1    
56.13761762 1    
56.16539475 1    
56.16665940 1    
56.19762660 1    
56.19782372 -1   
56.22635081 1    
56.22761041 1    
56.24658913 1    
56.24783399 1    
56.32480078 1    
56.32603959 1    
56.32995364 1    
56.34577975 1    
56.35550480 1    
56.35702111 1    
56.37899866 1    
56.37904262 -1   
56.38048957 1    
56.43471000 1    
56.43620562 1    
56.43745506 1    
56.45644551 1    
56.45794453 1    
56.47725211 1    
56.50880848 1    
56.66853755 1    
60.87484570 1    
60.87540372 -1   
61.13564636 1    
61.13598217 -1   
