0.00000000 1    
0.24818975 -1   
0.24873076 1    
0.40929874 1    
0.43715720 -1   
0.45988002 -1   
0.49663505 -1   
0.50787138 -1   
0.53186029 -1   
0.61083688 1    
0.61865544 -1   
0.76952312 1    
0.78484349 -1   
0.95846976 -1   
0.95850468 1    
0.98764030 -1   
1.04882504 -1   
1.06103294 -1   
1.11893764 -1   
1.27751908 -1   
1.27784954 1    
1.47909567 1    
1.54286286 -1   
1.74155721 -1   
1.74186366 1    
1.90167807 -1   
1.90202151 1    
2.06187869 -1   
2.06219318 1    
2.36663996 -1   
2.79467013 -1   
2.79494925 1    
3.61249324 -1   
3.61488499 1    
3.82087513 -1   
3.82109076 1    
3.98648347 -1   
3.98651886 1    
4.14746896 -1   
4.14751212 1    
4.34427957 -1   
4.38288644 -1   
4.41839382 -1   
4.45086808 -1   
4.47446715 1    
4.54331300 -1   
4.76826415 -1   
4.76856754 1    
4.96140066 -1   
4.96168773 1    
5.12131295 -1   
5.12164770 1    
5.28147316 -1   
5.47596673 1    
5.64153906 -1   
5.64186007 1    
5.80017533 -1   
5.84285101 1    
5.99833213 -1   
6.04349951 1    
6.28016948 -1   
6.28241215 1    
6.44355292 -1   
6.47638682 1    
6.63621820 -1   
6.63639111 1    
6.79771281 -1   
6.79774791 1    
6.80741870 1    
6.96236553 -1   
6.96240529 1    
7.12143910 -1   
7.12177031 1    
7.24402297 -1   
7.26398564 -1   
7.28402628 -1   
7.31247517 -1   
7.39593448 -1   
7.47069247 -1   
7.47083804 1    
7.67082264 1    
7.73533610 -1   
7.76247710 -1   
7.78346131 -1   
7.81668844 -1   
7.92316696 -1   
7.92354990 1    
8.12586385 -1   
8.12589863 1    
8.37114881 1    
8.59759136 -1   
8.59788879 1    
8.75750104 -1   
9.73256294 -1   
9.77015578 1    
10.01473860 1    
10.27228962 -1   
10.27376108 -1   
10.27425140 -1   
10.30924222 -1   
10.31049228 -1   
10.35621717 -1   
10.35748467 -1   
10.35895934 -1   
10.40496784 -1   
10.46801856 -1   
10.46832196 1    
10.62641955 -1   
11.18934193 -1   
11.18965864 1    
11.35126879 1    
11.83039556 -1   
11.83188687 -1   
11.83227088 -1   
12.07650586 -1   
12.07774426 -1   
12.07812774 -1   
12.18369386 -1   
12.18518214 -1   
12.23705209 -1   
12.26764737 -1   
12.26886988 -1   
12.35258000 -1   
12.35381966 -1   
12.35533840 -1   
12.39557741 -1   
12.39561392 -1   
12.43854869 -1   
12.44004298 -1   
12.47255669 -1   
12.47400595 -1   
12.52047661 -1   
12.52061042 1    
12.52172356 -1   
12.52321748 -1   
12.55694908 -1   
12.57094439 -1   
12.61269869 -1   
12.73015660 -1   
13.04877506 -1   
13.12491655 -1   
13.12642800 -1   
13.16386318 -1   
13.16402907 1    
13.16510242 -1   
13.16659876 -1   
13.20742999 -1   
13.24881409 -1   
13.25005637 -1   
13.27179645 -1   
13.27329341 -1   
13.27455369 -1   
13.27608377 -1   
13.30429944 -1   
13.30554739 -1   
13.31628892 -1   
13.31777053 -1   
13.31905626 -1   
13.32328728 1    
13.34027950 -1   
13.34150330 -1   
13.36274853 -1   
13.36399261 -1   
13.37623861 -1   
13.37750439 -1   
13.40300493 -1   
13.40706571 -1   
18.62752925 1    
19.48367479 1    
25.91648487 -1   
28.25282690 -1   
36.04818609 -1   
40.29246018 -1   
40.29264353 1    
40.45109894 -1   
40.45136083 1    
41.50574232 1    
47.85593457 -1   
50.51528147 1    
58.59028740 -1   
