0.00000000 -1   
0.15973928 -1   
0.22996012 1    
0.32035360 -1   
0.39020823 1    
0.40009536 -1   
0.48003277 -1   
0.54986124 1    
0.60567465 1    
0.62965211 1    
0.65361495 1    
0.69587053 1    
0.69619063 -1   
0.74772456 1    
0.89904095 -1   
0.98954339 1    
1.09584152 -1   
1.12362385 1    
1.12508932 1    
1.14287320 1    
1.14792178 1    
1.30686163 1    
1.30716299 -1   
1.50123182 1    
1.50152435 -1   
1.72692354 1    
2.55413034 1    
2.55445362 -1   
3.06258497 1    
3.06291728 -1   
3.60280535 1    
3.60507786 -1   
3.84538581 1    
4.06578823 1    
4.06628394 -1   
4.22637847 -1   
4.25815267 1    
4.29029826 1    
4.31427380 1    
4.33550818 1    
4.33700172 1    
4.44906556 1    
4.44937459 -1   
4.77862967 1    
4.77895451 -1   
5.09820364 -1   
5.16039005 1    
5.25677960 -1   
5.35852030 1    
5.41543963 -1   
5.54941388 1    
5.61914427 -1   
5.70943317 1    
5.85895638 -1   
5.86933872 1    
6.09888115 -1   
6.12185740 1    
6.12190832 -1   
6.29323376 1    
6.29352160 -1   
6.48292526 1    
6.48326138 -1   
6.67878388 1    
6.87641145 1    
6.87894806 -1   
7.13803051 1    
7.13806604 -1   
7.29768267 1    
7.29772598 -1   
7.45859105 1    
7.45862599 -1   
7.62033720 1    
7.62037305 -1   
7.69061757 1    
7.69984683 1    
7.73583500 1    
7.77556100 1    
7.78018941 1    
7.78029175 -1   
7.94081892 1    
7.94114054 -1   
8.02265218 1    
8.08186880 1    
8.08310787 1    
8.10067151 1    
8.10068473 -1   
8.26036282 1    
8.45850002 1    
8.45893282 -1   
8.64417787 1    
8.64449199 -1   
8.82656250 1    
8.82674476 -1   
9.09955866 -1   
9.26954537 1    
9.26986479 -1   
9.43770518 1    
9.43807795 -1   
9.71030220 1    
9.71061585 -1   
10.34291705 1    
10.62278368 1    
10.62309657 -1   
11.72821834 1    
11.76524108 -1   
11.93046534 -1   
12.31194371 1    
12.31318498 1    
12.31356538 1    
12.38467197 1    
12.38614779 1    
12.40341747 1    
12.40466079 1    
12.40613252 1    
12.45836342 1    
12.51472430 1    
12.51504606 -1   
12.68660091 1    
13.06386415 1    
13.06421150 -1   
13.22271595 -1   
13.61944517 1    
13.62093550 1    
13.62131746 1    
13.64692752 1    
13.64842549 1    
13.65841532 1    
13.66000016 1    
13.66116500 1    
13.67993209 1    
13.68142458 1    
13.78164970 1    
13.78309655 1    
13.78461893 1    
13.78585767 1    
13.80736327 1    
13.80889164 1    
13.81008004 1    
13.81160108 1    
13.81984938 1    
13.82109277 1    
13.82120113 -1   
13.82259786 1    
13.82384203 1    
13.82534106 1    
13.82684087 1    
13.82809384 1    
13.82958776 1    
13.84258327 1    
13.84405992 1    
13.84555987 1    
13.84680573 1    
13.94401011 1    
13.94527206 1    
13.94677605 1    
13.94827039 1    
13.94950133 1    
13.95101929 1    
13.95227084 1    
13.95376658 1    
13.96975965 1    
13.97098942 1    
13.97254919 1    
13.97373461 1    
13.97530942 1    
13.97673276 1    
13.97798583 1    
13.97948021 1    
13.98150319 1    
13.98302263 1    
13.98326124 -1   
19.68759209 -1   
26.72964506 -1   
34.94026077 -1   
41.58785372 1    
47.34271728 -1   
50.75802894 -1   
56.74812366 -1   
