0.00000000 -1   
0.25226740 1    
0.44459369 1    
0.44514284 -1   
0.62018901 -1   
0.81192578 1    
0.81232193 -1   
0.99300604 1    
0.99316030 -1   
1.16867599 1    
1.16899059 -1   
1.39351998 1    
1.59295911 -1   
1.77557326 1    
1.77586547 -1   
2.00866961 1    
2.00895481 -1   
2.37030436 1    
2.59363753 -1   
2.79347223 1    
2.79374648 -1   
2.98671437 1    
2.99542570 -1   
3.02581478 -1   
3.19801651 1    
3.27297406 -1   
3.36708857 1    
3.42607197 1    
3.46328059 -1   
3.61051468 1    
3.64842576 -1   
3.83914043 1    
3.83943158 -1   
4.08248387 1    
4.08281854 -1   
4.26965738 1    
4.26997991 -1   
4.45902684 1    
4.80857447 1    
4.80886721 -1   
5.40230385 1    
5.40457978 -1   
5.87848109 1    
5.87876780 -1   
6.34825508 1    
6.35050601 -1   
6.59799739 -1   
6.61056870 1    
6.82152849 1    
6.82197052 -1   
6.99451897 -1   
7.18872317 1    
7.18886887 -1   
7.37390676 1    
7.37421727 -1   
7.59909907 -1   
7.75245287 1    
7.99433878 1    
7.99461505 -1   
8.17238825 -1   
8.20170678 1    
8.38578372 -1   
8.59967032 1    
8.76957609 1    
8.76987732 -1   
9.24789843 1    
9.28817101 -1   
9.45136323 -1   
9.78068990 1    
9.78193567 1    
9.78224668 1    
9.79142268 1    
9.79262092 1    
9.80288790 1    
9.80438086 1    
9.80562771 1    
9.81462822 1    
9.94164948 1    
9.94200804 -1   
10.10754062 1    
10.44910410 1    
10.44941799 -1   
10.60821507 -1   
10.94046268 1    
10.94170308 1    
10.94208483 1    
10.95272476 1    
10.95397307 1    
10.96571954 1    
10.96696079 1    
10.96843823 1    
10.97694218 1    
10.97818167 1    
11.10439390 1    
11.10563165 1    
11.10713407 1    
11.10860956 1    
11.11536296 1    
11.11687538 1    
11.11812963 1    
11.11960369 1    
11.12935679 1    
11.13086736 1    
11.13101969 -1   
11.13211797 1    
11.13359312 1    
11.13509399 1    
11.13634138 1    
11.13785826 1    
11.13910502 1    
11.14186609 1    
11.14333794 1    
11.14459037 1    
11.27227479 1    
11.27381307 1    
11.27601565 1    
11.27729112 1    
11.27882857 1    
11.28006842 1    
11.28556532 1    
11.28681936 1    
11.29032153 1    
11.29150332 1    
11.29300505 1    
11.29425082 1    
11.30125448 1    
11.30280570 1    
11.30286511 -1   
11.30505487 1    
11.30651545 1    
11.30805421 1    
11.30925714 1    
11.31076652 1    
15.67418444 1    
17.10845639 -1   
22.00497832 1    
25.20920735 1    
31.71892272 -1   
33.84277910 1    
41.16743527 -1   
45.82965221 1    
52.66549059 1    
54.54296071 -1   
