0.00000000 -1   
0.32669615 1    
0.62364068 -1   
0.62386893 1    
0.86081815 1    
0.86124757 -1   
1.17418061 -1   
1.17423029 1    
1.51764788 -1   
1.51792525 1    
1.78249462 -1   
1.78263471 1    
1.94565684 -1   
1.94595017 1    
2.14973109 1    
2.18626150 -1   
2.38538114 -1   
2.38567043 1    
2.58763240 -1   
2.58812254 1    
2.83464484 -1   
3.07026327 -1   
3.07056006 1    
3.59271608 -1   
3.59504866 1    
3.80559115 -1   
3.80574954 1    
3.96442132 1    
3.98954492 -1   
4.16513773 1    
4.18991854 -1   
4.32423373 1    
4.34875459 -1   
4.52512957 1    
4.66646585 -1   
4.69797603 -1   
4.81791615 -1   
4.81826166 1    
4.82662995 -1   
5.03177807 -1   
5.03195129 1    
5.23321829 1    
5.36394897 -1   
5.40631801 -1   
5.42828865 -1   
5.42859971 1    
5.44983540 -1   
5.52926664 -1   
5.56212638 -1   
5.67321924 1    
5.72099417 -1   
5.87314326 1    
6.08403499 -1   
6.29492060 -1   
6.29520813 1    
6.85809634 -1   
6.86028937 1    
7.06941670 1    
7.07271667 -1   
7.33813660 -1   
7.33861113 1    
7.49819140 1    
7.53626662 -1   
7.57431317 -1   
7.58555189 -1   
7.59606854 -1   
7.72199774 -1   
7.72217212 1    
7.73274866 -1   
7.88095237 1    
7.92711024 -1   
7.93363209 -1   
7.93834678 -1   
7.96314637 -1   
8.08508662 1    
8.09376078 -1   
8.25228409 -1   
8.41204021 -1   
8.41255935 1    
8.61159715 -1   
8.61191229 1    
8.83346154 -1   
9.03510153 -1   
9.03537647 1    
9.61239953 -1   
9.64846540 1    
9.80733930 1    
10.30525442 -1   
10.30676645 -1   
10.30714434 -1   
10.45893801 -1   
10.46043009 -1   
10.50660597 -1   
10.61760299 -1   
10.61909451 -1   
10.66354881 -1   
10.66704457 -1   
10.66726634 1    
11.23232234 -1   
11.23268174 1    
11.39144536 1    
11.80241340 -1   
11.80395929 -1   
11.80426683 -1   
11.93657407 -1   
11.93806217 -1   
12.00349900 -1   
12.05427194 -1   
12.05576322 -1   
12.14270258 -1   
12.14419431 -1   
12.14544325 -1   
12.16202762 -1   
12.19018991 -1   
12.25838475 -1   
12.25991288 -1   
12.32199223 -1   
12.33885809 -1   
12.34033251 -1   
12.35757348 -1   
12.35882152 -1   
12.46930997 -1   
12.46948320 1    
12.47082621 -1   
12.48092467 -1   
12.51225726 -1   
12.51375055 -1   
12.54671769 -1   
12.63144950 -1   
12.63294105 -1   
12.63421385 -1   
12.63979561 -1   
12.63995722 1    
12.66620826 -1   
12.68593913 -1   
12.72488578 -1   
12.72617422 -1   
12.72767324 -1   
12.76741458 -1   
12.76883628 -1   
12.79838755 -1   
12.80182371 -1   
12.84138032 1    
12.85031253 -1   
12.85182894 -1   
12.87302629 -1   
12.87452192 -1   
12.93626364 -1   
12.93775766 -1   
12.94750656 -1   
12.94900524 -1   
12.95050558 -1   
12.95707285 -1   
12.99023427 -1   
13.02594199 -1   
13.11716646 -1   
13.51551211 -1   
13.51565005 1    
17.66804776 1    
20.03484505 -1   
24.31884799 -1   
29.07443326 -1   
35.60991557 -1   
43.59446203 1    
43.69229828 -1   
50.02374482 1    
56.04510020 1    
60.19879645 -1   
