2.39091354 1    
3.52468806 -1   
3.77486797 1    
3.77504691 -1   
3.93375401 1    
3.93401718 -1   
4.09482051 1    
4.09487494 -1   
4.29576739 -1   
4.36154705 1    
4.45442640 -1   
4.56116682 1    
4.61631106 -1   
4.81754102 1    
4.81801801 -1   
5.04963768 1    
5.29307166 -1   
5.47012642 1    
5.47044174 -1   
5.67276130 1    
5.67305530 -1   
5.92113664 1    
6.11928010 1    
6.11961570 -1   
6.75039335 1    
6.75069303 -1   
7.37506418 1    
7.37736056 -1   
7.65064903 1    
7.65080823 -1   
7.80978167 -1   
7.84403870 1    
8.04717351 1    
8.22213377 1    
8.22267596 -1   
8.39839912 -1   
8.47957800 1    
8.47992513 1    
8.49405034 1    
8.50281175 1    
8.58274457 1    
8.58288708 -1   
8.65402418 1    
8.80142081 -1   
8.82268473 1    
8.83366527 1    
8.84061868 1    
8.86588909 1    
9.03658509 1    
9.03688387 -1   
9.21350638 1    
9.25764955 -1   
9.29388332 -1   
9.46731028 -1   
9.65447939 1    
9.65480732 -1   
9.84164686 1    
9.84194096 -1   
10.01727369 1    
10.01759922 -1   
10.32229578 -1   
10.40705180 1    
10.53368003 -1   
10.61776922 1    
10.78583561 1    
10.78586910 -1   
10.94881125 1    
10.94940178 -1   
11.11090044 1    
11.11118653 -1   
11.27632623 1    
11.27646491 -1   
11.43998286 1    
11.44001794 -1   
11.60661930 1    
11.60691850 -1   
11.85746279 1    
11.85775943 -1   
12.02090311 1    
12.02121647 -1   
12.26898455 1    
12.29475649 -1   
12.46812781 1    
12.46842765 -1   
12.63652397 1    
12.63681477 -1   
12.84047806 1    
12.84096130 -1   
13.14833749 1    
13.18290544 -1   
13.35063585 1    
13.35067239 -1   
13.69009663 1    
13.69133648 1    
13.69171478 1    
13.72854918 1    
13.73007237 1    
13.73829534 1    
13.79154890 1    
13.79306806 1    
13.81127512 1    
13.89057513 1    
13.89086714 -1   
14.05321556 1    
14.41525921 1    
14.41557964 -1   
14.58487852 -1   
14.96511446 1    
14.96633734 1    
14.96701119 1    
14.98732811 1    
14.98857705 1    
15.01486461 1    
15.01630972 1    
15.01755547 1    
15.02755712 1    
15.03831618 1    
15.13974860 1    
15.14123388 1    
15.14249395 1    
15.14400559 1    
15.16025184 1    
15.16174643 1    
15.16324811 1    
15.16447205 1    
15.18698769 1    
15.18823129 1    
15.18837809 -1   
15.18977302 1    
15.19126373 1    
15.19247695 1    
15.19401212 1    
15.19551141 1    
15.19670326 1    
15.21122513 1    
15.21274425 1    
15.21426212 1    
15.21544249 1    
15.30764889 1    
15.30915988 1    
15.31065855 1    
15.31190812 1    
15.31345666 1    
15.31469925 1    
15.31620065 1    
15.31769172 1    
15.32595383 1    
15.32741135 1    
15.32868958 1    
15.33017764 1    
15.33138245 1    
15.33294065 1    
15.33437787 1    
15.33562349 1    
15.34939593 1    
15.35088440 1    
15.35114983 -1   
18.02271561 -1   
20.42247210 -1   
21.05425440 -1   
29.01971346 1    
36.05855280 -1   
43.68275404 1    
46.97818985 1    
53.47947100 1    
57.61241486 -1   
61.69859107 -1   
