0.00000000 -1   
0.28528432 1    
0.44540995 1    
0.44576979 -1   
0.60625924 -1   
0.65897215 1    
0.69172735 1    
0.71392191 1    
0.71517112 1    
0.78240593 1    
0.78258467 -1   
0.81749233 1    
0.98557694 -1   
1.01823039 1    
1.03111033 1    
1.05473111 1    
1.08719321 1    
1.18970043 1    
1.39836594 1    
1.39870400 -1   
1.55876644 1    
1.55948950 -1   
1.72044855 1    
1.91883708 1    
1.91917510 -1   
2.14270366 1    
2.14301655 -1   
2.30286881 1    
2.30320896 -1   
2.46301999 1    
3.07639601 1    
3.07869329 -1   
3.31978047 1    
3.47091402 -1   
3.51791715 1    
3.62955312 -1   
3.67630675 1    
3.78920993 -1   
3.82918662 1    
3.83446594 1    
3.88385111 1    
3.88533291 1    
3.99340467 1    
4.15203722 1    
4.15236073 -1   
4.47255810 -1   
4.63849675 1    
4.63877500 -1   
4.79843396 1    
4.99680380 1    
4.99714103 -1   
5.22069206 1    
5.41883596 1    
5.41916594 -1   
5.93653753 1    
5.93680435 -1   
6.38832064 1    
6.39050501 -1   
6.54911329 -1   
6.65235304 1    
6.70777644 -1   
6.85098613 1    
6.86614937 -1   
7.00964607 1    
7.02511333 -1   
7.18485591 1    
7.18521943 -1   
7.41568475 1    
7.47285664 -1   
7.64478051 1    
7.64508882 -1   
7.87216945 1    
7.87247494 -1   
8.09552409 1    
13.19945962 -1   
21.29180913 1    
27.24614985 -1   
36.38404527 -1   
43.89357466 1    
51.03020140 1    
59.79990111 -1   
