0.00000000 1    
0.15960346 1    
0.23334805 -1   
0.31827113 1    
0.39311578 -1   
0.47817356 1    
0.55275300 -1   
0.74362046 -1   
0.74389180 1    
1.04188394 1    
1.20878750 -1   
1.20907404 1    
1.38350217 -1   
1.38382010 1    
1.54470933 -1   
1.54503273 1    
1.74994955 1    
1.77273380 -1   
1.97087864 -1   
1.97121919 1    
2.13026569 -1   
2.17021208 1    
2.34189496 -1   
2.34217496 1    
2.52728893 -1   
2.52758204 1    
2.69219606 -1   
2.69446662 1    
2.85512720 -1   
3.04432423 1    
3.05409537 -1   
3.06371077 1    
3.21491687 -1   
3.21495623 1    
3.37591320 -1   
3.37596558 1    
3.43442800 -1   
3.44516480 -1   
3.46892465 -1   
3.50587932 -1   
3.53571125 -1   
3.53586852 1    
3.69537053 -1   
3.69581757 1    
3.77424598 -1   
3.79373113 -1   
3.79523139 -1   
3.85499726 -1   
4.01369510 -1   
4.04533137 1    
4.17234778 -1   
4.24626757 1    
4.37100683 -1   
4.44990534 1    
4.64759771 -1   
4.64792179 1    
4.80754323 -1   
4.80784625 1    
4.96743265 -1   
5.39018378 -1   
5.39231566 1    
5.65749454 -1   
5.65768272 1    
5.81740744 -1   
5.81744148 1    
5.97915151 -1   
5.97918632 1    
6.17789711 1    
6.29737721 -1   
6.33657208 1    
6.49626475 -1   
6.49655769 1    
6.70095389 -1   
6.70145669 1    
6.94802892 -1   
7.04607954 1    
7.14589569 -1   
7.20456873 1    
7.30432560 -1   
7.36329508 1    
7.56589768 -1   
7.56618339 1    
7.79978510 -1   
8.08985779 -1   
8.09016255 1    
8.76055788 -1   
8.79826228 1    
8.95682564 1    
9.59066943 -1   
9.59189019 -1   
9.59227153 -1   
9.72707447 -1   
9.72859065 -1   
9.73858199 -1   
9.73983299 -1   
9.74133173 -1   
9.77257077 -1   
9.79114788 -1   
9.79142767 1    
10.02876412 -1   
10.44750894 -1   
10.44789026 1    
10.60662843 1    
10.74785499 -1   
10.76626008 1    
11.15503510 -1   
11.15627384 -1   
11.15663961 -1   
11.18800069 -1   
11.18950090 -1   
11.31143725 -1   
11.31292698 -1   
11.31417918 -1   
11.34495162 -1   
11.34617023 -1   
11.34768366 -1   
11.34788623 -1   
11.38992433 -1   
11.45533254 -1   
11.45657620 -1   
11.46632652 -1   
11.46758533 -1   
11.46907158 -1   
11.49830349 -1   
11.49954731 -1   
11.50803709 -1   
11.50822119 1    
11.60974654 -1   
11.61098676 -1   
11.61248301 -1   
11.64572192 -1   
11.64721918 -1   
11.64871204 -1   
11.65698614 -1   
11.65845664 -1   
11.66844106 -1   
11.66847883 1    
11.75443155 -1   
11.75591994 -1   
11.76696202 -1   
11.76839914 -1   
11.76995688 -1   
11.77766413 -1   
11.80015259 -1   
11.80164668 -1   
11.80289207 -1   
11.82797290 -1   
11.82800861 1    
11.90809872 -1   
11.90931364 -1   
11.91883298 -1   
11.92007845 -1   
11.92163660 -1   
11.92732758 -1   
11.92882938 -1   
11.93007104 -1   
11.96781114 -1   
11.98895902 -1   
17.02982934 1    
18.81626525 -1   
22.85849151 1    
27.62716513 1    
34.32841380 -1   
39.01399924 -1   
45.25791680 -1   
47.31771904 -1   
53.43496494 -1   
60.44765964 -1   
