0.00000000 1    
0.24787813 -1   
0.34090805 1    
0.40651364 -1   
0.49965913 1    
0.56630249 -1   
0.65831574 1    
0.87701629 -1   
0.87732613 1    
1.03567748 -1   
1.03609762 1    
1.19583712 -1   
1.34113122 1    
1.39420237 -1   
1.54433331 1    
1.55288006 -1   
1.70299376 1    
1.71157814 -1   
1.90460362 1    
2.12379728 -1   
2.12409715 1    
2.38163177 -1   
2.68072013 -1   
2.68100239 1    
3.34459064 -1   
3.34695880 1    
3.62644700 -1   
3.82431250 -1   
3.82483526 1    
4.03645973 -1   
4.06564083 -1   
4.07656734 -1   
4.07808131 -1   
4.22379849 -1   
4.34187655 1    
4.50816399 -1   
4.50843013 1    
4.69258501 -1   
4.69289256 1    
4.85249397 -1   
4.85279120 1    
5.08914137 -1   
5.31597877 -1   
5.31637384 1    
5.47682667 1    
5.65153364 -1   
5.65181831 1    
5.81293953 -1   
5.81521604 1    
5.97610103 -1   
5.97644369 1    
6.13760153 -1   
6.13824274 1    
6.30015848 -1   
6.30020202 1    
6.37700434 -1   
6.37824066 -1   
6.40500638 -1   
6.41750266 -1   
6.43049192 -1   
6.45899169 -1   
6.45901191 1    
6.63147908 -1   
6.63151450 1    
6.82815971 -1   
6.82819484 1    
6.86797445 -1   
6.87948174 -1   
6.91221239 -1   
6.98888577 -1   
7.14765989 -1   
7.14798672 1    
7.34305309 1    
7.34824763 1    
7.51796137 -1   
7.51822912 1    
7.67894344 -1   
7.67910147 1    
7.68854858 1    
7.84012477 -1   
7.84016275 1    
8.00100131 -1   
8.00103367 1    
8.04629346 -1   
8.07184051 -1   
8.09403555 -1   
8.12204221 -1   
8.16075733 -1   
8.16092298 1    
8.32049352 -1   
8.34283283 1    
8.37138518 -1   
8.39609228 -1   
8.40958766 -1   
8.50237584 -1   
8.66106522 -1   
8.66136966 1    
8.82047042 -1   
8.86439281 1    
9.01985459 -1   
9.06426029 1    
9.30393961 -1   
9.34315060 1    
9.50306190 -1   
9.68710730 -1   
9.68737887 1    
9.74187767 -1   
9.92852506 1    
9.96754205 -1   
10.13248169 1    
10.34293389 1    
10.51174593 -1   
10.51202653 1    
10.67316160 -1   
10.70629240 -1   
10.70659729 1    
10.70780642 -1   
10.71856508 -1   
10.73152837 -1   
10.82147226 -1   
10.83444655 -1   
10.85943323 -1   
10.86067854 -1   
10.86685819 -1   
10.94818419 1    
10.96042907 -1   
11.02638439 -1   
11.30804401 -1   
11.48698251 -1   
11.48732025 1    
11.64703890 1    
12.27237574 -1   
12.27386732 -1   
12.27425311 -1   
12.30985175 -1   
12.31135077 -1   
12.37384162 -1   
12.37508898 -1   
12.37655772 -1   
12.40532409 -1   
12.40681796 -1   
12.43453922 -1   
12.43483066 1    
12.43577905 -1   
12.43733406 -1   
12.44107571 -1   
12.47053149 -1   
12.47178773 -1   
12.47329105 -1   
12.47352153 -1   
12.51999266 -1   
12.52147831 -1   
12.58224718 -1   
12.58369167 -1   
12.58499607 -1   
12.59247638 -1   
12.59368587 -1   
12.59520667 -1   
12.59645517 -1   
12.59795748 -1   
12.61770042 -1   
12.61786828 1    
12.61919498 -1   
12.67246906 -1   
12.74637869 -1   
12.74759621 -1   
12.74911568 -1   
12.76811147 -1   
12.76933822 -1   
12.77083135 -1   
12.77233326 -1   
12.77358004 -1   
12.78235259 -1   
12.78357512 -1   
12.80684265 -1   
12.80808226 -1   
12.83221398 -1   
12.83240518 1    
12.91533230 -1   
12.91675543 -1   
12.95223497 -1   
12.95372810 -1   
12.95497881 -1   
12.97622021 -1   
12.98999565 -1   
17.59715480 1    
23.32465944 -1   
28.66315904 -1   
35.02604787 1    
37.72323292 -1   
42.79163069 1    
48.03532705 -1   
54.54611690 -1   
