0.00000000 1    
0.00013131 -1   
0.15941160 1    
0.15980570 -1   
1.80337818 -1   
2.03331249 1    
2.03347427 -1   
2.19623824 1    
2.19627222 -1   
2.36152925 1    
2.36158370 -1   
2.57034329 1    
2.60694483 -1   
2.61694820 1    
2.66487884 1    
2.67515832 1    
2.78168319 1    
2.95581814 1    
2.95612924 -1   
3.17069161 1    
3.17100892 -1   
3.42478521 1    
3.60807126 -1   
3.77558628 1    
3.77587383 -1   
3.98469684 1    
3.98500963 -1   
4.21260517 1    
4.60910127 -1   
4.72455095 1    
4.77043084 -1   
4.88604454 1    
4.89555188 -1   
4.93111660 -1   
5.05361039 1    
5.13369520 1    
5.13400395 -1   
5.25143443 1    
5.44986098 1    
5.60879378 1    
5.60978036 -1   
5.76839593 -1   
5.78144058 1    
5.97075586 -1   
6.16222150 1    
6.16254128 -1   
6.37482514 1    
6.60179171 1    
6.60411645 -1   
6.76407120 -1   
6.86630062 1    
6.92273664 -1   
7.06608684 1    
7.08260919 -1   
7.22593581 1    
7.42378753 1    
7.42411567 -1   
7.58241279 1    
7.58282359 -1   
7.74280134 1    
7.74283594 -1   
7.91444825 1    
7.91474298 -1   
8.10991132 1    
8.11025576 -1   
8.33020905 1    
8.33052426 -1   
8.49064196 1    
8.78570309 1    
8.78600799 -1   
9.24046290 1    
9.24299880 -1   
9.45758894 1    
9.45777137 -1   
9.61203483 -1   
9.61749546 1    
9.61753318 -1   
9.77749007 1    
9.77754529 -1   
9.93829273 1    
9.93856946 -1   
9.98916962 1    
10.01440433 1    
10.02716175 1    
10.04090744 1    
10.09877123 1    
10.29934072 1    
10.29965574 -1   
10.54371391 1    
10.61295118 -1   
10.77907651 1    
10.77935853 -1   
10.95773356 1    
10.95809455 -1   
11.11768564 1    
11.11802155 -1   
11.34850486 1    
11.71430330 1    
11.71459134 -1   
12.31876944 1    
12.35561257 -1   
12.52131106 -1   
13.19785940 1    
13.19934404 1    
13.19972611 1    
13.30854223 1    
13.30981676 1    
13.40293013 1    
13.41252867 1    
13.41370473 1    
13.53541905 1    
13.56335545 1    
13.56364266 -1   
14.25734866 1    
14.25767342 -1   
14.42992563 -1   
14.92159662 1    
14.92283572 1    
14.92321823 1    
15.02553881 1    
15.02677794 1    
15.12544738 1    
15.15646042 1    
15.15770437 1    
15.16620153 1    
15.16744961 1    
15.16894998 1    
15.24768551 1    
15.28541165 1    
15.28694187 1    
15.28819614 1    
15.28969204 1    
15.29117786 1    
15.29213881 1    
15.39284947 1    
15.39435312 1    
15.41108541 1    
15.41124400 -1   
15.41230770 1    
15.41382524 1    
15.45199206 1    
15.46604832 1    
15.50802743 1    
15.50925037 1    
15.55173197 1    
15.55297616 1    
15.55448909 1    
15.56979242 -1   
15.58596117 1    
15.58720706 1    
15.58870303 1    
15.59975389 1    
15.62044343 1    
15.62198479 1    
15.62563192 1    
15.67117735 1    
15.67267932 1    
15.67418126 1    
15.67540426 1    
15.67692745 1    
15.69714753 1    
15.75113980 1    
15.75117636 -1   
15.75261390 1    
15.76037803 1    
15.76162923 1    
15.76310629 1    
15.82394714 1    
15.84756232 1    
16.00550056 1    
20.56476658 -1   
25.23661508 1    
29.57201232 -1   
38.17407444 -1   
42.67909956 1    
50.42711468 -1   
57.44235902 -1   
