0.00000000 1    
0.00014545 -1   
0.15871509 1    
0.15896556 -1   
0.92186265 -1   
1.08667281 -1   
1.14390466 1    
1.35062407 1    
1.35117599 -1   
1.51282910 -1   
1.61932356 1    
1.67149496 -1   
1.81847867 1    
1.83015253 -1   
2.08664199 -1   
2.25720118 1    
2.25749436 -1   
2.41711648 1    
2.61577526 1    
2.61612722 -1   
2.91484251 1    
3.08760995 -1   
3.25437984 1    
3.25464418 -1   
3.41413425 1    
3.45371418 -1   
3.61220404 1    
3.61366105 -1   
3.65337372 1    
3.67554517 1    
3.69808012 1    
3.77326103 1    
3.93176479 1    
4.08783151 -1   
4.25538180 1    
4.25591611 -1   
4.45422086 1    
4.45454647 -1   
4.82630192 -1   
4.85474283 1    
5.04935535 1    
5.08827620 -1   
5.25473460 1    
5.25499741 -1   
5.41926210 1    
5.41982663 -1   
5.58082022 1    
5.58115192 -1   
5.64144531 1    
5.74126077 1    
5.75112868 1    
5.80834832 1    
5.80991219 1    
5.90009218 1    
6.05880548 1    
6.05914026 -1   
6.26561162 -1   
6.44480477 1    
6.44509350 -1   
6.62972825 1    
6.63004678 -1   
6.82186481 1    
6.82215514 -1   
6.98200539 1    
7.29335224 1    
7.47399580 1    
7.47665473 -1   
7.74209298 1    
7.94072857 1    
7.94108302 -1   
8.10133039 -1   
8.14144712 1    
8.34308417 1    
8.34323138 -1   
8.50212298 -1   
8.69329492 1    
8.69357979 -1   
8.92089448 1    
9.09103831 -1   
9.25696795 1    
9.25724793 -1   
9.45309043 1    
9.45341270 -1   
9.69202025 1    
9.89009373 1    
9.89055037 -1   
10.08787524 -1   
10.82932854 1    
10.82962105 -1   
11.80874477 1    
11.81121535 -1   
12.03985528 1    
12.04004055 -1   
12.19978652 1    
12.19982189 -1   
12.36176411 1    
12.36179865 -1   
12.52264247 1    
12.52291756 -1   
12.57620749 1    
12.58821288 1    
12.62269926 1    
12.68362667 1    
12.68387360 -1   
12.84267313 1    
12.88583962 -1   
12.90228268 1    
12.92126104 1    
12.94975891 1    
13.04213043 1    
13.09286251 -1   
13.20094672 1    
13.35960296 1    
13.35989531 -1   
13.51978369 1    
13.52015054 -1   
13.67998236 1    
13.68030271 -1   
14.12866362 1    
14.54220582 1    
14.54250799 -1   
15.43400849 1    
15.46986787 -1   
15.62903280 -1   
16.37908566 1    
16.38058656 1    
16.38090352 1    
16.47353728 1    
16.47478736 1    
16.58065808 1    
16.76932943 1    
16.77055077 1    
16.77094454 1    
16.83502515 1    
16.92983104 1    
16.93020883 -1   
17.62819131 1    
17.62849066 -1   
17.78704266 -1   
18.38113699 1    
18.38264634 1    
18.38302123 1    
18.50112411 1    
18.50258471 1    
18.58116471 1    
18.71370734 1    
18.71493947 1    
18.72221004 1    
18.73951307 1    
18.81141360 1    
18.81265427 1    
18.82419179 1    
18.89873454 1    
18.91460247 1    
18.91585853 1    
19.00727338 1    
19.00879501 1    
19.01003908 1    
19.01903854 1    
19.02028387 1    
19.03776262 1    
19.03792293 -1   
19.05897622 1    
19.10446501 1    
19.10598219 1    
19.12772813 1    
19.18118590 1    
19.18241851 1    
19.22766834 1    
19.22783202 -1   
19.22889420 1    
19.24914794 1    
19.26013548 1    
19.30515666 1    
19.32939356 1    
19.33087711 1    
19.41031613 1    
19.41046665 -1   
19.41181034 1    
19.41305663 1    
19.43027843 1    
19.46350097 1    
19.46968088 1    
19.47075043 1    
19.49026918 1    
19.49180648 1    
19.53772143 1    
19.56570279 1    
19.56694762 1    
19.62261467 1    
19.65440677 1    
19.65566827 1    
19.78173608 1    
24.47557862 1    
24.93098980 -1   
31.56822604 -1   
39.87450233 1    
46.31172442 -1   
50.86740213 -1   
56.92919547 -1   
60.08235126 -1   
