0.00000000 -1   
0.19695321 1    
0.19714072 -1   
0.35686219 1    
0.35689711 -1   
0.51785396 1    
0.51788895 -1   
0.71313625 1    
0.74954525 1    
0.75462531 -1   
0.78375306 1    
0.78974024 1    
0.90959096 1    
0.95546384 -1   
1.11792753 1    
1.11824056 -1   
1.18952167 1    
1.20900111 1    
1.23523733 1    
1.27887449 1    
1.43799441 1    
1.43831560 -1   
1.75546855 -1   
1.83049404 1    
2.02606786 1    
2.02635424 -1   
2.05532368 1    
2.18601150 -1   
2.26277469 1    
2.34642196 -1   
2.41062295 1    
2.42324381 1    
2.42936462 1    
2.46055493 1    
2.50930750 -1   
2.58371292 1    
2.71145142 -1   
2.79269274 1    
2.93853895 1    
2.93857328 -1   
2.94852730 1    
2.95082030 1    
2.97249223 1    
3.10542137 1    
3.10577803 -1   
3.11000500 1    
3.34760100 -1   
3.58524180 1    
3.58555737 -1   
3.82779866 -1   
3.83311751 1    
4.03682805 1    
4.03714467 -1   
4.24311855 1    
4.24315447 -1   
4.44882089 1    
4.44887601 -1   
4.60892803 1    
4.60896301 -1   
4.75517563 -1   
4.77006397 1    
4.77012115 -1   
4.93106009 1    
5.12970396 1    
5.13001618 -1   
5.32651854 1    
5.32655364 -1   
5.61955317 -1   
5.82043998 -1   
5.83795233 1    
6.03637633 1    
6.03675550 -1   
6.19527103 1    
6.27545393 -1   
6.39390706 1    
6.47580682 -1   
6.68996884 1    
6.91483853 1    
6.91515720 -1   
7.54325614 1    
7.54618023 -1   
8.05396428 1    
8.05426532 -1   
8.67766815 1    
8.71528260 -1   
8.87445646 -1   
9.20795220 1    
9.20944625 1    
9.20967376 1    
9.24768241 1    
9.24892130 1    
9.32243180 1    
9.32392072 1    
9.32513838 1    
9.34616681 1    
9.40645572 1    
9.40676960 -1   
9.58805641 1    
9.95842179 1    
9.95891026 -1   
10.15970004 -1   
10.42275829 1    
10.42424818 1    
10.42462640 1    
10.48875479 1    
10.49023333 1    
10.59216107 1    
10.59363520 1    
10.59513170 1    
10.60362402 1    
10.60487617 1    
10.60637293 1    
10.62463268 1    
10.62488314 1    
10.62963692 1    
10.64966683 1    
10.65216444 1    
10.65367104 1    
10.65516047 1    
10.75281557 1    
10.75428644 1    
10.75629068 1    
10.75638891 -1   
10.75780771 1    
10.75906013 1    
10.78471489 1    
10.79701721 1    
10.83949449 1    
10.84098595 1    
10.85600339 1    
10.85749991 1    
10.85874599 1    
10.89448169 1    
10.89595743 1    
10.89720501 1    
10.91951447 -1   
10.93399637 1    
10.93518134 1    
10.93673328 1    
10.95765165 1    
10.97994311 1    
10.98117823 1    
11.01239715 1    
11.01390925 1    
11.01515547 1    
11.03615301 1    
11.03762735 1    
11.03894424 1    
11.04041364 1    
11.04191992 1    
11.04889469 1    
11.05039601 1    
11.11590338 1    
11.11594050 -1   
16.58915196 -1   
23.46344345 1    
27.68548828 1    
34.62532837 -1   
41.22195291 -1   
49.16769298 -1   
56.38560442 1    
57.11818920 1    
57.11843463 -1   
