0.00000000 -1   
0.22286040 1    
0.38200028 1    
0.38254487 -1   
0.54237787 -1   
0.58788465 1    
0.60751954 1    
0.61876385 1    
0.66375931 1    
0.73546852 1    
0.76494162 1    
0.76523538 -1   
0.95117486 1    
0.95147868 -1   
1.16811574 1    
1.41066619 -1   
1.57783056 1    
1.57810989 -1   
2.41196550 -1   
2.41197516 -1   
2.48754890 1    
2.57246564 -1   
2.68651484 1    
2.73108430 -1   
2.84508692 1    
3.00510240 1    
3.00554222 -1   
3.16392759 1    
3.16423642 -1   
3.32412685 1    
3.41244643 -1   
3.52272706 1    
3.61459551 -1   
3.68163211 1    
3.77351540 -1   
3.97469118 1    
3.97513243 -1   
4.19781769 1    
4.39595436 1    
4.39840352 -1   
4.55809816 -1   
4.62663037 1    
4.82581380 1    
4.82633509 -1   
4.98656067 -1   
5.01666571 1    
5.07223856 1    
5.09197119 1    
5.09322004 1    
5.19044080 -1   
5.20740979 1    
5.21479151 1    
5.34935430 -1   
5.50876926 -1   
5.61582989 1    
5.77750009 1    
5.77784338 -1   
5.98248733 -1   
6.17769930 1    
6.17801352 -1   
6.33786286 1    
6.33817797 -1   
6.49799874 1    
6.49803383 -1   
6.66517837 1    
6.66547139 -1   
6.82681116 1    
6.82970986 -1   
6.99073863 1    
6.99106438 -1   
7.15423456 1    
7.15470752 -1   
7.31609409 1    
7.38139752 1    
7.39191642 1    
7.41204812 -1   
7.43088527 1    
7.53660248 1    
7.65630545 -1   
7.69533537 1    
7.85843254 -1   
7.87395982 1    
7.90784072 1    
7.90933418 1    
7.93208074 1    
8.06849352 1    
8.06888893 -1   
8.22725523 1    
8.31042483 -1   
8.51454491 -1   
8.56231626 1    
8.76153782 1    
8.76190045 -1   
9.02985465 1    
9.02988978 -1   
9.35059323 -1   
9.63747366 1    
9.87640351 1    
9.91557364 -1   
10.07467330 -1   
10.55858025 1    
10.56009479 1    
10.56031940 1    
10.72523795 1    
10.72648140 1    
10.75993372 1    
10.86389965 1    
10.86518253 1    
10.91188264 1    
10.92001805 1    
10.92031836 -1   
11.08062605 1    
11.47467791 1    
11.47502806 -1   
11.63375628 -1   
12.13995485 1    
12.14141679 1    
12.14181085 1    
12.19167183 1    
12.19317351 1    
12.29989597 1    
12.30138335 1    
12.30288150 1    
12.34055228 1    
12.41152072 1    
12.44874843 1    
12.45029750 1    
12.49103883 1    
12.49254203 1    
12.50021163 1    
12.58372973 1    
12.58521064 1    
12.65912953 1    
12.66038966 1    
12.66189405 1    
12.66212239 1    
12.66221736 -1   
12.72408984 1    
12.74757459 1    
12.74907117 1    
12.82251641 1    
12.83802198 1    
12.87699825 1    
12.93024736 1    
12.93148336 1    
12.97869161 1    
12.97891179 -1   
12.98018616 1    
12.98168292 1    
12.98266793 1    
13.06446316 1    
13.09936936 1    
13.10088025 1    
13.14011942 1    
13.14136850 1    
13.17135082 1    
13.17138726 -1   
13.17284446 1    
13.17433714 1    
13.17558975 1    
13.18442286 1    
13.25455939 1    
13.25604816 1    
13.29978196 1    
13.30127145 1    
13.34453795 1    
13.34597298 1    
13.34728393 1    
13.34729337 1    
18.08173382 -1   
26.28833443 -1   
26.33847534 1    
30.99625875 -1   
40.19058969 -1   
46.91769259 -1   
50.14909064 1    
56.85850902 -1   
61.35953913 -1   
