0.00000000 1    
0.50863243 1    
0.75493145 -1   
0.91356976 -1   
0.91396568 1    
0.91397226 1    
1.07471509 1    
1.10236280 -1   
1.10260678 -1   
1.12585059 -1   
1.16035451 -1   
1.18033467 -1   
1.26221053 -1   
1.26251718 1    
1.45857570 -1   
1.45913692 1    
1.68239568 -1   
2.00753866 1    
2.17261264 -1   
2.17292010 1    
2.39823504 -1   
2.39852161 1    
2.65426909 -1   
2.85247915 -1   
2.85280143 1    
3.81018421 -1   
3.81047420 1    
4.56548309 -1   
4.56776621 1    
4.85937260 -1   
5.00847640 1    
5.05769743 -1   
5.17334848 1    
5.22260319 -1   
5.33298446 1    
5.38200905 -1   
5.40189820 -1   
5.42638656 -1   
5.44012466 -1   
5.53582350 -1   
5.54066550 -1   
5.54095381 1    
5.84201803 -1   
6.00981200 1    
6.18406957 -1   
6.18435793 1    
6.36177024 -1   
6.36214174 1    
6.52188126 -1   
6.52220038 1    
6.76796396 -1   
7.07456515 -1   
7.07485927 1    
7.93357595 -1   
7.93630478 1    
8.09617584 1    
8.15719111 -1   
8.25487618 1    
8.35642205 -1   
8.36615529 1    
8.41474304 1    
8.51604994 -1   
8.57559982 -1   
8.63082753 -1   
8.65630868 -1   
8.66855202 -1   
8.71379403 -1   
8.71409453 1    
9.00929003 1    
9.10240002 -1   
9.30302320 -1   
9.30333225 1    
9.46192500 -1   
9.50334867 1    
9.66031503 -1   
9.74723266 1    
10.00963956 -1   
10.16829147 -1   
10.16872072 1    
10.66734471 -1   
10.70362992 1    
10.86234480 1    
11.32178733 -1   
11.32300373 -1   
11.32338638 -1   
11.59037276 -1   
11.59185685 -1   
11.59223303 -1   
11.75161846 -1   
11.81398502 -1   
11.81528088 -1   
11.84796454 -1   
11.91134832 -1   
11.91169650 1    
12.52749164 -1   
12.73862000 -1   
12.73899208 1    
12.89815752 1    
13.37311441 -1   
13.37460113 -1   
13.37496288 -1   
13.49952534 -1   
13.50076635 -1   
13.57496860 -1   
13.64075474 -1   
13.64192930 -1   
13.73537384 -1   
13.74490157 -1   
13.74614541 -1   
13.79567262 -1   
13.83238948 -1   
13.83384818 -1   
13.83507353 -1   
13.89310668 -1   
13.95700862 -1   
13.95850278 -1   
13.96899820 -1   
13.97026892 -1   
14.01647098 -1   
14.01665014 1    
14.05290620 -1   
14.26186218 -1   
14.29194872 -1   
14.33156884 -1   
14.39752595 -1   
14.45246595 -1   
14.46349346 -1   
14.50419271 -1   
14.52948555 -1   
14.52959853 1    
14.60040726 -1   
14.60187955 -1   
14.61016577 -1   
14.62414691 -1   
14.69235200 -1   
14.73733396 -1   
14.78454155 -1   
14.78467978 1    
14.78603259 -1   
14.80976550 -1   
14.89371849 -1   
14.90671243 -1   
14.90820500 -1   
14.94220876 -1   
14.94643818 -1   
14.97142559 -1   
15.01242241 -1   
15.01389369 -1   
15.01539886 -1   
15.03988484 -1   
15.04139734 -1   
15.07561496 -1   
15.10259041 -1   
15.31809347 -1   
19.34933736 -1   
19.34953699 1    
19.55541169 1    
27.53704246 1    
35.95503489 -1   
35.95524332 1    
36.31362469 -1   
36.31384362 1    
40.76608849 -1   
46.03715482 1    
52.82867896 -1   
