0.00000000 1    
0.41840141 -1   
0.65104473 1    
0.65127257 -1   
0.80992616 -1   
0.81544798 1    
1.01498268 1    
1.01503549 -1   
1.21991968 -1   
1.22398120 1    
1.24960458 1    
1.27159489 1    
1.31731602 1    
1.40920038 1    
1.40950394 -1   
1.56929732 1    
1.56943413 -1   
1.72919771 1    
1.72951858 -1   
1.77707509 1    
1.82079672 1    
1.82232239 1    
1.88955768 1    
2.04826887 1    
2.11361386 -1   
2.11362288 -1   
2.27835784 1    
2.27862147 -1   
2.40394721 1    
2.41266689 -1   
2.43770966 1    
2.43775938 -1   
2.59674632 1    
2.59678148 -1   
2.70858912 1    
2.75552912 1    
2.75556296 -1   
2.96143724 -1   
2.97446133 1    
3.12035589 -1   
3.29528019 1    
3.29560665 -1   
3.45652713 1    
3.45699710 -1   
3.61968123 1    
3.61999953 -1   
3.84703545 1    
4.11437018 -1   
4.27122480 1    
4.27466653 -1   
4.42963350 1    
4.43430621 -1   
4.59512909 1    
4.59528827 -1   
4.60393391 -1   
4.75522240 1    
4.75527754 -1   
4.91519330 1    
4.91524841 -1   
4.96347911 1    
4.99670939 1    
5.01544445 1    
5.02748774 1    
5.08157026 1    
5.11460826 -1   
5.27440341 1    
5.47610647 1    
5.47650155 -1   
5.75194393 1    
5.75225848 -1   
5.96727166 1    
5.96758153 -1   
6.18389838 1    
6.18393511 -1   
6.35128319 1    
6.35159010 -1   
6.51121527 1    
6.51150039 -1   
6.67137426 1    
6.67168876 -1   
6.87700529 1    
7.07943254 1    
7.08174300 -1   
7.32395130 -1   
7.48994009 1    
7.49021369 -1   
7.65005086 1    
7.65023924 -1   
7.81076724 1    
7.81082276 -1   
7.97646093 1    
7.97649552 -1   
8.18195651 -1   
8.27295742 1    
8.47109683 1    
8.47140791 -1   
8.75518160 1    
8.75551022 -1   
9.18318864 1    
13.48945281 -1   
19.37614108 -1   
26.36328452 -1   
32.90535054 1    
37.70085531 1    
40.14382492 -1   
43.14772803 -1   
48.15719000 -1   
48.15720059 -1   
48.33101304 1    
48.33140246 -1   
48.52742605 1    
48.52774923 -1   
48.68733636 1    
48.68776836 -1   
48.85096843 1    
48.98829490 1    
49.05048370 1    
49.10499991 1    
49.20930204 1    
49.36792739 1    
49.36811202 -1   
49.65359527 1    
49.68863723 1    
49.70019330 1    
49.79089009 1    
49.84693642 1    
50.15869236 -1   
50.15870129 -1   
50.33086960 1    
50.33116383 -1   
50.49092225 1    
50.49959651 -1   
50.53196428 -1   
50.66270368 1    
50.74507985 -1   
50.86321204 1    
50.96543266 1    
50.96557756 -1   
51.02143800 1    
51.12513509 -1   
51.28377104 -1   
51.45453127 1    
51.45483631 -1   
51.64389751 1    
51.64421223 -1   
51.85901260 1    
52.27078643 1    
52.42973106 1    
52.43011791 -1   
53.33376328 1    
53.37443954 -1   
53.53523499 -1   
54.26627704 1    
54.26779101 1    
54.26815957 1    
54.40845383 1    
54.40999497 1    
54.41943516 1    
54.42095109 1    
54.42245053 1    
54.42679679 1    
54.56712791 1    
54.58588845 1    
54.58619505 -1   
54.74834509 1    
55.57539933 1    
55.57576109 -1   
55.73450139 -1   
56.63619128 1    
56.63742755 1    
56.63781268 1    
56.76409560 1    
56.76533680 1    
56.78360200 1    
56.78513585 1    
56.78638677 1    
56.88854532 1    
56.89008739 1    
56.89041526 1    
56.90750739 1    
56.93124557 1    
56.93276405 1    
56.93424322 1    
56.93551087 1    
56.93701402 1    
57.04520476 1    
57.04669397 1    
57.04823079 1    
57.05081290 1    
57.05095159 -1   
57.07543252 1    
57.07667884 1    
57.08322375 1    
57.08470829 1    
57.08621065 1    
57.08739952 1    
57.20038021 1    
57.21130453 1    
57.21146719 -1   
57.22507801 1    
57.23106745 1    
57.23256864 1    
57.23406515 1    
57.23533436 1    
57.23683597 1    
57.33378041 1    
57.36749709 1    
57.36876268 1    
57.37023845 1    
57.37048945 1    
57.37849443 1    
57.37853370 -1   
57.37973276 1    
57.38123173 1    
57.42348749 1    
57.42501381 1    
57.48300069 1    
57.48442042 1    
57.51568297 1    
57.51692449 1    
57.51840283 1    
57.53743156 1    
57.76989294 1    
57.77006555 -1   
