0.00000000 -1   
0.12396231 1    
0.71758803 -1   
0.71811973 1    
1.44238059 -1   
1.44473550 1    
1.71520393 -1   
1.92312339 -1   
1.92351581 1    
2.09142448 1    
2.14027348 -1   
2.15285228 -1   
2.17806995 -1   
2.18832834 -1   
2.32424550 -1   
2.32438492 1    
2.48421817 1    
2.51524023 -1   
2.55713786 -1   
2.56935926 -1   
2.57085640 -1   
2.72221533 -1   
2.72255829 1    
2.93475247 -1   
2.94158300 1    
3.10740077 -1   
3.10771518 1    
3.28030752 -1   
3.28060651 1    
3.49171475 -1   
3.49201731 1    
3.79478024 -1   
4.00312134 -1   
4.00336672 1    
4.95460277 -1   
4.95670705 1    
5.18571100 -1   
5.42106002 -1   
5.42148665 1    
5.62952490 -1   
5.66581666 -1   
5.72653746 -1   
5.72802721 -1   
5.82557157 -1   
5.82573237 1    
6.03346121 -1   
6.03349642 1    
6.06062323 -1   
6.09707206 -1   
6.10683581 -1   
6.20209256 -1   
6.36412879 -1   
6.36463831 1    
6.57472000 -1   
6.57517590 1    
6.83026403 -1   
6.94336299 1    
7.03315423 -1   
7.10729496 1    
7.23901651 -1   
7.27252315 1    
7.48112712 -1   
7.48141992 1    
7.64789073 -1   
7.69034540 1    
7.85291396 -1   
7.85295671 1    
8.33581694 -1   
8.33728489 -1   
8.33753623 -1   
8.39231538 -1   
8.39381921 -1   
8.43748729 -1   
8.43897788 -1   
8.44047613 -1   
8.45925137 -1   
8.56639318 -1   
8.56671780 1    
9.13193343 -1   
9.13227389 1    
9.30128298 1    
9.60656613 -1   
9.60780333 -1   
9.60843492 -1   
9.62654566 -1   
9.62779267 -1   
9.63956642 -1   
9.64078974 -1   
9.64231032 -1   
9.65858962 -1   
9.65982294 -1   
9.78322334 -1   
9.78476246 -1   
9.78625530 -1   
9.78750886 -1   
9.80095132 -1   
9.80221880 -1   
9.80372108 -1   
9.80496335 -1   
9.81271171 -1   
9.81396001 -1   
9.81408091 1    
9.81546074 -1   
9.81695576 -1   
9.81823721 -1   
9.81974771 -1   
9.98225625 -1   
10.28900471 -1   
10.30166571 -1   
10.30291155 -1   
10.31265278 -1   
10.31280886 1    
10.31390044 -1   
10.32416711 -1   
10.32566777 -1   
10.32691555 -1   
10.33641277 -1   
10.33791025 -1   
10.34690883 -1   
10.34840460 -1   
10.35394375 -1   
10.36315522 -1   
10.36467252 -1   
10.36612101 -1   
10.36737374 -1   
10.36887028 -1   
10.37889415 -1   
10.38038283 -1   
10.39912934 -1   
10.40060187 -1   
10.40210357 -1   
10.46198380 -1   
10.53362152 1    
14.96472193 1    
15.56770633 1    
19.25413560 1    
24.27118843 1    
29.85188521 1    
33.25697876 1    
37.96766505 1    
40.97116324 1    
48.54999005 1    
55.70934519 -1   
