0.00000000 1    
0.57145571 -1   
0.57177371 1    
1.14012283 -1   
1.14242323 1    
1.36573439 -1   
1.36591654 1    
1.52564437 -1   
1.52567912 1    
1.68688668 -1   
1.68691438 1    
1.85970321 -1   
1.86025982 1    
2.10126802 -1   
2.10140440 1    
2.26122313 -1   
2.26154462 1    
2.57502113 -1   
2.62995309 1    
2.80288671 -1   
2.80317574 1    
2.96179885 -1   
3.00793293 1    
3.16076567 -1   
3.16637407 1    
3.31957307 -1   
3.37330099 1    
3.51779553 -1   
3.82755536 -1   
3.82785442 1    
4.41857074 -1   
4.42070965 1    
4.63146905 1    
4.63958137 -1   
4.87613417 1    
4.87882990 -1   
4.88860368 1    
5.03604400 1    
5.10129842 -1   
5.11444620 -1   
5.11571227 -1   
5.12070991 -1   
5.12844111 -1   
5.27459245 -1   
5.27498787 1    
5.43346702 -1   
5.43366664 1    
5.59353123 -1   
5.63305411 1    
5.63367393 -1   
5.65715544 -1   
5.68867129 -1   
5.79249959 -1   
5.95219934 -1   
5.95249779 1    
6.15214637 1    
6.15869398 -1   
6.39650646 1    
6.61870751 -1   
6.80464807 -1   
6.80494021 1    
7.30089051 -1   
7.33708187 1    
7.49646415 1    
7.89563526 -1   
7.89712344 -1   
7.89749456 -1   
7.91361489 -1   
7.91486359 -1   
7.93383229 -1   
7.93507980 -1   
7.93660049 -1   
7.96534536 -1   
8.07264469 -1   
8.07295861 1    
8.23181783 -1   
8.68230181 -1   
8.68260107 1    
8.84137443 1    
9.10945984 -1   
9.11068181 -1   
9.11103485 -1   
9.13289714 -1   
9.13441454 -1   
9.14483818 -1   
9.15340979 -1   
9.15490253 -1   
9.16365630 -1   
9.16512287 -1   
9.27106984 -1   
9.27258136 -1   
9.27408538 -1   
9.27533166 -1   
9.29331705 -1   
9.29457161 -1   
9.29607941 -1   
9.29757023 -1   
9.30535024 -1   
9.30656050 -1   
9.30668462 1    
9.30806562 -1   
9.30959535 -1   
9.31532058 -1   
9.31661868 -1   
9.36053783 -1   
9.36177931 -1   
9.37077930 -1   
9.37200392 -1   
9.38424949 -1   
9.43324565 -1   
9.43453534 -1   
9.43604967 -1   
9.43723159 -1   
9.43879773 -1   
9.44022662 -1   
9.44151760 -1   
9.44297853 -1   
9.45624270 -1   
9.45775300 -1   
9.45923525 -1   
9.46045374 -1   
9.46195486 -1   
9.46322098 -1   
9.46472480 -1   
9.46622171 -1   
9.46745494 -1   
9.46748561 1    
9.47171877 -1   
9.47718043 -1   
12.63581913 1    
15.23289956 1    
22.00369332 1    
28.00150640 -1   
32.61383799 1    
39.72242767 1    
48.52127821 1    
51.67024376 -1   
58.82364590 -1   
