0.00000000 -1   
0.15988759 -1   
0.23437715 1    
0.39488078 1    
0.39543330 -1   
0.56188572 -1   
0.66644332 1    
0.72160954 -1   
0.86479922 1    
0.88024312 -1   
1.06518973 -1   
1.06521563 -1   
1.22258528 1    
1.42172373 1    
1.42203390 -1   
1.60586849 1    
1.60618981 -1   
1.82627200 1    
2.06587830 -1   
2.06588693 -1   
2.23850818 1    
2.23878098 -1   
2.39898306 1    
2.40872195 -1   
2.44006132 -1   
2.62236867 1    
2.82475953 1    
2.82493703 -1   
3.03947294 -1   
3.20242907 -1   
3.36960373 1    
3.36990110 -1   
3.72663407 1    
3.72695143 -1   
3.89006228 1    
3.89037572 -1   
4.09173147 -1   
4.24211011 1    
4.44077346 1    
4.44109858 -1   
4.62918617 1    
4.62956116 -1   
4.82727718 1    
5.02673224 1    
5.02925617 -1   
5.23575192 -1   
5.25627727 1    
5.39587383 -1   
5.45573403 1    
5.55560564 -1   
5.59496667 1    
5.61350297 1    
5.76066872 -1   
5.82917866 1    
5.92459271 -1   
6.04732494 1    
6.08424714 -1   
6.08919682 1    
6.12118215 1    
6.14439892 1    
6.25558445 1    
6.25573300 -1   
6.41698078 1    
6.46026705 -1   
6.57242054 1    
6.57366758 1    
6.59264592 1    
6.62196205 1    
6.67660825 1    
6.78035973 1    
6.78069024 -1   
7.01027712 1    
7.26918278 1    
7.26960554 -1   
8.16616722 1    
8.16643676 -1   
8.79254325 1    
8.79500606 -1   
9.06613185 -1   
9.14588027 1    
9.34475471 1    
9.34509220 -1   
9.34509815 -1   
9.50654580 -1   
9.53907697 1    
9.56197453 1    
9.59573645 1    
9.61915819 1    
9.62040273 1    
9.70539120 1    
9.72115839 1    
9.72147187 -1   
9.92833566 1    
9.96674600 1    
9.98622362 1    
10.06649533 -1   
10.08755658 1    
10.28564964 1    
10.28593952 -1   
10.44808476 1    
10.49494580 -1   
10.64794488 1    
10.73733916 -1   
11.04794226 1    
11.32404087 1    
11.32432832 -1   
12.03823846 1    
12.07797176 -1   
12.25245626 -1   
12.88012121 1    
12.88131595 1    
12.88168868 1    
12.99626715 1    
12.99753786 1    
13.09005930 1    
13.09769448 1    
13.09916724 1    
13.25032759 1    
13.28886543 1    
13.40938655 1    
13.40971398 -1   
14.25985776 1    
14.26020654 -1   
14.42148899 -1   
14.86246768 1    
14.86365839 1    
14.86403545 1    
14.95791918 1    
14.95937859 1    
15.00985167 1    
15.01132299 1    
15.01259186 1    
15.05257505 1    
15.05382875 1    
15.06831757 1    
15.10332912 1    
15.10457949 1    
15.10607471 1    
15.14429064 1    
15.14551931 1    
15.14701994 1    
15.22732839 1    
15.24321934 1    
15.24470863 1    
15.28891989 1    
15.28912225 -1   
15.29041060 1    
15.29176419 1    
15.33069739 1    
15.38511253 1    
15.38635751 1    
15.38787270 1    
15.38810511 1    
15.42908727 1    
15.43058311 1    
15.44812203 -1   
15.49830089 1    
15.49954187 1    
15.50103858 1    
15.50828720 1    
15.50953599 1    
15.51580474 1    
15.51731166 1    
15.58897249 1    
15.60804958 -1   
15.61550254 1    
15.61672511 1    
15.64371555 1    
15.65522468 1    
15.65672405 1    
15.70519727 1    
15.75128954 1    
15.75471576 1    
15.84687205 1    
15.91204999 1    
15.97136720 1    
15.97282873 1    
16.07116497 1    
20.41048467 -1   
25.49658646 -1   
32.03392429 -1   
37.07698321 -1   
44.95866225 1    
48.91763013 -1   
57.44994828 -1   
