0.00000000 1    
0.24737783 -1   
0.31825054 1    
0.40605155 -1   
0.41560890 1    
0.47694655 1    
0.56496035 -1   
0.63515751 1    
0.67380519 -1   
0.76229379 -1   
0.83673638 1    
1.25158463 -1   
1.25187575 1    
1.41140632 1    
1.58092284 -1   
1.58140053 1    
1.74352266 -1   
1.74366821 1    
1.90468380 -1   
1.90500573 1    
2.29945899 -1   
2.31886874 1    
2.48784128 -1   
2.48811928 1    
2.64885114 -1   
2.64903166 1    
2.65765809 1    
2.80942554 -1   
2.80946288 1    
2.97065153 -1   
2.97068439 1    
3.02593863 -1   
3.04394649 -1   
3.06566475 -1   
3.12894409 -1   
3.13027481 -1   
3.13039492 1    
3.28890691 -1   
3.33333894 1    
3.35826471 -1   
3.36926369 -1   
3.37974058 -1   
3.48675060 -1   
3.64570557 -1   
3.64599286 1    
3.83537544 -1   
3.83568719 1    
4.16340508 -1   
4.31895611 1    
4.48369561 -1   
4.48396635 1    
4.64469850 -1   
4.64488332 1    
4.65443279 1    
4.80504719 -1   
4.80508487 1    
4.96603251 -1   
4.96606646 1    
5.03229146 -1   
5.03378002 -1   
5.03503215 -1   
5.05432363 -1   
5.12665866 -1   
5.12668858 1    
5.28651500 -1   
5.28654963 1    
5.47750112 -1   
5.47753580 1    
5.50181519 -1   
5.52502623 -1   
5.64135260 -1   
5.84682194 -1   
5.84713646 1    
6.04877860 1    
6.06653898 -1   
6.24914690 1    
6.26517969 -1   
6.47783273 -1   
6.47786843 1    
6.63799225 -1   
6.64569180 1    
6.80643135 -1   
6.80675044 1    
6.96764140 -1   
6.96819634 1    
7.12894250 -1   
7.12926715 1    
7.17787868 -1   
7.21230991 -1   
7.22452843 -1   
7.24978798 -1   
7.29011704 -1   
7.29027374 1    
7.45125305 -1   
7.45128757 1    
7.50389512 -1   
7.53811837 -1   
7.54485083 -1   
7.61224592 -1   
7.77109900 -1   
7.77140922 1    
7.92973511 -1   
8.01688133 1    
8.12818136 -1   
8.21676180 1    
8.45067989 -1   
8.45071337 1    
8.61201880 -1   
8.61226301 1    
8.77202487 -1   
8.77230151 1    
8.96243990 -1   
8.96277084 1    
9.26271359 -1   
9.50485357 -1   
9.50710231 1    
9.75543235 -1   
9.75561900 1    
9.92091095 -1   
9.92096570 1    
10.08408128 -1   
10.08411543 1    
10.28848893 -1   
10.30178848 -1   
10.32044762 1    
10.33751881 -1   
10.35024502 -1   
10.46110742 -1   
10.52144353 1    
10.66718892 -1   
10.68010417 1    
10.75027027 -1   
10.76650764 -1   
10.77924686 -1   
10.82786129 -1   
10.99449862 -1   
10.99482037 1    
11.16189838 -1   
11.24232501 1    
11.36026705 -1   
11.56886208 1    
11.73580504 -1   
11.73612141 1    
11.94324587 -1   
11.94384538 1    
12.16230521 -1   
12.39994324 -1   
12.40025928 1    
12.90851860 -1   
12.94295799 1    
13.10171829 1    
13.57590022 -1   
13.57738815 -1   
13.57777044 -1   
13.61836889 -1   
13.61986848 -1   
13.70613852 -1   
13.70757444 -1   
13.70911857 -1   
13.73012494 -1   
13.77900646 -1   
13.77934730 1    
14.36006606 -1   
14.36039713 1    
14.51916849 1    
14.89389753 -1   
14.89541132 -1   
14.89579016 -1   
14.92789436 -1   
14.92914369 -1   
15.03363536 -1   
15.03511832 -1   
15.03636734 -1   
15.04630669 -1   
15.04780078 -1   
15.06531483 -1   
15.06681772 -1   
15.07978492 -1   
15.08103130 -1   
15.09728550 -1   
15.14650461 -1   
15.14799427 -1   
15.15379191 -1   
15.15504464 -1   
15.17799649 -1   
15.20128041 -1   
15.20152515 1    
15.20271523 -1   
15.20401400 -1   
15.20777234 -1   
15.26411975 -1   
15.27692671 -1   
15.27841753 -1   
15.30315969 -1   
15.30464857 -1   
15.30614818 -1   
15.32591559 -1   
15.32715928 -1   
15.33463496 -1   
15.34590211 -1   
15.34737826 -1   
15.35412961 -1   
15.35562308 -1   
15.35688926 -1   
15.36641134 1    
15.39410581 -1   
15.39559912 -1   
15.39687278 -1   
15.42609417 -1   
15.42758527 -1   
15.42882980 -1   
15.43033082 -1   
15.43157882 -1   
15.43280995 -1   
15.43582724 -1   
15.60120988 -1   
18.47021152 -1   
20.53779839 -1   
20.53796116 1    
20.78026033 1    
21.55568731 -1   
21.55587593 1    
28.30381725 1    
28.36230444 -1   
30.33693675 1    
33.80300760 -1   
34.85938498 -1   
35.01927820 -1   
35.01950077 1    
44.47083355 -1   
53.90350481 -1   
59.68616755 -1   
