0.00000000 -1   
1.30998324 -1   
1.71885881 1    
1.87903934 1    
1.87942144 -1   
2.03939352 -1   
2.09069605 1    
2.13353808 1    
2.14481361 1    
2.16976959 1    
2.28044188 1    
2.28075961 -1   
2.28904418 1    
2.43940648 -1   
2.52914079 1    
2.59804777 -1   
2.68099649 1    
2.68704322 1    
2.69225965 1    
2.73248766 1    
2.84493381 1    
3.00339341 1    
3.00495126 -1   
3.17933039 1    
3.17963359 -1   
3.39446722 1    
3.39483111 -1   
3.74802513 1    
4.00555959 -1   
4.00556837 -1   
4.17497588 1    
4.17527100 -1   
4.33797356 1    
4.34772304 -1   
4.37702660 -1   
4.51084942 1    
4.57441415 1    
4.57445322 -1   
4.61010955 1    
4.63359493 1    
4.65683256 1    
4.70940971 1    
4.78463554 -1   
4.97174442 1    
4.99318361 1    
5.00508522 -1   
5.01464256 1    
5.03760690 1    
5.13384163 1    
5.33639530 1    
5.33683953 -1   
5.53638810 -1   
5.68708873 1    
5.78052754 -1   
6.18330392 1    
6.37619506 1    
6.37848334 -1   
6.58336737 1    
6.58355121 -1   
6.74351169 1    
6.74356427 -1   
6.86808715 1    
6.90231943 1    
6.90234387 -1   
7.16826893 1    
7.16830387 -1   
7.33816142 1    
7.33819585 -1   
7.67266544 -1   
7.87510611 1    
7.87544007 -1   
8.03396482 -1   
8.19891774 1    
8.19920503 -1   
8.35906497 1    
8.35935730 -1   
8.51896368 1    
8.51933480 -1   
8.75932542 1    
8.97233037 1    
8.97266274 -1   
9.00519416 -1   
9.13133504 -1   
9.27203496 1    
9.28923282 -1   
9.45127357 1    
9.45157168 -1   
9.53481267 1    
9.61077279 1    
9.61080838 -1   
9.77177716 1    
9.77181272 -1   
9.89111104 1    
9.92508219 1    
9.93138399 1    
9.93139953 -1   
9.96235709 1    
10.09136047 1    
10.09141408 -1   
10.25197671 1    
10.45063537 1    
10.45094006 -1   
10.66000939 1    
10.66030289 -1   
10.89637772 1    
11.00566431 -1   
11.09451747 1    
11.20866583 -1   
11.29240245 1    
11.44852277 -1   
11.65267817 1    
11.65299665 -1   
11.86383638 1    
12.18144328 1    
12.18172434 -1   
13.07370148 1    
13.11112969 -1   
13.26971491 -1   
13.86559917 1    
13.86682508 1    
13.86720479 1    
13.90104000 1    
13.90230807 1    
13.93328994 1    
13.96926046 1    
13.97076381 1    
13.99898414 1    
14.06708347 1    
14.06740334 -1   
14.22600666 1    
14.84560189 1    
14.84590227 -1   
15.00474944 -1   
15.80098299 1    
15.80222480 1    
15.80259596 1    
15.84619931 1    
15.84744631 1    
15.86944937 1    
15.87091499 1    
15.87245525 1    
15.90889024 1    
15.91013370 1    
15.96263654 1    
15.96413692 1    
15.96541367 1    
15.96690292 1    
16.00236335 1    
16.00358729 1    
16.00683233 1    
16.00807668 1    
16.00957642 1    
16.01108065 1    
16.01116163 -1   
16.02987179 1    
16.03106857 1    
16.03262270 1    
16.03409107 1    
16.03560645 1    
16.03680947 1    
16.06955705 1    
16.07104271 1    
16.07253705 1    
16.07378799 1    
16.12307895 1    
16.12456199 1    
16.12582251 1    
16.12733123 1    
16.12878161 1    
16.13006316 1    
16.13155062 1    
16.13281348 1    
16.16452660 1    
16.16598934 1    
16.16749429 1    
16.16873769 1    
16.17023976 1    
16.17148354 1    
16.17298166 1    
16.17448533 1    
16.17573648 1    
16.17723322 1    
16.17725475 1    
16.17726935 -1   
21.22753460 -1   
26.33787419 1    
32.92581726 1    
36.32517272 -1   
39.52592395 -1   
45.25865707 -1   
48.11530798 -1   
53.08850576 -1   
59.73609072 -1   
62.04700212 -1   
