0.00000000 1    
0.22562556 -1   
0.38778313 -1   
0.38834357 1    
0.58715806 -1   
0.61382136 -1   
0.63892063 1    
0.69500699 -1   
0.70725958 -1   
0.78429800 -1   
0.99946721 -1   
0.99984192 1    
1.33454300 -1   
1.33487430 1    
1.49514237 -1   
1.49545334 1    
1.69650196 1    
1.81246346 -1   
2.01084696 -1   
2.01117027 1    
2.18156073 -1   
2.18200857 1    
2.34171793 -1   
2.34207275 1    
2.62774080 -1   
2.82565654 -1   
2.82810534 1    
3.06776644 -1   
3.26594480 -1   
3.26633498 1    
3.26635746 1    
3.42748140 1    
3.49116887 -1   
3.50039681 -1   
3.52412941 -1   
3.55411779 -1   
3.63916001 1    
3.65157606 -1   
3.81058254 -1   
3.81087960 1    
4.39598955 -1   
4.39630957 1    
4.64000753 1    
4.81273903 -1   
4.81303134 1    
5.00365815 -1   
5.00397493 1    
5.16379416 -1   
5.16410872 1    
5.32397726 -1   
5.64019992 1    
5.80445530 -1   
5.80476599 1    
5.96308671 -1   
6.00423627 1    
6.16149449 -1   
6.16390761 1    
6.32124113 -1   
6.32257281 1    
6.50952173 -1   
6.64056122 1    
6.70793373 -1   
6.84035186 1    
6.86985879 -1   
7.00196190 1    
7.21219419 -1   
7.21272461 1    
7.46522712 -1   
7.64066168 1    
7.64067027 1    
7.66413333 -1   
7.80625657 1    
7.86275056 -1   
7.96512943 1    
8.10117974 -1   
8.41992893 -1   
8.42024196 1    
8.63156094 -1   
8.63188709 1    
8.79119154 1    
8.94715615 -1   
9.14583671 -1   
9.14616310 1    
9.33497119 -1   
9.33533565 1    
9.55239407 -1   
9.58967072 1    
9.74942033 -1   
9.74945512 1    
9.91938317 -1   
9.91968023 1    
10.12276690 -1   
10.12317331 1    
10.46441305 -1   
10.46590539 -1   
10.46711033 -1   
10.64131942 -1   
10.64283449 -1   
10.66618845 -1   
10.82483159 -1   
10.84919652 -1   
10.85070531 -1   
10.97587719 -1   
10.99577585 -1   
10.99606411 1    
11.16987970 -1   
11.86621019 -1   
11.86657421 1    
12.02537944 1    
12.82106474 -1   
12.82243725 -1   
12.82268133 -1   
12.95923750 -1   
12.96050420 -1   
13.02135529 -1   
13.19370337 -1   
13.19565185 -1   
13.19715058 -1   
13.27958481 -1   
13.28111700 -1   
13.28260573 -1   
13.29210282 -1   
13.38038505 -1   
13.43448941 -1   
13.43595670 -1   
13.50317724 -1   
13.50469241 -1   
13.50616363 -1   
13.54466852 -1   
13.56433925 -1   
13.56452530 1    
13.64984147 -1   
13.65133026 -1   
13.65258274 -1   
13.65410531 -1   
13.72432487 -1   
13.72556055 -1   
13.74025136 -1   
13.85749639 -1   
13.85896369 -1   
13.87127464 -1   
13.87141634 1    
13.87276665 -1   
13.95310295 -1   
13.95743361 -1   
13.95892832 -1   
13.96015950 -1   
13.96442618 -1   
14.02991776 1    
14.05363006 -1   
14.05511298 -1   
14.05635380 -1   
14.05786982 -1   
14.05910159 -1   
14.06060153 -1   
14.06209856 -1   
14.06336250 -1   
14.06561801 -1   
14.06709260 -1   
14.11172738 -1   
14.14882813 -1   
14.15004484 -1   
14.27198012 -1   
14.43074292 -1   
17.63866241 -1   
17.63883642 1    
19.17083595 1    
22.94686268 1    
28.93798224 -1   
33.71754213 -1   
33.71784195 1    
33.87642683 -1   
33.87663961 1    
40.69278110 -1   
43.66974161 1    
48.67547727 1    
54.68828300 -1   
