0.16152300 1    
0.33160654 -1   
0.33200454 1    
0.49436056 -1   
0.49439737 1    
0.65573743 -1   
0.66046505 -1   
0.82296921 -1   
0.82346826 1    
1.00120705 -1   
1.00527596 1    
1.18524497 -1   
1.18528379 1    
1.36716924 -1   
1.36720883 1    
1.53056977 -1   
1.53060879 1    
1.69397630 -1   
1.69401449 1    
1.87634836 -1   
1.87638872 1    
2.03976182 -1   
2.03981118 1    
2.21541156 -1   
2.21571983 1    
2.37906839 -1   
2.58228985 -1   
2.58263119 1    
2.78903428 1    
2.82930345 -1   
3.27372779 -1   
3.27523951 -1   
3.27621417 1    
3.43844151 1    
3.76429814 -1   
3.96591152 -1   
3.96622347 1    
4.30807244 -1   
4.30904951 1    
4.78859363 -1   
4.78954968 -1   
4.82558678 1    
4.83517248 1    
4.98751485 1    
5.28834340 -1   
5.28981668 -1   
5.29017436 -1   
5.42450074 -1   
5.42573963 -1   
5.42724154 -1   
5.42873591 -1   
5.42998910 -1   
5.49314036 -1   
5.55667239 -1   
5.55816527 -1   
5.55941546 -1   
5.56091146 -1   
5.56215964 -1   
5.68858805 -1   
5.69009009 -1   
5.69101931 -1   
5.69110949 1    
5.69258598 -1   
5.69408282 -1   
5.69533177 -1   
5.69683175 -1   
5.69806157 -1   
5.78429465 -1   
5.82549387 -1   
5.82699012 -1   
5.82848826 -1   
5.82973702 -1   
5.83125603 -1   
5.85362547 -1   
5.92646328 -1   
5.92793052 -1   
5.99715291 -1   
5.99864331 -1   
6.00017423 -1   
6.00139057 -1   
6.00150586 1    
6.00964089 -1   
6.01113401 -1   
6.01120443 1    
6.01655305 -1   
6.02075540 1    
6.12636532 -1   
6.12758690 -1   
6.12909066 -1   
6.13058581 -1   
6.13183337 -1   
6.13332987 -1   
6.13458410 -1   
6.13608176 -1   
6.16485870 1    
6.18753798 -1   
6.22953201 -1   
6.23102363 -1   
6.25551489 -1   
6.25701503 -1   
6.25851284 -1   
6.26500878 -1   
6.26625677 -1   
6.26775473 -1   
6.35171026 -1   
6.35173256 1    
6.35320384 -1   
6.35444889 -1   
6.38820136 -1   
6.39118713 -1   
6.39269075 -1   
6.39418727 -1   
6.39541511 -1   
6.39693022 -1   
6.55427842 -1   
6.58031613 -1   
6.58180574 -1   
6.62378946 -1   
6.62414766 1    
6.62503212 -1   
6.62655025 -1   
6.62802971 -1   
6.64602161 -1   
6.64616649 1    
6.64756679 -1   
6.66403210 -1   
6.66552990 -1   
6.66702924 -1   
6.67350612 1    
6.77683733 -1   
6.78681854 1    
6.81049632 1    
6.83491224 -1   
6.83615832 -1   
6.95114007 -1   
7.01685562 1    
7.08952016 -1   
7.09102951 -1   
7.15338068 -1   
7.17649171 -1   
7.17801593 -1   
7.18025941 1    
7.18845897 -1   
7.18995553 -1   
7.19145697 -1   
7.19270176 -1   
7.19420459 -1   
7.19545056 -1   
7.22996233 -1   
7.23145471 -1   
7.28468436 -1   
7.28617243 -1   
7.28742014 -1   
7.28892258 -1   
7.29018893 -1   
7.31576012 -1   
7.38491668 1    
7.39236647 -1   
7.39361039 -1   
7.39511276 -1   
7.39660694 -1   
7.41283115 -1   
7.41432715 -1   
7.41584865 -1   
7.47709027 -1   
7.54875915 -1   
7.55025003 -1   
7.55177787 -1   
7.55299875 -1   
7.55449963 -1   
7.55576756 -1   
7.55724822 -1   
7.55876690 -1   
7.55999631 -1   
7.56151479 -1   
7.56303256 -1   
7.56304984 1    
7.63848112 -1   
7.68394935 -1   
7.68519433 -1   
7.68669678 -1   
7.68819496 -1   
7.68944164 -1   
7.69096137 -1   
7.69219864 -1   
7.69369177 -1   
7.69519560 -1   
7.69644417 -1   
7.69791846 -1   
7.72547020 1    
7.81835555 -1   
7.81987412 -1   
7.82109400 -1   
7.82261553 -1   
7.82411643 -1   
7.82809180 -1   
7.82961783 -1   
7.83111580 -1   
7.83236644 -1   
7.83386009 -1   
7.83508598 -1   
7.84157779 -1   
7.88762790 1    
7.95727728 -1   
7.95876885 -1   
7.98453134 -1   
7.98600103 -1   
7.98750271 -1   
7.98876396 -1   
7.99027658 -1   
7.99153237 -1   
7.99299702 -1   
7.99449304 -1   
8.00724760 -1   
8.00851446 -1   
8.00971742 -1   
8.04349552 -1   
8.04496884 -1   
8.04623727 -1   
8.04975928 1    
8.08894738 -1   
8.09021607 -1   
8.09169271 -1   
8.09321334 -1   
8.09471419 -1   
8.09593683 -1   
8.09743872 -1   
8.09893633 -1   
8.10025470 -1   
8.10221053 -1   
8.10343666 -1   
8.20681075 -1   
8.22139280 -1   
8.22141003 1    
8.22289085 -1   
8.23213112 -1   
8.23362930 -1   
8.23512902 -1   
8.23638126 -1   
8.23787939 -1   
8.23911121 -1   
8.24062208 -1   
8.24213107 -1   
8.24337849 -1   
8.24487688 -1   
8.24610039 -1   
8.24760249 -1   
8.24909946 -1   
8.34957325 -1   
8.35104191 -1   
8.35931336 -1   
8.36080605 -1   
8.36203449 -1   
8.36355688 -1   
8.36503456 -1   
8.36628244 -1   
8.36778308 -1   
8.36927895 -1   
8.37053087 -1   
8.37202885 -1   
8.37329902 -1   
8.37478570 -1   
8.37605291 -1   
8.42503683 1    
8.48374285 -1   
8.48498587 -1   
8.48648947 -1   
8.49348765 -1   
8.49496374 -1   
8.49648460 -1   
8.49773483 -1   
8.49923043 -1   
8.50048090 -1   
8.50195500 -1   
8.50348255 -1   
8.50472888 -1   
8.50623128 -1   
8.50772675 -1   
8.53790042 -1   
8.58845980 1    
8.62214314 -1   
8.62365978 -1   
8.70183874 -1   
8.73122427 1    
8.79311835 1    
9.23544465 1    
9.26927820 -1   
9.27051504 -1   
9.27171602 -1   
9.27326335 -1   
9.27451588 -1   
9.27601072 -1   
9.27726498 -1   
9.27875979 -1   
9.28950909 -1   
9.29100534 -1   
9.29225281 -1   
9.29375263 -1   
9.29500521 -1   
9.29650043 -1   
9.39801778 1    
9.41271005 -1   
9.41420393 -1   
9.41570685 -1   
9.41695338 -1   
9.41845304 -1   
9.41995105 -1   
9.42118252 -1   
9.42272180 -1   
9.42445066 -1   
9.42594979 -1   
9.42745006 -1   
9.42869663 -1   
9.43019827 -1   
9.43144380 -1   
9.43294664 -1   
9.43444375 -1   
9.43569348 -1   
9.43592212 -1   
9.55238165 -1   
9.55387393 -1   
9.55510735 -1   
9.55662238 -1   
9.55812520 -1   
9.55937208 -1   
9.56087453 -1   
9.56237077 -1   
9.56362006 -1   
9.56509881 -1   
9.56637044 -1   
9.56786912 -1   
9.56937043 -1   
9.57061967 -1   
9.57209793 -1   
9.57336373 -1   
9.59768347 -1   
9.59772322 1    
9.68755799 -1   
9.68902766 -1   
9.69029916 -1   
9.69181601 -1   
9.69306894 -1   
9.69455460 -1   
9.69604337 -1   
9.69729370 -1   
9.69879436 -1   
9.70002102 -1   
9.70154479 -1   
9.70302166 -1   
9.70429197 -1   
9.70576761 -1   
9.70701807 -1   
9.70854147 -1   
9.71001671 -1   
9.71128419 -1   
9.71278036 -1   
9.76181936 -1   
9.76186425 1    
9.82121057 -1   
9.82270252 -1   
9.82397310 -1   
9.82547001 -1   
9.82672320 -1   
9.82819735 -1   
9.82971611 -1   
9.83096688 -1   
9.83244709 -1   
9.83369347 -1   
9.83519711 -1   
9.83669118 -1   
9.83794505 -1   
9.83946393 -1   
9.84096032 -1   
9.84220829 -1   
9.84370802 -1   
9.92553067 -1   
9.92557833 1    
9.96113094 -1   
9.96262359 -1   
9.96411801 -1   
9.96536681 -1   
9.96687005 -1   
9.96811595 -1   
9.96963372 -1   
9.97111595 -1   
9.97236697 -1   
9.97386166 -1   
9.97511184 -1   
10.00036132 -1   
10.00186765 -1   
10.00336674 -1   
10.00459902 -1   
10.00609443 -1   
10.00735932 -1   
10.00886695 -1   
10.01034683 -1   
10.08480926 -1   
10.08604846 -1   
10.08755071 -1   
10.08904973 -1   
10.09030002 -1   
10.09182696 -1   
10.09306777 -1   
10.09456060 -1   
10.09576152 -1   
10.09577690 1    
10.09731405 -1   
10.09881285 -1   
10.10004415 -1   
10.10153995 -1   
10.10279449 -1   
10.10431905 -1   
10.10579172 -1   
10.10955225 -1   
10.11103673 -1   
10.22047869 -1   
10.22197249 -1   
10.22322821 -1   
10.22472042 -1   
10.22597345 -1   
10.22746764 -1   
10.22896916 -1   
10.23123880 -1   
10.23273602 -1   
10.23398465 -1   
10.23548641 -1   
10.23673526 -1   
10.23821462 -1   
10.24046010 -1   
10.24198685 -1   
10.24348365 -1   
10.24473201 -1   
10.24622802 -1   
10.24748326 -1   
10.24895560 -1   
10.25045861 -1   
10.26115598 -1   
10.26117153 1    
10.35717135 -1   
10.35841632 -1   
10.35989549 -1   
10.36141121 -1   
10.36266283 -1   
10.36416204 -1   
10.36566471 -1   
10.36690981 -1   
10.36841247 -1   
10.36965827 -1   
10.37116192 -1   
10.37540587 -1   
10.37690664 -1   
10.37840544 -1   
10.37965494 -1   
10.38115199 -1   
10.38240393 -1   
10.38390025 -1   
10.42711735 -1   
10.42715253 1    
10.48460019 -1   
10.48609129 -1   
10.49484247 -1   
10.49606446 -1   
10.49759037 -1   
10.49906422 -1   
10.50034009 -1   
10.50183483 -1   
10.50306278 -1   
10.50456064 -1   
10.50608174 -1   
10.50732916 -1   
10.50884597 -1   
10.59351945 -1   
10.59355852 1    
17.97903692 1    
21.18622504 1    
26.03709421 1    
29.09108295 1    
32.33844589 -1   
37.08407428 1    
42.23360895 1    
42.40318407 -1   
42.40344889 1    
42.40345521 1    
42.40372489 1    
42.57151484 1    
42.57823792 -1   
42.57948614 -1   
42.58068767 -1   
42.58220829 -1   
42.58345680 -1   
42.58495586 -1   
42.58623328 -1   
42.58773147 -1   
42.58923410 -1   
42.59047851 -1   
42.74611860 -1   
42.74813438 -1   
42.74939308 -1   
42.75088733 -1   
42.75238497 -1   
42.75363418 -1   
42.75513464 -1   
42.75638253 -1   
42.75788172 -1   
42.75938045 -1   
42.76062967 -1   
42.76212702 -1   
42.91147433 -1   
50.74075465 1    
56.18005634 -1   
