0.00000000 1    
0.35405361 1    
3.42612195 -1   
3.64662243 1    
3.64773026 -1   
3.81095686 -1   
3.89014047 1    
3.89139651 1    
3.97311093 -1   
4.05364338 1    
4.13654152 -1   
4.25585938 1    
4.29868600 -1   
4.41818232 1    
4.46086067 -1   
4.58143598 1    
4.62299976 -1   
4.85009732 1    
4.85101259 1    
4.88879274 -1   
4.89914944 -1   
5.06348857 -1   
5.06578436 1    
5.11993107 1    
5.12144397 1    
5.12269610 1    
5.12421437 1    
5.12570145 1    
5.12693161 1    
5.12844438 1    
5.13144384 1    
5.13267800 1    
5.26982727 1    
5.27133899 1    
5.28562924 1    
5.28685460 1    
5.28836995 1    
5.28980756 1    
5.29109008 1    
5.29119245 -1   
5.29259475 1    
5.29383449 1    
5.29534278 1    
5.29683090 1    
5.29808343 1    
5.29903538 1    
5.30060900 1    
5.30205135 1    
5.30355275 1    
5.30482087 1    
5.30632412 1    
5.33578807 1    
5.33703626 1    
5.43548968 1    
5.43697336 1    
5.43822099 1    
5.43972131 1    
5.45099176 1    
5.45224426 1    
5.45376464 1    
5.45526374 1    
5.45648619 1    
5.45798222 1    
5.45923184 1    
5.46073916 1    
5.46227611 1    
5.46231127 -1   
5.46349614 1    
5.46500205 1    
5.46624058 1    
5.46770869 1    
5.46920639 1    
5.47045572 1    
5.47195455 1    
5.47319952 1    
5.47470759 1    
5.47619950 1    
5.47745113 1    
5.47894898 1    
5.48019606 1    
5.48394547 1    
5.48519906 1    
5.48669427 1    
5.48794898 1    
5.48946441 1    
5.49094521 1    
5.49218972 1    
5.49371451 1    
5.49976278 1    
5.50070796 -1   
5.51036577 -1   
5.51998591 -1   
5.66489228 -1   
5.73780870 1    
5.73931018 1    
5.73956208 1    
5.76554236 1    
5.76678761 1    
5.77528336 1    
5.77543998 -1   
5.77678142 1    
5.79577272 1    
5.79651749 -1   
5.79727152 1    
5.80826617 1    
5.80976496 1    
5.82679823 -1   
5.89646603 1    
5.89716925 -1   
5.89796234 1    
5.89921023 1    
5.92675258 1    
5.98977089 -1   
6.01142101 1    
6.01266445 1    
6.01416740 1    
6.01566490 1    
6.01691738 1    
6.01841140 1    
6.01966374 1    
6.02116090 1    
6.02266002 1    
6.02390813 1    
6.02540978 1    
6.02690761 1    
6.02815789 1    
6.02965618 1    
6.03115764 1    
6.03240331 1    
6.03390402 1    
6.03513257 1    
6.03665333 1    
6.03815086 1    
6.03942109 1    
6.04090050 1    
6.04240478 1    
6.04364736 1    
6.04514472 1    
6.04639621 1    
6.04790427 1    
6.04943220 1    
6.05064737 1    
6.05218142 1    
6.05343181 1    
6.05486921 1    
6.05643064 1    
6.05767512 1    
6.05915690 1    
6.06064644 1    
6.06076931 -1   
6.06187635 1    
6.06341558 1    
6.06467129 1    
6.06614842 1    
6.06763789 1    
6.06886340 1    
6.07038531 1    
6.07163583 1    
6.07313575 1    
6.07463360 1    
6.07585722 1    
6.07737811 1    
6.07864138 1    
6.08010625 1    
6.08162729 1    
6.08285491 1    
6.08435554 1    
6.08587303 1    
6.08712283 1    
6.08861593 1    
6.08987359 1    
6.09136983 1    
6.09287246 1    
6.09411747 1    
6.09562069 1    
6.09686678 1    
6.09836628 1    
6.09984518 1    
6.10109710 1    
6.10261659 1    
6.10411570 1    
6.10536094 1    
6.10691301 1    
6.13883017 1    
6.14007314 1    
6.14016682 -1   
6.17659013 1    
6.17660641 -1   
6.17809387 1    
6.17980540 1    
6.18108285 1    
6.18259673 1    
6.18409814 1    
6.18529673 1    
6.18679417 1    
6.18807703 1    
6.18956957 1    
6.19106429 1    
6.19229225 1    
6.19378891 1    
6.19507502 1    
6.19659505 1    
6.19809094 1    
6.19933636 1    
6.20081799 1    
6.20203885 1    
6.20353984 1    
6.20506444 1    
6.20630634 1    
6.20780770 1    
6.20903069 1    
6.21055227 1    
6.21205406 1    
6.21331723 1    
6.21482994 1    
6.21609823 1    
6.21755202 1    
6.22004879 1    
6.22154215 1    
6.22277933 1    
6.22427455 1    
6.22545195 -1   
6.22577115 1    
6.22702594 1    
6.22852367 1    
6.22976896 1    
6.23128462 1    
6.23278123 1    
6.23405823 1    
6.23553804 1    
6.23676741 1    
6.23828427 1    
6.23976475 1    
6.24101525 1    
6.24257851 1    
6.24404110 1    
6.24531474 1    
6.24681464 1    
6.24828736 1    
6.24956502 1    
6.25103665 1    
6.25250752 1    
6.25375914 1    
6.25525507 1    
6.25650704 1    
6.25801601 1    
6.29919803 -1   
6.32105108 -1   
6.33856338 -1   
6.52212567 1    
6.52362341 1    
6.52398281 1    
6.53137267 1    
6.53262323 1    
6.53411832 1    
6.53419718 -1   
6.53559812 1    
6.54761630 1    
6.54886206 1    
6.55035684 1    
6.55183532 1    
6.55310677 1    
6.55461229 1    
6.55585356 1    
6.55735871 1    
6.55885756 1    
6.56010331 1    
6.56160201 1    
6.56310286 1    
6.56432880 1    
6.56585774 1    
6.56709964 1    
6.56859467 1    
6.57009313 1    
6.57132516 1    
6.57283701 1    
6.57410531 1    
6.57557138 1    
6.57708843 1    
6.57833330 1    
6.57983613 1    
6.58108647 1    
6.58258357 1    
6.58406536 1    
6.58531433 1    
6.58681450 1    
6.58806538 1    
6.58956214 1    
6.59106587 1    
6.59231074 1    
6.59381341 1    
6.59509625 1    
6.59661626 1    
6.59808202 1    
6.59935793 1    
6.60080747 1    
6.60192584 -1   
6.60205952 1    
6.60356075 1    
6.60507699 1    
6.60632857 1    
6.60783081 1    
6.60905230 1    
6.61056923 1    
6.61206923 1    
6.61332476 1    
6.61481873 1    
6.61631741 1    
6.61757199 1    
6.61906870 1    
6.62031564 1    
6.62182749 1    
6.62361753 1    
6.62456787 1    
6.62605729 1    
6.62730656 1    
6.62878967 1    
6.63029315 1    
6.63153933 1    
6.63308990 1    
6.63454013 1    
6.63579084 1    
6.63730714 1    
6.63856004 1    
6.64005577 1    
6.64154521 1    
6.64278549 1    
6.64430820 1    
6.64555290 1    
6.64706424 1    
6.64860357 1    
6.64983492 1    
6.65117800 -1   
6.65128144 1    
6.65278046 1    
6.65402701 1    
6.65552629 1    
6.65677523 1    
6.65827269 1    
6.65977277 1    
6.66102370 1    
6.66252373 1    
6.66380054 1    
6.68751600 1    
6.68900406 1    
6.69550857 1    
6.69675177 1    
6.69825628 1    
6.69975058 1    
6.70100155 1    
6.70249879 1    
6.71176756 1    
6.71180199 -1   
6.71299438 1    
6.71451138 1    
6.71599271 1    
6.71727213 1    
6.71876675 1    
6.72025929 1    
6.72148868 1    
6.72298790 1    
6.72423889 1    
6.72573642 1    
6.72725698 1    
6.72848369 1    
6.72998549 1    
6.73125785 1    
6.73275580 1    
6.73423118 1    
6.73548251 1    
6.73700222 1    
6.73825418 1    
6.73972801 1    
6.74122866 1    
6.74247621 1    
6.74397594 1    
6.74522175 1    
6.74672598 1    
6.74822161 1    
6.74947422 1    
6.75097206 1    
6.75104580 -1   
6.75224118 1    
6.75371868 1    
6.75522343 1    
6.75646671 1    
6.75796923 1    
6.75921647 1    
6.76071717 1    
6.76221254 1    
6.76346213 1    
6.76496310 1    
6.76621509 1    
6.76771217 1    
6.76921298 1    
6.77046044 1    
6.77196159 1    
6.77345716 1    
6.77470879 1    
6.77620683 1    
6.77745658 1    
6.77895529 1    
6.78047380 1    
6.78171988 1    
6.78323030 1    
6.78446797 1    
6.78597317 1    
6.78747189 1    
6.78872330 1    
6.79019876 1    
6.79172323 1    
6.79296740 1    
6.79446968 1    
6.79569935 1    
6.79896546 1    
6.80022129 1    
6.80169927 1    
6.80294588 1    
6.80444431 1    
6.80593996 1    
6.80719216 1    
6.80868695 1    
6.81018789 1    
6.81145444 1    
6.81154585 -1   
6.81293605 1    
6.81419993 1    
6.81570380 1    
6.81718313 1    
6.81842941 1    
6.87447549 -1   
7.09657990 1    
11.08141123 1    
14.17285854 1    
20.09724561 1    
27.20966240 1    
36.03733286 -1   
36.15330946 1    
43.72968327 1    
48.10745225 -1   
50.93781610 1    
54.75690896 -1   
59.83694687 1    
62.78804719 -1   
