0.00000000 -1   
0.22187068 1    
0.22287307 -1   
0.38625547 -1   
0.48312886 1    
0.48438728 1    
0.48463829 1    
0.54839583 -1   
0.68637709 1    
0.71180005 -1   
0.91521949 1    
0.91549578 -1   
1.07973030 1    
1.08014446 -1   
1.24353890 1    
1.50274916 1    
1.50383738 -1   
1.83335233 1    
1.83429087 1    
1.86913194 -1   
1.87835544 -1   
2.03131289 -1   
2.14042586 1    
2.14191716 1    
2.14287227 1    
2.14441649 1    
2.14566778 1    
2.14716606 1    
2.14866523 1    
2.14991244 1    
2.15141333 1    
2.15291152 1    
2.30633851 1    
2.30757441 1    
2.30907620 1    
2.31032345 1    
2.31182758 1    
2.31192739 -1   
2.31332017 1    
2.31456858 1    
2.31607126 1    
2.31731546 1    
2.31881946 1    
2.32031639 1    
2.32156649 1    
2.32306372 1    
2.32431305 1    
2.32581305 1    
2.32646777 1    
2.32856426 1    
2.33006193 1    
2.33155948 1    
2.33280715 1    
2.47174030 1    
2.47297738 1    
2.47447912 1    
2.47572691 1    
2.47722730 1    
2.47872446 1    
2.47997282 1    
2.48147457 1    
2.48272440 1    
2.48273825 -1   
2.48422396 1    
2.48582139 1    
2.48697245 1    
2.48846875 1    
2.48996734 1    
2.49121792 1    
2.49271975 1    
2.49396524 1    
2.49546901 1    
2.49696389 1    
2.49821525 1    
2.49971299 1    
2.50096023 1    
2.50246148 1    
2.50396305 1    
2.50520839 1    
2.50671245 1    
2.50820789 1    
2.50946027 1    
2.51095582 1    
2.51220453 1    
2.51370540 1    
2.51520740 1    
2.51670187 1    
2.51795544 1    
2.51860539 1    
2.51956254 -1   
2.52941588 -1   
2.55129814 -1   
2.68367043 -1   
2.76556209 1    
2.76707924 1    
2.76733009 1    
2.79630005 1    
2.79779492 1    
2.80828934 1    
2.80840076 -1   
2.80978511 1    
2.81103331 1    
2.81253601 1    
2.81765764 -1   
2.82153271 1    
2.82302922 1    
2.84582173 -1   
2.90923557 1    
2.90986489 -1   
2.91072989 1    
2.91197788 1    
2.95773493 1    
3.01496998 -1   
3.08614017 1    
3.08737784 1    
3.09364592 1    
3.09487443 1    
3.09637303 1    
3.12461033 1    
3.12585673 1    
3.12735364 1    
3.12860199 1    
3.13010302 1    
3.13160434 1    
3.13584920 1    
3.13734927 1    
3.13859615 1    
3.14009928 1    
3.14134622 1    
3.16008841 1    
3.16158290 1    
3.16308824 1    
3.16433116 1    
3.16583332 1    
3.16733109 1    
3.16772060 1    
3.16932852 1    
3.17257807 1    
3.17383039 1    
3.17532676 1    
3.17682706 1    
3.17832346 1    
3.18332785 1    
3.18334854 -1   
3.18482084 1    
3.18606906 1    
3.18757175 1    
3.19256656 1    
3.19406727 1    
3.19531475 1    
3.19681682 1    
3.19831199 1    
3.19956330 1    
3.20105976 1    
3.20231353 1    
3.20380915 1    
3.20531090 1    
3.21130602 1    
3.25129032 1    
3.25278163 1    
3.25877800 1    
3.26027975 1    
3.28851952 1    
3.29000979 1    
3.29151316 1    
3.29301080 1    
3.29426003 1    
3.29580700 1    
3.29725576 1    
3.29735229 -1   
3.29975768 1    
3.30125367 1    
3.30250530 1    
3.30400194 1    
3.30525399 1    
3.30674943 1    
3.32549768 1    
3.32699032 1    
3.32824097 1    
3.32973666 1    
3.33123994 1    
3.33273752 1    
3.33648690 1    
3.33798179 1    
3.33923317 1    
3.34073036 1    
3.34223179 1    
3.34348006 1    
3.34498137 1    
3.34622654 1    
3.34848150 1    
3.34849473 -1   
3.35022603 1    
3.35172893 1    
3.35647550 1    
3.35797085 1    
3.35922371 1    
3.36071951 1    
3.36247242 1    
3.36396662 1    
3.36521550 1    
3.36671534 1    
3.36821852 1    
3.36946421 1    
3.37521478 1    
3.37671094 1    
3.41669696 1    
3.41818563 1    
3.42443276 1    
3.42593327 1    
3.45417635 1    
3.45566582 1    
3.45716705 1    
3.45841472 1    
3.45992193 1    
3.46141229 1    
3.46416255 1    
3.46565976 1    
3.46716136 1    
3.46840940 1    
3.46990849 1    
3.47140557 1    
3.47265739 1    
3.49115375 1    
3.49264755 1    
3.49278383 -1   
3.49389898 1    
3.49539261 1    
3.49664142 1    
3.49814041 1    
3.50214379 1    
3.50363755 1    
3.50489210 1    
3.50638704 1    
3.50763954 1    
3.50913400 1    
3.51063252 1    
3.51188299 1    
3.51338374 1    
3.51513195 1    
3.51515425 -1   
3.51638240 1    
3.51787932 1    
3.52212936 1    
3.52337799 1    
3.52487733 1    
3.52612356 1    
3.52813086 1    
3.52878682 1    
3.55864749 -1   
3.58498497 -1   
3.67660003 -1   
3.87942675 1    
3.88092024 1    
3.88130437 1    
3.88942912 1    
3.89092867 1    
3.89217064 1    
3.89227283 -1   
3.90518643 1    
3.90642281 1    
3.90792766 1    
3.90915513 1    
3.91065790 1    
3.91215465 1    
3.91340510 1    
3.91490151 1    
3.91615383 1    
3.91765245 1    
3.91915025 1    
3.92042481 1    
3.92192310 1    
3.92316927 1    
3.92467012 1    
3.92614969 1    
3.92740002 1    
3.92889506 1    
3.93014640 1    
3.93166498 1    
3.93316714 1    
3.93439166 1    
3.93589746 1    
3.93714367 1    
3.93864356 1    
3.94014094 1    
3.94138850 1    
3.94288845 1    
3.94439035 1    
3.94563331 1    
3.94715914 1    
3.94840378 1    
3.94991306 1    
3.95138216 1    
3.95264604 1    
3.95414450 1    
3.95526804 -1   
3.95538216 1    
3.95689781 1    
3.95839795 1    
3.95962621 1    
3.96112821 1    
4.04511217 1    
4.04659912 1    
4.05334828 1    
4.05484311 1    
4.05607375 1    
4.05759299 1    
4.07058809 1    
4.07060648 -1   
4.07208729 1    
4.07333278 1    
4.07483497 1    
4.07633508 1    
4.07781284 1    
4.07905764 1    
4.08055887 1    
4.08205692 1    
4.08331039 1    
4.08480509 1    
4.08605702 1    
4.08757603 1    
4.08908007 1    
4.09032829 1    
4.09180304 1    
4.09305239 1    
4.09457935 1    
4.09605110 1    
4.09732667 1    
4.09881957 1    
4.10031947 1    
4.10156671 1    
4.10306551 1    
4.10456696 1    
4.10606675 1    
4.10731526 1    
4.10881466 1    
4.11029269 1    
4.11145557 -1   
4.11154578 1    
4.11305964 1    
4.11431230 1    
4.11580983 1    
4.11731117 1    
4.11855655 1    
4.12005953 1    
4.12230385 1    
4.12380442 1    
4.12505179 1    
4.12805396 1    
4.16501443 1    
4.21049368 1    
4.21198288 1    
4.21897861 1    
4.22022707 1    
4.22175431 1    
4.22297715 1    
4.23499608 1    
4.23501134 -1   
4.23749293 1    
4.23897062 1    
4.24074159 1    
4.24196642 1    
4.24321723 1    
4.24471387 1    
4.24622262 1    
4.24746402 1    
4.24896243 1    
4.25021028 1    
4.25170907 1    
4.25323381 1    
4.25448491 1    
4.25596013 1    
4.25720810 1    
4.25872677 1    
4.26020796 1    
4.26147725 1    
4.26297556 1    
4.26410004 -1   
4.26420562 1    
4.26573319 1    
4.26722489 1    
4.26847131 1    
4.26997308 1    
4.27144988 1    
4.27294776 1    
4.27469951 1    
4.27595099 1    
4.27844551 1    
4.27994634 1    
4.28194604 1    
4.28319372 1    
4.28469139 1    
4.28619285 1    
4.28744056 1    
4.28894204 1    
4.29045147 1    
4.32921050 1    
4.33068877 1    
4.37614597 1    
4.37765970 1    
4.37891114 1    
4.38040288 1    
4.38416453 1    
4.38564754 1    
4.38713475 1    
4.38865148 1    
4.39937938 1    
4.39939669 -1   
4.40315313 1    
4.40439836 1    
4.40613320 1    
4.40764559 1    
4.40914619 1    
4.41039072 1    
4.41189451 1    
4.41339046 1    
4.41464171 1    
4.41614291 1    
4.41739044 1    
4.41889053 1    
4.42038940 1    
4.42163561 1    
4.42313507 1    
4.42438479 1    
4.42588572 1    
4.42738129 1    
4.43113226 1    
4.43262777 1    
4.43388169 1    
4.43537975 1    
4.43688083 1    
4.43689076 1    
4.62202684 1    
4.62207128 -1   
9.71995130 1    
16.11306088 -1   
21.75928460 -1   
28.31030399 1    
34.02877632 1    
41.19664243 -1   
46.02800729 -1   
51.13617604 -1   
59.79676904 -1   
