0.00000000 -1   
0.13395605 1    
0.34708314 1    
0.34810038 -1   
0.69052187 1    
0.69202257 1    
0.69227441 1    
0.69322094 -1   
0.90109404 -1   
0.91476478 1    
1.11664313 1    
1.11693539 -1   
1.27905904 1    
1.27934521 -1   
1.44274566 1    
1.44306784 -1   
1.60742603 1    
1.60835071 -1   
1.79575520 1    
1.83535977 1    
1.99871992 1    
2.03335310 -1   
2.04266683 -1   
2.20806765 -1   
2.26236865 1    
2.26386201 1    
2.26481678 1    
2.26636127 1    
2.27311222 1    
2.27435638 1    
2.27587934 1    
2.27737692 1    
2.28187946 1    
2.28312209 1    
2.42811872 1    
2.42930120 1    
2.43079372 1    
2.43228682 1    
2.43355601 1    
2.43503465 1    
2.43653961 1    
2.43663975 -1   
2.43776562 1    
2.43928170 1    
2.44051149 1    
2.44203175 1    
2.44351293 1    
2.44475723 1    
2.44625974 1    
2.44750611 1    
2.44815353 1    
2.44977972 1    
2.45127536 1    
2.45277484 1    
2.45402948 1    
2.59318248 1    
2.59469029 1    
2.59619298 1    
2.59742064 1    
2.59892468 1    
2.60019130 1    
2.60169440 1    
2.60318838 1    
2.60441777 1    
2.60593406 1    
2.60741943 1    
2.60868637 1    
2.61016920 1    
2.61018281 -1   
2.61141649 1    
2.61291141 1    
2.61441148 1    
2.61568319 1    
2.61716254 1    
2.61840938 1    
2.61991140 1    
2.62140658 1    
2.62268158 1    
2.62415633 1    
2.62565596 1    
2.62690541 1    
2.62840666 1    
2.62993342 1    
2.63115519 1    
2.63266710 1    
2.63415570 1    
2.63539945 1    
2.63690186 1    
2.63814965 1    
2.63966875 1    
2.64090594 1    
2.65075529 -1   
2.65076814 -1   
2.65105243 -1   
2.81465491 -1   
2.89428234 1    
2.89577207 1    
2.89600312 1    
2.90177376 1    
2.90326964 1    
2.91201351 1    
2.91326528 1    
2.91439104 -1   
2.91901234 1    
2.92023688 1    
2.93554854 -1   
2.97726267 -1   
3.04219376 1    
3.04373019 1    
3.06065986 1    
3.06129803 -1   
3.06191959 1    
3.06510755 1    
3.07086055 -1   
3.13592828 1    
3.13717807 1    
3.14687773 1    
3.14689946 -1   
3.15785626 1    
3.15909880 1    
3.16063863 1    
3.16216095 1    
3.16338195 1    
3.16487850 1    
3.16639793 1    
3.16760305 1    
3.16909958 1    
3.17884016 1    
3.18009129 1    
3.18158628 1    
3.18308836 1    
3.18433401 1    
3.18586027 1    
3.18708390 1    
3.18860743 1    
3.19010422 1    
3.19135786 1    
3.19283196 1    
3.19408477 1    
3.19564270 1    
3.19711727 1    
3.19835142 1    
3.19984294 1    
3.20138406 1    
3.20258098 1    
3.20410315 1    
3.20532561 1    
3.20538145 -1   
3.20686687 1    
3.20836963 1    
3.20961630 1    
3.21106950 1    
3.21234662 1    
3.21384064 1    
3.21534353 1    
3.21659176 1    
3.21806986 1    
3.21958622 1    
3.22083709 1    
3.22231463 1    
3.22358591 1    
3.22506151 1    
3.22656599 1    
3.22782581 1    
3.22934302 1    
3.23057958 1    
3.23207512 1    
3.23357349 1    
3.23482380 1    
3.23633107 1    
3.23808835 1    
3.23907467 1    
3.24057368 1    
3.24182457 1    
3.24330576 1    
3.24480154 1    
3.24607522 1    
3.24756915 1    
3.24882269 1    
3.25029774 1    
3.25181342 1    
3.25191856 -1   
3.25306580 1    
3.25456754 1    
3.25609208 1    
3.25733870 1    
3.25884077 1    
3.26004413 1    
3.26156330 1    
3.26309355 1    
3.26434581 1    
3.26582690 1    
3.26708916 1    
3.26859284 1    
3.27007279 1    
3.27131320 1    
3.27283539 1    
3.30126818 1    
3.30279400 1    
3.30403799 1    
3.30554480 1    
3.31153912 1    
3.31155594 -1   
3.31303952 1    
3.32302979 1    
3.32452897 1    
3.32602515 1    
3.32725527 1    
3.32877322 1    
3.33002557 1    
3.33152208 1    
3.33302322 1    
3.33427112 1    
3.33577292 1    
3.33701780 1    
3.33852316 1    
3.34002018 1    
3.34124536 1    
3.34274588 1    
3.34399768 1    
3.34549441 1    
3.34701168 1    
3.34824037 1    
3.34974464 1    
3.35101563 1    
3.35251437 1    
3.35401421 1    
3.35409472 -1   
3.35526076 1    
3.35673695 1    
3.35826166 1    
3.35948424 1    
3.36098488 1    
3.36223371 1    
3.36375992 1    
3.36525786 1    
3.36648465 1    
3.36800330 1    
3.36925739 1    
3.37075394 1    
3.37224922 1    
3.37352671 1    
3.37442421 1    
3.39847204 1    
3.39998656 1    
3.40146390 1    
3.40271369 1    
3.40420914 1    
3.41045680 1    
3.41195824 1    
3.42744402 -1   
3.46493534 1    
3.51829353 -1   
3.56044045 1    
3.67805922 1    
3.67957494 1    
3.68082699 1    
3.68230280 1    
3.68355051 1    
3.68504835 1    
3.68656753 1    
3.68781293 1    
3.68930081 1    
3.69054744 1    
3.69204631 1    
3.69354450 1    
3.69479207 1    
3.69629231 1    
3.69779370 1    
3.69903912 1    
3.70054409 1    
3.70056069 -1   
3.70204415 1    
3.70328761 1    
3.70478627 1    
3.70605297 1    
3.70755559 1    
3.70904954 1    
3.71028631 1    
3.71180289 1    
3.72154337 1    
3.74502233 1    
3.74626661 1    
3.74776605 1    
3.74901807 1    
3.75051475 1    
3.75200966 1    
3.75327551 1    
3.75478690 1    
3.75603157 1    
3.75754015 1    
3.75900913 1    
3.76026092 1    
3.76177931 1    
3.76300719 1    
3.76311981 -1   
3.76453447 1    
3.76600364 1    
3.76727631 1    
3.76875255 1    
3.77000097 1    
3.77150078 1    
3.77300185 1    
3.77428118 1    
3.77576592 1    
3.77701742 1    
3.77850293 1    
3.78000890 1    
3.78125961 1    
3.78274344 1    
3.78404344 1    
3.78550668 1    
3.78702519 1    
3.78828325 1    
3.78979835 1    
3.79104314 1    
3.79248784 1    
3.79398812 1    
3.79527162 1    
3.79679753 1    
3.79824062 1    
3.79948826 1    
3.80098649 1    
3.80223365 1    
3.80378770 1    
3.80527796 1    
3.80648531 1    
3.80804005 1    
3.80923159 1    
3.81074796 1    
3.81224477 1    
3.81347387 1    
3.81499535 1    
3.81649386 1    
3.81772650 1    
3.81924701 1    
3.82047389 1    
3.82199112 1    
3.82315304 -1   
3.82347800 1    
3.82473318 1    
3.82623682 1    
3.82746932 1    
3.82897022 1    
3.83049131 1    
3.83174312 1    
3.83322304 1    
3.83471171 1    
3.83600675 1    
3.83746875 1    
3.83877980 1    
3.84027361 1    
3.84176206 1    
3.84296090 1    
3.84447772 1    
3.84573044 1    
3.84722558 1    
3.84872566 1    
3.84995752 1    
3.85147738 1    
3.85296878 1    
3.85425279 1    
3.85575390 1    
3.85697803 1    
3.85848765 1    
3.85995182 1    
3.86119834 1    
3.86269856 1    
3.86397328 1    
3.86546738 1    
3.86696893 1    
3.86822197 1    
3.86971850 1    
3.87096637 1    
3.87246557 1    
3.87396614 1    
3.87521278 1    
3.87669122 1    
3.87794288 1    
3.87946648 1    
3.88096472 1    
3.88221208 1    
3.88368763 1    
3.88495730 1    
3.88643728 1    
3.88795694 1    
3.88918653 1    
3.89070985 1    
3.89195606 1    
3.89342864 1    
3.89493122 1    
3.89618062 1    
3.89767923 1    
3.89892523 1    
3.90042703 1    
3.90194916 1    
3.90319725 1    
3.90469483 1    
3.90619697 1    
3.90744605 1    
3.90894447 1    
3.91017085 1    
3.91169328 1    
3.91317051 1    
3.91441929 1    
3.91593721 1    
3.91716778 1    
3.91868831 1    
3.92018661 1    
3.92143843 1    
3.92293700 1    
3.92441353 1    
3.92568689 1    
3.92716058 1    
3.92841458 1    
3.93143119 1    
3.93292727 1    
3.93443494 1    
3.93567423 1    
3.93717537 1    
3.93867738 1    
3.93890718 1    
3.93891651 -1   
4.02815327 1    
4.02967971 1    
4.03115862 1    
4.03263561 1    
4.03845820 -1   
4.09107595 1    
4.09264656 1    
4.09562131 1    
4.09737083 1    
4.09886474 1    
4.09896539 -1   
4.10012251 1    
4.14660601 -1   
4.16556353 1    
4.26331574 1    
12.46592893 1    
16.25728261 -1   
20.97202252 -1   
27.93590310 -1   
28.78897735 -1   
34.54062011 -1   
37.19603077 1    
41.87211378 1    
45.80370089 -1   
54.69594723 -1   
54.85668345 1    
