0.00000000 -1   
0.38002489 -1   
3.14684330 1    
3.56730404 1    
3.82506813 -1   
3.82613791 1    
4.07707333 -1   
4.07832928 -1   
4.07929370 1    
4.24551114 1    
4.33576548 -1   
4.54246216 -1   
4.54277716 1    
4.70925048 1    
4.75499949 -1   
4.87167696 1    
4.96071987 -1   
5.03854651 1    
5.12307294 -1   
5.28312529 -1   
5.28981406 -1   
5.32313308 1    
5.33241341 1    
5.49878829 1    
5.56694176 -1   
5.56818365 -1   
5.56913820 -1   
5.57068331 -1   
5.57218486 -1   
5.57943457 -1   
5.58067822 -1   
5.58217408 -1   
5.58342790 -1   
5.58492565 -1   
5.73586224 -1   
5.73736844 -1   
5.73886191 -1   
5.74010660 -1   
5.74434134 -1   
5.74586313 -1   
5.74739464 -1   
5.74757840 1    
5.74865709 -1   
5.75858003 -1   
5.75983597 -1   
5.76132239 -1   
5.76259194 -1   
5.76407381 -1   
5.76559513 -1   
5.76682279 -1   
5.76834347 -1   
5.77259196 -1   
5.77385110 -1   
5.77535244 -1   
5.77681802 -1   
5.90125435 -1   
5.90276600 -1   
5.90426703 -1   
5.90552060 -1   
5.90701051 -1   
5.90823842 -1   
5.90974125 -1   
5.91123717 -1   
5.91250548 -1   
5.91404394 -1   
5.91523807 -1   
5.91678372 -1   
5.91825014 -1   
5.91828794 1    
5.91949548 -1   
5.92950420 -1   
5.93075831 -1   
5.93225129 -1   
5.93350201 -1   
5.93500167 -1   
5.93650789 -1   
5.93775471 -1   
5.93924101 -1   
5.94348654 -1   
5.94474471 -1   
5.94623817 -1   
5.94774180 -1   
5.94896502 -1   
5.95047963 -1   
5.95175858 -1   
5.95323757 -1   
5.95750759 -1   
5.95875270 -1   
5.96020988 -1   
5.96174083 -1   
5.96295924 -1   
5.96363862 -1   
5.97216662 1    
5.97217257 1    
5.97223723 1    
6.12771863 1    
6.23607643 -1   
6.23755152 -1   
6.23792972 -1   
6.25506996 -1   
6.25657025 -1   
6.26356954 -1   
6.26478783 -1   
6.26630244 -1   
6.27310426 1    
6.28730006 -1   
6.28879654 -1   
6.30534605 1    
6.41371154 -1   
6.41520282 -1   
6.42769839 -1   
6.42921087 -1   
6.43015850 -1   
6.43196310 1    
6.46725283 1    
6.52366358 -1   
6.52488765 -1   
6.52638573 -1   
6.52763773 -1   
6.52913739 -1   
6.54463233 -1   
6.56563506 -1   
6.56686451 -1   
6.57686277 -1   
6.57813303 -1   
6.57963138 -1   
6.58112561 -1   
6.58237497 -1   
6.58385393 -1   
6.58511934 -1   
6.58660065 -1   
6.58810204 -1   
6.60210140 -1   
6.60334404 -1   
6.60484173 -1   
6.62246186 -1   
6.62708975 -1   
6.70808554 1    
6.70980077 -1   
6.71103349 -1   
6.71253138 -1   
6.71377721 -1   
6.71527937 -1   
6.71677677 -1   
6.71802525 -1   
6.71952356 -1   
6.72077587 -1   
6.72227063 -1   
6.73477120 -1   
6.73633323 -1   
6.73776730 -1   
6.73907843 -1   
6.74058308 -1   
6.74177214 -1   
6.74329751 -1   
6.74475983 -1   
6.74601143 -1   
6.75050867 -1   
6.75176033 -1   
6.75328063 -1   
6.75475822 -1   
6.75600286 -1   
6.75752670 -1   
6.75875226 -1   
6.76032572 -1   
6.76175403 -1   
6.76302101 -1   
6.76450021 -1   
6.76574937 -1   
6.76727302 -1   
6.76876537 -1   
6.77001215 -1   
6.77152084 -1   
6.77276454 -1   
6.77429067 -1   
6.77577211 -1   
6.78976217 -1   
6.78987848 1    
6.79398502 -1   
6.79525355 -1   
6.79675158 -1   
6.79797937 -1   
6.79950445 -1   
6.80100114 -1   
6.80225051 -1   
6.80372734 -1   
6.80498049 -1   
6.80649580 -1   
6.80797848 -1   
6.80928641 -1   
6.81072610 -1   
6.81222436 -1   
6.81347349 -1   
6.81497068 -1   
6.81622325 -1   
6.81771885 -1   
6.81921623 -1   
6.82900157 -1   
6.83762059 -1   
6.83947808 -1   
6.84072596 -1   
6.84224398 -1   
6.84346017 -1   
6.84495411 -1   
6.84645592 -1   
6.84795257 -1   
6.84920397 -1   
6.85070029 -1   
6.85194882 -1   
6.85344824 -1   
6.85494913 -1   
6.85619969 -1   
6.85772215 -1   
6.85894686 -1   
6.86046999 -1   
6.86197231 -1   
6.86220144 1    
6.86322376 -1   
6.86472249 -1   
6.87719327 -1   
6.87868273 -1   
6.88018671 -1   
6.90118123 -1   
6.90267146 -1   
6.90391818 -1   
6.90541792 -1   
6.90666640 -1   
6.91516421 -1   
6.91666305 -1   
6.93876768 1    
6.94045795 -1   
6.94193958 -1   
6.94317781 -1   
6.94464832 -1   
6.94614562 -1   
6.94739481 -1   
6.94889649 -1   
6.95014271 -1   
6.95744132 -1   
6.95865443 -1   
6.96016465 -1   
6.96144342 -1   
6.96291929 -1   
6.96441065 -1   
6.96566659 -1   
6.96714661 -1   
6.97140995 -1   
6.97266398 -1   
6.97416665 -1   
6.97564938 -1   
6.99087313 -1   
7.04709177 -1   
7.05652840 1    
7.07244074 -1   
7.08598563 1    
7.10538691 1    
7.35273131 -1   
7.35418449 -1   
7.35515501 -1   
7.35671526 -1   
7.35816826 -1   
7.35941322 -1   
7.36095442 -1   
7.36216372 -1   
7.36368571 -1   
7.36516001 -1   
7.36640936 -1   
7.37069568 -1   
7.37220981 -1   
7.38192796 -1   
7.38341830 -1   
7.38466528 -1   
7.38614702 -1   
7.38621002 1    
7.38766731 -1   
7.38889192 -1   
7.39041243 -1   
7.39164084 -1   
7.39315468 -1   
7.39464054 -1   
7.39589204 -1   
7.40017079 -1   
7.40163917 -1   
7.41988446 -1   
7.42114390 -1   
7.42262615 -1   
7.42387561 -1   
7.42538880 -1   
7.42686991 -1   
7.42812086 -1   
7.42962030 -1   
7.43086707 -1   
7.43238575 -1   
7.43386545 -1   
7.43511765 -1   
7.44486827 -1   
7.44636177 -1   
7.44786018 -1   
7.44910698 -1   
7.45485542 -1   
7.45613515 -1   
7.45762758 -1   
7.45910082 -1   
7.46035155 -1   
7.46185440 -1   
7.46309876 -1   
7.46460162 -1   
7.46609721 -1   
7.46620886 1    
7.46736224 -1   
7.46884692 -1   
7.47859823 -1   
7.48009164 -1   
7.48135846 -1   
7.48283753 -1   
7.48434027 -1   
7.48558530 -1   
7.48708754 -1   
7.48836332 -1   
7.48983486 -1   
7.49134962 -1   
7.49260191 -1   
7.49683415 -1   
7.49833229 -1   
7.49957773 -1   
7.50107721 -1   
7.50259438 -1   
7.50382938 -1   
7.50534630 -1   
7.50682776 -1   
7.50807539 -1   
7.50958992 -1   
7.51107254 -1   
7.51807354 -1   
7.51932008 -1   
7.52082089 -1   
7.52231441 -1   
7.52239664 1    
7.52356824 -1   
7.52509582 -1   
7.52633155 -1   
7.52781459 -1   
7.52931198 -1   
7.53055769 -1   
7.53206063 -1   
7.53330754 -1   
7.53481189 -1   
7.53633473 -1   
7.53757470 -1   
7.53905558 -1   
7.54055786 -1   
7.54456033 -1   
7.54606805 -1   
7.54755050 -1   
7.54880297 -1   
7.55029876 -1   
7.55155198 -1   
7.55304770 -1   
7.56006520 -1   
7.56154536 -1   
7.56279355 -1   
7.56429615 -1   
7.56579308 -1   
7.56704299 -1   
7.56854150 -1   
7.57554043 -1   
7.57678664 -1   
7.57828647 -1   
7.57978180 -1   
7.58103529 -1   
7.58253318 -1   
7.58378335 -1   
7.58530172 -1   
7.58680474 -1   
7.58803169 -1   
7.58952944 -1   
7.59077488 -1   
7.59230400 -1   
7.59377802 -1   
7.59502800 -1   
7.59654631 -1   
7.60627224 -1   
7.60776717 -1   
7.63029057 -1   
7.63150622 -1   
7.63852029 -1   
7.64003099 -1   
7.64126906 -1   
7.64277936 -1   
7.64424950 -1   
7.64549704 -1   
7.64974104 -1   
7.65124431 -1   
7.65248842 -1   
7.65400130 -1   
7.65830344 -1   
7.65952042 -1   
7.66676316 -1   
7.66802211 -1   
7.66950164 -1   
7.67075633 -1   
7.68347568 -1   
7.68472499 -1   
7.68896890 -1   
7.69051179 -1   
7.69117678 -1   
7.69377242 1    
7.79666067 -1   
7.79815911 -1   
7.79940905 -1   
7.80366358 -1   
7.80515290 -1   
7.80640399 -1   
7.81340154 -1   
7.81489877 -1   
7.81639969 -1   
7.81764980 -1   
7.81914531 -1   
7.82039673 -1   
7.82189447 -1   
7.82304522 1    
7.82339506 -1   
7.82464002 -1   
7.82614266 -1   
7.82764304 -1   
7.83163864 -1   
7.83313961 -1   
7.83465787 -1   
7.83588987 -1   
7.83739827 -1   
7.83867630 -1   
7.84016483 -1   
7.84716369 -1   
7.84868537 -1   
7.85291331 -1   
7.85418485 -1   
7.85666182 1    
7.93783265 -1   
7.93785594 1    
8.01665668 -1   
12.32365197 1    
19.61379214 1    
23.67767957 -1   
30.60874283 -1   
36.79485399 1    
38.71503260 1    
44.19927419 1    
52.11642150 -1   
56.49242106 -1   
