0.00000000 -1   
0.16229224 -1   
0.27979267 1    
0.32471602 -1   
0.44192587 1    
0.48786979 -1   
0.55001700 1    
0.55152936 1    
0.60328841 1    
0.65099054 -1   
0.76550958 1    
0.81442708 -1   
0.92873394 1    
0.97680394 -1   
1.09105626 1    
1.25432166 1    
1.25536785 -1   
1.46901110 1    
1.46995311 1    
1.51160193 -1   
1.52084427 -1   
1.68859607 -1   
1.72009885 1    
1.72158905 1    
1.72254337 1    
1.72411222 1    
1.72560761 1    
1.72688779 1    
1.72837029 1    
1.72989270 1    
1.73113345 1    
1.73261516 1    
1.88602375 1    
1.88726578 1    
1.88877040 1    
1.88999471 1    
1.89149655 1    
1.89160546 -1   
1.89299586 1    
1.89424028 1    
1.89574108 1    
1.89698885 1    
1.89820220 1    
1.89973933 1    
1.90098856 1    
1.90248476 1    
1.90398818 1    
1.90523365 1    
1.90673314 1    
1.90798243 1    
1.90948488 1    
1.91098289 1    
1.91223455 1    
2.05140703 1    
2.05290118 1    
2.05440095 1    
2.05564935 1    
2.05715022 1    
2.05839642 1    
2.05989930 1    
2.06140073 1    
2.06264285 1    
2.06265363 -1   
2.06414544 1    
2.06564131 1    
2.06689394 1    
2.06839122 1    
2.06964284 1    
2.07114146 1    
2.07263933 1    
2.07388771 1    
2.07538985 1    
2.07663905 1    
2.07813976 1    
2.07963430 1    
2.08088624 1    
2.08238154 1    
2.08388332 1    
2.08513215 1    
2.08663512 1    
2.08788033 1    
2.08938204 1    
2.09087958 1    
2.09213132 1    
2.09363041 1    
2.09489871 1    
2.09639777 1    
2.09787755 1    
2.09830624 1    
2.09923730 -1   
2.10888203 -1   
2.11886556 -1   
2.26333606 -1   
2.35750665 1    
2.35899567 1    
2.35994479 1    
2.36147485 1    
2.36799775 1    
2.36949260 1    
2.37059545 -1   
2.37099208 1    
2.37224262 1    
2.37373800 1    
2.37498676 1    
2.40909575 -1   
2.42572641 -1   
2.48693068 1    
2.48840319 1    
2.48990207 1    
2.49704883 -1   
2.52376847 1    
2.58865818 -1   
2.62712145 1    
2.62860223 1    
2.62984981 1    
2.63135599 1    
2.63257432 1    
2.63984151 1    
2.64133800 1    
2.64256286 1    
2.64406807 1    
2.64531218 1    
2.64681290 1    
2.64830958 1    
2.64955842 1    
2.65105672 1    
2.65230914 1    
2.65380400 1    
2.65530719 1    
2.65657589 1    
2.65807172 1    
2.65955329 1    
2.66083301 1    
2.66231596 1    
2.66358421 1    
2.66507816 1    
2.66655895 1    
2.66779792 1    
2.66932473 1    
2.67056663 1    
2.67207429 1    
2.67356631 1    
2.67482366 1    
2.67629403 1    
2.67743023 -1   
2.67754371 1    
2.67904364 1    
2.68054090 1    
2.68178842 1    
2.68329118 1    
2.68479254 1    
2.68606904 1    
2.68757960 1    
2.68906037 1    
2.69031672 1    
2.69181408 1    
2.69304937 1    
2.69456083 1    
2.69579212 1    
2.69735998 1    
2.69881262 1    
2.70006549 1    
2.70156763 1    
2.70282599 1    
2.70430447 1    
2.70581182 1    
2.70731136 1    
2.70855697 1    
2.71002348 1    
2.71152518 1    
2.71277035 1    
2.74178357 1    
2.79273356 1    
2.79275911 -1   
2.79399921 1    
2.79549712 1    
2.79699710 1    
2.80399366 1    
2.80524751 1    
2.80671987 1    
2.80796997 1    
2.80948669 1    
2.81099437 1    
2.81223728 1    
2.81374237 1    
2.81523447 1    
2.81648904 1    
2.81798258 1    
2.81923499 1    
2.82073641 1    
2.82223952 1    
2.82350128 1    
2.82499894 1    
2.82623748 1    
2.82771198 1    
2.82922462 1    
2.83045834 1    
2.83195428 1    
2.83345267 1    
2.83470094 1    
2.83620454 1    
2.83745057 1    
2.83755162 -1   
2.83897066 1    
2.84046595 1    
2.84169915 1    
2.84326313 1    
2.84451117 1    
2.84597668 1    
2.84746884 1    
2.84871807 1    
2.85022263 1    
2.85171855 1    
2.85296569 1    
2.85446146 1    
2.85571712 1    
2.85721175 1    
2.85871404 1    
2.85996933 1    
2.86146192 1    
2.86268460 1    
2.86420660 1    
2.86570589 1    
2.86695261 1    
2.86843568 1    
2.86995876 1    
2.87120485 1    
2.87268473 1    
2.87395391 1    
2.87542987 1    
2.87692826 1    
2.87818038 1    
2.87967808 1    
2.88092983 1    
2.88244545 1    
2.88392847 1    
2.88892873 1    
2.91777932 -1   
2.95489147 1    
2.95863229 1    
2.95865243 -1   
2.95988548 1    
2.96138896 1    
2.96814686 1    
2.96962579 1    
2.97089299 1    
2.97237346 1    
2.97276182 1    
2.97808175 -1   
3.12258835 -1   
3.18952173 1    
3.19103996 1    
3.19198417 1    
3.19352840 1    
3.19504699 1    
3.19630994 1    
3.19777605 1    
3.19924546 1    
3.20049516 1    
3.20199055 1    
3.20349237 1    
3.20473797 1    
3.20583909 -1   
3.20624260 1    
3.20748665 1    
3.20898937 1    
3.21048791 1    
3.21174089 1    
3.21323450 1    
3.21448570 1    
3.21598465 1    
3.21748352 1    
3.21873105 1    
3.22023439 1    
3.22172866 1    
3.22298103 1    
3.22447881 1    
3.22572947 1    
3.22722522 1    
3.22872577 1    
3.22997518 1    
3.23247517 1    
3.23404960 1    
3.23526104 1    
3.23672124 1    
3.23796950 1    
3.23946913 1    
3.24097104 1    
3.24221673 1    
3.24372303 1    
3.24497544 1    
3.24647005 1    
3.24796410 1    
3.24921388 1    
3.25071280 1    
3.25196553 1    
3.25346193 1    
3.25498520 1    
3.25622627 1    
3.25771265 1    
3.25920867 1    
3.26047252 1    
3.26195881 1    
3.26323169 1    
3.26473164 1    
3.26622760 1    
3.26745561 1    
3.26895899 1    
3.27020471 1    
3.27170417 1    
3.27321445 1    
3.27445510 1    
3.27595566 1    
3.27745565 1    
3.27870212 1    
3.28022371 1    
3.35493863 1    
3.35497725 -1   
3.35643412 1    
3.35768242 1    
3.35917393 1    
3.36042714 1    
3.36193987 1    
3.36343981 1    
3.36468646 1    
3.36620516 1    
3.36769997 1    
3.36895550 1    
3.37041732 1    
3.37292701 1    
3.37445433 1    
3.37564595 1    
3.37714371 1    
3.37839481 1    
3.37989235 1    
3.38140746 1    
3.38263955 1    
3.38416269 1    
3.38541130 1    
3.38691166 1    
3.38841011 1    
3.38965887 1    
3.39116005 1    
3.39265832 1    
3.39391364 1    
3.39694694 1    
3.39840087 1    
3.39968214 1    
3.40115861 1    
3.40266291 1    
3.40392980 1    
3.40540193 1    
3.40693410 1    
3.40815252 1    
3.40962693 1    
3.41087227 1    
3.41239050 1    
3.41389678 1    
3.41514501 1    
3.41662208 1    
3.41789261 1    
3.41938939 1    
3.42090750 1    
3.42214415 1    
3.42364643 1    
3.42490802 1    
3.42637924 1    
3.42789128 1    
3.42913993 1    
3.43063864 1    
3.43189150 1    
3.43337945 1    
3.43488607 1    
3.43613751 1    
3.43763124 1    
3.43888448 1    
3.44063303 1    
3.44188133 1    
3.44338159 1    
3.44487707 1    
3.44612702 1    
3.44763161 1    
3.44912598 1    
3.45799321 -1   
3.52134297 1    
3.52137836 -1   
3.52283332 1    
3.52433076 1    
3.52558096 1    
3.52755552 1    
3.52882910 1    
3.53180606 1    
3.53305563 1    
3.53680067 1    
3.53855265 1    
3.54129764 1    
3.54279554 1    
3.54404659 1    
3.54654716 1    
3.54829479 1    
3.55079417 1    
3.55256291 1    
3.55531559 1    
3.55681147 1    
3.56106112 1    
3.56258208 1    
3.56503992 1    
3.56681346 1    
3.56803591 1    
3.57102889 1    
3.57115254 -1   
3.57253167 1    
3.57477670 1    
3.57653335 1    
3.57931214 1    
3.58080737 1    
3.58555303 1    
3.58704631 1    
3.58827250 1    
3.58976828 1    
3.59126792 1    
3.59326915 1    
3.59476677 1    
3.59751718 1    
3.59901221 1    
3.60176849 1    
3.60301194 1    
3.60587171 1    
3.72497653 1    
3.72501550 -1   
3.80695259 1    
9.39526863 -1   
17.16985555 1    
24.80750906 1    
30.80156941 -1   
35.36146898 1    
42.79146692 -1   
49.04062884 -1   
55.51574914 -1   
58.81655189 -1   
