0.00000000 1    
0.23600508 -1   
0.23699987 1    
0.47001761 -1   
0.47152645 -1   
0.47244790 1    
0.63445368 1    
0.69247004 -1   
0.82411482 1    
0.89462510 -1   
0.98624545 1    
1.05700920 -1   
1.14842847 1    
1.22027422 -1   
1.31056443 1    
1.38261170 -1   
1.51596132 1    
1.53291346 -1   
1.54609914 -1   
1.59137650 1    
1.75530580 1    
1.83233062 -1   
1.84396467 -1   
1.84520499 -1   
1.84672212 -1   
1.84822293 -1   
1.84945318 -1   
1.85095005 -1   
1.85219944 -1   
1.85371293 -1   
1.85521450 -1   
1.99664721 -1   
1.99786621 -1   
2.00936396 -1   
2.01085788 -1   
2.01210738 -1   
2.01217584 1    
2.01360972 -1   
2.01510529 -1   
2.01635794 -1   
2.01785470 -1   
2.01935587 -1   
2.02059992 -1   
2.02210198 -1   
2.02305682 -1   
2.02460186 -1   
2.02609811 -1   
2.02734884 -1   
2.02886834 -1   
2.03037056 -1   
2.05833609 -1   
2.05958063 -1   
2.16178264 -1   
2.16327002 -1   
2.16477175 -1   
2.16601835 -1   
2.17501754 -1   
2.17651122 -1   
2.17778394 -1   
2.17926137 -1   
2.18078406 -1   
2.18079776 1    
2.18203807 -1   
2.18352998 -1   
2.18478116 -1   
2.18627897 -1   
2.18777847 -1   
2.18902794 -1   
2.19053030 -1   
2.19177667 -1   
2.19325667 -1   
2.19475485 -1   
2.19600360 -1   
2.19749911 -1   
2.19899914 -1   
2.20024888 -1   
2.20175154 -1   
2.20299675 -1   
2.20452151 -1   
2.20602058 -1   
2.20727038 -1   
2.20875858 -1   
2.20999524 -1   
2.21151443 -1   
2.21301878 -1   
2.21426689 -1   
2.21576760 -1   
2.21680754 1    
2.22225528 -1   
2.22250668 -1   
2.22614996 1    
2.23563289 1    
2.38097149 1    
2.45263093 -1   
2.45414427 -1   
2.46462780 -1   
2.46587328 -1   
2.47187267 -1   
2.47334179 -1   
2.47338473 1    
2.47486815 -1   
2.47611007 -1   
2.48436687 -1   
2.48560643 -1   
2.51186928 1    
2.52104151 1    
2.54312684 1    
2.61692621 -1   
2.62876293 -1   
2.63000764 -1   
2.70424020 -1   
2.70461192 1    
2.70546774 -1   
2.70695915 -1   
2.70846050 -1   
2.70972463 -1   
2.71121176 -1   
2.71272354 -1   
2.71395682 -1   
2.71545547 -1   
2.71547505 1    
2.71672458 -1   
2.71820244 -1   
2.71970576 -1   
2.72095012 -1   
2.72245515 -1   
2.72372311 -1   
2.72523486 -1   
2.72669843 -1   
2.72794582 -1   
2.72944481 -1   
2.73069963 -1   
2.73219579 -1   
2.73369585 -1   
2.73496339 -1   
2.73644521 -1   
2.73771507 -1   
2.73918907 -1   
2.74070376 -1   
2.74196730 -1   
2.74343720 -1   
2.74469044 -1   
2.74618761 -1   
2.74768642 -1   
2.74893385 -1   
2.75043463 -1   
2.75169892 -1   
2.75320600 -1   
2.75332579 1    
2.75468510 -1   
2.75593086 -1   
2.75743263 -1   
2.75870093 -1   
2.76017891 -1   
2.76167748 -1   
2.76293108 -1   
2.76442542 -1   
2.76592899 -1   
2.76719048 -1   
2.76867714 -1   
2.76992351 -1   
2.77143781 -1   
2.77293768 -1   
2.77417401 -1   
2.77566959 -1   
2.77693925 -1   
2.77841649 -1   
2.79291976 -1   
2.79416208 -1   
2.80265911 -1   
2.83339394 -1   
2.87464594 -1   
2.87611426 -1   
2.87763569 -1   
2.87888216 -1   
2.88038411 -1   
2.88186013 -1   
2.88312797 -1   
2.88462860 -1   
2.88464346 1    
2.88588158 -1   
2.88737746 -1   
2.88887832 -1   
2.89012673 -1   
2.89162804 -1   
2.89287422 -1   
2.89435174 -1   
2.89586769 -1   
2.89712286 -1   
2.89861774 -1   
2.89987260 -1   
2.90137361 -1   
2.90287433 -1   
2.90412068 -1   
2.90561949 -1   
2.90686888 -1   
2.90836809 -1   
2.90986487 -1   
2.91111660 -1   
2.91261236 -1   
2.91386544 -1   
2.91536056 -1   
2.91686096 -1   
2.91810949 -1   
2.91820960 1    
2.91961092 -1   
2.92085673 -1   
2.92233915 -1   
2.92385538 -1   
2.92510422 -1   
2.92658991 -1   
2.92783741 -1   
2.92933159 -1   
2.93083457 -1   
2.93208378 -1   
2.93358138 -1   
2.93507826 -1   
2.93632686 -1   
2.93782715 -1   
2.93907664 -1   
2.94484609 -1   
2.94634643 -1   
2.94784142 -1   
2.94909643 -1   
2.95059014 -1   
2.95208839 -1   
2.95358736 -1   
2.95484172 -1   
2.95633686 -1   
2.95783941 -1   
2.95908479 -1   
2.96056618 -1   
2.96760858 -1   
2.96883013 -1   
2.97033110 -1   
2.99658251 1    
2.99730438 -1   
2.99879345 -1   
3.04030014 -1   
3.04060502 1    
3.04151865 -1   
3.04301916 -1   
3.04451927 -1   
3.04603703 -1   
3.04728743 -1   
3.06552492 -1   
3.06555526 1    
3.06577194 -1   
3.22896108 1    
3.26716922 -1   
3.26864099 -1   
3.26989201 -1   
3.27138721 -1   
3.27291395 -1   
3.27441023 -1   
3.27442518 -1   
3.27840917 -1   
3.27965709 -1   
3.28115938 -1   
3.28265551 -1   
3.28388128 -1   
3.28540496 -1   
3.28690261 -1   
3.28815212 -1   
3.28965366 -1   
3.29089934 -1   
3.29240093 -1   
3.29387736 -1   
3.29514622 -1   
3.31088710 -1   
3.31236291 -1   
3.31388307 -1   
3.31513447 -1   
3.31661058 -1   
3.31813744 -1   
3.31937931 -1   
3.32088555 -1   
3.32213248 -1   
3.32362940 -1   
3.32513375 -1   
3.32638229 -1   
3.32787374 -1   
3.32798013 1    
3.32912705 -1   
3.33062651 -1   
3.33212507 -1   
3.33337507 -1   
3.33488086 -1   
3.33612260 -1   
3.33762434 -1   
3.33912236 -1   
3.34034850 -1   
3.34186987 -1   
3.34334451 -1   
3.34459729 -1   
3.34609626 -1   
3.34734285 -1   
3.34884397 -1   
3.35034208 -1   
3.35159482 -1   
3.35309079 -1   
3.35433945 -1   
3.35583775 -1   
3.35733796 -1   
3.35858512 -1   
3.36008641 -1   
3.36158376 -1   
3.36283385 -1   
3.36433060 -1   
3.36557984 -1   
3.36567229 1    
3.36708451 -1   
3.36857775 -1   
3.36983277 -1   
3.37132764 -1   
3.37258052 -1   
3.37407773 -1   
3.43281970 -1   
3.43285636 1    
3.43431710 -1   
3.43581303 -1   
3.43706572 -1   
3.43856370 -1   
3.43981266 -1   
3.44130957 -1   
3.44353672 -1   
3.44505941 -1   
3.44656233 -1   
3.44805527 -1   
3.44953576 -1   
3.45105562 -1   
3.45255704 -1   
3.45380531 -1   
3.45530407 -1   
3.45652987 -1   
3.45805811 -1   
3.45955236 -1   
3.47505025 -1   
3.47626880 -1   
3.47804671 -1   
3.47929302 -1   
3.48079156 -1   
3.48228944 -1   
3.48379046 -1   
3.48528684 -1   
3.48651583 -1   
3.48658013 1    
3.48804108 -1   
3.48928458 -1   
3.49078607 -1   
3.49228378 -1   
3.49376441 -1   
3.49502940 -1   
3.49653090 -1   
3.49777648 -1   
3.49928118 -1   
3.50075364 -1   
3.50202417 -1   
3.50352649 -1   
3.50477511 -1   
3.50627342 -1   
3.50777713 -1   
3.50901999 -1   
3.51050290 -1   
3.51201914 -1   
3.51326685 -1   
3.51476394 -1   
3.51601941 -1   
3.51751606 -1   
3.51899869 -1   
3.52026366 -1   
3.52176125 -1   
3.52301751 -1   
3.52451266 -1   
3.52601576 -1   
3.52724286 -1   
3.52875661 -1   
3.53026187 -1   
3.53276283 -1   
3.53425917 -1   
3.53575499 -1   
3.53700692 -1   
3.53850803 -1   
3.53860794 1    
3.54000893 -1   
3.54175526 -1   
3.54325670 -1   
3.59747915 -1   
3.59750341 1    
3.59997088 -1   
3.60122022 -1   
3.60272463 -1   
3.60421811 -1   
3.60547186 -1   
3.60696511 -1   
3.60919273 -1   
3.61071827 -1   
3.61221693 -1   
3.61343934 -1   
3.61519244 -1   
3.61643863 -1   
3.61795854 -1   
3.61943488 -1   
3.62070598 -1   
3.62218647 -1   
3.62368568 -1   
3.62494952 -1   
3.64020526 -1   
3.64169587 -1   
3.64342413 -1   
3.64467074 -1   
3.64618737 -1   
3.64769307 -1   
3.64942506 -1   
3.65069122 -1   
3.65143300 1    
3.65369552 -1   
3.65491591 -1   
3.65641616 -1   
3.65793107 -1   
3.65918282 -1   
3.66066525 -1   
3.66191626 -1   
3.66341102 -1   
3.66493389 -1   
3.66618217 -1   
3.66765835 -1   
3.66890910 -1   
3.67041014 -1   
3.67192870 -1   
3.67260003 -1   
3.78215330 1    
4.00400631 -1   
4.82108075 1    
10.17482659 -1   
15.96325426 -1   
20.26404907 -1   
22.95958684 1    
30.69169617 1    
39.39434560 -1   
42.44736745 -1   
47.30655756 -1   
52.65430309 1    
56.60124300 -1   
