0.00000000 1    
0.20044527 -1   
1.25528391 -1   
1.65681066 1    
1.65779529 -1   
2.07645177 1    
2.07770928 1    
2.07796108 1    
2.07890521 -1   
2.24117526 -1   
2.41684416 1    
2.41710652 -1   
2.58053407 1    
2.78373393 1    
2.78404596 -1   
2.96878524 1    
2.96882384 -1   
3.17437718 -1   
3.32966943 1    
3.33651921 -1   
3.50701003 1    
3.50733848 -1   
3.70586710 1    
3.70620741 -1   
3.75900886 1    
3.87087098 1    
3.90418762 -1   
3.91370737 -1   
4.03294435 1    
4.07784862 -1   
4.33418446 1    
4.33567237 1    
4.33660344 1    
4.33817317 1    
4.33966835 1    
4.35690935 1    
4.35815658 1    
4.35965876 1    
4.36115493 1    
4.40636969 1    
4.49981299 1    
4.50132403 1    
4.50255193 1    
4.50407244 1    
4.50555394 1    
4.50561530 -1   
4.50682182 1    
4.50831844 1    
4.50955078 1    
4.51106652 1    
4.51254505 1    
4.52206338 1    
4.52354157 1    
4.52480876 1    
4.52631332 1    
4.52780705 1    
4.52905904 1    
4.53055803 1    
4.53205107 1    
4.61052037 1    
4.61175939 1    
4.66546833 1    
4.66698427 1    
4.66848632 1    
4.66973154 1    
4.67123105 1    
4.67245345 1    
4.67397791 1    
4.67547357 1    
4.67677949 1    
4.67679307 -1   
4.67826201 1    
4.67947287 1    
4.68101381 1    
4.68247149 1    
4.68375666 1    
4.68551823 1    
4.68644824 1    
4.68800389 1    
4.68947742 1    
4.69076720 1    
4.69225042 1    
4.69346634 1    
4.69496510 1    
4.69649915 1    
4.69772909 1    
4.69920400 1    
4.70046542 1    
4.70196226 1    
4.70346009 1    
4.70470631 1    
4.70620954 1    
4.70745732 1    
4.70899345 1    
4.71049927 1    
4.71172160 1    
4.73441433 1    
4.73560437 -1   
4.74530199 -1   
4.77258769 -1   
4.88264095 -1   
5.16344763 1    
5.16469069 1    
5.16494089 1    
5.16563330 -1   
5.22396214 1    
5.22516775 1    
5.23466156 1    
5.23614632 1    
5.24527564 -1   
5.24665122 1    
5.24789583 1    
5.28416530 -1   
5.28817364 1    
5.28935148 1    
5.30687082 1    
5.30753523 -1   
5.30834874 1    
5.30959081 1    
5.32818033 1    
5.32822677 -1   
5.49130933 -1   
5.55332943 1    
5.67666271 1    
5.67815276 1    
5.68915457 1    
5.68949475 -1   
5.69037424 1    
5.69192784 1    
5.69343448 1    
5.70016564 1    
5.70142666 1    
5.70293272 1    
5.70444029 1    
5.70563177 1    
5.70717247 1    
5.70839130 1    
5.71092562 1    
5.71238959 1    
5.74715183 1    
5.74858844 1    
5.74989916 1    
5.75140469 1    
5.75289578 1    
5.75414313 1    
5.75558751 1    
5.75714100 1    
5.75717936 1    
5.76685269 1    
5.77409822 1    
5.77538889 1    
5.77688344 1    
5.78388749 1    
5.84081290 1    
5.84205573 1    
5.84355787 1    
5.84508224 1    
5.85334607 1    
5.85483642 1    
5.85633764 1    
5.85637217 -1   
5.85752779 1    
5.85905812 1    
5.86033349 1    
5.86408129 1    
5.86552299 1    
5.86679220 1    
5.86829363 1    
5.86977018 1    
5.87103996 1    
5.87251832 1    
5.87404254 1    
5.87528755 1    
5.87678255 1    
5.87803468 1    
5.87953719 1    
5.88103286 1    
5.88227665 1    
5.88377533 1    
5.88503343 1    
5.88653137 1    
5.88803161 1    
5.88925775 1    
5.89077677 1    
5.91274927 1    
5.91401452 1    
5.91552199 1    
5.91705057 1    
5.91826024 1    
5.91835671 -1   
5.91980090 1    
5.92105989 1    
5.92256467 1    
5.92404982 1    
5.92529792 1    
5.92680149 1    
5.92829139 1    
5.92950454 1    
5.93103400 1    
5.93223718 1    
5.93373506 1    
5.93524829 1    
5.93648251 1    
5.93924480 1    
5.94074731 1    
5.94797781 1    
5.94947668 1    
6.00619549 1    
6.00744300 1    
6.00896855 1    
6.01043894 1    
6.01168908 1    
6.01318656 1    
6.01893735 1    
6.02043104 1    
6.02170246 1    
6.02171685 -1   
6.02319905 1    
6.02467887 1    
6.02593412 1    
6.02819874 1    
6.02942841 1    
6.03092623 1    
6.03242624 1    
6.03369721 1    
6.03544359 1    
6.03642617 1    
6.03792782 1    
6.03942158 1    
6.03953707 -1   
6.04068520 1    
6.04217042 1    
6.04342171 1    
6.04493807 1    
6.04642146 1    
6.04768794 1    
6.04916734 1    
6.05041775 1    
6.05193470 1    
6.05341385 1    
6.05466410 1    
6.05616114 1    
6.05741241 1    
6.05890971 1    
6.06041168 1    
6.06169022 1    
6.07692475 1    
6.07815043 1    
6.07965127 1    
6.08114723 1    
6.08239875 1    
6.08389606 1    
6.08539927 1    
6.08689310 1    
6.08839247 1    
6.08964089 1    
6.09114575 1    
6.09238881 1    
6.09360940 1    
6.14978672 -1   
6.17318089 -1   
6.20368306 -1   
6.29674147 1    
6.57262742 1    
6.57413999 1    
6.57508892 1    
6.57521755 -1   
6.58567213 1    
6.58716853 1    
6.58842375 1    
6.63783714 1    
6.63908055 1    
6.64063092 1    
6.64213504 1    
6.64335179 1    
6.64488293 1    
6.64613452 1    
6.64760568 1    
6.64908747 1    
6.65034218 1    
6.65184464 1    
6.65335056 1    
6.65457698 1    
6.65612543 1    
6.65735117 1    
6.65887506 1    
6.66036258 1    
6.66156966 1    
6.66309136 1    
6.66436355 1    
6.66581775 1    
6.66731305 1    
6.66856323 1    
6.67006032 1    
6.67130841 1    
6.67280839 1    
6.67431106 1    
6.67555633 1    
6.67707694 1    
6.67832330 1    
6.67982816 1    
6.68132664 1    
6.68255122 1    
6.68405303 1    
6.68532466 1    
6.68682206 1    
6.68830506 1    
6.68955012 1    
6.69105135 1    
6.69229718 1    
6.69379770 1    
6.69529758 1    
6.69654648 1    
6.69660882 -1   
6.69806961 1    
6.69929473 1    
6.70079733 1    
6.70304169 1    
6.70429171 1    
6.72353977 1    
6.72478206 1    
6.72627805 1    
6.72780342 1    
6.72904516 1    
6.73055927 1    
6.73177537 1    
6.73329608 1    
6.73480016 1    
6.73604709 1    
6.73752291 1    
6.73879717 1    
6.74029148 1    
6.74179694 1    
6.74181555 -1   
6.75133602 1    
6.75282868 1    
6.79230103 1    
6.79380141 1    
6.80305414 1    
6.80450500 1    
6.80629709 1    
6.80751777 1    
6.80903844 1    
6.81026110 1    
6.81178260 1    
6.81327657 1    
6.81448159 1    
6.81600078 1    
6.81750315 1    
6.81874899 1    
6.82024875 1    
6.82172496 1    
6.82297444 1    
6.82449250 1    
6.82574517 1    
6.82724142 1    
6.82874191 1    
6.82999160 1    
6.83009331 -1   
6.83147257 1    
6.83277026 1    
6.83426903 1    
6.83573912 1    
6.83702133 1    
6.83846897 1    
6.84002366 1    
6.84126837 1    
6.84276175 1    
6.84402570 1    
6.84548568 1    
6.84701117 1    
6.84850374 1    
6.84971037 1    
6.85120556 1    
6.85245531 1    
6.85395803 1    
6.85545337 1    
6.85556097 -1   
6.85670634 1    
6.85820034 1    
6.85944997 1    
6.86094975 1    
6.86245393 1    
6.86369816 1    
6.86521849 1    
6.86672004 1    
6.86796983 1    
6.86859955 1    
6.87474954 1    
6.88768999 1    
6.88918670 1    
6.89043353 1    
6.89193394 1    
6.89343001 1    
6.89468361 1    
6.89617788 1    
6.89742997 1    
6.89900898 1    
6.90050107 1    
6.90170986 1    
6.90323231 1    
6.90444889 1    
6.90599063 1    
6.90742430 1    
6.90743957 -1   
6.90873127 1    
6.91692045 1    
6.91844246 1    
6.95792507 1    
6.95939705 1    
6.96864233 1    
6.96991246 1    
6.97163606 1    
6.97288592 1    
6.97438604 1    
6.97590540 1    
6.97713312 1    
6.97863667 1    
6.98043582 1    
6.98138523 1    
6.98288637 1    
6.98437975 1    
6.98562929 1    
6.98713023 1    
6.98837747 1    
6.98990180 1    
6.99137578 1    
6.99264922 1    
6.99412579 1    
6.99537436 1    
6.99714686 1    
6.99862746 1    
7.00013922 1    
7.00137266 1    
7.00145479 -1   
7.00287095 1    
7.00411918 1    
7.00564089 1    
7.00811633 1    
7.00936916 1    
7.01113831 1    
7.01236935 1    
7.01388549 1    
7.03042823 1    
7.12262773 -1   
7.28200505 1    
13.15657187 -1   
17.28017858 1    
21.05795970 1    
28.32856355 -1   
36.86888789 1    
40.75822061 1    
43.55261567 1    
50.18908028 1    
57.82770766 1    
60.10835596 1    
62.25443721 -1   
