0.00000000 1    
0.23819755 -1   
0.23922770 1    
0.49468166 -1   
0.49621532 -1   
0.49718241 1    
0.65938143 1    
0.76137739 -1   
0.88692169 1    
0.96279033 -1   
1.04918343 1    
1.12517289 -1   
1.21131618 1    
1.28847407 -1   
1.37353271 1    
1.45050372 -1   
1.58260111 1    
1.61478808 -1   
1.61573095 -1   
1.66333961 1    
1.80031055 -1   
1.80035023 1    
1.90590652 -1   
1.90739268 -1   
1.91663726 -1   
1.91812799 -1   
1.91938045 -1   
1.92087962 -1   
1.92212876 -1   
1.92362856 -1   
1.92791576 -1   
1.96486355 -1   
1.96637224 -1   
2.07158380 -1   
2.07277216 -1   
2.07430467 -1   
2.07551740 -1   
2.08233375 -1   
2.08255590 1    
2.08351639 -1   
2.08505809 -1   
2.08629247 -1   
2.08776546 -1   
2.08933156 -1   
2.09054111 -1   
2.09201189 -1   
2.09350623 -1   
2.09475847 -1   
2.09627858 -1   
2.09752822 -1   
2.12899423 -1   
2.13023986 -1   
2.13173500 -1   
2.13298734 -1   
2.17750482 -1   
2.17902882 -1   
2.23670585 -1   
2.23819551 -1   
2.23970018 -1   
2.24094413 -1   
2.24245628 -1   
2.24394194 -1   
2.24519378 -1   
2.24666935 -1   
2.24793948 -1   
2.24795381 1    
2.24944165 -1   
2.25093882 -1   
2.25219166 -1   
2.25368755 -1   
2.25493796 -1   
2.25643664 -1   
2.25793277 -1   
2.25916459 -1   
2.26068667 -1   
2.26218205 -1   
2.26343512 -1   
2.26493022 -1   
2.26618376 -1   
2.26765748 -1   
2.26917662 -1   
2.27042578 -1   
2.27193014 -1   
2.27317512 -1   
2.27467852 -1   
2.27615647 -1   
2.27740463 -1   
2.29314778 -1   
2.29408164 -1   
2.30354856 1    
2.30355652 1    
2.30361294 1    
2.46762081 1    
2.56249661 -1   
2.56398804 -1   
2.56436742 -1   
2.57073836 -1   
2.57223599 -1   
2.58123264 -1   
2.58272611 -1   
2.59088822 1    
2.60372352 -1   
2.60521588 -1   
2.63026204 1    
2.73140261 -1   
2.73289428 -1   
2.73353622 -1   
2.74134042 1    
2.77165297 -1   
2.77314102 -1   
2.85058286 -1   
2.85062105 1    
2.85209490 -1   
2.85357232 -1   
2.85486865 -1   
2.85638359 -1   
2.86060956 1    
2.87983879 -1   
2.90696749 -1   
2.90879499 -1   
2.91006050 -1   
2.91153904 -1   
2.91304050 -1   
2.91431197 -1   
2.98931778 -1   
2.99076411 -1   
3.00998985 -1   
3.01148324 -1   
3.02477439 1    
3.06905531 -1   
3.09371117 -1   
3.09520788 -1   
3.09668558 -1   
3.09795063 -1   
3.09943012 -1   
3.10093117 -1   
3.10219952 -1   
3.10370260 -1   
3.10494911 -1   
3.10645220 -1   
3.10794964 -1   
3.10917858 -1   
3.11067503 -1   
3.11192435 -1   
3.11344571 -1   
3.11494734 -1   
3.11617230 -1   
3.11769740 -1   
3.11919290 -1   
3.12044290 -1   
3.12194036 -1   
3.12318828 -1   
3.12469003 -1   
3.12619245 -1   
3.12743655 -1   
3.12893976 -1   
3.13018452 -1   
3.13166661 -1   
3.13318353 -1   
3.13446918 -1   
3.13596696 -1   
3.13747321 -1   
3.13868840 -1   
3.14016680 -1   
3.14142803 -1   
3.14294297 -1   
3.14446063 -1   
3.14565323 -1   
3.14721274 -1   
3.14845963 -1   
3.14994354 -1   
3.15142871 -1   
3.15265563 -1   
3.15419051 -1   
3.15568172 -1   
3.15692244 -1   
3.15839699 -1   
3.15967040 -1   
3.15975740 1    
3.16117102 -1   
3.16266761 -1   
3.16391702 -1   
3.16539391 -1   
3.16666427 -1   
3.16816320 -1   
3.16966485 -1   
3.17091142 -1   
3.17239287 -1   
3.17363989 -1   
3.17515810 -1   
3.17664393 -1   
3.17793775 -1   
3.17942854 -1   
3.18066019 -1   
3.18215660 -1   
3.18366600 -1   
3.18493931 -1   
3.18641611 -1   
3.18763120 -1   
3.18913105 -1   
3.19062748 -1   
3.19188045 -1   
3.19337810 -1   
3.23866812 1    
3.25784894 -1   
3.25933858 -1   
3.26083985 -1   
3.26233621 -1   
3.26358838 -1   
3.26510863 -1   
3.26661910 -1   
3.26789361 -1   
3.26938188 -1   
3.27061225 -1   
3.27212395 -1   
3.27358120 -1   
3.27486918 -1   
3.27633408 -1   
3.27758300 -1   
3.27907964 -1   
3.28058005 -1   
3.28182717 -1   
3.28332597 -1   
3.28457592 -1   
3.28607626 -1   
3.28757170 -1   
3.28882580 -1   
3.29032065 -1   
3.29157455 -1   
3.29307048 -1   
3.29456797 -1   
3.29468953 1    
3.29582170 -1   
3.29731635 -1   
3.29857151 -1   
3.30006651 -1   
3.30156637 -1   
3.30281284 -1   
3.30431493 -1   
3.30556276 -1   
3.30706359 -1   
3.30856412 -1   
3.30983506 -1   
3.31133024 -1   
3.31282318 -1   
3.31408088 -1   
3.31555563 -1   
3.31682819 -1   
3.31834799 -1   
3.34278621 1    
3.40308425 1    
3.64739032 -1   
3.64886904 -1   
3.64983929 -1   
3.64995908 1    
3.65136816 -1   
3.65261490 -1   
3.65411576 -1   
3.65561185 -1   
3.65688542 -1   
3.65836262 -1   
3.65961535 -1   
3.66110993 -1   
3.66261001 -1   
3.66385667 -1   
3.66535909 -1   
3.66685506 -1   
3.66810673 -1   
3.66960286 -1   
3.67087660 -1   
3.67237409 -1   
3.67385583 -1   
3.67512262 -1   
3.67660608 -1   
3.67787219 -1   
3.67936980 -1   
3.68087309 -1   
3.68212050 -1   
3.68359660 -1   
3.68512104 -1   
3.68634422 -1   
3.68786756 -1   
3.68911451 -1   
3.69059359 -1   
3.69210844 -1   
3.69334362 -1   
3.69483882 -1   
3.69634326 -1   
3.69758764 -1   
3.69908898 -1   
3.70058789 -1   
3.70071733 1    
3.70183880 -1   
3.70333525 -1   
3.70458746 -1   
3.70610502 -1   
3.70758603 -1   
3.70883287 -1   
3.71033131 -1   
3.71185436 -1   
3.71310407 -1   
3.71457931 -1   
3.71583097 -1   
3.71732920 -1   
3.71885145 -1   
3.72009819 -1   
3.72157444 -1   
3.72282375 -1   
3.72432634 -1   
3.72582218 -1   
3.72709599 -1   
3.72857208 -1   
3.73007334 -1   
3.73131716 -1   
3.73282017 -1   
3.73406643 -1   
3.73556863 -1   
3.73708782 -1   
3.73834033 -1   
3.73983561 -1   
3.74108649 -1   
3.74256123 -1   
3.74408456 -1   
3.74533157 -1   
3.74683414 -1   
3.74834687 -1   
3.74956115 -1   
3.75107559 -1   
3.75234595 -1   
3.75254673 1    
3.75385139 -1   
3.75535387 -1   
3.75656559 -1   
3.75807851 -1   
3.75932617 -1   
3.76082302 -1   
3.76235327 -1   
3.76355511 -1   
3.76507749 -1   
3.76655689 -1   
3.76782706 -1   
3.76936226 -1   
3.77056013 -1   
3.77210761 -1   
3.77356052 -1   
3.77479575 -1   
3.77629471 -1   
3.77754215 -1   
3.77906716 -1   
3.78056344 -1   
3.78179439 -1   
3.78328980 -1   
3.78454191 -1   
3.78605785 -1   
3.78755856 -1   
3.78880695 -1   
3.79030914 -1   
3.79153484 -1   
3.79305935 -1   
3.79455777 -1   
3.79580524 -1   
3.79730401 -1   
3.79855351 -1   
3.80005019 -1   
3.80016365 1    
3.81329750 -1   
3.81454537 -1   
3.81604515 -1   
3.81606193 1    
3.81726995 -1   
3.81879533 -1   
3.82029181 -1   
3.82151581 -1   
3.82304207 -1   
3.82428694 -1   
3.82581430 -1   
3.82732250 -1   
3.82851507 -1   
3.83003468 -1   
3.83153557 -1   
3.83278929 -1   
3.83428451 -1   
3.83553123 -1   
3.83703401 -1   
3.83852913 -1   
3.83976352 -1   
3.84127873 -1   
3.84250837 -1   
3.84400385 -1   
3.84553143 -1   
3.84675248 -1   
3.84827569 -1   
3.84952309 -1   
3.85102173 -1   
3.85252293 -1   
3.85377815 -1   
3.85527742 -1   
3.85653223 -1   
3.85804635 -1   
3.85951119 -1   
3.86076945 -1   
3.86227348 -1   
3.86354364 -1   
3.86364177 1    
3.86503223 -1   
3.86653723 -1   
3.86780371 -1   
3.86929308 -1   
3.87054547 -1   
3.87203414 -1   
3.87352183 -1   
3.87474135 -1   
3.87624232 -1   
3.87748524 -1   
3.87900829 -1   
3.88049971 -1   
3.88173268 -1   
3.88323105 -1   
3.88475589 -1   
3.88603840 -1   
3.88751273 -1   
3.88872712 -1   
3.89028909 -1   
3.89172762 -1   
3.89300838 -1   
3.89450600 -1   
3.89573152 -1   
3.89727015 -1   
3.89873030 -1   
3.89887902 1    
3.90001609 -1   
3.90061008 -1   
4.02772608 1    
4.14690760 -1   
10.55064956 1    
18.76842781 1    
23.22058110 -1   
30.39598453 -1   
33.92844551 -1   
39.65412989 -1   
46.44140538 1    
51.45616385 -1   
57.31977224 -1   
60.78931202 -1   
