0.00000000 -1   
0.24128569 -1   
0.45373874 1    
0.45403990 -1   
0.69804823 1    
0.69808555 -1   
0.95406333 -1   
1.20394620 1    
1.20543209 1    
1.20579880 1    
1.20679292 -1   
1.43833963 1    
1.43837492 -1   
1.73368612 1    
2.19493010 1    
2.19527988 -1   
2.47804231 -1   
2.58578794 1    
2.71455667 -1   
3.19905601 1    
3.19997707 1    
3.23644676 -1   
3.24575554 -1   
3.48322062 -1   
3.72393333 1    
3.72518302 1    
3.72557402 1    
3.84511406 1    
3.84661127 1    
3.84786490 1    
3.84936177 1    
3.85085773 1    
3.86335511 1    
3.86485215 1    
3.97855754 1    
3.97981353 1    
3.98131833 1    
3.98257323 1    
4.02626278 1    
4.02640188 -1   
4.02753572 1    
4.10551858 1    
4.10675713 1    
4.10826046 1    
4.10922214 1    
4.11645417 1    
4.12047220 1    
4.13047726 1    
4.13173644 1    
4.13326109 1    
4.13444850 1    
4.18372218 1    
4.18521849 1    
4.19493054 1    
4.19618378 1    
4.19768123 1    
4.19919794 1    
4.20040793 1    
4.20192581 1    
4.20340351 1    
4.20467920 1    
4.20469276 -1   
4.23839134 1    
4.23965722 1    
4.24115750 1    
4.24988091 1    
4.25138061 1    
4.27065660 1    
4.29488380 1    
4.29637321 1    
4.32986249 1    
4.36259527 1    
4.36409037 1    
4.36558466 1    
4.37333231 1    
4.37334656 -1   
4.37457634 1    
4.37607754 1    
4.41008731 1    
4.41153589 1    
4.43422860 1    
4.43979171 1    
4.48401468 1    
4.48526088 1    
4.48675852 1    
4.48801135 1    
4.48951289 1    
4.49101118 1    
4.54573571 1    
4.56949523 1    
4.56951813 -1   
4.57096426 1    
4.61937274 1    
4.62092063 1    
4.63006641 -1   
4.80038632 -1   
4.80367356 1    
4.81459184 -1   
5.00327508 -1   
5.15363656 1    
5.15488304 1    
5.15523857 1    
5.20046141 -1   
5.28356181 1    
5.28507267 1    
5.39404557 1    
5.40005211 -1   
5.41271372 1    
5.41421249 1    
5.53643858 1    
5.53717659 -1   
5.53765893 1    
5.53919647 1    
5.54038621 1    
5.54652026 -1   
5.60360894 1    
5.60510494 1    
5.62251112 1    
5.64396352 -1   
5.67458488 1    
5.67462989 -1   
5.67608374 1    
5.67730939 1    
5.67886876 1    
5.68034884 1    
5.70134031 1    
5.87258165 1    
5.95420296 -1   
6.08235590 1    
6.08360115 1    
6.10430174 1    
6.14806607 1    
6.17454989 1    
6.17605023 1    
6.17727488 1    
6.17879721 1    
6.18029821 1    
6.18426925 1    
6.19426355 1    
6.19551505 1    
6.19701062 1    
6.29948866 1    
6.30097660 1    
6.32197587 1    
6.32348252 1    
6.32472012 1    
6.32624763 1    
6.33872438 1    
6.34021411 1    
6.34170368 1    
6.34181229 -1   
6.34293201 1    
6.36553899 1    
6.42915922 1    
6.43038060 1    
6.43190196 1    
6.44164761 1    
6.44317491 1    
6.44468293 1    
6.45442003 1    
6.45567981 1    
6.45714596 1    
6.45863294 1    
6.54981580 1    
6.55131337 1    
6.55262407 1    
6.55406138 1    
6.56655263 1    
6.56805294 1    
6.56932046 1    
6.57082101 1    
6.57232330 1    
6.61003654 1    
6.61557835 -1   
6.62993527 1    
6.65700451 1    
6.66951434 1    
6.67101473 1    
6.67226370 1    
6.68498565 1    
6.68648458 1    
6.69625238 1    
6.69775371 1    
6.69899882 1    
6.70049868 1    
6.77768469 1    
6.77918304 1    
6.78045622 1    
6.80718225 1    
6.80841702 1    
6.80991245 1    
6.81141362 1    
6.81267580 1    
6.81419033 1    
6.81540810 1    
6.81691140 1    
6.82665428 1    
6.88137647 1    
6.88141411 -1   
6.89113944 1    
6.89264171 1    
6.89963819 1    
6.90110957 1    
6.91088149 1    
6.91235429 1    
6.91361484 1    
6.91510197 1    
6.91535329 1    
6.92509958 1    
6.92659934 1    
7.00932997 1    
7.01081844 1    
7.01206876 1    
7.03031406 1    
7.03180974 1    
7.04154986 1    
7.04302830 1    
7.04430134 1    
7.04580336 1    
7.04730009 1    
7.04855265 1    
7.05002370 1    
7.06526903 1    
7.06678859 1    
7.13275706 1    
7.13397502 1    
7.15798508 1    
7.15799915 -1   
7.15923768 1    
7.16923073 1    
7.17047899 1    
7.17197731 1    
7.17322754 1    
7.17472285 1    
7.18471737 1    
7.18594982 1    
7.18746669 1    
7.18896461 1    
7.20937739 1    
7.25592937 1    
7.26842077 1    
7.28116411 1    
7.28239414 1    
7.28391500 1    
7.28541114 1    
7.28665950 1    
7.28815984 1    
7.28938944 1    
7.29088615 1    
7.29238658 1    
7.30490158 1    
7.30637956 1    
7.37511350 1    
7.37635848 1    
7.39732781 1    
7.39884669 1    
7.40034787 1    
7.40159245 1    
7.46612024 -1   
7.50285350 1    
7.53216203 -1   
7.75842774 -1   
8.03654185 -1   
8.08268739 1    
8.08418521 1    
8.08456168 1    
8.10047590 1    
8.10172754 1    
8.10323534 1    
8.19715650 1    
8.19836939 1    
8.19990576 1    
8.20139974 1    
8.20267131 1    
8.20415292 1    
8.21663130 1    
8.21812883 1    
8.21935820 1    
8.22087374 1    
8.22237517 1    
8.22362434 1    
8.22516402 1    
8.22660842 1    
8.32329908 1    
8.32333373 -1   
8.32481681 1    
8.32629191 1    
8.32756593 1    
8.32906226 1    
8.33031543 1    
8.33181150 1    
8.33329137 1    
8.34580509 1    
8.34730543 1    
8.36252679 1    
8.36402611 1    
8.36526999 1    
8.37803638 1    
8.37953958 1    
8.38078239 1    
8.38140706 1    
8.44750050 1    
8.44900434 1    
8.45878148 1    
8.46021589 1    
8.46146590 1    
8.47421013 1    
8.47548270 1    
8.47697841 1    
8.47845843 1    
8.47970531 1    
8.50369600 1    
8.50494138 1    
8.51771160 1    
8.51922619 1    
8.52049209 1    
8.52199556 1    
8.57116198 1    
8.57240219 1    
8.57390241 1    
8.57516702 1    
8.57667373 1    
8.58942910 1    
8.58964995 -1   
8.59064168 1    
8.59217957 1    
8.59339346 1    
8.59488885 1    
8.59639056 1    
8.62013273 1    
8.62016286 -1   
8.62137747 1    
8.64811556 1    
8.64965177 1    
8.65090961 1    
8.65241779 1    
8.66344922 1    
8.69061019 1    
8.69210922 1    
8.69333394 1    
8.70610024 1    
8.70732896 1    
8.70882470 1    
8.71584184 1    
8.71732592 1    
8.72981618 1    
8.73131767 1    
8.74105908 1    
8.74255903 1    
8.74405735 1    
8.75655137 1    
8.77206404 1    
8.77329120 1    
8.82526599 1    
8.82678337 1    
8.82825877 1    
8.82952579 1    
8.83102821 1    
8.84075441 1    
8.84225109 1    
8.84349786 1    
8.84360325 -1   
8.87298619 1    
8.87448221 1    
8.87575292 1    
8.87722816 1    
8.87874924 1    
8.88850105 1    
8.88999314 1    
8.89976286 1    
8.92920339 1    
8.92923846 -1   
8.93047298 1    
8.93196849 1    
8.93319503 1    
8.94209095 1    
8.94669291 1    
8.94819130 1    
8.94946787 1    
8.95943366 1    
8.96070356 1    
8.96222233 1    
8.99170208 1    
8.99317131 1    
9.00296318 1    
9.00420140 1    
9.00567991 1    
9.01840076 1    
9.01965033 1    
9.02117647 1    
9.06164722 1    
9.06314679 1    
9.06464534 1    
9.06864331 1    
9.07012081 1    
9.07161813 1    
9.07286944 1    
9.07436436 1    
9.07562189 1    
9.13333707 1    
9.13347694 -1   
9.13458334 1    
9.14162277 1    
9.14312862 1    
9.14435388 1    
9.14586516 1    
9.14737257 1    
9.15138761 1    
9.15289839 1    
9.17110072 1    
9.17261006 1    
9.17411658 1    
9.18655470 1    
9.18811286 1    
9.18932939 1    
9.19084821 1    
9.20906123 1    
9.21028687 1    
9.21755625 1    
9.21757201 -1   
9.22726364 1    
9.22930180 1    
9.23055229 1    
9.23204935 1    
9.23327719 1    
9.23483978 1    
9.23629942 1    
9.23782436 1    
9.23908141 1    
9.24059277 1    
9.24207888 1    
9.24329226 1    
9.24483115 1    
9.24631964 1    
9.24755369 1    
9.24924832 1    
9.25026820 1    
9.25183498 1    
9.25196780 -1   
9.25331482 1    
9.25454156 1    
9.25604143 1    
9.25728199 1    
9.25881356 1    
9.26028180 1    
9.28027688 1    
9.28176723 1    
9.37898940 -1   
9.39153555 1    
16.74720573 -1   
23.43127951 1    
28.87966318 1    
37.30994916 -1   
44.12347176 1    
46.49558786 1    
49.47379811 -1   
57.80545514 -1   
