0.00000000 -1   
0.29614843 1    
0.29717075 -1   
0.61262739 1    
0.61412760 1    
0.61512186 -1   
0.77732116 -1   
0.90654784 1    
1.10977633 1    
1.11009609 -1   
1.27254388 -1   
1.31904270 1    
1.43496127 -1   
1.54205702 1    
1.59731888 -1   
1.70435033 1    
1.88912200 1    
1.89006194 1    
1.92677524 -1   
1.93593315 -1   
2.10006939 -1   
2.23219476 1    
2.23369016 1    
2.23463946 1    
2.23620364 1    
2.23748240 1    
2.23896247 1    
2.24048474 1    
2.24396247 1    
2.29263236 1    
2.29415135 1    
2.39763379 1    
2.39909952 1    
2.40061048 1    
2.40183915 1    
2.40332081 1    
2.40485324 1    
2.40612664 1    
2.40626125 -1   
2.40759630 1    
2.40911854 1    
2.41004776 1    
2.41158467 1    
2.41309030 1    
2.41458162 1    
2.41583486 1    
2.41733087 1    
2.41855918 1    
2.45829623 1    
2.45978828 1    
2.46109058 1    
2.46256114 1    
2.56300218 1    
2.56454520 1    
2.56603156 1    
2.56724452 1    
2.56875523 1    
2.57004136 1    
2.57153345 1    
2.57299972 1    
2.57422069 1    
2.57577646 1    
2.57723346 1    
2.57846681 1    
2.57999363 1    
2.58000779 -1   
2.58124305 1    
2.58273800 1    
2.58423250 1    
2.58546178 1    
2.58701309 1    
2.58822919 1    
2.58978872 1    
2.59126150 1    
2.59246107 1    
2.59397812 1    
2.59548121 1    
2.59672848 1    
2.59822470 1    
2.59945575 1    
2.60097907 1    
2.60247594 1    
2.60370569 1    
2.62221138 1    
2.62370994 1    
2.62495542 1    
2.62643921 1    
2.62713679 1    
2.62731371 -1   
2.63694204 -1   
2.66153491 -1   
2.79148948 -1   
2.96450385 1    
2.96574556 1    
2.96637842 1    
2.96714461 -1   
3.01697522 1    
3.01849607 1    
3.02396478 1    
3.02546223 1    
3.02696024 1    
3.02846102 1    
3.03371062 -1   
3.05272937 1    
3.05419463 1    
3.07418368 -1   
3.11168814 1    
3.11316156 1    
3.11441174 1    
3.12152148 -1   
3.13054143 1    
3.13056840 -1   
3.29467876 1    
3.29471521 -1   
3.35580018 1    
3.35729186 1    
3.42049356 1    
3.42173531 1    
3.42323496 1    
3.46046977 1    
3.46048878 -1   
3.46173252 1    
3.46233739 1    
3.47127071 1    
3.47277025 1    
3.47399660 1    
3.47547711 1    
3.47672618 1    
3.47824863 1    
3.47975714 1    
3.48101004 1    
3.48248322 1    
3.48375375 1    
3.48772942 1    
3.48920143 1    
3.49044844 1    
3.50196722 1    
3.50346414 1    
3.50471123 1    
3.51146553 1    
3.51299226 1    
3.51448045 1    
3.51574017 1    
3.51720431 1    
3.51871417 1    
3.51997080 1    
3.52147175 1    
3.52274012 1    
3.52419113 1    
3.52567584 1    
3.52694778 1    
3.52842659 1    
3.52968859 1    
3.53119516 1    
3.53267092 1    
3.53394403 1    
3.53544316 1    
3.53671268 1    
3.53819465 1    
3.53971339 1    
3.54098007 1    
3.54241903 1    
3.54371409 1    
3.54522202 1    
3.54672835 1    
3.54793502 1    
3.54943704 1    
3.55070784 1    
3.55224163 1    
3.55369219 1    
3.56090571 1    
3.56243075 1    
3.56368061 1    
3.56517626 1    
3.56527660 -1   
3.56640567 1    
3.56795814 1    
3.56942349 1    
3.57069700 1    
3.57221793 1    
3.57367112 1    
3.57492607 1    
3.57644415 1    
3.57769575 1    
3.57917917 1    
3.58068796 1    
3.58193563 1    
3.58339957 1    
3.58468240 1    
3.58616718 1    
3.58769532 1    
3.59640879 1    
3.62564135 1    
3.62566004 -1   
3.62711936 1    
3.62836671 1    
3.62986806 1    
3.63688401 1    
3.63838072 1    
3.63963155 1    
3.64112634 1    
3.64237908 1    
3.64389058 1    
3.64538552 1    
3.64661055 1    
3.64812696 1    
3.64962612 1    
3.65092198 1    
3.65238701 1    
3.65365955 1    
3.65515531 1    
3.66611793 1    
3.66761753 1    
3.66886294 1    
3.67034146 1    
3.67715044 1    
3.67861407 1    
3.67988254 1    
3.68136283 1    
3.68260140 1    
3.68410827 1    
3.68564716 1    
3.68715148 1    
3.68863934 1    
3.68870990 -1   
3.68985599 1    
3.69133265 1    
3.69260379 1    
3.69407709 1    
3.69559423 1    
3.69684339 1    
3.69835193 1    
3.69960425 1    
3.70107510 1    
3.70259222 1    
3.70384677 1    
3.70536208 1    
3.70687284 1    
3.70807070 1    
3.70960767 1    
3.71085612 1    
3.71237006 1    
3.71387013 1    
3.71509555 1    
3.71660589 1    
3.71785618 1    
3.71933765 1    
3.72060601 1    
3.75188004 -1   
3.77701764 -1   
3.78960857 -1   
3.91815894 1    
4.05663402 1    
4.05812553 1    
4.06918291 1    
4.06938254 -1   
4.07066598 1    
4.07189173 1    
4.08788211 1    
4.08937280 1    
4.09090691 1    
4.09214896 1    
4.09362424 1    
4.09489014 1    
4.09640320 1    
4.09789048 1    
4.09912590 1    
4.10065134 1    
4.10213355 1    
4.10337420 1    
4.10487398 1    
4.10614024 1    
4.10765758 1    
4.10909812 1    
4.11034215 1    
4.11186195 1    
4.11311294 1    
4.11460849 1    
4.11611643 1    
4.11733546 1    
4.11883480 1    
4.12033429 1    
4.12160045 1    
4.12310423 1    
4.12336259 1    
4.13258145 1    
4.13412864 1    
4.13563474 1    
4.13687045 1    
4.13835661 1    
4.13962158 1    
4.14107282 1    
4.14261263 1    
4.14386138 1    
4.14401571 -1   
4.14534251 1    
4.14684865 1    
4.14807757 1    
4.14962123 1    
4.15088263 1    
4.15235341 1    
4.15386692 1    
4.15508802 1    
4.15661707 1    
4.15787339 1    
4.15932758 1    
4.16082896 1    
4.16206317 1    
4.16358144 1    
4.16483141 1    
4.16630823 1    
4.16782932 1    
4.16905580 1    
4.17059488 1    
4.17208307 1    
4.17330721 1    
4.17485344 1    
4.17632534 1    
4.17780214 1    
4.17907205 1    
4.18057055 1    
4.18182322 1    
4.18331812 1    
4.18490270 1    
4.18604526 1    
4.18756663 1    
4.18882834 1    
4.19031647 1    
4.19181650 1    
4.19306050 1    
4.19456594 1    
4.19581763 1    
4.19728875 1    
4.19880824 1    
4.20006157 1    
4.20317934 -1   
4.22205295 1    
4.22352641 1    
4.23452665 1    
4.23456060 -1   
4.23603732 1    
4.23753348 1    
4.25352942 1    
4.25480609 1    
4.25629080 1    
4.25750916 1    
4.25900864 1    
4.26050576 1    
4.26202394 1    
4.26352322 1    
4.26502696 1    
4.26625013 1    
4.26776916 1    
4.26927950 1    
4.27281390 1    
4.27428806 1    
4.27549976 1    
4.27701446 1    
4.27827633 1    
4.27981442 1    
4.28129590 1    
4.28251095 1    
4.28404550 1    
4.28549296 1    
4.28679996 1    
4.28829550 1    
4.28949465 1    
4.29104798 1    
4.29475731 1    
4.29675389 1    
4.29789109 -1   
4.29823755 1    
4.29973146 1    
4.30125567 1    
4.30248048 1    
4.30400345 1    
4.30526904 1    
4.30675748 1    
4.30826850 1    
4.30947581 1    
4.31102678 1    
4.31252657 1    
4.31402722 1    
4.31527307 1    
4.31678332 1    
4.31900285 1    
4.32052578 1    
4.32201035 1    
4.32351907 1    
4.32475886 1    
4.32627121 1    
4.32774038 1    
4.32923757 1    
4.33074071 1    
4.33223487 1    
4.33346365 1    
4.33496051 1    
4.33624683 1    
4.33773003 1    
4.33923213 1    
4.34051081 1    
4.34202199 1    
4.34345614 1    
4.34464627 -1   
4.34471002 1    
4.34628281 1    
4.34752020 1    
4.34898520 1    
4.35047102 1    
4.35178101 1    
4.35323639 1    
4.35449711 1    
4.35647404 1    
4.35797807 1    
4.35926394 1    
4.36072444 1    
4.36222006 1    
4.36344571 1    
4.36497337 1    
4.36621378 1    
4.36771112 1    
4.36921241 1    
4.38771280 1    
4.38897340 1    
4.39920719 1    
4.39923905 -1   
4.40169757 1    
4.40319378 1    
4.41893967 1    
4.42043490 1    
4.42168189 1    
4.42318345 1    
4.42441063 1    
4.64383162 1    
9.41595292 1    
16.31754493 -1   
20.79018558 -1   
24.14927480 -1   
28.73841067 1    
33.22983083 1    
39.30034286 1    
45.78528046 -1   
49.78895050 -1   
54.79776980 -1   
59.40662788 -1   
