0.00000000 -1   
0.28871623 1    
0.28973026 -1   
0.54212883 -1   
0.58594170 1    
0.58715787 1    
0.58740892 1    
0.70441506 -1   
0.78914821 1    
0.86780129 -1   
0.97954031 1    
1.03021379 -1   
1.14278171 1    
1.19298747 -1   
1.31018471 1    
1.35527238 -1   
1.47252746 1    
1.63933934 1    
1.64052962 1    
1.67378813 -1   
1.68402907 -1   
1.84826570 -1   
1.97191207 1    
1.97311653 1    
1.97351802 1    
2.01934488 1    
2.02061288 1    
2.02211878 1    
2.02361200 1    
2.02489056 1    
2.05507440 1    
2.05659695 1    
2.13730618 1    
2.13877150 1    
2.14002567 1    
2.14151865 1    
2.17725811 1    
2.17849971 1    
2.17862764 -1   
2.18450015 1    
2.18599515 1    
2.18724219 1    
2.18874211 1    
2.19024422 1    
2.19149065 1    
2.19299423 1    
2.19427162 1    
2.21923414 1    
2.22047435 1    
2.22199236 1    
2.22351211 1    
2.26521028 1    
2.26644796 1    
2.30270673 1    
2.30419840 1    
2.30570450 1    
2.30694814 1    
2.30844873 1    
2.30969675 1    
2.31117532 1    
2.31269613 1    
2.34247590 1    
2.34390239 1    
2.34515793 1    
2.34665130 1    
2.35015018 1    
2.35016466 -1   
2.35140172 1    
2.35289623 1    
2.35414877 1    
2.35564585 1    
2.35714900 1    
2.35839442 1    
2.35989357 1    
2.36139245 1    
2.36264327 1    
2.36413879 1    
2.36539246 1    
2.36688872 1    
2.36841626 1    
2.36966096 1    
2.37116337 1    
2.38465242 1    
2.38590786 1    
2.38740256 1    
2.38890495 1    
2.39012721 1    
2.39165112 1    
2.39287701 1    
2.39437019 1    
2.39531660 -1   
2.40500966 -1   
2.42419408 -1   
2.55935512 -1   
2.77193552 1    
2.77342960 1    
2.77436416 1    
2.77515251 -1   
2.77592577 1    
2.78667269 1    
2.78791738 1    
2.81267440 1    
2.81416526 1    
2.81467668 -1   
2.81544429 1    
2.83362437 -1   
2.86436318 1    
2.86560528 1    
2.87764492 1    
2.87886589 1    
2.88511289 -1   
2.93953839 1    
2.93957330 -1   
3.10357525 1    
3.10360897 -1   
3.11921860 1    
3.12070852 1    
3.12197891 1    
3.12347954 1    
3.12498596 1    
3.12620572 1    
3.12772887 1    
3.12895330 1    
3.14720197 1    
3.14846474 1    
3.16146177 1    
3.18295101 1    
3.18442482 1    
3.18592250 1    
3.18717489 1    
3.18869454 1    
3.18993929 1    
3.19144443 1    
3.19291755 1    
3.19416656 1    
3.19568425 1    
3.21392658 1    
3.21542896 1    
3.21665315 1    
3.21815656 1    
3.21965090 1    
3.22092109 1    
3.22640157 1    
3.22767127 1    
3.22914894 1    
3.23067124 1    
3.23189333 1    
3.23342009 1    
3.23465848 1    
3.26413710 1    
3.26562712 1    
3.26687803 1    
3.26862479 1    
3.26863794 -1   
3.27012204 1    
3.28486932 1    
3.28611768 1    
3.28761177 1    
3.28888335 1    
3.29038501 1    
3.29187710 1    
3.29311007 1    
3.29463879 1    
3.29587066 1    
3.29610935 1    
3.30535515 1    
3.30685245 1    
3.30810036 1    
3.30960274 1    
3.31110144 1    
3.31236942 1    
3.31387016 1    
3.31512057 1    
3.31661670 1    
3.33411519 1    
3.34708290 1    
3.34833100 1    
3.34983119 1    
3.35107646 1    
3.35114499 -1   
3.35257943 1    
3.35407900 1    
3.35535722 1    
3.35684553 1    
3.35839076 1    
3.35962435 1    
3.36107164 1    
3.36237952 1    
3.36386460 1    
3.36536618 1    
3.36661694 1    
3.36806811 1    
3.36938188 1    
3.37084128 1    
3.37236460 1    
3.38231555 1    
3.38381136 1    
3.38505637 1    
3.38658003 1    
3.38808243 1    
3.38932907 1    
3.39080438 1    
3.39207448 1    
3.39357390 1    
3.39509173 1    
3.39632428 1    
3.39785284 1    
3.39907984 1    
3.41704652 1    
3.43981416 1    
3.43982943 -1   
3.44107136 1    
3.44255310 1    
3.44406274 1    
3.44528299 1    
3.44680028 1    
3.44805331 1    
3.44954632 1    
3.45104214 1    
3.45230403 1    
3.45379271 1    
3.45501929 1    
3.45653756 1    
3.45804232 1    
3.46776369 1    
3.46926176 1    
3.47075721 1    
3.47200663 1    
3.47350695 1    
3.47475760 1    
3.47630020 1    
3.47640493 -1   
3.47693147 1    
3.48029273 1    
3.48179257 1    
3.48305146 1    
3.48453957 1    
3.48603121 1    
3.48728768 1    
3.48877474 1    
3.49005234 1    
3.49476800 1    
3.49624407 1    
3.49749211 1    
3.50299217 1    
3.50423871 1    
3.50576731 1    
3.50701126 1    
3.50851444 1    
3.50998858 1    
3.53048319 1    
3.53061914 -1   
3.56473450 1    
3.56510841 -1   
3.64023612 -1   
3.64251808 1    
3.85459090 -1   
3.90278923 1    
3.90403434 1    
3.90496177 1    
3.90680470 1    
3.90806160 1    
3.90951323 1    
3.91075816 1    
3.91225894 1    
3.91375451 1    
3.91500309 1    
3.91650304 1    
3.91775714 1    
3.91924984 1    
3.92080059 1    
3.92727230 1    
3.92852302 1    
3.93802557 1    
3.93954537 1    
3.94101944 1    
3.94224595 1    
3.94377112 1    
3.94498935 1    
3.94650547 1    
3.94798403 1    
3.94923377 1    
3.95075802 1    
3.95198490 1    
3.95350169 1    
3.95500332 1    
3.95623283 1    
3.95775234 1    
3.95900083 1    
3.96050165 1    
3.96201392 1    
3.98122299 1    
3.98271995 1    
3.98396346 1    
3.98549230 1    
3.98698740 1    
3.98821228 1    
3.98973425 1    
3.99096299 1    
3.99247415 1    
3.99396335 1    
3.99520915 1    
3.99672614 1    
3.99680914 -1   
3.99795748 1    
3.99947225 1    
4.00095637 1    
4.00220302 1    
4.00370467 1    
4.00520383 1    
4.01771966 1    
4.01921720 1    
4.02071779 1    
4.02194406 1    
4.02344352 1    
4.02471551 1    
4.02619490 1    
4.02769341 1    
4.02894155 1    
4.02895510 -1   
4.03045737 1    
4.03170885 1    
4.03319050 1    
4.03468621 1    
4.03595463 1    
4.03745157 1    
4.03895772 1    
4.04018115 1    
4.05442859 1    
4.05568950 1    
4.05717455 1    
4.05869344 1    
4.05992358 1    
4.06143075 1    
4.06292498 1    
4.06416805 1    
4.06569085 1    
4.06691562 1    
4.06842002 1    
4.06991888 1    
4.07117224 1    
4.07266692 1    
4.07391847 1    
4.07541386 1    
4.07665216 1    
4.07780869 -1   
4.10215528 1    
4.10366895 1    
4.10489657 1    
4.10639400 1    
4.10789815 1    
4.10914266 1    
4.11064333 1    
4.11188945 1    
4.11339406 1    
4.11488958 1    
4.11614106 1    
4.11764487 1    
4.11889603 1    
4.12038949 1    
4.12188608 1    
4.12313614 1    
4.12463682 1    
4.12613389 1    
4.12740243 1    
4.12890446 1    
4.13013311 1    
4.13162945 1    
4.13762845 1    
4.13912546 1    
4.14039886 1    
4.14187431 1    
4.14337628 1    
4.14462233 1    
4.14612502 1    
4.14762318 1    
4.14886886 1    
4.15037033 1    
4.15164678 1    
4.15311989 1    
4.15321389 -1   
4.15464159 1    
4.15588742 1    
4.15738347 1    
4.15861466 1    
4.16011548 1    
4.16161385 1    
4.16288161 1    
4.16587485 1    
4.16711333 1    
4.17635818 1    
4.17785332 1    
4.17910206 1    
4.18062558 1    
4.18210183 1    
4.18335190 1    
4.18484910 1    
4.18610192 1    
4.18759866 1    
4.18909740 1    
4.19034702 1    
4.19187871 1    
4.19334701 1    
4.19484697 1    
4.19609171 1    
4.19729518 -1   
4.19760248 1    
4.19884422 1    
4.20034395 1    
4.20184075 1    
4.20337551 1    
4.20339041 -1   
4.20458781 1    
4.22160808 1    
4.22308021 1    
4.22432680 1    
4.22582923 1    
4.22732880 1    
4.22857657 1    
4.23007344 1    
4.23157410 1    
4.23282108 1    
4.23434073 1    
4.23733428 1    
4.23857182 1    
4.24006678 1    
4.24158739 1    
4.24283145 1    
4.24431855 1    
4.24581532 1    
4.24706645 1    
4.24858668 1    
4.24981583 1    
4.25131038 1    
4.25377506 1    
4.26633582 1    
4.26755596 1    
4.28604783 1    
4.41851406 -1   
4.43021534 1    
4.51096812 1    
4.63139840 1    
9.16037316 1    
12.54460251 -1   
19.57217228 1    
24.89307416 -1   
30.21730178 1    
39.63705569 -1   
39.69488212 1    
47.82382384 -1   
53.75433097 -1   
57.69839261 -1   
