0.00000000 1    
0.48739163 -1   
0.48840872 1    
0.72665640 -1   
0.72789629 -1   
0.72814803 -1   
0.72911964 1    
0.89162725 1    
0.97488097 -1   
1.17863865 -1   
1.17890816 1    
1.34116662 1    
1.39538551 -1   
1.50352279 1    
1.59808865 -1   
1.66567818 1    
1.77767134 -1   
1.82783181 1    
1.90728243 -1   
1.94115247 -1   
1.98246581 1    
2.03468671 1    
2.10346237 -1   
2.19635474 1    
2.22931539 -1   
2.23081217 -1   
2.23231326 -1   
2.23355634 -1   
2.23505526 -1   
2.24130309 -1   
2.24281258 -1   
2.25004967 -1   
2.25152686 -1   
2.32076235 -1   
2.32226735 -1   
2.39469564 -1   
2.39619127 -1   
2.39771726 -1   
2.39893959 -1   
2.40046454 -1   
2.40054301 1    
2.40196260 -1   
2.40320909 -1   
2.40471257 -1   
2.40595588 -1   
2.40750259 -1   
2.40900278 -1   
2.41026290 -1   
2.41393315 -1   
2.41545529 -1   
2.41696072 -1   
2.41824546 -1   
2.45493372 -1   
2.45643268 -1   
2.48614713 -1   
2.48766316 -1   
2.48916286 -1   
2.49041472 -1   
2.56035548 -1   
2.56184920 -1   
2.56311574 -1   
2.56461573 -1   
2.56584875 -1   
2.56734388 -1   
2.56884533 -1   
2.57009270 -1   
2.57159095 -1   
2.57160477 1    
2.57309406 -1   
2.57435666 -1   
2.57584290 -1   
2.57708711 -1   
2.57859212 -1   
2.58010738 -1   
2.58135129 -1   
2.58283461 -1   
2.58408588 -1   
2.58558259 -1   
2.58708477 -1   
2.58833034 -1   
2.58983423 -1   
2.59108012 -1   
2.59260051 -1   
2.59407952 -1   
2.59532984 -1   
2.59682712 -1   
2.59810235 -1   
2.59957501 -1   
2.60107711 -1   
2.61882286 -1   
2.62008760 -1   
2.62009819 -1   
2.62105614 1    
2.62998642 1    
2.63027215 1    
2.78529183 1    
2.87947202 -1   
2.88099638 -1   
2.90397059 -1   
2.90544167 -1   
2.90697061 -1   
2.90716332 1    
2.90815020 -1   
2.92740762 -1   
2.94319962 -1   
2.94718868 1    
2.94740208 1    
3.04454981 -1   
3.04781889 -1   
3.04910979 -1   
3.05430912 1    
3.05811636 -1   
3.05958289 -1   
3.06108852 -1   
3.09820621 1    
3.12979707 1    
3.15456888 -1   
3.15604164 -1   
3.17854467 -1   
3.21148297 -1   
3.25875440 -1   
3.25995133 -1   
3.26147627 -1   
3.26298239 -1   
3.26422522 -1   
3.26571849 -1   
3.26719783 -1   
3.26846660 -1   
3.26997290 -1   
3.27121253 -1   
3.27271221 -1   
3.27424850 -1   
3.27547833 -1   
3.27696686 -1   
3.27825113 -1   
3.27970792 -1   
3.28123918 -1   
3.28247679 -1   
3.28396458 -1   
3.28523231 -1   
3.28670774 -1   
3.28820179 -1   
3.28946484 -1   
3.29098331 -1   
3.29248129 -1   
3.29372355 -1   
3.29377081 1    
3.29520125 -1   
3.29648225 -1   
3.29795106 -1   
3.29945492 -1   
3.30070710 -1   
3.30222758 -1   
3.30345724 -1   
3.30497347 -1   
3.30645627 -1   
3.30769035 -1   
3.30921405 -1   
3.31070619 -1   
3.31192459 -1   
3.31346806 -1   
3.31469710 -1   
3.31621212 -1   
3.31771298 -1   
3.31896270 -1   
3.32045964 -1   
3.32170909 -1   
3.32174665 1    
3.32322365 -1   
3.32468480 -1   
3.32593829 -1   
3.32746284 -1   
3.32893801 -1   
3.33020120 -1   
3.33170906 -1   
3.33293628 -1   
3.33443008 -1   
3.33592525 -1   
3.33718243 -1   
3.33870667 -1   
3.33995737 -1   
3.34143059 -1   
3.34293271 -1   
3.34417888 -1   
3.34571078 -1   
3.34690407 -1   
3.34843889 -1   
3.34995106 -1   
3.35120248 -1   
3.35268615 -1   
3.35389638 -1   
3.35541366 -1   
3.35689300 -1   
3.35696066 1    
3.35815663 -1   
3.35965795 -1   
3.36089001 -1   
3.36239176 -1   
3.36389000 -1   
3.36518002 -1   
3.37540603 -1   
3.37687989 -1   
3.37840240 -1   
3.37963373 -1   
3.42414079 -1   
3.42563048 -1   
3.42685604 -1   
3.42839788 -1   
3.42967019 -1   
3.43113023 -1   
3.43263256 -1   
3.43387852 -1   
3.43535134 -1   
3.43659727 -1   
3.43811753 -1   
3.43962525 -1   
3.44084922 -1   
3.44236891 -1   
3.44386983 -1   
3.44512221 -1   
3.44662215 -1   
3.44783916 -1   
3.44936911 -1   
3.45084227 -1   
3.45209012 -1   
3.45364877 -1   
3.45486089 -1   
3.45637496 -1   
3.45787285 -1   
3.45911186 -1   
3.46061995 -1   
3.46209820 -1   
3.46341265 -1   
3.46486012 -1   
3.46613322 -1   
3.46758213 -1   
3.46908093 -1   
3.47032722 -1   
3.47182408 -1   
3.47309250 -1   
3.47459406 -1   
3.47607344 -1   
3.47732506 -1   
3.47882189 -1   
3.48007299 -1   
3.48158761 -1   
3.48306941 -1   
3.48432036 -1   
3.48444954 1    
3.48582203 -1   
3.48706965 -1   
3.48856264 -1   
3.52110717 1    
3.68616138 -1   
3.68620685 1    
3.71710921 1    
3.75921365 -1   
3.76069356 -1   
3.77117944 -1   
3.77270447 -1   
3.77390818 -1   
3.79439830 -1   
3.84975426 -1   
3.84977002 1    
3.92657688 -1   
3.92808706 -1   
3.92933762 -1   
3.93081491 -1   
3.93208653 -1   
3.93783094 -1   
3.93908396 -1   
3.94057947 -1   
3.94207989 -1   
3.94332750 -1   
3.94807653 -1   
3.94957255 -1   
3.95107478 -1   
3.95232176 -1   
3.95382576 -1   
3.96706442 -1   
3.96831224 -1   
3.96981312 -1   
4.00979204 -1   
4.01101650 -1   
4.01253950 -1   
4.01403601 -1   
4.01528892 -1   
4.01676767 -1   
4.01678158 1    
4.01803476 -1   
4.01953357 -1   
4.02103843 -1   
4.02228240 -1   
4.02378422 -1   
4.02503023 -1   
4.02653468 -1   
4.02802455 -1   
4.02927953 -1   
4.03076419 -1   
4.03206455 -1   
4.03378687 -1   
4.03504901 -1   
4.03656210 -1   
4.03803687 -1   
4.03928317 -1   
4.04078867 -1   
4.04087643 1    
4.04204220 -1   
4.04355303 -1   
4.04503451 -1   
4.04629289 -1   
4.04776654 -1   
4.04902945 -1   
4.05051929 -1   
4.05202036 -1   
4.05328050 -1   
4.05477224 -1   
4.05599815 -1   
4.05754717 -1   
4.05902067 -1   
4.06028706 -1   
4.06174161 -1   
4.06298642 -1   
4.06454877 -1   
4.06600957 -1   
4.06728364 -1   
4.06875578 -1   
4.07028273 -1   
4.07151366 -1   
4.07299517 -1   
4.07428647 -1   
4.07575819 -1   
4.07728406 -1   
4.07876086 -1   
4.07998078 -1   
4.08153587 -1   
4.08300700 -1   
4.08425759 -1   
4.08577048 -1   
4.08725702 -1   
4.08852797 -1   
4.09001872 -1   
4.09010660 1    
4.09124206 -1   
4.09276198 -1   
4.09423051 -1   
4.09548940 -1   
4.09700139 -1   
4.09851499 -1   
4.09975891 -1   
4.10125797 -1   
4.10248703 -1   
4.10400880 -1   
4.10549516 -1   
4.10674345 -1   
4.10823439 -1   
4.10952347 -1   
4.11101383 -1   
4.11251926 -1   
4.11374476 -1   
4.11523672 -1   
4.11675755 -1   
4.11801354 -1   
4.11948894 -1   
4.12073536 -1   
4.12224283 -1   
4.12373818 -1   
4.12498013 -1   
4.12648254 -1   
4.12770864 -1   
4.12973894 -1   
4.13123187 -1   
4.13275519 -1   
4.13397634 -1   
4.13547429 -1   
4.13672084 -1   
4.13825208 -1   
4.13971722 -1   
4.14097052 -1   
4.14246710 -1   
4.14256392 1    
4.14372203 -1   
4.14524985 -1   
4.14671341 -1   
4.14796714 -1   
4.14947785 -1   
4.15093872 -1   
4.15218934 -1   
4.15372850 -1   
4.15496442 -1   
4.17495324 -1   
4.17645557 -1   
4.17794410 -1   
4.17945404 -1   
4.18194884 -1   
4.18196373 1    
4.18322131 -1   
4.18469825 -1   
4.18594666 -1   
4.18744822 -1   
4.18894938 -1   
4.19016672 -1   
4.19172408 -1   
4.19294647 -1   
4.19446961 -1   
4.19594458 -1   
4.19720168 -1   
4.19993962 -1   
4.20144511 -1   
4.20371966 -1   
4.20491072 -1   
4.20643658 -1   
4.20790736 -1   
4.20915527 -1   
4.21065263 -1   
4.21219833 -1   
4.21347595 -1   
4.21493339 -1   
4.21617582 -1   
4.21768131 -1   
4.21917948 -1   
4.22047527 -1   
4.22192925 -1   
4.22213319 1    
4.22316971 -1   
4.22468076 -1   
4.22617655 -1   
4.22742799 -1   
4.22891508 -1   
4.23044929 -1   
4.23170548 -1   
4.23316737 -1   
4.23442219 -1   
4.23591890 -1   
4.23742841 -1   
4.23866941 -1   
4.23990299 -1   
4.38638816 1    
4.63593121 -1   
12.88743920 1    
18.44283499 1    
21.98491777 1    
28.13734624 -1   
33.09424688 1    
37.34652269 1    
40.20425189 1    
47.93615973 1    
48.09867381 1    
48.16412195 -1   
53.43535855 -1   
57.66792273 -1   
