0.00000000 -1   
0.36203039 1    
0.36305229 -1   
0.63004883 1    
0.63127067 1    
0.63167201 1    
0.63266566 -1   
0.79499688 -1   
0.90221807 1    
0.98530931 -1   
1.10440826 1    
1.14759964 -1   
1.26658447 1    
1.30997600 -1   
1.43007510 1    
1.47232031 -1   
1.59209735 1    
1.67722059 -1   
1.74942389 1    
1.75562763 1    
1.79942636 -1   
1.92108735 -1   
2.01332986 1    
2.05650032 1    
2.05776032 1    
2.05926054 1    
2.06048795 1    
2.06200834 1    
2.06348842 1    
2.06475100 1    
2.06622125 1    
2.07273484 1    
2.17741610 1    
2.17892448 1    
2.22192973 1    
2.22339059 1    
2.22464908 1    
2.22484350 -1   
2.22612994 1    
2.22736128 1    
2.22892713 1    
2.23038722 1    
2.23166090 1    
2.23316339 1    
2.23437595 1    
2.23560758 1    
2.23712837 1    
2.23839802 1    
2.23992080 1    
2.24138032 1    
2.24265514 1    
2.27636472 1    
2.27760244 1    
2.34309832 1    
2.34434202 1    
2.34582182 1    
2.34706893 1    
2.38730339 1    
2.38881930 1    
2.39032538 1    
2.39157545 1    
2.39304045 1    
2.39305920 -1   
2.39428828 1    
2.39579467 1    
2.39729241 1    
2.39856845 1    
2.40003940 1    
2.40156285 1    
2.40280250 1    
2.40427791 1    
2.40554958 1    
2.40702823 1    
2.40855807 1    
2.40977611 1    
2.41128312 1    
2.41254325 1    
2.41403810 1    
2.41555754 1    
2.41681043 1    
2.41827262 1    
2.41955429 1    
2.42104214 1    
2.42252986 1    
2.42380137 1    
2.42527684 1    
2.42678476 1    
2.42802633 1    
2.44051626 1    
2.44205886 1    
2.44317314 -1   
2.45302871 -1   
2.46258069 -1   
2.60748047 -1   
2.75485499 1    
2.75609794 1    
2.76957200 1    
2.77106141 1    
2.77229821 1    
2.77379449 1    
2.77529349 1    
2.77534713 -1   
2.78308601 -1   
2.78828743 1    
2.80105426 1    
2.80228217 1    
2.83206786 -1   
2.87424532 1    
2.87575137 1    
2.87723647 1    
2.88341244 -1   
2.91751487 1    
2.94676316 -1   
3.03071266 1    
3.03221184 1    
3.06840484 1    
3.06991119 1    
3.07117007 1    
3.07265368 1    
3.07415783 1    
3.08193201 1    
3.08315269 1    
3.08465109 1    
3.08592392 1    
3.08936259 1    
3.09090236 1    
3.09241592 1    
3.09363358 1    
3.09516329 1    
3.09668306 1    
3.10466332 1    
3.10613560 1    
3.10740415 1    
3.10885576 1    
3.11035437 1    
3.11162429 1    
3.11185384 1    
3.11186380 -1   
3.11537349 1    
3.11689776 1    
3.11837941 1    
3.11961749 1    
3.12111945 1    
3.13037331 1    
3.13188992 1    
3.13313385 1    
3.13688387 1    
3.13812714 1    
3.13962524 1    
3.14090396 1    
3.14240394 1    
3.14388041 1    
3.14400580 -1   
3.14510685 1    
3.14660196 1    
3.14785244 1    
3.14937308 1    
3.15389351 1    
3.15535745 1    
3.15661168 1    
3.15816327 1    
3.15935510 1    
3.16086458 1    
3.16235535 1    
3.16360674 1    
3.16512739 1    
3.16632080 1    
3.16785369 1    
3.16933878 1    
3.17062297 1    
3.17210091 1    
3.17358829 1    
3.17487591 1    
3.17635883 1    
3.17762307 1    
3.17911908 1    
3.18059056 1    
3.18187074 1    
3.18330899 1    
3.18461775 1    
3.18733756 1    
3.18885428 1    
3.19037955 1    
3.19159467 1    
3.19310171 1    
3.19461456 1    
3.19583370 1    
3.19734913 1    
3.19857417 1    
3.20008147 1    
3.20157053 1    
3.20284783 1    
3.20429753 1    
3.20557944 1    
3.20710903 1    
3.23431502 1    
3.23558010 1    
3.23710791 1    
3.23828211 1    
3.24607049 1    
3.24759106 1    
3.24881115 1    
3.25030286 1    
3.25155252 1    
3.25330203 1    
3.25481313 1    
3.25490395 -1   
3.25629200 1    
3.25779471 1    
3.25930998 1    
3.26056337 1    
3.26204677 1    
3.26357227 1    
3.26879801 1    
3.27029761 1    
3.27152997 1    
3.27302971 1    
3.27426155 1    
3.27575720 1    
3.27725979 1    
3.27727529 -1   
3.27852933 1    
3.28002670 1    
3.28127504 1    
3.28277486 1    
3.28425530 1    
3.28553831 1    
3.28704715 1    
3.29424901 1    
3.29579269 1    
3.29725079 1    
3.29853095 1    
3.30226612 1    
3.30355241 1    
3.30502114 1    
3.30624311 1    
3.30829343 1    
3.30974149 1    
3.31126888 1    
3.31251935 1    
3.31403353 1    
3.31552123 1    
3.31676816 1    
3.31829372 1    
3.31976054 1    
3.32101753 1    
3.32251606 1    
3.32375460 1    
3.32438349 1    
3.33446201 -1   
3.44027252 -1   
3.48764671 1    
3.51793164 -1   
3.60392316 -1   
3.68832242 1    
3.68981529 1    
3.69077392 1    
3.69230599 1    
3.69381218 1    
3.69528846 1    
3.69655951 1    
3.69807180 1    
3.69929606 1    
3.70078604 1    
3.70231268 1    
3.70358588 1    
3.70505028 1    
3.70630774 1    
3.70855622 1    
3.71003329 1    
3.71128174 1    
3.71753366 1    
3.71905156 1    
3.72856222 1    
3.73004777 1    
3.73124767 1    
3.73278672 1    
3.73428674 1    
3.73551483 1    
3.77299475 1    
3.77303809 -1   
3.77422575 1    
3.77573842 1    
3.77699508 1    
3.77849736 1    
3.78399224 1    
3.78521428 1    
3.78671692 1    
3.78796564 1    
3.78946411 1    
3.79096097 1    
3.79221441 1    
3.79371239 1    
3.79496204 1    
3.79648099 1    
3.79797933 1    
3.79920901 1    
3.80448189 1    
3.80572499 1    
3.80720414 1    
3.80847333 1    
3.80995538 1    
3.81148029 1    
3.81270103 1    
3.81420147 1    
3.81547726 1    
3.81563498 -1   
3.81694895 1    
3.81847379 1    
3.81969781 1    
3.82119383 1    
3.82247282 1    
3.82396401 1    
3.82548264 1    
3.82669244 1    
3.82944332 1    
3.83096259 1    
3.83219120 1    
3.83368652 1    
3.83518666 1    
3.83646323 1    
3.83796190 1    
3.83918386 1    
3.84143710 1    
3.84295437 1    
3.84446345 1    
3.84567914 1    
3.84718375 1    
3.84867929 1    
3.85293280 1    
3.85417655 1    
3.85569816 1    
3.85694559 1    
3.85842434 1    
3.85992155 1    
3.86117407 1    
3.86269181 1    
3.86392365 1    
3.86541854 1    
3.86637508 1    
3.86817019 1    
3.86944933 1    
3.87093895 1    
3.87242053 1    
3.87368525 1    
3.87517067 1    
3.87641529 1    
3.87791560 1    
3.87941094 1    
3.88065923 1    
3.88218300 1    
3.88341069 1    
3.88493078 1    
3.88641147 1    
3.88767604 1    
3.88918491 1    
3.89040584 1    
3.89190500 1    
3.89340265 1    
3.89467630 1    
3.89479973 -1   
3.89615307 1    
3.89740107 1    
3.89892353 1    
3.90043058 1    
3.90166190 1    
3.90314821 1    
3.90439791 1    
3.90589558 1    
3.90739909 1    
3.90865888 1    
3.91014727 1    
3.91139140 1    
3.91289063 1    
3.91439011 1    
3.91564229 1    
3.93937894 1    
3.93940627 -1   
3.94062675 1    
3.94212493 1    
3.94337576 1    
3.94489324 1    
3.94639307 1    
3.94936948 1    
3.95087360 1    
3.95211909 1    
3.95363862 1    
3.95513556 1    
3.95636900 1    
3.95786565 1    
3.95936299 1    
3.96061276 1    
3.96213772 1    
3.96336086 1    
3.96486382 1    
3.96636041 1    
3.96986125 1    
3.97110716 1    
3.97262135 1    
3.97385575 1    
3.97535742 1    
3.97685306 1    
3.97987663 1    
3.98135386 1    
3.98287117 1    
3.98434843 1    
3.98561803 1    
3.98709791 1    
3.98835040 1    
3.98984654 1    
3.99134497 1    
3.99248683 -1   
3.99259495 1    
3.99411548 1    
3.99534487 1    
3.99684209 1    
3.99834596 1    
3.99961157 1    
4.00111115 1    
4.00234199 1    
4.00384157 1    
4.00533766 1    
4.00709121 1    
4.00833555 1    
4.00986089 1    
4.01110132 1    
4.01261440 1    
4.01410940 1    
4.01533798 1    
4.01833152 1    
4.01960338 1    
4.02110830 1    
4.02233460 1    
4.02412514 1    
4.02532815 1    
4.02970770 1    
4.10333595 -1   
4.38441105 1    
11.48491515 1    
19.89423557 -1   
27.14054365 -1   
27.27540704 1    
31.15867381 1    
35.70928356 -1   
40.23679693 -1   
42.42856578 -1   
42.70356473 1    
48.81723175 -1   
55.23241797 -1   
58.15262077 -1   
