0.00000000 1    
0.16243263 1    
0.38210808 -1   
0.38315018 1    
0.54428754 -1   
0.54645445 1    
0.72043828 -1   
0.72099213 1    
0.84701728 -1   
0.84848550 -1   
0.88354128 -1   
0.88449353 1    
1.04797236 -1   
1.04800866 1    
1.25055332 1    
1.33483554 -1   
1.48103377 1    
1.55121012 -1   
1.64333108 1    
1.71443594 -1   
1.84647852 1    
1.87649926 -1   
2.05182026 -1   
2.05213472 1    
2.22273487 -1   
2.22277261 1    
2.22397487 -1   
2.22432955 -1   
2.38646192 -1   
2.38649600 1    
2.66570168 -1   
2.66664040 -1   
2.70212051 1    
2.71141878 1    
2.79438321 -1   
2.79589516 -1   
2.79714317 -1   
2.79862685 -1   
2.79988862 -1   
2.80138919 -1   
2.80289305 -1   
2.80414877 -1   
2.82950623 -1   
2.84310038 -1   
2.86533953 -1   
2.86683076 -1   
2.86685454 1    
2.95978272 -1   
2.96127797 -1   
2.96280202 -1   
2.96402237 -1   
2.96552528 -1   
2.96677304 -1   
2.96827125 -1   
2.96979209 -1   
2.97104351 -1   
2.97254172 -1   
2.97377184 -1   
2.97526616 -1   
2.97679222 -1   
2.97803671 -1   
2.97951581 -1   
2.98101457 -1   
3.00726170 -1   
3.00876590 -1   
3.01002129 -1   
3.01149659 -1   
3.03076649 -1   
3.03223548 -1   
3.03375649 -1   
3.03386130 1    
3.03500831 -1   
3.03502617 1    
3.12519167 -1   
3.12670691 -1   
3.12818206 -1   
3.12943262 -1   
3.13096250 -1   
3.13242923 -1   
3.13368320 -1   
3.13522261 -1   
3.13643368 -1   
3.13796222 -1   
3.13943158 -1   
3.14067983 -1   
3.14219710 -1   
3.14342138 -1   
3.14492388 -1   
3.14641882 -1   
3.14767002 -1   
3.14919123 -1   
3.15069072 -1   
3.15193681 -1   
3.15341614 -1   
3.15468516 -1   
3.15616707 -1   
3.15768559 -1   
3.15891644 -1   
3.16042004 -1   
3.16168706 -1   
3.16316035 -1   
3.16466008 -1   
3.16592802 -1   
3.16741145 -1   
3.16867852 -1   
3.17290757 -1   
3.17440464 -1   
3.17565592 -1   
3.17715331 -1   
3.17725477 1    
3.17840542 -1   
3.17990076 -1   
3.18140385 -1   
3.18265027 -1   
3.19614572 -1   
3.19766249 -1   
3.19916322 -1   
3.20038915 -1   
3.20191216 -1   
3.20340796 -1   
3.20466242 -1   
3.20467686 1    
3.20616032 -1   
3.29111507 -1   
3.29258953 -1   
3.29411260 -1   
3.29535033 -1   
3.29687435 -1   
3.29810304 -1   
3.29961500 -1   
3.30108346 -1   
3.30232873 -1   
3.30382707 -1   
3.30533017 -1   
3.30657636 -1   
3.30807788 -1   
3.30932619 -1   
3.31082888 -1   
3.31234901 -1   
3.31359463 -1   
3.31509310 -1   
3.31634997 -1   
3.31784243 -1   
3.31934869 -1   
3.32059098 -1   
3.32069527 1    
3.32206760 -1   
3.32356618 -1   
3.32481996 -1   
3.32631778 -1   
3.32761726 -1   
3.32908699 -1   
3.33060686 -1   
3.33184453 -1   
3.33334414 -1   
3.33461121 -1   
3.33609415 -1   
3.33762611 -1   
3.33885133 -1   
3.34036542 -1   
3.34185363 -1   
3.34305894 -1   
3.34455674 -1   
3.34580425 -1   
3.34732947 -1   
3.34882457 -1   
3.35005484 -1   
3.35157366 -1   
3.35282656 -1   
3.35432256 -1   
3.35582022 -1   
3.35707054 -1   
3.35855231 -1   
3.35979593 -1   
3.36129918 -1   
3.36279403 -1   
3.36404662 -1   
3.36554421 -1   
3.36679298 -1   
3.36829025 -1   
3.36980677 -1   
3.37005880 -1   
3.37179244 -1   
3.37303904 -1   
3.41832564 1    
3.45075093 -1   
3.45224280 -1   
3.45349489 -1   
3.46126245 -1   
3.46274172 -1   
3.46423699 -1   
3.46550661 -1   
3.46700207 -1   
3.48923011 -1   
3.50222140 -1   
3.50371695 -1   
3.50496481 -1   
3.53231801 -1   
3.57167884 -1   
3.57292813 -1   
3.57442357 -1   
3.58292409 -1   
3.58441922 -1   
3.58591965 -1   
3.58716677 -1   
3.58868678 -1   
3.58993752 -1   
3.59143988 -1   
3.59293680 -1   
3.59416577 -1   
3.59566186 -1   
3.59716600 -1   
3.62247181 1    
3.62892139 -1   
3.66190234 -1   
3.66337783 -1   
3.66489594 -1   
3.67889196 -1   
3.68038652 -1   
3.71337801 -1   
3.71486694 -1   
3.71637235 -1   
3.71761372 -1   
3.71911497 -1   
3.72061424 -1   
3.72583844 -1   
3.72733656 -1   
3.72861172 -1   
3.73394173 -1   
3.73502855 1    
3.76934411 -1   
3.77083582 -1   
3.77908086 -1   
3.78013474 1    
3.78055782 -1   
3.78205998 -1   
3.78534938 1    
3.79019278 1    
3.81404329 -1   
3.81555773 -1   
3.81681176 -1   
3.81828438 -1   
3.81953602 -1   
3.82103410 -1   
3.82680091 -1   
3.84627534 -1   
3.84778797 -1   
3.85477076 -1   
3.85626662 -1   
3.85776077 -1   
3.89579792 -1   
3.94703471 1    
4.11180664 -1   
4.11217049 1    
4.31076563 -1   
4.31226639 -1   
4.31251829 -1   
4.31317827 1    
4.41572352 -1   
4.41721428 -1   
4.42921354 -1   
4.43070657 -1   
4.43889227 1    
4.47732638 -1   
4.47736329 1    
4.47893194 -1   
4.48042882 -1   
4.51189782 -1   
4.51775626 1    
4.63135305 -1   
4.63283595 -1   
4.63409335 -1   
4.64119365 -1   
4.64121103 1    
4.80504241 1    
4.81159161 -1   
4.91668579 -1   
4.91792987 -1   
4.97362928 -1   
4.97514047 -1   
4.97664753 -1   
4.97703022 1    
4.98337818 -1   
5.00311319 -1   
5.00462782 -1   
5.01584175 -1   
5.07157485 -1   
5.08433619 -1   
5.08583315 -1   
5.08733037 -1   
5.10807995 -1   
5.10954540 -1   
5.11106125 -1   
5.12879189 -1   
5.13028596 -1   
5.13178144 -1   
5.13303521 -1   
5.13453058 -1   
5.14680472 -1   
5.15879177 -1   
5.16027168 -1   
5.16151684 -1   
5.17101960 -1   
5.17253007 -1   
5.17977618 -1   
5.17990246 1    
5.19002540 -1   
5.19151867 -1   
5.19302058 -1   
5.19424787 -1   
5.19574810 -1   
5.20324607 -1   
5.23448176 -1   
5.23597340 -1   
5.25097473 -1   
5.25248993 -1   
5.25373387 -1   
5.26173150 -1   
5.26298329 -1   
5.26447805 -1   
5.26972794 -1   
5.27122363 -1   
5.27272706 -1   
5.28247517 -1   
5.28371634 -1   
5.28521727 -1   
5.29096696 -1   
5.29247368 -1   
5.30121143 -1   
5.30270700 -1   
5.30395715 -1   
5.33369610 -1   
5.33518945 -1   
5.33641618 -1   
5.33793966 -1   
5.33918469 -1   
5.34068756 -1   
5.34568722 -1   
5.34693759 -1   
5.34843192 -1   
5.34844793 -1   
5.34845528 1    
5.35640824 -1   
5.35767853 -1   
5.35917756 -1   
5.36067574 -1   
5.36192513 -1   
5.36342125 -1   
5.38866235 -1   
5.39034549 -1   
5.39165812 -1   
5.39290665 -1   
5.39438634 -1   
5.41063144 -1   
5.41212423 -1   
5.41362126 -1   
5.41486881 -1   
5.42187219 -1   
5.42339007 -1   
5.42488832 -1   
5.43388702 -1   
5.43538005 -1   
5.43686342 -1   
5.43838068 -1   
5.43845671 1    
5.43963159 -1   
5.44710991 -1   
5.44860377 -1   
5.44984987 -1   
5.46961979 -1   
5.47111005 -1   
5.47235882 -1   
5.47386159 -1   
5.47511393 -1   
5.49283135 -1   
5.49407705 -1   
5.49557435 -1   
5.49682759 -1   
5.50209438 -1   
5.50359245 -1   
5.50484206 -1   
5.50632170 -1   
5.50758798 -1   
5.51107297 -1   
5.51256707 -1   
5.51381628 -1   
5.51447081 -1   
5.51448519 1    
5.54255563 -1   
5.54379980 -1   
5.54529978 -1   
5.54654430 -1   
5.54804633 -1   
5.54954509 -1   
5.58353248 -1   
5.58477639 -1   
5.59204409 -1   
5.59352006 -1   
5.59502088 -1   
5.59626553 -1   
5.59777018 -1   
5.59901498 -1   
5.60051888 -1   
5.60526319 -1   
5.60675825 -1   
5.60801004 -1   
5.60951235 -1   
5.61075874 -1   
5.61226161 -1   
5.62883458 1    
5.63050425 -1   
5.63174815 -1   
5.67856247 -1   
5.67860275 1    
5.84442574 1    
6.17496676 -1   
6.17643587 -1   
6.17681783 -1   
6.18025544 1    
6.18493510 -1   
6.18642819 -1   
6.18767985 -1   
6.18917908 -1   
6.19067625 -1   
6.24590523 -1   
6.24739334 -1   
6.24864675 -1   
6.25601931 -1   
6.25739582 -1   
6.25863718 -1   
6.26014367 -1   
6.26164005 -1   
6.26288768 -1   
6.26438592 -1   
6.26563722 -1   
6.26713544 -1   
6.26724021 1    
6.26865757 -1   
6.26990188 -1   
6.27140233 -1   
6.27265362 -1   
6.27415492 -1   
6.30561704 -1   
6.30711333 -1   
6.30860890 -1   
6.30986238 -1   
6.31135739 -1   
6.31362899 -1   
6.31487749 -1   
6.31637910 -1   
6.31762559 -1   
6.32512600 -1   
6.32660173 -1   
6.33387585 -1   
6.33534426 -1   
6.33686550 -1   
6.33812066 -1   
6.33961735 -1   
6.34086960 -1   
6.34342233 -1   
6.34343697 1    
6.35409592 -1   
6.35558348 -1   
6.35708612 -1   
6.35833365 -1   
6.35983275 -1   
6.36109651 -1   
6.36658628 -1   
6.36782479 -1   
6.37732547 -1   
6.37884018 -1   
6.38009201 -1   
6.38684028 -1   
6.38833761 -1   
6.38983697 -1   
6.39108607 -1   
6.39258093 -1   
6.39983638 -1   
6.40130696 -1   
6.40257297 -1   
6.41056824 -1   
6.41205270 -1   
6.41329962 -1   
6.42156613 -1   
6.42279321 -1   
6.42429698 -1   
6.43029641 -1   
6.43178973 -1   
6.43306063 -1   
6.43455577 -1   
6.43578553 -1   
6.43855407 -1   
6.43978468 -1   
6.44128712 -1   
6.44254807 -1   
6.44404804 -1   
6.44553096 -1   
6.45028221 -1   
6.45038988 1    
6.45777867 -1   
6.45927329 -1   
6.46077576 -1   
6.46202239 -1   
6.46354410 -1   
6.46579302 -1   
6.46727043 -1   
6.46853322 -1   
6.47778422 -1   
6.47926118 -1   
6.48676095 -1   
6.48802806 -1   
6.49677768 -1   
6.49824982 -1   
6.49975250 -1   
6.50100183 -1   
6.50251905 -1   
6.50374724 -1   
6.50525026 -1   
6.50679048 -1   
6.50801845 -1   
6.50949483 -1   
6.51101759 -1   
6.51224209 -1   
6.51249395 -1   
6.51250574 1    
6.51799457 -1   
6.51951127 -1   
6.52076118 -1   
6.52223807 -1   
6.52373937 -1   
6.52898951 -1   
6.53048463 -1   
6.53198118 -1   
6.53773378 -1   
6.53924791 -1   
6.54050003 -1   
6.54199555 -1   
6.54350256 -1   
6.54473012 -1   
6.54622615 -1   
6.54629941 1    
6.54774628 -1   
6.54899414 -1   
6.57848042 -1   
6.57970377 -1   
6.58997883 -1   
6.59144763 -1   
6.59295083 -1   
6.59419858 -1   
6.59571894 -1   
6.59721798 -1   
6.59848071 -1   
6.59994276 -1   
6.60119456 -1   
6.60269127 -1   
6.60419252 -1   
6.60543854 -1   
6.60694018 -1   
6.60818702 -1   
6.60968612 -1   
6.61118834 -1   
6.61245774 -1   
6.61393348 -1   
6.61543545 -1   
6.61668284 -1   
6.61818464 -1   
6.61942962 -1   
6.62095205 -1   
6.62242955 -1   
6.62370334 -1   
6.62517794 -1   
6.62646476 -1   
6.62792822 -1   
6.62944589 -1   
6.63069234 -1   
6.63217382 -1   
6.63369877 -1   
6.63492541 -1   
6.63607406 1    
6.63644336 -1   
6.63769442 -1   
6.63918457 -1   
6.64067142 -1   
6.64191861 -1   
6.64341715 -1   
6.64467016 -1   
6.64616544 -1   
6.64766659 -1   
6.64891596 -1   
6.65041442 -1   
6.65166246 -1   
6.65318243 -1   
6.65468752 -1   
6.65593480 -1   
6.67655539 -1   
6.67658673 1    
6.71890335 -1   
6.72039632 -1   
6.83994113 -1   
6.83998182 1    
12.14912850 -1   
17.87934543 1    
24.11627423 -1   
30.29355717 1    
39.08149865 -1   
43.73504115 -1   
47.66738553 1    
52.71552629 1    
52.87777851 1    
55.51858345 1    
58.01164728 -1   
