0.00000000 1    
0.32304547 -1   
0.32406329 1    
0.49493491 1    
0.67224354 -1   
0.67373816 -1   
0.67411662 -1   
0.67440287 1    
0.86997930 -1   
0.87001478 1    
1.07855478 1    
1.20889282 -1   
1.24078709 1    
1.40419389 -1   
1.62113540 -1   
1.62210275 1    
1.92380480 -1   
1.92473705 -1   
1.95777936 1    
1.96699643 1    
2.12051144 1    
2.30607838 -1   
2.30757176 -1   
2.30877314 -1   
2.31008606 -1   
2.31162902 -1   
2.31310505 -1   
2.32010593 -1   
2.32159075 -1   
2.35209703 -1   
2.35354517 -1   
2.47171556 -1   
2.47320601 -1   
2.47445776 -1   
2.47596809 -1   
2.47722411 -1   
2.47731877 1    
2.47872365 -1   
2.48020231 -1   
2.48147481 -1   
2.48297154 -1   
2.48418435 -1   
2.51169178 -1   
2.51318554 -1   
2.51443137 -1   
2.51592924 -1   
2.51717843 -1   
2.51867985 -1   
2.52017845 -1   
2.52142885 -1   
2.52292483 -1   
2.52420206 -1   
2.63762222 -1   
2.63912727 -1   
2.64036409 -1   
2.64185866 -1   
2.64312717 -1   
2.64460862 -1   
2.64610478 -1   
2.64737060 -1   
2.64900622 -1   
2.64901984 1    
2.65010846 -1   
2.65160421 -1   
2.65311977 -1   
2.65437272 -1   
2.65585288 -1   
2.65735109 -1   
2.65860085 -1   
2.66009957 -1   
2.66137238 -1   
2.67584541 -1   
2.67709316 -1   
2.67858808 -1   
2.67983708 -1   
2.68133560 -1   
2.68284138 -1   
2.68408607 -1   
2.68558658 -1   
2.68709882 -1   
2.68833688 -1   
2.68982999 -1   
2.69109668 -1   
2.69258028 -1   
2.69408221 -1   
2.69532874 -1   
2.69683313 -1   
2.69708128 -1   
2.69779150 1    
2.70757436 1    
2.72563842 1    
2.85856439 1    
3.03216163 -1   
3.03339867 -1   
3.03364952 -1   
3.03449098 1    
3.07189346 -1   
3.07316267 -1   
3.08266633 -1   
3.08412202 -1   
3.09328865 1    
3.10734818 -1   
3.10886267 -1   
3.13234837 1    
3.13236237 -1   
3.13387383 -1   
3.19869880 -1   
3.19875003 1    
3.21553783 -1   
3.21680064 -1   
3.36518875 -1   
3.36522298 1    
3.44367897 -1   
3.44492020 -1   
3.51513842 -1   
3.51665388 -1   
3.51810914 -1   
3.52711114 -1   
3.52835452 -1   
3.52984887 -1   
3.53110267 -1   
3.53259951 -1   
3.53410062 -1   
3.53536466 -1   
3.53687160 -1   
3.53809433 -1   
3.53959500 -1   
3.54109595 -1   
3.54111208 -1   
3.54111942 1    
3.54534654 -1   
3.54684013 -1   
3.55486621 -1   
3.55608531 -1   
3.55758378 -1   
3.55883229 -1   
3.56033563 -1   
3.56183128 -1   
3.56308306 -1   
3.56458296 -1   
3.56610749 -1   
3.56757868 -1   
3.56907752 -1   
3.57032663 -1   
3.57182989 -1   
3.57307533 -1   
3.57457669 -1   
3.57608526 -1   
3.57732421 -1   
3.57882095 -1   
3.58009249 -1   
3.58156971 -1   
3.58307087 -1   
3.58431783 -1   
3.58584439 -1   
3.58732839 -1   
3.58856604 -1   
3.59006662 -1   
3.59133719 -1   
3.59281441 -1   
3.59290668 1    
3.59431604 -1   
3.59556170 -1   
3.59706064 -1   
3.59830968 -1   
3.59981333 -1   
3.60130812 -1   
3.60255919 -1   
3.60407328 -1   
3.60555872 -1   
3.60680426 -1   
3.60830495 -1   
3.60955421 -1   
3.61107736 -1   
3.61255451 -1   
3.61380326 -1   
3.61532591 -1   
3.61655403 -1   
3.61807383 -1   
3.61954815 -1   
3.62079703 -1   
3.62229763 -1   
3.62354515 -1   
3.62504686 -1   
3.62654387 -1   
3.62779671 -1   
3.62929165 -1   
3.63079101 -1   
3.63204180 -1   
3.63354439 -1   
3.63481569 -1   
3.63631861 -1   
3.63778708 -1   
3.68077256 -1   
3.68226139 -1   
3.68351155 -1   
3.68361547 1    
3.68501233 -1   
3.69129622 -1   
3.69250945 -1   
3.69400660 -1   
3.69526021 -1   
3.69678017 -1   
3.69827425 -1   
3.69950311 -1   
3.70100473 -1   
3.70225074 -1   
3.70376915 -1   
3.70527522 -1   
3.70650209 -1   
3.70799923 -1   
3.70924730 -1   
3.71076097 -1   
3.71224919 -1   
3.71349507 -1   
3.71499533 -1   
3.71624445 -1   
3.71776030 -1   
3.71924239 -1   
3.72048989 -1   
3.72207226 -1   
3.72349595 -1   
3.72476857 -1   
3.72478268 1    
3.72628301 -1   
3.72748654 -1   
3.72901331 -1   
3.73048671 -1   
3.73175983 -1   
3.73325504 -1   
3.73448434 -1   
3.73600433 -1   
3.73748355 -1   
3.73875196 -1   
3.74025327 -1   
3.74175049 -1   
3.74216557 -1   
3.74404313 -1   
3.84242574 -1   
3.84392385 -1   
3.84517058 -1   
3.84666702 -1   
3.84816749 -1   
3.84941600 -1   
3.85091960 -1   
3.85308719 1    
3.88868101 1    
3.90817860 -1   
4.05238227 1    
4.20124875 -1   
4.20277363 -1   
4.20309965 -1   
4.21351850 -1   
4.21501534 -1   
4.22595987 -1   
4.22612096 1    
4.23672229 -1   
4.23821506 -1   
4.23946579 -1   
4.24100079 -1   
4.24224470 -1   
4.24369002 -1   
4.24519299 -1   
4.24643717 -1   
4.24794111 -1   
4.24918659 -1   
4.25073045 -1   
4.25220674 -1   
4.25347009 -1   
4.25496489 -1   
4.25645817 -1   
4.25771226 -1   
4.25918518 -1   
4.26043310 -1   
4.26195020 -1   
4.26344984 -1   
4.26520171 -1   
4.26670178 -1   
4.26820235 -1   
4.26944844 -1   
4.27094576 -1   
4.27244913 -1   
4.27369747 -1   
4.27519545 -1   
4.27642571 -1   
4.27792114 -1   
4.27942343 -1   
4.28066880 -1   
4.28078045 1    
4.28219161 -1   
4.28341786 -1   
4.28494169 -1   
4.28643689 -1   
4.28768943 -1   
4.28918619 -1   
4.29068352 -1   
4.29193474 -1   
4.29341753 -1   
4.29468328 -1   
4.29618669 -1   
4.29768527 -1   
4.29893606 -1   
4.30040929 -1   
4.30165683 -1   
4.30317956 -1   
4.30468313 -1   
4.30592573 -1   
4.30742931 -1   
4.30890492 -1   
4.31015570 -1   
4.31166787 -1   
4.31292642 -1   
4.31442125 -1   
4.31592579 -1   
4.31714962 -1   
4.31864962 -1   
4.31992391 -1   
4.32142065 -1   
4.32292100 -1   
4.32416629 -1   
4.32571118 -1   
4.32714761 -1   
4.32839385 -1   
4.32989413 -1   
4.33114064 -1   
4.33264635 -1   
4.33413962 -1   
4.33538705 -1   
4.33688823 -1   
4.33838735 -1   
4.33848741 1    
4.33963733 -1   
4.34113423 -1   
4.34263656 -1   
4.34395181 -1   
4.34543029 -1   
4.34663258 -1   
4.34819646 -1   
4.34969439 -1   
4.35093469 -1   
4.35241788 -1   
4.35393735 -1   
4.35518423 -1   
4.35669090 -1   
4.35793482 -1   
4.35943664 -1   
4.36089481 -1   
4.36214635 -1   
4.36364277 -1   
4.36489607 -1   
4.36639658 -1   
4.36786908 -1   
4.36911932 -1   
4.37061889 -1   
4.37211558 -1   
4.37336772 -1   
4.37488705 -1   
4.37612051 -1   
4.37761459 -1   
4.37911414 -1   
4.38036524 -1   
4.38186365 -1   
4.38311074 -1   
4.38461443 -1   
4.38610770 -1   
4.38737639 -1   
4.38885717 -1   
4.38893656 1    
4.39009294 -1   
4.39160636 -1   
4.39285886 -1   
4.39437102 -1   
4.39560868 -1   
4.39710716 -1   
4.39860254 -1   
4.39985146 -1   
4.40135352 -1   
4.40285027 -1   
4.40410358 -1   
4.40559637 -1   
4.40684853 -1   
4.40834616 -1   
4.40990213 -1   
4.41116050 -1   
4.41119700 1    
4.41266105 -1   
4.41386391 -1   
4.41536590 -1   
4.41691841 -1   
4.41816194 -1   
4.41958921 -1   
4.42086475 -1   
4.42240593 -1   
4.42389813 -1   
4.42514424 -1   
4.42658944 -1   
4.42808609 -1   
4.42933315 -1   
4.43083255 -1   
4.43208591 -1   
4.43358089 -1   
4.43508212 -1   
4.43636205 -1   
4.43788468 -1   
4.43914084 -1   
4.44058114 -1   
4.44213050 -1   
4.44333017 -1   
4.44489136 -1   
4.44636729 -1   
4.44744709 1    
4.44760429 -1   
4.44911628 -1   
4.45063913 -1   
4.45185069 -1   
4.45338419 -1   
4.45483970 -1   
4.45612135 -1   
4.45762147 -1   
4.45888057 -1   
4.46031738 -1   
4.46181959 -1   
4.46308071 -1   
4.46459107 -1   
4.46581372 -1   
4.46731554 -1   
4.46881231 -1   
4.47007564 -1   
4.55356110 -1   
4.61154121 1    
5.65840564 -1   
8.49351133 1    
16.46930517 -1   
21.36826582 -1   
26.79882021 1    
30.07583330 -1   
37.73266074 -1   
43.38419734 -1   
51.56445570 -1   
55.26737081 -1   
59.70005374 -1   
