0.00000000 -1   
0.48905646 1    
0.49001591 -1   
0.80262958 -1   
0.83599625 1    
0.83749315 1    
0.83772700 1    
0.96497792 -1   
1.03948134 1    
1.12838310 -1   
1.22319850 1    
1.29051184 -1   
1.38553865 1    
1.45269805 -1   
1.54881568 1    
1.61484922 -1   
1.71108074 1    
1.91138924 1    
1.91257921 1    
1.94667080 -1   
1.95726686 -1   
2.12156651 -1   
2.19695352 1    
2.19819368 1    
2.19939906 1    
2.20646281 1    
2.20796380 1    
2.20943956 1    
2.22693628 1    
2.22820362 1    
2.22970155 1    
2.23120077 1    
2.36211170 1    
2.36359962 1    
2.36510366 1    
2.36634988 1    
2.37062154 1    
2.37071811 -1   
2.37185530 1    
2.37336599 1    
2.37490413 1    
2.37612764 1    
2.37764432 1    
2.37889956 1    
2.38040015 1    
2.39233759 1    
2.39358719 1    
2.39510489 1    
2.39660661 1    
2.39785131 1    
2.39933350 1    
2.40060038 1    
2.40209983 1    
2.52753945 1    
2.52902818 1    
2.53053007 1    
2.53175374 1    
2.53327980 1    
2.53452726 1    
2.53600136 1    
2.53752627 1    
2.53877707 1    
2.53879092 -1   
2.54025366 1    
2.54152278 1    
2.54300085 1    
2.54449913 1    
2.54574603 1    
2.54724493 1    
2.54849815 1    
2.54999438 1    
2.55149558 1    
2.55274125 1    
2.55426631 1    
2.55551169 1    
2.55701023 1    
2.55851111 1    
2.55974384 1    
2.56123862 1    
2.56248988 1    
2.56398682 1    
2.56548750 1    
2.56673379 1    
2.56823460 1    
2.56973166 1    
2.57098342 1    
2.57248132 1    
2.57373216 1    
2.57522693 1    
2.57547908 1    
2.57615832 -1   
2.58597297 -1   
2.59548141 -1   
2.74043552 -1   
2.95085059 1    
2.95232126 1    
2.95270568 1    
2.95360282 -1   
2.96153549 1    
2.96302743 1    
2.97152441 1    
2.97224922 -1   
2.97277158 1    
2.97427429 1    
2.97579159 1    
2.97701452 1    
2.98215904 -1   
3.00024131 1    
3.00151347 1    
3.00300607 1    
3.00975055 -1   
3.08376014 1    
3.10773250 1    
3.11839094 1    
3.11841779 -1   
3.27034952 1    
3.27185202 1    
3.27335376 1    
3.27459948 1    
3.27610222 1    
3.27732615 1    
3.27885358 1    
3.28035049 1    
3.28159908 1    
3.28309710 1    
3.28460236 1    
3.28584607 1    
3.28734929 1    
3.28859643 1    
3.29009333 1    
3.29101910 1    
3.29103147 -1   
3.29259372 1    
3.29833875 1    
3.29984052 1    
3.30133519 1    
3.30258548 1    
3.30408321 1    
3.30533478 1    
3.30683274 1    
3.30831018 1    
3.30958024 1    
3.31106032 1    
3.31257801 1    
3.31383375 1    
3.31530621 1    
3.31645378 -1   
3.31655957 1    
3.31807884 1    
3.31957913 1    
3.43576763 1    
3.43725738 1    
3.43850859 1    
3.44000696 1    
3.44150415 1    
3.44275245 1    
3.44423557 1    
3.44575217 1    
3.44698286 1    
3.44850137 1    
3.44975225 1    
3.45123969 1    
3.45275156 1    
3.45399703 1    
3.45549841 1    
3.45674691 1    
3.45824617 1    
3.45972324 1    
3.46099873 1    
3.46249585 1    
3.46374228 1    
3.46524128 1    
3.46674186 1    
3.46799083 1    
3.46950454 1    
3.47096566 1    
3.47221882 1    
3.47232405 -1   
3.47373713 1    
3.47498705 1    
3.47500114 -1   
3.47646675 1    
3.47798354 1    
3.47923537 1    
3.48073201 1    
3.48198362 1    
3.48348019 1    
3.48497854 1    
3.48620650 1    
3.48773036 1    
3.48922805 1    
3.49072877 1    
3.49197581 1    
3.49347767 1    
3.49472704 1    
3.49623120 1    
3.49772571 1    
3.49897804 1    
3.50045082 1    
3.50170866 1    
3.50319717 1    
3.50469950 1    
3.50594464 1    
3.50744621 1    
3.50869447 1    
3.51019494 1    
3.51169247 1    
3.51297632 1    
3.51447105 1    
3.51596609 1    
3.51722159 1    
3.51870904 1    
3.51997680 1    
3.52146134 1    
3.52296037 1    
3.52420992 1    
3.52570511 1    
3.53088899 -1   
3.60117077 1    
3.60266063 1    
3.60416421 1    
3.60538946 1    
3.60689185 1    
3.60815383 1    
3.60989210 1    
3.61113518 1    
3.61263567 1    
3.61413442 1    
3.61538515 1    
3.61688565 1    
3.61838503 1    
3.61963020 1    
3.62113276 1    
3.62237890 1    
3.62390126 1    
3.62537718 1    
3.62663033 1    
3.62812937 1    
3.62937899 1    
3.63089087 1    
3.63237818 1    
3.63362306 1    
3.63512164 1    
3.63663853 1    
3.63788786 1    
3.63936941 1    
3.64062204 1    
3.64211706 1    
3.64361957 1    
3.64486470 1    
3.64487800 -1   
3.64636662 1    
3.64763130 1    
3.64788254 1    
3.67583130 -1   
3.70377701 -1   
3.80884323 -1   
3.85018903 1    
3.97021103 1    
3.97170664 1    
3.98095267 1    
3.98219746 1    
3.98369965 1    
4.00022702 1    
4.00045250 -1   
4.01118356 1    
4.01267766 1    
4.01417909 1    
4.01540425 1    
4.01690680 1    
4.01817503 1    
4.01968108 1    
4.02117360 1    
4.02240715 1    
4.02392510 1    
4.02517812 1    
4.02666526 1    
4.02817122 1    
4.02940087 1    
4.03093888 1    
4.03242710 1    
4.03366963 1    
4.03516314 1    
4.03640006 1    
4.03793275 1    
4.03941592 1    
4.04067044 1    
4.04216780 1    
4.04338694 1    
4.04491149 1    
4.04641286 1    
4.04766196 1    
4.04915983 1    
4.05063916 1    
4.05188290 1    
4.05338071 1    
4.05463072 1    
4.05615416 1    
4.05763118 1    
4.05891172 1    
4.06038041 1    
4.06149806 -1   
4.06164563 1    
4.06315876 1    
4.06466084 1    
4.06589745 1    
4.06739874 1    
4.06864447 1    
4.07015529 1    
4.07165082 1    
4.07290213 1    
4.07438749 1    
4.07564413 1    
4.07713696 1    
4.07862040 1    
4.07986744 1    
4.08136777 1    
4.08263854 1    
4.08413390 1    
4.08563723 1    
4.08688929 1    
4.08838518 1    
4.08963559 1    
4.09113233 1    
4.09263758 1    
4.09386060 1    
4.09535830 1    
4.09660901 1    
4.09810763 1    
4.09960455 1    
4.10085860 1    
4.10235521 1    
4.10385808 1    
4.10510711 1    
4.10660512 1    
4.11176854 -1   
4.13584735 1    
4.13708448 1    
4.14633280 1    
4.14757708 1    
4.16432612 1    
4.16557024 1    
4.17681539 1    
4.17682923 -1   
4.17834362 1    
4.17961664 1    
4.18112090 1    
4.18259972 1    
4.18383333 1    
4.18537699 1    
4.18661253 1    
4.18835529 1    
4.18961349 1    
4.19111167 1    
4.19259991 1    
4.19405341 1    
4.19555370 1    
4.19705017 1    
4.19854982 1    
4.20004886 1    
4.20130213 1    
4.20279760 1    
4.20405009 1    
4.20556574 1    
4.20709213 1    
4.20835816 1    
4.20983573 1    
4.21110472 1    
4.21260360 1    
4.21410947 1    
4.21532261 1    
4.21683887 1    
4.21832127 1    
4.21959463 1    
4.22109861 1    
4.22232585 1    
4.22346571 -1   
4.22382735 1    
4.22535144 1    
4.22656785 1    
4.22853397 1    
4.23003045 1    
4.23152891 1    
4.23278144 1    
4.23427773 1    
4.23556367 1    
4.23707131 1    
4.23858070 1    
4.23982718 1    
4.24132457 1    
4.24254827 1    
4.24407587 1    
4.24557265 1    
4.24682283 1    
4.24832108 1    
4.24958814 1    
4.25132317 1    
4.25281379 1    
4.25405690 1    
4.25553397 1    
4.25681344 1    
4.25831661 1    
4.25979236 1    
4.26101444 1    
4.26251168 1    
4.26401438 1    
4.26525922 1    
4.26676166 1    
4.26801063 1    
4.26953426 1    
4.27106713 1    
4.27229906 1    
4.27236893 -1   
4.27382543 1    
4.27500731 1    
4.27881157 1    
4.30124348 1    
4.30249129 1    
4.31148686 1    
4.31298226 1    
4.32950449 1    
4.33099752 1    
4.34173968 1    
4.34176333 -1   
4.34347113 1    
4.34496689 1    
4.34649166 1    
4.34798938 1    
4.34948300 1    
4.35248430 1    
4.35373347 1    
4.35523474 1    
4.35673915 1    
4.35797890 1    
4.35946029 1    
4.36095704 1    
4.36247982 1    
4.36398298 1    
4.36550128 1    
4.50545529 -1   
4.84720325 1    
9.45168368 -1   
15.43616815 -1   
20.88856258 -1   
26.73328289 1    
34.91489362 1    
43.85104360 -1   
48.83835201 -1   
53.17485681 -1   
58.91081379 -1   
