0.00000000 -1   
0.53866882 1    
0.53970172 -1   
0.91322753 -1   
1.07326114 1    
1.07479595 1    
1.07585908 -1   
1.23702923 1    
1.23819250 -1   
1.43641936 1    
1.43673424 -1   
1.61557205 1    
1.81852480 1    
1.81902011 -1   
2.42918739 1    
2.43020842 -1   
3.00642944 1    
3.00734211 1    
3.04456530 -1   
3.05394609 -1   
3.20683319 -1   
3.72774412 1    
3.72900421 1    
3.73021066 1    
3.73175550 1    
3.73300299 1    
3.84843238 1    
3.84993565 1    
3.85116696 1    
3.89427543 1    
3.90515983 1    
3.90665747 1    
3.94639108 1    
3.94788253 1    
3.94912492 1    
3.95063137 1    
3.95187698 1    
3.95338189 1    
3.95348836 -1   
3.95487835 1    
3.95610309 1    
3.96237498 1    
4.01235367 1    
4.01384117 1    
4.05828474 1    
4.06381781 1    
4.06529108 1    
4.06681607 1    
4.06807359 1    
4.06956105 1    
4.07106260 1    
4.07228464 1    
4.07382490 1    
4.12302923 1    
4.12425567 1    
4.12576228 1    
4.20673645 1    
4.20688113 -1   
4.20821115 1    
4.22219100 1    
4.22470234 1    
4.22620044 1    
4.23519966 1    
4.23671306 1    
4.23794083 1    
4.23943943 1    
4.24084860 1    
4.24218954 1    
4.25619052 1    
4.25767906 1    
4.25918284 1    
4.26043077 1    
4.26194194 1    
4.36587219 1    
4.36736657 1    
4.36886808 1    
4.37011469 1    
4.38419385 1    
4.38422855 -1   
4.40085772 1    
4.40209625 1    
4.45932314 1    
4.46083770 1    
4.46208640 1    
4.50356447 1    
4.50503963 1    
4.50655672 1    
4.54845790 1    
4.66420797 1    
4.66569653 1    
4.71131057 1    
4.71171638 -1   
4.72214280 -1   
4.72243555 -1   
4.88614939 -1   
5.43578929 1    
5.43725598 1    
5.43763453 1    
5.43796276 -1   
5.46849585 1    
5.46973530 1    
5.54820212 1    
5.54969244 1    
5.55780147 -1   
5.59117605 1    
5.59268109 1    
5.60292004 1    
5.60440679 1    
5.60564196 1    
5.60565266 -1   
5.61047604 -1   
5.66488527 1    
5.77126021 1    
5.77127611 -1   
5.93376962 -1   
5.96672650 1    
5.96822104 1    
5.96859558 1    
6.06790341 1    
6.06916600 1    
6.14416163 -1   
6.17208241 1    
6.19233000 1    
6.33354101 1    
6.33393458 -1   
6.50018280 1    
6.50166227 1    
6.50262508 1    
6.50414659 1    
6.50567036 1    
6.61661129 1    
6.61785043 1    
6.61935379 1    
6.66755995 1    
6.66882198 1    
6.67030153 1    
6.67182158 1    
6.67307375 1    
6.67456976 1    
6.67580061 1    
6.67729690 1    
6.67882089 1    
6.68006017 1    
6.68156600 1    
6.68192962 1    
6.77201781 1    
6.77351098 1    
6.77499410 1    
6.77511068 -1   
6.81999392 1    
6.82148631 1    
6.82298334 1    
6.82421106 1    
6.82573383 1    
6.82698188 1    
6.82848148 1    
6.82998102 1    
6.83123421 1    
6.83273081 1    
6.83397848 1    
6.83547866 1    
6.83697769 1    
6.83822690 1    
6.83972890 1    
6.84403280 1    
6.94817215 1    
6.94820564 -1   
6.94966907 1    
6.99389453 1    
6.99513848 1    
6.99664047 1    
6.99813588 1    
6.99935914 1    
7.00087543 1    
7.00238296 1    
7.00362743 1    
7.00515053 1    
7.00636017 1    
7.00785921 1    
7.00938111 1    
7.01062502 1    
7.01212649 1    
7.01335539 1    
7.01487545 1    
7.01637683 1    
7.01762586 1    
7.01912494 1    
7.02061805 1    
7.02186949 1    
7.02209754 1    
7.03334828 1    
7.06684862 1    
7.06807401 1    
7.06959025 1    
7.15128397 1    
7.15132650 -1   
7.15277293 1    
7.15427149 1    
7.15554045 1    
7.15701988 1    
7.15827077 1    
7.15978395 1    
7.16129123 1    
7.16278733 1    
7.16401452 1    
7.16553829 1    
7.16678821 1    
7.16826411 1    
7.16976737 1    
7.17102996 1    
7.17253732 1    
7.17378532 1    
7.17526009 1    
7.17675865 1    
7.17800991 1    
7.17950634 1    
7.18075739 1    
7.18225485 1    
7.18378059 1    
7.18502885 1    
7.18652433 1    
7.18800238 1    
7.18927740 1    
7.19076001 1    
7.19597494 -1   
7.20451947 1    
7.20575842 1    
7.20724547 1    
7.24022820 1    
7.24172204 1    
7.24321927 1    
7.31895652 1    
7.31899559 -1   
7.32044710 1    
7.32192591 1    
7.32317775 1    
7.32469802 1    
7.32592589 1    
7.32742420 1    
7.32894378 1    
7.33017794 1    
7.33169113 1    
7.33291976 1    
7.33444751 1    
7.33593301 1    
7.33718807 1    
7.33866552 1    
7.33994077 1    
7.34141769 1    
7.34292851 1    
7.34416485 1    
7.35491497 1    
7.35640693 1    
7.35768029 1    
7.35790921 1    
7.37485823 -1   
7.39883033 -1   
7.48116056 -1   
7.89588103 -1   
7.94582683 1    
7.94731766 1    
7.94769587 1    
8.06003706 1    
8.06152302 1    
8.06277940 1    
8.06429626 1    
8.06553214 1    
8.06704470 1    
8.06852467 1    
8.06977420 1    
8.07126928 1    
8.07251642 1    
8.07402202 1    
8.07404283 -1   
8.07549965 1    
8.07674392 1    
8.07824191 1    
8.07974032 1    
8.08099490 1    
8.08248932 1    
8.11300303 1    
8.11449436 1    
8.11574184 1    
8.11721862 1    
8.11849235 1    
8.11999088 1    
8.12149212 1    
8.12273765 1    
8.12423935 1    
8.12546708 1    
8.15117374 1    
8.23468360 1    
8.23617872 1    
8.23767696 1    
8.23890149 1    
8.24040025 1    
8.24166534 1    
8.24314823 1    
8.24467030 1    
8.24589814 1    
8.24739562 1    
8.24890608 1    
8.25014426 1    
8.25027666 -1   
8.25164316 1    
8.25314329 1    
8.25439420 1    
8.25591409 1    
8.25739337 1    
8.25740720 -1   
8.25864085 1    
8.26016027 1    
8.27063723 1    
8.27214935 1    
8.27366101 1    
8.27488119 1    
8.27638345 1    
8.27787953 1    
8.27913343 1    
8.28064086 1    
8.28188200 1    
8.28337614 1    
8.35486606 1    
8.35633486 1    
8.35783691 1    
8.35908017 1    
8.36060142 1    
8.36083485 1    
8.40430888 1    
8.40582724 1    
8.40708641 1    
8.40857447 1    
8.40982051 1    
8.41132456 1    
8.41282583 1    
8.41408650 1    
8.41556918 1    
8.41706970 1    
8.41833645 1    
8.41981726 1    
8.42132227 1    
8.42281521 1    
8.42406816 1    
8.42568944 1    
8.42681660 1    
8.42829155 1    
8.42836463 -1   
8.42983011 1    
8.42984839 -1   
8.43606577 1    
8.43755898 1    
8.43905885 1    
8.44030857 1    
8.44180837 1    
8.44305469 1    
8.44455530 1    
8.44603206 1    
8.44732124 1    
8.44881032 1    
8.45005273 1    
8.45157309 1    
8.45307562 1    
8.45430114 1    
8.45580835 1    
8.45730585 1    
8.45854979 1    
8.52125826 1    
8.52255171 1    
8.56022154 1    
8.56171419 1    
8.56298866 1    
8.56448540 1    
8.56573991 1    
8.56723534 1    
8.56873178 1    
8.56998574 1    
8.57148324 1    
8.57270893 1    
8.57423261 1    
8.57570806 1    
8.57698369 1    
8.57847788 1    
8.57973403 1    
8.58098626 -1   
8.58120726 1    
8.58272664 1    
8.58397797 1    
8.58549524 1    
8.58672349 1    
8.58822876 1    
8.58973715 1    
8.59097069 1    
8.59245000 1    
8.59369650 1    
8.59519748 1    
8.59669458 1    
8.59794745 1    
8.59944280 1    
8.60071730 1    
8.60222337 1    
8.60372427 1    
8.60497024 1    
8.60647273 1    
8.60651331 -1   
8.60796531 1    
8.60918810 1    
8.61071677 1    
8.61195918 1    
8.61345549 1    
8.61496049 1    
8.61618699 1    
8.61772361 1    
8.61896551 1    
8.62046225 1    
8.62196746 1    
8.62320372 1    
8.62468251 1    
8.62618063 1    
8.63969771 1    
8.64119251 1    
8.64269017 1    
8.68637990 1    
8.72690556 1    
8.72837186 1    
8.73765247 1    
8.73911309 1    
8.74062408 1    
8.74186290 1    
8.74336764 1    
8.74985971 1    
8.75135798 1    
8.75265456 1    
8.75410695 1    
8.75538461 1    
8.75688931 1    
8.75835287 1    
8.75844231 -1   
8.75960443 1    
8.76112414 1    
8.76235009 1    
8.76387420 1    
8.76537282 1    
8.80508097 1    
8.80511129 -1   
8.84867625 1    
12.42164689 1    
20.26487382 1    
24.60816090 1    
29.64369235 -1   
37.28665373 1    
42.04315762 1    
49.32422030 -1   
56.50801685 -1   
