0.00000000 1    
1.35227637 -1   
1.54394126 -1   
1.59558421 1    
1.70622534 -1   
1.75774295 1    
1.86939604 -1   
1.97452176 1    
1.97603112 1    
1.97628221 1    
2.03178597 -1   
2.13854422 1    
2.19518979 -1   
2.30070218 1    
2.35784185 -1   
2.46283758 1    
2.59818438 1    
2.62442899 1    
2.62540136 -1   
2.86027694 1    
2.86121803 1    
2.89333489 -1   
2.90258195 -1   
3.06643636 -1   
3.13085893 1    
3.13212383 1    
3.13304975 1    
3.13461786 1    
3.13612039 1    
3.13761788 1    
3.14137124 1    
3.14261367 1    
3.15161158 1    
3.15285747 1    
3.29625773 1    
3.29750501 1    
3.29900630 1    
3.30028230 1    
3.30200417 1    
3.30207975 -1   
3.30327179 1    
3.30477235 1    
3.30628749 1    
3.30802504 1    
3.30923335 1    
3.31551868 1    
3.31701797 1    
3.31826262 1    
3.31976165 1    
3.32103075 1    
3.32276617 1    
3.32398723 1    
3.32550837 1    
3.32675736 1    
3.32825223 1    
3.46144037 1    
3.46290749 1    
3.46418342 1    
3.46567921 1    
3.46718091 1    
3.46842562 1    
3.46992459 1    
3.47117375 1    
3.47267854 1    
3.47269245 -1   
3.47417652 1    
3.47542333 1    
3.47692785 1    
3.47815044 1    
3.47965046 1    
3.48114871 1    
3.48239914 1    
3.48389466 1    
3.48514844 1    
3.48666504 1    
3.48817128 1    
3.48941539 1    
3.49091300 1    
3.49216366 1    
3.49366464 1    
3.49518305 1    
3.49639554 1    
3.49788682 1    
3.49938842 1    
3.50063572 1    
3.50213650 1    
3.50340704 1    
3.50491108 1    
3.50640785 1    
3.50765839 1    
3.50916943 1    
3.51010445 -1   
3.51977149 -1   
3.53509211 -1   
3.69764491 -1   
3.79774245 1    
3.79922828 1    
3.79948002 1    
3.80096567 1    
3.80246748 1    
3.82870836 1    
3.82886722 -1   
3.83020264 1    
3.83144710 1    
3.83294936 1    
3.83806719 -1   
3.84546478 1    
3.84696304 1    
3.88056566 -1   
3.89037313 -1   
3.95415633 1    
3.95564753 1    
3.95690103 1    
3.96240258 1    
3.96473057 -1   
4.05214553 -1   
4.06708941 1    
4.06858389 1    
4.07006284 1    
4.07134296 1    
4.07283190 1    
4.07433085 1    
4.08083250 1    
4.08205498 1    
4.09307382 1    
4.09456859 1    
4.09581605 1    
4.09731735 1    
4.09881606 1    
4.10004591 1    
4.10156954 1    
4.10306236 1    
4.10431453 1    
4.10581387 1    
4.10704232 1    
4.10856283 1    
4.11005936 1    
4.11130758 1    
4.11280479 1    
4.11403610 1    
4.11555929 1    
4.11705795 1    
4.11829756 1    
4.11980249 1    
4.12103144 1    
4.12255386 1    
4.12403273 1    
4.12530243 1    
4.12680384 1    
4.12802967 1    
4.12955277 1    
4.13102721 1    
4.13109723 -1   
4.13229927 1    
4.13379596 1    
4.13502639 1    
4.13654519 1    
4.13804555 1    
4.13929124 1    
4.14079168 1    
4.14201874 1    
4.14354183 1    
4.14504069 1    
4.14627005 1    
4.14779153 1    
4.14901882 1    
4.15053623 1    
4.15201261 1    
4.15328535 1    
4.15478683 1    
4.15627705 1    
4.15753615 1    
4.15903042 1    
4.16028585 1    
4.16175962 1    
4.16328089 1    
4.16453537 1    
4.16603009 1    
4.16727881 1    
4.16878191 1    
4.17028153 1    
4.17152574 1    
4.17302870 1    
4.17304344 1    
4.17452423 1    
4.17602892 1    
4.17752491 1    
4.17878470 1    
4.18026404 1    
4.18177121 1    
4.18187335 -1   
4.18299614 1    
4.18452270 1    
4.18574879 1    
4.18726744 1    
4.18877161 1    
4.19001305 1    
4.19149431 1    
4.23274123 1    
4.23275846 -1   
4.23399123 1    
4.23548842 1    
4.23698966 1    
4.23823451 1    
4.23973757 1    
4.24098449 1    
4.24248702 1    
4.24398529 1    
4.24521776 1    
4.24673226 1    
4.24798389 1    
4.24948088 1    
4.25098105 1    
4.25220924 1    
4.25373014 1    
4.25847433 1    
4.26018963 1    
4.26122445 1    
4.26273403 1    
4.26421930 1    
4.26572306 1    
4.26694776 1    
4.26847043 1    
4.26972001 1    
4.27121662 1    
4.27271722 1    
4.27396793 1    
4.27546303 1    
4.27671754 1    
4.27821205 1    
4.27971578 1    
4.28096263 1    
4.28245934 1    
4.28396024 1    
4.28519182 1    
4.28668552 1    
4.28793700 1    
4.28943449 1    
4.29095775 1    
4.29220509 1    
4.29695406 1    
4.29820084 1    
4.29970286 1    
4.30120282 1    
4.30245256 1    
4.30394897 1    
4.30520223 1    
4.30601174 -1   
4.30669849 1    
4.32669274 1    
4.32820213 1    
4.32941274 1    
4.33679348 1    
4.34626890 -1   
4.36525895 -1   
4.39615300 -1   
4.58295613 1    
4.59476771 1    
4.59626504 1    
4.59751074 1    
4.59764518 -1   
4.59900881 1    
4.60050556 1    
4.60775848 1    
4.60925517 1    
4.61050291 1    
4.61199878 1    
4.61350416 1    
4.61474895 1    
4.61625136 1    
4.61749678 1    
4.61899775 1    
4.62049940 1    
4.62174732 1    
4.62326054 1    
4.62474520 1    
4.62599134 1    
4.62749487 1    
4.62874159 1    
4.63024410 1    
4.63173899 1    
4.63299084 1    
4.63451459 1    
4.63573988 1    
4.63723570 1    
4.63873792 1    
4.63998359 1    
4.64150301 1    
4.64298400 1    
4.64423193 1    
4.64573331 1    
4.64698655 1    
4.64848249 1    
4.64998157 1    
4.65122790 1    
4.65273321 1    
4.65287141 -1   
4.65397618 1    
4.65549114 1    
4.65697707 1    
4.65822287 1    
4.65972543 1    
4.66097257 1    
4.66247890 1    
4.66397345 1    
4.66524617 1    
4.66671884 1    
4.66797064 1    
4.66948365 1    
4.67097173 1    
4.67222996 1    
4.67372525 1    
4.67496350 1    
4.67646305 1    
4.67796557 1    
4.67921434 1    
4.68071164 1    
4.68196301 1    
4.68345897 1    
4.68496162 1    
4.68622351 1    
4.68770603 1    
4.68895747 1    
4.69045814 1    
4.69195263 1    
4.69323222 1    
4.69470633 1    
4.69620463 1    
4.69745527 1    
4.69895302 1    
4.70019944 1    
4.70170111 1    
4.70319760 1    
4.70445260 1    
4.70594638 1    
4.70719762 1    
4.70869569 1    
4.71019364 1    
4.71144362 1    
4.71294597 1    
4.71303274 -1   
4.71446064 1    
4.71571204 1    
4.71719438 1    
4.71843963 1    
4.71993802 1    
4.72143906 1    
4.72268925 1    
4.72418709 1    
4.72543770 1    
4.72693423 1    
4.72843669 1    
4.72968359 1    
4.73118171 1    
4.73268389 1    
4.73418232 1    
4.73542867 1    
4.73695057 1    
4.73842938 1    
4.73967958 1    
4.74117800 1    
4.74267873 1    
4.74392420 1    
4.74542756 1    
4.74667260 1    
4.74817177 1    
4.74967240 1    
4.75092302 1    
4.75241860 1    
4.75392150 1    
4.75516873 1    
4.75667101 1    
4.75791879 1    
4.75941600 1    
4.76091652 1    
4.76216742 1    
4.76439099 -1   
4.76641516 1    
4.76791113 1    
4.76918784 1    
4.77065894 1    
4.77216086 1    
4.77217444 -1   
4.77342841 1    
4.77490781 1    
4.77617369 1    
4.77916036 1    
4.78190816 1    
4.78340349 1    
4.78467358 1    
4.78615109 1    
4.78740329 1    
4.78889949 1    
4.79039999 1    
4.79164723 1    
4.79315174 1    
4.79441799 1    
4.79589466 1    
4.79741209 1    
4.79864616 1    
4.80014364 1    
4.80164617 1    
4.80439261 1    
4.80564006 1    
4.80989214 1    
4.81140995 1    
4.81263575 1    
4.81413427 1    
4.81563255 1    
4.81688540 1    
4.81838329 1    
4.81963792 1    
4.82238567 1    
4.82388010 1    
4.82512966 1    
4.82665279 1    
4.82812750 1    
4.82940114 1    
4.83087514 1    
4.83095696 -1   
4.83239993 1    
4.83362437 1    
4.83514767 1    
4.83639305 1    
4.83789520 1    
4.83939097 1    
4.84064259 1    
4.84214168 1    
4.84339081 1    
4.84488884 1    
4.84636952 1    
4.84763748 1    
4.85339035 1    
4.85463620 1    
4.85614093 1    
4.85737845 1    
4.98659179 -1   
5.24442848 1    
13.50134002 1    
20.46557460 -1   
26.75976233 -1   
33.96890412 -1   
38.75231989 1    
41.16337463 -1   
45.25792281 -1   
53.65782891 1    
58.48611272 -1   
