0.00000000 1    
0.29885889 -1   
0.29990884 1    
0.60858599 -1   
0.60983921 -1   
0.61008985 -1   
0.61105416 1    
0.77328819 1    
0.92524611 -1   
0.93542989 1    
1.09839716 -1   
1.09866970 1    
1.26205865 -1   
1.26234384 1    
1.42654758 -1   
1.42771990 1    
1.59086809 -1   
1.59118981 1    
1.72819526 -1   
1.75562066 -1   
1.78906783 1    
1.79832358 1    
1.91793190 -1   
1.96235564 1    
2.09548313 -1   
2.09672327 -1   
2.09822525 -1   
2.09972482 -1   
2.10097080 -1   
2.12680246 -1   
2.13271457 -1   
2.13395285 -1   
2.14345513 -1   
2.14469578 -1   
2.14619883 -1   
2.26064038 -1   
2.26212896 -1   
2.26363658 -1   
2.26487561 -1   
2.26637932 -1   
2.26647717 1    
2.26762814 -1   
2.26912377 -1   
2.27062226 -1   
2.29086286 -1   
2.29236426 -1   
2.29361068 -1   
2.29511290 -1   
2.29785756 -1   
2.29935953 -1   
2.30060648 -1   
2.30210503 -1   
2.30860193 -1   
2.31010244 -1   
2.31160031 -1   
2.31285058 -1   
2.35008486 -1   
2.35158023 -1   
2.46576645 -1   
2.46726195 -1   
2.46876223 -1   
2.47000904 -1   
2.47151200 -1   
2.47275788 -1   
2.47425862 -1   
2.47575730 -1   
2.47700546 -1   
2.47701791 1    
2.47850878 -1   
2.47975511 -1   
2.48125492 -1   
2.48275164 -1   
2.48400331 -1   
2.48550014 -1   
2.48700187 -1   
2.48824736 -1   
2.48974968 -1   
2.49099835 -1   
2.49250041 -1   
2.49399558 -1   
2.49524719 -1   
2.49674345 -1   
2.49799297 -1   
2.49949176 -1   
2.50099355 -1   
2.50223995 -1   
2.50374274 -1   
2.50523796 -1   
2.50649473 -1   
2.50923708 -1   
2.51073971 -1   
2.51167823 -1   
2.51261716 1    
2.52220093 1    
2.53132967 1    
2.67670035 1    
2.87178241 -1   
2.87302807 -1   
2.87340964 -1   
2.87404133 1    
2.89752195 -1   
2.89876359 -1   
2.90876233 -1   
2.91025690 -1   
2.91850790 1    
2.94549790 -1   
2.94673572 -1   
2.95587572 1    
2.98096992 -1   
2.98221573 -1   
2.98374488 -1   
3.03726958 -1   
3.03730853 1    
3.04868705 -1   
3.04992678 -1   
3.20356411 -1   
3.20360808 1    
3.26106647 -1   
3.26230429 -1   
3.30978694 -1   
3.34351359 -1   
3.34476154 -1   
3.34625790 -1   
3.34775769 -1   
3.34900549 -1   
3.35050736 -1   
3.35175547 -1   
3.35325571 -1   
3.36749820 -1   
3.36899702 -1   
3.37049264 -1   
3.37174287 -1   
3.37324154 -1   
3.37449340 -1   
3.37599061 -1   
3.37722852 -1   
3.37724451 1    
3.38024217 -1   
3.38148609 -1   
3.38307284 -1   
3.38448468 -1   
3.38573738 -1   
3.38723529 -1   
3.38873621 -1   
3.38998098 -1   
3.39148496 -1   
3.39273034 -1   
3.39422996 -1   
3.39573021 -1   
3.39697957 -1   
3.39847665 -1   
3.39972991 -1   
3.40122704 -1   
3.40372857 -1   
3.40497216 -1   
3.40647188 -1   
3.40797177 -1   
3.40807381 1    
3.40922369 -1   
3.41072089 -1   
3.41197175 -1   
3.41346776 -1   
3.41496810 -1   
3.41621807 -1   
3.41771831 -1   
3.41896476 -1   
3.42046687 -1   
3.42196316 -1   
3.42321636 -1   
3.42471171 -1   
3.42621146 -1   
3.42745944 -1   
3.42896228 -1   
3.43021272 -1   
3.43171089 -1   
3.43320734 -1   
3.43445940 -1   
3.43595617 -1   
3.43720516 -1   
3.43870412 -1   
3.44020730 -1   
3.44145188 -1   
3.44295402 -1   
3.44420075 -1   
3.44570332 -1   
3.44720126 -1   
3.44844912 -1   
3.44994688 -1   
3.45145009 -1   
3.45269638 -1   
3.45419827 -1   
3.45569506 -1   
3.45694657 -1   
3.45844172 -1   
3.45853442 1    
3.45994530 -1   
3.46119181 -1   
3.46269290 -1   
3.46394000 -1   
3.46544174 -1   
3.46693711 -1   
3.50741932 -1   
3.50891418 -1   
3.51016493 -1   
3.51166273 -1   
3.51316505 -1   
3.51441148 -1   
3.51591437 -1   
3.51741021 -1   
3.51865927 -1   
3.52015790 -1   
3.52140986 -1   
3.52290670 -1   
3.52440740 -1   
3.52565382 -1   
3.52715835 -1   
3.52840222 -1   
3.53465051 -1   
3.53614971 -1   
3.53739989 -1   
3.53889725 -1   
3.54040002 -1   
3.54164539 -1   
3.54315008 -1   
3.54439387 -1   
3.54589285 -1   
3.54739242 -1   
3.54864462 -1   
3.55014045 -1   
3.55139326 -1   
3.55288842 -1   
3.55439112 -1   
3.55563768 -1   
3.55713579 -1   
3.55714820 1    
3.55863862 -1   
3.55988558 -1   
3.56138745 -1   
3.56263235 -1   
3.56413958 -1   
3.56563105 -1   
3.56688163 -1   
3.56837992 -1   
3.56904732 -1   
3.57337815 -1   
3.67232581 -1   
3.67382063 -1   
3.67507185 -1   
3.69435407 1    
3.71080554 -1   
3.71204895 -1   
3.73456956 -1   
3.73460620 1    
3.74478410 -1   
3.74602929 -1   
3.89873946 -1   
3.89910710 1    
3.99264509 -1   
3.99413808 -1   
3.99563877 -1   
4.02262721 -1   
4.02412298 -1   
4.03386908 -1   
4.03511346 -1   
4.05560905 -1   
4.05685286 -1   
4.05835177 -1   
4.05960306 -1   
4.06109928 -1   
4.06248256 -1   
4.06250862 1    
4.07584945 -1   
4.07734178 -1   
4.08359338 -1   
4.08508496 -1   
4.08660822 -1   
4.08785373 -1   
4.08933466 -1   
4.09235625 -1   
4.09385219 -1   
4.09508113 -1   
4.11407616 -1   
4.11556717 -1   
4.11681974 -1   
4.11833050 -1   
4.11981833 -1   
4.12106289 -1   
4.12256302 -1   
4.12381200 -1   
4.12531531 -1   
4.12682762 -1   
4.12806193 -1   
4.12955885 -1   
4.13081217 -1   
4.13231211 -1   
4.13380719 -1   
4.13505603 -1   
4.13657403 -1   
4.13805466 -1   
4.13932369 -1   
4.14081729 -1   
4.14205485 -1   
4.14355269 -1   
4.14505087 -1   
4.14629902 -1   
4.14780442 -1   
4.14904791 -1   
4.15056547 -1   
4.15063808 1    
4.15204955 -1   
4.15331651 -1   
4.15481783 -1   
4.15629636 -1   
4.15754549 -1   
4.15904389 -1   
4.16031546 -1   
4.16179060 -1   
4.16329335 -1   
4.16453929 -1   
4.16603800 -1   
4.16730956 -1   
4.16879106 -1   
4.17028593 -1   
4.17155376 -1   
4.17303366 -1   
4.17455673 -1   
4.17580617 -1   
4.17728148 -1   
4.17855227 -1   
4.18003446 -1   
4.18155162 -1   
4.18282296 -1   
4.18430352 -1   
4.18555150 -1   
4.18702799 -1   
4.18854723 -1   
4.18977605 -1   
4.19131086 -1   
4.19304364 -1   
4.19402564 -1   
4.19552009 -1   
4.19677342 -1   
4.19827214 -1   
4.19979252 -1   
4.19988986 1    
4.20102181 -1   
4.20253324 -1   
4.20376971 -1   
4.20529877 -1   
4.20678893 -1   
4.20802673 -1   
4.20951401 -1   
4.21078109 -1   
4.21226407 -1   
4.21375961 -1   
4.21501415 -1   
4.21653083 -1   
4.21776246 -1   
4.21925822 -1   
4.22078123 -1   
4.22200605 -1   
4.22350954 -1   
4.22475288 -1   
4.22625511 -1   
4.22775658 -1   
4.22900651 -1   
4.23050200 -1   
4.23176903 -1   
4.23325151 -1   
4.23475249 -1   
4.23601220 -1   
4.23750118 -1   
4.23874729 -1   
4.24024943 -1   
4.24174468 -1   
4.24300839 -1   
4.24451587 -1   
4.24602096 -1   
4.24724286 -1   
4.24874665 -1   
4.25001502 -1   
4.25151685 -1   
4.25300783 -1   
4.25424141 -1   
4.25574096 -1   
4.25701067 -1   
4.25848646 -1   
4.26002243 -1   
4.26123789 -1   
4.26273721 -1   
4.26423110 -1   
4.26548320 -1   
4.26698299 -1   
4.26823192 -1   
4.26972846 -1   
4.27122946 -1   
4.27247843 -1   
4.27397893 -1   
4.27522430 -1   
4.27674372 -1   
4.27824985 -1   
4.27949818 -1   
4.28099570 -1   
4.28249558 -1   
4.28374692 -1   
4.28524472 -1   
4.28648981 -1   
4.28799381 -1   
4.28949103 -1   
4.29074106 -1   
4.29223723 -1   
4.29347924 -1   
4.29496772 -1   
4.29646573 -1   
4.29771247 -1   
4.29921470 -1   
4.29946633 -1   
4.29947767 1    
4.30096399 -1   
4.30220858 -1   
4.30371164 -1   
4.30521037 -1   
4.30646104 -1   
4.30795768 -1   
4.30920780 -1   
4.39591095 -1   
4.40546191 1    
4.42691757 -1   
4.42814157 -1   
4.42966205 -1   
4.43115937 -1   
4.43266116 -1   
4.43389144 -1   
4.43541036 -1   
4.43690493 -1   
4.43815801 -1   
4.43966177 -1   
4.44090812 -1   
4.44240141 -1   
4.44589956 1    
4.54889700 1    
4.60603305 -1   
4.70775448 -1   
4.80747534 -1   
9.46679903 1    
14.98572891 -1   
22.67382215 -1   
25.02764079 1    
33.77262877 1    
42.00550984 -1   
50.40620153 -1   
51.95623365 1    
55.01604083 -1   
