0.00000000 -1   
0.28338936 1    
0.28443805 -1   
0.44772073 -1   
0.54312379 1    
0.54437824 1    
0.54462791 1    
0.61064390 -1   
0.74686848 1    
0.77453011 -1   
0.91034771 1    
0.93718446 -1   
1.10067335 1    
1.10096909 -1   
1.26766203 1    
1.26859261 -1   
1.43347655 1    
1.50159039 1    
1.63622371 1    
1.66798144 -1   
1.67726158 -1   
1.84345060 -1   
1.91383963 1    
1.91533085 1    
1.91570857 1    
1.95081478 1    
1.95231099 1    
1.96080596 1    
1.96230224 1    
1.96355033 1    
1.96505312 1    
1.96630207 1    
2.07951188 1    
2.08098382 1    
2.08223823 1    
2.08373289 1    
2.11473953 1    
2.11483038 -1   
2.11623818 1    
2.11773534 1    
2.11898679 1    
2.12473224 1    
2.12623291 1    
2.12772704 1    
2.12897755 1    
2.13047743 1    
2.13170780 1    
2.13322514 1    
2.13472703 1    
2.13597520 1    
2.13747563 1    
2.13897257 1    
2.14021990 1    
2.24491749 1    
2.24641011 1    
2.24791245 1    
2.24915790 1    
2.25066170 1    
2.25190796 1    
2.25340796 1    
2.25490559 1    
2.28039830 1    
2.28041161 -1   
2.28162195 1    
2.28313989 1    
2.28464091 1    
2.28589163 1    
2.28738607 1    
2.28886447 1    
2.29038798 1    
2.29188310 1    
2.29313560 1    
2.29463591 1    
2.29588959 1    
2.29738069 1    
2.29888185 1    
2.30012879 1    
2.30163184 1    
2.30285830 1    
2.30438016 1    
2.30587560 1    
2.30712789 1    
2.30862383 1    
2.31012328 1    
2.31137369 1    
2.31285431 1    
2.31409992 1    
2.31562355 1    
2.31682598 1    
2.31767873 -1   
2.32688126 -1   
2.32716245 -1   
2.48160785 -1   
2.57301701 1    
2.57453574 1    
2.58324961 1    
2.58469661 1    
2.58619733 1    
2.58744875 1    
2.59464809 -1   
2.60019274 1    
2.60143605 1    
2.62631519 -1   
2.64396698 -1   
2.71193486 1    
2.71339216 1    
2.72416650 1    
2.72539515 1    
2.72689747 1    
2.73211158 -1   
2.73666115 1    
2.80790528 -1   
2.82658067 1    
2.82805647 1    
2.83732547 1    
2.83857318 1    
2.84005278 1    
2.84154966 1    
2.84280179 1    
2.84432121 1    
2.84556676 1    
2.84704690 1    
2.84854778 1    
2.84979392 1    
2.85131799 1    
2.85279383 1    
2.85404426 1    
2.85554010 1    
2.85679299 1    
2.85829108 1    
2.85979026 1    
2.86106135 1    
2.86256456 1    
2.86378546 1    
2.86528890 1    
2.86678436 1    
2.86805946 1    
2.86954959 1    
2.87078608 1    
2.87228046 1    
2.87378195 1    
2.87503068 1    
2.87653353 1    
2.87802889 1    
2.87927477 1    
2.88077720 1    
2.88202893 1    
2.88213134 -1   
2.88352757 1    
2.88502286 1    
2.88629701 1    
2.88777259 1    
2.88902129 1    
2.89053819 1    
2.89204473 1    
2.89327054 1    
2.89477374 1    
2.89626841 1    
2.89751871 1    
2.89904187 1    
2.90026481 1    
2.90176499 1    
2.90326904 1    
2.90451395 1    
2.90601540 1    
2.90727278 1    
2.90876385 1    
2.91026480 1    
2.91152582 1    
2.91302471 1    
2.91428190 1    
2.91575679 1    
2.91725949 1    
2.91850508 1    
2.92000622 1    
2.92125280 1    
2.92275210 1    
2.92425256 1    
2.92550369 1    
2.92700190 1    
2.92825203 1    
2.92974909 1    
2.93127163 1    
2.93251687 1    
2.93464128 -1   
2.94125285 1    
2.94249660 1    
2.99322133 1    
2.99326087 -1   
2.99471519 1    
2.99847639 1    
3.00423235 1    
3.00570503 1    
3.00720682 1    
3.00870276 1    
3.01023248 1    
3.01147292 1    
3.01295509 1    
3.01445320 1    
3.01569847 1    
3.01719841 1    
3.01870000 1    
3.01997254 1    
3.02147106 1    
3.02269666 1    
3.02419625 1    
3.02569463 1    
3.02696740 1    
3.02846403 1    
3.02969386 1    
3.03119054 1    
3.03269340 1    
3.03395986 1    
3.03546188 1    
3.03693574 1    
3.03820801 1    
3.03968461 1    
3.04093787 1    
3.04243313 1    
3.04393486 1    
3.04513415 -1   
3.04519651 1    
3.04668446 1    
3.04795345 1    
3.04945297 1    
3.05093412 1    
3.05218082 1    
3.05368005 1    
3.05519932 1    
3.05644474 1    
3.05792644 1    
3.05942936 1    
3.06067221 1    
3.06219646 1    
3.06242507 1    
3.06417630 1    
3.06542059 1    
3.06694496 1    
3.06819037 1    
3.06966966 1    
3.07116970 1    
3.07241957 1    
3.07393744 1    
3.07518971 1    
3.07666380 1    
3.07818655 1    
3.10764896 -1   
3.15518957 -1   
3.22363740 1    
3.35876265 1    
3.36025502 1    
3.37051421 1    
3.37201768 1    
3.37351701 1    
3.38024963 1    
3.38042127 -1   
3.38174269 1    
3.39024307 1    
3.39148907 1    
3.39298717 1    
3.39448553 1    
3.39573009 1    
3.39723372 1    
3.39873180 1    
3.39998216 1    
3.40112579 -1   
3.40575457 1    
3.40724677 1    
3.40874585 1    
3.40999443 1    
3.41149162 1    
3.41272275 1    
3.41422314 1    
3.41572229 1    
3.41697121 1    
3.41846871 1    
3.42606746 1    
3.54270297 -1   
3.67058310 1    
3.67207709 1    
3.67302931 1    
3.67457508 1    
3.67582203 1    
3.67732467 1    
3.67882153 1    
3.68007290 1    
3.68257082 1    
3.68407056 1    
3.68531461 1    
3.68681828 1    
3.68831494 1    
3.68956780 1    
3.69106382 1    
3.69256364 1    
3.69381036 1    
3.69533540 1    
3.69658024 1    
3.69807996 1    
3.69958133 1    
3.70081117 1    
3.70230843 1    
3.70355714 1    
3.70502631 -1   
3.70505218 1    
3.70655792 1    
3.70780151 1    
3.70930396 1    
3.71080547 1    
3.71205162 1    
3.71355338 1    
3.71480188 1    
3.71630241 1    
3.71779785 1    
3.71929762 1    
3.72054689 1    
3.72204939 1    
3.72329625 1    
3.72479806 1    
3.72629441 1    
3.72754625 1    
3.72904013 1    
3.73031042 1    
3.73181027 1    
3.73332217 1    
3.73455799 1    
3.73607415 1    
3.73755525 1    
3.73878922 1    
3.74028388 1    
3.74153557 1    
3.74303564 1    
3.74453714 1    
3.74578367 1    
3.74579877 -1   
3.74728360 1    
3.74878048 1    
3.75002902 1    
3.75153008 1    
3.75303057 1    
3.75428115 1    
3.75577938 1    
3.75727573 1    
3.75852808 1    
3.76002385 1    
3.76127266 1    
3.76283910 1    
3.76432201 1    
3.76558109 1    
3.76708253 1    
3.76833029 1    
3.76982979 1    
3.77132589 1    
3.77257788 1    
3.77408841 1    
3.77532529 1    
3.77684530 1    
3.77832510 1    
3.77845362 -1   
3.77955689 1    
3.78107156 1    
3.78231026 1    
3.78380655 1    
3.78531794 1    
3.78653014 1    
3.78805398 1    
3.78931263 1    
3.79082221 1    
3.79230613 1    
3.79356028 1    
3.79506033 1    
3.79632232 1    
3.79780713 1    
3.79931348 1    
3.80055361 1    
3.80204994 1    
3.83598949 1    
3.83747765 1    
3.83972936 1    
3.84123022 1    
3.84272661 1    
3.84399846 1    
3.84547536 1    
3.84672905 1    
3.84822397 1    
3.84972135 1    
3.85099242 1    
3.85247421 1    
3.85396821 1    
3.85524338 1    
3.85672009 1    
3.85796984 1    
3.85946766 1    
3.86098586 1    
3.86223588 1    
3.86371780 1    
3.86496244 1    
3.86504322 -1   
3.86646523 1    
3.86798202 1    
3.86920930 1    
3.87195980 1    
3.87322566 1    
3.87470957 1    
3.87620919 1    
3.87745493 1    
3.87897213 1    
3.88022475 1    
3.88170413 1    
3.88322476 1    
3.88445343 1    
3.88597403 1    
3.88720367 1    
3.88869850 1    
3.89022294 1    
3.89147334 1    
3.89296641 1    
3.89444676 1    
3.89569851 1    
3.89721818 1    
3.89846394 1    
3.89994294 1    
3.90144334 1    
3.90269097 1    
3.90420681 1    
3.90544010 1    
3.90694362 1    
3.90845389 1    
3.90969041 1    
3.91118926 1    
3.91120742 1    
3.94871597 -1   
4.02790078 1    
4.11291904 1    
8.11390077 -1   
8.39631997 -1   
17.25266348 -1   
23.59889284 -1   
31.50451902 1    
34.79045901 -1   
39.10025528 1    
44.00437536 1    
50.03573846 -1   
53.62190688 -1   
58.80496362 -1   
