0.00000000 1    
0.23286932 -1   
0.23418000 1    
0.47286691 -1   
0.47412014 -1   
0.47437100 -1   
0.47531797 1    
0.63756174 1    
0.75156716 -1   
0.91214007 1    
0.96343307 -1   
1.07433726 1    
1.12585675 -1   
1.23674469 1    
1.29932002 -1   
1.39889021 1    
1.50086957 -1   
1.60152719 1    
1.62172756 -1   
1.66439859 -1   
1.70912899 1    
1.84963765 1    
1.88891851 -1   
1.93454947 -1   
1.93604107 -1   
1.94528788 -1   
1.94678125 -1   
1.94801027 -1   
1.94953078 -1   
1.95652909 -1   
1.95802386 -1   
1.95927710 -1   
2.05298036 -1   
2.05447206 -1   
2.10020550 -1   
2.10167103 -1   
2.10294316 -1   
2.10444487 -1   
2.10455073 1    
2.11093990 -1   
2.11218973 -1   
2.11369149 -1   
2.11518858 -1   
2.11641600 -1   
2.11793634 -1   
2.11918808 -1   
2.12068490 -1   
2.12218512 -1   
2.12368410 -1   
2.12493556 -1   
2.12642847 -1   
2.16317324 -1   
2.16465768 -1   
2.21838867 -1   
2.21987816 -1   
2.22112867 -1   
2.22262507 -1   
2.26586440 -1   
2.26709239 -1   
2.26860445 -1   
2.27009973 -1   
2.27135005 -1   
2.27284788 -1   
2.27409304 -1   
2.27557197 -1   
2.27709156 -1   
2.27710640 1    
2.27832342 -1   
2.27983992 -1   
2.28109196 -1   
2.28256691 -1   
2.28408971 -1   
2.28531601 -1   
2.28683984 -1   
2.28806479 -1   
2.28958783 -1   
2.29108349 -1   
2.29231870 -1   
2.29381473 -1   
2.29531534 -1   
2.29655936 -1   
2.29806091 -1   
2.29933045 -1   
2.30081090 -1   
2.30230661 -1   
2.30357922 -1   
2.30505635 -1   
2.30630409 -1   
2.30780415 -1   
2.30930534 -1   
2.32610881 -1   
2.32723192 1    
2.33695758 1    
2.34750927 1    
2.48176701 1    
2.59389683 -1   
2.59517962 -1   
2.60515960 -1   
2.60665706 -1   
2.61538260 -1   
2.61550070 1    
2.61663193 -1   
2.62687496 -1   
2.62837500 -1   
2.63448962 1    
2.63839465 -1   
2.63963453 -1   
2.64112943 -1   
2.64389358 1    
2.70585551 -1   
2.70657048 1    
2.70707491 -1   
2.75877325 -1   
2.80683741 1    
2.85199856 -1   
2.85324183 -1   
2.87273429 -1   
2.87425347 -1   
2.88275374 -1   
2.88400296 -1   
2.88550182 -1   
2.88674727 -1   
2.88824910 -1   
2.88974419 -1   
2.89322478 -1   
2.89471576 -1   
2.89596931 -1   
2.89748324 -1   
2.90473641 -1   
2.90623605 -1   
2.90773313 -1   
2.90898524 -1   
2.91049610 -1   
2.91172909 -1   
2.92107437 -1   
2.94097329 -1   
2.94246344 -1   
2.94371275 -1   
2.94521181 -1   
2.94671219 -1   
2.95221217 -1   
2.95370880 -1   
2.95495388 -1   
2.96193367 -1   
2.96317704 -1   
2.96468058 -1   
2.96617519 -1   
2.96742411 -1   
2.96892829 -1   
2.97017635 -1   
2.97167167 -1   
2.97317554 -1   
2.97325199 1    
2.97467249 -1   
2.97591927 -1   
2.97741836 -1   
2.97891743 -1   
2.98017116 -1   
2.98166530 -1   
2.98291805 -1   
2.98441709 -1   
2.98593893 -1   
2.98716299 -1   
2.98866333 -1   
2.98993779 -1   
2.99144201 -1   
2.99293655 -1   
2.99416403 -1   
2.99567464 -1   
2.99693495 -1   
2.99843110 -1   
2.99992916 -1   
3.00115743 -1   
3.00267464 -1   
3.00392539 -1   
3.00542915 -1   
3.00544421 1    
3.00692714 -1   
3.00817311 -1   
3.00967248 -1   
3.01116533 -1   
3.01240229 -1   
3.01392037 -1   
3.01518874 -1   
3.01717157 -1   
3.01866722 -1   
3.03840929 -1   
3.03965985 -1   
3.04815298 -1   
3.04965399 -1   
3.05115302 -1   
3.05237938 -1   
3.05389640 -1   
3.05539598 -1   
3.05664596 -1   
3.05814775 -1   
3.06462044 -1   
3.06586843 -1   
3.06736691 -1   
3.06864263 -1   
3.07013897 -1   
3.07164041 -1   
3.07288674 -1   
3.07436841 -1   
3.07588554 -1   
3.07713287 -1   
3.07863293 -1   
3.07875869 1    
3.08513086 -1   
3.10837015 -1   
3.10962333 -1   
3.11109313 -1   
3.11260996 -1   
3.11636323 -1   
3.11759746 -1   
3.11909206 -1   
3.12059730 -1   
3.12735723 -1   
3.12861106 -1   
3.13010367 -1   
3.13160282 -1   
3.13285323 -1   
3.13433410 -1   
3.13584423 -1   
3.13709567 -1   
3.13859246 -1   
3.13984732 -1   
3.14134260 -1   
3.14283974 -1   
3.14407417 -1   
3.14557526 -1   
3.14707116 -1   
3.14832533 -1   
3.14981866 -1   
3.15110035 -1   
3.15258703 -1   
3.15409325 -1   
3.15559201 -1   
3.15684276 -1   
3.15834038 -1   
3.15958846 -1   
3.16108607 -1   
3.16258682 -1   
3.16383306 -1   
3.16533348 -1   
3.16542312 1    
3.16683458 -1   
3.16808177 -1   
3.16958338 -1   
3.17053445 -1   
3.22774584 1    
3.22963164 1    
3.33390245 -1   
3.39323559 1    
3.46965072 -1   
3.47114236 -1   
3.47264054 -1   
3.47388528 -1   
3.47538709 -1   
3.48117269 -1   
3.48263359 -1   
3.48388056 -1   
3.48540162 -1   
3.48687972 -1   
3.48813090 -1   
3.48962541 -1   
3.49087865 -1   
3.49237566 -1   
3.49387998 -1   
3.49512209 -1   
3.49662431 -1   
3.49674570 1    
3.49812382 -1   
3.49937110 -1   
3.50087387 -1   
3.50214174 -1   
3.50364427 -1   
3.50514214 -1   
3.50636679 -1   
3.50788868 -1   
3.50913921 -1   
3.51061617 -1   
3.51213713 -1   
3.51337836 -1   
3.51488874 -1   
3.51638503 -1   
3.51763297 -1   
3.51913058 -1   
3.52036461 -1   
3.52385646 -1   
3.52535822 -1   
3.52687580 -1   
3.52810414 -1   
3.52960623 -1   
3.53085457 -1   
3.53237442 -1   
3.53387187 -1   
3.53510268 -1   
3.53660527 -1   
3.53785397 -1   
3.53935317 -1   
3.54086246 -1   
3.54211573 -1   
3.54361664 -1   
3.54486628 -1   
3.54634575 -1   
3.54786684 -1   
3.54795957 1    
3.54911524 -1   
3.55061380 -1   
3.55186455 -1   
3.55336207 -1   
3.55486438 -1   
3.55611018 -1   
3.55761135 -1   
3.55886086 -1   
3.56034251 -1   
3.56183603 -1   
3.56308644 -1   
3.56460943 -1   
3.56585950 -1   
3.56735597 -1   
3.56885932 -1   
3.57010083 -1   
3.57160688 -1   
3.57284979 -1   
3.57435309 -1   
3.57585252 -1   
3.57709167 -1   
3.57859708 -1   
3.58011507 -1   
3.63530062 -1   
3.63533698 1    
3.63681725 -1   
3.63806861 -1   
3.63956910 -1   
3.64528878 -1   
3.64656054 -1   
3.64805596 -1   
3.64955564 -1   
3.65105626 -1   
3.65255708 -1   
3.65380555 -1   
3.65528572 -1   
3.65680186 -1   
3.65805287 -1   
3.65955087 -1   
3.66078039 -1   
3.66379851 -1   
3.66530455 -1   
3.66680082 -1   
3.66802648 -1   
3.66954974 -1   
3.67080004 -1   
3.67229654 -1   
3.67379207 -1   
3.67679506 -1   
3.67803748 -1   
3.67954296 -1   
3.68078248 -1   
3.68228840 -1   
3.68379165 -1   
3.68503687 -1   
3.68653984 -1   
3.68778387 -1   
3.68928724 -1   
3.68935568 1    
3.69078309 -1   
3.69203173 -1   
3.69351256 -1   
3.69504842 -1   
3.69653249 -1   
3.69777912 -1   
3.69927993 -1   
3.70052824 -1   
3.70202647 -1   
3.70352601 -1   
3.70478035 -1   
3.70627617 -1   
3.70752699 -1   
3.70901903 -1   
3.71052371 -1   
3.71177150 -1   
3.71327459 -1   
3.71477303 -1   
3.71602655 -1   
3.71752259 -1   
3.71877540 -1   
3.72024620 -1   
3.72177203 -1   
3.72301788 -1   
3.72451729 -1   
3.72576549 -1   
3.72724236 -1   
3.72876218 -1   
3.73001371 -1   
3.73151070 -1   
3.73448580 -1   
3.73573432 -1   
3.73725939 -1   
3.73875570 -1   
3.74000757 -1   
3.74150726 -1   
3.74156772 1    
3.74275289 -1   
3.74423093 -1   
3.74575385 -1   
3.74700102 -1   
3.74850391 -1   
3.74974771 -1   
3.78324906 -1   
3.78473401 -1   
3.80247312 -1   
3.80250384 1    
3.80397175 -1   
3.80549133 -1   
3.80922972 -1   
3.81069445 -1   
3.81219622 -1   
3.81344299 -1   
3.81522817 -1   
3.81643940 -1   
3.81794283 -1   
3.81947276 -1   
3.82071229 -1   
3.82371043 -1   
3.82496395 -1   
3.82770927 -1   
3.82920531 -1   
3.83096693 -1   
3.83218365 -1   
3.83370229 -1   
3.83520701 -1   
3.83642849 -1   
3.83765008 -1   
4.07359807 1    
4.30670785 -1   
9.65623655 -1   
15.77948775 1    
23.01637287 1    
26.79466464 -1   
31.56269280 -1   
36.94508719 -1   
41.87953181 -1   
46.96118198 1    
50.83949452 1    
58.26740811 -1   
