0.00000000 -1   
1.05170958 1    
1.20985649 1    
1.36806785 1    
1.52762315 1    
1.59249036 1    
1.64599696 1    
1.68639241 1    
1.76944565 -1   
1.84581496 1    
2.00409793 1    
2.00495442 -1   
2.16226740 1    
2.16322929 -1   
2.32243969 1    
2.32271757 -1   
2.60577511 1    
2.60607493 -1   
3.00617528 -1   
3.01229116 1    
3.21040617 1    
3.21068743 -1   
3.36857207 1    
3.36888980 -1   
3.52897577 1    
3.52929327 -1   
3.74212168 1    
3.75326913 1    
3.75449661 1    
3.75605613 1    
3.75730779 1    
3.75878956 1    
3.76026979 1    
3.76148705 1    
3.82646068 1    
3.83796706 1    
3.91343274 1    
3.91497073 1    
3.91650805 -1   
4.07569469 -1   
4.11848981 1    
4.23511252 -1   
4.31653366 1    
4.39442578 -1   
4.47577401 1    
4.55258831 -1   
4.67459464 1    
4.84337742 1    
4.84366937 -1   
4.87860858 1    
4.91303789 1    
4.98679700 1    
5.00691883 -1   
5.07244117 1    
5.26566438 1    
5.26579423 -1   
5.29064990 1    
5.46557549 -1   
5.54285496 1    
5.57672599 1    
5.65668155 1    
5.65671108 -1   
5.69718562 1    
5.70184507 1    
5.89756326 -1   
6.09975760 1    
6.33044542 1    
6.33073854 -1   
6.86254860 1    
6.86373720 1    
6.86421224 1    
6.88545911 1    
6.88672172 1    
6.89659398 -1   
7.04291419 1    
7.05464754 -1   
7.43306375 1    
7.58531013 1    
7.58655128 1    
7.60581356 1    
7.60704128 1    
7.60853586 1    
7.61854014 1    
7.61980859 1    
7.63104856 1    
7.63254565 1    
7.63404309 1    
7.63429399 1    
7.74554241 1    
7.74672965 1    
7.74823189 1    
7.74973212 1    
7.74981151 -1   
7.76571870 1    
7.76721132 1    
7.76846841 1    
7.76999482 1    
7.77149385 1    
7.77274072 1    
7.77871603 1    
7.77995631 1    
7.78143438 1    
7.78295442 1    
7.79099438 1    
7.79247007 1    
7.79392995 1    
7.79517701 1    
7.79667935 1    
7.79792379 1    
7.79942962 1    
7.80092530 1    
7.90567860 1    
7.90717012 1    
7.90843385 1    
7.90986173 1    
7.91135984 1    
7.91260994 1    
7.91411191 1    
7.91535938 1    
7.91537375 -1   
7.92737677 1    
7.92887767 1    
7.93015235 1    
7.93160260 1    
7.93313460 1    
7.93435170 1    
7.93590730 1    
7.93715969 1    
7.93864782 1    
7.94014600 1    
7.94140961 1    
7.94284168 1    
7.94409706 1    
7.94561676 1    
7.94711464 1    
7.94836272 1    
7.94985655 1    
7.95133898 1    
7.95260933 1    
7.95410769 1    
7.95536185 1    
7.95685633 1    
7.95835811 1    
7.95961413 1    
7.96113821 1    
7.96233543 1    
7.96389423 1    
7.96539509 1    
7.96658254 1    
7.96671464 -1   
7.96814130 1    
7.96963581 1    
7.97088834 1    
7.97238169 1    
7.97358159 1    
7.97513508 1    
7.97657815 1    
8.06728005 1    
8.06879648 1    
8.07004221 1    
8.07151898 1    
8.07304133 1    
8.07428899 1    
8.07578367 1    
8.07704032 1    
8.07853800 1    
8.08003380 1    
8.08129028 1    
8.08276279 1    
8.08402865 1    
8.08553363 1    
8.08703432 1    
8.08828185 1    
8.08986768 1    
8.08988153 -1   
8.09107844 1    
8.09251266 1    
8.09400703 1    
8.09525437 1    
8.09677760 1    
8.09827810 1    
8.09950759 1    
8.10102062 1    
8.10227508 1    
8.10377188 1    
8.10527052 1    
8.10649828 1    
8.10802102 1    
8.10926964 1    
8.11077081 1    
8.11226746 1    
8.11349803 1    
8.11501389 1    
8.11651564 1    
8.11674443 1    
8.11696503 -1   
8.12577869 -1   
8.25022765 -1   
8.65372405 1    
8.65493718 1    
8.65543229 1    
8.69372730 1    
8.69498416 1    
8.70990483 1    
8.85356508 1    
8.85385246 -1   
9.01203618 -1   
9.03715608 1    
9.23956353 1    
9.35358620 1    
9.35509134 1    
9.38927777 1    
9.39841689 1    
9.55760938 1    
11.00661902 -1   
14.43387093 -1   
14.59216562 -1   
20.01567614 -1   
21.87697687 -1   
22.03534353 -1   
24.01961548 -1   
28.02435524 -1   
30.02717596 -1   
32.02853121 -1   
35.46665260 -1   
37.03348361 -1   
44.04045645 -1   
44.07628227 1    
47.04384200 -1   
49.04617033 -1   
51.90381806 1    
54.05042440 -1   
56.05278554 -1   
58.05518796 -1   
63.05987783 -1   
