0.00000000 1    
0.19948740 -1   
0.27133112 1    
0.44521310 -1   
0.44580320 1    
0.64846019 -1   
0.64877175 1    
0.78928799 -1   
0.80629479 -1   
0.80733905 -1   
0.86802639 -1   
0.98692677 -1   
1.00523539 -1   
1.00534096 1    
1.27247362 1    
1.30035510 -1   
1.35023537 -1   
1.36072884 -1   
1.42394548 -1   
1.49987056 -1   
1.50018656 1    
1.72360569 -1   
1.72403837 1    
1.96046344 -1   
2.15791813 -1   
2.15827590 1    
2.76130644 -1   
2.76160791 1    
3.42284939 -1   
3.42433328 -1   
3.42476817 -1   
3.45779081 1    
3.53296870 -1   
3.53445897 -1   
3.61646473 -1   
3.61680710 1    
4.12175413 -1   
5.30172912 -1   
5.30321671 -1   
5.30368952 -1   
5.34645591 -1   
5.34766929 -1   
5.38967676 -1   
5.39089903 -1   
5.39243902 -1   
5.41014029 -1   
5.41163020 -1   
5.46187882 -1   
5.46316121 -1   
5.46462532 -1   
5.46585245 -1   
5.46737256 -1   
5.46750711 1    
5.46885112 -1   
5.50660659 -1   
5.50782354 -1   
5.50938406 -1   
5.51089058 -1   
5.54986381 -1   
5.55111498 -1   
5.55261475 -1   
5.55380306 -1   
5.55534763 -1   
5.55688177 -1   
5.57029292 -1   
5.57155925 -1   
5.57305851 -1   
5.57429049 -1   
5.62201930 -1   
5.62351260 -1   
5.62475623 -1   
5.62625954 -1   
5.62775744 -1   
5.62900882 -1   
5.63050641 -1   
5.63177383 -1   
5.63329761 -1   
5.63476466 -1   
5.63479141 1    
5.66674177 -1   
5.66825424 -1   
5.66950697 -1   
5.67100527 -1   
5.67250113 -1   
5.67372952 -1   
5.67525518 -1   
5.67647932 -1   
5.70996718 -1   
5.71146090 -1   
5.71270968 -1   
5.71420528 -1   
5.71570808 -1   
5.71697720 -1   
5.71845765 -1   
5.71970314 -1   
5.72120070 -1   
5.72272362 -1   
5.72395406 -1   
5.72544914 -1   
5.73045619 -1   
5.73169585 -1   
5.73319862 -1   
5.73469356 -1   
5.73594303 -1   
5.73744186 -1   
5.73869434 -1   
5.74018944 -1   
5.74032319 1    
5.77367964 -1   
5.77517195 -1   
5.78467570 -1   
5.78616590 -1   
5.78743225 -1   
5.78893445 -1   
5.79041517 -1   
5.79166184 -1   
5.79316030 -1   
5.79443231 -1   
5.79593917 -1   
5.79740896 -1   
5.79866168 -1   
5.80018567 -1   
5.80168069 -1   
5.80294280 -1   
5.80440455 -1   
5.80566738 -1   
5.80715465 -1   
5.80865031 -1   
5.80990456 -1   
5.81140368 -1   
5.82869051 -1   
5.82874508 1    
5.82990035 -1   
5.83138865 -1   
5.83289225 -1   
5.83420097 -1   
5.83568604 -1   
5.83688526 -1   
5.83845078 -1   
5.83990476 -1   
5.84119287 -1   
5.84268572 -1   
5.84388346 -1   
5.84545829 -1   
5.84693915 -1   
5.84813029 -1   
5.84963097 -1   
5.87168425 -1   
5.87286765 -1   
5.87442512 -1   
5.87593104 -1   
5.87717149 -1   
5.87867279 -1   
5.87987279 -1   
5.88012427 -1   
5.88031981 1    
5.88910539 1    
5.98760750 1    
6.63818666 -1   
6.63942881 -1   
6.63992466 -1   
6.72938474 -1   
6.73087603 -1   
6.74537685 -1   
6.79109883 -1   
6.79148369 1    
6.81033676 -1   
6.83796381 -1   
7.90971505 -1   
7.91095020 -1   
7.91144528 -1   
8.00565487 -1   
8.11207377 -1   
12.12304764 1    
12.28156198 1    
19.33423731 1    
24.96840922 -1   
33.07228610 1    
39.77078233 1    
39.92030834 -1   
44.46874694 -1   
51.57138012 -1   
56.15508941 1    
60.45180303 -1   
