0.00000000 -1   
0.63267018 1    
0.85416809 -1   
0.85435892 1    
1.01255312 -1   
1.01259323 1    
1.17309826 -1   
1.17313415 1    
1.44365501 1    
1.54452285 -1   
1.60193748 1    
1.74288828 -1   
1.76007434 1    
1.94504198 -1   
1.94535587 1    
2.15070753 -1   
2.34885871 -1   
2.34922088 1    
2.50774131 1    
2.68084986 -1   
2.68117568 1    
2.87334851 -1   
2.87369491 1    
3.07785058 1    
3.12111828 -1   
3.71043834 -1   
3.71166064 -1   
3.71215729 -1   
3.74614182 -1   
3.74763702 -1   
3.74857927 1    
3.86988526 -1   
3.90690262 1    
4.28150956 -1   
4.55070706 -1   
4.55195069 -1   
4.55242426 -1   
4.58616585 -1   
4.58765545 -1   
4.65537407 -1   
4.65688401 -1   
4.65836756 -1   
4.67888596 -1   
4.68011948 -1   
4.71084352 -1   
4.71108965 -1   
4.72585452 -1   
4.76206423 -1   
4.76330987 -1   
4.78109409 -1   
4.78126381 1    
4.78232767 -1   
4.78380235 -1   
4.80309412 -1   
4.80453302 -1   
4.81530047 -1   
4.82651644 -1   
4.82779234 -1   
4.83703451 -1   
4.83851382 -1   
4.83977825 -1   
4.84128010 -1   
4.86101991 -1   
4.86226953 -1   
4.87001472 -1   
4.87151590 -1   
4.87275985 -1   
4.87424108 -1   
4.87578943 -1   
4.88603752 -1   
4.88753203 -1   
4.92202536 -1   
4.92346309 -1   
4.92473437 -1   
4.92620707 -1   
4.94245527 -1   
4.94247173 1    
4.94375934 -1   
4.94527247 -1   
4.95151224 -1   
4.95274094 -1   
4.96469451 -1   
4.96596344 -1   
4.96749371 -1   
4.99394599 -1   
4.99544313 -1   
5.02667331 -1   
5.02792414 -1   
5.02942132 -1   
5.10345958 -1   
5.10349447 1    
5.11941719 -1   
5.12059969 -1   
5.14059081 -1   
5.14214431 -1   
5.14366287 -1   
5.14489397 -1   
5.14635725 -1   
5.14758112 -1   
5.19208371 -1   
5.19355794 -1   
5.19486142 -1   
5.20336897 -1   
5.20455199 -1   
5.23184896 -1   
5.23307960 -1   
5.23455709 -1   
5.26319830 -1   
5.26336651 1    
5.28303255 -1   
5.28455918 -1   
5.31426465 -1   
5.31575638 -1   
5.31725837 -1   
5.41368522 -1   
5.41492833 -1   
5.42195274 -1   
5.42326035 -1   
5.42994759 -1   
5.43144229 -1   
5.45097084 -1   
5.48189665 -1   
5.48339376 -1   
5.49245055 -1   
5.49394143 -1   
5.49541000 -1   
5.50245586 -1   
5.50271919 1    
5.50394404 -1   
5.50544027 -1   
5.51294132 -1   
5.51444015 -1   
5.56489274 -1   
5.56609190 -1   
5.58254268 -1   
5.58586861 -1   
5.58707967 -1   
5.58857937 -1   
5.59008339 -1   
5.59132811 -1   
5.59708564 -1   
5.59857858 -1   
5.59982466 -1   
5.61083994 -1   
5.61206770 -1   
5.61356461 -1   
5.63908679 -1   
5.64055028 -1   
5.67154241 -1   
5.67157755 1    
5.67280509 -1   
5.67428044 -1   
5.68252807 -1   
5.68402440 -1   
5.70229542 -1   
5.70351322 -1   
5.74327043 -1   
5.75336761 1    
5.87399079 1    
6.72620941 -1   
6.72770265 -1   
6.72817386 -1   
6.75816689 -1   
6.75968688 -1   
6.79667157 -1   
6.79788950 -1   
6.83189954 -1   
6.83224773 1    
6.91643042 -1   
7.37835261 -1   
7.37981044 -1   
7.38030611 -1   
7.43228687 -1   
7.54192646 -1   
12.28260753 1    
16.21695521 -1   
20.36899279 1    
23.34545039 1    
26.44322235 1    
31.93018110 -1   
38.01698457 -1   
38.01718695 1    
42.47548764 1    
48.90601001 -1   
56.88341009 -1   
61.41183662 -1   
