0.00000000 1    
1.34692046 1    
1.50663090 1    
1.58839067 -1   
1.66478851 1    
1.74786263 -1   
1.82419691 1    
1.90701375 -1   
2.06511241 -1   
2.06543718 1    
2.22328393 -1   
2.22366911 1    
2.46646432 1    
2.46685870 -1   
2.66476922 -1   
2.66506222 1    
2.88836794 -1   
2.88866714 1    
3.04780132 -1   
3.04814127 1    
3.20720186 -1   
3.59877291 -1   
3.59907652 1    
4.09935829 -1   
4.10056848 -1   
4.10106992 -1   
4.13278323 1    
4.16106510 -1   
4.16256228 -1   
4.29126276 -1   
4.29158391 1    
4.75418316 -1   
4.90017387 -1   
4.90161715 -1   
4.94110198 -1   
4.94258975 -1   
4.94411553 -1   
4.95110981 -1   
4.95258319 -1   
4.95385759 -1   
4.95534200 -1   
4.99883413 -1   
5.00032998 -1   
5.06003006 -1   
5.06152485 -1   
5.06301823 -1   
5.09700852 -1   
5.09717056 1    
5.10099995 -1   
5.10474591 -1   
5.11308216 -1   
5.47404578 -1   
5.47528170 -1   
5.47577760 -1   
5.48434717 -1   
5.48582667 -1   
5.48708587 -1   
5.48854759 -1   
5.49006017 -1   
5.49127350 -1   
5.49277739 -1   
5.49402114 -1   
5.49555035 -1   
5.49702178 -1   
5.49831307 -1   
5.49982637 -1   
5.49999827 1    
5.50107865 -1   
5.50256659 -1   
5.50408215 -1   
5.50532221 -1   
5.50678672 -1   
5.50807237 -1   
5.50958422 -1   
5.51106060 -1   
5.51233322 -1   
5.51381544 -1   
5.51506715 -1   
5.63550846 -1   
5.63671267 -1   
5.63824040 -1   
5.63943957 -1   
5.64094127 -1   
5.64243507 -1   
5.64568819 -1   
5.64718360 -1   
5.64868044 -1   
5.65018177 -1   
5.65143252 -1   
5.65292998 -1   
5.65418059 -1   
5.65567603 -1   
5.65717989 -1   
5.65842600 -1   
5.65998383 -1   
5.66124427 -1   
5.66268680 -1   
5.66422258 -1   
5.66549373 -1   
5.66697205 -1   
5.66823656 -1   
5.66974018 -1   
5.67121830 -1   
5.67133726 1    
5.67245962 -1   
5.67391955 -1   
5.67517056 -1   
5.67669078 -1   
5.67818783 -1   
5.67820553 1    
5.67967071 -1   
5.68091857 -1   
5.68241678 -1   
5.68366171 -1   
5.68516405 -1   
5.68666049 -1   
5.68793417 -1   
5.68943153 -1   
5.69065827 -1   
5.69222240 -1   
5.69369444 -1   
5.69490853 -1   
5.69640900 -1   
5.69792990 -1   
5.69936224 -1   
5.70065717 -1   
5.70192607 -1   
5.70341995 -1   
5.70492643 -1   
5.70617065 -1   
5.71465388 -1   
5.71616268 -1   
5.79660920 -1   
5.79811457 -1   
5.79936927 -1   
5.80086745 -1   
5.80212037 -1   
5.80359604 -1   
5.80511854 -1   
5.80634504 -1   
5.80784324 -1   
5.80934149 -1   
5.81059022 -1   
5.81074090 1    
5.81209189 -1   
5.81333999 -1   
5.81485571 -1   
5.81635954 -1   
5.81759084 -1   
5.81908456 -1   
5.82032275 -1   
5.83033952 1    
5.83583890 1    
6.42346270 -1   
6.42375338 1    
6.47202550 -1   
6.47346459 -1   
6.50445076 -1   
6.50571772 -1   
6.50719286 -1   
6.54442850 -1   
6.54567204 -1   
6.58219582 -1   
6.95646667 -1   
6.95768522 -1   
6.95818167 -1   
6.96824514 -1   
7.12781682 -1   
11.75501928 1    
15.46772792 -1   
23.71259206 1    
28.49026578 -1   
35.26966153 -1   
41.29075779 1    
49.66091421 -1   
56.19276041 1    
62.55606183 -1   
