0.00000000 1    
1.01292048 -1   
1.71380163 1    
1.71410326 -1   
2.58342520 1    
2.58436891 1    
2.58486555 1    
2.61841200 -1   
2.71860010 1    
2.72007440 1    
2.77711229 1    
2.77752103 -1   
4.39673516 1    
4.42581851 1    
4.42731698 1    
4.46283209 1    
4.46406737 1    
4.46554335 1    
4.49153940 1    
4.49304620 1    
4.55899715 1    
4.56048675 1    
4.58600140 1    
4.58749118 1    
4.58872039 1    
4.59021805 1    
4.62299675 1    
4.62322583 1    
4.62333586 -1   
4.62644911 1    
4.62769767 1    
4.62921272 1    
4.63044347 1    
4.63194321 1    
4.67142886 1    
4.67292476 1    
4.69946999 1    
4.71365477 1    
4.71516875 1    
4.72042084 1    
4.74040520 1    
4.74190449 1    
4.76918459 1    
4.77063753 1    
4.77186243 1    
4.78113578 1    
4.78136004 1    
4.78144152 -1   
4.80762269 1    
4.80886664 1    
4.82188670 1    
4.89132277 1    
4.89254663 1    
4.89406348 1    
4.89554209 1    
4.90553748 1    
4.90681662 1    
4.90830820 1    
4.90955512 1    
4.91105788 1    
4.91255424 1    
4.91380345 1    
4.91530488 1    
4.91955496 1    
4.92102833 1    
4.92228005 1    
4.92377814 1    
4.92527739 1    
4.93552043 1    
4.93879873 1    
4.97456260 1    
4.97459393 -1   
4.97605682 1    
5.01304999 1    
5.01422999 1    
5.01579070 1    
5.02422468 1    
5.02571679 1    
5.02699285 1    
5.03448476 1    
5.03571080 1    
5.03723138 1    
5.03846198 1    
5.04001068 1    
5.06145487 1    
5.06294640 1    
5.08918904 1    
5.09068158 1    
5.09865453 1    
5.10294541 1    
5.11323240 1    
5.11443376 1    
5.11596873 1    
5.11746774 1    
5.11867182 1    
5.12898159 1    
5.13043311 1    
5.14215281 1    
5.14216647 -1   
5.14346071 1    
5.14494709 1    
5.15520413 1    
5.15664534 1    
5.16519549 1    
5.16638910 1    
5.16794060 1    
5.16945771 1    
5.19114814 1    
5.19262104 1    
5.20093368 1    
5.20236980 1    
5.20361834 1    
5.20513257 1    
5.20636756 1    
5.24162437 1    
5.24311882 1    
5.25639981 1    
5.25787204 1    
5.25913709 1    
5.26065211 1    
5.26214012 1    
5.26338459 1    
5.26485384 1    
5.26498721 -1   
5.26532845 1    
5.29913685 1    
5.30036313 1    
5.30186437 1    
5.30313055 1    
5.30455937 1    
5.31607529 1    
5.31609783 -1   
5.31732446 1    
5.33009784 1    
5.45815112 1    
5.46850438 -1   
5.52150737 -1   
6.24735306 1    
6.24858151 1    
6.24901973 1    
6.31702147 1    
6.31850644 1    
6.40920879 1    
6.41045743 1    
6.44758095 1    
6.44791794 -1   
6.60676094 1    
7.15153783 1    
7.15302993 1    
7.15350071 1    
7.26844647 1    
7.31286288 1    
10.81899983 -1   
12.39772073 -1   
12.55598881 -1   
20.07138688 -1   
26.38096922 1    
32.04497417 1    
35.48569078 1    
35.48590471 -1   
42.59662793 -1   
45.57699678 -1   
50.52962310 -1   
57.41930173 -1   
60.92017866 -1   
