0.00000000 1    
0.22964444 -1   
0.37481674 1    
0.38830195 -1   
0.53321444 1    
0.54720997 -1   
0.73278585 1    
0.83429698 -1   
0.89103062 1    
0.99245543 -1   
1.04936254 1    
1.25228716 -1   
1.37421175 1    
1.41023225 -1   
1.53232291 1    
1.56835439 -1   
1.73646536 1    
1.93518432 -1   
1.93549474 1    
2.09487706 -1   
2.09519307 1    
2.25446012 -1   
2.63791680 -1   
2.63916300 -1   
2.63963728 -1   
2.67178893 1    
2.69239109 -1   
2.69360745 -1   
2.79709703 -1   
2.87656010 1    
3.19969956 -1   
3.45743783 -1   
3.45872782 -1   
3.45917096 -1   
3.50342964 -1   
3.50466557 -1   
3.57991315 -1   
3.58115505 -1   
3.58266663 -1   
3.59014811 -1   
3.59135245 -1   
3.61764892 -1   
3.61913874 -1   
3.62032922 -1   
3.62189600 -1   
3.62283397 -1   
3.62295498 1    
3.64084340 -1   
3.66358464 -1   
3.70080643 -1   
3.70230664 -1   
3.74002303 -1   
3.78222140 -1   
3.87100754 -1   
3.87250185 -1   
3.94084910 -1   
4.04335306 -1   
4.04464521 -1   
4.15602178 -1   
4.24852293 -1   
4.24973894 -1   
4.28397894 -1   
4.28522246 -1   
4.28672197 -1   
4.31430529 -1   
4.33542791 -1   
4.33691650 -1   
4.34494101 -1   
4.34510404 1    
4.34641446 -1   
4.34767883 -1   
4.35491351 -1   
4.35640449 -1   
4.35767937 -1   
4.36540444 -1   
4.36691583 -1   
4.37695584 -1   
4.37839745 -1   
4.37969416 -1   
4.41519321 -1   
4.41637142 -1   
4.41792246 -1   
4.41943572 -1   
4.42067944 -1   
4.42218395 -1   
4.42566733 -1   
4.42713065 -1   
4.42838821 -1   
4.42988303 -1   
4.43766568 -1   
4.43888851 -1   
4.44844820 -1   
4.44991645 -1   
4.45116277 -1   
4.46712091 -1   
4.47353908 -1   
4.47765536 -1   
4.47915314 -1   
4.49659720 -1   
4.49809596 -1   
4.49932312 -1   
4.50436954 1    
4.53337151 -1   
4.53459380 -1   
4.53613027 -1   
4.54329755 -1   
4.54482132 -1   
4.54607010 -1   
4.54756833 -1   
4.54906570 -1   
4.57353493 -1   
4.57484540 -1   
4.57627809 -1   
4.57754830 -1   
4.57905129 -1   
4.58054763 -1   
4.58179989 -1   
4.58327505 -1   
4.58454597 -1   
4.58602276 -1   
4.59154287 -1   
4.59278932 -1   
4.59433772 -1   
4.59554460 -1   
4.59566252 1    
4.60358274 -1   
4.60481674 -1   
4.60629963 -1   
4.60751477 -1   
4.61626338 -1   
4.61755394 -1   
4.61903431 -1   
4.63669491 -1   
4.63876830 -1   
4.64001283 -1   
4.66079404 -1   
4.66203626 -1   
4.66364127 -1   
4.67229642 -1   
4.67231115 1    
4.67353367 -1   
4.67504172 -1   
4.69477928 -1   
4.71722481 -1   
4.71876479 -1   
4.72850527 -1   
4.72999996 -1   
4.77198623 -1   
4.77318725 -1   
4.77472210 -1   
4.79529679 -1   
4.82941199 -1   
4.87665513 1    
4.95266867 -1   
4.96186206 1    
5.03784055 1    
5.55947769 -1   
5.56104358 -1   
5.56146266 -1   
5.60859625 -1   
5.60975473 -1   
5.76387531 -1   
6.00971653 -1   
6.01067852 -1   
6.01104524 1    
6.16982949 -1   
6.66463875 -1   
6.66555854 -1   
6.72962332 -1   
6.73085897 -1   
6.82415812 -1   
11.20054297 1    
11.35900764 1    
18.62621943 1    
24.51625178 1    
32.73110402 -1   
40.35894966 1    
40.37738770 -1   
41.40582318 1    
47.54741085 -1   
53.90599637 -1   
59.92583219 -1   
