0.00000000 1    
0.15907482 1    
0.20540464 -1   
0.31705630 1    
0.36488527 -1   
0.37466478 1    
0.47637300 1    
0.52947870 -1   
0.58229077 -1   
0.59156546 -1   
0.60383443 -1   
0.70521890 -1   
0.70536954 1    
0.72702870 -1   
0.86366363 1    
0.91060305 -1   
0.92609722 -1   
0.94381237 -1   
0.96305026 -1   
1.08494110 -1   
1.15106258 1    
1.24348663 -1   
1.48221812 -1   
1.48257602 1    
1.68276388 1    
1.88512185 -1   
1.88542088 1    
2.07333931 -1   
2.07372954 1    
2.23292180 -1   
2.69784573 -1   
2.69908235 -1   
2.69955033 -1   
2.72356696 -1   
2.72481196 -1   
2.73372480 1    
2.85701003 -1   
2.97472199 1    
3.26089220 -1   
3.53110694 -1   
3.53232199 -1   
3.53281834 -1   
3.59531590 -1   
3.59656202 -1   
3.61334973 -1   
3.61458010 -1   
3.61602900 -1   
3.65004370 -1   
3.65157634 -1   
3.69150815 -1   
3.69298485 -1   
3.69425637 -1   
3.69575497 -1   
3.69725226 -1   
3.69739223 1    
3.69850420 -1   
3.75545195 -1   
3.75696444 -1   
3.75821556 -1   
3.75969211 -1   
3.77346053 -1   
3.77470359 -1   
3.77798767 -1   
3.77924542 -1   
3.78073454 -1   
3.78198365 -1   
3.80992077 -1   
3.81143403 -1   
3.81291133 -1   
3.81418193 -1   
3.85139826 -1   
3.85288758 -1   
3.85416394 -1   
3.85563664 -1   
3.85888311 -1   
3.86015797 -1   
3.86163774 -1   
3.86313330 -1   
3.86438258 -1   
3.86588431 -1   
3.86590853 1    
3.89787732 -1   
3.89911209 -1   
3.91710429 -1   
3.91836748 -1   
3.91985276 -1   
3.92134892 -1   
3.92260059 -1   
3.92410059 -1   
3.92536573 -1   
3.92684725 -1   
3.93484348 -1   
3.93611171 -1   
3.93759309 -1   
3.93908813 -1   
3.94034023 -1   
3.94183766 -1   
3.94309015 -1   
3.94458772 -1   
3.94610717 -1   
3.94735473 -1   
3.94883843 -1   
3.95008324 -1   
3.97160255 -1   
3.97281889 -1   
3.97434362 -1   
3.97581964 -1   
3.97706661 -1   
3.97856594 -1   
3.97868762 1    
3.98006840 -1   
3.98131489 -1   
4.01280628 -1   
4.01429636 -1   
4.01579525 -1   
4.01704400 -1   
4.01854496 -1   
4.01979006 -1   
4.02132154 -1   
4.02279109 -1   
4.02404192 -1   
4.02554001 -1   
4.02678911 -1   
4.02828688 -1   
4.02978999 -1   
4.03105837 -1   
4.03253770 -1   
4.03403463 -1   
4.03528678 -1   
4.03678224 -1   
4.03803142 -1   
4.03953069 -1   
4.05932998 -1   
4.05936175 1    
4.06057928 -1   
4.06201905 -1   
4.06357854 -1   
4.07828034 -1   
4.07978075 -1   
4.08127832 -1   
4.08277949 -1   
4.08400396 -1   
4.08552897 -1   
4.08678159 -1   
4.08830588 -1   
4.08980718 -1   
4.09101900 -1   
4.09251811 -1   
4.09402286 -1   
4.09532035 -1   
4.09680735 -1   
4.09800373 -1   
4.09954502 -1   
4.10105219 -1   
4.10229577 -1   
4.10383413 -1   
4.11798225 1    
4.12775270 1    
4.22248610 1    
4.91107599 -1   
4.91228233 -1   
4.91277701 -1   
4.94926509 -1   
4.95051580 -1   
4.98649606 -1   
4.98776390 -1   
5.05451517 -1   
5.05508202 1    
5.10759429 -1   
5.60716608 -1   
5.60866503 -1   
5.60913203 -1   
5.68809470 -1   
5.76852334 -1   
9.68447431 -1   
10.26195395 1    
17.00825590 -1   
19.16290674 1    
27.51607177 -1   
34.80035925 -1   
42.04846444 -1   
44.90779354 -1   
44.90800565 1    
51.55305155 -1   
58.02231432 -1   
