0.00000000 1    
0.24101759 -1   
0.49116806 -1   
0.49158560 1    
0.68132287 -1   
0.70717588 -1   
0.74169806 -1   
0.74943195 -1   
0.86624822 -1   
0.86638951 1    
1.05637719 -1   
1.05643299 1    
1.08718595 -1   
1.10569303 -1   
1.21735175 -1   
1.42344955 -1   
1.42375410 1    
1.62028691 -1   
1.62032289 1    
1.82533432 1    
1.98346132 1    
2.06849389 -1   
2.26721922 -1   
2.26775541 1    
2.42599350 1    
2.52745532 -1   
2.58439847 1    
2.80059729 -1   
3.05811811 -1   
3.05930408 -1   
3.05980000 -1   
3.09048229 1    
3.12102504 -1   
3.12251327 -1   
3.21750680 -1   
3.24874159 1    
3.61289171 -1   
3.81789799 -1   
3.81938545 -1   
3.81985987 -1   
3.87808679 -1   
3.87958375 -1   
3.90059234 -1   
3.90209517 -1   
3.90333849 -1   
3.91883089 -1   
3.92032992 -1   
4.00177943 -1   
4.00301254 -1   
4.00732527 -1   
4.00881464 -1   
4.01000887 -1   
4.01009859 1    
4.01150311 -1   
4.11421304 -1   
4.11546013 -1   
4.11694577 -1   
4.11844121 -1   
4.13094390 -1   
4.13246063 -1   
4.13370421 -1   
4.13520576 -1   
4.13670556 -1   
4.13793104 -1   
4.13945402 -1   
4.14071993 -1   
4.14220362 -1   
4.14367819 -1   
4.19742333 -1   
4.19864650 -1   
4.20014799 -1   
4.20166552 -1   
4.20866071 -1   
4.20989248 -1   
4.21141314 -1   
4.21265499 -1   
4.21688562 -1   
4.21841130 -1   
4.21843467 1    
4.26486662 -1   
4.26635686 -1   
4.31560203 -1   
4.31708246 -1   
4.31834152 -1   
4.31985427 -1   
4.32132813 -1   
4.32257443 -1   
4.32407652 -1   
4.32534389 -1   
4.32682787 -1   
4.32832117 -1   
4.32957106 -1   
4.33107066 -1   
4.33381921 -1   
4.33531668 -1   
4.33657113 -1   
4.33806619 -1   
4.34238151 -1   
4.34356343 -1   
4.34506791 -1   
4.34660785 -1   
4.35056564 -1   
4.35207809 -1   
4.35359931 -1   
4.35485398 -1   
4.35906499 -1   
4.36055214 -1   
4.36067247 1    
4.36180027 -1   
4.36329980 -1   
4.41479779 -1   
4.41633549 -1   
4.41758045 -1   
4.41909349 -1   
4.42332605 -1   
4.42457361 -1   
4.42601742 -1   
4.42728858 -1   
4.43457896 -1   
4.43582011 -1   
4.43733929 -1   
4.43856491 -1   
4.44279541 -1   
4.44432048 -1   
4.44557525 -1   
4.44702478 -1   
4.45405723 -1   
4.45555719 -1   
4.45679662 -1   
4.45830765 -1   
4.49455732 1    
4.49899228 -1   
4.50049191 -1   
4.50175821 -1   
4.50328208 -1   
4.52152831 -1   
4.52276144 -1   
4.52428958 -1   
4.52577007 -1   
4.52696434 -1   
4.52850589 -1   
4.52976488 -1   
4.53125619 -1   
4.53276582 -1   
4.53395370 -1   
4.53549786 -1   
4.53695804 -1   
4.53823085 -1   
4.53974961 -1   
4.54101478 -1   
4.54245572 -1   
4.54394987 -1   
4.54522155 -1   
4.54673955 -1   
4.54705226 1    
4.55684469 1    
4.65543616 1    
5.17509378 -1   
5.17658941 -1   
5.17708598 -1   
5.20383388 -1   
5.20534356 -1   
5.24185089 -1   
5.30002091 -1   
5.30039571 1    
5.32377893 -1   
5.38134153 -1   
5.90799604 -1   
5.90942836 -1   
5.90991593 -1   
5.95639394 -1   
6.09204114 -1   
10.61396602 1    
10.82225158 1    
18.63080813 1    
24.32549572 -1   
30.70264099 -1   
30.70282300 1    
31.48736710 1    
31.66983308 -1   
31.67031448 1    
31.97066020 -1   
31.97090108 1    
32.43587445 -1   
32.43624261 1    
32.86191723 -1   
32.86297131 1    
33.31026411 -1   
33.31177732 -1   
33.41899413 -1   
33.42046045 -1   
33.43871906 -1   
33.48769458 -1   
33.48869105 1    
33.70909619 1    
33.92003892 -1   
34.14938427 -1   
34.14964755 1    
34.94063993 1    
38.96140757 1    
43.97499968 -1   
51.54378269 1    
59.61414706 -1   
