0.00000000 -1   
0.64366159 1    
0.80292617 1    
0.85121530 -1   
0.96114564 1    
1.01076628 -1   
1.02046308 1    
1.12073531 1    
1.17011629 -1   
1.24842366 -1   
1.26837961 -1   
1.27962165 -1   
1.36820902 -1   
1.36837636 1    
1.52733022 -1   
1.52762840 1    
1.59246815 -1   
1.59396435 -1   
1.60047056 -1   
1.68776926 -1   
1.69848114 1    
1.85513396 -1   
2.05251146 -1   
2.05278908 1    
2.21991086 -1   
2.22023909 1    
2.37959237 -1   
2.37988720 1    
2.58694696 -1   
3.00246696 -1   
3.00276536 1    
3.77344928 -1   
3.77466721 -1   
3.77516288 -1   
3.80866359 1    
3.93511035 -1   
3.93634449 -1   
3.96735498 -1   
3.96766597 1    
4.53986816 -1   
4.76538223 -1   
4.76660489 -1   
4.76710609 -1   
4.80436717 -1   
4.80588772 -1   
4.81563630 -1   
4.81689912 -1   
4.81837525 -1   
4.91227562 -1   
4.91376582 -1   
4.92554498 -1   
4.92704368 -1   
4.92827634 -1   
4.92900283 -1   
4.92939218 1    
4.93206958 -1   
4.93331665 -1   
4.96451435 -1   
4.96579729 -1   
4.96730056 -1   
4.96855995 -1   
4.97575546 -1   
4.97725089 -1   
4.97850646 -1   
4.98003485 -1   
4.98150721 -1   
5.04521801 -1   
5.07217740 -1   
5.07367525 -1   
5.07544378 -1   
5.07694488 -1   
5.08546941 -1   
5.08692010 -1   
5.08818105 -1   
5.08966899 -1   
5.09093331 -1   
5.09248376 -1   
5.09363939 -1   
5.09369455 1    
5.09570868 -1   
5.09697277 -1   
5.09849098 -1   
5.09992776 -1   
5.14541838 -1   
5.14663359 -1   
5.19385703 -1   
5.19540576 -1   
5.25499773 -1   
5.32678368 -1   
5.32827543 -1   
5.33653277 -1   
5.33779259 -1   
5.34779652 -1   
5.34794932 1    
5.34904244 -1   
5.35051479 -1   
5.35679063 -1   
5.35802518 -1   
5.35951297 -1   
5.36102542 -1   
5.36250774 -1   
5.36377011 -1   
5.36527918 -1   
5.36650575 -1   
5.36802821 -1   
5.36977837 -1   
5.37100474 -1   
5.37250216 -1   
5.37400059 -1   
5.37524887 -1   
5.37675184 -1   
5.37799675 -1   
5.38374991 -1   
5.38524380 -1   
5.38649757 -1   
5.38799222 -1   
5.38949206 -1   
5.39075995 -1   
5.39226294 -1   
5.39349189 -1   
5.39499199 -1   
5.39648825 -1   
5.39776475 -1   
5.39925260 -1   
5.40077935 -1   
5.40200003 -1   
5.40348545 -1   
5.40475767 -1   
5.40625954 -1   
5.40773207 -1   
5.40786302 1    
5.40900210 -1   
5.41048114 -1   
5.41175415 -1   
5.41324976 -1   
5.45256813 -1   
5.47819417 -1   
5.47969191 -1   
5.48794325 -1   
5.48918504 -1   
5.49068321 -1   
5.49193536 -1   
5.49343680 -1   
5.49493413 -1   
5.49620059 -1   
5.49795479 -1   
5.49943241 -1   
5.50067746 -1   
5.50221089 -1   
5.50895263 -1   
5.50897444 1    
5.51045075 -1   
5.51167167 -1   
5.51319873 -1   
5.51467051 -1   
5.53019073 -1   
5.53165932 -1   
5.53293345 -1   
5.54218090 -1   
5.63700692 -1   
5.63737749 1    
5.64721170 1    
5.66764736 1    
6.66105087 -1   
6.66231713 -1   
6.66276099 -1   
6.80924620 -1   
6.81049967 -1   
6.86105248 -1   
6.92417551 -1   
6.97059761 -1   
6.97092096 1    
7.01863576 -1   
7.21763574 -1   
7.79665882 -1   
7.79788970 -1   
7.79836485 -1   
7.94481330 -1   
7.95773020 -1   
10.19867176 1    
12.54069672 1    
12.69920682 1    
17.86796144 1    
22.09311751 -1   
24.95417852 1    
25.38241543 -1   
25.69668503 1    
25.85509010 1    
26.01834634 -1   
26.01859932 1    
26.17652667 -1   
26.22040570 1    
26.37435487 -1   
26.37951578 1    
26.64414139 -1   
26.64563374 -1   
26.64607384 -1   
26.64793893 1    
26.80739546 -1   
26.80742996 1    
27.07073096 -1   
27.07096417 1    
27.23037379 -1   
27.42857125 -1   
27.42947619 1    
27.84489372 -1   
32.36254284 1    
38.66092894 1    
43.03248172 1    
49.33170919 -1   
49.33190617 1    
51.74869882 1    
51.91851637 -1   
51.91875210 1    
52.14709854 -1   
52.14730417 1    
52.43567188 -1   
55.22640344 -1   
