0.00000000 -1   
0.50858704 1    
0.50892250 -1   
1.05817492 1    
1.05940398 1    
1.05989895 1    
1.09263909 -1   
1.10039154 1    
1.10187890 1    
1.25112037 1    
1.25144364 -1   
1.63917479 1    
1.86504391 1    
1.86650085 1    
1.86694034 1    
1.89968069 1    
1.90094829 1    
1.92341833 1    
1.92493364 1    
1.92642695 1    
1.94842442 1    
1.94966110 1    
2.02510479 1    
2.02660155 1    
2.02785369 1    
2.02937259 1    
2.03087050 1    
2.03096750 -1   
2.03209776 1    
2.05983900 1    
2.06132917 1    
2.06257640 1    
2.06407887 1    
2.08332508 1    
2.08481686 1    
2.08606402 1    
2.08758302 1    
2.08931074 1    
2.09055918 1    
2.10830511 1    
2.10980142 1    
2.11104893 1    
2.11258135 1    
2.18502586 1    
2.18650687 1    
2.18777125 1    
2.18925712 1    
2.19075489 1    
2.19200263 1    
2.19351850 1    
2.19476767 1    
2.19625575 1    
2.19775203 1    
2.19777858 -1   
2.21974473 1    
2.22123377 1    
2.22251205 1    
2.22400765 1    
2.22550608 1    
2.22673270 1    
2.22823145 1    
2.22947960 1    
2.24353055 1    
2.24477700 1    
2.24622775 1    
2.24777859 1    
2.24902161 1    
2.25052998 1    
2.25177580 1    
2.25328127 1    
2.25478202 1    
2.25602548 1    
2.25749170 1    
2.25877106 1    
2.26846476 1    
2.26970577 1    
2.27120471 1    
2.27270508 1    
2.27395629 1    
2.27545659 1    
2.27675763 1    
2.27827206 1    
2.27857306 -1   
2.31219036 1    
2.31345365 1    
2.34667097 1    
2.34793469 1    
2.34943731 1    
2.35068239 1    
2.35218834 1    
2.35368153 1    
2.35493019 1    
2.35642955 1    
2.35793093 1    
2.35940661 1    
2.36065710 1    
2.36215365 1    
2.36340569 1    
2.36492738 1    
2.36642389 1    
2.36767219 1    
2.36917853 1    
2.37067392 1    
2.37192660 1    
2.37341841 1    
2.38117061 1    
2.38118521 -1   
2.38269951 1    
2.38394839 1    
2.38546301 1    
2.38695580 1    
2.38814283 1    
2.38970370 1    
2.39117178 1    
2.39238856 1    
2.39391141 1    
2.39515943 1    
2.39665695 1    
2.39815446 1    
2.39938562 1    
2.40090098 1    
2.40215645 1    
2.40492202 1    
2.40615283 1    
2.40765302 1    
2.40913137 1    
2.41039739 1    
2.41190160 1    
2.41316760 1    
2.41339513 1    
2.43942931 -1   
2.44849357 -1   
2.54066198 -1   
3.05481237 1    
3.05603194 1    
3.05650784 1    
3.08949569 1    
3.09075542 1    
3.10123667 1    
3.11323691 1    
3.11352749 -1   
3.18694394 1    
3.28198462 1    
3.67774837 1    
3.67892776 1    
3.67940694 1    
3.70564296 1    
3.83878990 1    
8.64009218 -1   
8.79859910 -1   
16.90176366 1    
19.67446327 -1   
25.01033794 1    
29.13796402 1    
33.42081703 1    
34.25399300 -1   
39.74829741 -1   
43.35085876 -1   
43.50892782 -1   
43.77982828 1    
43.78017820 -1   
44.05639405 1    
44.05671723 -1   
44.20248300 1    
44.20397857 1    
44.22875859 1    
44.33016262 1    
44.33142492 1    
44.41388766 1    
44.43383154 1    
44.45391811 -1   
44.60026079 1    
44.60149949 1    
44.60197429 1    
44.60374936 -1   
44.65951142 -1   
44.95612493 1    
45.14242827 1    
45.19551335 1    
45.19569557 -1   
45.41997806 1    
45.42003931 -1   
45.60473195 -1   
46.12005171 1    
46.12107752 -1   
46.79252176 1    
52.91243176 1    
57.48177750 1    
59.70187562 -1   
60.07222677 1    
60.07239381 -1   
