0.00000000 -1   
1.76049738 1    
1.99635619 -1   
1.99653361 1    
2.16903705 1    
2.21231450 -1   
2.40984821 -1   
2.41025857 1    
2.56945786 1    
2.67993749 -1   
2.77578778 -1   
2.78554817 -1   
2.82629755 -1   
2.82690843 1    
2.88272285 -1   
3.09906147 -1   
3.09920338 1    
3.25732797 1    
3.36781863 -1   
3.42241791 -1   
3.42243905 1    
3.43768062 -1   
3.47788124 -1   
3.56676605 -1   
3.62563156 1    
3.79809766 -1   
3.79844925 1    
3.95798316 -1   
3.95830405 1    
4.11764871 -1   
4.11797056 1    
4.39773117 -1   
4.48308283 -1   
4.48456860 -1   
4.53030752 -1   
4.53177901 -1   
4.56491655 1    
4.63565592 -1   
4.72297998 1    
5.01917121 -1   
5.30863380 -1   
5.31015539 -1   
5.31057917 -1   
5.36655851 -1   
5.36805213 -1   
5.38856134 -1   
5.39006306 -1   
5.39155835 -1   
5.39281061 -1   
5.40235604 -1   
5.46852236 -1   
5.46999118 -1   
5.47149093 -1   
5.47281341 -1   
5.47430166 -1   
5.47449546 1    
5.47555211 -1   
5.52646353 -1   
5.52796940 -1   
5.52951354 -1   
5.53102545 -1   
5.54872211 -1   
5.55019071 -1   
5.55144359 -1   
5.55294269 -1   
5.55418961 -1   
5.55571230 -1   
5.55721313 -1   
5.55845421 -1   
5.56246487 -1   
5.56393245 -1   
5.62867595 -1   
5.63016756 -1   
5.63141807 -1   
5.63289558 -1   
5.63416169 -1   
5.63567859 -1   
5.63717638 -1   
5.63842248 -1   
5.63989281 -1   
5.64116452 -1   
5.64118611 1    
5.67465349 -1   
5.67612194 -1   
5.68786951 -1   
5.68936492 -1   
5.69086187 -1   
5.69213299 -1   
5.69363399 -1   
5.69510739 -1   
5.69636245 -1   
5.69785876 -1   
5.71010958 -1   
5.71159777 -1   
5.71309778 -1   
5.71434753 -1   
5.71584884 -1   
5.71711840 -1   
5.71861986 -1   
5.72011630 -1   
5.72136796 -1   
5.72284303 -1   
5.72412327 -1   
5.72561227 -1   
5.72712023 -1   
5.72836453 -1   
5.72986389 -1   
5.73110997 -1   
5.73261683 -1   
5.73410850 -1   
5.73422333 1    
5.73536093 -1   
5.73683719 -1   
5.79032719 -1   
5.79156881 -1   
5.79305966 -1   
5.79457985 -1   
5.79580216 -1   
5.79734012 -1   
5.79882630 -1   
5.80010644 -1   
5.80161202 -1   
5.80282364 -1   
5.80430215 -1   
5.80579525 -1   
5.80704854 -1   
5.80856749 -1   
5.80979581 -1   
5.81131578 -1   
5.81279627 -1   
5.81404172 -1   
5.81556586 -1   
5.81711352 -1   
5.83609089 -1   
5.83612584 1    
5.83752982 -1   
5.83902567 -1   
5.84027867 -1   
5.85304141 -1   
5.85453980 -1   
5.85578782 -1   
5.85729004 -1   
5.85878536 -1   
5.86001795 -1   
5.86153530 -1   
5.86278506 -1   
5.86428300 -1   
5.86578715 -1   
5.86701230 -1   
5.86853448 -1   
5.86976207 -1   
5.87125776 -1   
5.87275654 -1   
5.87400851 -1   
5.87550423 -1   
5.87700760 -1   
5.87829141 -1   
5.87852210 -1   
5.91703399 1    
5.92676667 1    
5.99474664 1    
6.49118134 -1   
6.49266896 -1   
6.49314900 -1   
6.51214796 -1   
6.51341680 -1   
6.52990653 -1   
6.56563816 -1   
6.56596850 1    
6.61036457 -1   
6.67042826 -1   
7.13207271 -1   
7.13331358 -1   
7.13391737 -1   
7.16629338 -1   
7.32563553 -1   
12.02030835 1    
12.17874783 1    
19.61175892 -1   
22.98164812 -1   
26.67809120 1    
33.88956728 1    
33.91805911 -1   
39.32129460 -1   
39.32152286 1    
43.58289684 1    
50.61214795 1    
53.89744629 -1   
57.30649171 -1   
59.40781409 -1   
61.55050128 -1   
