0.00000000 1    
0.23433736 -1   
0.23452507 1    
0.44582136 -1   
0.44585853 1    
0.77602609 1    
0.98795934 -1   
0.98824508 1    
1.20528114 -1   
1.20558051 1    
1.41868427 -1   
1.77722076 1    
1.98985114 -1   
1.99013987 1    
2.24744337 -1   
2.24776076 1    
2.70442327 -1   
7.52696632 1    
13.56052357 -1   
13.56096229 1    
13.98996952 1    
17.79182952 1    
17.99144157 -1   
17.99173737 1    
18.15084927 -1   
18.15129468 1    
18.31180595 -1   
18.31215176 1    
18.38836842 -1   
18.41959769 -1   
18.42107315 -1   
18.47335074 -1   
18.47358261 1    
18.66138572 -1   
18.70472092 -1   
18.72942339 -1   
18.75390734 -1   
18.80511411 -1   
18.85917473 -1   
18.85941278 1    
19.79297297 1    
19.99079865 -1   
19.99122174 1    
20.15046064 -1   
20.34811150 -1   
20.34843847 1    
20.57521535 -1   
20.79346911 1    
20.98851084 -1   
20.98882170 1    
21.21862802 -1   
21.21894049 1    
21.37827683 -1   
21.37870817 1    
21.53796442 -1   
21.90743335 -1   
21.90759800 1    
22.34770290 -1   
22.34804323 1    
22.80296149 -1   
22.80326049 1    
23.29729457 -1   
23.29853000 -1   
23.29902590 -1   
23.30827703 -1   
23.30977822 -1   
23.33440788 1    
23.46608801 -1   
23.49249031 1    
23.85756550 -1   
24.04038532 -1   
24.04162863 -1   
24.05554482 -1   
24.13883229 -1   
24.14032504 -1   
24.16884783 -1   
24.17003025 -1   
24.17159421 -1   
24.17284181 -1   
24.17431125 -1   
24.20078867 -1   
24.20203664 -1   
24.20357156 -1   
24.20481517 -1   
24.21578650 -1   
24.21598138 1    
24.21700395 -1   
24.29877952 -1   
24.30023520 -1   
24.30146774 -1   
24.30297536 -1   
24.32900718 -1   
24.33018787 -1   
24.33173778 -1   
24.33326668 -1   
24.33446859 -1   
24.33601272 -1   
24.33718238 -1   
24.33874020 -1   
24.34025107 -1   
24.34148829 -1   
24.36092878 -1   
24.36216749 -1   
24.36368400 -1   
24.36518739 -1   
24.36644393 -1   
24.36793762 -1   
24.36916615 -1   
24.37068575 -1   
24.37593506 -1   
24.37716097 -1   
24.37718062 1    
24.41714464 -1   
24.41865734 -1   
24.46013763 -1   
24.46167313 -1   
24.46293075 -1   
24.46441138 -1   
24.46591522 -1   
24.46710781 -1   
24.46866908 -1   
24.46991648 -1   
24.49040619 -1   
24.49166164 -1   
24.49309579 -1   
24.49461856 -1   
24.49586705 -1   
24.49736514 -1   
24.49861830 -1   
24.50008972 -1   
24.50159212 -1   
24.50283752 -1   
24.50438834 -1   
24.50563566 -1   
24.50714298 -1   
24.50865987 -1   
24.50988411 -1   
24.51140047 -1   
24.51264895 -1   
24.51414545 -1   
24.51560716 -1   
24.51573228 1    
24.51688897 -1   
24.52212944 -1   
24.52366118 -1   
24.53182475 -1   
24.53306915 -1   
24.54159026 -1   
24.54160420 1    
24.54283562 -1   
24.54433646 -1   
24.54558716 -1   
24.54708705 -1   
24.55380992 -1   
24.55508331 -1   
24.55658046 -1   
24.56557972 -1   
24.56705265 -1   
24.58788328 -1   
24.58934815 -1   
24.59059897 -1   
24.59209708 -1   
24.59355140 -1   
24.59481360 -1   
24.60030662 -1   
24.60183743 -1   
24.61185367 -1   
24.62180429 -1   
24.62302554 -1   
24.62456732 -1   
24.62583002 -1   
24.62729024 -1   
24.62879130 -1   
24.63004279 -1   
24.63153999 -1   
24.63301604 -1   
24.63428409 -1   
24.63578225 -1   
24.63703270 -1   
24.63714246 1    
24.63853480 -1   
24.64002976 -1   
24.64128150 -1   
24.64278015 -1   
24.65178327 -1   
24.65325900 -1   
24.66402150 -1   
24.66551716 -1   
24.68105230 -1   
24.71192433 1    
24.74798710 1    
25.26686607 -1   
25.26722126 1    
25.31769819 -1   
25.31917804 -1   
25.33686712 -1   
25.33811353 -1   
25.33968668 -1   
25.36837233 -1   
25.36961625 -1   
25.42587576 -1   
25.74539014 -1   
25.74688186 -1   
25.74737629 -1   
25.80889129 -1   
25.90676532 -1   
30.85642640 1    
31.10797368 1    
37.66621125 1    
41.80410324 1    
50.91708116 -1   
58.48827305 -1   
