0.00000000 -1   
0.27042097 1    
0.27086770 -1   
0.43019292 -1   
0.48427724 1    
0.68268490 1    
0.68285022 -1   
0.84120603 -1   
1.02139970 1    
1.02170897 -1   
1.18104768 1    
1.18140782 -1   
1.34072245 1    
1.35263826 -1   
1.52284611 1    
1.52315783 -1   
1.73123843 1    
1.73150458 -1   
1.89091477 1    
1.89120741 -1   
2.12802066 1    
2.46873349 1    
2.47022461 1    
2.47069969 1    
2.50171369 1    
2.50295034 1    
2.50347175 -1   
2.62840512 1    
2.66163712 -1   
3.09625466 1    
3.22280346 1    
3.22404421 1    
3.24651232 1    
3.27301669 1    
3.27426818 1    
3.27576475 1    
3.27699305 1    
3.30020331 1    
3.35845272 1    
3.35969392 1    
3.38145649 1    
3.38295423 1    
3.38445570 1    
3.38570116 1    
3.42193177 1    
3.42207477 -1   
3.42343049 1    
3.44514575 1    
3.45821990 1    
3.46862918 1    
3.46989658 1    
3.48089596 1    
3.50863537 1    
3.51012487 1    
3.52984855 1    
3.53109143 1    
3.53259232 1    
3.54061324 1    
3.54186330 1    
3.54336183 1    
3.56858017 1    
3.56981881 1    
3.57907040 1    
3.58056674 1    
3.58206831 1    
3.60108088 1    
3.60134901 -1   
3.60255463 1    
3.60382479 1    
3.60529987 1    
3.62606352 1    
3.64829979 1    
3.65977705 1    
3.66126987 1    
3.66251824 1    
3.73398633 1    
3.76621751 1    
3.76770949 1    
3.78558757 1    
3.79895474 1    
3.80043811 1    
3.82999177 1    
3.83144235 1    
3.83292824 1    
3.83306195 -1   
3.92090292 1    
3.92239160 1    
3.94427202 1    
3.94587515 1    
3.94737923 1    
3.97786337 1    
3.97911105 1    
3.98060859 1    
3.99013558 1    
3.99134929 1    
3.99988373 1    
4.00136982 1    
4.00263526 1    
4.01233990 1    
4.01381783 1    
4.01508681 1    
4.03381073 1    
4.03532733 1    
4.03657294 1    
4.09379969 1    
4.09397987 -1   
4.09504442 1    
4.10602568 1    
4.14501352 1    
4.14679197 1    
4.15701075 1    
4.15850810 1    
4.15973339 1    
4.17700150 1    
4.17824535 1    
4.17974261 1    
4.18099057 1    
4.18249137 1    
4.20673537 1    
4.22475881 1    
4.22597468 1    
4.22744437 1    
4.22869153 1    
4.23019069 1    
4.24923378 1    
4.25070409 1    
4.26591411 1    
4.26593673 -1   
4.30269020 1    
4.30421187 1    
4.32963610 1    
4.33113462 1    
4.33238218 1    
4.37967397 1    
4.38091254 1    
4.38241532 1    
4.40991367 1    
4.41115245 1    
4.41264358 1    
4.42551183 1    
4.42935720 1    
4.43084837 1    
4.43209927 1    
4.43223262 -1   
4.43357774 1    
4.43509453 1    
4.44159717 1    
4.44309285 1    
4.45383883 1    
4.45508768 1    
4.45658314 1    
4.50184147 1    
4.58303164 1    
4.59327131 -1   
4.63700651 -1   
5.11750650 1    
5.11871707 1    
5.11919545 1    
5.15194057 1    
5.15318914 1    
5.18545375 1    
5.21569807 1    
5.24886721 1    
5.24917660 -1   
5.31043378 1    
5.77156947 1    
5.77308695 1    
5.77355736 1    
5.80732438 1    
5.93299665 1    
11.09744546 -1   
11.25578641 -1   
15.54387154 -1   
21.29257175 -1   
26.59101097 1    
33.19588423 -1   
41.81722364 -1   
49.13490133 1    
57.23877767 1    
61.26455017 -1   
