0.00000000 1    
0.72068508 -1   
0.96041910 1    
1.11810849 1    
1.11842340 -1   
1.27720195 -1   
1.30949023 1    
1.35661692 1    
1.36786287 1    
1.37983238 1    
1.51616574 1    
1.51646735 -1   
1.70001940 1    
1.70034345 -1   
1.92164346 1    
2.12650488 1    
2.12682999 -1   
2.28562381 -1   
2.45331382 1    
2.45359477 -1   
2.63421432 1    
2.63453753 -1   
2.79312369 1    
2.79345802 -1   
3.03400553 1    
3.24852436 1    
3.25002687 1    
3.25050120 1    
3.27175154 1    
3.28544479 -1   
3.29376135 1    
3.40721790 1    
3.44521730 -1   
3.89851088 1    
4.01335839 1    
4.01459580 1    
4.04557972 1    
4.04681927 1    
4.04832081 1    
4.08504024 1    
4.08652852 1    
4.09555083 1    
4.09951119 1    
4.11903737 1    
4.12028424 1    
4.18075284 1    
4.18224750 1    
4.18349540 1    
4.19548994 1    
4.19562951 -1   
4.21471188 1    
4.21595115 1    
4.21745179 1    
4.21894914 1    
4.22020071 1    
4.22169575 1    
4.25144174 1    
4.25292981 1    
4.25443337 1    
4.25567990 1    
4.26120039 1    
4.26246169 1    
4.26469763 1    
4.26594189 1    
4.28241958 1    
4.28391292 1    
4.28541303 1    
4.28665859 1    
4.34016621 1    
4.34164918 1    
4.34314623 1    
4.34437666 1    
4.34590396 1    
4.34712691 1    
4.35490289 1    
4.35639420 1    
4.35641799 -1   
4.37538669 1    
4.37688110 1    
4.37838118 1    
4.37962771 1    
4.38112190 1    
4.38237506 1    
4.38387874 1    
4.38537401 1    
4.38664645 1    
4.39710233 1    
4.39861916 1    
4.41934305 1    
4.42083457 1    
4.42233295 1    
4.42359900 1    
4.42509858 1    
4.43285368 1    
4.43409895 1    
4.43559427 1    
4.44009705 1    
4.44160674 1    
4.44307473 1    
4.44431956 1    
4.44584601 1    
4.44706776 1    
4.44857057 1    
4.45006579 1    
4.45131534 1    
4.45144687 -1   
4.45281816 1    
4.45431401 1    
4.45556480 1    
4.45706128 1    
4.45831267 1    
4.45981055 1    
4.46130881 1    
4.50155256 1    
4.50278608 1    
4.50428952 1    
4.50578678 1    
4.50705352 1    
4.50855400 1    
4.50978272 1    
4.51128343 1    
4.51278406 1    
4.51403155 1    
4.51553256 1    
4.51677968 1    
4.51828276 1    
4.51979986 1    
4.52102627 1    
4.52254337 1    
4.53627789 1    
4.53631418 -1   
4.53777007 1    
4.53926599 1    
4.54054063 1    
4.54203443 1    
4.54326430 1    
4.54476325 1    
4.54626588 1    
4.54753255 1    
4.54903382 1    
4.55025957 1    
4.55176243 1    
4.55325757 1    
4.55452812 1    
4.55600959 1    
4.55750850 1    
4.55875572 1    
4.56025625 1    
4.56151848 1    
4.56199842 1    
4.56377079 1    
4.69650921 -1   
4.72047343 1    
4.72958697 -1   
4.88889768 -1   
5.31884977 1    
5.32032030 1    
5.32057037 1    
5.33934079 1    
5.34083383 1    
5.37231861 1    
5.42828038 1    
5.42863618 -1   
5.49472698 1    
5.50184175 1    
6.00819071 1    
6.00967310 1    
6.01016902 1    
6.02645528 1    
6.18505075 1    
10.89938738 -1   
11.05911522 -1   
15.43366674 1    
18.71079092 1    
26.43269861 -1   
29.88563661 1    
29.88579389 -1   
34.20355722 -1   
38.66861313 1    
42.72893368 -1   
50.46309923 -1   
54.35211486 1    
62.04566574 -1   
