0.00000000 -1   
0.23252276 1    
0.23270625 -1   
0.38992372 1    
0.39035078 -1   
0.55015796 1    
0.55020157 -1   
0.75259329 1    
0.79835173 1    
0.80983702 1    
0.81886941 1    
0.92824761 -1   
0.94938106 1    
1.10682950 1    
1.10715759 -1   
1.31689136 1    
1.31720127 -1   
1.60171612 1    
1.92885071 -1   
2.09219828 1    
2.09249384 -1   
2.29282034 1    
2.29317362 -1   
2.80128132 1    
2.92950372 -1   
3.10137893 1    
3.10168613 -1   
3.32099878 1    
3.32131097 -1   
3.69652088 1    
4.93073723 -1   
5.09573863 1    
5.09605197 -1   
5.25314420 1    
5.29429318 -1   
5.45053349 1    
5.45194579 -1   
5.60792251 1    
5.60934009 -1   
5.76783781 1    
6.16914148 1    
6.16950092 -1   
6.66364424 1    
6.66415473 -1   
7.26963260 1    
7.27086422 1    
7.27136015 1    
7.30685080 -1   
7.31637122 1    
7.31784645 1    
7.46480185 1    
7.46514859 -1   
7.77320559 1    
7.99899053 1    
8.00047319 1    
8.00070301 1    
8.02174842 1    
8.02325098 1    
8.04246261 1    
8.04392518 1    
8.04517355 1    
8.05894357 1    
8.07992750 1    
8.15837195 1    
8.15987984 1    
8.16110436 1    
8.16263527 1    
8.16387736 1    
8.16397874 -1   
8.16537939 1    
8.18111832 1    
8.18261199 1    
8.18386468 1    
8.18536682 1    
8.20183527 1    
8.20308419 1    
8.20463674 1    
8.20583684 1    
8.20737786 1    
8.20885338 1    
8.21810217 1    
8.21959372 1    
8.23933230 1    
8.24087309 1    
8.31777430 1    
8.31926351 1    
8.32053951 1    
8.32203980 1    
8.32326358 1    
8.32475998 1    
8.32626349 1    
8.32753303 1    
8.32903595 1    
8.33026110 1    
8.33028213 -1   
8.34052523 1    
8.34202686 1    
8.34325246 1    
8.34477233 1    
8.34602724 1    
8.34751930 1    
8.34901860 1    
8.35024727 1    
8.36101433 1    
8.36251848 1    
8.36402269 1    
8.36524115 1    
8.36676979 1    
8.36826743 1    
8.36950753 1    
8.37100509 1    
8.37224058 1    
8.37375032 1    
8.37525719 1    
8.37648128 1    
8.37798327 1    
8.37922814 1    
8.38075076 1    
8.38222887 1    
8.39872909 1    
8.40021861 1    
8.40146944 1    
8.40296720 1    
8.40310124 -1   
8.43920473 1    
8.44069328 1    
8.47893038 1    
8.48017327 1    
8.48169696 1    
8.48291911 1    
8.48442155 1    
8.48591888 1    
8.48716627 1    
8.48866738 1    
8.48994353 1    
8.49144221 1    
8.49291706 1    
8.49416507 1    
8.49566517 1    
8.49716041 1    
8.49866008 1    
8.49991144 1    
8.50142348 1    
8.50293121 1    
8.50416042 1    
8.50565937 1    
8.50691002 1    
8.50692516 -1   
8.50840499 1    
8.50992068 1    
8.51115622 1    
8.51265273 1    
8.51390595 1    
8.51540164 1    
8.51692776 1    
8.51815222 1    
8.51964826 1    
8.52091882 1    
8.52242152 1    
8.52391338 1    
8.52514785 1    
8.52664675 1    
8.52791117 1    
8.52939219 1    
8.53089182 1    
8.53239069 1    
8.53364510 1    
8.53514075 1    
8.53639102 1    
8.53793071 1    
8.53816096 1    
8.53837409 -1   
8.54807713 -1   
8.66663687 -1   
9.12088445 1    
9.12233572 1    
9.12280288 1    
9.16555431 1    
9.16705539 1    
9.19210202 1    
9.25502349 1    
9.25531779 -1   
9.26698106 1    
9.31982403 1    
9.82394256 1    
9.82518261 1    
9.82565238 1    
9.87390638 1    
9.98429304 1    
13.27527897 -1   
14.77429417 -1   
17.33833819 -1   
24.08841206 1    
24.08864376 -1   
24.28728037 1    
24.31717403 1    
24.34290237 1    
24.47625343 1    
32.99506952 1    
36.96379944 1    
42.50537055 -1   
49.44458720 1    
52.67830697 1    
58.36880352 1    
58.60209603 1    
58.60229668 -1   
