0.00000000 1    
0.15849216 1    
0.25171102 -1   
0.41064551 -1   
0.41101270 1    
0.56841092 1    
0.59769516 -1   
0.77104283 1    
0.78298869 -1   
0.79619023 -1   
0.80523086 -1   
0.95400650 -1   
1.00571799 1    
1.11248646 -1   
1.20706304 1    
1.26983809 -1   
1.36447914 1    
1.42117706 -1   
1.42640078 -1   
1.44412802 -1   
1.45667648 -1   
1.58742280 -1   
1.58778685 1    
1.74503591 -1   
1.82721392 1    
1.94194576 -1   
2.30922687 -1   
2.30965000 1    
2.83157157 -1   
2.83306005 -1   
2.83355622 -1   
2.86950315 1    
2.88853793 -1   
2.88978261 -1   
3.02750324 -1   
3.02783138 1    
3.40335781 -1   
3.60812626 -1   
3.60937159 -1   
3.60986608 -1   
3.63638067 -1   
3.63788333 -1   
3.66685592 -1   
3.66811645 -1   
3.66933647 -1   
3.70032090 -1   
3.70188008 -1   
3.76753528 -1   
3.76878012 -1   
3.77027396 -1   
3.77179073 -1   
3.77304297 -1   
3.77318248 1    
3.77452617 -1   
3.79578342 -1   
3.79703441 -1   
3.79850788 -1   
3.80001071 -1   
3.82624722 -1   
3.82749220 -1   
3.82901017 -1   
3.83049325 -1   
3.83175239 -1   
3.83326351 -1   
3.85947457 -1   
3.86099597 -1   
3.86224227 -1   
3.86372190 -1   
3.92694627 -1   
3.92819954 -1   
3.92969794 -1   
3.93118177 -1   
3.93243283 -1   
3.93394755 -1   
3.93519645 -1   
3.93684298 -1   
3.93818164 -1   
3.93942816 -1   
3.93944758 1    
3.95519633 -1   
3.95666636 -1   
3.95816992 -1   
3.95941391 -1   
3.96094009 -1   
3.96216552 -1   
3.96366187 -1   
3.96518734 -1   
3.98568605 -1   
3.98692251 -1   
3.98840074 -1   
3.98991766 -1   
3.99117614 -1   
3.99264659 -1   
3.99418593 -1   
3.99441610 -1   
4.06342880 -1   
4.06492044 -1   
4.07341952 -1   
4.07463203 -1   
4.07610278 -1   
4.08486667 -1   
4.08636341 -1   
4.08786711 -1   
4.11660672 -1   
4.11663827 1    
4.11809938 -1   
4.11934399 -1   
4.15220058 -1   
4.17131681 -1   
4.17257059 -1   
4.20030175 -1   
4.20153140 -1   
4.20304556 -1   
4.22801703 -1   
4.22926039 -1   
4.23978338 -1   
4.24105351 -1   
4.24251108 -1   
4.25126870 -1   
4.25275095 -1   
4.25404955 -1   
4.29525343 -1   
4.29527520 1    
4.29674481 -1   
4.29799308 -1   
4.32573120 -1   
4.32697843 -1   
4.32847763 -1   
4.33056224 -1   
4.37520809 -1   
4.37667542 -1   
4.38548349 -1   
4.38671883 -1   
4.42992270 -1   
4.43116772 -1   
4.43266873 -1   
4.43416556 -1   
4.43539621 -1   
4.43690987 -1   
4.48589321 -1   
4.48591127 1    
4.48713441 -1   
4.48960028 -1   
4.49561316 -1   
4.49685555 -1   
4.49835784 -1   
4.50940716 -1   
4.51091287 -1   
4.51215955 -1   
4.52790497 -1   
4.52940371 -1   
4.53540830 -1   
4.53659782 -1   
4.56313370 -1   
4.56461954 -1   
4.56611886 -1   
4.57439848 -1   
4.64689464 -1   
4.64693140 1    
4.65692175 1    
4.81647678 1    
5.34019893 -1   
5.34137287 -1   
5.34186955 -1   
5.36292363 -1   
5.36439523 -1   
5.37416165 -1   
5.37562916 -1   
5.43607875 -1   
5.43639383 1    
5.52040505 -1   
5.95481044 -1   
5.95602452 -1   
5.95652016 -1   
5.98776955 -1   
6.11516666 -1   
11.40440069 1    
11.56243833 1    
19.50879314 1    
19.58039931 -1   
27.33146821 1    
31.35266907 -1   
38.60003568 1    
44.89512109 -1   
49.80828598 -1   
55.25622958 -1   
