0.00000000 1    
0.28976280 -1   
0.44711877 -1   
0.44745292 1    
0.60600168 1    
0.73890399 -1   
0.76339332 1    
0.93385995 -1   
0.93415793 1    
1.13199312 -1   
1.13230873 1    
1.29090820 -1   
1.29104574 1    
1.48902356 -1   
1.68021803 1    
1.68565679 -1   
1.83979425 1    
1.84708123 -1   
2.00448004 -1   
2.00453337 1    
2.19713825 -1   
2.19717477 1    
2.35709828 -1   
2.35715339 1    
2.51701965 -1   
2.68081363 1    
2.71493540 -1   
2.91172862 -1   
2.91176582 1    
3.15056839 1    
3.36172310 -1   
3.36203645 1    
3.65528043 -1   
3.66767789 -1   
3.66919000 -1   
3.68085783 1    
3.77738998 -1   
3.77885650 -1   
3.82601790 -1   
3.87864739 1    
4.02784048 -1   
4.11853000 1    
4.35638248 -1   
4.35670514 1    
4.68794007 -1   
4.79079004 -1   
4.79205235 -1   
4.82379270 -1   
4.82502693 -1   
4.82652850 -1   
4.86480300 -1   
4.86603992 -1   
4.88622200 -1   
4.91023536 -1   
4.91145668 -1   
4.93120159 -1   
4.95025122 -1   
4.95173700 -1   
4.95298446 -1   
5.00798536 -1   
5.00831374 1    
5.00915258 -1   
5.02714357 -1   
5.02839351 -1   
5.02991363 -1   
5.04296244 -1   
5.10810271 -1   
5.10936548 -1   
5.11886244 -1   
5.12011547 -1   
5.12161244 -1   
5.20679447 -1   
5.20808054 -1   
5.20957045 -1   
5.22685282 -1   
5.22830137 -1   
5.23559055 -1   
5.23994643 -1   
5.31349230 -1   
5.31472633 -1   
5.31622738 -1   
5.31638428 1    
5.31747803 -1   
5.31897052 -1   
5.39320675 -1   
5.39442951 -1   
5.39789067 -1   
5.42743672 -1   
5.42868333 -1   
5.43023460 -1   
5.43141136 -1   
5.43295983 -1   
5.48166392 -1   
5.48315031 -1   
5.48438175 -1   
5.49437882 -1   
5.49564735 -1   
5.49714288 -1   
5.58522081 -1   
5.58543483 1    
5.61831170 -1   
5.61957258 -1   
5.62980115 -1   
5.63129555 -1   
5.63254823 -1   
5.63404404 -1   
5.63554428 -1   
5.65253834 -1   
5.65403852 -1   
5.65553148 -1   
5.66428378 -1   
5.66554556 -1   
5.72127515 -1   
5.72249188 -1   
5.72405103 -1   
5.72554609 -1   
5.72676368 -1   
5.72826196 -1   
5.74330187 -1   
5.74333540 1    
5.75077788 -1   
5.75229161 -1   
5.75997655 -1   
5.82621215 -1   
5.82743158 -1   
5.82895605 -1   
5.85966593 -1   
5.86118926 -1   
5.90148682 -1   
5.90151876 1    
5.91915658 -1   
5.92040998 -1   
5.93040760 -1   
5.93168334 -1   
5.93318045 -1   
6.00660948 -1   
6.02738808 -1   
6.02862601 -1   
6.05832480 -1   
6.05985698 -1   
6.06136917 -1   
6.06140594 -1   
6.06142474 1    
6.10205417 -1   
6.10354407 -1   
6.10479803 -1   
6.12776513 -1   
6.12931957 -1   
6.13932209 -1   
6.14050976 -1   
6.14206721 -1   
6.21955236 -1   
6.21957990 1    
6.25447148 -1   
6.25595827 -1   
6.25745741 -1   
6.25876664 -1   
6.26021264 -1   
6.29269782 -1   
6.29393446 -1   
6.32792730 -1   
6.35941657 -1   
6.35965403 1    
6.36090805 -1   
6.36239739 -1   
6.37963190 -1   
6.37964705 1    
6.40313071 -1   
6.40438433 -1   
6.45039153 -1   
6.45187339 -1   
6.45338921 -1   
6.52079201 -1   
6.53764924 -1   
6.53796608 1    
6.54673204 1    
6.69504233 -1   
6.70623273 1    
7.32637589 -1   
7.32784746 -1   
7.32832103 -1   
7.43758677 -1   
7.43876597 -1   
7.52718665 -1   
7.54023467 -1   
7.65415735 -1   
7.65453625 1    
7.68503422 -1   
8.45523507 -1   
8.45672060 -1   
8.45718140 -1   
8.55516656 -1   
8.61607032 -1   
12.68890728 1    
20.55161034 1    
27.41427299 1    
33.45856738 -1   
41.95182650 1    
42.06411353 -1   
49.86891855 1    
57.17196740 -1   
