0.00000000 -1   
0.15732646 -1   
0.37374759 1    
0.79596364 -1   
0.96415408 1    
0.96444394 -1   
1.16155823 1    
1.16188764 -1   
1.46339207 1    
1.79583594 -1   
1.96358302 1    
1.96387947 -1   
2.15250362 1    
2.15283854 -1   
2.37137676 1    
8.11507269 1    
14.65715856 -1   
18.82621823 -1   
19.81422484 -1   
19.98276606 1    
19.98306021 -1   
20.19140108 1    
20.19169842 -1   
20.48727921 1    
20.81552356 -1   
20.97947297 1    
20.97978173 -1   
21.16687791 1    
21.16717301 -1   
21.42896192 1    
26.42810845 1    
30.02779864 1    
30.02823358 -1   
30.52751530 1    
30.52768923 -1   
31.18635940 1    
31.18669967 -1   
31.93893056 1    
31.93949893 -1   
32.77387888 1    
32.77511654 1    
32.77559014 1    
32.81417578 -1   
32.87806749 1    
32.87955355 1    
32.97203712 1    
32.97235852 -1   
33.46637275 1    
33.69860315 1    
33.70013073 1    
33.70056852 1    
33.80832471 1    
33.80982438 1    
33.85947209 1    
33.89273689 1    
33.89426605 1    
33.91274247 1    
34.01862811 1    
34.03313222 1    
34.03464987 1    
34.03587576 1    
34.09684954 1    
34.09706668 -1   
34.09808953 1    
34.09958666 1    
34.12884867 1    
34.14008960 1    
34.14158533 1    
34.17696867 1    
34.25002708 1    
34.25150206 1    
34.26100408 1    
34.26249582 1    
34.33537378 1    
34.33697375 1    
34.33845270 1    
34.37968521 1    
34.38117875 1    
34.38267366 1    
34.39292426 1    
34.40620161 1    
34.40766324 1    
34.40916284 1    
34.46513894 1    
34.46534449 -1   
34.49339819 1    
34.55233968 1    
34.55383085 1    
34.58081738 1    
34.58231350 1    
34.58380850 1    
34.62629494 1    
34.62778238 1    
34.63755210 1    
34.63904743 1    
34.66129907 1    
34.68975425 1    
34.69100271 1    
34.69250133 1    
34.71148211 1    
34.77022931 1    
34.77170140 1    
34.79272469 1    
34.79289369 -1   
34.79396106 1    
34.79546430 1    
34.80471277 1    
34.80595231 1    
34.87742043 1    
34.87891246 1    
34.88041113 1    
34.89740472 1    
34.90926845 1    
34.91389287 1    
34.95687467 1    
34.95811469 1    
34.98136069 1    
34.98283507 1    
34.98410559 1    
34.98932713 1    
35.02632034 1    
35.07110406 1    
35.07130505 -1   
35.12077851 1    
35.12227144 1    
35.12850243 1    
35.13851494 1    
35.13977187 1    
35.14600765 1    
35.14751445 1    
35.15526176 1    
35.16699844 1    
35.16850073 1    
35.19299680 1    
35.19448053 1    
35.20521229 1    
35.20670377 1    
35.22844804 1    
35.22968812 1    
35.23089502 1    
35.27617241 1    
35.27632174 -1   
35.27766396 1    
35.27893284 1    
35.28442761 1    
35.30717638 1    
35.30864388 1    
35.38486888 1    
35.38613357 1    
35.39711387 1    
35.39859374 1    
35.39989698 1    
35.40859235 1    
35.41008831 1    
35.42110709 1    
35.42258007 1    
35.42820432 1    
35.48931287 1    
35.49078880 1    
35.49229030 1    
35.51253699 1    
35.51279370 -1   
35.51377903 1    
35.53528697 1    
35.53676724 1    
35.55877532 1    
35.56001958 1    
35.56152041 1    
35.56874817 1    
35.58612841 1    
35.68421422 1    
35.74484991 1    
35.74524853 -1   
35.75414364 -1   
35.91360175 -1   
36.42502264 1    
36.42652818 1    
36.42675559 1    
36.49147658 1    
36.49272037 1    
36.54451067 1    
36.62562921 1    
36.62593365 -1   
36.77133603 1    
36.78344120 1    
37.37772030 1    
37.37895935 1    
37.37945503 1    
37.39070936 1    
37.54959410 1    
42.46746809 -1   
42.62508044 -1   
46.50642686 1    
46.50662119 -1   
50.83578315 -1   
54.19855395 -1   
