0.00000000 1    
0.15853504 1    
0.25134937 -1   
0.41005242 -1   
0.41034591 1    
0.41974920 1    
0.56782520 1    
0.60784869 -1   
0.77245515 1    
0.78538130 -1   
0.79714046 -1   
0.80476910 -1   
0.82963228 -1   
0.84109870 -1   
0.96268296 -1   
0.96286101 1    
1.12031036 -1   
1.16045270 1    
1.17190102 -1   
1.19414016 -1   
1.20588162 -1   
1.31889203 -1   
1.47658011 -1   
1.47688633 1    
1.64373857 -1   
1.64409242 1    
1.80264123 -1   
1.80295286 1    
2.05125948 -1   
2.30238245 -1   
2.30267620 1    
3.00436374 -1   
3.00561563 -1   
3.00609335 -1   
3.04018231 1    
3.15008574 -1   
3.15132205 -1   
3.19803586 -1   
3.19834971 1    
3.71506743 -1   
3.94132244 -1   
3.94281668 -1   
3.94331150 -1   
3.98155241 -1   
3.98279622 -1   
4.00628813 -1   
4.00777990 -1   
4.00902291 -1   
4.07325873 -1   
4.07454857 -1   
4.10079679 -1   
4.10198020 -1   
4.10353518 -1   
4.10497635 -1   
4.10522743 -1   
4.10532974 1    
4.13296023 -1   
4.14097431 -1   
4.14220015 -1   
4.14372078 -1   
4.14497068 -1   
4.16570913 -1   
4.16700058 -1   
4.16848745 -1   
4.17000074 -1   
4.17118640 -1   
4.17273808 -1   
4.23269319 -1   
4.23416743 -1   
4.23542069 -1   
4.23694233 -1   
4.26016444 -1   
4.26165661 -1   
4.26313112 -1   
4.26439881 -1   
4.26587845 -1   
4.26715022 -1   
4.26864904 -1   
4.27014745 -1   
4.27140013 -1   
4.27289509 -1   
4.27291673 1    
4.30038478 -1   
4.30162795 -1   
4.30310966 -1   
4.30462572 -1   
4.30587686 -1   
4.30737687 -1   
4.30860219 -1   
4.31012286 -1   
4.32509845 -1   
4.32634241 -1   
4.32784324 -1   
4.32909004 -1   
4.33059219 -1   
4.33208962 -1   
4.33333550 -1   
4.33483593 -1   
4.33633693 -1   
4.33758513 -1   
4.33908614 -1   
4.34033278 -1   
4.37134304 -1   
4.37305628 -1   
4.39357543 -1   
4.39482488 -1   
4.39632548 -1   
4.39782302 -1   
4.39905527 -1   
4.40057143 -1   
4.40207168 -1   
4.40218664 1    
4.40332085 -1   
4.42106506 -1   
4.42256246 -1   
4.42405808 -1   
4.42531268 -1   
4.42680089 -1   
4.42803579 -1   
4.42956191 -1   
4.43106797 -1   
4.43230157 -1   
4.43380538 -1   
4.43505144 -1   
4.43655193 -1   
4.43804919 -1   
4.43930256 -1   
4.44079796 -1   
4.44202595 -1   
4.44356605 -1   
4.44505029 -1   
4.44628829 -1   
4.44780480 -1   
4.46103920 -1   
4.46105574 1    
4.46228950 -1   
4.46378483 -1   
4.46503598 -1   
4.46653333 -1   
4.46803637 -1   
4.46928845 -1   
4.47077920 -1   
4.47227987 -1   
4.47353209 -1   
4.47501054 -1   
4.47625611 -1   
4.47781122 -1   
4.47932350 -1   
4.48056630 -1   
4.48202639 -1   
4.48580392 -1   
4.48708273 -1   
4.48855628 -1   
4.49005510 -1   
4.49125464 -1   
4.49280110 -1   
4.49406983 -1   
4.49555058 -1   
4.49556079 -1   
4.50641033 1    
4.51519913 1    
4.62250139 1    
4.66799911 -1   
4.78037924 1    
5.34828892 -1   
5.34983125 -1   
5.42402180 -1   
5.42548963 -1   
5.50759277 -1   
5.51319883 -1   
5.56964074 -1   
5.56994606 1    
5.65387014 -1   
5.66464726 -1   
6.40193799 -1   
6.40345259 -1   
6.40365586 -1   
6.55333618 -1   
6.60175144 -1   
9.06513410 1    
10.71603133 1    
10.87367233 1    
19.90723017 1    
19.92631626 -1   
25.26700387 1    
30.91899631 -1   
33.56344916 1    
41.03820546 -1   
44.87199939 1    
51.88753126 -1   
60.68852115 -1   
