0.0189139842987 -1.0
0.0189270973206 1.0
0.0383920669556 -1.0
0.0978610515594 -1.0
0.134063959122 -1.0
0.189888954163 -1.0
0.245999097824 -1.0
0.267244100571 -1.0
0.299968957901 -1.0
0.319571018219 -1.0
0.340651035309 -1.0
0.340661048889 1.0
0.350742101669 -1.0
0.350770950317 -1.0
0.360047101974 -1.0
0.360253095627 -1.0
0.382859945297 -1.0
0.391788005829 -1.0
0.40256690979 -1.0
0.428383111954 -1.0
0.428644895554 -1.0
0.428756952286 -1.0
0.428852081299 1.0
0.428915977478 -1.0
0.429404973984 -1.0
0.429485082626 -1.0
0.429766893387 -1.0
0.448776006699 -1.0
0.448827028275 -1.0
0.449268102646 -1.0
0.471559047699 -1.0
0.47157907486 -1.0
0.491072893143 -1.0
0.507164001465 -1.0
0.50720000267 -1.0
0.507405996323 -1.0
0.507467031479 -1.0
0.507561922073 1.0
0.507648944855 -1.0
0.50773692131 -1.0
0.507880926132 -1.0
0.507961034775 -1.0
0.508387088776 -1.0
0.511400938034 -1.0
0.51148891449 -1.0
0.527523040771 -1.0
0.527769088745 -1.0
0.527873039246 -1.0
0.527956962585 -1.0
0.528119087219 -1.0
0.528398990631 -1.0
0.528503894806 -1.0
0.532335996628 -1.0
0.532342910767 1.0
0.552129983902 -1.0
0.552169084549 -1.0
0.552247047424 -1.0
0.552411079407 -1.0
0.552498102188 -1.0
0.552653074265 -1.0
0.552727937698 -1.0
0.552809000015 -1.0
0.572376012802 -1.0
0.585995912552 -1.0
0.58601808548 -1.0
0.586198091507 -1.0
0.586441993713 -1.0
0.586447954178 1.0
0.58664894104 -1.0
0.586666107178 -1.0
0.586740970612 -1.0
0.586807012558 -1.0
0.586988925934 -1.0
0.58708190918 -1.0
0.587151050568 -1.0
0.587248086929 -1.0
0.587512016296 -1.0
0.600332021713 -1.0
0.605458974838 -1.0
0.605504989624 -1.0
0.605824947357 -1.0
0.605921030045 -1.0
0.605926990509 1.0
0.605988025665 -1.0
0.606244087219 -1.0
0.606318950653 -1.0
0.606379985809 -1.0
0.606462001801 -1.0
0.606693983078 -1.0
0.606771945953 -1.0
0.60685801506 -1.0
0.607147932053 -1.0
0.60723400116 -1.0
0.620207071304 -1.0
0.625087022781 -1.0
0.625118017197 1.0
0.677179098129 -1.0
0.692137956619 -1.0
0.692163944244 -1.0
0.696793079376 -1.0
0.717144012451 -1.0
0.734715938568 -1.0
0.766984939575 -1.0
0.82307100296 -1.0
0.873208999634 -1.0
0.933048963547 -1.0
0.933115005493 1.0
0.953550100327 -1.0
0.975316047668 -1.0
0.997314929962 -1.0
0.997348070145 -1.0
1.02582812309 -1.0
1.062073946 -1.0
1.11910796165 -1.0
1.17512106895 -1.0
1.19875097275 -1.0
1.21846199036 -1.0
1.2184920311 1.0
1.23833703995 -1.0
1.36257410049 -1.0
2.06783008575 -1.0
2.08875393867 -1.0
2.09863495827 -1.0
2.12018489838 -1.0
2.15849900246 -1.0
2.17856001854 -1.0
2.22315812111 -1.0
2.22371101379 1.0
2.27659893036 -1.0
2.32815504074 -1.0
2.38655996323 -1.0
2.95000600815 -1.0
2.97082209587 -1.0
3.02616405487 -1.0
3.02679896355 -1.0
3.08714795113 -1.0
3.16059398651 -1.0
3.18237090111 -1.0
3.26839399338 -1.0
3.35794401169 -1.0
3.37757706642 -1.0
3.37758588791 1.0
3.39920091629 -1.0
3.39921593666 -1.0
3.42012691498 -1.0
4.06398701668 -1.0
4.08408594131 -1.0
4.46302199364 -1.0
4.56287693977 -1.0
4.76277899742 -1.0
4.90094399452 -1.0
4.90096211433 1.0
4.92036509514 -1.0
4.99318003654 -1.0
5.05441308022 -1.0
5.16282510757 -1.0
5.17379903793 -1.0
5.18249607086 -1.0
5.76296806335 -1.0
5.78355002403 -1.0
5.80349493027 -1.0
6.56198096275 -1.0
6.59953594208 1.0
6.86353492737 -1.0
6.96294307709 -1.0
6.98261189461 -1.0
7.0104470253 -1.0
7.66662812233 -1.0
15.4718649387 -1.0
15.5909790993 -1.0
18.7734599113 -1.0
20.8630459309 -1.0
20.8630690575 1.0
21.90158391 -1.0
22.0641961098 -1.0
22.0839529037 -1.0
22.9036738873 -1.0
22.9624669552 -1.0
