0.0 -1.0
0.0199871063232 -1.0
0.0203101634979 1.0
0.0770690441132 -1.0
0.096696138382 -1.0
0.159254074097 -1.0
0.179024219513 -1.0
0.225236177444 -1.0
0.244950056076 -1.0
0.257411003113 -1.0
0.299485206604 -1.0
0.313686132431 -1.0
0.356880187988 -1.0
0.356890201569 1.0
0.368610143661 -1.0
0.376972198486 -1.0
0.403825044632 -1.0
0.46494102478 -1.0
0.500966072083 -1.0
0.556951999664 -1.0
0.559152126312 -1.0
0.601384162903 -1.0
0.60139298439 1.0
0.616911172867 -1.0
0.657821178436 -1.0
0.67303109169 -1.0
0.677516222 -1.0
0.697058200836 -1.0
0.700689077377 -1.0
0.753998994827 -1.0
0.756981134415 -1.0
0.756988048553 1.0
0.809904098511 -1.0
0.831000089645 -1.0
0.862397193909 -1.0
0.881839990616 -1.0
0.882589101791 -1.0
0.902132034302 -1.0
0.904325008392 -1.0
0.921570062637 -1.0
0.961311101913 -1.0
0.98082613945 -1.0
1.03697919846 -1.0
1.07477998734 -1.0
1.09344601631 -1.0
1.09345412254 1.0
1.15516710281 -1.0
1.20123314857 -1.0
1.25752711296 -1.0
1.31705999374 -1.0
1.44834017754 -1.0
1.50699019432 -1.0
1.5301220417 -1.0
1.53243899345 -1.0
1.58920907974 -1.0
1.74225616455 -1.0
1.74231505394 1.0
2.04320716858 -1.0
2.06350111961 -1.0
2.08407402039 -1.0
2.141310215 -1.0
2.15759706497 -1.0
2.17777109146 -1.0
2.19524812698 -1.0
2.19528317451 -1.0
2.25503110886 -1.0
2.26919317245 -1.0
2.27890920639 -1.0
2.27891802788 1.0
2.30512905121 -1.0
2.36537218094 -1.0
2.419506073 -1.0
2.41964817047 -1.0
2.41972398758 -1.0
2.43939518929 -1.0
2.45156002045 -1.0
2.45883917809 -1.0
2.58390307426 -1.0
2.72265911102 -1.0
3.13042712212 -1.0
3.20638298988 -1.0
3.22589707375 -1.0
3.22590613365 1.0
3.25260305405 -1.0
3.99326109886 -1.0
5.96756720543 -1.0
5.96775817871 -1.0
5.98708105087 -1.0
6.96783518791 -1.0
6.9875562191 -1.0
7.96839618683 -1.0
7.9684150219 1.0
7.98809218407 -1.0
15.7675042152 -1.0
16.7311980724 -1.0
16.8621790409 -1.0
16.9204850197 -1.0
17.0850150585 -1.0
18.0388951302 -1.0
18.1606121063 -1.0
18.8011331558 -1.0
