0.0 -1.0
1.21593475342e-05 1.0
0.0562660694122 -1.0
0.0734560489655 -1.0
0.0757591724396 -1.0
0.0947680473328 -1.0
0.114164113998 -1.0
0.128802061081 -1.0
0.134689092636 -1.0
0.29638004303 -1.0
0.3521900177 -1.0
0.354902029037 -1.0
0.412139177322 -1.0
0.427967071533 -1.0
0.561125993729 -1.0
0.561474084854 1.0
0.60857796669 -1.0
0.665996074677 -1.0
0.686877965927 -1.0
0.748565196991 -1.0
0.791859149933 -1.0
0.876783132553 -1.0
0.876803159714 -1.0
0.876836061478 -1.0
0.89639210701 -1.0
0.916239023209 -1.0
0.984868049622 -1.0
1.021048069 1.0
1.18966913223 -1.0
1.5137860775 -1.0
1.59397602081 -1.0
1.60651898384 -1.0
1.62616419792 -1.0
2.09015703201 -1.0
2.1484131813 -1.0
2.16911411285 -1.0
2.6693341732 -1.0
2.70902609825 1.0
2.98429703712 -1.0
3.06574416161 -1.0
3.08520412445 -1.0
3.11219906807 -1.0
3.71420311928 -1.0
4.89501810074 -1.0
4.91476511955 -1.0
5.89575815201 -1.0
5.89577007294 1.0
5.91523003578 -1.0
15.3574240208 -1.0
15.4896609783 -1.0
15.5123410225 -1.0
17.1317970753 -1.0
18.0151259899 -1.0
18.0975351334 -1.0
18.7260270119 -1.0
