0.0335810184479 1.0
0.039736032486 -1.0
0.0802068710327 -1.0
0.181288003922 -1.0
0.200839996338 -1.0
0.252693891525 -1.0
0.260969877243 -1.0
0.311775922775 -1.0
0.379858016968 -1.0
0.417554855347 1.0
0.490165948868 -1.0
0.490982055664 -1.0
0.501457929611 -1.0
0.510172843933 -1.0
0.510187864304 -1.0
0.569438934326 -1.0
0.569458961487 -1.0
0.589823961258 -1.0
0.589864969254 -1.0
0.589869976044 1.0
0.589952945709 -1.0
0.611433982849 -1.0
0.611444950104 -1.0
0.61153793335 -1.0
0.611624956131 -1.0
0.631561994553 -1.0
0.648597002029 -1.0
0.648782014847 -1.0
0.648818016052 -1.0
0.648896932602 -1.0
0.649039030075 -1.0
0.649045944214 1.0
0.649277925491 -1.0
0.649312019348 -1.0
0.668380975723 -1.0
0.668398857117 -1.0
0.668462991714 -1.0
0.668560028076 -1.0
0.668648958206 -1.0
0.668871879578 -1.0
0.687948942184 -1.0
0.68802690506 -1.0
0.688037872314 -1.0
0.68804192543 1.0
0.688116073608 -1.0
0.714830875397 -1.0
0.725178956985 -1.0
0.735535860062 -1.0
0.745754003525 -1.0
0.745770931244 -1.0
0.757060050964 -1.0
0.757103919983 -1.0
0.766329050064 -1.0
0.777163028717 -1.0
0.777189016342 1.0
0.786072969437 -1.0
0.797024965286 -1.0
0.797131061554 -1.0
0.805907011032 -1.0
0.816715955734 -1.0
0.816732883453 -1.0
0.816817998886 -1.0
0.816838979721 -1.0
0.825303077698 -1.0
0.825352907181 -1.0
0.825396060944 1.0
0.825415849686 -1.0
0.836302995682 -1.0
0.836349964142 -1.0
0.836435079575 -1.0
0.836580991745 -1.0
0.836672067642 -1.0
0.845468044281 -1.0
0.845485925674 -1.0
0.895844936371 -1.0
0.952056884766 -1.0
0.975085020065 -1.0
1.01362204552 1.0
1.07552886009 -1.0
1.27552890778 -1.0
1.67681407928 -1.0
1.77208304405 -1.0
1.77516198158 -1.0
1.78628587723 -1.0
1.80606603622 -1.0
2.37525200844 -1.0
2.39605998993 -1.0
2.39607000351 1.0
2.41554498672 -1.0
3.07521891594 -1.0
3.47657299042 -1.0
3.57527399063 -1.0
3.59479498863 -1.0
3.62192606926 -1.0
4.27446985245 -1.0
5.07778596878 -1.0
5.0975458622 -1.0
5.16877293587 -1.0
5.1687848568 1.0
15.0990600586 -1.0
15.1779909134 -1.0
17.4753079414 -1.0
18.4759089947 -1.0
18.6754579544 -1.0
19.2756929398 -1.0
