0.0 -1.0
1.4066696167e-05 1.0
0.0107810497284 -1.0
0.0195181369781 -1.0
0.0391809940338 -1.0
0.0596761703491 -1.0
0.0698101520538 -1.0
0.125737190247 -1.0
0.164167165756 -1.0
0.17079615593 -1.0
0.261795043945 -1.0
0.300713062286 -1.0
0.320202112198 -1.0
0.320938110352 1.0
0.3800740242 -1.0
0.439963102341 -1.0
0.496392965317 -1.0
0.604413032532 -1.0
0.608097076416 -1.0
0.62789106369 -1.0
0.700046062469 -1.0
0.756441116333 -1.0
0.808052062988 -1.0
0.853785037994 -1.0
0.864425182343 -1.0
0.876952171326 -1.0
0.883953094482 -1.0
1.13383817673 -1.0
1.13391804695 1.0
1.17790603638 -1.0
1.23655104637 -1.0
1.5792901516 -1.0
2.29964900017 -1.0
2.35649514198 -1.0
2.3763821125 -1.0
3.13213300705 -1.0
3.132158041 1.0
3.18895697594 -1.0
3.20931196213 -1.0
4.21219205856 -1.0
4.27036905289 -1.0
4.38454413414 -1.0
4.41344213486 -1.0
4.91329097748 -1.0
4.93352603912 -1.0
5.40648818016 -1.0
5.44479107857 1.0
5.91386699677 -1.0
5.93378806114 -1.0
15.3552830219 -1.0
15.406222105 -1.0
18.6415090561 -1.0
19.2961490154 -1.0
19.3555209637 -1.0
20.2814700603 -1.0
