0.0 -1.0
1.12056732178e-05 1.0
0.0568490028381 -1.0
0.114320993423 -1.0
0.116119146347 -1.0
0.174931049347 -1.0
0.234148025513 -1.0
0.272132158279 -1.0
0.328847169876 -1.0
0.42761015892 -1.0
0.517644166946 -1.0
0.544737100601 -1.0
0.544764041901 1.0
0.593058109283 -1.0
0.620544195175 -1.0
0.646166086197 -1.0
0.666263103485 -1.0
0.683562994003 -1.0
0.690226078033 -1.0
0.703371047974 -1.0
0.751928091049 -1.0
0.805049180984 -1.0
0.805074214935 1.0
0.810293197632 -1.0
0.824826002121 -1.0
0.829650163651 -1.0
0.849352121353 -1.0
1.37800502777 -1.0
1.4366080761 -1.0
1.60890507698 -1.0
1.67333316803 -1.0
2.23302602768 -1.0
2.23335814476 1.0
2.29317116737 -1.0
2.3128361702 -1.0
3.32845902443 -1.0
3.50261712074 -1.0
3.5729970932 -1.0
3.60015702248 -1.0
4.14796614647 -1.0
5.46612906456 -1.0
5.46613907814 1.0
5.46626710892 -1.0
5.48580813408 -1.0
6.46685504913 -1.0
6.48782610893 -1.0
6.51613020897 -1.0
15.4993040562 -1.0
15.527493 -1.0
15.5584390163 -1.0
17.4884681702 -1.0
18.3921210766 -1.0
18.3921480179 1.0
18.5061511993 -1.0
19.5067322254 -1.0
19.5829319954 -1.0
