0.0 -1.0
0.00971007347107 -1.0
0.00994205474854 1.0
0.0675520896912 -1.0
0.178587913513 -1.0
0.223644018173 -1.0
0.243844032288 -1.0
0.263402938843 -1.0
0.473864078522 -1.0
0.49418592453 -1.0
0.826771974564 -1.0
0.848522901535 -1.0
0.952003955841 -1.0
0.973756074905 -1.0
1.078551054 -1.0
1.11790299416 1.0
1.13851690292 -1.0
1.15916490555 -1.0
1.25154709816 -1.0
1.27144408226 -1.0
1.34960412979 -1.0
1.35847711563 -1.0
1.37808489799 -1.0
1.4082660675 -1.0
1.43003511429 -1.0
1.47399711609 -1.0
1.49397206306 -1.0
1.52766704559 -1.0
1.54649806023 -1.0
1.54710006714 -1.0
1.54710698128 1.0
1.56660199165 -1.0
1.87524390221 -1.0
2.67238402367 -1.0
2.76326298714 -1.0
2.77612996101 -1.0
2.8751718998 -1.0
4.07392501831 -1.0
4.09384608269 -1.0
4.09385704994 1.0
4.11367797852 -1.0
5.47309207916 -1.0
5.57244706154 -1.0
5.59940910339 -1.0
5.91452002525 -1.0
5.93452000618 -1.0
6.91514706612 -1.0
7.27625393867 -1.0
15.9586620331 -1.0
16.9112460613 -1.0
19.2327530384 -1.0
19.2327771187 1.0
20.4734129906 -1.0
20.5744979382 -1.0
22.1752789021 -1.0
