0.0 -1.0
1.59740447998e-05 1.0
0.00165200233459 -1.0
0.00170302391052 -1.0
0.00600814819336 -1.0
0.0195209980011 -1.0
0.0210411548615 -1.0
0.0670111179352 -1.0
0.1068110466 -1.0
0.125782012939 -1.0
0.162743091583 -1.0
0.201081037521 -1.0
0.212302207947 -1.0
0.227786064148 -1.0
0.231939077377 -1.0
0.231947183609 1.0
0.282629013062 -1.0
0.374695062637 -1.0
1.19550704956 -1.0
1.21545004845 -1.0
1.2985200882 -1.0
1.4974591732 -1.0
2.69325518608 -1.0
2.74481105804 -1.0
4.02913403511 -1.0
4.04874920845 -1.0
4.39540314674 -1.0
4.39573311806 1.0
4.41529917717 -1.0
4.43498301506 -1.0
4.85500311852 -1.0
4.89549803734 -1.0
4.95510816574 -1.0
5.09464597702 -1.0
5.11463212967 -1.0
5.39429807663 -1.0
5.69379210472 -1.0
5.79455518723 -1.0
5.82370305061 -1.0
5.82735419273 1.0
5.84701704979 -1.0
7.19457507133 -1.0
14.4343450069 -1.0
15.3896620274 -1.0
20.68496418 -1.0
20.78297019 -1.0
20.8885481358 -1.0
22.0793612003 -1.0
