0.0 -1.0
1.00135803223e-05 1.0
0.0351481437683 -1.0
0.043829202652 -1.0
0.0758671760559 -1.0
0.0953531265259 -1.0
0.152105093002 -1.0
0.172373056412 -1.0
0.229854106903 -1.0
0.269411087036 -1.0
0.269422054291 1.0
0.325991153717 -1.0
0.326950073242 -1.0
0.351347208023 -1.0
0.41973900795 -1.0
0.487394094467 -1.0
0.546641111374 -1.0
0.58730006218 -1.0
0.650972127914 -1.0
0.713574171066 -1.0
0.755199193954 -1.0
0.818104028702 -1.0
0.840526103973 -1.0
0.840534210205 1.0
0.864200115204 -1.0
0.883992195129 -1.0
0.921653032303 -1.0
1.34981513023 -1.0
1.37078118324 -1.0
1.53708815575 -1.0
1.69393014908 -1.0
1.84348320961 -1.0
3.84625601768 -1.0
3.84627604485 1.0
3.90233802795 -1.0
4.05725216866 -1.0
5.15860700607 -1.0
5.17836713791 -1.0
5.18509817123 -1.0
5.19791316986 -1.0
6.18594408035 -1.0
6.20551204681 -1.0
7.44988298416 -1.0
7.64573907852 -1.0
7.64575910568 1.0
7.85869312286 -1.0
7.94620704651 -1.0
7.97369003296 -1.0
10.0712740421 -1.0
15.3309621811 -1.0
15.3590521812 -1.0
15.3926751614 -1.0
20.185336113 -1.0
20.255698204 -1.0
20.2557160854 1.0
22.859180212 -1.0
23.0938050747 -1.0
25.1879951954 -1.0
25.5419201851 -1.0
