0.0 -1.0
1.59740447998e-05 1.0
0.0197570323944 -1.0
0.0751860141754 -1.0
0.0993900299072 -1.0
0.118875980377 -1.0
0.143563985825 -1.0
0.201704025269 -1.0
0.222436904907 -1.0
0.281851053238 -1.0
0.338115930557 -1.0
0.356895923615 -1.0
0.453902959824 -1.0
0.541594982147 -1.0
0.602180957794 -1.0
0.704516887665 -1.0
0.704833984375 1.0
0.762625932693 -1.0
0.832020044327 -1.0
0.881108999252 -1.0
0.942279100418 -1.0
0.97876906395 -1.0
1.07064199448 -1.0
1.07065701485 -1.0
1.08412694931 -1.0
1.09205102921 -1.0
2.68702197075 -1.0
2.74610805511 -1.0
2.88264393806 -1.0
2.92017102242 1.0
2.93961000443 -1.0
5.03641986847 -1.0
5.0908870697 -1.0
5.17293787003 -1.0
5.23457288742 -1.0
5.2544028759 -1.0
6.49428796768 -1.0
6.51412200928 -1.0
6.51413488388 1.0
6.5337600708 -1.0
8.70125603676 -1.0
8.70591688156 -1.0
8.72553992271 -1.0
8.77050495148 -1.0
8.79261898994 -1.0
8.80318689346 -1.0
8.86255407333 -1.0
8.88373398781 -1.0
8.912307024 -1.0
8.97774195671 -1.0
9.06984210014 -1.0
9.07021808624 1.0
9.0898630619 -1.0
9.1096971035 -1.0
9.38442206383 -1.0
9.40458703041 -1.0
11.7237770557 -1.0
14.4057168961 -1.0
14.4253258705 -1.0
14.6189310551 -1.0
16.2732858658 -1.0
21.5866389275 -1.0
24.2915740013 -1.0
24.2915949821 1.0
24.4070658684 -1.0
24.478853941 -1.0
26.8376030922 -1.0
