0.0 -1.0
1.09672546387e-05 1.0
0.055655002594 -1.0
0.111624002457 -1.0
0.183585882187 -1.0
0.240511894226 -1.0
0.300516843796 -1.0
0.367609977722 -1.0
0.454939842224 -1.0
0.5828769207 -1.0
0.639679908752 -1.0
0.718643903732 -1.0
0.775746822357 -1.0
0.777307987213 -1.0
0.777335882187 1.0
0.868377923965 -1.0
0.904387950897 -1.0
0.964776992798 -1.0
0.988040924072 -1.0
1.02500295639 -1.0
1.08412289619 -1.0
1.10970592499 -1.0
1.21088385582 -1.0
1.2466738224 -1.0
1.27554583549 -1.0
1.3063788414 -1.0
1.34860086441 1.0
2.882999897 -1.0
3.01158189774 -1.0
4.16721701622 -1.0
4.18781089783 -1.0
4.22428297997 -1.0
4.30763697624 -1.0
4.34247589111 -1.0
4.3625869751 -1.0
4.47474098206 1.0
4.49385285378 -1.0
4.4943318367 -1.0
4.51342701912 -1.0
4.74777698517 -1.0
5.49483799934 -1.0
5.49496293068 -1.0
5.49545383453 -1.0
5.51454091072 -1.0
6.49464797974 -1.0
6.51444196701 -1.0
6.62843489647 -1.0
6.62845492363 1.0
7.02708983421 -1.0
7.04771184921 -1.0
7.06908988953 -1.0
10.0384049416 -1.0
10.1787509918 -1.0
10.1997618675 -1.0
10.3302228451 -1.0
10.3589010239 -1.0
13.2484908104 -1.0
13.2845959663 1.0
15.0558109283 -1.0
15.1521818638 -1.0
15.1888790131 -1.0
21.6216778755 -1.0
24.9696140289 -1.0
25.196969986 -1.0
28.2457888126 -1.0
