0.0 1.0
0.00207996368408 -1.0
0.0209310054779 -1.0
0.0217218399048 -1.0
0.040540933609 -1.0
0.102972984314 -1.0
0.122794866562 -1.0
0.202867031097 -1.0
0.222851037979 -1.0
0.27063202858 -1.0
0.270639896393 1.0
0.290416002274 -1.0
0.311457872391 -1.0
0.316865921021 -1.0
0.375584840775 -1.0
0.403251886368 -1.0
0.40328502655 -1.0
0.411042928696 -1.0
0.422610998154 -1.0
0.467741012573 -1.0
0.50489783287 -1.0
0.524425983429 -1.0
0.563205003738 1.0
0.613118886948 -1.0
0.670982837677 -1.0
0.709060907364 -1.0
0.767709970474 -1.0
0.803387880325 -1.0
1.02000784874 -1.0
1.11643791199 -1.0
1.11679697037 1.0
1.17563986778 -1.0
1.2038769722 -1.0
1.26372790337 -1.0
1.50204086304 -1.0
1.50206398964 -1.0
1.52159285545 -1.0
1.52223396301 -1.0
1.61275982857 -1.0
1.63623285294 -1.0
1.65572285652 -1.0
1.69907283783 -1.0
1.80027890205 -1.0
1.80363798141 1.0
1.85987782478 -1.0
1.90471601486 -1.0
1.93172883987 -1.0
1.93176484108 -1.0
1.95130085945 -1.0
2.00662302971 -1.0
2.10282993317 -1.0
2.82187891006 -1.0
3.09768390656 -1.0
3.30025482178 -1.0
4.10359191895 -1.0
4.13956785202 1.0
4.15914201736 -1.0
4.20371484756 -1.0
4.26296687126 -1.0
4.30338001251 -1.0
5.03330492973 -1.0
5.03368902206 -1.0
5.05289793015 -1.0
6.01469182968 1.0
6.03396201134 -1.0
6.03468489647 -1.0
6.05360603333 -1.0
6.33614897728 -1.0
6.35637593269 -1.0
6.37593197823 -1.0
7.03407788277 -1.0
7.05358195305 -1.0
7.17076086998 -1.0
8.86672782898 -1.0
8.9955329895 -1.0
8.99555301666 1.0
9.01521897316 -1.0
9.03679084778 -1.0
9.06687998772 -1.0
11.9357628822 -1.0
15.9580309391 -1.0
16.0546498299 -1.0
16.0904989243 -1.0
21.5764398575 -1.0
24.0158548355 1.0
24.0365509987 -1.0
24.1137359142 -1.0
24.2661440372 -1.0
25.5426309109 -1.0
