0.0 1.0
0.00721883773804 -1.0
0.0287809371948 -1.0
0.037083864212 -1.0
0.0882139205933 -1.0
0.109587907791 -1.0
0.134506940842 -1.0
0.17116189003 -1.0
0.228849887848 -1.0
0.235961914062 -1.0
0.250360965729 1.0
0.270274877548 -1.0
0.271273851395 -1.0
0.272015810013 -1.0
0.29247379303 -1.0
0.338652849197 -1.0
0.424023866653 -1.0
0.483965873718 -1.0
0.544689893723 -1.0
0.552439928055 -1.0
0.573482990265 -1.0
0.631467819214 -1.0
0.633277893066 1.0
0.692381858826 -1.0
0.700225830078 -1.0
0.802010774612 -1.0
0.904483795166 -1.0
0.904982805252 -1.0
0.924554824829 -1.0
1.03939795494 -1.0
1.06008696556 -1.0
1.14433383942 -1.0
1.24110198021 -1.0
1.26351380348 -1.0
1.28398680687 -1.0
1.3008928299 -1.0
1.30092978477 1.0
1.39183497429 -1.0
1.41215896606 -1.0
1.46892094612 -1.0
1.52911090851 -1.0
1.53315782547 -1.0
1.57263183594 -1.0
1.59256887436 -1.0
1.6508769989 -1.0
1.66099381447 -1.0
1.67071485519 -1.0
1.76946282387 -1.0
1.76951289177 1.0
1.86711382866 -1.0
3.01016283035 -1.0
3.10408496857 -1.0
3.16350293159 -1.0
3.20211791992 -1.0
4.62061691284 -1.0
4.67659592628 -1.0
4.67661786079 1.0
4.69623494148 -1.0
5.13402295113 -1.0
5.13417387009 -1.0
5.15373086929 -1.0
5.41534590721 -1.0
6.10501790047 -1.0
6.11542487144 1.0
6.12486577034 -1.0
6.13461685181 -1.0
6.13469982147 -1.0
6.13488197327 -1.0
6.13492393494 -1.0
6.15409684181 -1.0
6.20367097855 -1.0
6.53685379028 -1.0
6.56388497353 -1.0
7.91505384445 -1.0
15.8030209541 -1.0
15.8225729465 -1.0
15.9041118622 -1.0
19.505068779 -1.0
19.5050919056 1.0
20.7147438526 -1.0
21.0067658424 -1.0
22.7159669399 -1.0
