0.0 1.0
0.0172080993652 -1.0
0.0336689949036 -1.0
0.0366630554199 -1.0
0.0533590316772 -1.0
0.0539350509644 -1.0
0.0665991306305 -1.0
0.109143018723 -1.0
0.120913982391 -1.0
0.120977163315 1.0
0.130332946777 -1.0
0.146748065948 -1.0
0.189407110214 -1.0
0.20725107193 -1.0
0.243321180344 -1.0
0.262848138809 -1.0
0.285753965378 -1.0
0.303701162338 -1.0
0.344933986664 -1.0
0.384962081909 -1.0
0.384996175766 1.0
0.422209978104 -1.0
0.498336076736 -1.0
0.558480978012 -1.0
0.596174955368 -1.0
0.812881946564 -1.0
0.869055986404 -1.0
0.889064073563 -1.0
0.90495800972 -1.0
0.961091995239 -1.0
0.965712070465 -1.0
0.966061115265 1.0
0.985558986664 -1.0
1.0696079731 -1.0
1.16800403595 -1.0
1.19050097466 -1.0
1.20514512062 -1.0
1.2490940094 -1.0
1.28958201408 -1.0
1.34919214249 -1.0
1.36046409607 -1.0
1.45880508423 -1.0
1.47832608223 -1.0
1.47835206985 1.0
1.55225396156 -1.0
1.55560803413 -1.0
1.57524394989 -1.0
1.69111514091 -1.0
2.0949010849 -1.0
2.18120718002 -1.0
2.24080014229 -1.0
2.26082706451 -1.0
3.17969202995 -1.0
3.17971801758 1.0
3.23843812943 -1.0
3.25807905197 -1.0
4.40933704376 -1.0
4.46845412254 -1.0
4.48802900314 -1.0
4.51708006859 -1.0
5.11186218262 -1.0
5.11187314987 1.0
5.11211204529 -1.0
5.13282012939 -1.0
5.52677702904 -1.0
6.11268401146 -1.0
6.11287212372 -1.0
6.11339497566 -1.0
6.13331913948 -1.0
6.64161896706 -1.0
15.4252121449 -1.0
15.5195879936 -1.0
15.61343503 -1.0
15.6134641171 1.0
18.1713869572 -1.0
19.5510201454 -1.0
19.6367411613 -1.0
20.6801049709 -1.0
30.8868780136 -1.0
30.88748312 -1.0
30.9379589558 -1.0
30.9961280823 -1.0
31.0500190258 -1.0
31.0887770653 1.0
