0.0 -1.0
1.4066696167e-05 1.0
0.0577571392059 -1.0
0.0772891044617 -1.0
0.156018972397 -1.0
0.176301002502 -1.0
0.262457132339 -1.0
0.281923055649 -1.0
0.359434127808 -1.0
0.450685977936 -1.0
0.509994029999 -1.0
0.564696073532 -1.0
0.65044593811 -1.0
0.650457143784 1.0
0.673268079758 -1.0
0.693475961685 -1.0
0.693511009216 -1.0
1.12792110443 -1.0
1.18585205078 -1.0
1.20916295052 -1.0
1.35348391533 -1.0
1.47482800484 -1.0
2.35780215263 -1.0
2.35783696175 1.0
2.37737894058 -1.0
2.40890407562 -1.0
2.42300510406 -1.0
2.48411202431 -1.0
2.50396203995 -1.0
3.65793895721 -1.0
3.71475791931 -1.0
3.73439407349 -1.0
4.77393293381 -1.0
4.81065392494 1.0
4.85852408409 -1.0
4.8780400753 -1.0
4.89756202698 -1.0
4.92530798912 -1.0
5.9599480629 -1.0
15.655146122 -1.0
18.6818680763 -1.0
19.8779211044 -1.0
19.9656720161 -1.0
19.9656920433 1.0
21.0914831161 -1.0
21.1507689953 -1.0
