0.0 -1.0
1.09672546387e-05 1.0
0.0201239585876 -1.0
0.0467109680176 -1.0
0.046746969223 -1.0
0.103984117508 -1.0
0.124762058258 -1.0
0.163289070129 -1.0
0.224030971527 -1.0
0.250036001205 -1.0
0.299803972244 -1.0
0.355796098709 -1.0
0.365128993988 -1.0
0.371027946472 1.0
0.42981004715 -1.0
0.641257047653 -1.0
0.751263141632 -1.0
0.771526098251 -1.0
0.791319131851 -1.0
1.06111907959 -1.0
1.07995200157 -1.0
1.08073401451 -1.0
1.10328507423 -1.0
1.15167999268 -1.0
1.2078230381 -1.0
1.20784592628 1.0
1.22728896141 -1.0
1.25185394287 -1.0
1.25684905052 -1.0
1.26834011078 -1.0
1.27650594711 -1.0
1.33585906029 -1.0
1.37385106087 -1.0
1.45277094841 -1.0
1.57854795456 -1.0
2.49490404129 -1.0
2.55117893219 -1.0
2.5729470253 -1.0
2.60987496376 1.0
2.62961602211 -1.0
2.65596699715 -1.0
2.69467806816 -1.0
3.41849398613 -1.0
3.47607898712 -1.0
3.49558091164 -1.0
4.07614994049 -1.0
4.09639406204 -1.0
4.53880095482 -1.0
4.57781791687 1.0
4.61802005768 -1.0
4.69893312454 -1.0
4.73687791824 -1.0
4.76381707191 -1.0
5.07560706139 -1.0
5.07656502724 -1.0
5.09519791603 -1.0
5.26550292969 -1.0
5.85457110405 -1.0
5.854596138 1.0
6.0770111084 -1.0
6.09652614594 -1.0
6.24898791313 -1.0
15.5909349918 -1.0
15.6715919971 -1.0
15.69906497 -1.0
15.7199940681 -1.0
18.5353360176 -1.0
19.6317520142 -1.0
19.6317760944 1.0
19.7172739506 -1.0
20.8653550148 -1.0
