0.0 -1.0
0.00154995918274 1.0
0.0215458869934 -1.0
0.0908210277557 -1.0
0.112185001373 -1.0
0.131788015366 -1.0
0.255297899246 -1.0
0.271023035049 -1.0
0.276125907898 -1.0
0.276161909103 -1.0
0.337285041809 -1.0
0.357560873032 -1.0
0.377187013626 -1.0
0.456273078918 -1.0
0.49507689476 1.0
0.538640975952 -1.0
0.582859039307 -1.0
0.582880020142 -1.0
0.858744859695 -1.0
0.878710985184 -1.0
1.04684901237 -1.0
1.14159202576 -1.0
1.55126190186 -1.0
1.79312205315 -1.0
1.79314088821 1.0
1.85119485855 -1.0
1.87572097778 -1.0
1.90931797028 -1.0
1.97170186043 -1.0
2.00929903984 -1.0
3.06426501274 -1.0
3.12113785744 -1.0
3.14089298248 -1.0
4.21145701408 -1.0
4.2510240078 1.0
4.29458189011 -1.0
4.37408900261 -1.0
4.6905040741 -1.0
4.72009301186 -1.0
5.83803296089 -1.0
6.57964801788 -1.0
15.1251580715 -1.0
18.053497076 -1.0
19.155205965 -1.0
19.155230999 1.0
19.8784890175 -1.0
20.8647768497 -1.0
