0.0 -1.0
1.19209289551e-05 1.0
0.0591979026794 -1.0
0.0711739063263 -1.0
0.217599868774 -1.0
0.247476816177 -1.0
0.266968011856 -1.0
0.299281835556 -1.0
0.319499969482 -1.0
0.325850009918 -1.0
0.345497846603 -1.0
0.381939888 1.0
0.431922912598 -1.0
0.519006967545 -1.0
0.570752859116 -1.0
0.627324819565 -1.0
0.631464958191 -1.0
0.947296857834 -1.0
1.01827192307 -1.0
1.44343185425 -1.0
1.44345498085 1.0
1.67149400711 -1.0
1.69109201431 -1.0
1.69144201279 -1.0
1.71116805077 -1.0
1.71812796593 -1.0
1.98353385925 -1.0
2.13696503639 -1.0
2.15649104118 -1.0
2.15694284439 -1.0
2.17661905289 -1.0
2.33348703384 -1.0
2.33353590965 1.0
2.34373188019 -1.0
2.35323286057 -1.0
2.35804891586 -1.0
2.36620783806 -1.0
2.37768101692 -1.0
2.4284529686 -1.0
2.44832992554 -1.0
2.51556682587 -1.0
2.6148018837 -1.0
2.62538099289 -1.0
2.62540483475 1.0
2.634775877 -1.0
2.67155003548 -1.0
2.69345903397 -1.0
3.17437195778 -1.0
3.25582385063 -1.0
3.27537298203 -1.0
3.34760689735 -1.0
4.34132599831 -1.0
4.36108183861 -1.0
4.8131608963 -1.0
4.81348490715 1.0
4.83337688446 -1.0
4.85302996635 -1.0
5.34187889099 -1.0
5.34213995934 -1.0
5.36147999763 -1.0
5.81687402725 -1.0
5.92396998405 -1.0
5.9444899559 -1.0
6.32149887085 -1.0
6.32205700874 1.0
6.34221601486 -1.0
6.34243583679 -1.0
6.3618619442 -1.0
6.64792299271 -1.0
6.6749420166 -1.0
7.34240102768 -1.0
7.36190104485 -1.0
8.13596487045 -1.0
15.4246938229 -1.0
16.4202098846 -1.0
16.5199398994 -1.0
16.5199518204 1.0
21.1453719139 -1.0
21.2294778824 -1.0
21.3222270012 -1.0
23.2230408192 -1.0
