0.0 -1.0
0.00294399261475 1.0
0.0227520465851 -1.0
0.0497081279755 -1.0
0.0735411643982 -1.0
0.0938041210175 -1.0
0.153448104858 -1.0
0.23021697998 -1.0
0.272891044617 -1.0
0.302296161652 -1.0
0.357599973679 -1.0
0.413480997086 -1.0
0.455530166626 -1.0
0.4559071064 1.0
0.513525009155 -1.0
0.565746068954 -1.0
0.570146083832 -1.0
0.590418100357 -1.0
0.650103092194 -1.0
0.710397958755 -1.0
0.758141040802 -1.0
0.82888507843 -1.0
0.83818602562 -1.0
0.838222980499 -1.0
0.852493047714 -1.0
0.857757091522 -1.0
0.85778594017 1.0
1.65865397453 -1.0
1.71768808365 -1.0
1.74791812897 -1.0
1.92507910728 -1.0
1.94568705559 -1.0
3.25026512146 -1.0
3.31286001205 -1.0
3.33300113678 -1.0
3.37012696266 -1.0
3.37013697624 1.0
3.66287612915 -1.0
3.90191912651 -1.0
4.42493605614 -1.0
4.48200416565 -1.0
4.50156402588 -1.0
5.2419090271 -1.0
5.72209310532 -1.0
5.9292781353 -1.0
6.02333402634 -1.0
6.02334594727 1.0
6.0559489727 -1.0
6.08312797546 -1.0
8.13381695747 -1.0
15.9265949726 -1.0
19.6376450062 -1.0
20.982861042 -1.0
21.0756280422 -1.0
22.8785071373 -1.0
23.3138599396 1.0
23.3334870338 -1.0
