0.0 1.0
0.00177812576294 -1.0
0.0195209980011 -1.0
0.0212872028351 -1.0
0.0466191768646 -1.0
0.067146062851 -1.0
0.123323202133 -1.0
0.247967004776 -1.0
0.268141031265 -1.0
0.268715143204 -1.0
0.288340091705 -1.0
0.298354148865 1.0
0.347306013107 -1.0
0.403405189514 -1.0
0.557281970978 -1.0
0.583513975143 -1.0
0.823647975922 -1.0
0.883409976959 -1.0
0.903002977371 -1.0
1.27943015099 -1.0
1.51558709145 -1.0
1.51721811295 1.0
1.53697609901 -1.0
1.64572310448 -1.0
1.66581702232 -1.0
1.84627008438 -1.0
1.8462870121 -1.0
1.865858078 -1.0
1.88812112808 -1.0
1.90757513046 -1.0
1.94564819336 -1.0
2.04587507248 -1.0
2.0570499897 -1.0
2.06544113159 -1.0
2.14665007591 -1.0
2.14667010307 1.0
2.39966917038 -1.0
3.25527119637 -1.0
3.34767413139 -1.0
3.44739818573 -1.0
3.5599360466 -1.0
4.91976618767 -1.0
4.94013619423 -1.0
5.17192602158 -1.0
5.17193698883 1.0
5.22795319557 -1.0
5.24979901314 -1.0
5.88120317459 -1.0
5.88121700287 -1.0
5.88140416145 -1.0
5.90090203285 -1.0
7.04898405075 -1.0
7.24753308296 -1.0
7.34850001335 -1.0
7.34850907326 1.0
7.5602991581 -1.0
7.59109401703 -1.0
9.24806308746 -1.0
15.848870039 -1.0
20.1500980854 -1.0
22.0497801304 -1.0
22.5856070518 -1.0
24.0463349819 -1.0
