0.0 -1.0
0.000749826431274 1.0
0.0203819274902 -1.0
0.0687909126282 -1.0
0.12597489357 -1.0
0.181940793991 -1.0
0.231819868088 -1.0
0.257918834686 -1.0
0.309914827347 -1.0
0.357081890106 -1.0
0.357108831406 1.0
0.413868904114 -1.0
0.456398010254 -1.0
0.517879009247 -1.0
0.730887889862 -1.0
0.889949798584 -1.0
1.13009881973 -1.0
1.15079879761 -1.0
1.17096781731 -1.0
1.3569920063 -1.0
1.35701394081 -1.0
1.35704779625 -1.0
1.37717080116 -1.0
1.37718582153 1.0
1.37719678879 -1.0
1.40083789825 -1.0
1.42077088356 -1.0
1.55692982674 -1.0
1.61992883682 -1.0
1.65915298462 -1.0
1.91813278198 -1.0
1.93881297112 -1.0
2.01409888268 -1.0
2.01412296295 1.0
2.0379858017 -1.0
2.08005785942 -1.0
2.25527596474 -1.0
3.15559887886 -1.0
3.17547798157 -1.0
3.25618696213 -1.0
3.31231880188 -1.0
4.35961294174 1.0
4.41821289062 -1.0
4.43770885468 -1.0
4.67253994942 -1.0
4.69236183167 -1.0
4.71182394028 -1.0
5.37906694412 -1.0
5.37943100929 -1.0
5.39900279045 -1.0
6.37913298607 -1.0
6.37914299965 1.0
6.3987019062 -1.0
6.55946493149 -1.0
6.59512782097 -1.0
6.61524987221 -1.0
6.64886593819 -1.0
8.15727591515 -1.0
15.3561139107 -1.0
15.3756020069 -1.0
19.7709889412 -1.0
21.2582409382 -1.0
21.2582628727 1.0
21.9960169792 -1.0
22.8860099316 -1.0
