0.0 -1.0
0.000547885894775 1.0
0.0267608165741 -1.0
0.0690228939056 -1.0
0.134428024292 -1.0
0.153956890106 -1.0
0.232535839081 -1.0
0.287936925888 -1.0
0.293610811234 -1.0
0.344040870667 -1.0
0.344048023224 1.0
0.400127887726 -1.0
0.61208987236 -1.0
0.779140949249 -1.0
0.836290836334 -1.0
0.912375926971 -1.0
0.972061872482 -1.0
1.02024698257 -1.0
1.07998299599 -1.0
1.09556984901 -1.0
1.11372685432 -1.0
1.13330984116 -1.0
1.19289398193 -1.0
1.20149302483 -1.0
1.22977995872 -1.0
1.22978901863 1.0
1.22989082336 -1.0
1.24992394447 -1.0
1.26935386658 -1.0
1.328758955 -1.0
1.44473981857 -1.0
1.50338292122 -1.0
1.55334997177 -1.0
1.58102893829 -1.0
1.58113098145 -1.0
1.61209392548 -1.0
2.15091395378 -1.0
2.15093493462 1.0
2.17062282562 -1.0
2.21027493477 -1.0
2.28990292549 -1.0
2.37245583534 -1.0
2.3920519352 -1.0
3.27318692207 -1.0
3.29420995712 -1.0
3.31380391121 -1.0
3.8737449646 1.0
3.89513802528 -1.0
3.91477799416 -1.0
3.98088097572 -1.0
4.41088485718 -1.0
4.48930382729 -1.0
4.75864291191 -1.0
4.78653597832 -1.0
4.89435791969 -1.0
4.8943669796 1.0
4.89443993568 -1.0
4.91401386261 -1.0
5.51422381401 -1.0
5.89474797249 -1.0
5.89497590065 -1.0
5.91416692734 -1.0
6.89478182793 -1.0
6.91449403763 -1.0
14.7633519173 -1.0
15.257778883 -1.0
15.365311861 -1.0
15.3653290272 1.0
15.3871488571 -1.0
15.4086139202 -1.0
18.2989070415 -1.0
19.119273901 -1.0
19.3851568699 -1.0
20.3485689163 -1.0
