0.17002797 1    
0.34809264 -1   
0.34846989 1    
0.51833266 -1   
0.51836892 1    
0.68672614 -1   
0.69018748 -1   
0.85994585 -1   
0.86042071 1    
1.04007300 -1   
1.04012647 1    
1.21471941 -1   
1.21475701 1    
1.41734832 -1   
1.41738496 1    
1.63220291 1    
1.71720326 -1   
1.80160809 1    
1.92582938 -1   
1.97149352 1    
2.15568461 -1   
2.15600194 1    
2.32619516 -1   
2.37147834 1    
2.53547696 -1   
2.54191843 1    
2.64205311 -1   
2.64354345 -1   
2.68452658 -1   
2.70484795 -1   
2.71305674 1    
2.88927545 -1   
2.88970638 1    
3.06066114 -1   
3.06070812 1    
3.23242156 -1   
3.23257206 1    
3.40373926 -1   
3.40377740 1    
3.57651904 -1   
3.57657721 1    
3.74701745 -1   
3.74754236 1    
3.91919195 -1   
3.91950624 1    
4.13485514 -1   
4.13544811 1    
4.30647029 -1   
4.35163635 1    
4.51591986 -1   
4.56351968 1    
4.68550060 -1   
4.68578734 1    
4.73291286 1    
4.91077181 -1   
4.91201500 -1   
4.91300295 -1   
4.91449424 -1   
4.91601742 -1   
4.92849844 1    
5.08631638 -1   
5.29701731 -1   
5.29731924 1    
5.46675532 1    
5.51302657 -1   
5.63614387 1    
5.84783502 -1   
5.92918997 1    
6.11293535 -1   
6.11323357 1    
6.28237621 -1   
6.32347944 1    
6.49372064 -1   
6.49413879 1    
6.79005168 -1   
6.93042264 1    
7.11267446 -1   
7.11296206 1    
7.12548324 -1   
7.12672817 -1   
7.28258666 -1   
7.32414721 -1   
7.32417113 1    
7.49347704 -1   
7.53580078 1    
7.77746674 -1   
7.93066369 1    
8.04655363 -1   
8.21674298 -1   
8.21702931 1    
8.35630552 -1   
8.35779759 -1   
8.38641243 -1   
8.44425333 -1   
8.44452776 1    
8.48545684 -1   
8.48697175 -1   
8.49971981 -1   
8.50121316 -1   
8.53567864 -1   
8.53697052 -1   
8.54822435 -1   
8.54941329 -1   
8.55097476 -1   
8.60768313 -1   
8.61665099 -1   
8.61815013 -1   
8.63090109 -1   
8.63104017 1    
8.65838654 -1   
8.65960114 -1   
8.66110100 -1   
8.66260103 -1   
8.67936779 -1   
8.68084315 -1   
8.68211394 -1   
8.69308939 -1   
8.70858084 -1   
8.70984408 -1   
8.71657491 -1   
8.71806911 -1   
8.72156969 -1   
8.73606389 -1   
8.73733043 -1   
8.76806650 -1   
8.76953972 -1   
8.78005371 -1   
8.78153433 -1   
8.78250462 -1   
8.80527523 -1   
8.80533525 1    
8.80652013 -1   
8.81576734 -1   
8.81725998 -1   
8.81850879 -1   
8.85125298 -1   
8.85249130 -1   
8.88348132 -1   
8.88497704 -1   
8.88624570 -1   
8.89648823 -1   
8.89796572 -1   
8.89921441 -1   
8.92722749 -1   
8.92872183 -1   
8.92997091 -1   
8.95096476 -1   
8.95220817 -1   
8.95371164 -1   
8.95520445 -1   
8.95714381 -1   
8.96270506 -1   
8.96395090 -1   
8.99672868 -1   
8.99676664 1    
8.99822618 -1   
8.99947182 -1   
9.08739893 -1   
9.08885599 -1   
9.13247046 -1   
9.14139628 1    
9.20760308 1    
9.31387262 -1   
9.42999513 1    
9.60485672 1    
9.67312842 -1   
9.77676776 1    
9.93815063 -1   
9.93936925 -1   
9.93977000 -1   
9.94697300 1    
10.03160000 -1   
10.03283755 -1   
10.08814043 -1   
10.08956357 -1   
10.09107148 -1   
10.09655674 -1   
10.10996090 -1   
10.11024452 1    
10.11629238 1    
10.12151842 -1   
10.12308534 -1   
10.13454251 -1   
10.13550820 -1   
10.13702787 -1   
10.13850692 -1   
10.14386389 1    
10.18705778 -1   
10.18826980 -1   
10.19777981 -1   
10.19928379 -1   
10.20050255 -1   
10.20999060 -1   
10.21148693 -1   
10.22023268 -1   
10.22173219 -1   
10.22297666 -1   
10.23945050 -1   
10.24096856 -1   
10.24222108 -1   
10.24746504 -1   
10.27720546 -1   
10.27842645 -1   
10.29144329 -1   
10.29293802 -1   
10.29418842 -1   
10.29568884 -1   
10.29672632 -1   
10.31542801 -1   
10.31545312 1    
10.31692938 -1   
10.32842181 -1   
10.32992034 -1   
10.34364002 -1   
10.34490419 -1   
10.41038317 -1   
10.48910898 -1   
10.49033170 -1   
10.49184509 -1   
10.50182114 -1   
10.50306756 -1   
10.50456757 -1   
10.50607315 -1   
10.50731636 -1   
10.51400175 -1   
10.51401707 1    
10.53305461 -1   
10.53429998 -1   
10.62901286 -1   
10.64449644 -1   
10.64598907 -1   
10.64723586 -1   
10.69172901 -1   
10.69176742 1    
10.86454218 -1   
10.91681987 -1   
10.91812068 -1   
10.93226718 1    
11.02928696 -1   
11.03049834 -1   
11.03200116 -1   
11.04201137 -1   
11.04351627 -1   
11.04498613 -1   
11.05400292 -1   
11.05523076 -1   
11.05673133 -1   
11.07301239 -1   
11.08321664 -1   
11.08471253 -1   
11.09873414 -1   
11.10022683 -1   
11.10146270 -1   
11.11545082 -1   
11.11549455 1    
11.11694750 -1   
11.12846427 -1   
11.14595469 -1   
11.14717715 -1   
11.14868351 -1   
11.15017688 -1   
11.15170001 -1   
11.15892293 -1   
11.16019464 -1   
11.16169603 -1   
11.18166683 -1   
11.18292347 -1   
11.18442634 -1   
11.18592796 -1   
11.18717916 -1   
11.19292462 -1   
11.19442597 -1   
11.21716219 -1   
11.24358121 -1   
11.31413452 -1   
11.31416998 1    
11.31536909 -1   
11.40731264 -1   
11.40853227 -1   
11.41005484 -1   
11.46225592 -1   
11.52753668 1    
11.63178735 -1   
11.69795907 1    
11.93297798 1    
11.98555619 -1   
12.24696725 -1   
12.24745526 1    
12.42272450 -1   
12.42397034 -1   
12.42435252 -1   
12.51700670 -1   
12.51820244 -1   
12.61716491 -1   
12.61761749 1    
12.62865574 -1   
12.62985613 -1   
12.63138944 -1   
12.63288200 -1   
12.63414734 -1   
12.63579060 -1   
12.64488346 -1   
12.64638738 -1   
12.70579492 -1   
12.70728657 -1   
12.70853970 -1   
12.71953412 -1   
12.72102976 -1   
12.73452597 -1   
12.73577381 -1   
12.73726820 -1   
12.79049911 -1   
12.79054717 1    
12.79174202 -1   
12.79323839 -1   
12.79474067 -1   
12.80606576 -1   
12.81448117 -1   
12.81597336 -1   
12.82747169 -1   
12.82896638 -1   
12.83021882 -1   
12.97660037 -1   
12.97664094 1    
13.14821563 -1   
13.35829179 -1   
13.35861120 1    
13.54446084 -1   
13.54476270 1    
13.87323120 -1   
13.93547273 1    
14.12158205 -1   
14.12184426 1    
14.33147274 -1   
14.33176479 1    
14.61604752 -1   
14.93654410 1    
15.12450975 -1   
15.12483929 1    
15.34794226 -1   
15.34831022 1    
15.62428453 -1   
15.93697758 1    
16.10722364 1    
16.12274694 -1   
16.31952747 1    
16.52207855 -1   
16.52290481 1    
16.75157969 -1   
22.58412304 1    
28.93781739 1    
30.92309479 -1   
31.09274234 -1   
31.26358435 -1   
32.39474311 -1   
38.20517294 -1   
45.98396220 1    
53.43790867 -1   
57.92360223 -1   
