0.00000000 1    
2.33338183 -1   
2.47080786 1    
2.63267498 -1   
2.64046010 1    
2.80988616 1    
2.81038375 -1   
2.98174476 -1   
3.15114405 -1   
3.16343253 1    
3.36403643 -1   
3.37315120 1    
3.54246882 1    
3.54263759 -1   
3.71212791 1    
3.75653062 -1   
3.93147072 1    
3.93177470 -1   
4.10207467 1    
4.14979489 -1   
4.31127420 1    
4.32020028 -1   
4.57787857 1    
4.88670225 1    
4.88699183 -1   
5.63817617 1    
5.63941273 1    
5.63979982 1    
5.67059544 -1   
5.68814509 1    
5.84114731 1    
5.84142804 -1   
6.15670140 1    
6.51194979 1    
6.51340070 1    
6.51377237 1    
6.53116465 1    
6.55338135 1    
6.55462355 1    
6.60387083 1    
6.60511461 1    
6.61461085 1    
6.61610514 1    
6.68332701 1    
6.68456605 1    
6.68606526 1    
6.68756344 1    
6.68881686 1    
6.68889495 -1   
6.69035667 1    
6.70230835 1    
6.70381093 1    
6.72455637 1    
6.72609744 1    
6.72751955 1    
6.72879316 1    
6.77501853 1    
6.77649329 1    
6.77801967 1    
6.77929459 1    
6.78605341 1    
6.78755456 1    
6.78873858 1    
6.79030626 1    
6.85600937 1    
6.85751896 1    
6.85897613 1    
6.86024575 1    
6.86176207 1    
6.86299504 1    
6.86449867 1    
6.86599733 1    
6.86723962 1    
6.86726692 -1   
6.86875911 1    
6.87350477 1    
6.87498857 1    
6.87643401 1    
6.87768183 1    
6.89601799 1    
6.89752546 1    
6.89868208 1    
6.90022781 1    
6.90147050 1    
6.90297314 1    
6.90447167 1    
6.90567235 1    
6.93992446 1    
6.94142048 1    
6.94764563 1    
6.94914766 1    
6.95039228 1    
6.95189279 1    
6.95340809 1    
6.95466033 1    
6.95615920 1    
6.95766426 1    
6.95915731 1    
6.96040355 1    
6.96103998 1    
6.98811583 -1   
7.07961909 -1   
7.39438873 -1   
7.59130197 1    
7.59277473 1    
7.59315611 1    
7.64325404 1    
7.64474863 1    
7.66550952 1    
7.66563445 -1   
7.66700726 1    
7.66850188 1    
7.68900126 1    
7.73423955 1    
7.73546567 1    
7.73696401 1    
7.73848728 1    
7.73996743 1    
7.74319381 1    
7.74438396 -1   
7.74467949 1    
7.75321359 1    
7.75468468 1    
7.75620213 1    
7.75745357 1    
7.76420043 1    
7.80154399 1    
7.83541393 1    
7.83690224 1    
7.83840482 1    
7.83963471 1    
7.84115261 1    
7.84690463 1    
7.84692356 -1   
7.84840142 1    
7.84987958 1    
7.85115240 1    
7.85265189 1    
7.85390299 1    
7.85540013 1    
7.85689730 1    
7.85814330 1    
7.85964555 1    
7.86089080 1    
7.86239389 1    
7.86764053 1    
7.93635746 1    
7.93757684 1    
7.93913324 1    
7.94713406 1    
7.94857899 1    
7.95013124 1    
7.95136468 1    
7.95287400 1    
7.95412745 1    
7.95564632 1    
7.95959119 1    
7.95967873 -1   
7.97006268 1    
7.97155766 1    
7.98158025 1    
8.00542946 1    
8.04430464 1    
8.04433380 -1   
8.04579159 1    
8.05607862 1    
8.17451677 1    
8.47053180 1    
8.47202231 1    
8.47240309 1    
8.48029521 1    
8.48151794 1    
8.48304353 1    
8.49226256 1    
8.49351167 1    
8.51927077 1    
8.55598549 1    
8.55751913 1    
8.56450071 1    
8.56464880 -1   
8.56598861 1    
8.56747499 1    
8.59720840 1    
8.59849573 1    
8.60800639 1    
8.60946065 1    
8.61097146 1    
8.61221236 1    
8.61369380 1    
8.62224220 1    
8.62369205 1    
8.62524949 1    
8.63245846 1    
8.63393137 1    
8.64023842 1    
8.64144457 1    
8.64177903 1    
8.65092755 1    
8.65242194 1    
8.66093229 1    
8.66242926 1    
8.66365836 1    
8.68417701 1    
8.68566915 1    
8.69141937 1    
8.69291619 1    
8.69441545 1    
8.70339062 1    
8.70489090 1    
8.71165661 1    
8.73393437 -1   
8.81989897 1    
8.90471114 -1   
9.62220660 1    
9.62343273 1    
9.62402566 1    
9.64367353 1    
9.64517435 1    
9.71882352 1    
9.72037261 1    
9.72186565 1    
9.73811761 1    
9.73955440 1    
9.74936056 1    
9.74947112 -1   
9.75082925 1    
9.79358432 1    
9.79477032 1    
9.79633162 1    
9.79780695 1    
9.79907117 1    
9.80058218 1    
9.81506322 1    
9.81653087 1    
9.81775551 1    
9.81925960 1    
9.89028091 1    
9.89147988 1    
9.89300634 1    
9.89451653 1    
9.89571362 1    
9.89726379 1    
9.90949825 1    
9.91101501 1    
9.91253533 1    
9.91873848 -1   
14.01454501 -1   
14.18415625 -1   
20.23062811 -1   
28.46818842 1    
28.67687804 1    
28.84804731 1    
29.66981573 1    
33.79271699 1    
41.21929211 -1   
44.15406594 1    
44.15430205 -1   
48.98905236 1    
53.20135140 1    
54.67230475 -1   
62.17561563 -1   
62.30065086 1    
