0.00000000 1    
0.24802591 -1   
0.24853435 1    
0.24854084 1    
0.42025705 1    
0.45069305 -1   
0.47917714 -1   
0.50189213 -1   
0.51315826 -1   
0.62101278 -1   
0.62104844 1    
0.79458127 -1   
0.79462089 1    
0.99051977 -1   
0.99057500 1    
1.02086747 -1   
1.04440105 -1   
1.06434020 -1   
1.16198552 -1   
1.16230657 1    
1.33166062 -1   
1.37550028 1    
1.59162822 1    
1.61416495 -1   
1.82432061 -1   
1.82468111 1    
2.02588678 -1   
2.02592348 1    
2.27572027 1    
2.53784082 -1   
2.67669456 -1   
2.67788888 -1   
2.78410208 -1   
2.78881349 -1   
2.81900421 1    
3.58914266 -1   
3.59063799 -1   
3.59099534 -1   
3.65210921 -1   
3.65360662 -1   
3.65483247 -1   
3.68459136 -1   
3.68606324 -1   
3.70932538 -1   
3.71079752 -1   
3.76202737 -1   
3.76327275 -1   
3.76480016 -1   
3.76601836 -1   
3.80200080 -1   
3.80351767 -1   
3.82349136 -1   
3.82363946 1    
3.82474961 -1   
3.82625258 -1   
3.82661715 -1   
3.83628494 -1   
3.83749652 -1   
3.85597216 -1   
3.85723664 -1   
3.85872894 -1   
3.87622904 -1   
3.88072128 -1   
3.92670406 -1   
3.94022435 -1   
3.94146774 -1   
3.95268303 -1   
3.96367238 -1   
3.96490067 -1   
3.96642374 -1   
3.98066809 -1   
3.98189464 -1   
3.99490659 -1   
3.99640685 -1   
3.99765470 -1   
3.99915266 -1   
4.00070105 -1   
4.00072253 1    
4.00694172 -1   
4.02968415 -1   
4.05290258 -1   
4.05437405 -1   
4.07661741 -1   
4.07783685 -1   
4.07935668 -1   
4.08060395 -1   
4.13436454 -1   
4.15506852 -1   
4.15656573 -1   
4.15781224 -1   
4.15931000 -1   
4.16455842 -1   
4.16603933 -1   
4.16730628 -1   
4.19177572 -1   
4.19179030 1    
4.20098026 -1   
4.22752493 -1   
4.22877729 -1   
4.23027024 -1   
4.23174758 -1   
4.23299544 -1   
4.24049600 -1   
4.27425390 -1   
4.39645536 -1   
4.39682333 1    
4.41646569 1    
4.58760237 1    
4.81043487 1    
5.01037057 -1   
5.01161181 -1   
5.01193335 -1   
5.10403016 -1   
5.10530045 -1   
5.19123169 -1   
5.19141476 1    
5.19269833 -1   
5.19394696 -1   
5.21621117 -1   
5.22588442 -1   
5.23529169 1    
5.39521423 -1   
5.39525587 1    
5.56515634 -1   
5.56521161 1    
6.02423492 -1   
6.02572353 -1   
6.02610203 -1   
6.07695631 -1   
6.07844650 -1   
6.14366267 -1   
6.14490692 -1   
6.14642922 -1   
6.16416640 -1   
6.16566974 -1   
6.16691640 -1   
6.17166366 -1   
6.19720312 -1   
6.19844373 -1   
6.19868127 1    
6.19987973 -1   
6.20142841 -1   
6.23715279 -1   
6.23837333 -1   
6.24835261 -1   
6.24961579 -1   
6.25111589 -1   
6.25261202 -1   
6.31481573 -1   
6.31630417 -1   
6.31755752 -1   
6.31905198 -1   
6.32055086 -1   
6.32180007 -1   
6.33532779 -1   
6.33682865 -1   
6.33804914 -1   
6.33959161 -1   
6.34104360 -1   
6.34234252 -1   
6.34381778 -1   
6.34504357 -1   
6.36853379 -1   
6.37002562 -1   
6.37097155 -1   
6.37098391 1    
6.40975850 -1   
6.41099883 -1   
6.41249863 -1   
6.41374809 -1   
6.41530626 -1   
6.41674645 -1   
6.42206342 -1   
6.44379987 -1   
6.44498818 -1   
6.44654408 -1   
6.45153235 -1   
6.45275068 -1   
6.45428233 -1   
6.50023306 -1   
6.50172248 -1   
6.50294851 -1   
6.50446811 -1   
6.50597180 -1   
6.50721675 -1   
6.50871346 -1   
6.50997098 -1   
6.51196735 -1   
6.51346552 -1   
6.51471149 -1   
6.54069255 -1   
6.54073063 1    
6.56344606 -1   
6.58492995 -1   
6.58646647 -1   
6.58771204 -1   
6.58921078 -1   
6.59069581 -1   
6.59189775 -1   
6.59342139 -1   
6.59464873 -1   
6.59616454 -1   
6.60889467 -1   
6.62065519 -1   
6.66761266 -1   
6.66910617 -1   
6.67037505 -1   
6.67185137 -1   
6.67337129 -1   
6.67459986 -1   
6.67610473 -1   
6.67759875 -1   
6.67884830 -1   
6.70310856 -1   
6.70433426 -1   
6.71265217 -1   
6.71268940 1    
6.75933402 -1   
6.88545840 -1   
6.88815178 1    
7.67554000 -1   
7.67679013 -1   
7.67715969 -1   
7.72875598 -1   
7.73025148 -1   
7.73999692 -1   
7.78297287 -1   
7.78446964 -1   
7.80323392 -1   
7.80448291 -1   
7.80595802 -1   
7.81220779 -1   
7.84793943 -1   
7.84945465 -1   
7.85070524 -1   
7.85084314 1    
7.85217759 -1   
7.88791497 -1   
7.88941133 -1   
7.90046137 -1   
7.90190213 -1   
7.90344581 -1   
7.90489942 -1   
7.91417894 -1   
7.91568778 -1   
7.95442844 -1   
7.95586897 -1   
7.95742634 -1   
7.95867566 -1   
7.97491487 -1   
7.97611366 -1   
7.97767275 -1   
8.02040202 1    
11.22679271 1    
17.39512103 -1   
22.99993127 -1   
26.14437665 -1   
26.31382763 -1   
26.48319550 -1   
27.70473788 -1   
30.52704775 1    
38.86544802 1    
38.96728226 -1   
48.16588679 1    
48.31369864 -1   
51.49513350 -1   
51.49535387 1    
55.60853351 -1   
