0.00000000 -1   
2.72885111 1    
2.98951875 -1   
3.15916890 -1   
3.15952558 1    
3.33008756 1    
3.35630674 -1   
3.37847139 -1   
3.39168950 -1   
3.40344850 -1   
3.55015189 -1   
3.55032590 1    
3.71979596 1    
3.75759925 -1   
3.82970816 -1   
3.84370685 -1   
3.88345995 -1   
3.96862740 -1   
3.96895014 1    
4.19284986 -1   
4.20374019 1    
4.37429049 -1   
4.37461991 1    
4.54515392 -1   
4.54544402 1    
4.75302889 -1   
4.75335712 1    
5.02262233 -1   
5.23180497 -1   
5.23220543 1    
6.04995081 -1   
6.05143528 -1   
6.05181198 -1   
6.08268793 1    
6.18441880 -1   
6.25348051 -1   
6.25381193 1    
6.77589718 -1   
8.14673247 -1   
8.14821530 -1   
8.14859612 -1   
8.22548423 -1   
8.22697455 -1   
8.25620757 -1   
8.25771624 -1   
8.25919762 -1   
8.26741665 -1   
8.26870850 -1   
8.31817319 -1   
8.31969367 -1   
8.32086511 -1   
8.32181886 -1   
8.33238283 -1   
8.33388094 -1   
8.39685139 -1   
8.39700853 1    
8.39809189 -1   
8.39961696 -1   
8.40113547 -1   
8.42757636 -1   
8.42882795 -1   
8.43032417 -1   
8.43181974 -1   
8.43306966 -1   
8.43457488 -1   
8.43859164 -1   
8.43985484 -1   
8.44131560 -1   
8.44287491 -1   
8.48952336 -1   
8.49078773 -1   
8.49228872 -1   
8.49378575 -1   
8.49501200 -1   
8.49651048 -1   
8.49776268 -1   
8.49928033 -1   
8.50376228 -1   
8.50507429 -1   
8.50655272 -1   
8.50805323 -1   
8.56950044 -1   
8.56953634 1    
8.57077390 -1   
8.57227359 -1   
8.57347607 -1   
8.57503570 -1   
8.57652331 -1   
8.59897822 -1   
8.60048078 -1   
8.60175850 -1   
8.60327218 -1   
8.60474968 -1   
8.60600790 -1   
8.60746743 -1   
8.60875764 -1   
8.61025878 -1   
8.61176258 -1   
8.61300352 -1   
8.61446877 -1   
8.61599605 -1   
8.61725291 -1   
8.61790546 -1   
8.66147138 -1   
8.66271581 -1   
8.78140371 1    
8.78664270 -1   
8.79551991 1    
8.95386354 1    
9.75900492 -1   
9.75932562 1    
9.89501355 -1   
9.92795251 -1   
9.92945024 -1   
9.93033612 -1   
9.93034673 1    
9.96846196 -1   
9.96972265 -1   
10.05065626 -1   
10.05081952 1    
10.05214295 -1   
10.05339296 -1   
10.10097005 -1   
10.10099955 1    
10.27193861 -1   
10.64509708 -1   
10.64656765 -1   
10.64692840 -1   
10.72901342 -1   
10.73048828 -1   
10.75698050 -1   
10.75850635 -1   
10.75973644 -1   
10.76122237 -1   
10.76271440 -1   
10.76396485 -1   
10.77021563 -1   
10.77171537 -1   
10.79045529 -1   
10.81766490 -1   
10.83270844 -1   
10.83392547 -1   
10.84394944 -1   
10.84516894 -1   
10.84667161 -1   
10.84816547 -1   
10.84826705 1    
10.84941823 -1   
10.85891810 -1   
10.86015812 -1   
10.90016218 -1   
10.90166234 -1   
10.90315784 -1   
10.90438225 -1   
10.92837929 -1   
10.92966733 -1   
10.93119938 -1   
10.93267804 -1   
10.93391939 -1   
10.93537136 -1   
10.93666655 -1   
10.93811733 -1   
10.93963756 -1   
10.94088331 -1   
10.94236480 -1   
10.94363646 -1   
10.94513048 -1   
10.94663337 -1   
10.96190893 -1   
10.96316168 -1   
10.96466426 -1   
10.96615480 -1   
10.98911297 -1   
10.99035932 -1   
11.00535280 -1   
11.00684610 -1   
11.00832434 -1   
11.00959493 -1   
11.01634672 -1   
11.01784035 -1   
11.01936583 -1   
11.01945122 1    
11.02183821 -1   
11.02185209 1    
11.02308898 -1   
11.04207830 -1   
11.04330658 -1   
11.04480428 -1   
11.08514611 -1   
11.08629876 -1   
11.09578575 -1   
11.09730616 -1   
11.09855981 -1   
11.10002323 -1   
11.10155507 -1   
11.10282894 -1   
11.10429418 -1   
11.10579017 -1   
11.10704190 -1   
11.12978378 -1   
11.13106712 -1   
11.14075665 -1   
11.14230591 -1   
11.14351340 -1   
11.14505751 -1   
11.14655591 -1   
11.14780557 -1   
11.14926588 -1   
11.15052418 -1   
11.15204942 -1   
11.17379894 -1   
11.17503960 -1   
11.17653860 -1   
11.18776032 -1   
11.19077973 1    
11.23475871 -1   
11.23625198 -1   
11.35645239 -1   
11.40565943 1    
12.34316431 -1   
12.34462816 -1   
12.34500374 -1   
12.42482993 -1   
12.42607874 -1   
12.45580714 -1   
12.45728229 -1   
12.45855471 -1   
12.48929047 -1   
12.49047682 -1   
12.49205174 -1   
12.49905189 -1   
12.51477092 -1   
12.51602568 -1   
12.51626742 1    
12.51747575 -1   
12.51901910 -1   
12.52027303 -1   
12.52226764 -1   
12.59623600 -1   
12.59742136 -1   
12.59896414 -1   
12.60043484 -1   
12.62695850 -1   
12.62842930 -1   
12.62970330 -1   
12.63120786 -1   
12.63270383 -1   
12.63395050 -1   
12.66069104 -1   
12.66194205 -1   
12.68164433 -1   
12.68794900 1    
12.69370946 -1   
12.90554178 1    
15.77682351 1    
21.13073353 -1   
28.68203754 1    
28.72781345 -1   
30.64776387 -1   
30.83709220 -1   
31.00656209 -1   
32.49245251 -1   
38.84681925 -1   
46.75523436 -1   
49.16643760 1    
50.24090337 1    
54.83839095 -1   
57.55886687 -1   
