0.00000000 1    
0.39025359 -1   
0.55964525 -1   
0.55998698 1    
0.72954745 1    
0.90420741 -1   
0.90447206 1    
1.07485938 -1   
1.07500233 1    
1.24555354 -1   
1.24585505 1    
1.48063193 -1   
1.68381429 1    
1.68998624 -1   
1.85336210 1    
1.86090489 -1   
2.06553723 1    
2.28064965 -1   
2.28095045 1    
2.50876732 -1   
2.50908836 1    
2.67968573 -1   
3.28375634 -1   
3.28524650 -1   
3.28561804 -1   
3.31711673 1    
3.39943192 -1   
3.45524211 -1   
3.52942348 1    
3.97892642 -1   
4.36965249 -1   
4.37116158 -1   
4.37147344 -1   
4.45857847 -1   
4.46007038 -1   
4.48781445 -1   
4.48930852 -1   
4.49055614 -1   
4.49203137 -1   
4.49353549 -1   
4.54101273 -1   
4.54225669 -1   
4.54375069 -1   
4.54500203 -1   
4.54650426 -1   
4.54662419 1    
4.54802147 -1   
4.63046062 -1   
4.63196719 -1   
4.63322239 -1   
4.63469979 -1   
4.65919238 -1   
4.66068249 -1   
4.66193200 -1   
4.66345209 -1   
4.66468115 -1   
4.66617978 -1   
4.66767985 -1   
4.66895099 -1   
4.67045353 -1   
4.67137996 -1   
4.71246701 -1   
4.71366800 -1   
4.71518439 -1   
4.71640137 -1   
4.71790174 -1   
4.71945632 -1   
4.72068203 -1   
4.72221420 -1   
4.72364871 -1   
4.72489481 -1   
4.72491185 1    
4.75863360 -1   
4.76014693 -1   
4.80341603 -1   
4.80465926 -1   
4.80614911 -1   
4.80740285 -1   
4.80885649 -1   
4.81034727 -1   
4.81159708 -1   
4.82311181 -1   
4.83185934 -1   
4.83335353 -1   
4.83460586 -1   
4.83610274 -1   
4.83760514 -1   
4.83883131 -1   
4.84013374 -1   
4.85282150 -1   
4.85432320 -1   
4.85557167 -1   
4.85706926 -1   
4.85856542 -1   
4.87758370 -1   
4.87907766 -1   
4.88587183 -1   
4.93759202 1    
5.02295586 -1   
5.03191068 1    
5.11225318 1    
5.44387982 1    
5.80655953 -1   
5.80804916 -1   
5.80843895 -1   
5.89080820 -1   
5.89223221 -1   
5.95400966 -1   
5.95417792 1    
5.95526084 -1   
5.95672148 -1   
5.96224714 -1   
5.98244873 -1   
5.98395161 -1   
5.99267185 -1   
5.99394520 -1   
5.99547647 -1   
6.00268512 1    
6.01836822 -1   
6.04565005 -1   
6.04689307 -1   
6.04838837 -1   
6.04963781 -1   
6.06215762 -1   
6.06340583 -1   
6.06487930 -1   
6.06615525 -1   
6.12562149 -1   
6.12684661 -1   
6.12687070 1    
6.12840634 -1   
6.12990473 -1   
6.13115234 -1   
6.13264924 -1   
6.15360754 -1   
6.15509924 -1   
6.15634723 -1   
6.15834797 -1   
6.16384845 -1   
6.16536503 -1   
6.16659589 -1   
6.16812738 -1   
6.16962717 -1   
6.17082392 -1   
6.17236508 -1   
6.17361655 -1   
6.21707071 -1   
6.21834031 -1   
6.21979730 -1   
6.22109103 -1   
6.22259582 -1   
6.22409330 -1   
6.22445512 -1   
6.23859128 -1   
6.24008684 -1   
6.25055439 -1   
6.25069072 1    
6.25208134 -1   
6.25333417 -1   
6.26132645 -1   
6.26253831 -1   
6.26407374 -1   
6.27750809 -1   
6.33754736 1    
6.40779315 -1   
6.88398074 -1   
6.88519367 -1   
6.88559713 -1   
6.96564499 -1   
6.96718040 -1   
6.96842509 -1   
6.96986881 -1   
6.97142246 -1   
6.99015713 -1   
6.99141606 -1   
6.99285557 -1   
7.00312503 -1   
7.00436295 -1   
7.00589511 -1   
7.01466157 -1   
7.01615506 -1   
7.01739188 -1   
7.04888290 -1   
7.05011880 -1   
7.05163258 -1   
7.05659657 -1   
7.05668355 1    
7.07533158 -1   
7.07680186 -1   
7.08532177 -1   
7.08656660 -1   
7.08812549 -1   
7.08960563 -1   
7.09079812 -1   
7.09231943 -1   
7.09407304 -1   
7.10430749 -1   
7.10555352 -1   
7.10705365 -1   
7.13509315 -1   
7.13702544 -1   
7.13829104 -1   
7.13978593 -1   
7.14103742 -1   
7.22763168 -1   
7.22766755 1    
7.22998761 -1   
7.23123360 -1   
7.39959153 -1   
7.39962570 1    
7.65329556 1    
8.62473144 -1   
8.62616627 -1   
8.62711675 -1   
8.62866291 -1   
8.63016503 -1   
8.64993391 -1   
8.65117627 -1   
8.65265036 -1   
8.65390531 -1   
8.65539923 -1   
8.79737464 -1   
8.79755464 1    
8.79885010 -1   
8.80012063 -1   
8.80162821 -1   
8.80313439 -1   
8.80437880 -1   
8.80585518 -1   
8.80709170 -1   
8.82107631 -1   
8.82260844 -1   
8.82379963 -1   
8.82536720 -1   
8.82660841 -1   
8.82810585 -1   
8.82959672 -1   
8.83079898 -1   
8.83235748 -1   
8.83382681 -1   
8.83509322 -1   
8.83545094 -1   
8.96974766 -1   
8.96978403 1    
9.04431344 -1   
11.97987883 1    
18.07422589 -1   
26.13881635 -1   
26.87345455 -1   
27.04412175 -1   
28.59885077 -1   
30.70077065 1    
40.25749083 -1   
46.06043428 -1   
54.61396160 -1   
59.29908904 -1   
