0.00000000 1    
0.28251461 -1   
0.28269724 1    
0.44614453 -1   
0.44641733 1    
0.61190372 -1   
0.61194560 1    
0.78220231 -1   
0.78248366 1    
0.97860767 -1   
0.97875698 1    
1.15498795 -1   
1.15528689 1    
1.47865790 1    
1.62472540 -1   
1.64239153 1    
1.80799530 -1   
1.80858728 1    
2.01951274 -1   
2.01983821 1    
2.21544984 -1   
2.21591133 1    
2.38035861 -1   
2.90289668 -1   
2.90441242 -1   
2.90478085 -1   
2.93832918 1    
3.01589397 -1   
3.06868359 -1   
3.14405503 1    
3.50664593 -1   
3.93655309 -1   
3.93804509 -1   
3.93844777 -1   
3.98003005 -1   
3.98154621 -1   
4.01577376 -1   
4.03676178 -1   
4.03828899 -1   
4.03954589 -1   
4.04873326 -1   
4.10170969 -1   
4.10320247 -1   
4.10472577 -1   
4.10594749 -1   
4.10747499 -1   
4.10872539 -1   
4.10880739 1    
4.14543133 -1   
4.14695068 -1   
4.14820029 -1   
4.14968688 -1   
4.18121970 -1   
4.18267600 -1   
4.20217612 -1   
4.20341054 -1   
4.20491258 -1   
4.20640880 -1   
4.20766209 -1   
4.20915856 -1   
4.21419135 -1   
4.21544114 -1   
4.26711538 -1   
4.26835235 -1   
4.26988629 -1   
4.27141247 -1   
4.27265074 -1   
4.27410565 -1   
4.27540994 -1   
4.27686562 -1   
4.27840849 -1   
4.27964932 -1   
4.28113007 -1   
4.28236850 -1   
4.28240592 1    
4.31211253 -1   
4.31360103 -1   
4.31510715 -1   
4.31634915 -1   
4.31784754 -1   
4.31909654 -1   
4.32059868 -1   
4.32209361 -1   
4.34812980 -1   
4.34963160 -1   
4.35111577 -1   
4.35237219 -1   
4.36879823 -1   
4.37031484 -1   
4.37156778 -1   
4.37306514 -1   
4.37431662 -1   
4.37579786 -1   
4.37735103 -1   
4.37860394 -1   
4.38010026 -1   
4.38134679 -1   
4.38197125 -1   
4.41184693 1    
4.48830983 1    
4.82261258 1    
5.07240167 -1   
5.07391539 -1   
5.07420059 -1   
5.15960493 -1   
5.16110348 -1   
5.20482787 -1   
5.20498684 1    
5.20607456 -1   
5.20763744 -1   
5.22887840 -1   
5.24979900 -1   
5.25129391 -1   
5.25282421 -1   
5.25404157 -1   
5.25555940 -1   
5.25971245 1    
5.26183951 -1   
5.26334466 -1   
5.26459422 -1   
5.26608676 -1   
5.26733394 -1   
5.27631359 -1   
5.28604708 -1   
5.28758737 -1   
5.32001200 -1   
5.32152137 -1   
5.32302240 -1   
5.32426968 -1   
5.32577412 -1   
5.32726921 -1   
5.32851850 -1   
5.33001734 -1   
5.35601215 -1   
5.35752480 -1   
5.35902819 -1   
5.36024855 -1   
5.36176140 -1   
5.36999692 -1   
5.37149274 -1   
5.37299970 -1   
5.37301374 1    
5.37974689 -1   
5.38123990 -1   
5.39102350 -1   
5.42319855 -1   
5.42471459 -1   
5.42619273 -1   
5.42746371 -1   
5.42896085 -1   
5.44115713 -1   
5.45145021 -1   
5.45295076 -1   
5.45423347 -1   
5.46422852 -1   
5.46572339 -1   
5.46723014 -1   
5.49571856 -1   
5.50618535 -1   
5.50745153 -1   
5.52816067 -1   
5.57994682 1    
5.61609838 -1   
6.05111429 -1   
6.05261002 -1   
6.05296692 -1   
6.09637533 -1   
6.09784186 -1   
6.09935908 -1   
6.10708501 -1   
6.10836195 -1   
6.15759332 -1   
6.16863668 -1   
6.17002776 -1   
6.17159118 -1   
6.17169593 1    
6.17280895 -1   
6.17432043 -1   
6.19481856 -1   
6.19629966 -1   
6.19782442 -1   
6.20330802 -1   
6.20483329 -1   
6.20630123 -1   
6.21688096 -1   
6.22529281 -1   
6.22673715 -1   
6.23598179 -1   
6.23725113 -1   
6.23875445 -1   
6.25872282 -1   
6.26021447 -1   
6.26748283 -1   
6.26899099 -1   
6.27023532 -1   
6.27173416 -1   
6.27295975 -1   
6.27977193 -1   
6.28126117 -1   
6.28275304 -1   
6.28750451 -1   
6.28896921 -1   
6.29025804 -1   
6.31021808 -1   
6.31170772 -1   
6.33547812 1    
6.38985440 -1   
6.50015078 1    
7.24020042 -1   
7.24171963 -1   
7.24203512 -1   
7.29169505 -1   
7.29316241 -1   
7.36644666 -1   
7.36785885 -1   
7.36939476 -1   
7.37064665 -1   
7.37210139 -1   
7.40563008 -1   
7.40711133 -1   
7.40861098 -1   
7.40987420 -1   
7.40991255 -1   
7.41010657 1    
7.41158881 -1   
7.45705390 -1   
7.45834033 -1   
7.45982687 -1   
7.46133477 -1   
7.53204405 -1   
7.53329195 -1   
7.53479435 -1   
7.53628713 -1   
7.53753780 -1   
7.53901272 -1   
7.54028899 -1   
7.54178374 -1   
7.54328930 -1   
7.54454596 -1   
7.57363222 -1   
7.57385029 1    
7.57678648 -1   
7.73833434 -1   
7.77994636 1    
11.50758597 1    
19.44816938 1    
25.10405218 -1   
26.03587897 -1   
26.19972561 -1   
26.36337627 -1   
27.30663956 -1   
34.36968684 1    
40.99026379 -1   
42.51343452 -1   
42.51369466 1    
45.75345381 1    
51.32238450 -1   
52.52540056 1    
52.70280101 -1   
52.70325447 1    
52.92266002 -1   
52.92307940 1    
53.21451392 -1   
61.25068281 -1   
