0.00000000 -1   
0.16475827 -1   
0.27149061 1    
0.43651187 1    
0.43681946 -1   
0.60027459 -1   
0.63259552 1    
0.80963338 -1   
0.83517063 1    
0.85088124 1    
0.87455087 1    
0.88579010 1    
0.99930058 1    
1.01339553 -1   
1.16382519 1    
1.21864579 -1   
1.36736808 1    
1.42250852 1    
1.42254019 -1   
1.45723592 1    
1.46972907 1    
1.53183360 1    
1.74146855 1    
1.74189710 -1   
1.90508627 1    
1.94946653 -1   
2.10819051 1    
2.72436915 1    
2.72465263 -1   
3.54552850 1    
3.54701720 1    
3.54741250 1    
3.57990668 -1   
3.63423912 1    
3.74458538 1    
3.74486925 -1   
4.29748160 1    
4.66670903 1    
4.66791118 1    
4.66827816 1    
4.74634395 1    
4.74785373 1    
4.78306900 1    
4.78435901 1    
4.78587326 1    
4.80561591 1    
4.80687336 1    
4.83209849 1    
4.83330579 1    
4.83484099 1    
4.83633729 1    
4.83654839 1    
4.83660763 -1   
4.86157803 1    
4.91180383 1    
4.91298198 1    
4.91453908 1    
4.91604082 1    
4.94903053 1    
4.95024602 1    
4.95177238 1    
4.95326476 1    
4.95452487 1    
4.95596111 1    
4.97245307 1    
4.97396521 1    
4.97521743 1    
4.97671171 1    
4.99769428 1    
4.99918316 1    
5.00068298 1    
5.00193783 1    
5.00350175 1    
5.00474948 1    
5.00622139 1    
5.00772789 1    
5.00893231 1    
5.01047845 1    
5.01049966 -1   
5.07341960 1    
5.07491133 1    
5.07989324 1    
5.08113633 1    
5.08265935 1    
5.08413786 1    
5.08540514 1    
5.08688686 1    
5.08817063 1    
5.08965166 1    
5.11539597 1    
5.11689249 1    
5.11839093 1    
5.11961490 1    
5.12111596 1    
5.12238467 1    
5.12388862 1    
5.12536179 1    
5.12661371 1    
5.12811461 1    
5.12936126 1    
5.13085691 1    
5.13960894 1    
5.14051404 1    
5.19332950 1    
5.19336779 -1   
5.30440123 1    
5.31316647 -1   
5.39786626 -1   
5.73027527 -1   
6.16302939 1    
6.16451958 1    
6.16490241 1    
6.29920567 1    
6.30044572 1    
6.30194122 1    
6.32693546 1    
6.32714467 -1   
6.32845240 1    
6.32992592 1    
6.35719639 1    
6.35842662 1    
6.35990737 1    
6.36142826 1    
6.36267974 1    
6.36593436 1    
6.36710724 -1   
6.36743555 1    
6.36907334 1    
6.37817390 1    
6.37966600 1    
6.39091316 1    
6.46710004 1    
6.46840263 1    
6.46991784 1    
6.47139505 1    
6.47264496 1    
6.47415785 1    
6.49238485 1    
6.49383296 1    
6.49385086 -1   
6.49535423 1    
6.49684775 1    
6.49807912 1    
6.49959661 1    
6.52433744 1    
6.52583284 1    
6.52733091 1    
6.52857909 1    
6.53006018 1    
6.53132807 1    
6.53284277 1    
6.53437083 1    
6.53561149 1    
6.53705214 1    
6.53730573 1    
6.54232986 1    
6.54388144 1    
6.55335758 1    
6.55484997 1    
6.55604239 1    
6.55758142 1    
6.55884056 1    
6.56030608 1    
6.59354729 1    
6.59368522 -1   
6.59629987 1    
6.60429344 1    
6.63226086 1    
6.63374919 1    
6.67434062 1    
6.67439641 -1   
6.70666076 1    
7.33411415 1    
7.33565279 1    
7.33598328 1    
7.41857902 1    
7.42007276 1    
7.45403976 1    
7.45559122 1    
7.45683760 1    
7.46134921 1    
7.46283403 1    
7.46433727 1    
7.46455788 -1   
7.46554357 1    
7.49583183 1    
7.49730464 1    
7.49880298 1    
7.50002605 1    
7.50154189 1    
7.54348892 1    
7.54475022 1    
7.55350204 1    
7.55472281 1    
7.55627753 1    
7.55777254 1    
7.55897059 1    
7.56048988 1    
7.56549369 1    
7.56673880 1    
7.56823910 1    
7.58923320 1    
7.59072649 1    
7.59197207 1    
7.60122604 1    
7.60271550 1    
7.60395237 1    
7.61494037 1    
7.61646027 1    
7.61793638 1    
7.63197667 -1   
7.65392090 1    
7.65518586 1    
7.66613502 1    
7.77090598 1    
7.83760716 -1   
7.87478674 1    
8.00100452 -1   
8.90398443 1    
8.90547484 1    
8.90583093 1    
8.98521902 1    
8.98671809 1    
9.00545656 1    
9.00691575 1    
9.00815993 1    
9.06690664 1    
9.06811448 1    
9.06962660 1    
9.07027821 1    
9.07035631 -1   
9.10359664 1    
9.10485720 1    
9.10908557 1    
9.11058209 1    
9.15156529 1    
9.15280686 1    
9.15433176 1    
9.15580463 1    
9.17082284 1    
9.17229636 1    
9.17380010 1    
9.17504412 1    
9.17656142 1    
9.17779620 1    
9.23252209 1    
9.23376319 1    
9.23528521 1    
9.23675724 1    
9.23716994 1    
9.23718644 -1   
9.30349699 1    
9.40226859 1    
9.40230975 -1   
12.00796586 -1   
12.29825468 -1   
19.62448374 1    
24.03062026 -1   
24.20555091 1    
24.20592956 -1   
24.42698500 1    
24.42742335 -1   
26.03223656 -1   
26.20065561 1    
26.20101675 -1   
26.40785066 1    
26.40829480 -1   
26.63672630 1    
27.36529286 1    
27.56603109 1    
28.95740465 1    
35.02744033 1    
41.55847102 1    
44.84458756 1    
44.84479331 -1   
53.24169614 -1   
57.13930794 -1   
