0.00000000 -1   
1.01211483 1    
1.26376881 -1   
1.26394798 1    
1.42719176 -1   
1.42743796 1    
1.50649658 1    
1.59394811 -1   
1.59398904 1    
1.72421732 -1   
1.74639023 -1   
1.75370419 -1   
1.75745363 -1   
1.92204101 -1   
1.92235351 1    
2.12030419 -1   
2.12034068 1    
2.32179285 -1   
2.32183541 1    
2.35904475 -1   
2.36028778 -1   
2.48660372 -1   
2.50656102 1    
2.67207394 -1   
2.67260587 1    
2.83861929 -1   
2.83891935 1    
3.02406062 -1   
3.02437661 1    
3.24815336 -1   
3.45981216 -1   
3.46013158 1    
4.31872172 -1   
4.31994157 -1   
4.32030455 -1   
4.35203603 1    
4.41861798 -1   
4.51673095 -1   
4.51703692 1    
5.04491566 -1   
5.37806873 -1   
5.37956275 -1   
5.37994015 -1   
5.41084842 -1   
5.41204412 -1   
5.42229363 -1   
5.42353664 -1   
5.44628353 -1   
5.48325518 -1   
5.48475236 -1   
5.54353804 -1   
5.54477077 -1   
5.54627071 -1   
5.54777666 -1   
5.54902756 -1   
5.55046495 -1   
5.55054322 1    
5.57627283 -1   
5.57749283 -1   
5.57900403 -1   
5.58046749 -1   
5.58752659 -1   
5.58893927 -1   
5.59019280 -1   
5.59171017 -1   
5.61249593 -1   
5.61398067 -1   
5.64891168 -1   
5.65042415 -1   
5.65192829 -1   
5.65317292 -1   
5.70914750 -1   
5.71036792 -1   
5.71189245 -1   
5.71338898 -1   
5.71464024 -1   
5.71613706 -1   
5.71738912 -1   
5.71888452 -1   
5.72038664 -1   
5.72163714 -1   
5.72311375 -1   
5.72312440 1    
5.72436502 -1   
5.74337342 -1   
5.74462431 -1   
5.74611999 -1   
5.74761868 -1   
5.74886809 -1   
5.75037032 -1   
5.75161652 -1   
5.75311797 -1   
5.75486576 -1   
5.75611293 -1   
5.75761708 -1   
5.75886616 -1   
5.76036513 -1   
5.76186424 -1   
5.76310955 -1   
5.76465162 -1   
5.77938098 -1   
5.78062635 -1   
5.78214003 -1   
5.78363859 -1   
5.81437564 -1   
5.82855703 -1   
5.83007178 -1   
5.93038937 1    
5.97884996 -1   
5.98758039 1    
6.09573187 1    
6.38988991 1    
6.89570786 -1   
6.89724490 -1   
6.89758077 -1   
6.95669133 -1   
6.95792828 -1   
7.01546173 -1   
7.01562373 1    
7.01668307 -1   
7.01818163 -1   
7.03288946 -1   
7.03417817 -1   
7.03568368 -1   
7.05635084 -1   
7.05760128 -1   
7.06259815 -1   
7.06386882 -1   
7.06536632 -1   
7.06542710 1    
7.06686638 -1   
7.08535460 -1   
7.10260096 -1   
7.10409408 -1   
7.12208432 -1   
7.12331068 -1   
7.12483460 -1   
7.12632855 -1   
7.18080763 -1   
7.18230088 -1   
7.18232492 1    
7.18379635 -1   
7.18504666 -1   
7.18654977 -1   
7.18804513 -1   
7.19954346 -1   
7.20078685 -1   
7.20234818 -1   
7.20381383 -1   
7.22177729 -1   
7.22300330 -1   
7.22452741 -1   
7.22602439 -1   
7.22802738 -1   
7.22924857 -1   
7.23075159 -1   
7.23227014 -1   
7.23349685 -1   
7.23501660 -1   
7.23627023 -1   
7.23776601 -1   
7.25054610 -1   
7.25204634 -1   
7.25328001 -1   
7.25474289 -1   
7.26948319 -1   
7.26961881 1    
7.27075568 -1   
7.27224816 -1   
7.27259272 -1   
7.29821636 -1   
7.32870342 -1   
7.33021351 -1   
7.38970891 1    
7.46143637 -1   
7.87693596 -1   
7.87840626 -1   
7.87877562 -1   
7.90914386 -1   
7.91063763 -1   
7.95909585 -1   
7.96058939 -1   
7.96183426 -1   
7.97314152 -1   
7.97432464 -1   
7.97588492 -1   
7.97738343 -1   
7.97748854 1    
7.97857112 -1   
7.98012158 -1   
8.00556203 -1   
8.00680399 -1   
8.00830706 -1   
8.00980520 -1   
8.01105462 -1   
8.01805069 -1   
8.01954651 -1   
8.02906423 -1   
8.03054325 -1   
8.03178919 -1   
8.04054788 -1   
8.04184021 -1   
8.06279943 -1   
8.06405209 -1   
8.07326880 -1   
8.07451539 -1   
8.07601646 -1   
8.08376256 -1   
8.08501289 -1   
8.08650706 -1   
8.09357614 -1   
8.09480311 -1   
8.10503831 -1   
8.10624743 -1   
8.12451853 -1   
8.14175617 -1   
8.14323225 -1   
8.14324613 1    
8.20425761 -1   
8.20794478 -1   
8.37038313 -1   
8.37583866 1    
9.14024635 -1   
9.14169572 -1   
9.14207176 -1   
9.21142970 -1   
9.21267350 -1   
9.25537823 -1   
9.25662269 -1   
9.25811708 -1   
9.26534235 -1   
9.26686169 -1   
9.26811110 -1   
9.26960886 -1   
9.27110640 -1   
9.27733441 -1   
9.27748235 1    
9.30732181 -1   
9.30859789 -1   
9.31005909 -1   
9.31160040 -1   
9.34654767 -1   
9.34805844 -1   
9.37705205 -1   
9.37827003 -1   
9.37981291 -1   
9.38130371 -1   
9.42082795 -1   
9.42224959 -1   
9.42374735 -1   
9.42499364 -1   
9.42524511 -1   
9.43399633 -1   
9.44128980 1    
9.45323144 -1   
9.59893621 -1   
9.64542238 1    
13.04593393 1    
19.36123398 -1   
23.81293460 -1   
27.90336790 -1   
28.22122619 -1   
29.20785377 -1   
32.78330697 1    
37.42534111 -1   
40.53217122 1    
49.16723831 -1   
53.42070395 -1   
58.86641662 1    
61.01740693 -1   
