0.00000000 -1   
1.81547053 -1   
2.01167775 1    
2.01182956 -1   
2.17636432 1    
2.17640023 -1   
2.31862385 -1   
2.34182875 1    
2.34187034 -1   
2.51616218 1    
2.51643928 -1   
2.54953857 1    
2.57302665 1    
2.58400469 1    
2.68321634 1    
2.85487884 1    
2.85515674 -1   
3.06127740 -1   
3.06565717 1    
3.08523645 1    
3.12055663 1    
3.25035169 1    
3.31926528 -1   
3.44811787 1    
3.52526926 -1   
3.61262204 1    
3.72915168 -1   
3.94613856 1    
3.94645023 -1   
4.15122564 1    
4.15153161 -1   
4.31615633 1    
4.84846817 1    
4.84995533 1    
4.85035373 1    
4.88436073 -1   
4.96991475 1    
5.01472096 1    
5.12913659 -1   
5.42022836 1    
5.87044246 1    
5.87164820 1    
5.87201937 1    
5.88968205 1    
5.89110735 1    
5.91012558 1    
5.97059167 1    
5.97208429 1    
5.98211803 1    
5.98361450 1    
6.03584181 1    
6.03732804 1    
6.03857605 1    
6.04010513 1    
6.04155243 1    
6.04163660 -1   
6.04277012 1    
6.05528439 1    
6.05678436 1    
6.05826020 1    
6.05953328 1    
6.07429996 1    
6.09326700 1    
6.13598919 1    
6.13750887 1    
6.13877634 1    
6.14027521 1    
6.14823250 1    
6.14972882 1    
6.15097364 1    
6.15247570 1    
6.20194869 1    
6.20317821 1    
6.20469868 1    
6.20617497 1    
6.20744729 1    
6.20892259 1    
6.21017277 1    
6.21169693 1    
6.21317355 1    
6.21444432 1    
6.21446772 -1   
6.22044234 1    
6.22193836 1    
6.22343637 1    
6.22467962 1    
6.22618993 1    
6.22743463 1    
6.23743423 1    
6.23892240 1    
6.24043352 1    
6.24167295 1    
6.24317475 1    
6.24409170 1    
6.29845091 1    
6.29989751 1    
6.30289655 1    
6.30412065 1    
6.30565997 1    
6.30711560 1    
6.30837249 1    
6.30988227 1    
6.31111809 1    
6.31262926 1    
6.31511639 1    
6.31636390 1    
6.35510179 1    
6.40821777 1    
6.40825420 -1   
6.41807420 -1   
6.58328947 -1   
6.82618669 -1   
7.08569766 1    
7.08717165 1    
7.08755241 1    
7.11767704 1    
7.11890938 1    
7.14141880 1    
7.14159955 -1   
7.14289223 1    
7.14444647 1    
7.22861981 1    
7.23008898 1    
7.23158837 1    
7.23283796 1    
7.23434032 1    
7.24251452 -1   
7.24935636 1    
7.25057706 1    
7.25207887 1    
7.25359083 1    
7.26782453 1    
7.26931696 1    
7.27056759 1    
7.27206473 1    
7.28113509 1    
7.28531190 1    
7.28655880 1    
7.32879195 1    
7.32883575 -1   
7.33003424 1    
7.33152761 1    
7.33805978 1    
7.33927546 1    
7.34655263 1    
7.35754081 1    
7.35876523 1    
7.36026641 1    
7.36926691 1    
7.37053215 1    
7.37678145 1    
7.37825425 1    
7.37952923 1    
7.38102584 1    
7.38252331 1    
7.38377116 1    
7.38902977 1    
7.41398949 1    
7.41523765 1    
7.42173299 1    
7.43223121 1    
7.43372508 1    
7.44297657 1    
7.44446750 1    
7.44571860 1    
7.44721219 1    
7.44729183 -1   
7.44965552 1    
7.48550662 1    
7.48672345 1    
7.53349140 -1   
7.56092663 1    
7.56239857 1    
7.56367241 1    
7.64920626 1    
7.65837131 1    
7.81181231 1    
7.97898917 1    
7.98043601 1    
7.98081182 1    
7.99718173 1    
7.99840040 1    
8.02966130 1    
8.03113253 1    
8.03265443 1    
8.08892236 1    
8.09010178 1    
8.09160097 1    
8.09315854 1    
8.09334648 -1   
8.10041793 1    
8.10166143 1    
8.10314880 1    
8.10465205 1    
8.11360969 1    
8.12110184 1    
8.12259848 1    
8.12384878 1    
8.12535246 1    
8.12682598 1    
8.12807978 1    
8.12959892 1    
8.13107604 1    
8.13234447 1    
8.14131952 1    
8.14281811 1    
8.14467595 1    
8.16935141 1    
8.17083072 1    
8.18081597 1    
8.18204728 1    
8.19282217 1    
8.19432168 1    
8.19555887 1    
8.20578698 1    
8.20702967 1    
8.20853201 1    
8.21003211 1    
8.21754758 1    
8.25753693 -1   
8.33543611 1    
8.42220949 -1   
9.17453642 1    
9.17578765 1    
9.17613225 1    
9.19748460 1    
9.19898862 1    
9.28342118 1    
9.28466914 1    
9.28616634 1    
9.29293861 1    
9.29443443 1    
9.30443229 1    
9.30460324 -1   
9.33991609 1    
9.34138276 1    
9.34263421 1    
9.34413280 1    
9.34565475 1    
9.34690337 1    
9.36287524 1    
9.36438889 1    
9.36564479 1    
9.36711608 1    
9.44908085 1    
9.45034514 1    
9.45186839 1    
9.45332389 1    
9.45461988 1    
9.45606457 1    
9.45859967 1    
9.46009637 1    
9.46162776 1    
9.46287690 1    
9.46769702 1    
9.46809427 -1   
13.42107744 -1   
18.02200619 -1   
25.86259931 1    
27.97568545 1    
28.13928364 1    
28.30264397 1    
29.28985287 1    
34.39048203 1    
38.69849584 1    
46.51556050 -1   
49.88742569 1    
49.88760253 -1   
57.67576177 -1   
60.36625898 -1   
