0.00000000 1    
2.78286821 1    
3.06045511 -1   
3.27084966 -1   
3.27136097 1    
3.44298711 1    
3.48170595 -1   
3.49609728 -1   
3.52810305 -1   
3.56008715 -1   
3.57088329 -1   
3.61235637 1    
3.66560113 -1   
3.78204207 1    
3.88430098 -1   
3.95266210 1    
4.04679099 -1   
4.04830086 -1   
4.05678642 -1   
4.05719691 -1   
4.22678230 -1   
4.22708498 1    
4.46154702 -1   
4.46203774 1    
4.71271651 1    
4.89042457 -1   
4.89073193 1    
5.09132194 -1   
5.09162142 1    
5.29793176 -1   
5.50755360 -1   
5.50785734 1    
6.50339224 -1   
6.50487305 -1   
6.50525489 -1   
6.53575681 1    
6.63180772 -1   
6.70688032 -1   
6.70716967 1    
7.28705063 -1   
7.65924988 -1   
7.66073999 -1   
7.66111087 -1   
7.73948620 -1   
7.74098201 -1   
7.74243938 -1   
7.78767170 -1   
7.78919195 -1   
7.79045264 -1   
7.80095928 -1   
7.83043821 -1   
7.83192477 -1   
7.83342372 -1   
7.83463924 -1   
7.83500231 -1   
7.83530383 1    
7.84337823 -1   
7.91082612 -1   
7.91206776 -1   
7.91357118 -1   
7.91506731 -1   
7.91656848 -1   
7.91781345 -1   
7.95911289 -1   
7.96037106 -1   
7.96184619 -1   
7.96309078 -1   
7.96459697 -1   
7.96609464 -1   
7.97234604 -1   
7.97380555 -1   
8.00183654 -1   
8.00333693 -1   
8.00458341 -1   
8.00607462 -1   
8.00757230 -1   
8.00876870 -1   
8.01032251 -1   
8.01156912 -1   
8.01306143 -1   
8.01457066 -1   
8.01462478 1    
8.05474390 -1   
8.05625652 -1   
8.08350077 -1   
8.08496961 -1   
8.08622322 -1   
8.08771755 -1   
8.08923515 -1   
8.09046516 -1   
8.09196798 -1   
8.09321648 -1   
8.09471517 -1   
8.09621303 -1   
8.09746501 -1   
8.09896179 -1   
8.13299564 -1   
8.13420385 -1   
8.13570072 -1   
8.13719004 -1   
8.13843871 -1   
8.13994154 -1   
8.14144019 -1   
8.14268869 -1   
8.14420716 -1   
8.14445754 -1   
8.18292334 -1   
8.23295507 1    
8.31531404 -1   
8.32509699 1    
8.40336183 1    
8.72724101 1    
9.21533750 -1   
9.21682339 -1   
9.21720457 -1   
9.33410374 -1   
9.33558622 -1   
9.43168804 -1   
9.43188234 1    
9.46069271 -1   
9.46218172 -1   
9.49192116 -1   
9.49341594 -1   
9.49466404 -1   
9.50341503 -1   
9.50491003 -1   
9.50615510 -1   
9.50765792 -1   
9.50917380 -1   
9.51341298 1    
9.52814929 -1   
9.57137644 -1   
9.58061804 -1   
9.58211725 -1   
9.58336366 -1   
9.60310583 -1   
9.60435171 -1   
9.60584897 -1   
9.60735216 -1   
9.60859667 -1   
9.60953509 -1   
9.60954834 1    
9.63363813 -1   
9.63485465 -1   
9.63639335 -1   
9.63758170 -1   
9.66482546 -1   
9.66608889 -1   
9.66758960 -1   
9.66883724 -1   
9.67483916 -1   
9.67608354 -1   
9.67758805 -1   
9.67908071 -1   
9.68033453 -1   
9.68183262 -1   
9.68333522 -1   
9.68455362 -1   
9.70584732 -1   
9.70709562 -1   
9.70854917 -1   
9.73508754 -1   
9.73908510 -1   
9.74029874 -1   
9.74308512 -1   
9.76825903 -1   
9.76836264 1    
9.76975841 -1   
9.77100559 -1   
9.78173674 -1   
9.78176502 1    
9.79851701 -1   
9.80000939 -1   
9.89148820 -1   
9.95099711 -1   
10.49612904 -1   
10.49740050 -1   
10.49772432 -1   
10.53913826 -1   
10.54034172 -1   
10.59581709 -1   
10.59709645 -1   
10.59856671 -1   
10.59978843 -1   
10.60810336 -1   
10.63108890 -1   
10.63131576 1    
10.65425934 -1   
10.65575536 -1   
10.65702045 -1   
10.66923105 -1   
10.67480681 -1   
10.67623820 -1   
10.67751168 -1   
10.67901119 -1   
10.68051372 -1   
10.70624635 -1   
10.71572357 -1   
10.71723951 -1   
10.71849129 -1   
10.73298367 -1   
10.73448235 -1   
10.73570480 -1   
10.74572472 -1   
10.74697552 -1   
10.74844562 -1   
10.77645510 -1   
10.77795855 -1   
10.84042318 -1   
10.84045062 1    
10.84164518 -1   
10.84189776 -1   
10.86265998 -1   
10.86415480 -1   
10.86538231 -1   
10.89861636 -1   
10.89988450 -1   
10.97334304 -1   
10.97483823 -1   
11.01090666 -1   
11.01093983 1    
11.22400278 1    
12.26359799 -1   
12.26510386 -1   
12.26547736 -1   
12.37202559 -1   
12.37359944 -1   
12.40507323 -1   
12.40628365 -1   
12.40781756 -1   
12.40933129 -1   
12.41054192 -1   
12.43655535 -1   
12.44003282 -1   
12.44017858 1    
12.44153970 -1   
12.47453388 -1   
12.48002864 -1   
12.48125365 -1   
12.54348865 -1   
12.54467064 -1   
12.54623386 -1   
12.54747651 -1   
12.57646028 -1   
12.57767043 -1   
12.57921012 -1   
12.58045820 -1   
12.58193613 -1   
12.58345558 -1   
12.58467096 -1   
12.58620288 -1   
12.58745365 -1   
12.58776462 -1   
12.60970857 1    
12.64643059 -1   
12.76205091 -1   
15.17106909 1    
15.34143704 1    
19.24424653 1    
27.98477748 -1   
30.48582788 -1   
30.71119585 -1   
30.94131720 -1   
32.43397353 -1   
36.98287140 -1   
43.65139832 1    
49.57920765 -1   
57.18104299 -1   
63.70339629 1    
