0.00000000 1    
0.22834544 -1   
0.39180301 -1   
0.39216246 1    
0.55686186 1    
0.58747466 -1   
0.62527147 -1   
0.63800737 -1   
0.64830603 -1   
0.79067380 -1   
0.79095740 1    
0.99938296 -1   
0.99969670 1    
1.26649725 -1   
1.46966466 1    
1.47414801 -1   
1.63322190 1    
1.63902543 -1   
1.83859742 1    
2.03706313 -1   
2.03736271 1    
2.24219103 -1   
2.44508464 -1   
2.44537279 1    
3.20009905 -1   
3.20158660 -1   
3.20190259 -1   
3.23438379 1    
3.30923866 -1   
3.39908843 -1   
3.39940327 1    
3.89100819 -1   
4.27777269 -1   
4.27895607 -1   
4.27931990 -1   
4.35961985 -1   
4.36088216 -1   
4.40839953 -1   
4.40957947 -1   
4.41113218 -1   
4.43159198 -1   
4.44292723 -1   
4.44512610 -1   
4.47906446 -1   
4.48056301 -1   
4.48180934 -1   
4.52778964 -1   
4.52903142 -1   
4.53053232 -1   
4.55677018 -1   
4.55690987 1    
4.55801434 -1   
4.58200479 -1   
4.58350060 -1   
4.58476147 -1   
4.60424279 -1   
4.60605131 -1   
4.62622457 -1   
4.62772177 -1   
4.62897520 -1   
4.65271244 -1   
4.65398417 -1   
4.67223687 -1   
4.67346679 -1   
4.69666500 -1   
4.69793495 -1   
4.69943122 -1   
4.72092404 -1   
4.72242621 -1   
4.72364758 -1   
4.72520179 -1   
4.72639796 -1   
4.72641262 1    
4.73620383 -1   
4.75992742 -1   
4.76143325 -1   
4.76267997 -1   
4.76979027 -1   
4.81687177 -1   
4.81810624 -1   
4.93804808 -1   
4.93952292 -1   
4.94077322 -1   
4.94228639 -1   
4.94379732 -1   
4.94501957 -1   
4.94652083 -1   
4.94659603 1    
4.94779516 -1   
4.94926752 -1   
4.96178926 -1   
4.96328153 -1   
4.96451236 -1   
4.96600862 -1   
4.96725888 -1   
4.96875545 -1   
4.97027284 -1   
4.97150262 -1   
4.97300396 -1   
4.97450087 -1   
4.97546106 -1   
5.17984813 -1   
5.18016518 1    
5.19825974 1    
5.36384382 1    
5.59360482 1    
5.98344080 -1   
5.98482100 -1   
5.98505834 -1   
6.23434762 -1   
6.23584466 -1   
6.23679594 -1   
6.23704991 1    
6.23834585 -1   
6.23984156 -1   
6.24108900 -1   
6.24252730 -1   
6.24380450 -1   
6.24879895 -1   
6.25002160 -1   
6.25154458 -1   
6.25769682 1    
6.39973856 -1   
6.40121323 -1   
6.40245974 -1   
6.40395825 -1   
6.40520577 -1   
6.40670593 -1   
6.40672680 1    
6.40820501 -1   
6.40968413 -1   
6.41095334 -1   
6.41245257 -1   
6.41394984 -1   
6.41523698 -1   
6.41674674 -1   
6.41797502 -1   
6.41948442 -1   
6.42015037 -1   
6.42994652 -1   
6.43144020 -1   
6.43267005 -1   
6.43416703 -1   
6.43568923 -1   
6.43693733 -1   
6.56660266 -1   
6.56786332 -1   
6.56936427 -1   
6.57058746 -1   
6.57211000 -1   
6.57361053 -1   
6.57486139 -1   
6.57633781 -1   
6.57758828 -1   
6.57910803 -1   
6.58061161 -1   
6.58185620 -1   
6.58333143 -1   
6.58334584 1    
6.58485602 -1   
6.58610132 -1   
6.58760236 -1   
6.58885072 -1   
6.59035063 -1   
6.59184745 -1   
6.59309403 -1   
6.59459737 -1   
6.59461293 -1   
6.79478361 1    
7.11082062 -1   
7.11209771 -1   
7.11242094 -1   
7.16803050 -1   
7.16927183 -1   
7.19201137 -1   
7.19348699 -1   
7.19475691 -1   
7.24098346 -1   
7.24248086 -1   
7.24374470 -1   
7.25297665 -1   
7.25308197 1    
7.25447118 -1   
7.27497845 -1   
7.35914762 -1   
7.36045333 -1   
7.36196233 -1   
7.36344639 -1   
7.36464110 -1   
7.36619229 -1   
7.36763860 -1   
7.36892799 -1   
7.38437898 -1   
7.38589672 -1   
7.38739659 -1   
7.38862119 -1   
7.39015050 -1   
7.39142610 -1   
7.39288814 -1   
7.39438990 -1   
7.39564040 -1   
7.39713753 -1   
7.39839106 -1   
7.39988491 -1   
7.40138349 -1   
7.41061481 -1   
7.41213439 -1   
7.41642649 1    
7.42213529 -1   
7.42337888 -1   
7.42488174 -1   
7.43412203 -1   
7.43796293 -1   
7.49535667 -1   
7.62281807 1    
7.64028016 -1   
7.78622019 1    
8.68374487 -1   
8.68519198 -1   
8.68550558 -1   
8.73991529 -1   
8.74114810 -1   
8.85051013 -1   
8.91451070 -1   
8.91600189 -1   
8.91725111 -1   
8.91877148 -1   
8.92024678 -1   
8.92149861 -1   
8.92160108 1    
8.92299708 -1   
8.92425839 -1   
8.93448979 -1   
8.93600397 -1   
9.01596557 -1   
9.01721110 -1   
9.07995424 -1   
9.08115663 -1   
9.08265163 -1   
9.08416635 -1   
9.08542259 -1   
9.08689967 -1   
9.08815056 -1   
9.08964940 -1   
9.09116853 -1   
9.09239651 -1   
9.09264818 -1   
9.09266226 1    
9.10366835 -1   
9.10488961 -1   
9.15943250 -1   
9.25667713 -1   
9.25669106 1    
11.89186145 1    
18.19126258 1    
26.42440532 -1   
27.13200145 -1   
27.29669000 -1   
28.73778430 -1   
32.04066103 1    
39.30233352 -1   
44.50140030 1    
51.59030541 -1   
55.34839321 -1   
