0.00000000 1    
0.03005613 -1   
0.26369926 -1   
0.39309389 1    
0.43436539 -1   
0.56292796 1    
0.60372418 -1   
0.73363339 1    
0.77446295 -1   
0.82423210 -1   
0.83850000 -1   
0.92045175 -1   
0.92059898 1    
0.94349970 -1   
1.12908213 -1   
1.12911802 1    
1.15524333 -1   
1.16957792 -1   
1.20607661 -1   
1.33964159 -1   
1.39273714 1    
1.50904583 -1   
1.67974379 -1   
1.68015944 1    
1.87928893 -1   
1.87932692 1    
2.08982879 1    
2.32946802 -1   
2.54060238 -1   
2.54089989 1    
3.23717166 -1   
3.23862063 -1   
3.23899642 -1   
3.27035359 1    
3.41775382 -1   
3.44116201 -1   
3.44150028 1    
3.86737920 -1   
4.22486362 -1   
4.22603710 -1   
4.22641083 -1   
4.27626494 -1   
4.27756100 -1   
4.31176300 -1   
4.31325520 -1   
4.31450321 -1   
4.32199989 -1   
4.32349231 -1   
4.39621391 -1   
4.39745459 -1   
4.39895491 -1   
4.40020473 -1   
4.40168325 -1   
4.40319939 -1   
4.44768162 -1   
4.44781946 1    
4.44917358 -1   
4.45042161 -1   
4.45190351 -1   
4.48419581 -1   
4.48569839 -1   
4.48687772 -1   
4.48844446 -1   
4.48994980 -1   
4.49118022 -1   
4.49364372 -1   
4.49487651 -1   
4.49639675 -1   
4.49762216 -1   
4.56761315 -1   
4.56910397 -1   
4.57035647 -1   
4.57185356 -1   
4.57310386 -1   
4.57460798 -1   
4.57610017 -1   
4.57734828 -1   
4.57885307 -1   
4.58009808 -1   
4.61783704 -1   
4.61935233 -1   
4.62387407 -1   
4.62390864 1    
4.62530057 -1   
4.62660004 -1   
4.62810104 -1   
4.62936067 -1   
4.63082942 -1   
4.65803508 -1   
4.65959680 -1   
4.66109193 -1   
4.66233736 -1   
4.66384136 -1   
4.66534966 -1   
4.66658061 -1   
4.66805305 -1   
4.66933296 -1   
4.67085735 -1   
4.67233572 -1   
4.67358746 -1   
4.67506240 -1   
4.67628118 -1   
4.67777051 -1   
4.67927052 -1   
4.67991617 -1   
4.70929197 1    
4.84325206 1    
5.11057667 1    
5.38914524 -1   
5.39063481 -1   
5.39100990 -1   
5.44960160 -1   
5.45083327 -1   
5.53478965 -1   
5.53493852 1    
5.53628091 -1   
5.53752688 -1   
5.54577957 -1   
5.54702218 -1   
5.54852288 -1   
5.55701786 -1   
5.56652167 1    
5.56653786 -1   
5.56803482 -1   
5.56928356 -1   
5.57078067 -1   
5.57203036 -1   
5.60216556 -1   
5.60374236 -1   
5.60523729 -1   
5.61823596 -1   
5.63722408 -1   
5.63872190 -1   
5.63996759 -1   
5.64146719 -1   
5.64296801 -1   
5.64571833 -1   
5.66798137 -1   
5.66922551 -1   
5.67700381 -1   
5.67850734 -1   
5.67973390 -1   
5.68125248 -1   
5.68249763 -1   
5.68400197 -1   
5.68926057 -1   
5.69072200 -1   
5.69222760 -1   
5.69345692 -1   
5.70947795 1    
5.73069114 -1   
5.73216616 -1   
5.74098512 -1   
5.74218907 -1   
5.74368868 -1   
5.75122647 -1   
5.77097521 -1   
5.81362410 -1   
5.81486837 -1   
5.82511965 -1   
5.82661305 -1   
5.82811788 -1   
5.82936166 -1   
5.83086271 -1   
5.83960843 -1   
5.88008757 -1   
5.88133071 -1   
5.88283322 -1   
5.91881842 -1   
5.91885005 1    
5.98108044 -1   
6.38316468 -1   
6.38432764 -1   
6.38467670 -1   
6.43505310 -1   
6.43628770 -1   
6.48326818 -1   
6.48451505 -1   
6.48601245 -1   
6.52199285 -1   
6.52323935 -1   
6.52474017 -1   
6.52624130 -1   
6.52635927 1    
6.52748553 -1   
6.53297597 -1   
6.53423303 -1   
6.53572745 -1   
6.53723082 -1   
6.53847761 -1   
6.53997553 -1   
6.54122454 -1   
6.54270539 -1   
6.54925680 -1   
6.55487414 -1   
6.57793934 -1   
6.57920613 -1   
6.60118002 -1   
6.60244681 -1   
6.60394576 -1   
6.60519506 -1   
6.60669170 -1   
6.60818892 -1   
6.60947734 -1   
6.61091789 -1   
6.61222633 -1   
6.61373089 -1   
6.61522080 -1   
6.66120786 -1   
6.66241327 -1   
6.67992537 -1   
6.69595159 1    
6.72112513 -1   
6.72262398 -1   
6.74801905 -1   
6.90980303 1    
7.66888915 -1   
7.67037053 -1   
7.67069137 -1   
7.74604668 -1   
7.74757515 -1   
7.76757126 -1   
7.76906207 -1   
7.77030816 -1   
7.81354137 -1   
7.81497884 -1   
7.81626994 -1   
7.82502336 -1   
7.82520154 1    
7.82650796 -1   
7.82773363 -1   
7.82922040 -1   
7.83071876 -1   
7.84021385 -1   
7.84171343 -1   
7.84296073 -1   
7.84445907 -1   
7.84596050 -1   
7.84720601 -1   
7.91966861 -1   
7.92116537 -1   
7.92241305 -1   
7.92391146 -1   
7.93891112 -1   
7.94064427 -1   
7.94165581 -1   
7.94202494 -1   
7.96614415 -1   
7.99469896 1    
8.11256377 -1   
11.35482668 -1   
11.86825207 1    
21.04182785 1    
21.13481715 -1   
23.99008020 -1   
26.37978366 -1   
26.57399997 -1   
27.71429169 -1   
30.86294232 -1   
37.51882262 1    
41.84391400 -1   
47.50996682 1    
50.25075457 1    
56.61449088 -1   
