0.00000000 1    
3.21740878 1    
3.38222271 1    
3.55948197 -1   
3.55996813 1    
3.72280172 -1   
3.72330537 1    
3.76066827 -1   
3.76071011 1    
3.88937938 -1   
3.97639637 1    
3.98056424 -1   
3.99804974 -1   
4.03001449 -1   
4.11172842 -1   
4.27680862 -1   
4.28076217 1    
4.45513904 -1   
4.45542627 1    
4.51199098 -1   
4.53247647 -1   
4.56370924 -1   
4.62057805 -1   
4.78418250 -1   
4.78448191 1    
4.94762018 -1   
4.99182038 1    
5.15024495 -1   
5.73364983 -1   
5.73392048 1    
6.58832603 -1   
6.58979391 -1   
6.59017318 -1   
6.62206202 1    
6.70654150 -1   
6.78730026 -1   
6.78757847 1    
7.33475833 -1   
7.72394134 -1   
7.72542028 -1   
7.72577735 -1   
7.73516422 -1   
7.83184687 -1   
7.83308374 -1   
7.83458537 -1   
7.84357864 -1   
7.84483103 -1   
7.85463000 -1   
7.88937133 -1   
7.89083419 -1   
7.89210859 -1   
7.89359133 -1   
7.89507503 -1   
7.89519401 1    
7.89631896 -1   
7.90056137 -1   
7.90081163 -1   
7.99726389 -1   
7.99850793 -1   
8.00000327 -1   
8.00148419 -1   
8.00273759 -1   
8.00422986 -1   
8.00901748 -1   
8.01048861 -1   
8.01173209 -1   
8.01328032 -1   
8.02003271 -1   
8.02152789 -1   
8.05473470 -1   
8.05622349 -1   
8.05748439 -1   
8.05898029 -1   
8.06045315 -1   
8.06172166 -1   
8.06322534 -1   
8.06447015 -1   
8.06597127 -1   
8.06746629 -1   
8.06748671 1    
8.06876402 -1   
8.07025245 -1   
8.07171755 -1   
8.07296046 -1   
8.10623565 -1   
8.10769474 -1   
8.16417066 -1   
8.16566265 -1   
8.16689626 -1   
8.16844852 -1   
8.16965315 -1   
8.17118525 -1   
8.17269695 -1   
8.17388475 -1   
8.17544565 -1   
8.17688409 -1   
8.17813615 -1   
8.17964412 -1   
8.18088358 -1   
8.18240463 -1   
8.18388140 -1   
8.18514358 -1   
8.18669118 -1   
8.18787703 -1   
8.18945512 -1   
8.22888615 1    
8.27987448 1    
8.64097492 1    
9.08516722 -1   
9.08639707 -1   
9.08674447 -1   
9.18334169 -1   
9.18483348 -1   
9.20307709 -1   
9.20319844 1    
9.20434753 -1   
9.20585245 -1   
9.23205428 -1   
9.24529494 -1   
9.24652586 -1   
9.24804485 -1   
9.25419566 1    
9.28128155 -1   
9.28252016 -1   
9.29126818 -1   
9.29276635 -1   
9.29399804 -1   
9.29549404 -1   
9.29699532 -1   
9.29824088 -1   
9.29862839 -1   
9.34878223 -1   
9.34999630 -1   
9.35151909 -1   
9.35273526 -1   
9.36822826 -1   
9.36972975 -1   
9.36974751 1    
9.37122042 -1   
9.37246962 -1   
9.37412139 -1   
9.37547013 -1   
9.41068678 -1   
9.41192473 -1   
9.41342441 -1   
9.41492424 -1   
9.41642486 -1   
9.41767135 -1   
9.41917558 -1   
9.42069406 -1   
9.44818542 -1   
9.44942315 -1   
9.45093915 -1   
9.45242438 -1   
9.45842419 -1   
9.45965155 -1   
9.46115142 -1   
9.46265465 -1   
9.46392763 -1   
9.46541727 -1   
9.46665129 -1   
9.46816596 -1   
9.46830294 1    
9.50225955 -1   
9.52711787 -1   
9.52838439 -1   
9.57589163 1    
9.58760201 -1   
9.58882429 -1   
9.59034501 -1   
9.69172623 -1   
10.20652163 -1   
10.20804228 -1   
10.20835194 -1   
10.31067559 -1   
10.31216602 -1   
10.32143446 -1   
10.32293351 -1   
10.32417687 -1   
10.33418113 -1   
10.33542488 -1   
10.34440037 -1   
10.34449162 1    
10.34589415 -1   
10.34713871 -1   
10.35597595 -1   
10.35718492 -1   
10.37231913 -1   
10.39911987 -1   
10.40036354 -1   
10.40986102 -1   
10.41935918 -1   
10.42060445 -1   
10.42210109 -1   
10.42362128 -1   
10.42484819 -1   
10.42634601 -1   
10.42759991 -1   
10.42909577 -1   
10.43059791 -1   
10.43184212 -1   
10.43336630 -1   
10.43460935 -1   
10.43611159 -1   
10.43933875 -1   
10.47634745 -1   
10.47756877 -1   
10.47907269 -1   
10.48056451 -1   
10.48681832 -1   
10.48806198 -1   
10.48955854 -1   
10.50784313 1    
10.55554895 -1   
10.56372208 -1   
10.67135313 1    
11.61667727 -1   
11.61818203 -1   
11.61854620 -1   
11.74117051 -1   
11.74241524 -1   
11.74387564 -1   
11.74539612 -1   
11.74665578 -1   
11.74814810 -1   
11.75216239 -1   
11.75340537 -1   
11.76414290 -1   
11.76423038 1    
11.76563502 -1   
11.82229156 -1   
11.82556560 -1   
11.82707048 -1   
11.83654063 -1   
11.85558278 -1   
11.85678112 -1   
11.86808356 -1   
11.90656969 -1   
11.90775072 -1   
11.90930793 -1   
11.91054424 -1   
11.91205440 -1   
11.91355967 -1   
11.91474790 -1   
11.91629220 -1   
11.91756062 -1   
11.91904832 -1   
11.92785485 1    
11.97902556 -1   
11.98614827 -1   
15.33595511 1    
20.89701466 -1   
24.49433577 1    
30.22619710 -1   
30.39091619 -1   
31.68236291 -1   
36.30499354 1    
44.56944180 1    
51.96388209 1    
57.19727110 -1   
