0.00000000 1    
1.49035188 1    
1.73374234 -1   
1.73390457 1    
1.89713260 -1   
1.89737485 1    
2.06285006 -1   
2.06288419 1    
2.27044466 1    
2.43254944 -1   
2.43396977 1    
2.59872751 -1   
2.59902245 1    
2.79908676 -1   
2.79941052 1    
3.05271651 -1   
3.05305188 1    
3.21765953 -1   
3.21769543 1    
3.38801828 -1   
3.38835599 1    
3.59687737 -1   
3.59716960 1    
3.76156855 -1   
3.76186794 1    
3.92675462 -1   
4.47103896 -1   
4.47253108 -1   
4.47290926 -1   
4.50646792 1    
4.54825813 -1   
4.63655677 -1   
4.71644095 1    
5.05332202 -1   
5.48373422 -1   
5.48495673 -1   
5.48533114 -1   
5.50669522 -1   
5.50820407 -1   
5.55741858 -1   
5.55891029 -1   
5.56021034 -1   
5.59170462 -1   
5.59318634 -1   
5.64936066 -1   
5.65063075 -1   
5.65212961 -1   
5.65337460 -1   
5.65487753 -1   
5.65637639 -1   
5.67212182 -1   
5.67219167 1    
5.67336144 -1   
5.67486094 -1   
5.67611602 -1   
5.72310326 -1   
5.72433352 -1   
5.72583493 -1   
5.72709251 -1   
5.72857969 -1   
5.73011420 -1   
5.75707061 -1   
5.75831263 -1   
5.75979404 -1   
5.76106577 -1   
5.81483498 -1   
5.81627854 -1   
5.81752841 -1   
5.81902788 -1   
5.82052486 -1   
5.82175696 -1   
5.82327919 -1   
5.82452547 -1   
5.82602646 -1   
5.82752150 -1   
5.82877280 -1   
5.83027081 -1   
5.83880557 -1   
5.83881936 1    
5.84000255 -1   
5.84155162 -1   
5.84306686 -1   
5.84429996 -1   
5.84577021 -1   
5.88098565 -1   
5.88254057 -1   
5.89021788 -1   
5.89171664 -1   
5.89296257 -1   
5.89446473 -1   
5.89596219 -1   
5.89720978 -1   
5.89871196 -1   
5.89999701 -1   
5.90151944 -1   
5.90304245 -1   
5.90426677 -1   
5.90577765 -1   
5.92370241 -1   
5.92494453 -1   
5.92532831 -1   
5.93386799 1    
6.04644619 1    
6.34594312 1    
6.61310191 -1   
6.61457436 -1   
6.61493279 -1   
6.63082199 -1   
6.63204769 -1   
6.71855943 -1   
6.71873519 1    
6.72004575 -1   
6.72129035 -1   
6.74000878 -1   
6.74124976 -1   
6.74275050 -1   
6.75079202 -1   
6.75200475 -1   
6.76009814 1    
6.78223932 -1   
6.78370615 -1   
6.78522698 -1   
6.78647723 -1   
6.79372292 -1   
6.79495014 -1   
6.79647293 -1   
6.79648272 -1   
6.80244927 -1   
6.80369236 -1   
6.81401148 -1   
6.84192746 -1   
6.84348231 -1   
6.84474085 -1   
6.85472797 -1   
6.85591492 -1   
6.85747810 -1   
6.85893510 -1   
6.86022427 -1   
6.86615853 -1   
6.88367635 -1   
6.88519683 -1   
6.88671412 -1   
6.88674498 1    
6.88819919 -1   
6.88945641 -1   
6.89092224 -1   
6.90666004 -1   
6.90815714 -1   
6.90943332 -1   
6.91089008 -1   
6.91590027 -1   
6.91743889 -1   
6.92144865 -1   
6.92288141 -1   
6.92843898 -1   
6.95538223 -1   
6.95686269 -1   
6.95813608 -1   
6.95887579 -1   
6.97685148 -1   
6.97836385 -1   
6.98584329 -1   
6.98739914 -1   
6.98864775 -1   
7.00585167 -1   
7.12263987 -1   
7.12268232 1    
7.53778047 -1   
7.53927272 -1   
7.53965748 -1   
7.56726614 -1   
7.56876387 -1   
7.58877072 -1   
7.58999794 -1   
7.59151377 -1   
7.63153871 -1   
7.63297084 -1   
7.63421849 -1   
7.64249563 -1   
7.64266920 1    
7.64374862 -1   
7.64527856 -1   
7.64651344 -1   
7.64799079 -1   
7.64946048 -1   
7.65075784 -1   
7.65228415 -1   
7.65676550 -1   
7.65795799 -1   
7.66719839 -1   
7.66870163 -1   
7.67022273 -1   
7.67147400 -1   
7.67294785 -1   
7.67422347 -1   
7.67872722 -1   
7.68920014 -1   
7.69047422 -1   
7.70718704 -1   
7.70867591 -1   
7.71017377 -1   
7.73189668 -1   
7.74467912 -1   
7.74618096 -1   
7.75442732 -1   
7.75590008 -1   
7.75717307 -1   
7.79662817 -1   
7.79787313 -1   
7.80641413 1    
7.89573532 -1   
7.97108117 1    
8.83059981 -1   
8.83210354 -1   
8.83241651 -1   
8.91355767 -1   
8.91475729 -1   
8.93579935 -1   
8.93698297 -1   
8.93853747 -1   
8.94602760 -1   
8.94727962 -1   
8.95926354 -1   
8.99599940 -1   
8.99749204 -1   
8.99875232 -1   
8.99889427 1    
9.00024937 -1   
9.00174614 -1   
9.00293889 -1   
9.07894856 -1   
9.08018875 -1   
9.08170957 -1   
9.08319755 -1   
9.10119637 -1   
9.10267413 -1   
9.10418732 -1   
9.10544272 -1   
9.10693498 -1   
9.10817174 -1   
9.11118090 -1   
9.11268917 -1   
9.11417879 -1   
9.11543318 -1   
9.12225625 -1   
9.16242121 1    
13.05436325 1    
18.27553056 1    
22.23238000 1    
27.52471740 -1   
27.68817080 -1   
27.85206857 -1   
28.86053507 -1   
33.03587996 -1   
33.03614386 1    
39.70982522 1    
43.17691510 1    
51.69794512 -1   
58.86760613 -1   
