0.00000000 -1   
0.51317254 -1   
0.81033539 1    
0.97379044 1    
0.97428120 -1   
1.13933849 -1   
1.18968033 1    
1.20423397 1    
1.22274962 1    
1.36589797 1    
1.36619564 -1   
1.36723180 1    
1.53114306 -1   
1.64458608 1    
1.69749928 -1   
1.74517997 1    
1.76518689 1    
1.78442949 1    
1.80771452 1    
2.05809842 1    
2.09839669 -1   
2.22407172 1    
2.26192161 -1   
2.42640772 1    
2.42669057 -1   
2.62406853 1    
2.62438712 -1   
2.84664727 1    
3.04930697 1    
3.04962158 -1   
3.77730742 1    
3.77858159 1    
3.77889666 1    
3.81225281 -1   
3.89770138 1    
3.97701835 1    
3.97729500 -1   
4.55619577 1    
4.84567620 1    
4.84690348 1    
4.84729672 1    
4.91362152 1    
4.91510913 1    
4.98088511 1    
4.98214788 1    
4.98362873 1    
4.98485312 1    
4.98638299 1    
5.01106389 1    
5.01254907 1    
5.01405403 1    
5.01555374 1    
5.02657426 1    
5.02667770 -1   
5.02779496 1    
5.07907701 1    
5.08057795 1    
5.08182212 1    
5.08332919 1    
5.14629775 1    
5.14753050 1    
5.14897750 1    
5.15052389 1    
5.15178196 1    
5.15327664 1    
5.15452414 1    
5.15597030 1    
5.15747224 1    
5.15871791 1    
5.17646093 1    
5.17795762 1    
5.17923271 1    
5.18072851 1    
5.18222824 1    
5.18347477 1    
5.18497938 1    
5.18647351 1    
5.19222319 1    
5.19347283 1    
5.19349579 -1   
5.23320501 1    
5.23469740 1    
5.24594378 1    
5.24722577 1    
5.24868361 1    
5.25022131 1    
5.25148126 1    
5.25291971 1    
5.25422757 1    
5.25566863 1    
5.31295478 1    
5.31443656 1    
5.31567862 1    
5.31718094 1    
5.31868653 1    
5.31987582 1    
5.32143997 1    
5.32262447 1    
5.32412937 1    
5.32562129 1    
5.32687152 1    
5.32839724 1    
5.32963994 1    
5.33112090 1    
5.33151740 1    
5.37835483 -1   
5.40488560 -1   
5.79071185 -1   
6.08449843 1    
6.08598717 1    
6.08633517 1    
6.24812768 1    
6.24965307 1    
6.25091920 1    
6.25110880 -1   
6.25236669 1    
6.25390317 1    
6.26714091 1    
6.26839532 1    
6.26934636 1    
6.27787632 -1   
6.28785512 1    
6.28907327 1    
6.29059427 1    
6.29184358 1    
6.29334411 1    
6.41353759 1    
6.41477611 1    
6.41631660 1    
6.41756626 1    
6.41901361 1    
6.42056338 1    
6.42060786 -1   
6.42204992 1    
6.42329781 1    
6.42480416 1    
6.42600866 1    
6.43380770 1    
6.43529584 1    
6.43655293 1    
6.43798588 1    
6.44604212 1    
6.44753216 1    
6.45455090 1    
6.45575782 1    
6.45725341 1    
6.45849613 1    
6.45997681 1    
6.46149665 1    
6.46274725 1    
6.46422104 1    
6.49826832 1    
6.49974871 1    
6.57898260 1    
6.58019684 1    
6.58171817 1    
6.58320105 1    
6.58446815 1    
6.58596782 1    
6.58746322 1    
6.58869898 1    
6.58881090 -1   
6.59015080 1    
6.59164895 1    
6.59290304 1    
6.59291579 -1   
6.59440325 1    
6.59564976 1    
6.59716734 1    
6.59741811 1    
6.76198906 1    
7.20905064 1    
7.22879774 1    
7.23030792 1    
7.23159179 1    
7.23318026 1    
7.23458289 1    
7.33248700 1    
7.33397779 1    
7.33522623 1    
7.33672798 1    
7.33822392 1    
7.33947641 1    
7.33957656 -1   
7.34097301 1    
7.34246731 1    
7.35571364 1    
7.35720985 1    
7.36748442 1    
7.37258909 1    
7.37975175 1    
7.38095348 1    
7.38251759 1    
7.38375413 1    
7.38527558 1    
7.41369404 1    
7.41493224 1    
7.41643113 1    
7.47267630 1    
7.47389288 1    
7.47541668 1    
7.47666398 1    
7.47816526 1    
7.49413478 1    
7.49540555 1    
7.49788264 1    
7.49940346 1    
7.50065293 1    
7.50215296 1    
7.50364795 1    
7.53597934 1    
7.53601908 -1   
7.54061143 1    
7.54185473 1    
7.54335502 1    
7.70010573 1    
7.70014198 -1   
7.90902777 -1   
8.81768635 1    
8.81912920 1    
8.81950658 1    
8.86188736 1    
8.86314002 1    
8.86466358 1    
8.86585119 1    
8.93211704 1    
8.93337427 1    
8.93481897 1    
8.93637027 1    
8.94337508 1    
8.94352004 -1   
8.94462062 1    
8.98434786 1    
8.98580118 1    
8.98734039 1    
8.98859435 1    
9.02432583 1    
9.02556739 1    
9.02731062 1    
9.02856309 1    
9.03005956 1    
9.03156274 1    
9.03281400 1    
9.03431830 1    
9.03555060 1    
9.03700923 1    
9.09776787 1    
9.09927150 1    
9.10054210 1    
9.10757036 -1   
9.18474509 1    
9.26322280 1    
12.55713291 -1   
19.69428751 -1   
26.73730780 1    
27.21477822 1    
27.37897877 1    
28.87232032 1    
33.11860861 -1   
41.93672473 -1   
49.70569102 -1   
54.00518077 -1   
54.46293389 1    
54.46313853 -1   
60.25595824 -1   
