0.00000000 -1   
2.23698497 1    
2.44611818 -1   
2.44634213 1    
2.60969992 1    
2.65381127 -1   
2.85711971 -1   
2.85765482 1    
3.22845734 1    
3.43448094 1    
3.60865756 -1   
3.60894660 1    
3.77333136 -1   
3.81196695 -1   
3.81319198 -1   
3.88667284 -1   
3.88698384 1    
3.97631880 -1   
4.09834932 1    
4.17992143 -1   
4.26175810 1    
4.34325471 -1   
4.42541501 1    
4.50666459 -1   
4.58853221 1    
4.66370805 -1   
4.67032048 -1   
4.68195059 -1   
4.79445252 1    
4.80614248 -1   
4.83451755 -1   
5.02767661 -1   
5.19127855 -1   
5.19157258 1    
5.87654171 -1   
5.87800552 -1   
5.87840291 -1   
5.90847503 1    
5.98222711 -1   
6.07332360 -1   
6.07364820 1    
6.42955569 -1   
6.80554655 -1   
6.80703822 -1   
6.80722830 -1   
6.88744338 -1   
6.88895500 -1   
6.89045446 -1   
6.91568942 -1   
6.91718422 -1   
6.92643074 -1   
6.92792636 -1   
6.97294209 -1   
6.97442689 -1   
6.97592952 -1   
6.97718086 -1   
6.97865428 -1   
6.98012529 -1   
7.05283983 -1   
7.05299533 1    
7.05433662 -1   
7.05560677 -1   
7.05710747 -1   
7.05835152 -1   
7.05985201 -1   
7.08109058 -1   
7.08258630 -1   
7.08406404 -1   
7.08533613 -1   
7.09188757 -1   
7.09337780 -1   
7.09456000 -1   
7.09610209 -1   
7.13980867 -1   
7.14130045 -1   
7.14253749 -1   
7.14408708 -1   
7.14532901 -1   
7.14681814 -1   
7.14833734 -1   
7.14959261 -1   
7.15108627 -1   
7.15232329 -1   
7.15383153 -1   
7.15533853 -1   
7.21930433 -1   
7.21934063 1    
7.22080369 -1   
7.22228994 -1   
7.22355382 -1   
7.22503255 -1   
7.22629471 -1   
7.22780181 -1   
7.22925064 -1   
7.23048048 -1   
7.23200715 -1   
7.24624475 -1   
7.24774201 -1   
7.24923916 -1   
7.25049344 -1   
7.25198732 -1   
7.25324164 -1   
7.25473698 -1   
7.25623872 -1   
7.25748502 -1   
7.25898563 -1   
7.26023230 -1   
7.26175461 -1   
7.26236473 -1   
7.27204943 1    
7.43042055 1    
7.68093860 1    
7.98737939 -1   
7.98885503 -1   
7.98919495 -1   
8.05154391 -1   
8.05307518 -1   
8.13449847 -1   
8.13466726 1    
8.13597601 -1   
8.13723109 -1   
8.15551682 -1   
8.17900472 -1   
8.18018615 -1   
8.18168432 -1   
8.18321383 -1   
8.18445531 -1   
8.18863956 1    
8.19069065 -1   
8.19220269 -1   
8.19344941 -1   
8.19495254 -1   
8.19618039 -1   
8.19769911 -1   
8.19920116 -1   
8.20044608 -1   
8.20067524 -1   
8.20445028 -1   
8.25040597 -1   
8.25191982 -1   
8.25314700 -1   
8.25466680 -1   
8.25591787 -1   
8.25741230 -1   
8.26266447 -1   
8.26415991 -1   
8.26566408 -1   
8.26690776 -1   
8.27740655 -1   
8.27890402 -1   
8.28039619 -1   
8.29014604 -1   
8.29989260 -1   
8.29990999 1    
8.30189083 -1   
8.30338385 -1   
8.30489439 -1   
8.30613517 -1   
8.30763738 -1   
8.34462138 -1   
8.34609082 -1   
8.34734041 -1   
8.34884115 -1   
8.35011046 -1   
8.35159124 -1   
8.35333670 -1   
8.35486144 -1   
8.35635639 -1   
8.36435373 -1   
8.36585240 -1   
8.36957793 -1   
8.45581145 -1   
8.51055355 1    
8.57333269 -1   
8.94626445 -1   
8.94777593 -1   
8.94799821 -1   
8.96651982 -1   
8.96798726 -1   
8.97799010 -1   
8.97923212 -1   
8.98073510 -1   
9.02320846 -1   
9.02445601 -1   
9.04222439 -1   
9.04234390 1    
9.04345961 -1   
9.04496142 -1   
9.04619394 -1   
9.05369205 -1   
9.05520794 -1   
9.05645586 -1   
9.05795778 -1   
9.05924242 -1   
9.06825323 -1   
9.06967712 -1   
9.11234152 -1   
9.13141797 -1   
9.13291462 -1   
9.14189290 -1   
9.14316519 -1   
9.14466036 -1   
9.14613773 -1   
9.14738492 -1   
9.14894522 -1   
9.15018091 -1   
9.15163660 -1   
9.15315429 -1   
9.15838231 -1   
9.16594391 -1   
9.16718336 -1   
9.16866436 -1   
9.17017735 -1   
9.17145634 -1   
9.18737154 -1   
9.20571607 1    
9.24233641 -1   
9.24382650 -1   
9.29487946 -1   
9.41905079 1    
10.21458287 -1   
10.21607559 -1   
10.21633198 -1   
10.26777829 -1   
10.26931976 -1   
10.31153463 -1   
10.31301772 -1   
10.31427985 -1   
10.33352735 -1   
10.33501453 -1   
10.34825765 -1   
10.37999385 -1   
10.38124383 -1   
10.38273740 -1   
10.38297275 1    
10.38422296 -1   
10.38546170 -1   
10.38697541 -1   
10.43346267 -1   
10.43495882 -1   
10.43645523 -1   
10.43768976 -1   
10.47662891 -1   
10.47817656 -1   
10.47962970 -1   
10.48090808 -1   
10.48243187 -1   
10.48391778 -1   
10.49917895 -1   
10.50061416 -1   
10.50192395 -1   
10.51541024 -1   
10.54688242 1    
10.66455180 -1   
14.03900809 1    
14.43061833 1    
19.33571723 -1   
23.80264292 -1   
28.93724301 -1   
29.10064332 -1   
29.26403957 -1   
30.26545821 -1   
35.15651912 1    
42.61912214 -1   
45.23394936 -1   
45.23424654 1    
52.23265160 -1   
57.75145573 -1   
62.82785531 -1   
