0.00000000 -1   
0.25257220 1    
0.25275928 -1   
0.41592496 1    
0.41635483 -1   
0.58193476 1    
0.58196989 -1   
0.78915335 -1   
0.91938165 1    
0.95282421 -1   
1.11776614 1    
1.11811712 -1   
1.35739862 1    
1.35771208 -1   
1.52235394 1    
1.52272824 -1   
1.68750214 1    
1.68753790 -1   
1.86567711 1    
1.86605396 -1   
2.05698252 1    
2.05741582 -1   
2.22189400 1    
2.22223549 -1   
2.38679785 1    
3.08205850 1    
3.08240833 1    
3.11887768 -1   
3.14775767 1    
3.14902375 1    
3.24608397 1    
3.32896933 -1   
3.83726058 1    
4.03975076 1    
4.04099444 1    
4.04163738 1    
4.13095680 1    
4.13246205 1    
4.16470052 1    
4.16592282 1    
4.16744488 1    
4.20416676 1    
4.23663719 1    
4.23812968 1    
4.24690178 1    
4.24837107 1    
4.24989617 1    
4.26911840 1    
4.27041208 1    
4.29636735 1    
4.29786501 1    
4.29796220 -1   
4.29911445 1    
4.30061244 1    
4.33034903 1    
4.33184368 1    
4.33334594 1    
4.33459395 1    
4.33609093 1    
4.33734006 1    
4.36957772 1    
4.37107379 1    
4.40258292 1    
4.40406199 1    
4.40556411 1    
4.40684840 1    
4.41234894 1    
4.41385177 1    
4.41508857 1    
4.41655323 1    
4.41784167 1    
4.41934935 1    
4.43454212 1    
4.43605371 1    
4.46402284 1    
4.46526620 1    
4.46675012 1    
4.46826691 1    
4.46951835 1    
4.46953249 -1   
4.47101732 1    
4.47251338 1    
4.47376362 1    
4.47526294 1    
4.47655053 1    
4.49726328 1    
4.49873127 1    
4.50022630 1    
4.50150003 1    
4.50299803 1    
4.50424678 1    
4.50574528 1    
4.50724472 1    
4.50849141 1    
4.51000114 1    
4.51129661 1    
4.51281300 1    
4.53652366 1    
4.53799272 1    
4.53951414 1    
4.53983897 1    
4.55736988 -1   
4.67876072 -1   
4.96121648 -1   
5.24733095 1    
5.24881947 1    
5.24904812 1    
5.29484891 1    
5.29633609 1    
5.36751599 1    
5.36767470 -1   
5.36902422 1    
5.37055184 1    
5.38297838 1    
5.38424146 1    
5.40572009 1    
5.41521572 -1   
5.41597919 1    
5.41745176 1    
5.42571019 1    
5.42694578 1    
5.42846982 1    
5.42996603 1    
5.43121464 1    
5.43271504 1    
5.43394633 1    
5.43546384 1    
5.45656512 1    
5.46067808 1    
5.46192811 1    
5.50593327 1    
5.50744361 1    
5.50892457 1    
5.51217012 1    
5.51366972 1    
5.52289129 1    
5.52416350 1    
5.52566328 1    
5.52721096 1    
5.52844155 1    
5.52993083 1    
5.53144477 1    
5.53269204 1    
5.53416298 1    
5.53541614 1    
5.53691762 1    
5.53697108 -1   
5.53844142 1    
5.53994504 1    
5.54118907 1    
5.54263214 1    
5.55712765 1    
5.58960575 1    
5.59110192 1    
5.60034894 1    
5.60184804 1    
5.60334400 1    
5.60459546 1    
5.62233638 1    
5.62383648 1    
5.62604533 1    
5.64557436 1    
5.64706929 1    
5.65781623 1    
5.74913170 -1   
5.79098197 1    
6.18754628 1    
6.18903564 1    
6.18939116 1    
6.23649269 1    
6.23802992 1    
6.24750831 1    
6.30148009 1    
6.30295131 1    
6.30421965 1    
6.31201130 1    
6.31349738 1    
6.31501890 1    
6.31624944 1    
6.31647696 -1   
6.31772613 1    
6.31893606 1    
6.32050304 1    
6.35958498 1    
6.36318721 1    
6.36468275 1    
6.36591485 1    
6.37765676 1    
6.37890249 1    
6.38867227 1    
6.38990060 1    
6.39714920 1    
6.39864592 1    
6.40014005 1    
6.40139289 1    
6.40288797 1    
6.40488632 1    
6.40638684 1    
6.40790953 1    
6.40913456 1    
6.41490545 1    
6.41640127 1    
6.41765418 1    
6.41918723 1    
6.42043714 1    
6.42194544 1    
6.47065705 1    
6.47214566 1    
6.48018099 -1   
6.52402399 1    
6.64511486 -1   
7.37366097 1    
7.37513677 1    
7.37550428 1    
7.40910385 1    
7.41038292 1    
7.46110149 1    
7.46260879 1    
7.46409507 1    
7.46533472 1    
7.47008392 1    
7.47159536 1    
7.48133923 1    
7.53901607 1    
7.53912656 -1   
7.54055139 1    
7.54181330 1    
7.54330155 1    
7.54454627 1    
7.54599398 1    
7.57453275 1    
7.57603360 1    
7.57727478 1    
7.57871713 1    
7.62673141 1    
7.62798764 1    
7.62950392 1    
7.63101235 1    
7.63222414 1    
7.63374436 1    
7.63524122 1    
7.63648801 1    
7.63652575 1    
7.64274396 1    
7.70351798 -1   
7.80042644 1    
10.37105159 1    
10.83848733 -1   
15.47458872 1    
23.35283474 -1   
26.19592369 1    
26.38123167 1    
27.54121837 1    
32.81966325 -1   
34.80280617 1    
34.80304395 -1   
43.27919407 -1   
43.65175973 -1   
51.36813299 -1   
56.69365685 -1   
59.55415256 -1   
