0.00000000 -1   
1.32752876 1    
1.54470794 -1   
1.54490624 1    
1.71430191 -1   
1.71456524 1    
1.88605349 -1   
1.88608833 1    
2.10164213 -1   
2.16172229 -1   
2.19446502 -1   
2.21768448 -1   
2.23996204 -1   
2.28888455 1    
2.30962918 -1   
2.47892586 -1   
2.47925752 1    
2.69200114 -1   
2.69232854 1    
2.86314682 -1   
2.86349103 1    
3.03506864 -1   
3.28975471 1    
3.45907956 -1   
3.50229430 1    
3.62851935 -1   
3.67214549 1    
3.88031165 -1   
3.88060772 1    
4.18813736 -1   
4.22603734 -1   
4.22753131 -1   
4.30898456 -1   
4.34121088 1    
4.39742774 -1   
4.51091663 1    
4.84578017 -1   
5.22900982 -1   
5.23049990 -1   
5.23083496 -1   
5.28518658 -1   
5.28667977 -1   
5.31866736 -1   
5.31991256 -1   
5.32144216 -1   
5.32945136 -1   
5.33065358 -1   
5.40337604 -1   
5.40485839 -1   
5.40610991 -1   
5.40760882 -1   
5.40885806 -1   
5.41036521 -1   
5.45664214 -1   
5.45677816 1    
5.45785735 -1   
5.45936241 -1   
5.46062778 -1   
5.49056027 -1   
5.49205472 -1   
5.49330556 -1   
5.49480631 -1   
5.49605552 -1   
5.49755659 -1   
5.50105205 -1   
5.50255362 -1   
5.50379941 -1   
5.50530007 -1   
5.57901511 -1   
5.58054847 -1   
5.58203636 -1   
5.58323402 -1   
5.58478388 -1   
5.58623316 -1   
5.58747990 -1   
5.58900258 -1   
5.59023220 -1   
5.59174794 -1   
5.62502686 -1   
5.62646059 -1   
5.63246069 -1   
5.63248616 1    
5.63370375 -1   
5.63520171 -1   
5.63647951 -1   
5.63797231 -1   
5.63947460 -1   
5.66219390 -1   
5.66370779 -1   
5.66495717 -1   
5.66643438 -1   
5.66770235 -1   
5.66918597 -1   
5.67068120 -1   
5.67195721 -1   
5.67343171 -1   
5.67468362 -1   
5.67617898 -1   
5.67770235 -1   
5.67894720 -1   
5.68042998 -1   
5.68167623 -1   
5.68318441 -1   
5.68358817 -1   
5.71399979 1    
5.85337769 1    
6.12203109 1    
6.35506783 -1   
6.35656247 -1   
6.35693828 -1   
6.38205023 -1   
6.38358064 -1   
6.42478324 -1   
6.42496923 1    
6.42602932 -1   
6.42752056 -1   
6.43601710 -1   
6.48599170 -1   
6.48747031 -1   
6.48874061 -1   
6.49021193 -1   
6.49173924 -1   
6.49587792 1    
6.49721413 -1   
6.49847984 -1   
6.50801254 -1   
6.54119272 -1   
6.54268539 -1   
6.54393242 -1   
6.54543494 -1   
6.54667954 -1   
6.54818215 -1   
6.55069284 -1   
6.60865263 -1   
6.60869125 1    
6.60992130 -1   
6.61889457 -1   
6.62039167 -1   
6.62165995 -1   
6.62316560 -1   
6.62463758 -1   
6.62590293 -1   
6.62738303 -1   
6.62866036 -1   
6.63013443 -1   
6.63165679 -1   
6.63288142 -1   
6.63438385 -1   
6.63564098 -1   
6.63713133 -1   
6.63863039 -1   
6.63990139 -1   
6.64137722 -1   
6.64263158 -1   
6.64964814 -1   
6.69411178 -1   
6.69561981 -1   
6.69686996 -1   
6.71533974 -1   
6.71686225 -1   
6.71808575 -1   
6.71958402 -1   
6.71968295 1    
6.72085864 -1   
6.72233049 -1   
6.72382986 -1   
6.72507923 -1   
6.72532979 -1   
6.82432277 -1   
6.82435753 1    
6.93460952 -1   
7.19834112 -1   
7.19957930 -1   
7.19993869 -1   
7.23161838 -1   
7.23281834 -1   
7.31527968 -1   
7.31676383 -1   
7.31805294 -1   
7.33004415 -1   
7.33151637 -1   
7.33276276 -1   
7.33429667 -1   
7.33439514 1    
7.33578717 -1   
7.33703905 -1   
7.33975605 -1   
7.34099850 -1   
7.34249903 -1   
7.34399511 -1   
7.34547639 -1   
7.34674431 -1   
7.34826585 -1   
7.36171803 -1   
7.36296712 -1   
7.37028296 -1   
7.37171375 -1   
7.38667599 -1   
7.39646801 -1   
7.39771744 -1   
7.40969169 -1   
7.41118721 -1   
7.41243591 -1   
7.41868345 -1   
7.42020537 -1   
7.42170192 -1   
7.42296304 -1   
7.42445042 -1   
7.43044846 -1   
7.43171782 -1   
7.44069524 -1   
7.49642901 -1   
7.49770271 -1   
7.50768388 1    
7.56054833 -1   
7.67885795 1    
8.42747145 -1   
8.42892164 -1   
8.42923739 -1   
8.47236971 -1   
8.47362929 -1   
8.55135547 -1   
8.55285307 -1   
8.55410448 -1   
8.56659358 -1   
8.56803128 -1   
8.56928011 -1   
8.57083973 -1   
8.57203984 -1   
8.57583899 -1   
8.57608113 1    
8.57708232 -1   
8.57858398 -1   
8.58432788 -1   
8.58579573 -1   
8.61075717 -1   
8.61225337 -1   
8.61377415 -1   
8.61499774 -1   
8.61524898 -1   
8.62974771 -1   
8.63124074 -1   
8.65273195 -1   
8.65422744 -1   
8.65572380 -1   
8.65697787 -1   
8.72972365 -1   
8.73095403 -1   
8.75546653 1    
8.80838501 -1   
12.84661917 1    
21.09555440 -1   
26.70480345 -1   
27.20055786 -1   
27.37023200 -1   
27.53958740 -1   
28.50907656 -1   
33.97755932 1    
38.82386231 -1   
45.67153985 1    
53.84819839 1    
60.76802673 -1   
