0.00000000 1    
0.37489376 -1   
0.53857119 -1   
0.53909940 1    
0.73220405 -1   
0.75584165 -1   
0.76809791 -1   
0.76933153 -1   
0.91906922 -1   
0.99180436 1    
1.12248612 -1   
1.20211727 1    
1.28639248 -1   
1.36551831 1    
1.40245690 -1   
1.42247203 -1   
1.44620722 -1   
1.45085596 -1   
1.61554449 -1   
1.61584676 1    
1.77931835 1    
1.99392202 1    
2.17013312 -1   
2.17041316 1    
2.35026121 -1   
2.35055104 1    
2.51544350 -1   
2.51574061 1    
2.74284411 -1   
2.99582306 1    
3.14226234 -1   
3.14345714 -1   
3.14383835 -1   
3.17453622 1    
3.24843710 -1   
3.30858310 -1   
3.33813949 1    
3.57734438 -1   
3.57779502 1    
3.88163717 -1   
4.08480538 -1   
4.27483116 -1   
4.27605586 -1   
4.27643506 -1   
4.35477105 -1   
4.35627878 -1   
4.37000657 -1   
4.37150442 -1   
4.37300011 -1   
4.37425245 -1   
4.37574732 -1   
4.44024656 -1   
4.44178131 -1   
4.44300551 -1   
4.44451259 -1   
4.44600374 -1   
4.44721234 -1   
4.52017697 -1   
4.52032660 1    
4.52148027 -1   
4.52297038 -1   
4.52447449 -1   
4.53547431 -1   
4.53697271 -1   
4.53847280 -1   
4.53996859 -1   
4.54143250 -1   
4.54265117 -1   
4.54414978 -1   
4.54540015 -1   
4.54689948 -1   
4.54839858 -1   
4.60719893 -1   
4.60867144 -1   
4.60986213 -1   
4.61080579 -1   
4.61286261 -1   
4.61410781 -1   
4.61561034 -1   
4.61710759 -1   
4.62666426 -1   
4.62793225 -1   
4.62941953 -1   
4.63991886 -1   
4.68682644 -1   
4.68685811 1    
4.68807244 -1   
4.68958811 -1   
4.69109136 -1   
4.69231441 -1   
4.69387679 -1   
4.70087683 -1   
4.70211853 -1   
4.70362919 -1   
4.70508543 -1   
4.70632238 -1   
4.70786765 -1   
4.70908591 -1   
4.71055422 -1   
4.71205364 -1   
4.71330440 -1   
4.71480110 -1   
4.71605628 -1   
4.71755003 -1   
4.71907709 -1   
4.72032100 -1   
4.72182056 -1   
4.77576694 -1   
4.78582598 1    
4.89428250 1    
5.19489718 1    
5.71550771 -1   
5.71702584 -1   
5.71736640 -1   
5.79419460 -1   
5.79570622 -1   
5.84317011 -1   
5.84330908 1    
5.84469969 -1   
5.84622413 -1   
5.85522074 -1   
5.86766687 -1   
5.86916846 -1   
5.87720237 -1   
5.87839009 -1   
5.87994540 -1   
5.88619457 1    
5.90065336 -1   
5.90214614 -1   
5.90364814 -1   
5.91012029 -1   
5.91163854 -1   
5.92240404 -1   
5.96416581 -1   
5.96563606 -1   
5.96690405 -1   
5.96839258 -1   
6.00863219 -1   
6.01006271 -1   
6.01008882 1    
6.01158242 -1   
6.01283091 -1   
6.01433248 -1   
6.01583335 -1   
6.03282748 -1   
6.03436060 -1   
6.03585246 -1   
6.03704956 -1   
6.04254533 -1   
6.04380885 -1   
6.04531527 -1   
6.04681096 -1   
6.04806373 -1   
6.04953783 -1   
6.08698563 -1   
6.12325061 -1   
6.12474414 -1   
6.13401292 -1   
6.14223970 -1   
6.14375949 -1   
6.14501165 -1   
6.14650883 -1   
6.14800310 -1   
6.14923104 -1   
6.15074982 -1   
6.15084673 1    
6.15223256 -1   
6.15350231 -1   
6.20595694 -1   
6.20599539 1    
6.20719939 -1   
6.20873512 -1   
6.28759668 -1   
6.77590176 -1   
6.77712488 -1   
6.77750356 -1   
6.85987447 -1   
6.86110352 -1   
6.86259174 -1   
6.86407609 -1   
6.86534435 -1   
6.89231567 -1   
6.89380675 -1   
6.89505925 -1   
6.90130832 -1   
6.90142225 1    
6.90280194 -1   
6.90405098 -1   
6.91582057 -1   
6.91729222 -1   
6.92928804 -1   
6.93080605 -1   
6.93230760 -1   
6.94225728 -1   
6.96552306 -1   
6.96676428 -1   
6.97453404 -1   
6.97578194 -1   
6.97726054 -1   
6.98602547 -1   
6.98725845 -1   
6.98877279 -1   
6.99449973 -1   
6.99600042 -1   
7.02798368 -1   
7.02948176 -1   
7.03098048 -1   
7.03222778 -1   
7.03375183 -1   
7.03898158 -1   
7.04022736 -1   
7.04172304 -1   
7.04322720 -1   
7.05777463 -1   
7.06627074 1    
7.10621047 -1   
7.18639557 -1   
7.30969026 -1   
7.31490401 1    
8.17466936 -1   
8.17584878 -1   
8.17647652 -1   
8.25031281 -1   
8.25178637 -1   
8.27754413 -1   
8.27902934 -1   
8.28051691 -1   
8.30102637 -1   
8.30252623 -1   
8.30375069 -1   
8.32952758 -1   
8.32972709 1    
8.33101477 -1   
8.33848473 -1   
8.34200115 -1   
8.34347722 -1   
8.34497775 -1   
8.34622342 -1   
8.39120923 -1   
8.39272204 -1   
8.41571715 -1   
8.41718832 -1   
8.41868485 -1   
8.41995380 -1   
8.44374246 -1   
8.44518860 -1   
8.44673211 -1   
8.44796525 -1   
8.44946581 -1   
8.44982593 -1   
8.49044267 -1   
8.49647719 1    
8.61484889 -1   
11.08579367 1    
16.25372441 1    
23.12344595 -1   
26.79268202 -1   
26.95627874 -1   
28.21821456 -1   
36.92357277 -1   
36.92379456 1    
46.08066027 1    
47.03476755 1    
53.37002775 1    
58.18611799 -1   
