0.00000000 1    
0.01357947 -1   
2.95690485 1    
3.18018868 1    
3.26438862 -1   
3.42892589 -1   
3.42941201 1    
3.59264809 1    
3.80766098 -1   
3.80791267 1    
3.97255314 -1   
3.97286328 1    
4.17994663 1    
4.36575542 -1   
4.36603207 1    
4.53149953 -1   
4.53200094 1    
4.69661473 -1   
4.69691875 1    
5.24078273 -1   
5.24105410 1    
5.92082093 -1   
5.92203780 -1   
5.92240927 -1   
5.95630723 1    
6.00772405 -1   
6.12103749 -1   
6.12131323 1    
6.32613859 1    
6.50584982 -1   
6.50629315 1    
6.67076330 -1   
6.87410088 -1   
6.87443252 1    
6.99373187 -1   
6.99521145 -1   
7.02771799 -1   
7.03805284 -1   
7.07014008 -1   
7.07138094 -1   
7.07288271 -1   
7.07412186 -1   
7.07762822 -1   
7.07885051 -1   
7.16056453 -1   
7.16180161 -1   
7.16331452 -1   
7.16480260 -1   
7.20306198 -1   
7.20454944 -1   
7.20602968 -1   
7.20612913 1    
7.20727994 -1   
7.23676518 -1   
7.23801069 -1   
7.23950799 -1   
7.24103158 -1   
7.24227718 -1   
7.24375495 -1   
7.24525399 -1   
7.24652825 -1   
7.24802414 -1   
7.24925436 -1   
7.25075325 -1   
7.25225668 -1   
7.32725628 -1   
7.32848301 -1   
7.32998089 -1   
7.33120502 -1   
7.33270647 -1   
7.33422612 -1   
7.33545367 -1   
7.33695194 -1   
7.36969183 -1   
7.37118216 -1   
7.37243241 -1   
7.37395437 -1   
7.37545752 -1   
7.37547211 1    
7.37667927 -1   
7.40218889 -1   
7.40346905 -1   
7.40491779 -1   
7.40622663 -1   
7.40773705 -1   
7.40922633 -1   
7.41046748 -1   
7.41194387 -1   
7.41346993 -1   
7.41471323 -1   
7.41620661 -1   
7.41740993 -1   
7.41892848 -1   
7.42043268 -1   
7.42168945 -1   
7.42317865 -1   
7.42440234 -1   
7.42590348 -1   
7.42742610 -1   
7.42867757 -1   
7.42986363 -1   
7.46129209 1    
7.58612113 1    
7.86787095 1    
8.17523103 -1   
8.17672601 -1   
8.17710305 -1   
8.21897920 -1   
8.22047351 -1   
8.25518660 -1   
8.25532217 1    
8.25668246 -1   
8.25819722 -1   
8.28591759 -1   
8.29491182 -1   
8.29615622 -1   
8.29765410 -1   
8.29915407 -1   
8.30040153 -1   
8.30190348 -1   
8.30317865 -1   
8.30530361 1    
8.32964154 -1   
8.33088378 -1   
8.33240806 -1   
8.33388336 -1   
8.33541034 -1   
8.33863118 -1   
8.33987871 -1   
8.34137634 -1   
8.37914459 -1   
8.38235359 -1   
8.38385223 -1   
8.38510057 -1   
8.38662772 -1   
8.38810143 -1   
8.38935304 -1   
8.39085071 -1   
8.39212790 -1   
8.39365715 -1   
8.40836925 -1   
8.40961201 -1   
8.41111340 -1   
8.41866097 1    
8.42638153 -1   
8.42763628 -1   
8.42913877 -1   
8.43062549 -1   
8.43182663 -1   
8.43332538 -1   
8.43459856 -1   
8.43611312 -1   
8.45833597 -1   
8.46580714 -1   
8.46708668 -1   
8.51655356 -1   
8.51807887 -1   
8.51932816 -1   
8.54531199 -1   
8.54679483 -1   
8.54807262 -1   
8.54835108 -1   
8.55353330 -1   
8.55502740 -1   
8.59530009 -1   
8.59533018 1    
8.71152345 -1   
9.08673769 -1   
9.08822467 -1   
9.08860428 -1   
9.12971220 -1   
9.13119890 -1   
9.13244454 -1   
9.13392434 -1   
9.13542810 -1   
9.18490542 -1   
9.18641705 -1   
9.18789434 -1   
9.21365816 -1   
9.21379959 1    
9.21488149 -1   
9.21640247 -1   
9.21790123 -1   
9.21914612 -1   
9.22064738 -1   
9.22212434 -1   
9.22339825 -1   
9.23739457 -1   
9.23863338 -1   
9.24013274 -1   
9.24161522 -1   
9.24286312 -1   
9.24438306 -1   
9.24961021 -1   
9.25385335 -1   
9.25860764 -1   
9.25985555 -1   
9.26135004 -1   
9.29285244 -1   
9.29408181 -1   
9.29558174 -1   
9.29708059 -1   
9.29833313 -1   
9.32634131 -1   
9.32781681 -1   
9.32908454 -1   
9.35980391 -1   
9.37735420 1    
9.39178131 -1   
9.39302488 -1   
9.42187188 -1   
9.58224503 1    
10.35825712 -1   
10.35947760 -1   
10.35985494 -1   
10.40171070 -1   
10.40322256 -1   
10.44947669 -1   
10.45094413 -1   
10.45222390 -1   
10.45369195 -1   
10.45524835 -1   
10.48272496 -1   
10.48421340 -1   
10.48546441 -1   
10.49495665 -1   
10.49507039 1    
10.49646112 -1   
10.50620313 -1   
10.52343913 -1   
10.52493743 -1   
10.52618761 -1   
10.52765849 -1   
10.52920590 -1   
10.56716765 -1   
10.56866140 -1   
10.57016617 -1   
10.57141015 -1   
10.61489523 -1   
10.61614140 -1   
10.61763059 -1   
10.61914077 -1   
10.64363439 -1   
10.64481011 -1   
10.65838982 1    
10.69162011 -1   
14.67190022 1    
20.33164974 -1   
21.77656715 -1   
21.77691330 1    
24.62240163 1    
29.08018159 -1   
29.28328979 -1   
29.44672788 -1   
30.38538126 -1   
38.14600917 1    
42.91977811 -1   
42.91997149 1    
47.30470454 -1   
53.21056085 1    
59.94002617 -1   
