0.0 -1.0
0.00442290306091 -1.0
0.00443196296692 1.0
0.0627839565277 -1.0
0.116525888443 -1.0
0.116539001465 1.0
0.131874084473 -1.0
0.140007972717 -1.0
0.142611980438 1.0
0.166091918945 -1.0
0.222856044769 -1.0
0.233464002609 1.0
0.294962882996 -1.0
0.318021059036 -1.0
0.342923879623 -1.0
0.342935085297 1.0
0.367050886154 -1.0
0.432346105576 -1.0
0.474050998688 -1.0
0.518795967102 1.0
0.542582988739 -1.0
0.606909036636 -1.0
0.606920003891 1.0
0.654428005219 -1.0
0.683620929718 -1.0
0.710268974304 -1.0
0.713567972183 1.0
0.741363048553 -1.0
0.821044921875 -1.0
0.858790874481 1.0
0.889384031296 -1.0
0.963798999786 1.0
1.01852488518 -1.0
1.08996200562 -1.0
1.09252405167 1.0
1.11793088913 -1.0
1.14418005943 -1.0
1.14455890656 1.0
1.21715307236 -1.0
1.21772098541 -1.0
1.24843907356 -1.0
1.2488360405 1.0
1.30821990967 -1.0
1.41005396843 -1.0
1.4303150177 -1.0
1.44304299355 -1.0
1.44306588173 1.0
1.46406388283 -1.0
1.52880907059 -1.0
1.52881789207 1.0
1.59169697762 -1.0
1.61819887161 -1.0
1.64200806618 -1.0
1.64201998711 1.0
1.65170502663 -1.0
1.66435289383 -1.0
1.68166708946 1.0
1.74475288391 -1.0
1.81987810135 -1.0
1.88440299034 -1.0
1.92285108566 1.0
1.96467089653 -1.0
2.02528190613 -1.0
2.02533006668 1.0
2.03386497498 -1.0
2.03656506538 1.0
2.05204200745 -1.0
2.05746603012 -1.0
2.07939696312 -1.0
2.07984399796 1.0
2.14432096481 -1.0
2.16540694237 -1.0
2.18820405006 -1.0
2.28429102898 -1.0
2.28467607498 1.0
2.31293606758 -1.0
2.64267086983 -1.0
2.66502308846 -1.0
2.66503310204 1.0
2.68640589714 -1.0
2.80130887032 -1.0
2.89135098457 -1.0
2.89136099815 1.0
3.03755187988 -1.0
3.04039287567 1.0
3.06815099716 -1.0
3.07023000717 -1.0
3.11573696136 -1.0
3.11608910561 1.0
3.18398809433 -1.0
3.20423007011 -1.0
3.23159408569 -1.0
3.31183099747 -1.0
3.31254696846 1.0
3.34133601189 -1.0
3.36939191818 -1.0
3.40259695053 1.0
3.42539787292 -1.0
3.43246793747 -1.0
3.49014496803 -1.0
3.49015498161 1.0
3.51412796974 -1.0
3.5147459507 -1.0
3.55081701279 1.0
3.57751297951 -1.0
3.60267996788 -1.0
3.60268902779 1.0
3.62589907646 -1.0
3.64819192886 -1.0
3.68679094315 1.0
3.71353507042 -1.0
3.78037190437 -1.0
3.78464889526 -1.0
3.78499794006 1.0
3.84449100494 -1.0
3.97343492508 -1.0
4.03922200203 -1.0
4.03922986984 1.0
4.08977007866 -1.0
4.17690491676 -1.0
4.21479892731 1.0
4.24101996422 -1.0
4.28278708458 1.0
4.28543710709 -1.0
4.3476190567 -1.0
4.51793408394 -1.0
4.5179579258 1.0
4.54244804382 -1.0
5.21853590012 1.0
5.24770402908 -1.0
5.24771690369 1.0
5.24827408791 -1.0
5.52475094795 -1.0
6.21896195412 1.0
6.24674892426 -1.0
6.24676203728 1.0
6.24707198143 -1.0
6.27317905426 -1.0
12.4009170532 1.0
12.421202898 -1.0
12.4212400913 -1.0
12.4213480949 -1.0
12.4428560734 -1.0
16.1221370697 -1.0
16.122166872 1.0
16.1538469791 -1.0
16.4168479443 -1.0
16.4168698788 1.0
