0.0 -1.0
0.0046329498291 -1.0
0.0412228107452 1.0
0.0776529312134 -1.0
0.143573999405 -1.0
0.185564994812 1.0
0.221182823181 -1.0
0.279657840729 -1.0
0.353133916855 -1.0
0.353585958481 1.0
0.354691028595 -1.0
0.377669811249 -1.0
0.377679824829 1.0
0.439440011978 -1.0
0.503197908401 -1.0
0.51219701767 -1.0
0.557231903076 1.0
0.583958864212 -1.0
0.644677877426 -1.0
0.644711017609 1.0
0.659130811691 -1.0
0.670993804932 -1.0
0.696167945862 -1.0
0.696235895157 1.0
0.732810020447 -1.0
0.732823848724 1.0
0.79939699173 -1.0
0.823632001877 -1.0
0.82413983345 -1.0
0.824534893036 1.0
0.865579843521 -1.0
0.934849023819 -1.0
0.935247898102 1.0
0.961781978607 -1.0
1.03034496307 -1.0
1.03070092201 1.0
1.06002402306 -1.0
1.08846402168 -1.0
1.0888068676 1.0
1.11424994469 -1.0
1.13936090469 -1.0
1.13938498497 1.0
1.1931219101 -1.0
1.21929383278 -1.0
1.21963787079 1.0
1.24687886238 -1.0
1.29227185249 -1.0
1.29293394089 1.0
1.31097984314 -1.0
1.35526490211 -1.0
1.35527300835 1.0
1.38144683838 -1.0
1.38182091713 1.0
1.43614292145 -1.0
1.46153402328 -1.0
1.50128388405 1.0
1.52853989601 -1.0
1.59113192558 -1.0
1.64943194389 -1.0
1.64991593361 1.0
1.71524095535 -1.0
1.7516438961 -1.0
1.78922986984 1.0
1.81952285767 -1.0
1.89308595657 -1.0
1.89340591431 1.0
1.95722198486 -1.0
2.0389418602 -1.0
2.10317397118 -1.0
2.10318899155 1.0
2.13997101784 -1.0
2.20322179794 -1.0
2.20323300362 1.0
2.22520184517 -1.0
2.26729989052 -1.0
2.29832983017 -1.0
2.29870891571 1.0
2.32387495041 -1.0
2.39018797874 -1.0
2.42922401428 1.0
2.45724892616 -1.0
2.45771002769 1.0
2.52791690826 -1.0
2.54788899422 -1.0
2.57454991341 -1.0
2.62122797966 1.0
2.64507985115 -1.0
2.69960284233 -1.0
2.69999289513 1.0
2.76319694519 -1.0
2.83671689034 -1.0
2.90327787399 -1.0
3.15762686729 1.0
3.18653202057 -1.0
3.21030282974 -1.0
3.21077299118 -1.0
3.21117281914 1.0
3.27289390564 -1.0
3.276709795 -1.0
3.29811096191 -1.0
3.35085701942 -1.0
3.38923096657 1.0
3.4198448658 -1.0
3.42018795013 1.0
3.44406795502 -1.0
3.47140598297 -1.0
3.54678893089 -1.0
3.58524298668 1.0
3.64006900787 -1.0
3.68683981895 -1.0
3.68684887886 1.0
3.71024394035 -1.0
3.82933783531 1.0
3.85069394112 -1.0
3.87513899803 -1.0
4.15615391731 1.0
4.18004798889 -1.0
4.18114280701 -1.0
4.23321986198 -1.0
4.23359084129 1.0
4.29153180122 -1.0
4.29572582245 -1.0
4.35982394218 -1.0
4.35983681679 1.0
4.38783192635 -1.0
4.38784098625 1.0
4.41421580315 -1.0
4.54176902771 -1.0
4.64530897141 -1.0
4.64532494545 1.0
4.79315400124 -1.0
4.79354500771 1.0
4.81739997864 -1.0
4.85064888 -1.0
5.12720298767 -1.0
5.1276948452 1.0
5.152094841 -1.0
5.17815899849 -1.0
5.17817187309 1.0
5.20337295532 -1.0
5.20371580124 -1.0
5.26872491837 -1.0
5.27149295807 -1.0
5.30927085876 1.0
5.33662390709 -1.0
5.36360502243 -1.0
5.36361193657 1.0
5.39137387276 -1.0
5.40764594078 -1.0
5.41100502014 1.0
5.43746089935 -1.0
5.49415302277 -1.0
5.4945628643 1.0
5.55958795547 -1.0
5.70554995537 -1.0
5.72999787331 -1.0
5.76924085617 1.0
5.89646100998 -1.0
6.86822485924 -1.0
6.86825489998 1.0
6.89391183853 -1.0
6.89393091202 1.0
6.91901493073 -1.0
7.18063902855 -1.0
7.18076682091 -1.0
7.18124890327 1.0
7.21581792831 -1.0
7.25286102295 -1.0
7.29028701782 1.0
7.31571388245 -1.0
7.43912982941 -1.0
7.43916082382 1.0
7.66227602959 -1.0
7.66269803047 1.0
7.73405480385 -1.0
7.73533296585 -1.0
7.76029086113 -1.0
7.76032280922 1.0
7.78365588188 -1.0
7.82525897026 -1.0
7.85981082916 -1.0
7.8598408699 1.0
7.88623380661 -1.0
7.88668084145 1.0
7.91176199913 -1.0
8.17942881584 -1.0
8.18129587173 -1.0
8.18177294731 1.0
8.21150398254 -1.0
8.24719595909 -1.0
8.24723291397 1.0
8.30852389336 -1.0
8.33520293236 -1.0
8.37617492676 -1.0
8.41326880455 1.0
8.61705589294 -1.0
8.75157380104 -1.0
8.75159597397 1.0
9.18291091919 -1.0
9.18495702744 -1.0
9.1849668026 1.0
9.24012184143 -1.0
9.24050092697 1.0
9.30388879776 -1.0
9.31145095825 -1.0
14.8243489265 -1.0
14.8243758678 1.0
15.7741279602 -1.0
15.8600308895 -1.0
15.8600559235 1.0
