0.00847887992859 -1.0
0.232108831406 1.0
0.255686998367 -1.0
0.270889043808 -1.0
0.271246910095 1.0
0.332455873489 -1.0
0.389745950699 -1.0
0.413445949554 -1.0
0.559350967407 -1.0
0.559820890427 1.0
0.584802865982 -1.0
0.959409952164 -1.0
0.985470056534 -1.0
0.985486984253 1.0
1.0114428997 -1.0
1.30558490753 -1.0
1.47384786606 -1.0
1.47387194633 1.0
1.5583460331 -1.0
1.56148386002 1.0
1.58437991142 -1.0
1.58566188812 -1.0
1.64458489418 -1.0
1.6840338707 -1.0
1.68449997902 1.0
1.70865702629 -1.0
1.91957902908 -1.0
1.94786000252 -1.0
2.97238898277 -1.0
2.97319293022 1.0
2.99633193016 -1.0
3.0171148777 -1.0
3.70894002914 -1.0
3.70896196365 1.0
3.94961595535 -1.0
3.97623705864 -1.0
3.97624588013 1.0
4.00429487228 -1.0
4.06240797043 -1.0
4.06279587746 1.0
4.08637285233 -1.0
4.26299905777 -1.0
4.28909683228 -1.0
4.4929690361 -1.0
4.49342083931 1.0
4.51803302765 -1.0
4.70055794716 -1.0
4.72587299347 -1.0
4.72588396072 1.0
4.75254201889 -1.0
4.96342897415 -1.0
5.02921104431 -1.0
5.02922797203 1.0
5.07284188271 -1.0
5.07601284981 1.0
5.098528862 -1.0
5.16297888756 -1.0
5.2630109787 -1.0
5.2634499073 1.0
5.28319001198 -1.0
5.38109183311 -1.0
5.40099191666 -1.0
5.58047986031 -1.0
5.58133101463 1.0
5.6053750515 -1.0
5.62976789474 -1.0
5.78849005699 -1.0
5.82580804825 1.0
5.86344790459 -1.0
5.97632098198 -1.0
5.97633504868 1.0
6.00250792503 -1.0
6.00280284882 -1.0
6.00315093994 1.0
6.03592085838 -1.0
6.10114502907 -1.0
6.12479400635 -1.0
6.12521505356 1.0
6.15060901642 -1.0
6.21802902222 -1.0
6.24247503281 -1.0
6.24248385429 1.0
6.26747989655 -1.0
6.30408287048 -1.0
6.36896586418 -1.0
6.40581083298 1.0
6.43113589287 -1.0
6.48137903214 -1.0
6.48180484772 1.0
6.5260219574 -1.0
6.58905100822 -1.0
6.68547487259 1.0
6.71192502975 -1.0
6.71255302429 -1.0
6.77369093895 -1.0
6.79900097847 -1.0
6.79942297935 1.0
6.82607197762 -1.0
6.8860578537 -1.0
6.93479204178 -1.0
6.93573689461 1.0
6.99324989319 -1.0
7.02701592445 -1.0
7.06583690643 1.0
7.10649394989 -1.0
7.12655305862 -1.0
7.16581201553 1.0
7.309871912 -1.0
7.34087705612 -1.0
7.34121394157 1.0
7.3886859417 -1.0
7.44528794289 -1.0
7.57505583763 -1.0
7.57606887817 1.0
7.64131689072 -1.0
7.70215892792 -1.0
7.73909091949 -1.0
7.78581094742 1.0
7.81359386444 -1.0
7.90016293526 -1.0
7.90061497688 1.0
7.92154502869 -1.0
7.94642806053 -1.0
7.9468228817 1.0
7.98138594627 -1.0
8.03147697449 -1.0
8.03191900253 1.0
8.09319901466 -1.0
8.09824490547 -1.0
8.1220600605 -1.0
8.12207388878 1.0
8.14756798744 -1.0
8.17394804955 -1.0
8.23965406418 -1.0
8.24044489861 1.0
8.2647819519 -1.0
8.28881192207 -1.0
8.29161691666 1.0
8.31697893143 -1.0
8.36943984032 -1.0
8.36984992027 1.0
8.39520382881 -1.0
8.45790195465 -1.0
8.45829200745 1.0
8.48171687126 -1.0
8.54209303856 -1.0
8.54293298721 1.0
8.56580305099 -1.0
8.62694883347 -1.0
8.62696886063 1.0
8.6513710022 -1.0
8.68526005745 -1.0
8.7218170166 1.0
8.74678587914 -1.0
8.77226805687 -1.0
8.80980491638 1.0
8.83494591713 -1.0
8.89738202095 -1.0
8.95048999786 1.0
8.97738194466 -1.0
8.97740006447 1.0
9.00059485435 -1.0
9.00103402138 -1.0
9.05314087868 -1.0
9.05354499817 1.0
9.11357903481 -1.0
9.13625597954 -1.0
9.18515992165 -1.0
9.18519496918 1.0
9.23836898804 -1.0
9.26985001564 -1.0
9.30981397629 1.0
9.33306002617 -1.0
9.35730290413 -1.0
9.39387392998 1.0
9.41920995712 -1.0
9.44052386284 -1.0
9.44055891037 -1.0
9.44056391716 1.0
9.49915099144 -1.0
9.52575492859 -1.0
9.52576994896 1.0
9.68138694763 -1.0
9.68450188637 1.0
9.70715284348 -1.0
9.73340797424 -1.0
9.73341989517 1.0
9.73534297943 -1.0
9.76456785202 -1.0
9.76457691193 1.0
9.80990004539 -1.0
9.80994391441 -1.0
9.81243896484 1.0
9.83686184883 -1.0
9.88173294067 -1.0
9.88174390793 1.0
9.92348003387 -1.0
9.95016288757 -1.0
9.95017194748 1.0
9.96851706505 -1.0
9.97433686256 -1.0
9.97434687614 1.0
9.99856805801 -1.0
10.0470888615 -1.0
10.0473909378 1.0
10.1003680229 -1.0
10.1655919552 -1.0
10.1956059933 -1.0
10.1956160069 1.0
10.2241518497 -1.0
10.248281002 -1.0
10.248290062 1.0
10.2743599415 -1.0
10.3015189171 -1.0
10.301527977 1.0
10.366617918 -1.0
10.384458065 -1.0
10.6840538979 -1.0
10.6840779781 1.0
10.6904540062 -1.0
10.7161579132 -1.0
10.7161650658 1.0
10.7412309647 -1.0
10.7616319656 -1.0
10.7640709877 1.0
10.7894530296 -1.0
10.8496580124 -1.0
10.9498848915 1.0
10.9705739021 -1.0
10.9754500389 -1.0
10.9754588604 1.0
10.9923229218 -1.0
10.9962689877 -1.0
11.0648050308 -1.0
11.0848040581 -1.0
11.1755390167 -1.0
11.1755568981 1.0
11.2646279335 -1.0
11.2857160568 -1.0
11.2857270241 1.0
11.3065090179 -1.0
11.3103349209 1.0
11.3348619938 -1.0
11.3677968979 -1.0
11.4783780575 -1.0
11.4788908958 1.0
11.5042068958 -1.0
11.5629348755 -1.0
11.5629508495 1.0
11.5670490265 -1.0
11.5675148964 1.0
11.5884389877 -1.0
11.5884819031 -1.0
11.5938439369 -1.0
11.5938699245 1.0
11.6296589375 -1.0
11.8738219738 1.0
11.896682024 -1.0
11.9059369564 -1.0
11.9310958385 -1.0
11.9311079979 1.0
11.9936208725 -1.0
12.0634379387 -1.0
12.1265189648 -1.0
12.1265289783 1.0
12.1550610065 -1.0
12.1550710201 1.0
12.1786170006 -1.0
12.1806280613 -1.0
12.2419810295 -1.0
12.2655529976 -1.0
12.2659878731 1.0
12.2899448872 -1.0
12.3908660412 -1.0
12.4152848721 -1.0
12.5300388336 -1.0
12.5308709145 1.0
12.5521140099 -1.0
12.6106948853 -1.0
12.6602020264 -1.0
12.6978180408 1.0
12.745267868 -1.0
12.8208138943 -1.0
12.8208389282 1.0
12.8475120068 -1.0
12.8490579128 -1.0
12.8494179249 1.0
12.8843648434 -1.0
12.9421820641 -1.0
12.9782788754 -1.0
12.9787180424 1.0
13.0012049675 -1.0
13.1110088825 -1.0
13.133671999 -1.0
13.1336810589 1.0
13.153220892 -1.0
13.2310688496 -1.0
13.2937500477 -1.0
13.3338389397 1.0
13.3572590351 -1.0
13.3815639019 -1.0
13.382076025 -1.0
13.3824329376 1.0
13.446146965 -1.0
13.7180168629 -1.0
13.7419059277 -1.0
13.9181990623 -1.0
13.9186658859 1.0
13.9435608387 -1.0
14.2919209003 -1.0
14.3190078735 -1.0
14.3190169334 1.0
14.34532094 -1.0
14.4283790588 -1.0
14.4901769161 -1.0
14.4901878834 1.0
14.5606000423 -1.0
14.5634899139 1.0
14.5885708332 -1.0
14.59055686 -1.0
14.6373069286 -1.0
14.6377799511 1.0
14.6999568939 -1.0
14.8138940334 -1.0
14.8372719288 -1.0
14.9495968819 1.0
14.9743540287 -1.0
14.9970979691 -1.0
14.997961998 -1.0
14.9983189106 1.0
15.0555920601 -1.0
15.1107668877 -1.0
15.1115579605 1.0
15.1552829742 -1.0
15.2150428295 -1.0
15.2150609493 1.0
15.2364518642 -1.0
15.2407588959 1.0
15.2647809982 -1.0
15.2891509533 -1.0
15.2978098392 -1.0
15.3378460407 1.0
15.361768961 -1.0
15.760807991 -1.0
15.7608418465 1.0
15.8220410347 -1.0
15.8220729828 1.0
15.8473680019 -1.0
15.973927021 -1.0
15.9752159119 -1.0
15.9757750034 1.0
16.0004599094 -1.0
16.0634438992 -1.0
16.0634789467 1.0
16.0882129669 -1.0
16.1268908978 1.0
16.128015995 -1.0
16.1494820118 -1.0
16.1759579182 -1.0
16.1759879589 1.0
16.2670359612 -1.0
17.2427430153 1.0
17.2654769421 -1.0
17.2876708508 -1.0
17.389425993 -1.0
17.3894510269 1.0
23.9472520351 1.0
23.9730298519 -1.0
24.3209030628 -1.0
24.3210430145 1.0
24.346020937 -1.0
25.6121940613 -1.0
25.6756138802 -1.0
25.6756238937 1.0
