0.0297629833221 -1.0
0.0297758579254 1.0
0.0536780357361 -1.0
0.0795960426331 -1.0
0.0796070098877 1.0
0.116935968399 -1.0
0.14156293869 -1.0
0.141572952271 1.0
0.166417837143 -1.0
0.191159963608 -1.0
0.227747917175 1.0
0.251657009125 -1.0
0.287751913071 1.0
0.293603897095 -1.0
0.310463905334 -1.0
0.34775185585 1.0
0.353430986404 -1.0
0.373951911926 -1.0
0.374526023865 1.0
0.399310827255 -1.0
0.466748952866 -1.0
0.46675992012 1.0
0.48192191124 -1.0
0.495328903198 -1.0
0.52069401741 -1.0
0.521559000015 1.0
0.548732995987 -1.0
0.583223819733 -1.0
0.583235025406 1.0
0.607833862305 -1.0
0.644873857498 -1.0
0.644884824753 1.0
0.676065921783 -1.0
0.702631950378 -1.0
0.739785909653 1.0
0.763957023621 -1.0
0.788823843002 -1.0
0.789175033569 1.0
0.815670967102 -1.0
0.857434034348 -1.0
0.857781887054 1.0
0.922381877899 -1.0
1.08179402351 -1.0
1.10820484161 -1.0
1.10821604729 1.0
1.16299891472 -1.0
1.2130048275 -1.0
1.22415089607 -1.0
1.22415995598 1.0
1.22417783737 -1.0
1.24571084976 -1.0
1.24924087524 -1.0
1.25161004066 1.0
1.26212882996 -1.0
1.26556396484 -1.0
1.26559305191 -1.0
1.26559782028 1.0
1.2770819664 -1.0
1.30117297173 -1.0
1.30118989944 1.0
1.32453489304 -1.0
1.35405993462 -1.0
1.35448884964 1.0
1.3848798275 -1.0
1.48629188538 -1.0
1.48673391342 1.0
1.50891590118 -1.0
1.53294491768 -1.0
1.57175302505 1.0
1.59260988235 -1.0
1.63174200058 -1.0
1.6717839241 1.0
1.69682097435 -1.0
1.74786901474 -1.0
1.7504389286 1.0
1.77490592003 -1.0
1.80230402946 -1.0
1.80231285095 1.0
1.86563396454 -1.0
1.87249088287 -1.0
1.91176199913 1.0
1.92601203918 -1.0
1.93522000313 -1.0
1.9951479435 -1.0
1.9955329895 1.0
2.01825094223 -1.0
2.04460501671 -1.0
2.04494690895 1.0
2.06819391251 -1.0
2.12122392654 -1.0
2.12161397934 1.0
2.18700790405 -1.0
2.20423293114 -1.0
2.22897982597 -1.0
2.22933793068 1.0
2.29569387436 -1.0
2.37006092072 -1.0
2.43441987038 -1.0
2.43442893028 1.0
2.49778699875 -1.0
2.52772784233 -1.0
2.60192704201 -1.0
2.63976502419 1.0
2.66367197037 -1.0
2.66454386711 1.0
2.72587394714 -1.0
2.79038882256 -1.0
2.88013696671 -1.0
2.93178296089 1.0
2.96764802933 -1.0
3.05069684982 -1.0
3.09978985786 1.0
4.57030701637 -1.0
4.57031583786 1.0
4.59119987488 -1.0
5.55009198189 1.0
5.57407593727 -1.0
5.57408595085 1.0
5.57417583466 -1.0
5.57418203354 -1.0
5.59850287437 -1.0
6.40744686127 -1.0
6.40746092796 1.0
6.43302202225 -1.0
6.43345999718 -1.0
6.43383693695 1.0
6.47767090797 -1.0
6.51214003563 -1.0
6.55175590515 1.0
6.57495188713 -1.0
6.5753288269 1.0
6.64260101318 -1.0
6.89291882515 -1.0
6.91817998886 -1.0
6.91818785667 1.0
6.94302487373 -1.0
6.98692083359 -1.0
7.04688096046 -1.0
7.04689097404 1.0
7.10500597954 -1.0
7.37884092331 1.0
7.40260505676 -1.0
7.40284800529 -1.0
7.40328097343 1.0
7.44350886345 -1.0
7.49139499664 -1.0
7.5277659893 1.0
10.4387538433 -1.0
10.4387688637 1.0
10.4616570473 -1.0
10.4620659351 -1.0
10.4624559879 1.0
10.517261982 -1.0
10.5756728649 -1.0
10.5756828785 1.0
10.5962738991 -1.0
10.5980229378 -1.0
10.6570320129 -1.0
10.6570429802 1.0
10.7214379311 -1.0
11.0259850025 -1.0
11.0260109901 1.0
11.0479669571 -1.0
11.3790650368 1.0
11.3987820148 -1.0
11.3994538784 -1.0
11.4227468967 -1.0
11.4597909451 1.0
11.4800720215 -1.0
11.4804899693 1.0
11.5396590233 -1.0
15.0413219929 -1.0
15.0413508415 1.0
15.1545948982 -1.0
15.1798870564 -1.0
15.1798939705 1.0
28.377300024 1.0
28.4034209251 -1.0
28.4034359455 -1.0
28.4034409523 1.0
28.4600939751 -1.0
