0.00957489013672 -1.0
0.00958490371704 1.0
0.0258979797363 -1.0
0.0759348869324 -1.0
0.0759499073029 1.0
0.0934929847717 -1.0
0.099328994751 -1.0
0.0993390083313 1.0
0.116130828857 -1.0
0.122592926025 -1.0
0.132376909256 -1.0
0.146528959274 -1.0
0.146536827087 1.0
0.170773983002 -1.0
0.170895814896 -1.0
0.17090177536 1.0
0.19451880455 -1.0
0.220364809036 -1.0
0.220381975174 1.0
0.284278869629 -1.0
0.293168783188 -1.0
0.333053827286 1.0
0.346385002136 -1.0
0.4063808918 -1.0
0.486909866333 -1.0
0.486968994141 1.0
0.510902881622 -1.0
0.551759958267 -1.0
0.551773786545 1.0
0.614266872406 -1.0
0.635739803314 -1.0
0.703415870667 -1.0
0.741053819656 1.0
0.77072095871 -1.0
0.800796985626 -1.0
0.801384925842 1.0
0.827788829803 -1.0
0.890860795975 -1.0
0.890869855881 1.0
0.952206850052 -1.0
1.02244281769 -1.0
1.0224750042 1.0
1.05074691772 -1.0
1.11857485771 -1.0
1.1190237999 1.0
1.15748000145 -1.0
1.22471189499 -1.0
1.22508096695 1.0
1.28226089478 -1.0
1.33867287636 -1.0
1.3624689579 -1.0
1.36284184456 1.0
1.40385389328 -1.0
1.4288649559 -1.0
1.42928195 1.0
1.45697379112 -1.0
1.51819682121 -1.0
1.5185649395 1.0
1.58420681953 -1.0
1.61818790436 -1.0
1.65530490875 -1.0
1.65531396866 1.0
1.7185997963 -1.0
1.76900696754 -1.0
1.8090569973 1.0
1.83418893814 -1.0
1.89616084099 -1.0
1.89759898186 -1.0
1.89760684967 1.0
1.92710494995 -1.0
1.92748785019 1.0
1.95449900627 -1.0
1.98116397858 -1.0
1.98154592514 1.0
2.0061609745 -1.0
2.0493118763 -1.0
2.04966497421 1.0
2.07300591469 -1.0
2.09903693199 -1.0
2.09963583946 1.0
2.13459682465 -1.0
2.19893479347 -1.0
2.33677577972 -1.0
2.3399579525 1.0
2.36535477638 -1.0
2.39214682579 -1.0
2.3921558857 1.0
2.45271682739 -1.0
2.51040101051 -1.0
2.51041078568 1.0
2.52493596077 -1.0
2.56651878357 -1.0
2.5812318325 -1.0
2.58161878586 1.0
2.61562395096 -1.0
2.63615989685 -1.0
2.67306280136 1.0
2.69258189201 -1.0
2.75187683105 -1.0
2.93550086021 -1.0
2.93593096733 1.0
2.96112585068 -1.0
2.98562192917 -1.0
3.08145284653 -1.0
3.0814909935 1.0
3.11583781242 -1.0
3.11854791641 1.0
3.18021583557 -1.0
3.18025684357 -1.0
3.18026781082 1.0
3.21627497673 -1.0
3.28481793404 -1.0
3.55793786049 -1.0
3.6010518074 1.0
3.62626981735 -1.0
3.62679600716 1.0
3.65268588066 -1.0
3.65595197678 -1.0
3.65598082542 1.0
3.68628096581 -1.0
3.70935988426 -1.0
3.74905896187 1.0
4.02577400208 -1.0
4.16544699669 -1.0
4.1654689312 1.0
4.32184290886 -1.0
4.32243180275 1.0
4.38661789894 -1.0
4.50720500946 -1.0
4.5093460083 -1.0
4.50972390175 1.0
4.54245281219 -1.0
4.59315896034 -1.0
4.63708782196 1.0
4.66041898727 -1.0
4.66083788872 1.0
4.72271180153 -1.0
4.74916291237 -1.0
4.98350977898 -1.0
5.02106285095 1.0
5.11964678764 -1.0
5.14455199242 1.0
5.16894888878 -1.0
5.16895699501 1.0
5.16911387444 -1.0
5.19208478928 -1.0
5.27655982971 -1.0
5.30383586884 -1.0
5.34916090965 -1.0
5.34957885742 1.0
5.37299180031 -1.0
5.39908885956 -1.0
5.47982978821 1.0
5.50069999695 -1.0
5.50114989281 -1.0
5.55050182343 -1.0
5.55089879036 1.0
5.57732987404 -1.0
5.63866496086 -1.0
5.63867378235 1.0
5.66147398949 -1.0
5.66179895401 1.0
5.69613695145 -1.0
5.75969481468 -1.0
5.76004195213 1.0
5.78185296059 -1.0
5.99940299988 -1.0
5.99950480461 1.0
6.06395196915 -1.0
6.14521384239 1.0
6.20745182037 -1.0
6.26748585701 -1.0
7.19992494583 -1.0
7.20049285889 1.0
7.2236289978 -1.0
7.24767494202 -1.0
7.47997498512 1.0
7.50693678856 -1.0
7.5090379715 -1.0
7.57220697403 -1.0
7.604159832 -1.0
7.60464096069 1.0
7.62947392464 -1.0
7.70815086365 -1.0
7.70817494392 1.0
7.80680990219 -1.0
8.03393387794 -1.0
8.03395986557 1.0
8.09935188293 -1.0
8.14559197426 1.0
8.17184782028 -1.0
8.19652700424 -1.0
8.27233481407 -1.0
8.30906391144 1.0
8.33331084251 -1.0
8.33380079269 1.0
8.35770177841 -1.0
8.38155794144 -1.0
8.48820781708 1.0
8.51361894608 -1.0
8.51450181007 -1.0
8.57678985596 -1.0
8.58392977715 -1.0
8.58439087868 1.0
8.60750699043 -1.0
8.62063884735 -1.0
8.68178081512 -1.0
8.7210559845 1.0
8.74492692947 -1.0
8.77767491341 -1.0
8.81712579727 1.0
9.39073085785 -1.0
9.39129281044 1.0
9.45526790619 -1.0
9.48020386696 -1.0
9.48107385635 1.0
9.5077149868 -1.0
9.51021194458 -1.0
9.57100200653 -1.0
9.57280278206 -1.0
9.57320189476 1.0
9.59782600403 -1.0
9.63408493996 -1.0
9.76350998878 -1.0
9.76353383064 1.0
9.8347568512 -1.0
10.033826828 -1.0
10.0338468552 1.0
10.1009438038 -1.0
10.298886776 -1.0
10.2994158268 1.0
10.3222389221 -1.0
10.3445138931 -1.0
10.3937168121 -1.0
10.433054924 1.0
10.4567430019 -1.0
10.4799590111 1.0
10.4833378792 -1.0
10.5031108856 -1.0
10.5456769466 -1.0
10.5456888676 1.0
10.5712459087 -1.0
10.6011660099 -1.0
10.6016287804 1.0
10.6560399532 -1.0
16.1115047932 -1.0
16.1115307808 1.0
16.1511149406 -1.0
16.1752448082 -1.0
16.1752529144 1.0
23.4789838791 1.0
23.5018057823 -1.0
23.5404009819 -1.0
23.5636119843 -1.0
