0.0050220489502 -1.0
0.00503206253052 1.0
0.0166590213776 -1.0
0.0366141796112 -1.0
0.0597751140594 -1.0
0.0597851276398 1.0
0.0839211940765 -1.0
0.101811170578 -1.0
0.108360052109 -1.0
0.108370065689 1.0
0.132015228271 -1.0
0.197022199631 -1.0
0.197033166885 1.0
0.213792085648 -1.0
0.219678163528 -1.0
0.219686031342 1.0
0.221224069595 -1.0
0.221497058868 1.0
0.245355129242 -1.0
0.284388065338 -1.0
0.284404039383 1.0
0.315461158752 -1.0
0.367183208466 -1.0
0.36719417572 1.0
0.426864147186 -1.0
0.48414516449 -1.0
0.484156131744 1.0
0.543230056763 -1.0
0.615958213806 -1.0
0.747063159943 1.0
0.747098207474 1.0
0.771636009216 -1.0
0.785450220108 -1.0
0.823819160461 1.0
0.831994056702 -1.0
0.848700046539 -1.0
0.856324195862 -1.0
0.856332063675 1.0
0.920324087143 -1.0
0.967173099518 -1.0
0.98326420784 -1.0
0.985747098923 1.0
0.998491048813 -1.0
1.0067191124 -1.0
1.01017999649 1.0
1.03433418274 -1.0
1.03484010696 -1.0
1.07581114769 1.0
1.1008181572 -1.0
1.12436103821 -1.0
1.15771102905 -1.0
1.1581389904 1.0
1.18168902397 -1.0
1.24097013474 -1.0
1.24099516869 1.0
1.2441380024 -1.0
1.25741505623 -1.0
1.26833701134 -1.0
1.26834416389 1.0
1.35664200783 -1.0
1.35709810257 1.0
1.42061805725 -1.0
2.17706608772 -1.0
2.20250201225 -1.0
2.20251321793 1.0
2.22433900833 -1.0
2.41449022293 -1.0
2.56710004807 -1.0
2.56711912155 1.0
2.71089601517 -1.0
2.71144413948 1.0
2.73552703857 -1.0
2.93078017235 -1.0
2.95647621155 -1.0
3.74778699875 1.0
3.77106308937 -1.0
3.77441310883 -1.0
3.80822110176 -1.0
3.80857920647 1.0
3.8725399971 -1.0
3.87872099876 -1.0
3.9019241333 -1.0
4.23728609085 -1.0
4.23796200752 1.0
4.26365613937 -1.0
4.28707003593 -1.0
4.36417603493 -1.0
4.40379714966 1.0
4.4412021637 -1.0
4.50457000732 -1.0
4.50459599495 1.0
4.53153014183 -1.0
4.53250408173 -1.0
4.53286314011 1.0
4.59241104126 -1.0
4.60862803459 -1.0
4.63275718689 -1.0
4.64437913895 1.0
4.66825199127 -1.0
4.66826200485 1.0
4.66901516914 -1.0
4.69003605843 -1.0
4.81030511856 -1.0
4.83451414108 -1.0
4.96683907509 -1.0
4.96752214432 1.0
5.02429199219 -1.0
5.07596802711 -1.0
5.11582016945 1.0
5.16202020645 -1.0
5.18733620644 -1.0
5.18774008751 1.0
5.2385840416 -1.0
5.26646304131 -1.0
5.26683521271 1.0
5.32957005501 -1.0
5.36010718346 -1.0
5.42030119896 -1.0
5.48190903664 -1.0
5.48232507706 1.0
5.54442620277 -1.0
5.62666511536 -1.0
5.64473319054 1.0
5.66989302635 -1.0
5.66990399361 1.0
5.73263907433 -1.0
5.76444816589 -1.0
5.77116203308 -1.0
5.81179213524 1.0
5.83607411385 -1.0
5.90079712868 -1.0
5.94051814079 -1.0
5.97978711128 1.0
6.00489711761 -1.0
6.06838917732 -1.0
6.46535301208 -1.0
6.46576619148 1.0
6.48918104172 -1.0
6.73561215401 -1.0
15.420042038 -1.0
15.4200701714 1.0
15.4453840256 -1.0
15.4708430767 -1.0
15.4708511829 1.0
31.7460801601 1.0
31.7697541714 -1.0
31.7697710991 -1.0
31.7697930336 -1.0
31.7942590714 -1.0
