0.0126440525055 -1.0
0.0126550197601 1.0
0.0483531951904 -1.0
0.110274076462 -1.0
0.110284090042 1.0
0.114623069763 -1.0
0.173718214035 -1.0
0.177820205688 -1.0
0.213991165161 1.0
0.240202188492 -1.0
0.277988195419 1.0
0.293541193008 -1.0
0.303494215012 -1.0
0.341991186142 1.0
0.353497028351 -1.0
0.380536079407 -1.0
0.380956172943 1.0
0.442300081253 -1.0
0.492663145065 -1.0
0.493059158325 1.0
0.525198221207 -1.0
0.548411130905 -1.0
0.54842710495 1.0
0.610126018524 -1.0
0.655990123749 -1.0
0.656643152237 1.0
0.701523065567 -1.0
0.736886024475 -1.0
0.736899137497 1.0
0.764612197876 -1.0
0.806647062302 -1.0
0.809170007706 1.0
0.826602220535 -1.0
0.853100061417 -1.0
0.853111028671 1.0
0.853118181229 -1.0
0.8688621521 -1.0
0.892239093781 -1.0
0.895208120346 1.0
0.921928167343 -1.0
0.981781005859 -1.0
0.982206106186 1.0
0.990292072296 -1.0
0.990328073502 -1.0
1.00439810753 -1.0
1.00637102127 -1.0
1.00638008118 1.0
1.03985309601 -1.0
1.1024210453 -1.0
1.1419980526 1.0
1.25679016113 -1.0
1.25719809532 1.0
1.28629517555 -1.0
1.3523671627 -1.0
1.35756015778 1.0
1.38791108131 -1.0
1.41119813919 -1.0
1.41120910645 1.0
1.47371506691 -1.0
1.49859905243 -1.0
1.50231814384 -1.0
1.54204106331 1.0
1.62200713158 -1.0
1.68811106682 -1.0
1.68854308128 1.0
1.73776102066 -1.0
1.79904508591 -1.0
1.7994351387 1.0
1.85410714149 -1.0
1.91763019562 -1.0
2.27606701851 -1.0
2.27668499947 1.0
2.30177617073 -1.0
2.32574820518 -1.0
2.4694340229 -1.0
2.50599622726 1.0
2.56205415726 -1.0
2.62509012222 -1.0
2.6251001358 1.0
3.2546350956 -1.0
3.25600409508 -1.0
3.25601410866 1.0
3.30893802643 -1.0
3.30944919586 1.0
3.36983108521 -1.0
3.45828819275 -1.0
4.39632201195 1.0
4.41982221603 -1.0
4.44374704361 -1.0
5.22931718826 1.0
5.25228619576 -1.0
5.27497410774 -1.0
5.27594900131 -1.0
5.27596020699 1.0
5.31924200058 -1.0
5.31967115402 1.0
5.37920308113 -1.0
5.39685201645 1.0
5.42080712318 -1.0
5.42144823074 -1.0
5.44422316551 -1.0
5.45364618301 -1.0
5.48999404907 1.0
5.80634617805 -1.0
5.80691123009 1.0
5.87010002136 -1.0
5.89465713501 -1.0
6.021900177 -1.0
6.05799412727 1.0
6.11019420624 -1.0
6.22943401337 1.0
6.23343801498 -1.0
6.25408220291 -1.0
6.25409317017 1.0
6.25874114037 -1.0
6.31433200836 -1.0
6.31434607506 1.0
6.33626103401 -1.0
6.42091202736 -1.0
6.42092013359 1.0
6.4272081852 -1.0
6.48247122765 -1.0
6.48247814178 1.0
6.49356007576 -1.0
6.50781321526 -1.0
6.50782108307 1.0
6.53288722038 -1.0
6.56734514236 -1.0
6.62955021858 -1.0
6.66598701477 1.0
6.6898150444 -1.0
6.71482419968 -1.0
6.71524500847 1.0
6.77897000313 -1.0
6.93192410469 -1.0
6.99480414391 -1.0
6.9948220253 1.0
7.05811405182 -1.0
7.15839099884 -1.0
7.23000812531 1.0
7.25660705566 -1.0
7.28369903564 -1.0
7.32198810577 1.0
7.37848210335 -1.0
7.40567421913 -1.0
7.40608119965 1.0
7.42940115929 -1.0
7.49081110954 -1.0
7.53149008751 -1.0
7.5319712162 1.0
7.5944712162 -1.0
7.69938015938 -1.0
7.9718170166 -1.0
7.97184300423 1.0
7.99875211716 -1.0
8.31400418282 -1.0
8.31455016136 1.0
8.3342730999 -1.0
8.35663604736 -1.0
8.52052617073 -1.0
8.55801105499 1.0
8.6339931488 -1.0
8.76784610748 -1.0
8.76786613464 1.0
8.79324507713 -1.0
9.23233699799 1.0
9.25565004349 -1.0
9.25645303726 -1.0
9.31839323044 -1.0
9.34796309471 -1.0
9.3484210968 1.0
9.37303209305 -1.0
9.50490117073 -1.0
9.74362516403 -1.0
9.74365210533 1.0
9.76952910423 -1.0
9.76953911781 1.0
9.79545903206 -1.0
10.0702052116 -1.0
10.2289090157 -1.0
10.2289280891 1.0
10.2648952007 -1.0
10.2656061649 -1.0
10.2659840584 1.0
10.3267591 -1.0
10.3911170959 -1.0
10.4148261547 -1.0
10.4245371819 -1.0
10.4249801636 1.0
10.488038063 -1.0
10.5743620396 -1.0
10.5974490643 -1.0
10.5974581242 1.0
10.6189990044 -1.0
10.6396610737 -1.0
10.731965065 -1.0
10.7319791317 1.0
10.8348121643 -1.0
10.8972661495 -1.0
10.8972752094 1.0
10.9589600563 -1.0
11.2295582294 1.0
11.2542381287 -1.0
11.2550702095 -1.0
11.3186061382 -1.0
11.3484060764 -1.0
11.348842144 1.0
11.3714802265 -1.0
11.5058970451 -1.0
11.9920060635 -1.0
11.9920301437 1.0
12.0149872303 -1.0
12.0149960518 1.0
12.0377290249 -1.0
12.2565681934 -1.0
12.2568910122 -1.0
12.2572631836 1.0
12.3197271824 -1.0
12.3676850796 -1.0
12.3917410374 -1.0
12.4300191402 1.0
12.5294790268 -1.0
12.5692050457 -1.0
12.5692131519 1.0
12.7139601707 -1.0
15.2278251648 1.0
15.2512280941 -1.0
15.8900702 -1.0
15.8900952339 1.0
15.9272110462 -1.0
15.9503850937 -1.0
15.9503960609 1.0
