0.0261340141296 -1.0
0.0660741329193 1.0
0.0897719860077 -1.0
0.0921890735626 1.0
0.114593029022 -1.0
0.148062944412 -1.0
0.155655145645 -1.0
0.172554969788 -1.0
0.172567129135 1.0
0.253674030304 -1.0
0.318396091461 -1.0
0.33492398262 -1.0
0.335459947586 1.0
0.361307144165 -1.0
0.425529956818 -1.0
0.488948106766 -1.0
0.530024051666 1.0
0.570619106293 -1.0
0.632953166962 -1.0
0.633849143982 1.0
0.657094955444 -1.0
0.692533969879 -1.0
0.692545175552 1.0
0.758072137833 -1.0
0.760986089706 -1.0
0.78776216507 -1.0
0.790282964706 1.0
0.811469078064 -1.0
0.843549966812 -1.0
0.881039142609 -1.0
0.881047964096 1.0
0.895200967789 -1.0
0.901472091675 -1.0
0.901479959488 1.0
0.937242031097 -1.0
0.937252044678 1.0
0.945081949234 -1.0
0.949345111847 -1.0
1.00147294998 -1.0
1.01242208481 -1.0
1.01282596588 1.0
1.03817605972 -1.0
1.0381860733 1.0
1.0528781414 -1.0
1.10208106041 -1.0
1.11307501793 -1.0
1.11348199844 1.0
1.12254309654 -1.0
1.12257003784 1.0
1.136729002 -1.0
1.13689613342 -1.0
1.16087412834 -1.0
1.19804596901 1.0
1.22381210327 -1.0
1.22484111786 1.0
1.25568699837 -1.0
1.30160403252 -1.0
1.30196595192 1.0
1.35600495338 -1.0
1.40852403641 -1.0
1.40853595734 1.0
1.462692976 -1.0
1.69155907631 -1.0
1.69209313393 1.0
1.7533390522 -1.0
3.52659511566 -1.0
3.55183315277 -1.0
3.55184197426 1.0
3.57567095757 -1.0
3.73716616631 -1.0
3.84384894371 -1.0
3.8438680172 1.0
3.9449839592 -1.0
3.94670414925 -1.0
3.94671416283 1.0
3.9931101799 -1.0
3.99353098869 1.0
4.01688599586 -1.0
4.0440530777 -1.0
4.04441905022 1.0
4.06538295746 -1.0
4.12274909019 -1.0
4.12275910378 1.0
4.18155002594 -1.0
4.21924996376 -1.0
4.21966910362 1.0
4.24467611313 -1.0
4.32984304428 -1.0
4.353703022 -1.0
4.35371208191 1.0
4.37795615196 -1.0
4.6401591301 -1.0
4.64016795158 1.0
4.66494107246 -1.0
4.68161511421 -1.0
4.74399399757 -1.0
4.74400496483 1.0
4.98552203178 -1.0
4.98554801941 1.0
5.00794100761 -1.0
5.00830411911 -1.0
5.00874495506 1.0
5.04465913773 -1.0
5.0880510807 -1.0
5.1260471344 1.0
5.61599612236 1.0
5.64064502716 -1.0
5.64065408707 1.0
5.66525006294 -1.0
7.92074418068 1.0
7.94361209869 -1.0
15.5885620117 -1.0
15.6283359528 -1.0
15.628344059 1.0
24.9710130692 -1.0
