0.00254797935486 -1.0
0.00255608558655 1.0
0.0268230438232 -1.0
0.0524718761444 -1.0
0.0524799823761 1.0
0.0743589401245 -1.0
0.085254907608 -1.0
0.139641046524 -1.0
0.139652013779 1.0
0.196115970612 -1.0
0.247132062912 -1.0
0.247147083282 1.0
0.281826972961 -1.0
0.318837881088 -1.0
0.318849086761 1.0
0.370784044266 -1.0
0.410261869431 -1.0
0.410273075104 1.0
0.436565876007 -1.0
0.48230099678 -1.0
0.521983861923 1.0
0.530272960663 -1.0
0.535096883774 1.0
0.546962976456 -1.0
0.596319913864 -1.0
0.596328020096 1.0
0.612809896469 -1.0
0.637428045273 -1.0
0.637439012527 1.0
0.662096977234 -1.0
0.693634986877 -1.0
0.694066047668 1.0
0.719352960587 -1.0
0.753789901733 -1.0
0.784024953842 1.0
0.808209896088 -1.0
0.833898067474 -1.0
0.834292888641 1.0
0.858500957489 -1.0
0.884516954422 -1.0
0.884527921677 1.0
0.910328865051 -1.0
0.937339067459 -1.0
0.974025011063 1.0
0.999279975891 -1.0
1.02622890472 -1.0
1.02623987198 1.0
1.03293395042 -1.0
1.05120301247 -1.0
1.07678198814 -1.0
1.11398100853 1.0
1.13936090469 -1.0
1.14002299309 1.0
1.165391922 -1.0
1.19127607346 -1.0
1.19128489494 1.0
1.24518203735 -1.0
1.30734491348 -1.0
1.34597587585 1.0
1.36334395409 -1.0
1.37099504471 -1.0
1.40998291969 1.0
1.42836308479 -1.0
1.4291369915 -1.0
1.4345099926 -1.0
1.47397494316 1.0
1.49283695221 -1.0
1.49915790558 -1.0
1.49964785576 1.0
1.53957295418 -1.0
1.57233405113 -1.0
1.5727288723 1.0
1.59938693047 -1.0
1.62768006325 -1.0
1.62805104256 1.0
1.66934394836 -1.0
1.69363307953 -1.0
1.69430088997 1.0
1.73834896088 -1.0
1.79662299156 -1.0
1.79663586617 1.0
1.86081504822 -1.0
1.89065694809 -1.0
1.91732597351 -1.0
1.95397901535 1.0
1.97945690155 -1.0
2.0085299015 -1.0
2.008893013 1.0
2.05332303047 -1.0
2.0778028965 -1.0
2.07845592499 1.0
2.11734008789 -1.0
2.17683601379 -1.0
2.17684793472 1.0
2.24148607254 -1.0
2.24156403542 -1.0
2.26531195641 -1.0
2.26532101631 1.0
2.31015205383 -1.0
2.37467002869 -1.0
2.41409087181 1.0
2.43870997429 -1.0
2.43939304352 -1.0
2.44133687019 1.0
2.46787905693 -1.0
2.49692702293 -1.0
2.49693799019 1.0
2.52397108078 -1.0
2.54904389381 -1.0
2.5643529892 -1.0
2.56437587738 1.0
2.59014487267 -1.0
2.63000607491 1.0
2.63050889969 -1.0
2.65127205849 -1.0
2.6513030529 1.0
2.68944907188 -1.0
2.70428705215 -1.0
2.74197888374 1.0
2.74902796745 -1.0
2.81296205521 -1.0
2.85693788528 -1.0
2.89398908615 1.0
2.93319201469 -1.0
2.95145893097 -1.0
2.95148897171 -1.0
2.97632098198 -1.0
2.97633600235 1.0
3.01583003998 -1.0
3.0165579319 1.0
3.05882906914 -1.0
3.11020803452 -1.0
3.11063408852 1.0
3.13577795029 -1.0
3.13680791855 -1.0
3.16244888306 -1.0
3.19580006599 -1.0
3.19580888748 1.0
3.22181797028 -1.0
3.2610309124 -1.0
3.26200985909 1.0
3.28634190559 -1.0
3.28890109062 1.0
3.31551289558 -1.0
3.36544489861 -1.0
3.36579799652 1.0
3.43075704575 -1.0
3.43273591995 -1.0
3.50282502174 -1.0
3.50320196152 1.0
3.5694038868 -1.0
4.00541591644 -1.0
4.03139686584 -1.0
4.03140687943 1.0
4.05570697784 -1.0
4.06834292412 -1.0
4.13003206253 -1.0
4.13004088402 1.0
4.15277791023 -1.0
4.22964596748 -1.0
4.39264893532 -1.0
4.3926680088 1.0
4.56109786034 -1.0
4.58660197258 -1.0
4.58661007881 1.0
4.61463809013 -1.0
4.61532688141 -1.0
4.61567997932 1.0
4.66729807854 -1.0
4.67894601822 1.0
4.70509290695 -1.0
4.70510196686 1.0
4.70525407791 -1.0
4.76778507233 -1.0
4.76779508591 1.0
4.79166197777 -1.0
4.84341692924 -1.0
4.84384298325 1.0
4.90478491783 -1.0
4.91294193268 -1.0
4.93686509132 -1.0
4.95976495743 -1.0
4.99798989296 1.0
5.14807295799 -1.0
5.21427989006 -1.0
5.21429085732 1.0
5.23737001419 -1.0
5.29243803024 -1.0
5.36412596703 -1.0
5.40200805664 1.0
5.43530988693 -1.0
5.6648888588 1.0
5.68914294243 -1.0
5.68915104866 1.0
5.6895198822 -1.0
5.7136349678 -1.0
5.76405596733 -1.0
5.76444005966 1.0
5.83340001106 -1.0
5.84622693062 -1.0
6.67983007431 1.0
6.70387387276 -1.0
6.70388507843 1.0
6.7040810585 -1.0
6.73002290726 -1.0
7.70307397842 -1.0
7.703083992 1.0
7.72658705711 -1.0
8.69020700455 -1.0
8.69021987915 1.0
8.715736866 -1.0
8.71826887131 -1.0
8.71865701675 1.0
8.78508591652 -1.0
8.91635990143 -1.0
8.94234585762 -1.0
9.04242300987 -1.0
9.0428609848 1.0
9.06894302368 -1.0
9.09468603134 -1.0
9.17464089394 -1.0
9.2140109539 1.0
9.24107098579 -1.0
9.27866101265 -1.0
9.2786719799 1.0
9.32518386841 -1.0
9.66475105286 1.0
9.6891078949 -1.0
9.68967294693 -1.0
9.69005489349 1.0
9.74262404442 -1.0
9.80626296997 -1.0
11.6648769379 1.0
11.6891388893 -1.0
11.6893370152 -1.0
11.7541189194 -1.0
11.8068730831 -1.0
11.807336092 1.0
11.8332400322 -1.0
12.0213670731 -1.0
16.5184910297 -1.0
16.5185189247 1.0
16.5671429634 -1.0
26.6639680862 1.0
26.6892359257 -1.0
