0.0504038333893 -1.0
0.0504159927368 1.0
0.11076593399 -1.0
0.205080986023 -1.0
0.266495943069 -1.0
0.266503810883 1.0
0.325963020325 -1.0
0.361491918564 -1.0
0.385653018951 -1.0
0.388556957245 1.0
0.446729898453 -1.0
0.483148813248 -1.0
0.483659029007 1.0
0.548054933548 -1.0
0.57727599144 -1.0
0.620052814484 -1.0
0.620060920715 1.0
0.620075941086 -1.0
0.620460987091 -1.0
0.641559839249 -1.0
0.685252904892 1.0
0.843746900558 -1.0
1.03882598877 -1.0
1.0772550106 1.0
1.10194897652 -1.0
1.1624917984 -1.0
1.16250991821 1.0
1.18689084053 -1.0
1.19665193558 -1.0
1.22413086891 -1.0
1.22445988655 1.0
1.28603100777 -1.0
1.32596302032 -1.0
1.3625869751 -1.0
1.36296582222 1.0
1.38779687881 -1.0
1.42781591415 -1.0
1.42818379402 1.0
1.47838687897 -1.0
1.54503202438 -1.0
1.58125782013 1.0
1.68774700165 -1.0
1.75109291077 -1.0
1.79347681999 -1.0
1.79398798943 1.0
1.81752085686 -1.0
1.84145498276 -1.0
1.87891101837 -1.0
1.91724801064 1.0
1.94196391106 -1.0
2.00604200363 -1.0
2.00909280777 1.0
2.0365447998 -1.0
2.09604692459 -1.0
2.09639787674 1.0
2.1593708992 -1.0
2.2046918869 -1.0
2.23073482513 -1.0
2.2934448719 -1.0
2.29386901855 1.0
2.31780385971 -1.0
2.49622297287 -1.0
2.52149486542 -1.0
2.521504879 1.0
2.58286690712 -1.0
2.66616392136 -1.0
2.6947889328 -1.0
2.69480490685 1.0
2.72052693367 -1.0
2.75213003159 -1.0
2.75254392624 1.0
2.79604196548 -1.0
2.84050488472 -1.0
2.84094285965 1.0
2.90697598457 -1.0
2.90792894363 -1.0
2.96310186386 -1.0
2.96312189102 1.0
3.01930594444 -1.0
3.08299684525 -1.0
3.12124681473 1.0
3.22414898872 -1.0
3.33640098572 1.0
3.3514418602 -1.0
3.39425683022 -1.0
3.39426994324 1.0
3.41617584229 -1.0
3.41731500626 -1.0
3.43914079666 -1.0
3.43951296806 1.0
3.46528196335 -1.0
3.4958999157 -1.0
3.49627590179 1.0
3.54690694809 -1.0
3.61200785637 -1.0
3.61248803139 1.0
3.67647385597 -1.0
3.94746589661 -1.0
3.9720928669 -1.0
3.97210288048 1.0
3.99626088142 -1.0
4.05891394615 -1.0
4.12186384201 -1.0
4.12187695503 1.0
4.19815993309 -1.0
4.1985809803 1.0
4.22146296501 -1.0
4.35743379593 -1.0
4.35885381699 -1.0
4.35922384262 1.0
4.39700102806 -1.0
4.45906281471 -1.0
4.56107997894 -1.0
4.59725284576 1.0
4.72199892998 -1.0
4.72241902351 1.0
4.74802780151 -1.0
4.77294802666 -1.0
4.80555486679 1.0
4.83149886131 -1.0
4.83150887489 1.0
4.83202195168 -1.0
4.85755491257 -1.0
4.87877583504 -1.0
4.94216179848 -1.0
4.98125386238 1.0
5.04315495491 -1.0
5.1070098877 -1.0
5.34665203094 1.0
5.36830496788 -1.0
5.369109869 -1.0
5.43522596359 -1.0
5.45613479614 -1.0
5.45651292801 1.0
5.48038697243 -1.0
5.73334884644 -1.0
6.36090183258 -1.0
6.360932827 1.0
6.38541889191 -1.0
6.38542795181 1.0
6.41177392006 -1.0
6.68559288979 -1.0
6.84217381477 -1.0
6.84219098091 1.0
7.03741288185 -1.0
7.03786587715 1.0
7.0578148365 -1.0
7.33986186981 -1.0
7.36426782608 -1.0
7.36427688599 1.0
7.38952493668 -1.0
7.44078993797 -1.0
7.44115591049 1.0
7.50668287277 -1.0
7.53765296936 -1.0
7.7116959095 -1.0
7.71172499657 1.0
7.83484601974 -1.0
7.99901199341 -1.0
7.99903488159 1.0
8.02190685272 -1.0
8.08278679848 -1.0
8.0831348896 1.0
8.10327982903 -1.0
8.12967801094 -1.0
8.16395998001 -1.0
8.20128083229 1.0
8.22478079796 -1.0
8.33681082726 -1.0
8.33682084084 1.0
8.36204981804 -1.0
8.36206388474 1.0
8.38620781898 -1.0
8.44294595718 -1.0
8.44297194481 1.0
8.4667198658 -1.0
8.46822285652 -1.0
8.53126692772 -1.0
8.57150793076 -1.0
8.57195997238 1.0
8.59507584572 -1.0
8.79697680473 -1.0
8.8639588356 -1.0
8.98453783989 -1.0
9.02125000954 1.0
9.11326479912 -1.0
9.13698983192 -1.0
9.13699889183 1.0
9.16014194489 -1.0
9.34332799911 -1.0
9.35987997055 -1.0
9.38127684593 1.0
9.40551400185 -1.0
9.44542002678 -1.0
9.44580602646 1.0
9.48458600044 -1.0
9.54695987701 -1.0
9.58535289764 1.0
9.60989093781 -1.0
14.9459409714 -1.0
14.945966959 1.0
14.971036911 -1.0
15.0134148598 -1.0
15.013422966 1.0
15.0366969109 -1.0
