0.030590057373 1.0
0.0383870601654 -1.0
0.0588660240173 -1.0
0.0588750839233 1.0
0.102156162262 -1.0
0.103461027145 -1.0
0.114814043045 -1.0
0.114842176437 1.0
0.139142036438 -1.0
0.145998001099 1.0
0.18950009346 -1.0
0.214954137802 -1.0
0.225686073303 1.0
0.25120806694 -1.0
0.252320051193 -1.0
0.25234413147 -1.0
0.275824069977 -1.0
0.275851011276 1.0
0.301648139954 -1.0
0.301712036133 1.0
0.327534198761 -1.0
0.366027116776 -1.0
0.366058111191 1.0
0.390282154083 -1.0
0.417032003403 -1.0
0.417510986328 1.0
0.456918001175 -1.0
0.509019136429 -1.0
0.509505033493 1.0
0.570514202118 -1.0
0.645018100739 -1.0
0.68542599678 -1.0
0.686227083206 1.0
0.750092029572 -1.0
0.752073049545 -1.0
0.79460811615 1.0
0.814414978027 -1.0
0.825555086136 -1.0
0.889003992081 -1.0
0.900490999222 1.0
0.963640213013 -1.0
0.98937702179 -1.0
0.989852190018 1.0
1.03163409233 -1.0
1.09412813187 -1.0
1.09938120842 -1.0
1.09987211227 1.0
1.12558197975 -1.0
1.26789903641 -1.0
1.30662107468 1.0
1.44176411629 -1.0
1.47329211235 -1.0
1.47375416756 1.0
1.538667202 -1.0
1.56278514862 -1.0
1.58743715286 -1.0
1.58746218681 1.0
1.61260008812 -1.0
1.61896419525 -1.0
1.68194413185 -1.0
1.68699812889 -1.0
1.73059415817 1.0
1.75583314896 -1.0
1.85147404671 -1.0
1.85449910164 1.0
1.87855410576 -1.0
1.87876605988 -1.0
1.91858506203 -1.0
1.91903805733 1.0
1.94406604767 -1.0
2.01129508018 -1.0
2.48886704445 -1.0
2.4896709919 1.0
2.51305103302 -1.0
2.53964304924 -1.0
2.57830619812 -1.0
2.57878398895 1.0
2.6420571804 -1.0
2.82179999352 -1.0
2.97895908356 -1.0
2.97897720337 1.0
3.11513400078 -1.0
4.79099106789 1.0
4.81385111809 -1.0
5.48148798943 -1.0
5.48150205612 1.0
5.5031940937 -1.0
5.50538420677 -1.0
5.50574016571 1.0
5.55056405067 -1.0
5.61109805107 -1.0
5.61709618568 -1.0
5.61750817299 1.0
5.63750720024 -1.0
5.93307209015 -1.0
5.95801210403 -1.0
5.95802402496 1.0
5.98260617256 -1.0
6.03377103806 -1.0
6.13065099716 -1.0
6.13066101074 1.0
6.33980202675 -1.0
6.34229016304 1.0
6.369120121 -1.0
6.36954212189 -1.0
6.42128014565 -1.0
6.4216530323 1.0
6.48076510429 -1.0
6.54254198074 -1.0
6.57811903954 -1.0
6.57876110077 1.0
6.60598802567 -1.0
6.62920999527 -1.0
6.66377210617 -1.0
6.70258808136 1.0
6.91728115082 -1.0
6.94488406181 -1.0
6.94489407539 1.0
6.97590708733 -1.0
6.97627711296 1.0
7.04368519783 -1.0
7.34396314621 -1.0
7.37022900581 -1.0
7.71432614326 -1.0
7.71481704712 1.0
7.73925614357 -1.0
8.06887602806 -1.0
8.09315013885 -1.0
8.09315919876 1.0
8.11659097672 -1.0
8.21915102005 -1.0
8.31356406212 -1.0
8.31357717514 1.0
8.36286902428 -1.0
8.36540699005 1.0
8.3900141716 -1.0
8.39042305946 -1.0
8.44360399246 -1.0
8.44396400452 1.0
8.50761318207 -1.0
8.53005003929 -1.0
8.55633807182 -1.0
8.67894816399 -1.0
8.67954015732 1.0
8.70584201813 -1.0
8.73213219643 -1.0
8.82932710648 -1.0
8.86659312248 1.0
8.89908504486 -1.0
9.03459119797 -1.0
9.03460717201 1.0
9.06385397911 -1.0
9.06427907944 -1.0
9.06463599205 1.0
9.12789916992 -1.0
9.17918610573 -1.0
9.20468401909 -1.0
9.39573001862 -1.0
9.39621520042 1.0
9.42132306099 -1.0
9.76952600479 -1.0
9.79640603065 -1.0
9.79642319679 1.0
9.82297801971 -1.0
10.1257641315 -1.0
10.2687180042 -1.0
10.2687461376 1.0
10.4414710999 -1.0
10.4445672035 1.0
10.4687290192 -1.0
10.4689180851 -1.0
10.5204751492 -1.0
10.5209140778 1.0
10.5829501152 -1.0
10.6478171349 -1.0
10.6716930866 -1.0
11.2930190563 -1.0
11.2936820984 1.0
11.3184320927 -1.0
11.3455181122 -1.0
11.4623789787 1.0
11.488653183 -1.0
11.4890961647 -1.0
11.5515091419 -1.0
11.552587986 -1.0
11.5530421734 1.0
11.5781030655 -1.0
11.5983030796 -1.0
11.6612250805 -1.0
11.6612341404 1.0
11.7162320614 -1.0
11.81402421 -1.0
11.8140361309 1.0
11.8792150021 -1.0
11.948923111 -1.0
11.9495790005 1.0
11.9742991924 -1.0
12.0005710125 -1.0
12.0836000443 -1.0
12.1225941181 1.0
12.1624112129 -1.0
12.2392501831 -1.0
12.2392630577 1.0
12.482968092 -1.0
12.4844441414 -1.0
12.484801054 1.0
12.5299839973 -1.0
12.5951690674 -1.0
12.6034560204 -1.0
12.6426181793 1.0
15.1056101322 -1.0
15.1255221367 -1.0
15.1255300045 1.0
19.4576661587 1.0
19.4813160896 -1.0
19.4813320637 1.0
19.4814469814 -1.0
19.5040390491 -1.0
29.4826130867 -1.0
29.4826271534 1.0
29.5085000992 -1.0
29.5091671944 -1.0
29.5095992088 1.0
29.5626151562 -1.0
29.6253330708 -1.0
29.7244989872 -1.0
29.7625951767 1.0
