0.0047390460968 1.0
0.0103969573975 -1.0
0.0299680233002 -1.0
0.0353200435638 -1.0
0.195900917053 -1.0
0.195919036865 1.0
0.220741987228 -1.0
0.220752000809 1.0
0.245136022568 -1.0
0.258062839508 1.0
0.280691862106 -1.0
0.283095836639 -1.0
0.306563854218 -1.0
0.307271957397 -1.0
0.307654857635 1.0
0.332489967346 -1.0
0.396301031113 -1.0
0.39631986618 1.0
0.419448852539 -1.0
0.456125020981 1.0
0.458670854568 -1.0
0.479126930237 -1.0
0.481719970703 1.0
0.506531953812 -1.0
0.506539821625 1.0
0.531137943268 -1.0
0.5506939888 -1.0
0.559823989868 -1.0
0.559831857681 1.0
0.586343050003 -1.0
0.595237016678 -1.0
0.595800876617 -1.0
0.595806837082 1.0
0.612547874451 -1.0
0.672509908676 -1.0
0.712110996246 1.0
0.719451904297 -1.0
0.736516952515 -1.0
0.740167856216 -1.0
0.740175008774 1.0
0.764860868454 -1.0
0.795589923859 -1.0
0.795598983765 1.0
0.858830928802 -1.0
0.900437831879 -1.0
0.900835037231 1.0
0.925696849823 -1.0
0.989421844482 -1.0
1.0281150341 1.0
1.05150294304 -1.0
1.09720897675 -1.0
1.10024785995 1.0
1.11306881905 -1.0
1.1404030323 -1.0
1.14041185379 1.0
1.14088988304 -1.0
1.20293784142 -1.0
1.20295000076 1.0
1.2273888588 -1.0
1.22960782051 -1.0
1.25444984436 -1.0
1.25488305092 1.0
1.29939198494 -1.0
1.31324291229 -1.0
1.31327986717 -1.0
1.33536291122 -1.0
1.33537387848 1.0
1.33730792999 -1.0
1.3668949604 -1.0
1.36690592766 1.0
1.39054989815 -1.0
1.45108389854 -1.0
1.45109581947 1.0
1.47215890884 -1.0
1.51608800888 -1.0
1.51648688316 1.0
1.57913684845 -1.0
1.64927101135 -1.0
1.67600798607 -1.0
1.67700386047 -1.0
1.6770260334 -1.0
1.67703199387 1.0
1.69993686676 -1.0
1.72687482834 -1.0
1.72769594193 1.0
1.78684091568 -1.0
1.82305502892 -1.0
1.86012601852 1.0
1.88773083687 -1.0
1.97353887558 -1.0
1.97626185417 1.0
1.99631500244 -1.0
2.02918791771 -1.0
2.02955389023 1.0
2.08762192726 -1.0
2.15056395531 -1.0
3.04584503174 -1.0
3.04683589935 1.0
3.07155799866 -1.0
3.09849596024 -1.0
3.2537958622 -1.0
3.29212784767 1.0
3.41179704666 -1.0
3.5846760273 -1.0
3.58469796181 1.0
4.72861385345 -1.0
4.72864484787 1.0
4.75240898132 -1.0
4.75421905518 -1.0
4.75470805168 1.0
4.81956982613 -1.0
4.88270688057 -1.0
4.88648295403 1.0
4.91093683243 -1.0
4.9357688427 -1.0
5.51165604591 -1.0
5.51214504242 1.0
5.53671884537 -1.0
5.72441387177 -1.0
5.72444581985 1.0
5.75055599213 -1.0
5.75168895721 -1.0
5.77573204041 -1.0
5.77662396431 1.0
5.8389070034 -1.0
5.86305499077 -1.0
5.886977911 1.0
5.8925318718 -1.0
5.89297294617 1.0
5.91143202782 -1.0
5.93203902245 -1.0
5.99626684189 -1.0
6.03613090515 1.0
6.17190003395 -1.0
6.17240691185 1.0
6.19920897484 -1.0
6.26135182381 -1.0
6.26137495041 1.0
6.29029893875 -1.0
6.29077196121 1.0
6.35548591614 -1.0
6.44118094444 -1.0
6.46639490128 -1.0
7.27855801582 -1.0
7.27906084061 1.0
7.30018401146 -1.0
7.60185599327 -1.0
7.62316298485 -1.0
7.62317299843 1.0
7.64678502083 -1.0
7.91411495209 -1.0
8.07462286949 -1.0
8.07465004921 1.0
8.19654083252 -1.0
8.19909501076 1.0
8.22290086746 -1.0
8.22338104248 -1.0
8.28770494461 -1.0
8.31026387215 -1.0
8.31074786186 1.0
8.33417487144 -1.0
8.40728282928 -1.0
8.42820191383 -1.0
8.51046490669 -1.0
8.51124596596 1.0
8.53082799911 -1.0
8.55031490326 -1.0
8.61369085312 -1.0
8.65212702751 1.0
8.71999788284 -1.0
8.82426285744 -1.0
8.82428097725 1.0
8.85145783424 -1.0
8.85261297226 -1.0
8.8529689312 1.0
8.91123199463 -1.0
8.93476200104 -1.0
8.96094202995 -1.0
9.19378900528 -1.0
9.19422292709 1.0
9.21746587753 -1.0
9.63447999954 -1.0
9.65872788429 -1.0
9.65874385834 1.0
9.68139982224 -1.0
9.72441196442 -1.0
9.72441983223 1.0
9.74997282028 -1.0
9.75027894974 -1.0
9.78987693787 -1.0
9.79023194313 1.0
9.84287786484 -1.0
9.86740589142 -1.0
9.90411496162 1.0
9.94027304649 -1.0
10.0579078197 -1.0
10.0579259396 1.0
10.0835750103 -1.0
10.1201460361 1.0
10.1232609749 -1.0
10.1455819607 -1.0
10.1455910206 1.0
10.1487858295 -1.0
10.1740469933 -1.0
10.2036828995 -1.0
10.2401249409 1.0
10.2596638203 -1.0
10.311319828 -1.0
10.3116869926 1.0
10.3673019409 -1.0
10.43785882 -1.0
10.4972770214 -1.0
10.4998679161 1.0
10.5226068497 -1.0
10.5443179607 -1.0
10.544978857 1.0
10.5710020065 -1.0
10.6273579597 -1.0
10.6273658276 1.0
10.6878688335 -1.0
10.6976208687 -1.0
10.7469189167 -1.0
10.7469289303 1.0
10.7717540264 -1.0
10.8244290352 -1.0
10.8248138428 1.0
10.8834679127 -1.0
10.8911550045 -1.0
10.9566528797 -1.0
10.9570128918 1.0
11.0153050423 -1.0
11.0510070324 -1.0
11.1026890278 -1.0
11.102699995 1.0
11.1639499664 -1.0
11.1694638729 -1.0
11.2081608772 1.0
11.2272880077 -1.0
11.2276289463 -1.0
11.2494540215 -1.0
11.2921309471 1.0
11.3125009537 -1.0
11.3138818741 -1.0
11.35212183 1.0
11.3755300045 -1.0
11.4314520359 -1.0
11.4722688198 -1.0
11.472304821 1.0
11.4985539913 -1.0
11.5195429325 -1.0
11.5561439991 1.0
11.5882129669 -1.0
11.6994888783 1.0
11.7202558517 -1.0
11.7530288696 -1.0
11.7534329891 1.0
11.7847819328 -1.0
11.8442239761 -1.0
11.8442339897 1.0
11.897603035 -1.0
11.9993138313 -1.0
12.0361478329 1.0
12.0566809177 -1.0
12.6991360188 1.0
12.7259140015 -1.0
12.7263119221 1.0
12.7703690529 -1.0
12.8315799236 -1.0
12.8716340065 -1.0
12.9121229649 1.0
16.3555428982 -1.0
16.376543045 -1.0
16.3765509129 1.0
27.6982698441 1.0
27.7244679928 -1.0
27.7245600224 -1.0
