0.00878596305847 -1.0
0.0285260677338 1.0
0.0548739433289 -1.0
0.0669560432434 1.0
0.0908050537109 -1.0
0.140975952148 -1.0
0.164150953293 -1.0
0.195078134537 -1.0
0.202991008759 -1.0
0.203015089035 1.0
0.22322010994 -1.0
0.254529953003 -1.0
0.257187128067 1.0
0.305438041687 -1.0
0.350567102432 -1.0
0.361992120743 -1.0
0.362017154694 1.0
0.374894142151 -1.0
0.387365102768 -1.0
0.616802930832 -1.0
0.617411136627 1.0
0.683171033859 -1.0
0.709254980087 -1.0
0.987533092499 -1.0
1.02452397346 1.0
1.13043904305 -1.0
1.27670192719 -1.0
1.27672100067 1.0
1.30431413651 -1.0
1.30479001999 -1.0
1.30514407158 1.0
1.35107898712 -1.0
1.41518306732 -1.0
1.41945409775 -1.0
1.41987705231 1.0
1.44460701942 -1.0
1.73247599602 -1.0
1.7544529438 -1.0
1.75446105003 1.0
1.77632713318 -1.0
1.84360408783 -1.0
1.90202999115 -1.0
1.9020421505 1.0
1.96781206131 -1.0
1.9702630043 1.0
1.99029493332 -1.0
1.99219894409 -1.0
2.02806997299 -1.0
2.02846813202 1.0
2.0794980526 -1.0
2.14430809021 -1.0
2.9291510582 -1.0
2.92978596687 1.0
2.95407509804 -1.0
2.97785210609 -1.0
3.13903903961 -1.0
3.17653012276 1.0
3.29126501083 -1.0
3.46788692474 1.0
3.49394392967 -1.0
3.49515295029 -1.0
3.49559402466 1.0
3.54382705688 -1.0
3.56811714172 -1.0
3.5681271553 1.0
3.62665915489 -1.0
3.63512992859 -1.0
3.64826202393 -1.0
3.67255401611 1.0
3.69432115555 -1.0
3.69469714165 1.0
3.71983909607 -1.0
3.99703407288 -1.0
4.0222260952 -1.0
4.60329914093 -1.0
4.60402607918 1.0
4.6284570694 -1.0
4.65379309654 -1.0
4.85693001747 1.0
4.88194012642 -1.0
5.10393095016 -1.0
5.39615011215 -1.0
5.39617204666 1.0
5.49463915825 -1.0
5.4950671196 1.0
5.52138113976 -1.0
5.58649015427 -1.0
5.61034011841 -1.0
5.6103489399 1.0
5.63160204887 -1.0
5.68116998672 -1.0
5.76204705238 -1.0
5.76205992699 1.0
5.82225799561 -1.0
6.47153115273 1.0
6.49210906029 -1.0
6.49237394333 -1.0
6.49273896217 1.0
6.5511610508 -1.0
6.60097813606 -1.0
6.6271340847 -1.0
6.74331212044 -1.0
6.78059101105 1.0
15.1094880104 -1.0
15.1333630085 -1.0
15.1333701611 1.0
19.4659991264 1.0
19.4918720722 -1.0
19.4918861389 -1.0
