0.0 -1.0
0.0463540554047 -1.0
0.0463809967041 1.0
0.0721609592438 -1.0
0.115540981293 -1.0
0.115619897842 1.0
0.140300989151 -1.0
0.167994976044 -1.0
0.168006896973 1.0
0.194946050644 -1.0
0.249389886856 -1.0
0.249403953552 1.0
0.307922840118 -1.0
0.35956287384 -1.0
0.397022008896 1.0
0.422271966934 -1.0
0.486024856567 -1.0
0.486035823822 1.0
0.546984910965 -1.0
0.582165956497 -1.0
0.58833193779 -1.0
0.602396965027 -1.0
0.613450050354 -1.0
0.613457918167 1.0
0.67962884903 -1.0
0.679640054703 1.0
0.742809057236 -1.0
0.764821052551 -1.0
0.774756908417 -1.0
0.774788856506 -1.0
0.778235912323 -1.0
0.778241872787 1.0
0.800762891769 -1.0
1.14364099503 1.0
1.16965603828 -1.0
1.17297101021 -1.0
1.17333602905 1.0
1.19911599159 -1.0
1.26292300224 -1.0
1.2876868248 -1.0
1.28805494308 1.0
1.31152105331 -1.0
1.50972485542 -1.0
1.53493595123 -1.0
1.9286429882 -1.0
1.9294629097 1.0
1.95225787163 -1.0
1.9742269516 -1.0
2.10754704475 -1.0
2.10821390152 1.0
2.13423895836 -1.0
2.15924286842 -1.0
2.159252882 1.0
2.18272399902 -1.0
2.18309903145 -1.0
2.22748398781 -1.0
2.22786688805 1.0
2.28322386742 -1.0
2.35129904747 -1.0
2.35131883621 1.0
2.49992799759 -1.0
2.5297498703 -1.0
2.529763937 1.0
2.67647194862 -1.0
2.77595305443 -1.0
2.77597594261 1.0
2.81078004837 -1.0
2.81366300583 1.0
2.83991289139 -1.0
2.90250992775 -1.0
3.03598189354 -1.0
3.03680205345 1.0
3.06168103218 -1.0
3.08758687973 -1.0
3.1266849041 -1.0
3.16502404213 1.0
3.19290590286 -1.0
3.25608491898 -1.0
3.25652384758 1.0
3.31944394112 -1.0
3.34485983849 -1.0
3.34538388252 -1.0
3.3457698822 1.0
3.40695691109 -1.0
3.43185997009 -1.0
3.45952701569 -1.0
3.6152908802 -1.0
3.61574888229 1.0
3.67855191231 -1.0
3.83629989624 -1.0
3.89844799042 -1.0
3.89846801758 1.0
3.95946502686 -1.0
3.98651695251 -1.0
4.05931401253 -1.0
4.09703683853 1.0
4.12031197548 -1.0
4.14914488792 -1.0
4.14949893951 1.0
4.21245288849 -1.0
4.23992991447 -1.0
4.29861903191 -1.0
4.30548095703 -1.0
4.30585598946 1.0
4.36435389519 -1.0
5.12063384056 -1.0
5.14562082291 -1.0
5.41722893715 -1.0
5.41799402237 1.0
5.44374990463 -1.0
5.46752691269 -1.0
5.66402983665 -1.0
5.70102787018 1.0
5.82017183304 -1.0
5.84793782234 1.0
5.87322688103 -1.0
6.01247501373 -1.0
6.0401468277 -1.0
6.04042601585 -1.0
6.04077792168 1.0
6.10712504387 -1.0
6.14855384827 -1.0
6.17235898972 -1.0
6.3507668972 -1.0
6.35123300552 1.0
6.37779092789 -1.0
6.57431793213 -1.0
6.60052704811 -1.0
6.60053801537 1.0
6.66253185272 -1.0
6.68651294708 -1.0
6.90324687958 -1.0
6.94105887413 1.0
6.99842691422 -1.0
7.14028382301 1.0
7.16657805443 -1.0
7.16734600067 -1.0
7.16773891449 1.0
7.22229099274 -1.0
7.28654193878 -1.0
7.33891296387 -1.0
7.37703800201 1.0
7.40371394157 -1.0
7.40427398682 1.0
7.42876291275 -1.0
7.71616601944 -1.0
7.74047899246 -1.0
7.74049186707 1.0
7.74139404297 -1.0
7.80273294449 -1.0
7.86579203606 -1.0
7.86581993103 1.0
7.90962004662 -1.0
7.98369789124 -1.0
7.98372483253 1.0
8.1601369381 -1.0
8.16037082672 -1.0
8.16037988663 1.0
8.1810028553 -1.0
8.22103500366 1.0
8.24056482315 -1.0
8.24103498459 1.0
8.2806789875 -1.0
8.41063404083 -1.0
8.41066002846 1.0
10.2029948235 -1.0
10.2030098438 1.0
10.2268638611 -1.0
10.2285900116 -1.0
10.2289819717 1.0
10.28571105 -1.0
10.3484978676 -1.0
10.3598918915 -1.0
10.3970248699 1.0
10.4923670292 -1.0
10.4928138256 1.0
10.5146019459 -1.0
10.535050869 -1.0
10.5753209591 -1.0
10.6130478382 1.0
10.6377038956 -1.0
10.6838309765 -1.0
10.6838409901 1.0
11.1656458378 -1.0
11.1665878296 -1.0
11.1665990353 1.0
11.2251698971 -1.0
11.2255809307 1.0
11.2910540104 -1.0
11.3204438686 -1.0
15.7922039032 -1.0
15.7922458649 1.0
15.8149979115 -1.0
27.1385159492 1.0
27.1644349098 -1.0
27.1649458408 -1.0
