0.00795292854309 -1.0
0.0233318805695 -1.0
0.031998872757 -1.0
0.0320210456848 1.0
0.0450229644775 -1.0
0.0450360774994 -1.0
0.0585980415344 -1.0
0.0969099998474 1.0
0.123679876328 -1.0
0.124271869659 1.0
0.189348936081 -1.0
0.213469028473 -1.0
0.233190059662 -1.0
0.235243082047 1.0
0.297576904297 -1.0
0.301354885101 -1.0
0.323535919189 -1.0
0.34087896347 1.0
0.366548061371 -1.0
0.366981983185 1.0
0.39862704277 -1.0
0.426115036011 -1.0
0.426126003265 1.0
0.460515975952 -1.0
0.519512891769 -1.0
0.519526004791 1.0
0.57745885849 -1.0
0.590902090073 -1.0
0.631489038467 -1.0
0.66893696785 1.0
0.74037694931 -1.0
0.797739028931 -1.0
0.798732995987 1.0
0.857609987259 -1.0
1.11945986748 -1.0
1.14028906822 -1.0
1.14030098915 1.0
1.16063904762 -1.0
1.23928403854 -1.0
1.26838088036 -1.0
1.26859092712 -1.0
1.26897501945 1.0
1.32072687149 -1.0
1.38641786575 -1.0
1.38832306862 -1.0
1.42488002777 1.0
1.45403504372 -1.0
1.45448207855 1.0
1.47919201851 -1.0
1.47982907295 -1.0
1.50529408455 -1.0
1.75405406952 -1.0
1.75475907326 1.0
1.78007507324 -1.0
1.8050069809 -1.0
1.85487794876 -1.0
1.85533690453 1.0
1.88097691536 -1.0
1.90740990639 -1.0
1.97956895828 -1.0
2.01688194275 1.0
2.04223108292 -1.0
2.06699705124 -1.0
2.06700491905 1.0
2.13204193115 -1.0
2.13459801674 1.0
2.16230607033 -1.0
2.16349506378 -1.0
2.19078803062 -1.0
2.22888088226 1.0
2.25499105453 -1.0
2.25500106812 1.0
2.27969288826 -1.0
2.30452609062 -1.0
2.30453705788 1.0
2.34679389 -1.0
2.40972709656 -1.0
2.45948886871 -1.0
2.45995593071 1.0
2.48556303978 -1.0
2.59289193153 -1.0
3.12601590157 -1.0
3.12604093552 1.0
3.15387201309 -1.0
3.153881073 1.0
3.18324303627 -1.0
3.26637291908 -1.0
3.26918196678 -1.0
3.26956486702 1.0
3.3237118721 -1.0
3.35226297379 -1.0
3.38889503479 1.0
3.41986989975 -1.0
3.44749093056 -1.0
3.44749999046 1.0
3.59966206551 -1.0
3.60019302368 1.0
3.6655318737 -1.0
4.25975704193 1.0
4.28811788559 -1.0
4.28850698471 -1.0
4.31695795059 -1.0
4.43888306618 -1.0
4.43938398361 1.0
4.46832799911 -1.0
4.62191605568 -1.0
4.66888189316 1.0
4.88649892807 -1.0
5.00842499733 -1.0
5.0084400177 1.0
5.03704786301 -1.0
5.24076509476 1.0
5.24672698975 -1.0
5.27103590965 -1.0
5.29871201515 -1.0
5.29915094376 1.0
5.36471295357 -1.0
5.43161797523 -1.0
5.54332494736 -1.0
5.54334902763 1.0
5.70182800293 -1.0
5.73014593124 -1.0
5.73015499115 1.0
5.7583899498 -1.0
6.24079489708 1.0
6.26906490326 -1.0
6.26964688301 -1.0
6.29933691025 -1.0
6.29977893829 1.0
6.36704087257 -1.0
6.39023399353 -1.0
6.39388298988 -1.0
6.39389109612 1.0
6.42153286934 -1.0
6.4988360405 -1.0
6.56337690353 -1.0
6.56338906288 1.0
6.58465600014 -1.0
6.70985507965 -1.0
6.70988106728 1.0
6.73694491386 -1.0
7.24541497231 1.0
7.27236294746 -1.0
7.27367806435 -1.0
7.34291005135 -1.0
7.42797589302 -1.0
7.42845106125 1.0
7.44957304001 -1.0
7.8080830574 -1.0
14.9399690628 -1.0
14.9399940968 1.0
14.9724888802 -1.0
22.2383918762 1.0
22.2640860081 -1.0
22.2642250061 -1.0
