0.021824836731 1.0
0.0342638492584 -1.0
0.0481379032135 -1.0
0.0481450557709 1.0
0.100200891495 -1.0
0.100210905075 1.0
0.164924860001 -1.0
0.178637981415 -1.0
0.1887550354 -1.0
0.188787937164 -1.0
0.193455934525 -1.0
0.193462848663 1.0
0.21368598938 -1.0
0.255307912827 -1.0
0.255825996399 1.0
0.317051887512 -1.0
0.318380832672 -1.0
0.357800960541 1.0
0.381142854691 -1.0
0.4299659729 -1.0
0.469801902771 1.0
0.492667913437 -1.0
0.521004915237 -1.0
0.521354913712 1.0
0.544368028641 -1.0
0.605685949326 -1.0
0.606163978577 1.0
0.668416976929 -1.0
0.686594009399 -1.0
0.725832939148 1.0
0.733613967896 -1.0
0.751703023911 -1.0
0.789801836014 1.0
0.796634912491 -1.0
0.831156015396 -1.0
0.831724882126 1.0
0.856827974319 -1.0
0.920480012894 -1.0
0.920495033264 1.0
0.935251951218 -1.0
0.98530292511 -1.0
1.00881791115 -1.0
1.00924992561 1.0
1.05507683754 -1.0
1.07932400703 -1.0
1.07933402061 1.0
1.10472393036 -1.0
1.16608905792 -1.0
1.16610097885 1.0
1.22946286201 -1.0
1.28639388084 -1.0
1.35445404053 -1.0
1.42395091057 -1.0
1.42433404922 1.0
1.4899969101 -1.0
1.55787992477 -1.0
1.62052583694 -1.0
1.62053585052 1.0
1.68097996712 -1.0
1.70147395134 -1.0
1.78006291389 -1.0
1.81782889366 1.0
1.88996887207 -1.0
1.91706299782 -1.0
1.9174349308 1.0
1.95736098289 -1.0
2.02124905586 -1.0
2.06949901581 -1.0
2.06993484497 1.0
2.09374284744 -1.0
2.20338106155 -1.0
2.22648596764 -1.0
2.22649693489 1.0
2.2515039444 -1.0
2.62867999077 -1.0
2.69180893898 -1.0
2.69182896614 1.0
2.89455485344 -1.0
2.89510798454 1.0
2.91494297981 -1.0
2.93452692032 -1.0
3.03761601448 1.0
3.05912995338 -1.0
3.05993795395 -1.0
3.08769083023 -1.0
3.08806490898 1.0
3.1181409359 -1.0
3.18178296089 -1.0
3.18179702759 1.0
3.27665805817 -1.0
3.45089888573 -1.0
3.45091295242 1.0
3.48654294014 -1.0
3.48690795898 1.0
3.53968501091 -1.0
3.57652997971 -1.0
3.61379384995 1.0
3.63947486877 -1.0
3.67078590393 -1.0
3.67114090919 1.0
3.72883296013 -1.0
3.73813199997 -1.0
3.76528000832 -1.0
3.85537695885 -1.0
3.85576295853 1.0
3.8823928833 -1.0
4.06372499466 -1.0
4.06391096115 -1.0
4.06425905228 1.0
4.12960886955 -1.0
4.13062691689 -1.0
4.15699601173 -1.0
4.16156005859 -1.0
4.16195988655 1.0
4.20062088966 -1.0
4.26250600815 -1.0
4.29512095451 -1.0
4.33380484581 1.0
4.37774205208 -1.0
4.44407486916 -1.0
4.4445939064 1.0
4.50878596306 -1.0
4.57449102402 -1.0
4.63688802719 -1.0
4.636895895 1.0
4.69738101959 -1.0
4.7409658432 -1.0
4.79678487778 -1.0
4.8378329277 1.0
4.86676883698 -1.0
4.89497494698 -1.0
4.89534401894 1.0
4.95688486099 -1.0
5.03577494621 -1.0
5.06509590149 -1.0
5.06511592865 1.0
5.12495684624 -1.0
5.18021297455 -1.0
5.18068790436 1.0
5.24246096611 -1.0
5.25350284576 -1.0
5.5398478508 -1.0
5.53987288475 1.0
5.56600689888 -1.0
6.14312386513 -1.0
6.14364099503 1.0
6.17082691193 -1.0
6.19444704056 -1.0
6.44921588898 -1.0
6.48580789566 1.0
6.56242489815 -1.0
6.67734384537 -1.0
6.67736792564 1.0
6.69756889343 -1.0
7.03671193123 1.0
7.05980801582 -1.0
7.06179189682 -1.0
7.08824801445 -1.0
7.08860492706 1.0
7.1512029171 -1.0
7.16896796227 -1.0
7.22558403015 -1.0
7.22559404373 1.0
7.24632406235 -1.0
7.2471818924 -1.0
7.2858300209 1.0
7.31055283546 -1.0
7.31314086914 1.0
7.33377790451 -1.0
7.33595204353 -1.0
7.39496803284 -1.0
8.19173288345 -1.0
8.22980284691 1.0
8.76563596725 -1.0
8.76617383957 1.0
8.79033684731 -1.0
9.36775994301 -1.0
9.39391684532 -1.0
9.97558283806 -1.0
9.97613787651 1.0
9.99972987175 -1.0
10.0228688717 -1.0
10.0370130539 1.0
10.0635869503 -1.0
10.0640208721 -1.0
10.1099410057 -1.0
10.110314846 1.0
10.1733939648 -1.0
10.3131568432 -1.0
10.3729288578 -1.0
10.3729379177 1.0
10.4736909866 -1.0
10.4992759228 -1.0
10.499284029 1.0
10.5262589455 -1.0
10.5424439907 -1.0
10.5818018913 1.0
10.6032860279 -1.0
10.6035890579 1.0
10.6656079292 -1.0
14.6806328297 -1.0
14.9819488525 -1.0
14.9819738865 1.0
26.0352709293 1.0
26.0597929955 -1.0
26.0598080158 -1.0
