0.00767707824707 -1.0
0.0813701152802 -1.0
0.081395149231 1.0
0.108417987823 -1.0
0.149693012238 -1.0
0.150031089783 1.0
0.210840940475 -1.0
0.229720115662 -1.0
0.233561992645 -1.0
0.233586072922 1.0
0.259855031967 -1.0
0.336302995682 -1.0
0.336319923401 1.0
0.358052015305 -1.0
0.393973112106 -1.0
0.404566049576 -1.0
0.404576063156 1.0
0.420750141144 -1.0
0.59702205658 -1.0
0.59707903862 1.0
0.663708925247 -1.0
0.663733959198 1.0
0.690333127975 -1.0
0.723408937454 -1.0
0.724056005478 -1.0
0.724499940872 1.0
0.784034967422 -1.0
0.811470985413 -1.0
0.848065137863 1.0
0.875013113022 -1.0
0.937684059143 -1.0
0.976061105728 1.0
1.04840397835 -1.0
1.11858701706 -1.0
1.17561602592 -1.0
1.17631912231 1.0
1.20113515854 -1.0
1.22711610794 -1.0
1.25373697281 -1.0
1.2542181015 1.0
1.28285002708 -1.0
1.34373807907 -1.0
1.3566069603 -1.0
1.39605712891 1.0
1.42093801498 -1.0
1.44918012619 -1.0
1.44926404953 -1.0
1.44959712029 1.0
1.51586794853 -1.0
1.64285707474 -1.0
1.69925808907 1.0
1.72717094421 -1.0
1.72929096222 -1.0
1.78233408928 -1.0
1.78273105621 1.0
1.82049107552 -1.0
1.93316602707 -1.0
1.97208714485 1.0
1.99623894691 -1.0
2.02210903168 -1.0
2.02250695229 1.0
2.0867190361 -1.0
2.42804694176 -1.0
2.45370101929 -1.0
2.45371294022 1.0
2.51886892319 -1.0
2.5430059433 -1.0
2.61422300339 -1.0
2.6520690918 1.0
2.68065094948 -1.0
2.7001709938 1.0
2.72566008568 -1.0
2.72697615623 -1.0
2.76808094978 -1.0
2.77115511894 1.0
2.79752707481 -1.0
2.82396197319 -1.0
2.82431697845 1.0
2.89254403114 -1.0
2.93078804016 -1.0
2.95787906647 -1.0
3.07330799103 -1.0
3.07376694679 1.0
3.10066413879 -1.0
3.14757204056 -1.0
3.25544214249 -1.0
3.25546312332 1.0
3.318557024 -1.0
3.31857204437 1.0
3.38459706306 -1.0
3.50857996941 -1.0
3.57471895218 -1.0
3.61205506325 1.0
3.63675999641 -1.0
4.86620807648 1.0
4.93121194839 -1.0
5.72513699532 -1.0
5.72515010834 1.0
5.75031709671 -1.0
5.75045204163 -1.0
5.75080013275 1.0
5.79430103302 -1.0
5.84260892868 -1.0
5.88406014442 1.0
15.3640711308 -1.0
15.4232079983 -1.0
15.4232280254 1.0
18.7609410286 -1.0
