0.00443005561829 -1.0
0.00444412231445 1.0
0.0339291095734 -1.0
0.0617589950562 -1.0
0.061998128891 1.0
0.0636470317841 -1.0
0.0636911392212 -1.0
0.0856909751892 -1.0
0.105046033859 1.0
0.12526512146 -1.0
0.150715112686 -1.0
0.179964065552 -1.0
0.205011129379 -1.0
0.205023050308 1.0
0.224858045578 -1.0
0.228844165802 1.0
0.249359130859 -1.0
0.305581092834 -1.0
0.324885129929 -1.0
0.325204133987 1.0
0.345209121704 -1.0
0.348804950714 -1.0
0.405424118042 -1.0
0.405433177948 1.0
0.45930314064 -1.0
0.485830068588 -1.0
0.485852003098 1.0
0.499809026718 -1.0
0.561805963516 -1.0
0.631371021271 -1.0
0.66920208931 1.0
0.701228141785 -1.0
0.785403013229 -1.0
0.816135168076 -1.0
0.816188097 1.0
0.838866949081 -1.0
0.83908700943 1.0
0.863707065582 -1.0
0.889724969864 -1.0
0.981313943863 -1.0
0.983747959137 1.0
1.01205015182 -1.0
1.25148200989 -1.0
1.26001906395 -1.0
1.26002812386 1.0
1.28579807281 -1.0
1.3495080471 -1.0
1.34952807426 1.0
1.36690402031 -1.0
1.3756301403 -1.0
1.54378199577 -1.0
1.54380011559 1.0
1.56344604492 -1.0
1.56352305412 -1.0
1.60119795799 1.0
1.69531297684 -1.0
1.69567704201 1.0
1.71537899971 -1.0
1.73942995071 -1.0
1.78548407555 -1.0
1.82522416115 1.0
1.85055017471 -1.0
1.85091209412 1.0
1.87911701202 -1.0
1.90615701675 -1.0
1.90658807755 1.0
1.92055797577 -1.0
1.9274251461 -1.0
1.94678807259 -1.0
1.9497590065 -1.0
1.94976496696 1.0
1.97424817085 -1.0
2.013215065 1.0
2.01332807541 -1.0
2.04812097549 -1.0
2.04818296432 1.0
2.07330107689 -1.0
2.09706902504 -1.0
2.09708213806 1.0
2.1074450016 -1.0
2.11993908882 -1.0
2.14150500298 -1.0
2.14452695847 1.0
2.20590901375 -1.0
2.41401100159 -1.0
2.47011995316 -1.0
2.47013902664 1.0
2.4701461792 -1.0
2.49076914787 -1.0
2.4907810688 1.0
2.49547410011 -1.0
2.51430606842 -1.0
2.51431417465 1.0
2.51745510101 -1.0
2.54026699066 -1.0
2.57720804214 1.0
2.58271813393 -1.0
2.60735607147 -1.0
2.62529110909 -1.0
2.62530112267 1.0
2.64973402023 -1.0
2.68923211098 1.0
2.68944501877 -1.0
2.69951605797 -1.0
2.69994211197 1.0
2.7140891552 -1.0
2.72647309303 -1.0
2.76441407204 1.0
2.77779698372 -1.0
2.78930211067 -1.0
2.78931212425 1.0
2.80357503891 -1.0
2.85385298729 -1.0
2.85386705399 1.0
2.86631417274 -1.0
2.8785071373 -1.0
2.94675803185 -1.0
2.95093011856 -1.0
2.951431036 1.0
3.01453709602 -1.0
3.04990005493 -1.0
3.05029797554 1.0
3.07798910141 -1.0
3.14685702324 -1.0
3.14722299576 1.0
3.20960998535 -1.0
3.33558511734 -1.0
3.39829015732 -1.0
3.39876413345 1.0
3.46258211136 -1.0
3.54703807831 -1.0
3.5742650032 -1.0
3.57427501678 1.0
3.64204907417 -1.0
3.66373801231 -1.0
3.70641112328 -1.0
3.7092590332 1.0
3.73409295082 -1.0
3.7837741375 -1.0
3.82120299339 1.0
3.84519815445 -1.0
3.90269613266 -1.0
3.90315699577 1.0
3.96561598778 -1.0
4.26591610909 -1.0
4.26594209671 1.0
4.52523207664 1.0
4.55185317993 -1.0
4.6655421257 1.0
4.67943811417 -1.0
4.68520998955 -1.0
4.68531107903 -1.0
4.70477294922 -1.0
4.76061010361 1.0
4.78067708015 -1.0
4.78132009506 -1.0
4.8157761097 -1.0
4.81627416611 1.0
4.8738360405 -1.0
4.90592694283 -1.0
5.09956002235 -1.0
5.09958600998 1.0
5.32488298416 -1.0
5.32542514801 1.0
5.35032510757 -1.0
5.66548895836 1.0
5.69108295441 -1.0
5.69109797478 -1.0
5.71682596207 -1.0
6.01412010193 -1.0
6.01464414597 1.0
6.03801417351 -1.0
6.06139707565 -1.0
6.22561597824 -1.0
6.2652361393 1.0
6.32159900665 -1.0
6.46676015854 -1.0
6.46677899361 1.0
6.49469017982 -1.0
6.53336215019 -1.0
6.53371810913 1.0
6.55830097198 -1.0
6.58387112617 -1.0
6.59732317924 -1.0
6.63723611832 1.0
6.65975594521 -1.0
6.66551208496 1.0
6.6890411377 -1.0
6.68905115128 1.0
6.69077014923 -1.0
6.74984812737 -1.0
6.74986195564 1.0
6.77281498909 -1.0
6.77302217484 -1.0
6.80922794342 1.0
6.82891798019 -1.0
6.87302017212 -1.0
6.87303709984 1.0
6.93399405479 -1.0
6.95739817619 -1.0
6.98966312408 -1.0
6.9900701046 1.0
7.01317501068 -1.0
7.07823204994 -1.0
7.15974998474 -1.0
7.19720697403 1.0
7.36298298836 -1.0
7.38856697083 -1.0
7.38858509064 1.0
7.41239595413 -1.0
7.48189210892 -1.0
7.54542303085 -1.0
7.58524894714 1.0
7.6347181797 -1.0
7.65612697601 -1.0
7.66613197327 1.0
7.68849515915 -1.0
7.71377301216 -1.0
7.76047205925 1.0
7.78289103508 -1.0
7.80697917938 -1.0
7.8074259758 1.0
7.83312511444 -1.0
7.89893817902 -1.0
7.89895415306 1.0
7.92308807373 -1.0
7.96378016472 -1.0
8.02817416191 -1.0
8.06520414352 1.0
8.0905020237 -1.0
8.15366101265 -1.0
8.19322800636 1.0
8.21607494354 -1.0
8.24367403984 -1.0
8.76076316833 1.0
8.78342795372 -1.0
8.78356814384 -1.0
8.82698202133 -1.0
8.82733416557 1.0
8.89233207703 -1.0
8.90548110008 -1.0
15.4632229805 -1.0
15.4632501602 1.0
15.6150350571 -1.0
16.4646821022 -1.0
16.4647049904 1.0
16.4933481216 -1.0
