0.000408887863159 -1.0
0.000415802001953 1.0
0.0128519535065 -1.0
0.0234518051147 -1.0
0.0245139598846 1.0
0.0887269973755 -1.0
0.277354001999 -1.0
0.315586805344 1.0
0.341893911362 -1.0
0.350414991379 1.0
0.413300991058 -1.0
0.597264766693 -1.0
0.6608979702 -1.0
0.829013824463 -1.0
0.829719781876 1.0
0.881499767303 -1.0
0.899654865265 -1.0
0.899679899216 1.0
0.90860080719 -1.0
0.974111795425 -1.0
0.974128961563 1.0
1.00026488304 -1.0
1.00298881531 1.0
1.037804842 -1.0
1.06065177917 -1.0
1.06112790108 1.0
1.12077498436 -1.0
1.15773391724 -1.0
1.1955769062 1.0
1.29927396774 -1.0
1.33872580528 -1.0
1.33873295784 1.0
1.36726284027 -1.0
1.36763477325 1.0
1.39849996567 -1.0
1.4234559536 -1.0
1.42383694649 1.0
1.44640398026 -1.0
1.46961593628 -1.0
1.47001791 1.0
1.52893280983 -1.0
1.5805850029 -1.0
1.5968568325 -1.0
1.5968849659 -1.0
1.59689092636 1.0
1.60425782204 -1.0
1.65870380402 -1.0
1.66988897324 -1.0
1.66989684105 1.0
1.69043278694 -1.0
1.69653081894 -1.0
1.6965367794 1.0
1.73458600044 -1.0
1.75127577782 -1.0
1.81342196465 -1.0
1.97483992577 -1.0
1.97785377502 1.0
2.00450277328 -1.0
2.06887578964 -1.0
2.06888699532 1.0
2.09401583672 -1.0
2.13152694702 -1.0
2.18239998817 -1.0
2.18282794952 1.0
2.24213290215 -1.0
2.42287182808 -1.0
2.42325282097 1.0
2.48374080658 -1.0
2.5448679924 -1.0
2.57319378853 -1.0
2.57368183136 1.0
2.59567499161 -1.0
2.66286587715 -1.0
2.96049785614 -1.0
2.96052193642 1.0
3.05438184738 -1.0
3.07831788063 -1.0
3.07833981514 1.0
3.10584282875 -1.0
3.10585594177 1.0
3.13208079338 -1.0
3.13604283333 -1.0
3.20189094543 -1.0
3.20454478264 -1.0
3.20500779152 1.0
3.23109984398 -1.0
3.24904990196 -1.0
3.2849187851 -1.0
3.28493285179 1.0
3.34915995598 -1.0
3.37379193306 -1.0
3.39448881149 1.0
3.39640688896 -1.0
3.45703077316 -1.0
3.46237683296 -1.0
3.46238684654 1.0
3.48843884468 -1.0
3.48845100403 1.0
3.51243281364 -1.0
3.53178787231 -1.0
3.596585989 -1.0
3.5965988636 1.0
3.6389439106 -1.0
3.67035388947 -1.0
3.67094779015 1.0
3.69460988045 -1.0
3.73315596581 -1.0
3.73317098618 1.0
3.75971388817 -1.0
3.7602148056 1.0
3.80411481857 -1.0
3.86892390251 -1.0
3.8859629631 -1.0
3.88630080223 1.0
3.94952583313 -1.0
4.00510597229 -1.0
4.06982684135 -1.0
4.06983780861 1.0
4.09722089767 -1.0
4.16195583344 -1.0
4.19955396652 1.0
4.22519779205 -1.0
4.2533159256 -1.0
4.25372385979 1.0
4.29619383812 -1.0
4.35763287544 -1.0
4.3636329174 -1.0
4.36398887634 1.0
4.42965888977 -1.0
4.45888876915 -1.0
4.52266597748 -1.0
4.52267479897 1.0
4.53211784363 -1.0
4.5852689743 -1.0
4.58527588844 1.0
4.61047077179 -1.0
4.64944982529 -1.0
4.67384386063 -1.0
4.67725586891 1.0
4.70127081871 -1.0
5.42821788788 -1.0
5.42865681648 -1.0
5.42904686928 1.0
5.47495388985 -1.0
5.53845691681 -1.0
5.57409691811 1.0
5.59879994392 -1.0
5.62697887421 -1.0
5.67853593826 -1.0
5.71957778931 1.0
6.98485088348 -1.0
6.98543381691 1.0
7.00569987297 -1.0
7.02584195137 -1.0
7.39508581161 1.0
7.42178797722 -1.0
7.42218089104 -1.0
7.48230695724 -1.0
7.48272299767 1.0
7.54308199883 -1.0
7.56206488609 -1.0
7.62503194809 -1.0
7.62505984306 1.0
7.96502780914 -1.0
8.33101892471 -1.0
8.3310418129 1.0
8.35600185394 -1.0
9.11722898483 -1.0
9.11776089668 1.0
9.14409589767 -1.0
9.16966581345 -1.0
9.33094787598 -1.0
9.36762785912 1.0
9.42074394226 -1.0
9.42252588272 -1.0
9.42253494263 1.0
9.44569587708 -1.0
9.48181390762 -1.0
9.48355197906 1.0
9.5078458786 -1.0
9.50823783875 1.0
9.5327808857 -1.0
9.59520292282 -1.0
9.61951088905 -1.0
9.65954995155 1.0
12.0407259464 -1.0
12.0412647724 1.0
12.1074798107 -1.0
12.1290948391 -1.0
12.1532888412 -1.0
12.1915957928 1.0
12.2179188728 -1.0
12.290779829 -1.0
12.2907869816 1.0
12.3551399708 -1.0
12.3944778442 1.0
12.4173648357 -1.0
12.4705147743 -1.0
12.4709188938 1.0
12.5300908089 -1.0
12.5312459469 -1.0
15.0698759556 -1.0
15.0699009895 1.0
15.1604588032 -1.0
15.1833338737 -1.0
15.1833407879 1.0
27.3931279182 1.0
27.4198558331 -1.0
27.4198708534 -1.0
