0.0 -1.0
1.62124633789e-05 1.0
0.0120601654053 -1.0
0.0591042041779 -1.0
0.0760130882263 -1.0
0.0761270523071 1.0
0.119346141815 -1.0
0.142464160919 -1.0
0.15677022934 1.0
0.179539203644 -1.0
0.180846214294 -1.0
0.181323051453 1.0
0.243511199951 -1.0
0.303453207016 -1.0
0.303469181061 1.0
0.30645608902 -1.0
0.36256313324 -1.0
0.363054037094 1.0
0.36811208725 -1.0
0.423871040344 -1.0
0.423883199692 1.0
0.43145108223 -1.0
0.456431150436 -1.0
0.456441164017 1.0
0.480902194977 -1.0
0.532375097275 -1.0
0.532388210297 1.0
0.557363033295 -1.0
0.581814050674 -1.0
0.582198143005 1.0
0.62993311882 -1.0
0.679061174393 -1.0
0.6978931427 -1.0
0.697917222977 1.0
0.722242116928 -1.0
0.755686998367 -1.0
0.755698204041 1.0
0.781257152557 -1.0
0.806897163391 -1.0
0.843859195709 1.0
0.869798183441 -1.0
0.895400047302 -1.0
0.895932197571 1.0
0.918966054916 -1.0
0.978423118591 -1.0
0.99852013588 -1.0
0.998529195786 1.0
0.998537063599 -1.0
1.01953816414 -1.0
1.04043221474 -1.0
1.07161021233 -1.0
1.07161903381 1.0
1.0910820961 -1.0
1.1817522049 -1.0
1.18181204796 1.0
1.20243906975 -1.0
1.25914120674 -1.0
1.25915622711 1.0
1.27870821953 -1.0
1.27940416336 -1.0
1.29931521416 -1.0
1.33586120605 1.0
1.35606122017 -1.0
1.35827422142 -1.0
1.3592941761 1.0
1.4233250618 -1.0
1.44421815872 -1.0
1.44561910629 -1.0
1.44598007202 1.0
1.47053909302 -1.0
1.49432301521 -1.0
1.49475002289 1.0
1.51558709145 -1.0
1.55505013466 -1.0
1.5554420948 1.0
1.61963200569 -1.0
1.64946818352 -1.0
1.67508006096 -1.0
1.7268371582 -1.0
1.76385402679 1.0
1.88575100899 -1.0
1.95153522491 -1.0
1.95154809952 1.0
2.01155900955 -1.0
2.12006402016 -1.0
2.2499320507 -1.0
2.28785705566 1.0
2.4435031414 -1.0
3.98954701424 1.0
4.05148005486 -1.0
4.07143807411 -1.0
4.98971199989 1.0
5.01071405411 -1.0
5.01072311401 1.0
5.01084303856 -1.0
5.03233218193 -1.0
5.26719522476 -1.0
5.26720905304 1.0
5.28878712654 -1.0
5.28939509392 -1.0
5.28980708122 1.0
5.33745908737 -1.0
5.3995141983 -1.0
5.4565141201 -1.0
5.49589514732 1.0
6.01352119446 -1.0
6.01353001595 1.0
6.03802514076 -1.0
6.23459005356 -1.0
6.2351641655 1.0
6.25905013084 -1.0
6.28333306313 -1.0
6.28369402885 -1.0
6.28405213356 1.0
6.34820222855 -1.0
6.35648107529 -1.0
6.3835952282 -1.0
6.43796300888 -1.0
6.4758951664 1.0
7.47272014618 -1.0
7.49922919273 -1.0
7.49925208092 1.0
7.52000212669 -1.0
7.52052116394 1.0
7.54116201401 -1.0
7.60455822945 -1.0
7.62962913513 -1.0
7.62965416908 1.0
7.6552760601 -1.0
7.68871903419 -1.0
7.75370311737 -1.0
7.75372815132 1.0
7.77706003189 -1.0
7.7775580883 1.0
7.8398141861 -1.0
8.20340919495 -1.0
8.2233850956 -1.0
8.22339820862 1.0
8.24337410927 -1.0
8.26704621315 -1.0
8.26761722565 -1.0
8.26802802086 1.0
8.32378816605 -1.0
8.34258008003 -1.0
8.40355706215 -1.0
8.4035692215 1.0
8.42928910255 -1.0
8.42975521088 -1.0
8.46786308289 1.0
8.73198223114 -1.0
8.98003101349 -1.0
8.98006010056 1.0
9.0040500164 -1.0
9.25008201599 1.0
9.27118420601 -1.0
9.27203321457 -1.0
9.3308532238 -1.0
9.33132505417 1.0
9.39203310013 -1.0
9.48087120056 -1.0
9.80848407745 -1.0
9.80851507187 1.0
9.8327832222 -1.0
9.83279204369 1.0
9.85487914085 -1.0
10.0588312149 -1.0
10.1454560757 -1.0
10.1454660892 1.0
10.2723720074 -1.0
10.2728550434 -1.0
10.2728641033 1.0
10.2986090183 -1.0
10.335860014 1.0
10.3370230198 -1.0
10.3590130806 -1.0
10.3590221405 1.0
10.3590290546 -1.0
10.3838829994 -1.0
10.4224750996 -1.0
10.4598660469 1.0
10.6920440197 -1.0
10.6926560402 1.0
10.7525370121 -1.0
10.7758800983 -1.0
10.8879351616 -1.0
10.9278612137 1.0
10.9748291969 -1.0
11.0138971806 -1.0
11.013906002 1.0
11.0394670963 -1.0
11.2472691536 1.0
11.2725021839 -1.0
11.2725200653 -1.0
11.2725250721 1.0
11.2965431213 -1.0
11.2970092297 -1.0
11.3300251961 -1.0
11.330504179 1.0
11.35683918 -1.0
11.4204180241 -1.0
11.4204292297 1.0
11.4470829964 -1.0
11.4632132053 -1.0
11.5248501301 -1.0
11.52485919 1.0
11.6491482258 -1.0
11.6497101784 1.0
11.7126531601 -1.0
12.2714450359 -1.0
12.2715661526 -1.0
12.2719550133 1.0
12.3072872162 -1.0
12.3683691025 -1.0
12.3779211044 -1.0
12.415856123 1.0
14.9673080444 -1.0
15.0247280598 -1.0
15.0247511864 1.0
15.968747139 -1.0
16.0083651543 -1.0
16.0083742142 1.0
