0.0256369113922 -1.0
0.0256459712982 1.0
0.0469789505005 -1.0
0.133204936981 -1.0
0.133213996887 1.0
0.194366931915 -1.0
0.250472068787 -1.0
0.289650917053 1.0
0.303310871124 -1.0
0.313773870468 -1.0
0.379150867462 -1.0
0.379159927368 1.0
0.419952869415 -1.0
0.452987909317 -1.0
0.479096889496 -1.0
0.480489015579 1.0
0.511957883835 -1.0
0.576974868774 -1.0
0.591575860977 -1.0
0.616729021072 1.0
0.642772912979 -1.0
0.706441879272 -1.0
0.70685005188 1.0
0.731108903885 -1.0
0.789806842804 -1.0
0.829653978348 1.0
0.854219913483 -1.0
0.854743003845 1.0
0.89115691185 -1.0
0.921928882599 -1.0
0.921938896179 1.0
0.94830083847 -1.0
1.0131289959 -1.0
1.04484391212 -1.0
1.04528188705 1.0
1.07179999352 -1.0
1.13702487946 -1.0
1.22201395035 -1.0
1.2223918438 1.0
1.24574804306 -1.0
1.30946993828 -1.0
1.39292192459 -1.0
1.43368601799 1.0
1.49043107033 -1.0
1.54566884041 -1.0
1.54569602013 1.0
1.54572701454 -1.0
1.55463004112 -1.0
1.55823802948 1.0
1.5711479187 -1.0
1.58442997932 -1.0
1.59593200684 -1.0
1.61718988419 1.0
1.64132499695 -1.0
1.64169287682 -1.0
1.69612598419 -1.0
1.69872093201 1.0
1.72289896011 -1.0
1.74498987198 -1.0
1.75012588501 -1.0
1.75015306473 1.0
1.77171397209 -1.0
1.80435085297 -1.0
1.80473399162 1.0
1.86548304558 -1.0
1.8842048645 -1.0
1.90537405014 -1.0
1.94166302681 1.0
1.96399188042 -1.0
2.02478694916 -1.0
2.02735185623 1.0
2.05186891556 -1.0
2.09112691879 -1.0
2.09115099907 -1.0
2.09116888046 1.0
2.11229205132 -1.0
2.11311507225 -1.0
2.11312103271 1.0
2.13765597343 -1.0
2.18749189377 -1.0
2.18795704842 1.0
2.24899601936 -1.0
2.25901794434 -1.0
2.32213401794 -1.0
2.32255101204 1.0
2.35856986046 -1.0
2.42131304741 -1.0
2.69030499458 -1.0
2.69095301628 1.0
2.71510505676 -1.0
2.73860692978 -1.0
2.7825448513 -1.0
2.82169485092 1.0
2.84715986252 -1.0
2.92303705215 -1.0
2.92305207253 1.0
2.94720387459 -1.0
3.23383593559 -1.0
3.23443984985 1.0
3.2571439743 -1.0
3.28178095818 -1.0
3.35435891151 -1.0
3.35470795631 1.0
3.38123488426 -1.0
3.40507602692 -1.0
3.61714506149 1.0
3.63773393631 -1.0
3.64173293114 -1.0
3.69940495491 -1.0
3.69941401482 1.0
3.72421789169 -1.0
3.74401497841 -1.0
3.74441099167 1.0
3.79175806046 -1.0
3.85501503944 -1.0
3.85502505302 1.0
3.90670490265 -1.0
3.99009394646 -1.0
3.9901099205 1.0
4.01667785645 -1.0
4.05368185043 1.0
4.05429792404 -1.0
4.08019590378 -1.0
4.33011102676 -1.0
4.33013391495 1.0
4.35613703728 -1.0
4.35614490509 1.0
4.38112306595 -1.0
4.43938302994 -1.0
4.50164198875 -1.0
4.50165200233 1.0
4.54476189613 -1.0
4.54477405548 1.0
4.55207896233 -1.0
4.60528588295 -1.0
4.60529494286 1.0
4.62987399101 -1.0
4.63196492195 -1.0
4.63197398186 1.0
4.65779304504 -1.0
4.70232486725 -1.0
4.70233488083 1.0
4.73722505569 -1.0
4.79644489288 -1.0
4.79646086693 1.0
4.82203197479 -1.0
4.84837698936 -1.0
4.88565993309 1.0
5.04392695427 -1.0
5.10639691353 -1.0
5.10641002655 1.0
5.12211489677 -1.0
5.17088294029 -1.0
5.20640397072 -1.0
5.24569106102 1.0
5.271682024 -1.0
5.33451604843 -1.0
5.33494091034 1.0
5.39742684364 -1.0
5.52171087265 1.0
5.54757189751 -1.0
5.57217597961 -1.0
5.62733101845 1.0
5.65213990211 -1.0
5.65224504471 -1.0
5.70255684853 -1.0
5.7029440403 1.0
5.76714301109 -1.0
5.77621197701 -1.0
6.01613593102 -1.0
6.01616096497 1.0
6.03856086731 -1.0
6.03857207298 1.0
6.06129384041 -1.0
6.21875500679 -1.0
6.30904793739 -1.0
6.30906105042 1.0
6.43619298935 -1.0
6.43664097786 1.0
6.46191501617 -1.0
6.54928588867 -1.0
6.54929494858 1.0
6.57521295547 -1.0
6.64196395874 -1.0
6.64220905304 -1.0
6.64257597923 1.0
6.66889405251 -1.0
6.69485998154 -1.0
6.69488406181 1.0
6.7574160099 -1.0
6.78168392181 -1.0
6.80417990685 -1.0
6.84166193008 1.0
6.86489391327 -1.0
6.98226189613 -1.0
6.9823050499 1.0
7.13594794273 -1.0
7.19762992859 -1.0
7.20592093468 -1.0
7.20631885529 1.0
7.23175501823 -1.0
7.25744390488 -1.0
7.27405786514 -1.0
7.31366086006 1.0
7.3388569355 -1.0
7.40298700333 -1.0
7.40593004227 1.0
7.42796897888 -1.0
7.4862549305 -1.0
7.61584687233 -1.0
7.61703395844 1.0
7.64179205894 -1.0
7.64400196075 -1.0
7.68166184425 1.0
7.70553398132 -1.0
7.72978496552 -1.0
7.81497192383 -1.0
7.81547999382 1.0
7.83909392357 -1.0
7.9825220108 -1.0
8.00699305534 -1.0
8.04569506645 1.0
8.31765794754 -1.0
8.31782889366 1.0
8.37762784958 -1.0
8.64246892929 -1.0
8.64248394966 1.0
8.66752004623 -1.0
8.66932892799 -1.0
8.73485994339 -1.0
8.74348402023 -1.0
8.7438929081 1.0
8.76498889923 -1.0
8.82678985596 -1.0
8.84910392761 -1.0
8.84911298752 1.0
8.87212204933 -1.0
8.92175388336 -1.0
9.03922104836 -1.0
9.0392370224 1.0
9.15670394897 -1.0
9.25972390175 -1.0
9.25973987579 1.0
9.64462900162 -1.0
9.64554095268 -1.0
9.64555191994 1.0
9.71010804176 -1.0
9.90147089958 -1.0
9.90198087692 1.0
9.92179989815 -1.0
10.3916330338 -1.0
15.3297319412 -1.0
15.3297600746 1.0
15.5003769398 -1.0
16.3172779083 -1.0
16.3173029423 1.0
