0.0378038883209 -1.0
0.0750060081482 1.0
0.123832941055 -1.0
0.187419891357 -1.0
0.250393867493 -1.0
0.269130945206 -1.0
0.313261985779 -1.0
0.334573030472 -1.0
0.373291015625 -1.0
0.442730903625 -1.0
0.509253978729 -1.0
0.509272813797 1.0
0.53852891922 -1.0
0.607893943787 -1.0
0.67323589325 -1.0
0.697021961212 -1.0
0.723676919937 -1.0
0.809711933136 -1.0
0.862520933151 -1.0
0.95251083374 -1.0
0.982548952103 -1.0
0.982931852341 1.0
1.04931902885 -1.0
1.05814886093 -1.0
1.08655500412 -1.0
1.12018299103 -1.0
1.18620300293 -1.0
1.29172182083 -1.0
1.32216382027 -1.0
1.3813970089 -1.0
1.46419382095 -1.0
1.47501897812 -1.0
1.49365091324 -1.0
1.55816197395 -1.0
1.79567885399 -1.0
1.82040500641 -1.0
1.84391093254 -1.0
1.8439218998 -1.0
1.84394097328 1.0
1.84589385986 -1.0
1.91035294533 -1.0
1.9352118969 -1.0
1.96142888069 -1.0
1.96191000938 -1.0
2.01427483559 -1.0
2.01445698738 -1.0
2.01455903053 -1.0
2.02502894402 -1.0
2.03869891167 -1.0
2.09877204895 -1.0
2.12435388565 -1.0
2.16151785851 -1.0
2.1630358696 1.0
2.1877758503 -1.0
2.22755384445 -1.0
2.2588160038 -1.0
2.28554201126 -1.0
2.42433595657 -1.0
2.45006990433 -1.0
2.46295189857 -1.0
2.67054390907 -1.0
2.69716382027 -1.0
2.76168990135 -1.0
2.78858304024 -1.0
2.79014086723 -1.0
2.79054498672 1.0
2.85337996483 -1.0
2.86638498306 -1.0
2.89202094078 -1.0
2.9228348732 -1.0
2.95019483566 -1.0
2.97611284256 -1.0
3.03206682205 -1.0
3.06103587151 -1.0
3.12385702133 -1.0
3.22973704338 -1.0
3.29052901268 -1.0
3.35412597656 -1.0
3.35414004326 1.0
3.37631392479 -1.0
3.38422298431 -1.0
3.44584393501 -1.0
3.52781701088 -1.0
3.58972001076 -1.0
3.95084881783 -1.0
3.95152282715 -1.0
3.97632193565 -1.0
4.00264692307 -1.0
4.06586289406 -1.0
4.0794210434 -1.0
4.09137797356 -1.0
4.11560201645 -1.0
4.1550090313 1.0
4.17450094223 -1.0
4.17635893822 -1.0
4.23768901825 -1.0
4.24365091324 -1.0
4.26777482033 -1.0
4.43756103516 -1.0
4.46386003494 -1.0
4.49124503136 -1.0
4.63089084625 -1.0
4.75522089005 -1.0
4.92328882217 -1.0
4.92574381828 1.0
4.95095300674 -1.0
4.95133495331 -1.0
5.01405000687 -1.0
5.01701283455 -1.0
5.01918387413 -1.0
5.04229593277 -1.0
5.06915402412 -1.0
5.10055685043 -1.0
5.13651800156 -1.0
5.56839799881 -1.0
5.56887292862 1.0
5.63379788399 -1.0
5.86157083511 -1.0
5.88637089729 -1.0
5.91033101082 -1.0
5.9507958889 -1.0
5.951212883 -1.0
5.99587988853 -1.0
6.05822896957 -1.0
6.08383584023 -1.0
6.10603284836 -1.0
6.16846299171 -1.0
6.21763181686 -1.0
6.24584889412 -1.0
6.24585700035 1.0
6.31374788284 -1.0
6.34463596344 -1.0
6.37111592293 -1.0
6.39724397659 -1.0
6.44343495369 -1.0
6.50895190239 -1.0
6.55577588081 -1.0
6.61783504486 -1.0
6.67166304588 -1.0
6.73407483101 -1.0
6.76618003845 -1.0
6.8030769825 1.0
6.8287730217 -1.0
6.90261888504 -1.0
6.93213701248 -1.0
6.95825481415 -1.0
6.99715995789 -1.0
7.0556499958 -1.0
7.11810803413 -1.0
7.15121293068 -1.0
7.18399000168 -1.0
7.45589590073 -1.0
7.45591402054 1.0
7.5225148201 -1.0
7.54762387276 -1.0
7.75714302063 -1.0
7.87365984917 -1.0
7.9504468441 -1.0
7.95059895515 -1.0
8.01395797729 -1.0
8.01900887489 -1.0
8.08349204063 -1.0
8.08392691612 1.0
8.11023783684 -1.0
8.23544192314 -1.0
15.6710698605 -1.0
15.755439043 -1.0
19.9486579895 -1.0
19.9487318993 -1.0
19.9488549232 -1.0
19.9744818211 -1.0
25.9501259327 -1.0
25.9543838501 -1.0
25.9547710419 1.0
26.0160720348 -1.0
26.0923578739 -1.0
26.1184170246 -1.0
26.3382818699 -1.0
