0.00246906280518 -1.0
0.147119998932 -1.0
0.186608076096 1.0
0.211894989014 -1.0
0.286633014679 -1.0
0.347537994385 -1.0
0.353538990021 -1.0
0.404735088348 -1.0
0.472434997559 -1.0
0.515031099319 -1.0
0.540740013123 -1.0
0.603960990906 -1.0
0.633136034012 -1.0
0.633627176285 1.0
0.655915021896 -1.0
0.691660165787 -1.0
0.700807094574 -1.0
0.709123134613 -1.0
0.716170072556 -1.0
0.754194974899 -1.0
0.819846153259 -1.0
0.846767187119 -1.0
0.846789121628 -1.0
0.88338303566 -1.0
0.947956085205 -1.0
0.964246034622 -1.0
0.992089033127 -1.0
1.03460812569 1.0
1.04128098488 -1.0
1.04130911827 -1.0
1.05459809303 -1.0
1.05673003197 -1.0
1.08026719093 -1.0
1.14240813255 -1.0
1.18182110786 -1.0
1.24646997452 -1.0
1.30657911301 -1.0
1.3850030899 -1.0
1.50918698311 -1.0
1.90718007088 -1.0
1.97005200386 1.0
2.03455305099 -1.0
2.15930008888 -1.0
2.18376517296 -1.0
2.18385314941 -1.0
2.20794010162 -1.0
2.20854520798 -1.0
2.27254414558 -1.0
2.27367401123 -1.0
2.29523015022 -1.0
2.3038020134 -1.0
2.35455417633 -1.0
2.35456204414 1.0
2.36695218086 -1.0
2.37454819679 -1.0
2.38687419891 -1.0
2.40726518631 -1.0
2.42995810509 -1.0
2.47300314903 -1.0
2.51980519295 -1.0
2.57864713669 -1.0
2.64906001091 -1.0
2.71061706543 -1.0
2.77480816841 -1.0
2.78392219543 -1.0
2.82260608673 1.0
2.85518312454 -1.0
2.9206161499 -1.0
2.99496102333 -1.0
3.05867505074 -1.0
3.12303519249 -1.0
3.14730811119 -1.0
3.16982102394 -1.0
3.30844020844 -1.0
3.46085309982 -1.0
3.68459606171 -1.0
3.71191215515 -1.0
3.71227312088 -1.0
3.77473402023 -1.0
3.78050017357 -1.0
3.7808701992 1.0
3.80492520332 -1.0
4.02892112732 -1.0
4.05221605301 -1.0
4.40130901337 -1.0
4.42493009567 -1.0
4.77485013008 -1.0
4.79796099663 -1.0
4.82088398933 -1.0
4.98496603966 -1.0
4.99308919907 -1.0
5.04801511765 -1.0
5.07479810715 -1.0
5.09780311584 -1.0
5.12329411507 -1.0
5.12367510796 1.0
5.16173815727 -1.0
5.22219920158 -1.0
5.28298306465 -1.0
5.45621919632 -1.0
5.48097610474 -1.0
5.50547719002 -1.0
5.65345811844 -1.0
5.75870704651 -1.0
5.76763010025 -1.0
5.96602511406 -1.0
5.99091601372 -1.0
5.99092507362 1.0
5.99120497704 -1.0
6.05089902878 -1.0
6.05529808998 -1.0
6.07807612419 -1.0
6.10323309898 -1.0
6.10966110229 -1.0
6.13586997986 -1.0
6.16709518433 -1.0
6.19291114807 -1.0
6.25172901154 -1.0
6.31646299362 -1.0
6.33108901978 -1.0
6.3415210247 -1.0
6.37060213089 1.0
6.39624500275 -1.0
6.46522498131 -1.0
6.52711200714 -1.0
6.9728410244 -1.0
6.99362421036 -1.0
7.01734614372 -1.0
7.08038020134 -1.0
7.11263608932 -1.0
7.17418408394 -1.0
7.19907999039 -1.0
7.2354631424 -1.0
7.30095100403 -1.0
7.30096006393 1.0
7.36303210258 -1.0
7.6836130619 -1.0
7.70814418793 -1.0
7.73212814331 -1.0
7.92783904076 -1.0
7.99083518982 -1.0
7.99501109123 -1.0
7.99502921104 -1.0
7.99505805969 -1.0
7.99506211281 1.0
7.99539017677 -1.0
8.01705598831 -1.0
8.01763510704 -1.0
8.05593109131 -1.0
8.08024120331 -1.0
8.08144497871 -1.0
8.10650110245 -1.0
8.1330871582 -1.0
8.15914702415 -1.0
8.22373509407 -1.0
8.28864908218 -1.0
8.34928607941 -1.0
8.36987900734 -1.0
9.17698597908 -1.0
9.19745898247 -1.0
9.19747710228 1.0
9.21740317345 -1.0
9.44412899017 -1.0
9.54522109032 -1.0
9.69958615303 -1.0
9.99327611923 -1.0
9.99344706535 -1.0
10.0249021053 -1.0
10.0832359791 -1.0
10.0907740593 -1.0
15.7529761791 -1.0
15.7944250107 -1.0
15.7944431305 1.0
