0.0252840518951 -1.0
0.0252950191498 1.0
0.0472350120544 -1.0
0.0472431182861 -1.0
0.09330701828 -1.0
0.151883125305 -1.0
0.194770097733 -1.0
0.202316999435 -1.0
0.226289987564 -1.0
0.249649047852 -1.0
0.273123025894 -1.0
0.337103128433 -1.0
0.359085083008 -1.0
0.421760082245 -1.0
0.425050020218 -1.0
0.486730098724 -1.0
0.526009082794 1.0
0.548002004623 -1.0
0.576112985611 -1.0
0.618422985077 -1.0
0.664183139801 -1.0
0.679368972778 -1.0
0.723854064941 -1.0
0.773292064667 -1.0
0.835844993591 -1.0
0.841564178467 -1.0
0.883898019791 -1.0
0.97752904892 -1.0
0.978276968002 1.0
1.04000711441 -1.0
1.10053896904 -1.0
1.1220061779 -1.0
1.16638207436 -1.0
1.16868400574 -1.0
1.18375396729 -1.0
1.20441102982 -1.0
1.22858715057 -1.0
1.23309612274 -1.0
1.27906894684 -1.0
1.33935117722 -1.0
1.37297701836 1.0
1.39533901215 -1.0
1.45900511742 -1.0
1.50043797493 -1.0
1.61663007736 -1.0
1.64001512527 -1.0
1.66604614258 -1.0
1.72814297676 -1.0
1.74940109253 -1.0
1.77340698242 -1.0
1.77343797684 -1.0
1.79666900635 -1.0
1.79722905159 1.0
1.86003398895 -1.0
1.91118216515 -1.0
1.95908308029 -1.0
1.97700095177 -1.0
2.02410006523 -1.0
2.04534602165 -1.0
2.0498290062 -1.0
2.06231999397 -1.0
2.06941509247 -1.0
2.12437200546 -1.0
2.13046097755 -1.0
2.13086509705 1.0
2.18974494934 -1.0
2.22011303902 -1.0
2.32559609413 -1.0
2.36936211586 -1.0
2.36940002441 -1.0
2.39481902122 -1.0
2.45708203316 -1.0
2.46391010284 -1.0
2.47905302048 -1.0
2.50312805176 -1.0
2.52625417709 -1.0
2.59414815903 -1.0
2.5942530632 1.0
2.64564394951 -1.0
2.77041602135 -1.0
2.83269500732 -1.0
2.85929512978 -1.0
3.06315302849 -1.0
3.08816099167 -1.0
3.08865118027 -1.0
3.13975214958 -1.0
3.19168710709 -1.0
3.25855398178 -1.0
3.41324114799 -1.0
3.41380405426 1.0
3.47757601738 -1.0
3.52282500267 -1.0
3.54615998268 -1.0
3.57012701035 -1.0
3.62993001938 -1.0
3.69029116631 -1.0
3.77070713043 -1.0
3.79675507545 -1.0
3.79714417458 -1.0
3.86058115959 -1.0
3.88272309303 -1.0
3.90543699265 -1.0
3.98605298996 -1.0
4.01243901253 -1.0
4.0623459816 1.0
4.08835196495 -1.0
4.08885097504 -1.0
4.12323307991 -1.0
4.18011808395 -1.0
4.23853611946 -1.0
4.30132102966 -1.0
4.36034417152 -1.0
4.46256113052 -1.0
4.5882461071 -1.0
4.75238204002 -1.0
4.7789349556 -1.0
4.9415500164 -1.0
4.9653069973 -1.0
4.96531701088 1.0
4.98783397675 -1.0
5.08679103851 -1.0
5.08688116074 -1.0
5.14120101929 -1.0
5.17205905914 -1.0
5.23349905014 -1.0
5.27611708641 -1.0
5.33913302422 -1.0
5.40297317505 -1.0
5.46856307983 -1.0
5.49463510513 -1.0
5.99585795403 -1.0
5.996530056 1.0
6.02302908897 -1.0
6.04749011993 -1.0
6.08502912521 -1.0
6.08546710014 -1.0
6.14609599113 -1.0
6.15205812454 -1.0
6.17519307137 -1.0
6.240473032 -1.0
6.25382113457 -1.0
6.3149471283 -1.0
6.42741894722 -1.0
6.42797803879 1.0
6.4537730217 -1.0
6.53295207024 -1.0
6.55965399742 -1.0
6.58586716652 -1.0
6.62978100777 -1.0
6.7150080204 -1.0
6.80866098404 -1.0
6.83134102821 -1.0
6.88842010498 -1.0
6.91845202446 -1.0
6.9385061264 -1.0
7.05123901367 -1.0
7.07711696625 -1.0
7.10132813454 -1.0
7.10184717178 -1.0
7.10220599174 1.0
7.14446306229 -1.0
7.20852303505 -1.0
7.22096300125 -1.0
7.23247313499 -1.0
7.29447007179 -1.0
7.33403611183 -1.0
7.41149115562 -1.0
7.47436213493 -1.0
7.53867602348 -1.0
7.60198116302 -1.0
8.08693504333 -1.0
8.08695316315 1.0
8.12889695168 -1.0
8.19264411926 -1.0
8.93888497353 -1.0
12.0803961754 -1.0
12.0804200172 -1.0
12.0804281235 -1.0
12.1051280499 -1.0
15.9035141468 -1.0
15.9902009964 -1.0
16.0129129887 -1.0
16.037140131 -1.0
16.0371470451 1.0
