0.00365900993347 1.0
0.00847196578979 -1.0
0.0151741504669 -1.0
0.0357270240784 -1.0
0.0400750637054 -1.0
0.076966047287 -1.0
0.102131128311 -1.0
0.160146951675 -1.0
0.224714994431 -1.0
0.263339996338 -1.0
0.285825967789 -1.0
0.29225897789 -1.0
0.292281150818 1.0
0.313405990601 -1.0
0.339460134506 -1.0
0.399579048157 -1.0
0.407227993011 -1.0
0.499486923218 -1.0
0.560886144638 -1.0
0.588758945465 -1.0
0.652657985687 -1.0
0.679794073105 -1.0
0.702542066574 -1.0
0.703315019608 1.0
0.726392030716 -1.0
0.760344982147 -1.0
0.816879987717 -1.0
0.844689130783 -1.0
0.868457078934 -1.0
0.870006084442 -1.0
0.904848098755 -1.0
0.941704034805 -1.0
0.979427099228 -1.0
1.01605701447 1.0
1.04625701904 -1.0
1.10752391815 -1.0
1.11672306061 -1.0
1.17356610298 -1.0
1.2013759613 -1.0
1.22673892975 -1.0
1.27426695824 -1.0
1.30659794807 -1.0
1.32151198387 -1.0
1.32153010368 -1.0
1.33666396141 -1.0
1.34748005867 -1.0
1.36522293091 -1.0
1.36524796486 1.0
1.37844204903 -1.0
1.40519404411 -1.0
1.46873211861 -1.0
1.49559998512 -1.0
1.52155995369 -1.0
1.54558396339 -1.0
1.55383896828 -1.0
1.57087492943 -1.0
1.59620594978 -1.0
1.65689706802 -1.0
1.65735197067 1.0
1.67779302597 -1.0
1.71802306175 -1.0
1.73692512512 -1.0
1.77591013908 -1.0
1.83282804489 -1.0
1.96531510353 -1.0
2.02843093872 -1.0
2.05049300194 -1.0
2.0919380188 -1.0
2.13223695755 -1.0
2.27908396721 -1.0
2.32007002831 1.0
2.39287400246 -1.0
2.61861991882 -1.0
2.68380999565 -1.0
2.70427203178 -1.0
2.8440990448 -1.0
2.8450319767 -1.0
2.8910651207 -1.0
2.95165514946 -1.0
3.00682806969 -1.0
3.15416693687 -1.0
3.28252696991 -1.0
3.35098910332 -1.0
3.35155296326 1.0
3.37927007675 -1.0
3.84649300575 -1.0
3.84668707848 -1.0
3.90080595016 -1.0
3.96551704407 -1.0
4.04567503929 -1.0
4.30711197853 -1.0
4.33395695686 -1.0
4.3605389595 -1.0
4.55954194069 -1.0
4.70389008522 -1.0
4.81901502609 1.0
4.84212207794 -1.0
4.84263014793 -1.0
4.86656904221 -1.0
4.90383911133 -1.0
4.92781805992 -1.0
4.97301793098 -1.0
4.97439312935 -1.0
5.03660011292 -1.0
5.06754398346 -1.0
5.09096193314 -1.0
5.09147691727 1.0
5.11307191849 -1.0
5.13597893715 -1.0
5.26721310616 -1.0
5.4058110714 -1.0
5.46913695335 -1.0
5.49555110931 -1.0
5.55525803566 -1.0
5.579652071 -1.0
5.60376310349 -1.0
5.63970112801 -1.0
5.70084309578 -1.0
5.8040831089 -1.0
5.83113408089 -1.0
5.83114504814 1.0
5.85619902611 -1.0
5.91104412079 -1.0
5.95472812653 -1.0
5.97762012482 -1.0
6.016051054 -1.0
6.03995299339 -1.0
6.0604300499 -1.0
6.13263893127 -1.0
6.19741511345 -1.0
6.45357108116 -1.0
6.47849297523 -1.0
6.50294709206 -1.0
6.71194410324 -1.0
6.74806594849 1.0
6.84283804893 -1.0
6.84388399124 -1.0
6.89776301384 -1.0
6.92392492294 -1.0
6.97500514984 -1.0
7.03389310837 -1.0
7.1039891243 -1.0
7.1241300106 -1.0
7.31909513474 -1.0
7.34628105164 -1.0
7.37222695351 -1.0
7.50225496292 -1.0
7.54012107849 1.0
7.63444399834 -1.0
7.75862908363 -1.0
7.7814810276 -1.0
7.82383513451 -1.0
7.87611293793 -1.0
7.88542914391 -1.0
7.90117406845 -1.0
7.92741703987 -1.0
7.95505905151 -1.0
8.01497197151 -1.0
8.08954811096 -1.0
8.12806510925 1.0
8.84422898293 -1.0
8.89596700668 -1.0
8.96134209633 -1.0
9.05600810051 -1.0
9.84339213371 -1.0
9.84387993813 -1.0
9.89540696144 -1.0
9.95239496231 -1.0
10.0536739826 -1.0
10.0920679569 1.0
15.556153059 -1.0
15.5802371502 -1.0
15.6035830975 -1.0
15.6426501274 -1.0
15.9642839432 -1.0
15.9891951084 -1.0
17.4072561264 -1.0
17.4321799278 -1.0
31.8411741257 -1.0
31.8413391113 -1.0
