0.0175969600677 -1.0
0.0176179409027 1.0
0.0774219036102 -1.0
0.0979948043823 -1.0
0.101677894592 -1.0
0.168329000473 -1.0
0.175350904465 -1.0
0.195180892944 -1.0
0.222586870193 -1.0
0.246981859207 -1.0
0.297488927841 -1.0
0.361430883408 -1.0
0.383957862854 -1.0
0.420568943024 1.0
0.421971797943 -1.0
0.422002792358 -1.0
0.444219827652 -1.0
0.477439880371 -1.0
0.503498792648 -1.0
0.556150913239 -1.0
0.6134288311 -1.0
0.639481782913 -1.0
0.66144990921 -1.0
0.661817789078 -1.0
0.707998991013 -1.0
0.708444833755 1.0
0.766272783279 -1.0
0.801902770996 -1.0
0.857550859451 -1.0
1.04636788368 -1.0
1.11180996895 -1.0
1.17058777809 -1.0
1.19158387184 -1.0
1.33442878723 -1.0
1.36063289642 -1.0
1.40861582756 -1.0
1.46630096436 -1.0
1.49889183044 -1.0
1.49935078621 1.0
1.52277684212 -1.0
1.63615489006 -1.0
1.65792393684 -1.0
1.68004083633 -1.0
1.68023586273 -1.0
1.7027888298 -1.0
1.7266998291 -1.0
1.78991293907 -1.0
1.79167795181 -1.0
1.81485486031 -1.0
1.8573949337 -1.0
1.9212539196 -1.0
1.98603987694 -1.0
1.98687982559 1.0
2.04971790314 -1.0
2.0527818203 -1.0
2.20742893219 -1.0
2.23551988602 -1.0
2.29774689674 -1.0
2.40522193909 -1.0
2.46566796303 -1.0
2.77106785774 -1.0
2.79660487175 -1.0
2.84904980659 -1.0
2.9138379097 -1.0
2.9400908947 -1.0
3.12827086449 -1.0
3.34214091301 -1.0
3.39695191383 -1.0
3.39696288109 1.0
3.42225694656 -1.0
3.44690799713 -1.0
3.55641388893 -1.0
3.66372895241 -1.0
3.66551685333 -1.0
3.71991491318 -1.0
3.78583288193 -1.0
3.79429388046 -1.0
3.86111187935 -1.0
4.08154177666 -1.0
4.08156991005 1.0
4.23172092438 -1.0
4.25961780548 -1.0
4.68598794937 -1.0
4.68659377098 -1.0
4.72969388962 -1.0
4.79073882103 -1.0
4.87100982666 -1.0
4.9279859066 -1.0
5.0126748085 -1.0
5.01490783691 1.0
5.0568728447 -1.0
5.33386683464 -1.0
5.34158587456 -1.0
5.61087489128 -1.0
5.63726186752 -1.0
5.66547298431 -1.0
5.72396993637 -1.0
5.98092079163 -1.0
6.00760483742 -1.0
6.03549790382 -1.0
6.06707692146 -1.0
6.13494181633 -1.0
6.13495182991 1.0
6.2030069828 -1.0
6.27405691147 -1.0
6.45007991791 -1.0
6.48349285126 -1.0
6.51453995705 -1.0
6.6363658905 -1.0
6.67472195625 -1.0
6.67570590973 -1.0
6.75483298302 -1.0
6.77217578888 -1.0
6.8532409668 -1.0
6.89935278893 -1.0
6.90035796165 -1.0
6.90078377724 1.0
6.97806596756 -1.0
6.99699997902 -1.0
7.03600883484 -1.0
7.11824989319 -1.0
7.15981197357 -1.0
7.23648190498 -1.0
7.89930081367 -1.0
7.99021196365 -1.0
8.04563784599 -1.0
8.16131186485 -1.0
8.27970194817 -1.0
8.42984485626 -1.0
8.42986893654 1.0
8.47420787811 -1.0
8.68538999557 -1.0
8.6855700016 -1.0
8.73410797119 -1.0
8.81888580322 -1.0
8.82536482811 -1.0
8.86280894279 -1.0
8.90762495995 -1.0
9.04023790359 -1.0
9.1088809967 -1.0
9.15114784241 -1.0
9.33900094032 -1.0
9.33902788162 1.0
9.35913896561 -1.0
9.63105678558 -1.0
9.65693879128 -1.0
9.66509985924 -1.0
9.66540884972 -1.0
9.66584396362 -1.0
9.68124485016 -1.0
9.68812584877 -1.0
9.68950796127 -1.0
9.73515295982 -1.0
9.79477477074 -1.0
9.83252382278 1.0
9.85772681236 -1.0
9.91737484932 -1.0
9.98754191399 -1.0
10.666041851 -1.0
10.7108860016 -1.0
10.7700009346 -1.0
15.4177098274 -1.0
15.461673975 -1.0
15.4616818428 1.0
