0.0226690769196 1.0
0.0406529903412 -1.0
0.061460018158 -1.0
0.148241043091 -1.0
0.169647932053 -1.0
0.22674202919 -1.0
0.226978063583 -1.0
0.25883603096 -1.0
0.322593927383 -1.0
0.341533899307 -1.0
0.398230075836 -1.0
0.455729007721 -1.0
0.484919071198 -1.0
0.52774310112 -1.0
0.527767896652 1.0
0.544066905975 -1.0
0.559984922409 -1.0
0.581199884415 -1.0
0.62459897995 -1.0
0.683517932892 -1.0
0.688421964645 -1.0
0.747592926025 -1.0
0.751765012741 -1.0
0.783367872238 -1.0
0.800705909729 -1.0
0.80291891098 -1.0
0.803020000458 1.0
0.864753961563 -1.0
0.889833927155 -1.0
0.946553945541 -1.0
1.07461595535 -1.0
1.13570094109 -1.0
1.1950879097 -1.0
1.28692793846 -1.0
1.35072588921 -1.0
1.40668797493 -1.0
1.63504505157 -1.0
1.69429397583 -1.0
1.78638195992 -1.0
1.8089659214 -1.0
1.80934596062 -1.0
1.809705019 1.0
1.84533500671 -1.0
1.90316200256 -1.0
1.93355703354 -1.0
1.93393206596 -1.0
1.98239398003 -1.0
2.03639292717 -1.0
2.09475588799 -1.0
2.16436100006 -1.0
2.79979991913 -1.0
2.82009387016 -1.0
2.84015107155 -1.0
2.91312599182 1.0
2.93301606178 -1.0
2.93362903595 -1.0
2.97689604759 -1.0
3.03435087204 -1.0
3.05430388451 -1.0
3.09098291397 -1.0
3.16554498672 -1.0
3.18610191345 -1.0
3.28019499779 -1.0
3.30182003975 -1.0
3.30208802223 -1.0
3.33866405487 1.0
3.35809993744 -1.0
3.37946009636 -1.0
3.71637892723 -1.0
3.7385559082 -1.0
3.75952887535 -1.0
3.83680987358 -1.0
3.85778594017 -1.0
3.91481208801 -1.0
3.91726899147 -1.0
3.93615007401 -1.0
3.97420597076 -1.0
3.97421598434 1.0
3.98552203178 -1.0
4.00523805618 -1.0
4.03664898872 -1.0
4.09408307076 -1.0
4.19063401222 -1.0
4.21450304985 -1.0
4.26532793045 -1.0
4.32687091827 -1.0
4.35068488121 -1.0
4.48110103607 -1.0
4.53897094727 -1.0
4.56334209442 -1.0
4.56377387047 1.0
4.62306404114 -1.0
4.92919206619 -1.0
4.94994091988 -1.0
4.97153902054 -1.0
4.98801803589 -1.0
5.04420304298 -1.0
5.12864303589 -1.0
5.17377996445 -1.0
5.19516897202 -1.0
5.38096094131 -1.0
5.40298104286 -1.0
5.40300703049 1.0
5.42413401604 -1.0
5.58474206924 -1.0
5.71016693115 -1.0
5.85481190681 -1.0
5.87817287445 -1.0
5.87881708145 -1.0
5.9147400856 -1.0
5.93546009064 -1.0
5.99280810356 -1.0
6.01367688179 -1.0
6.02466607094 -1.0
6.06184005737 -1.0
6.06223392487 1.0
6.11941695213 -1.0
6.18974399567 -1.0
6.20976209641 -1.0
6.2292509079 -1.0
6.30235505104 -1.0
6.35843396187 -1.0
6.43274307251 -1.0
6.45509409904 -1.0
6.5142800808 -1.0
6.57128310204 -1.0
6.57267689705 -1.0
6.63127207756 -1.0
6.77512907982 -1.0
6.83220410347 -1.0
7.17593193054 -1.0
7.17649793625 1.0
7.19589996338 -1.0
7.21589708328 -1.0
7.57803988457 -1.0
7.67538905144 -1.0
7.77727293968 -1.0
7.79842090607 -1.0
7.93364691734 -1.0
7.93479800224 -1.0
7.99184393883 -1.0
8.03576087952 -1.0
8.05627298355 -1.0
8.18849396706 -1.0
8.42384696007 -1.0
8.42387509346 1.0
8.44490599632 -1.0
8.46554899216 -1.0
8.62561893463 -1.0
8.74545192719 -1.0
8.84275197983 -1.0
8.86480593681 -1.0
8.9339120388 -1.0
8.93424987793 -1.0
8.96882295609 -1.0
9.02760195732 -1.0
9.05678200722 -1.0
9.09474492073 1.0
9.1349260807 -1.0
9.15676498413 -1.0
9.17862200737 -1.0
9.33562302589 -1.0
9.39414405823 -1.0
9.93334698677 -1.0
9.93393397331 -1.0
9.99270606041 -1.0
10.0009849072 -1.0
10.0211040974 -1.0
10.1606049538 -1.0
15.6521730423 -1.0
15.6521990299 1.0
15.6955308914 -1.0
15.7153320312 -1.0
17.9322590828 -1.0
17.9322910309 -1.0
17.9524450302 -1.0
