0.00376391410828 -1.0
0.0808820724487 -1.0
0.0812480449677 1.0
0.101254940033 -1.0
0.143482923508 -1.0
0.165386915207 -1.0
0.185564041138 -1.0
0.19367313385 -1.0
0.252314090729 -1.0
0.27189207077 -1.0
0.274505138397 -1.0
0.274522066116 -1.0
0.292988061905 -1.0
0.293110132217 1.0
0.314607143402 -1.0
0.338233947754 -1.0
0.359511137009 -1.0
0.401468038559 -1.0
0.440097093582 -1.0
0.453884124756 -1.0
0.46618103981 -1.0
0.473873138428 -1.0
0.49453496933 -1.0
0.531842947006 -1.0
0.555423021317 -1.0
0.574939966202 -1.0
0.575855016708 1.0
0.635009050369 -1.0
0.664209127426 -1.0
0.723808050156 -1.0
0.769701957703 -1.0
0.828705072403 -1.0
0.887043952942 -1.0
1.00740003586 -1.0
1.06351995468 -1.0
1.12169599533 -1.0
1.12800502777 -1.0
1.14906311035 -1.0
1.16910099983 -1.0
1.16945409775 1.0
1.19051599503 -1.0
1.21000814438 -1.0
1.22956609726 -1.0
1.24946308136 -1.0
1.27199101448 -1.0
1.33115291595 -1.0
1.35116696358 -1.0
1.37345314026 -1.0
1.40584802628 -1.0
1.42896199226 -1.0
1.4869761467 -1.0
1.48698496819 1.0
1.50647091866 -1.0
1.54516005516 -1.0
1.60463809967 -1.0
1.65310311317 -1.0
1.66368913651 -1.0
1.68385791779 -1.0
1.80746006966 -1.0
2.12764501572 -1.0
2.12809896469 -1.0
2.1735830307 -1.0
2.23173093796 -1.0
2.23482608795 -1.0
2.27180314064 1.0
3.25799012184 -1.0
3.27807807922 -1.0
3.29756307602 -1.0
3.59508609772 -1.0
3.6677479744 -1.0
3.75373792648 -1.0
3.77441692352 -1.0
4.03236699104 -1.0
4.05315899849 -1.0
4.07267308235 -1.0
4.10743713379 1.0
4.12708997726 -1.0
4.12727093697 -1.0
4.1564309597 -1.0
4.19731092453 -1.0
4.26428413391 -1.0
5.0904519558 -1.0
5.11331892014 -1.0
5.16428112984 -1.0
5.17183804512 -1.0
5.1846010685 -1.0
5.18460798264 1.0
5.20527410507 -1.0
5.26354598999 -1.0
5.28536701202 -1.0
5.30657100677 -1.0
5.31956100464 -1.0
5.35628914833 -1.0
5.41574811935 -1.0
5.47113013268 -1.0
5.49654507637 -1.0
5.52289104462 -1.0
5.75984406471 1.0
5.76045107841 -1.0
5.83147311211 -1.0
6.03416013718 -1.0
6.05488109589 -1.0
6.37503600121 -1.0
6.39533305168 -1.0
6.41488599777 -1.0
6.8017821312 -1.0
6.85931706429 -1.0
7.09284806252 -1.0
7.11382007599 -1.0
7.11384010315 1.0
7.13328003883 -1.0
7.13371396065 -1.0
7.16799592972 -1.0
7.22797203064 -1.0
7.2354631424 -1.0
7.42918109894 -1.0
7.45060992241 -1.0
7.47131991386 -1.0
7.86785912514 -1.0
7.99327611923 -1.0
8.12870812416 -1.0
8.12885308266 -1.0
8.12886095047 1.0
8.15017414093 -1.0
8.18898892403 -1.0
8.2077870369 -1.0
8.20906400681 -1.0
8.22884511948 -1.0
8.26780104637 -1.0
8.71279907227 -1.0
8.73335003853 -1.0
8.75289297104 -1.0
8.90791511536 -1.0
8.94781494141 1.0
8.96763896942 -1.0
9.00457596779 -1.0
9.02459192276 -1.0
9.13196706772 -1.0
9.19178915024 -1.0
9.20155501366 -1.0
9.22203111649 -1.0
9.24146699905 -1.0
9.3132250309 -1.0
9.33317899704 -1.0
9.38893413544 -1.0
9.51267409325 -1.0
9.51268291473 1.0
9.67452311516 -1.0
10.1272530556 -1.0
10.1286489964 -1.0
10.1878919601 -1.0
10.2210850716 -1.0
10.2414629459 -1.0
10.3192470074 -1.0
10.509098053 -1.0
15.8407649994 -1.0
16.1279609203 -1.0
16.1281371117 -1.0
16.1281449795 1.0
16.1729109287 -1.0
16.2269711494 -1.0
17.1307799816 -1.0
17.1892690659 -1.0
17.2156319618 -1.0
17.2360730171 -1.0
17.4022960663 -1.0
23.1052570343 1.0
23.1250169277 -1.0
23.1250641346 -1.0
