0.0524280071259 -1.0
0.0524439811707 1.0
0.0720710754395 -1.0
0.135214090347 -1.0
0.188043117523 -1.0
0.209376096725 -1.0
0.214122056961 -1.0
0.263959169388 -1.0
0.307538032532 -1.0
0.328541994095 -1.0
0.373705148697 -1.0
0.397416114807 -1.0
0.397664070129 1.0
0.417016983032 -1.0
0.455280065536 -1.0
0.476666212082 -1.0
0.507364988327 -1.0
0.52899312973 -1.0
0.584542989731 -1.0
0.588582992554 -1.0
0.643260002136 -1.0
0.646287202835 -1.0
0.648470163345 -1.0
0.703091144562 -1.0
0.708207130432 -1.0
0.708249092102 1.0
0.727981090546 -1.0
0.747453212738 -1.0
0.787837028503 -1.0
0.849236011505 -1.0
0.859616041183 -1.0
0.916531085968 -1.0
0.966891050339 -1.0
1.024695158 -1.0
1.06092309952 -1.0
1.08145499229 -1.0
1.12048506737 1.0
1.14183998108 -1.0
1.19939303398 -1.0
1.22887420654 -1.0
1.28822803497 -1.0
1.34723305702 -1.0
1.40334010124 -1.0
1.42558813095 -1.0
1.48349308968 -1.0
1.55804109573 -1.0
1.62250804901 -1.0
1.67987704277 -1.0
1.68539404869 -1.0
1.68569397926 1.0
1.74344611168 -1.0
1.78720808029 -1.0
1.80857300758 -1.0
1.82847118378 -1.0
1.86735701561 -1.0
1.87375712395 -1.0
1.88062810898 -1.0
1.88068604469 -1.0
1.88843417168 -1.0
1.90969705582 -1.0
1.92980217934 -1.0
1.97681999207 -1.0
2.03564715385 -1.0
2.09899020195 -1.0
2.09967303276 1.0
2.1266310215 -1.0
2.18329310417 -1.0
2.22164201736 -1.0
2.27951407433 -1.0
2.30997800827 -1.0
2.33018112183 -1.0
2.37492799759 -1.0
2.3922431469 -1.0
2.41198801994 -1.0
2.43227219582 -1.0
2.4891140461 -1.0
2.55209207535 -1.0
2.59248805046 1.0
2.61322712898 -1.0
2.63609313965 -1.0
2.68428421021 -1.0
2.70457410812 -1.0
2.88525509834 -1.0
2.94355797768 -1.0
3.05944919586 -1.0
3.0595459938 -1.0
3.08430719376 -1.0
3.14059519768 -1.0
3.19994807243 -1.0
3.19995808601 1.0
3.22012901306 -1.0
3.2851600647 -1.0
3.34544610977 -1.0
3.40470004082 -1.0
3.4247751236 -1.0
4.04012298584 -1.0
4.06845211983 -1.0
4.06877207756 -1.0
4.12803220749 -1.0
4.14793515205 -1.0
4.19277501106 -1.0
4.21396017075 -1.0
4.29039001465 -1.0
4.32848119736 1.0
4.34981799126 -1.0
4.37076711655 -1.0
4.43415403366 -1.0
4.48000812531 -1.0
4.50021004677 -1.0
4.5222761631 -1.0
4.70679402351 -1.0
4.72681713104 -1.0
4.74629020691 -1.0
4.82738804817 -1.0
4.90630602837 -1.0
4.94447517395 1.0
5.03002715111 -1.0
5.05187916756 -1.0
5.05209612846 -1.0
5.10781812668 -1.0
5.10798716545 -1.0
5.12744808197 -1.0
5.14706516266 -1.0
5.19935107231 -1.0
5.25294613838 -1.0
5.31370711327 -1.0
5.34871006012 -1.0
5.34871912003 1.0
5.359634161 -1.0
5.4076859951 -1.0
5.42712211609 -1.0
5.50606608391 -1.0
5.56436300278 -1.0
5.66503119469 -1.0
5.81252717972 -1.0
5.83847999573 -1.0
5.86930918694 -1.0
5.92755413055 -1.0
5.94760203362 -1.0
5.9674282074 -1.0
6.18800902367 -1.0
6.18862819672 1.0
6.2084569931 -1.0
6.22850012779 -1.0
6.34931707382 -1.0
6.34933018684 -1.0
6.3494591713 -1.0
6.36907100677 -1.0
6.82973909378 -1.0
7.05867910385 -1.0
7.06080698967 -1.0
7.07816410065 -1.0
7.09791517258 -1.0
7.13616299629 -1.0
7.1361720562 1.0
7.15629005432 -1.0
7.2158780098 -1.0
7.24090003967 -1.0
7.34899401665 -1.0
7.36920714378 -1.0
7.91449809074 -1.0
8.1724832058 -1.0
8.17337608337 -1.0
8.22278904915 -1.0
8.27988505363 -1.0
8.32118415833 -1.0
8.36047816277 1.0
8.67752408981 -1.0
8.80700802803 -1.0
8.93285012245 -1.0
8.95283818245 -1.0
9.08574700356 -1.0
9.10579705238 -1.0
9.12581706047 -1.0
9.23552417755 -1.0
9.30213499069 -1.0
9.37642598152 -1.0
10.0421161652 1.0
10.061964035 -1.0
10.0855720043 -1.0
10.1329782009 -1.0
10.1925032139 -1.0
10.2235682011 -1.0
15.9723091125 -1.0
16.0166730881 -1.0
16.0766470432 -1.0
17.058686018 -1.0
