0.00502014160156 -1.0
0.00504016876221 1.0
0.0189111232758 -1.0
0.0627701282501 -1.0
0.0713050365448 -1.0
0.0824720859528 -1.0
0.102728128433 -1.0
0.152034044266 -1.0
0.21093416214 -1.0
0.229993104935 -1.0
0.246703147888 -1.0
0.255118131638 -1.0
0.300168991089 -1.0
0.321032047272 -1.0
0.377547979355 -1.0
0.3785841465 1.0
0.39817905426 -1.0
0.398492097855 -1.0
0.417989015579 -1.0
0.428483963013 -1.0
0.476963996887 -1.0
0.527464151382 -1.0
0.535567998886 -1.0
0.558645963669 -1.0
0.580955028534 -1.0
0.638280153275 -1.0
0.660611152649 -1.0
0.682582139969 -1.0
0.682991981506 1.0
0.702481031418 -1.0
0.759075164795 -1.0
0.763010978699 -1.0
0.823590993881 -1.0
0.827908992767 -1.0
0.870285987854 -1.0
0.922389984131 -1.0
0.980808019638 -1.0
1.05112314224 -1.0
1.10474395752 -1.0
1.22927117348 -1.0
1.29152917862 -1.0
1.30918717384 -1.0
1.35003995895 1.0
1.35114312172 -1.0
1.38715696335 -1.0
1.48891806602 -1.0
1.48894095421 -1.0
1.55613899231 -1.0
1.60682702065 -1.0
1.7423081398 -1.0
1.8797249794 -1.0
1.89974999428 -1.0
1.92214107513 -1.0
1.97896504402 -1.0
2.01460194588 -1.0
2.01499414444 1.0
2.03450512886 -1.0
2.15943717957 -1.0
2.17959117889 -1.0
2.35187506676 -1.0
2.37296700478 -1.0
2.37687516212 -1.0
2.43172597885 -1.0
2.45163106918 -1.0
2.5315310955 -1.0
2.63701105118 -1.0
2.72658205032 -1.0
2.75058817863 -1.0
2.7510240078 -1.0
2.80725502968 -1.0
2.81598615646 -1.0
2.81645607948 1.0
2.83616018295 -1.0
2.91588807106 -1.0
2.9734749794 -1.0
2.99348306656 -1.0
3.01763701439 -1.0
3.01860594749 -1.0
3.04010605812 -1.0
3.08975410461 -1.0
3.14553403854 -1.0
3.20168709755 -1.0
3.25914406776 -1.0
3.27887105942 -1.0
3.32196903229 -1.0
3.36203098297 1.0
3.41190910339 -1.0
3.54075312614 -1.0
3.77476406097 -1.0
3.79506397247 -1.0
3.83213996887 -1.0
3.85218501091 -1.0
3.87189412117 -1.0
3.91479897499 -1.0
3.97364115715 -1.0
4.01747608185 -1.0
4.01802396774 -1.0
4.03820204735 -1.0
4.06078910828 -1.0
4.06111717224 1.0
4.08092713356 -1.0
4.13944005966 -1.0
4.18037009239 -1.0
4.20045304298 -1.0
4.21334600449 -1.0
4.42769002914 -1.0
4.48749995232 -1.0
4.59958100319 -1.0
4.62035799026 -1.0
4.75755596161 -1.0
4.7779481411 -1.0
4.79777598381 -1.0
5.01531195641 -1.0
5.01719307899 -1.0
5.05403804779 1.0
5.0749540329 -1.0
5.09506917 -1.0
5.11196017265 -1.0
5.14714217186 -1.0
5.20614004135 -1.0
5.31333112717 -1.0
5.37164616585 -1.0
5.50868296623 -1.0
5.56908297539 -1.0
5.57931804657 1.0
5.59969711304 -1.0
5.61950397491 -1.0
5.65024399757 -1.0
5.76177310944 -1.0
5.91058301926 -1.0
5.9680249691 -1.0
6.01705408096 -1.0
6.01770210266 -1.0
6.07607102394 -1.0
6.13023900986 -1.0
6.15033912659 -1.0
6.32209014893 -1.0
6.77025794983 -1.0
6.77029800415 1.0
6.79054117203 -1.0
6.81009602547 -1.0
7.02739810944 -1.0
7.02885007858 -1.0
7.06474709511 -1.0
7.10723996162 -1.0
7.16561508179 -1.0
7.27597403526 -1.0
7.3713259697 -1.0
7.37195110321 1.0
7.4276971817 -1.0
7.86787796021 -1.0
7.88784098625 -1.0
7.90738296509 -1.0
7.9570441246 -1.0
8.01649904251 -1.0
8.01842999458 -1.0
8.07195901871 -1.0
8.12993311882 -1.0
8.14987516403 -1.0
8.18711900711 1.0
8.18824911118 -1.0
8.21355605125 -1.0
8.80481314659 -1.0
8.82498502731 -1.0
8.84468102455 -1.0
8.944617033 -1.0
9.01972007751 -1.0
9.01974511147 -1.0
9.04397296906 -1.0
9.06640696526 -1.0
9.10606002808 1.0
9.27130699158 -1.0
9.36075115204 -1.0
9.44973516464 -1.0
11.0163400173 -1.0
11.0165941715 -1.0
11.0758650303 -1.0
15.8801269531 -1.0
15.9181909561 -1.0
15.9377479553 -1.0
15.9377551079 1.0
15.9572350979 -1.0
