0.000456809997559 -1.0
0.010734796524 -1.0
0.0107448101044 1.0
0.0478780269623 -1.0
0.0619819164276 -1.0
0.103318929672 -1.0
0.124250888824 -1.0
0.216922998428 -1.0
0.271610021591 -1.0
0.370630025864 -1.0
0.428280830383 -1.0
0.52236700058 -1.0
0.522430896759 1.0
0.580195903778 -1.0
0.580427885056 -1.0
0.708410024643 -1.0
0.73522400856 -1.0
0.857810020447 -1.0
0.986001968384 -1.0
1.02094101906 -1.0
1.0812330246 -1.0
1.29344296455 -1.0
1.31373500824 -1.0
1.46037602425 -1.0
1.48004579544 -1.0
1.55418086052 -1.0
1.55703091621 1.0
1.57662987709 -1.0
1.59628891945 -1.0
1.70189285278 -1.0
1.76260781288 -1.0
1.78480386734 -1.0
1.97165083885 -1.0
2.07227396965 -1.0
2.12640094757 -1.0
2.1862039566 -1.0
4.62720584869 -1.0
4.62721586227 1.0
4.62777280807 -1.0
4.64680194855 -1.0
5.62765479088 -1.0
5.6277358532 -1.0
5.62774682045 -1.0
5.64751982689 -1.0
6.62866592407 -1.0
6.64812994003 -1.0
6.90350985527 -1.0
11.1463108063 1.0
11.1662709713 -1.0
11.1662847996 -1.0
11.1662888527 -1.0
11.1664409637 -1.0
11.1859438419 -1.0
16.122232914 -1.0
16.2025318146 -1.0
