0.00407409667969 1.0
0.0130729675293 -1.0
0.0234270095825 -1.0
0.024288892746 -1.0
0.0328850746155 -1.0
0.0471849441528 -1.0
0.104484081268 -1.0
0.129920005798 -1.0
0.149789094925 -1.0
0.225394964218 -1.0
0.245409965515 -1.0
0.274358034134 -1.0
0.294028043747 -1.0
0.308231115341 -1.0
0.366353034973 -1.0
0.368370056152 -1.0
0.368385076523 1.0
0.388328075409 -1.0
0.439476966858 -1.0
0.496608972549 -1.0
0.552551984787 -1.0
0.558258056641 -1.0
0.614368915558 -1.0
0.636900901794 -1.0
0.694478988647 -1.0
0.786719083786 -1.0
0.80650806427 -1.0
0.842626094818 1.0
0.870376110077 -1.0
0.93249797821 -1.0
1.05030107498 -1.0
1.07186794281 -1.0
1.09178709984 -1.0
1.1177380085 -1.0
1.15626096725 -1.0
1.21272706985 -1.0
1.27665090561 -1.0
1.30947589874 -1.0
1.32961297035 -1.0
1.32962203026 1.0
1.34914803505 -1.0
1.38442206383 -1.0
1.44465708733 -1.0
1.46418595314 -1.0
1.60104203224 -1.0
1.65868401527 -1.0
1.69776010513 -1.0
1.75664496422 -1.0
1.76499199867 -1.0
1.77979803085 -1.0
1.79950499535 -1.0
1.8584959507 -1.0
1.99556708336 -1.0
2.05422210693 -1.0
2.05637907982 1.0
2.07594203949 -1.0
2.07683491707 -1.0
2.13290309906 -1.0
2.13426494598 -1.0
2.15231609344 -1.0
2.17175292969 -1.0
2.18773698807 -1.0
2.20775198936 -1.0
2.22855091095 -1.0
2.25084400177 -1.0
2.27086305618 -1.0
2.33069491386 -1.0
2.33135890961 1.0
2.37917995453 -1.0
2.43698906898 -1.0
2.45657300949 -1.0
2.51740598679 -1.0
2.57669210434 -1.0
2.5858631134 -1.0
2.63295888901 -1.0
2.6606900692 -1.0
2.73810791969 -1.0
2.79523611069 -1.0
2.85405802727 -1.0
2.85462808609 1.0
2.8803999424 -1.0
2.95072293282 -1.0
3.00871610641 -1.0
3.02675294876 -1.0
3.06530809402 -1.0
3.08491492271 -1.0
3.14257192612 -1.0
3.18096399307 -1.0
3.21079301834 -1.0
3.23286700249 -1.0
3.25606489182 -1.0
3.25644493103 1.0
3.312967062 -1.0
3.36574006081 -1.0
3.42492103577 -1.0
3.7651219368 -1.0
3.78553104401 -1.0
3.80517101288 -1.0
3.96591496468 -1.0
4.02335309982 -1.0
4.0462679863 -1.0
4.04657101631 -1.0
4.10584688187 -1.0
4.11354088783 -1.0
4.13468790054 -1.0
4.22705411911 -1.0
4.247371912 -1.0
4.63627290726 -1.0
4.63681101799 1.0
4.65640091896 -1.0
4.67623496056 -1.0
4.77510309219 -1.0
4.86791110039 -1.0
4.92778491974 -1.0
4.95166492462 -1.0
4.95232510567 -1.0
5.00926208496 -1.0
5.02879405022 -1.0
5.07718491554 -1.0
5.07743811607 -1.0
5.07744598389 1.0
5.09843397141 -1.0
5.11967396736 -1.0
5.16559910774 -1.0
5.34361696243 -1.0
5.40107893944 -1.0
5.7189180851 -1.0
5.73940300941 -1.0
5.75888204575 -1.0
5.94564700127 1.0
5.96530008316 -1.0
5.96552395821 -1.0
5.98507595062 -1.0
6.07780790329 -1.0
6.078373909 -1.0
6.09836888313 -1.0
6.15435099602 -1.0
6.20720696449 -1.0
6.28500294685 -1.0
6.3455119133 -1.0
6.46297907829 -1.0
6.50263500214 1.0
6.52242088318 -1.0
6.54339003563 -1.0
6.90298604965 -1.0
6.92313694954 -1.0
6.94266605377 -1.0
6.98550200462 -1.0
7.04654693604 -1.0
7.07672309875 -1.0
7.07715892792 -1.0
7.13721609116 -1.0
7.14665699005 -1.0
7.16682195663 -1.0
7.18857598305 -1.0
7.18903803825 1.0
7.2459731102 -1.0
7.25320696831 -1.0
7.33957505226 -1.0
7.36038398743 -1.0
7.38110494614 -1.0
7.47118902206 -1.0
7.57507991791 -1.0
7.71752810478 -1.0
7.73786711693 -1.0
7.97540903091 -1.0
7.99560403824 -1.0
7.99562692642 1.0
8.01558899879 -1.0
8.0772459507 -1.0
8.07767105103 -1.0
8.10917305946 -1.0
8.12924289703 -1.0
8.1863090992 -1.0
8.23832798004 -1.0
9.0513548851 -1.0
9.07883810997 -1.0
9.10112309456 -1.0
9.10148906708 1.0
9.12841510773 -1.0
15.9936299324 -1.0
16.072922945 -1.0
24.0759370327 -1.0
