0.039361000061 -1.0
0.0393760204315 1.0
0.0673549175262 -1.0
0.131381034851 -1.0
0.186528921127 -1.0
0.252752065659 -1.0
0.279048919678 -1.0
0.305073976517 -1.0
0.343544960022 -1.0
0.367504119873 -1.0
0.415625095367 -1.0
0.415678024292 1.0
0.43628692627 -1.0
0.439856052399 -1.0
0.5037150383 -1.0
0.530132055283 -1.0
0.531660079956 -1.0
0.574281930923 -1.0
0.596575975418 -1.0
0.639480113983 -1.0
0.704612970352 -1.0
0.74335193634 -1.0
0.753839969635 -1.0
0.754256010056 1.0
0.765281915665 -1.0
0.814558029175 -1.0
0.838264942169 -1.0
1.11463499069 -1.0
1.11474490166 -1.0
1.13498306274 -1.0
1.13935709 -1.0
1.15906906128 -1.0
1.20146012306 1.0
1.22519397736 -1.0
1.29060912132 -1.0
1.3539249897 -1.0
1.43160295486 -1.0
1.44082593918 -1.0
1.48275589943 -1.0
1.54300498962 -1.0
1.60305404663 -1.0
1.64383792877 -1.0
1.66945505142 -1.0
1.71158790588 -1.0
1.7121489048 1.0
1.77111697197 -1.0
1.78699803352 -1.0
1.79890990257 -1.0
1.82066702843 -1.0
1.87700605392 -1.0
1.93898105621 -1.0
1.94630002975 -1.0
1.99871897697 -1.0
2.01077795029 -1.0
2.05814290047 -1.0
2.05817103386 1.0
2.08089089394 -1.0
2.1426680088 -1.0
2.17128491402 -1.0
2.19761610031 -1.0
2.22303199768 -1.0
2.27107691765 -1.0
2.29427790642 -1.0
2.31889510155 -1.0
2.3787419796 -1.0
2.41838097572 -1.0
2.41842389107 1.0
2.53216505051 -1.0
2.61156105995 -1.0
2.6378159523 -1.0
2.64330291748 -1.0
2.69877409935 -1.0
2.72201895714 -1.0
2.72223806381 -1.0
2.74630999565 -1.0
2.81262111664 -1.0
2.87478089333 -1.0
2.89837789536 -1.0
2.95887112617 -1.0
2.99745392799 1.0
4.49839901924 -1.0
4.52379798889 -1.0
5.50003290176 -1.0
5.50005102158 -1.0
5.50022697449 -1.0
5.70665001869 -1.0
5.73003196716 -1.0
5.73183512688 -1.0
5.73219299316 1.0
5.75412797928 -1.0
5.81650900841 -1.0
5.89142489433 -1.0
5.95541000366 -1.0
5.98395490646 -1.0
6.40479803085 -1.0
6.5010099411 -1.0
6.52683711052 -1.0
6.62371301651 -1.0
6.6844959259 1.0
6.70881605148 -1.0
6.71219396591 -1.0
6.76005911827 -1.0
6.78609895706 -1.0
6.84799408913 -1.0
6.85225296021 -1.0
6.91449594498 -1.0
6.93555593491 -1.0
6.95870304108 -1.0
7.07338500023 -1.0
7.18447899818 -1.0
7.18448901176 1.0
7.27153491974 -1.0
7.30015397072 -1.0
7.4513220787 -1.0
7.47552990913 -1.0
7.49903202057 -1.0
7.52318811417 -1.0
7.63222289085 -1.0
7.70440411568 -1.0
7.70497608185 -1.0
7.74608898163 -1.0
7.81155395508 -1.0
7.81199598312 1.0
7.83811306953 -1.0
7.90284991264 -1.0
7.93282389641 -1.0
7.99763989449 -1.0
8.05602502823 -1.0
8.10122203827 -1.0
8.16342496872 -1.0
8.26631999016 -1.0
8.32753896713 -1.0
8.74484109879 -1.0
8.76918101311 -1.0
8.79329490662 -1.0
8.95583701134 -1.0
9.06686091423 -1.0
9.06688308716 1.0
9.13931798935 -1.0
9.16562390327 -1.0
9.70576405525 -1.0
9.70755696297 -1.0
9.74297690392 -1.0
9.78655195236 -1.0
9.88507008553 -1.0
9.95234704018 -1.0
9.97722196579 -1.0
10.0974550247 -1.0
10.1374559402 1.0
10.2067399025 -1.0
10.3415660858 -1.0
10.3634569645 -1.0
10.6030731201 -1.0
10.6272349358 -1.0
10.652410984 -1.0
10.6857829094 -1.0
10.7395339012 -1.0
10.7499110699 -1.0
10.7766060829 -1.0
10.8031599522 -1.0
10.8035330772 1.0
10.8575639725 -1.0
10.9243650436 -1.0
10.9879140854 -1.0
11.085463047 -1.0
11.1114580631 -1.0
11.1384758949 -1.0
11.1598539352 -1.0
11.2237970829 -1.0
11.2501039505 -1.0
11.713285923 -1.0
11.7133080959 1.0
11.7625470161 -1.0
11.8197600842 -1.0
11.9724090099 -1.0
12.7008490562 -1.0
12.7012760639 -1.0
12.7597589493 -1.0
12.8321349621 -1.0
12.8530299664 -1.0
13.1087179184 -1.0
15.5216209888 -1.0
15.6323690414 -1.0
15.6323900223 1.0
15.892015934 -1.0
16.5721480846 -1.0
17.7030060291 -1.0
17.7031550407 -1.0
17.7114949226 -1.0
17.7256109715 -1.0
17.7275979519 -1.0
