0.0510759353638 -1.0
0.0510909557343 1.0
0.0706810951233 -1.0
0.217068910599 -1.0
0.236826896667 -1.0
0.264723062515 -1.0
0.39136505127 -1.0
0.39139008522 -1.0
0.411076068878 -1.0
0.433229923248 -1.0
0.491753101349 -1.0
0.511398077011 -1.0
0.538697957993 -1.0
0.623566865921 -1.0
0.630310058594 -1.0
0.642998933792 -1.0
0.663776874542 -1.0
0.663836956024 1.0
0.789582967758 -1.0
1.01067090034 -1.0
1.03286099434 -1.0
1.09192204475 -1.0
1.10275292397 -1.0
1.1228659153 -1.0
1.17409586906 -1.0
1.23116707802 -1.0
1.25061392784 -1.0
1.25101494789 -1.0
1.27125501633 -1.0
1.32836389542 -1.0
1.32885599136 1.0
1.35472989082 -1.0
1.41259598732 -1.0
1.43311309814 -1.0
1.49193501472 -1.0
1.51150202751 -1.0
1.52302289009 -1.0
1.58195090294 -1.0
1.63418698311 -1.0
1.65406394005 -1.0
1.67457008362 -1.0
1.69459009171 -1.0
1.73852109909 1.0
1.75812888145 -1.0
1.81691098213 -1.0
1.834608078 -1.0
1.87672901154 -1.0
1.89322590828 -1.0
1.93649888039 -1.0
1.99521803856 -1.0
2.00550603867 -1.0
2.06404995918 -1.0
2.32037806511 -1.0
2.34137892723 -1.0
2.38292908669 -1.0
2.40456295013 -1.0
2.40459108353 1.0
2.42542409897 -1.0
2.52470397949 -1.0
2.54539990425 -1.0
2.5650229454 -1.0
2.73139595985 -1.0
2.83904504776 -1.0
2.92613101006 -1.0
2.9861600399 -1.0
3.0057759285 -1.0
3.08270001411 -1.0
3.10473299026 -1.0
3.10514998436 -1.0
3.10558390617 1.0
3.1636660099 -1.0
3.21706008911 -1.0
3.21770310402 -1.0
3.25509405136 -1.0
3.27596902847 -1.0
3.33626890182 -1.0
3.33749008179 -1.0
3.82516503334 -1.0
3.84490609169 -1.0
4.53000497818 -1.0
4.54991602898 -1.0
4.80629992485 1.0
4.82663607597 -1.0
4.84625196457 -1.0
4.97549104691 -1.0
4.99550199509 -1.0
5.01498699188 -1.0
5.21614003181 -1.0
5.21657800674 -1.0
5.23816299438 -1.0
5.28507590294 -1.0
5.42650008202 -1.0
5.61411309242 -1.0
5.76430606842 -1.0
5.76432991028 1.0
5.82377099991 -1.0
5.82415604591 -1.0
5.84331798553 -1.0
5.86295390129 -1.0
5.91031599045 -1.0
5.96891403198 -1.0
5.9886879921 -1.0
6.00893807411 -1.0
6.21623802185 -1.0
6.2166249752 -1.0
6.24997186661 -1.0
6.25033903122 1.0
6.30786204338 -1.0
6.44971895218 -1.0
6.46958494186 -1.0
6.49004101753 -1.0
6.60390496254 -1.0
6.68190789223 -1.0
6.79121398926 -1.0
6.81432390213 -1.0
6.87289190292 -1.0
6.89561700821 -1.0
6.95168209076 -1.0
6.95419192314 -1.0
6.97417998314 -1.0
7.15526008606 -1.0
7.15581607819 1.0
7.17601299286 -1.0
7.19554805756 -1.0
7.21702194214 -1.0
7.21742987633 -1.0
7.26258802414 -1.0
7.32002091408 -1.0
7.42212510109 -1.0
7.48054099083 -1.0
7.54824399948 -1.0
7.79663586617 -1.0
7.81661295891 -1.0
8.84536004066 -1.0
8.84586691856 1.0
8.86535406113 -1.0
8.88594293594 -1.0
9.21564006805 -1.0
9.23073005676 -1.0
9.28923392296 -1.0
9.32726192474 -1.0
9.38627099991 -1.0
9.38964104652 -1.0
9.44872903824 -1.0
9.59635090828 -1.0
9.59688591957 1.0
9.61645102501 -1.0
10.0112679005 -1.0
10.0311479568 -1.0
10.0509150028 -1.0
10.1325330734 -1.0
10.2000300884 -1.0
10.216794014 -1.0
10.2196540833 -1.0
10.2658109665 -1.0
10.2864151001 -1.0
10.4664869308 -1.0
10.4665179253 1.0
14.9721980095 -1.0
15.0028309822 -1.0
15.0229179859 -1.0
24.2153999805 -1.0
24.273608923 -1.0
26.7164309025 -1.0
