0.0530891418457 -1.0
0.053102016449 1.0
0.116918087006 -1.0
0.217787981033 -1.0
0.24270606041 -1.0
0.264614105225 -1.0
0.275126934052 -1.0
0.284054040909 -1.0
0.286154985428 -1.0
0.317472934723 -1.0
0.364304065704 -1.0
0.385137081146 -1.0
0.405570030212 -1.0
0.532724142075 -1.0
0.533568143845 1.0
0.593924045563 -1.0
0.750555992126 -1.0
0.803798913956 -1.0
0.86144900322 -1.0
1.19052410126 -1.0
1.21084499359 -1.0
1.22050499916 -1.0
1.24011898041 -1.0
1.30125904083 -1.0
1.30585408211 -1.0
1.32105112076 -1.0
1.32584810257 -1.0
1.36126899719 -1.0
1.41734910011 -1.0
1.43146896362 -1.0
1.43149995804 1.0
1.43851494789 -1.0
1.45133304596 -1.0
1.47947692871 -1.0
4.67333507538 -1.0
4.67354893684 -1.0
4.69296693802 -1.0
5.67376494408 -1.0
5.67397904396 -1.0
5.67414402962 -1.0
5.69321298599 -1.0
6.65497994423 1.0
6.6748290062 -1.0
6.69421505928 -1.0
15.3774290085 -1.0
16.5571279526 -1.0
16.5767641068 -1.0
23.8318719864 -1.0
23.8515710831 -1.0
