0.0306398868561 -1.0
0.0306489467621 1.0
0.0869278907776 -1.0
0.237363815308 -1.0
0.274652957916 -1.0
0.313731908798 -1.0
0.333833932877 -1.0
0.353789806366 -1.0
0.378972768784 -1.0
0.379013776779 -1.0
0.401833772659 -1.0
0.423933982849 -1.0
0.471539974213 -1.0
0.471561908722 1.0
0.487362861633 -1.0
0.491093873978 -1.0
0.523368835449 -1.0
0.542951822281 -1.0
0.58371090889 -1.0
0.588213920593 -1.0
0.631393909454 -1.0
0.636999845505 -1.0
0.646141767502 -1.0
0.659188985825 -1.0
0.659199953079 1.0
0.665857791901 -1.0
0.68349480629 -1.0
0.702866792679 -1.0
0.742697000504 -1.0
0.762439966202 -1.0
0.792286872864 -1.0
0.820095777512 -1.0
0.878358840942 -1.0
0.935063838959 -1.0
1.04279398918 -1.0
1.1030819416 -1.0
1.10533595085 -1.0
1.14274692535 1.0
1.15989780426 -1.0
1.16314077377 -1.0
1.21908998489 -1.0
1.22231292725 -1.0
1.2822368145 -1.0
1.30496478081 -1.0
1.32663083076 -1.0
1.35644888878 -1.0
1.41282176971 -1.0
1.44651985168 -1.0
1.5024368763 -1.0
1.50290179253 1.0
1.55876088142 -1.0
1.62340188026 -1.0
1.647179842 -1.0
1.70182490349 -1.0
1.772772789 -1.0
1.83070683479 -1.0
1.85351395607 -1.0
1.88383483887 -1.0
1.93896198273 -1.0
1.96161985397 -1.0
2.01906299591 -1.0
2.01907777786 1.0
2.07898283005 -1.0
2.1123957634 -1.0
2.18462395668 -1.0
2.24300885201 -1.0
2.2923989296 -1.0
2.35094690323 -1.0
2.37076282501 -1.0
2.42153286934 -1.0
2.4823718071 -1.0
2.5390868187 -1.0
2.5477809906 -1.0
2.56789898872 -1.0
2.56829595566 1.0
2.62712478638 -1.0
2.63235878944 -1.0
2.69095993042 -1.0
2.73551177979 -1.0
2.75860977173 -1.0
2.78690886497 -1.0
2.80819678307 -1.0
2.83059382439 -1.0
2.88706088066 -1.0
2.94297981262 -1.0
2.96279788017 -1.0
2.98314094543 -1.0
3.02668690681 -1.0
3.06677699089 1.0
3.08666086197 -1.0
3.14228582382 -1.0
3.1625328064 -1.0
3.20424890518 -1.0
3.22504496574 -1.0
3.24498176575 -1.0
3.26933598518 -1.0
3.29105997086 -1.0
3.31949281693 -1.0
3.34125089645 -1.0
3.37879085541 1.0
3.48932790756 -1.0
3.50953388214 -1.0
3.68987798691 -1.0
3.75097584724 -1.0
3.80727386475 -1.0
3.89874792099 -1.0
3.98265385628 -1.0
4.00420379639 -1.0
4.04615879059 -1.0
4.10299992561 -1.0
4.10409879684 -1.0
4.14276790619 1.0
4.19611477852 -1.0
4.71550989151 -1.0
4.7361638546 -1.0
4.77196979523 -1.0
4.83099579811 -1.0
4.85261797905 -1.0
4.96901679039 -1.0
4.96939587593 -1.0
5.01612877846 -1.0
5.0607509613 -1.0
5.09875798225 1.0
5.11858081818 -1.0
5.18330693245 -1.0
5.34353280067 -1.0
5.75136399269 -1.0
5.77130794525 -1.0
14.8554708958 -1.0
21.960078001 -1.0
21.9600939751 1.0
21.9600999355 -1.0
21.9805138111 -1.0
