0.00701212882996 1.0
0.0265781879425 -1.0
0.0309660434723 -1.0
0.0310120582581 -1.0
0.0895969867706 -1.0
0.145430088043 -1.0
0.174699068069 -1.0
0.194904088974 -1.0
0.237365007401 -1.0
0.25789809227 -1.0
0.277999162674 -1.0
0.278010129929 1.0
0.299163103104 -1.0
0.320636034012 -1.0
0.342753171921 -1.0
0.36315202713 -1.0
0.39063000679 -1.0
0.410667181015 -1.0
0.449448108673 -1.0
0.469042062759 -1.0
0.519523143768 -1.0
0.559171199799 -1.0
0.578746080399 -1.0
0.617987155914 1.0
0.624240159988 -1.0
0.637495040894 -1.0
0.657639026642 -1.0
0.687054157257 -1.0
0.706601142883 -1.0
0.720636129379 -1.0
0.727265119553 -1.0
0.747055053711 -1.0
0.787213087082 -1.0
0.816166162491 -1.0
0.860681056976 -1.0
0.861081123352 1.0
0.908169984818 -1.0
0.965401172638 -1.0
1.02533817291 -1.0
1.10141015053 -1.0
1.15763998032 -1.0
1.17792916298 -1.0
1.22357797623 -1.0
1.28159499168 -1.0
1.31285810471 -1.0
1.3642411232 1.0
1.39091515541 -1.0
1.42659306526 -1.0
1.48543810844 -1.0
1.53333616257 -1.0
1.54156208038 -1.0
1.58967208862 -1.0
1.59746909142 -1.0
1.64553308487 -1.0
1.65370106697 -1.0
1.69397211075 1.0
1.70156502724 -1.0
1.71388816833 -1.0
1.76151919365 -1.0
1.76466608047 -1.0
1.76946806908 -1.0
1.78705310822 -1.0
1.80655503273 -1.0
1.84054803848 -1.0
1.84059619904 -1.0
1.85931015015 -1.0
1.86005616188 -1.0
1.87954902649 -1.0
1.8795580864 1.0
1.93753504753 -1.0
1.94687509537 -1.0
2.0055000782 -1.0
2.06014919281 -1.0
2.09541797638 -1.0
2.09879302979 -1.0
2.11499118805 -1.0
2.14584207535 -1.0
2.22429299355 -1.0
2.28149199486 -1.0
2.33749914169 -1.0
2.39946007729 -1.0
2.4193611145 -1.0
2.45797610283 1.0
2.47750520706 -1.0
2.51350402832 -1.0
2.57011413574 -1.0
2.62956905365 -1.0
2.68956303596 -1.0
3.15178608894 -1.0
3.17182517052 -1.0
3.19272899628 -1.0
3.26702213287 -1.0
3.36466813087 -1.0
3.38091015816 -1.0
3.39007401466 -1.0
3.3900821209 1.0
3.4496421814 -1.0
3.51502203941 -1.0
3.53557419777 -1.0
3.59517407417 -1.0
3.78350400925 -1.0
3.85117411613 -1.0
3.87170219421 -1.0
3.8914000988 -1.0
4.06374502182 -1.0
4.18115901947 -1.0
4.26007819176 -1.0
4.26008820534 1.0
4.28060913086 -1.0
4.38184118271 -1.0
4.40147018433 -1.0
4.43548703194 -1.0
4.48304104805 -1.0
4.99664711952 -1.0
5.05406618118 -1.0
5.26406908035 -1.0
5.26464915276 1.0
5.28476214409 -1.0
5.30500102043 -1.0
5.38114118576 -1.0
5.38792610168 -1.0
5.42844104767 -1.0
5.48834609985 -1.0
5.56014418602 -1.0
5.66599702835 -1.0
5.82322597504 -1.0
5.99876618385 -1.0
5.99877500534 1.0
5.99884319305 -1.0
6.00372815132 -1.0
6.0577890873 -1.0
6.07719016075 -1.0
6.29747700691 -1.0
6.31838417053 -1.0
6.338793993 -1.0
6.3807861805 -1.0
6.38818120956 -1.0
6.41985321045 -1.0
6.4675359726 -1.0
6.53093910217 -1.0
6.53094911575 1.0
6.66019320488 -1.0
6.78377318382 -1.0
6.84205508232 -1.0
6.99868798256 -1.0
7.0181491375 -1.0
7.18085408211 -1.0
7.3539981842 -1.0
7.37443518639 -1.0
7.39483904839 -1.0
7.39524507523 -1.0
7.39564609528 1.0
7.43033099174 -1.0
7.48291707039 -1.0
7.54185009003 -1.0
7.66988515854 -1.0
7.77822804451 -1.0
7.83795905113 -1.0
7.85626912117 -1.0
7.87712717056 -1.0
7.89671802521 -1.0
7.96146798134 -1.0
8.01763510704 -1.0
8.01766109467 1.0
8.38105201721 -1.0
8.39007616043 -1.0
8.4253411293 -1.0
8.48208808899 -1.0
8.64067006111 -1.0
16.249735117 -1.0
16.383259058 -1.0
16.3832850456 -1.0
16.3832941055 1.0
16.3833031654 -1.0
16.4027431011 -1.0
