0.0434310436249 -1.0
0.0554261207581 -1.0
0.0943989753723 1.0
0.114053010941 -1.0
0.181905031204 -1.0
0.247555971146 -1.0
0.303697109222 -1.0
0.341993093491 -1.0
0.399620056152 -1.0
0.484097957611 -1.0
0.484925985336 -1.0
0.504302024841 -1.0
0.55893611908 -1.0
0.578866004944 -1.0
0.63834810257 -1.0
0.640741109848 1.0
0.660347938538 -1.0
0.719496011734 -1.0
0.73928809166 -1.0
0.795644044876 -1.0
0.838221073151 -1.0
0.858030080795 -1.0
0.914103031158 -1.0
0.914292097092 -1.0
0.914381027222 -1.0
0.933645963669 -1.0
0.93909406662 -1.0
0.953421115875 -1.0
1.02564907074 -1.0
1.02608299255 1.0
1.08360099792 -1.0
1.28159689903 -1.0
1.30219006538 -1.0
1.32229399681 -1.0
1.51134109497 -1.0
1.59639692307 -1.0
1.6165060997 -1.0
1.6361041069 -1.0
1.66703701019 -1.0
1.74831604958 -1.0
1.77229094505 -1.0
1.7726380825 1.0
1.83178591728 -1.0
1.8473739624 -1.0
1.90611505508 -1.0
1.92624497414 -1.0
1.98619508743 -1.0
2.00721001625 -1.0
2.09969997406 -1.0
2.14098501205 -1.0
2.15805006027 -1.0
2.16047096252 -1.0
2.17995691299 -1.0
2.18034291267 1.0
2.20046496391 -1.0
2.22196412086 -1.0
2.28035998344 -1.0
2.29440498352 -1.0
2.33990502357 -1.0
2.39598798752 -1.0
2.40713810921 -1.0
2.46592307091 -1.0
2.52948212624 -1.0
2.5860350132 -1.0
2.64382600784 -1.0
2.69336009026 -1.0
2.69384503365 1.0
2.75189089775 -1.0
2.8525519371 -1.0
2.87347102165 -1.0
2.93190097809 -1.0
2.9880399704 -1.0
3.10199093819 -1.0
3.10204410553 -1.0
3.10969996452 -1.0
3.16018605232 -1.0
3.16627502441 -1.0
3.18708109856 -1.0
3.19062399864 -1.0
3.19097900391 1.0
3.22399497032 -1.0
3.2821791172 -1.0
3.33801198006 -1.0
3.39588499069 -1.0
3.41347789764 -1.0
3.47218489647 -1.0
3.47715806961 -1.0
3.52813911438 -1.0
3.53806209564 -1.0
3.59490299225 -1.0
3.61741900444 -1.0
3.66305088997 -1.0
3.66347789764 1.0
3.71992397308 -1.0
3.73278307915 -1.0
3.79209709167 -1.0
3.88384199142 -1.0
3.93983006477 -1.0
3.99214792252 -1.0
4.05243802071 -1.0
4.10342597961 -1.0
4.12908506393 -1.0
4.15721511841 -1.0
4.21826791763 -1.0
4.25891304016 -1.0
4.29840803146 1.0
4.31933093071 -1.0
4.43056201935 -1.0
4.48802495003 -1.0
4.51806902885 -1.0
4.57600212097 -1.0
4.6049990654 -1.0
4.66618204117 -1.0
4.74527096748 -1.0
4.76851701736 -1.0
4.79738497734 -1.0
4.82722806931 1.0
4.84689092636 -1.0
4.90398406982 -1.0
4.9441819191 -1.0
4.96443510056 -1.0
5.10344696045 -1.0
5.15213894844 -1.0
5.17551589012 -1.0
5.23207592964 -1.0
5.28864097595 -1.0
5.39382410049 -1.0
5.49422597885 -1.0
5.55033111572 -1.0
5.55253410339 1.0
5.57269692421 -1.0
5.57309293747 -1.0
5.60958695412 -1.0
5.65708208084 -1.0
5.71618008614 -1.0
5.84704208374 -1.0
6.13022303581 -1.0
6.15046596527 -1.0
6.17083096504 -1.0
6.32773208618 -1.0
6.4386639595 -1.0
6.55411911011 -1.0
6.55615091324 1.0
6.57806992531 -1.0
6.57870912552 -1.0
6.61994194984 -1.0
6.66582107544 -1.0
6.72192311287 -1.0
6.78082799911 -1.0
6.94681191444 -1.0
6.96703600883 -1.0
6.98641896248 -1.0
7.02638506889 -1.0
7.08619809151 -1.0
7.08620905876 1.0
7.10128593445 -1.0
7.10612511635 -1.0
7.12661099434 -1.0
7.20301103592 -1.0
7.26020598412 -1.0
8.36644792557 -1.0
14.8973550797 -1.0
14.9915380478 -1.0
15.9046571255 -1.0
