0.0203409194946 1.0
0.0266528129578 -1.0
0.040876865387 -1.0
0.0451638698578 -1.0
0.0646388530731 -1.0
0.114503860474 -1.0
0.170761823654 -1.0
0.212687969208 -1.0
0.229834794998 -1.0
0.270573854446 -1.0
0.285387992859 -1.0
0.326605796814 -1.0
0.334582805634 -1.0
0.3539249897 -1.0
0.353932857513 1.0
0.373448848724 -1.0
0.405107975006 -1.0
0.424769878387 -1.0
0.467085838318 -1.0
0.485613822937 -1.0
0.512642860413 -1.0
0.554546833038 -1.0
0.595942974091 -1.0
0.649181842804 -1.0
0.649199962616 1.0
0.706833839417 -1.0
0.713487863541 -1.0
0.726363897324 -1.0
0.778109788895 -1.0
0.823048830032 -1.0
0.838160991669 -1.0
0.858743906021 -1.0
0.914788961411 -1.0
0.932404994965 -1.0
0.934310913086 -1.0
0.976400852203 -1.0
0.977138996124 1.0
0.996201992035 -1.0
0.996913909912 -1.0
1.01642584801 -1.0
1.03637290001 -1.0
1.05647087097 -1.0
1.07886195183 -1.0
1.09891581535 -1.0
1.11309981346 -1.0
1.11914777756 -1.0
1.13864278793 -1.0
1.21378898621 -1.0
1.21392083168 -1.0
1.21392798424 1.0
1.21400785446 -1.0
1.23331880569 -1.0
1.25842881203 -1.0
1.27781891823 -1.0
1.33459591866 -1.0
1.36898779869 -1.0
1.4265639782 -1.0
1.44630980492 -1.0
1.4828248024 -1.0
1.50334382057 -1.0
1.51347589493 -1.0
1.51350092888 1.0
1.53289294243 -1.0
1.60346794128 -1.0
1.62337398529 -1.0
1.83425879478 -1.0
1.94263482094 -1.0
1.96241784096 -1.0
2.00272297859 -1.0
2.02234888077 -1.0
2.0354578495 -1.0
2.03547096252 1.0
2.07324385643 -1.0
2.20443892479 -1.0
2.26318883896 -1.0
2.28346180916 -1.0
2.38610696793 -1.0
2.50836086273 -1.0
2.72124195099 -1.0
2.74132490158 -1.0
2.80448579788 -1.0
2.80501198769 1.0
2.82449793816 -1.0
2.84398078918 -1.0
2.84783577919 -1.0
2.88531494141 -1.0
2.8886859417 -1.0
2.92046880722 -1.0
2.9415268898 -1.0
2.95472979546 -1.0
2.98709487915 -1.0
2.98710489273 1.0
3.03195786476 -1.0
3.05824494362 -1.0
3.05893182755 -1.0
3.06040692329 -1.0
3.07981300354 -1.0
3.09253096581 -1.0
3.10913681984 -1.0
3.12282586098 -1.0
3.16688895226 -1.0
3.18762493134 -1.0
3.24816298485 -1.0
3.25944590569 -1.0
3.26825499535 -1.0
3.26826190948 1.0
3.2875649929 -1.0
3.32202100754 -1.0
3.37779688835 -1.0
3.493227005 -1.0
3.62895584106 -1.0
3.66182494164 -1.0
3.82070279121 -1.0
3.83255195618 -1.0
3.83300089836 -1.0
3.85319900513 -1.0
3.85320878029 1.0
3.88543796539 -1.0
3.89079093933 -1.0
3.89672994614 -1.0
3.91670584679 -1.0
3.95833182335 -1.0
3.98173499107 -1.0
4.05831193924 -1.0
4.1491727829 -1.0
4.16915798187 -1.0
4.25993180275 -1.0
4.28003001213 -1.0
4.29935383797 -1.0
4.51385688782 1.0
4.53369379044 -1.0
4.5337100029 -1.0
4.55338788033 -1.0
4.69062280655 -1.0
4.74949193001 -1.0
4.76882100105 -1.0
4.81572890282 -1.0
4.83217477798 -1.0
4.83537697792 -1.0
4.89489889145 -1.0
4.94419384003 -1.0
4.94680380821 1.0
4.96649694443 -1.0
4.96691894531 -1.0
4.99676179886 -1.0
5.05013680458 -1.0
5.10699677467 -1.0
5.26925897598 -1.0
5.29018783569 -1.0
5.31216597557 -1.0
5.46905899048 -1.0
5.53392601013 -1.0
5.53400492668 -1.0
5.55361294746 -1.0
5.81277680397 1.0
5.83255195618 -1.0
5.8327319622 -1.0
5.89129400253 -1.0
5.90360093117 -1.0
5.92350792885 -1.0
6.00016283989 -1.0
6.53442788124 -1.0
6.55399799347 -1.0
6.712266922 -1.0
6.83630394936 -1.0
6.83653378487 -1.0
6.83699584007 1.0
6.89523100853 -1.0
6.91553878784 -1.0
6.93562698364 -1.0
7.05104780197 -1.0
7.11221790314 -1.0
7.25640487671 -1.0
7.27653384209 -1.0
7.29765892029 -1.0
7.37224793434 -1.0
7.45022892952 -1.0
7.48750782013 -1.0
7.69953680038 -1.0
7.69956684113 1.0
7.8328769207 -1.0
7.83342289925 -1.0
7.89141988754 -1.0
7.8931889534 -1.0
7.91327381134 -1.0
8.09891200066 -1.0
15.7137358189 -1.0
15.8126959801 -1.0
15.8668658733 -1.0
15.8862059116 -1.0
16.8123970032 1.0
16.8326318264 -1.0
16.8326478004 -1.0
16.832682848 -1.0
16.8522639275 -1.0
