0.0194511413574 -1.0
0.0194602012634 1.0
0.0395572185516 -1.0
0.0501821041107 -1.0
0.18260717392 -1.0
0.238759040833 -1.0
0.258306026459 -1.0
0.40204000473 -1.0
0.402203083038 -1.0
0.402242183685 -1.0
0.422587156296 -1.0
0.443260192871 -1.0
0.443276166916 -1.0
0.462686061859 -1.0
0.490683078766 -1.0
0.583448171616 -1.0
0.585888147354 1.0
0.642827033997 -1.0
0.644561052322 -1.0
0.698843002319 -1.0
0.704008102417 -1.0
0.754850149155 -1.0
0.763674020767 -1.0
0.783934116364 -1.0
0.843502044678 -1.0
0.863489151001 -1.0
0.886262178421 -1.0
0.908175230026 -1.0
0.909096002579 1.0
0.928856134415 -1.0
0.959526062012 -1.0
0.992660999298 -1.0
0.994155168533 -1.0
0.994187116623 -1.0
1.01372718811 -1.0
1.03315019608 -1.0
1.04752016068 -1.0
1.05346918106 -1.0
1.11134600639 -1.0
1.22427415848 -1.0
1.28300213814 -1.0
1.43074512482 -1.0
1.49091100693 -1.0
1.54735922813 -1.0
1.60370016098 -1.0
1.64000511169 1.0
1.73465323448 -1.0
1.79094719887 -1.0
2.19124817848 -1.0
2.21164608002 -1.0
2.23116016388 -1.0
2.29340815544 -1.0
2.36792612076 -1.0
2.48411607742 -1.0
2.50776410103 -1.0
2.50811505318 -1.0
2.56803512573 -1.0
2.60013723373 -1.0
2.62046408653 -1.0
2.6782450676 -1.0
2.67870807648 1.0
2.69967412949 -1.0
2.76992702484 -1.0
2.7902200222 -1.0
2.84738516808 -1.0
2.86718320847 -1.0
2.92028713226 -1.0
2.98004722595 -1.0
3.11772108078 -1.0
3.24261617661 -1.0
3.30150103569 -1.0
3.35969114304 -1.0
3.38164114952 -1.0
3.38294911385 -1.0
3.38329720497 1.0
3.42642402649 -1.0
3.4792470932 -1.0
3.5399711132 -1.0
3.54163217545 -1.0
3.56283211708 -1.0
3.58348822594 -1.0
3.6145670414 -1.0
3.67311120033 -1.0
3.71284508705 -1.0
3.73280620575 -1.0
3.76487803459 -1.0
3.7930932045 -1.0
3.79344511032 1.0
3.81464910507 -1.0
3.87112021446 -1.0
3.87120509148 -1.0
3.93131113052 -1.0
4.01878499985 -1.0
4.46881008148 -1.0
4.49021220207 -1.0
4.50976204872 -1.0
4.58260822296 -1.0
4.60139203072 -1.0
4.60162115097 -1.0
4.62180519104 -1.0
4.63189911842 -1.0
4.66800117493 1.0
4.70816516876 -1.0
4.72789621353 -1.0
4.78781819344 -1.0
4.80752801895 -1.0
4.81613707542 -1.0
4.85067200661 -1.0
4.92515611649 -1.0
4.9835870266 -1.0
5.00339221954 -1.0
5.07054805756 -1.0
5.10800814629 1.0
5.12769317627 -1.0
5.1841571331 -1.0
5.24376916885 -1.0
5.60267019272 -1.0
5.71083521843 -1.0
5.71108317375 -1.0
5.76864123344 -1.0
5.85266113281 -1.0
5.87472200394 -1.0
5.88460016251 -1.0
5.93132615089 -1.0
5.95083022118 -1.0
6.46593403816 -1.0
6.46596121788 1.0
6.48539113998 -1.0
6.71082401276 -1.0
6.71286010742 -1.0
6.76311206818 -1.0
6.81953501701 -1.0
6.8227891922 -1.0
7.05063199997 -1.0
7.14657211304 -1.0
7.16680622101 -1.0
7.25384521484 -1.0
7.25431919098 1.0
7.27450609207 -1.0
7.29522705078 -1.0
7.36124420166 -1.0
7.41964006424 -1.0
7.48506212234 -1.0
7.50637316704 -1.0
7.71197509766 -1.0
7.71257805824 -1.0
7.76065802574 -1.0
7.78170418739 -1.0
7.83977913857 -1.0
7.83979821205 1.0
7.85959601402 -1.0
7.92143702507 -1.0
8.02663707733 -1.0
8.2147860527 -1.0
8.36687612534 -1.0
8.71195101738 -1.0
8.71229219437 -1.0
8.77236914635 -1.0
8.81483221054 -1.0
8.83510804176 -1.0
9.1055431366 -1.0
10.6913611889 1.0
10.7109260559 -1.0
10.7109491825 -1.0
10.7316031456 -1.0
14.554598093 -1.0
15.5233461857 -1.0
15.6244370937 -1.0
15.7230091095 -1.0
