0.0475289821625 -1.0
0.0475399494171 1.0
0.104025840759 -1.0
0.10661482811 -1.0
0.129828929901 -1.0
0.187364816666 -1.0
0.219923973083 -1.0
0.279525995255 -1.0
0.310191869736 -1.0
0.341292858124 -1.0
0.360761880875 -1.0
0.416871786118 -1.0
0.419482946396 -1.0
0.419511795044 1.0
0.475464820862 -1.0
0.494871854782 -1.0
0.50722193718 -1.0
0.566030979156 -1.0
0.581469774246 -1.0
0.597235918045 -1.0
0.601056814194 -1.0
0.714250802994 -1.0
0.816952943802 -1.0
0.923061847687 -1.0
1.00141596794 -1.0
1.03828787804 -1.0
1.05790400505 -1.0
1.05791187286 1.0
1.0804708004 -1.0
1.08067083359 -1.0
1.08071398735 -1.0
1.10024881363 -1.0
1.16475081444 -1.0
1.18756079674 -1.0
1.20732879639 -1.0
1.25361895561 -1.0
1.26918077469 -1.0
1.27238297462 -1.0
1.27242088318 -1.0
1.2887699604 -1.0
1.31577396393 -1.0
1.46593379974 -1.0
1.46626186371 1.0
1.48586297035 -1.0
1.50524187088 -1.0
1.75066995621 -1.0
1.77155780792 -1.0
1.79112577438 -1.0
1.80032086372 -1.0
2.17006587982 -1.0
2.19123387337 -1.0
2.24816393852 -1.0
2.2487308979 -1.0
2.26762294769 -1.0
2.26763081551 1.0
2.27265191078 -1.0
2.27282190323 -1.0
2.28166389465 -1.0
2.28186798096 -1.0
2.28705692291 -1.0
2.32733178139 -1.0
2.34932780266 -1.0
2.34933900833 -1.0
2.34934282303 -1.0
2.35079693794 -1.0
2.35085892677 -1.0
2.35088992119 1.0
2.35107588768 -1.0
2.35123896599 -1.0
2.35145497322 -1.0
2.36898589134 -1.0
2.37654995918 -1.0
2.3773458004 -1.0
2.38640880585 -1.0
2.38674283028 -1.0
2.38848900795 -1.0
2.40788388252 -1.0
2.4294989109 -1.0
2.42976689339 -1.0
2.42983293533 -1.0
2.42986989021 1.0
2.42998099327 -1.0
2.43078684807 -1.0
2.43124294281 -1.0
2.43133378029 -1.0
2.43958592415 -1.0
2.44906878471 -1.0
2.44916296005 -1.0
2.44924283028 -1.0
2.45299386978 -1.0
2.45306777954 -1.0
2.46728181839 -1.0
2.46750688553 -1.0
2.46797585487 -1.0
2.4682469368 -1.0
2.46825289726 1.0
2.46850180626 -1.0
2.46854686737 -1.0
2.47233700752 -1.0
2.50984978676 -1.0
2.51025891304 -1.0
2.51030087471 -1.0
2.51043486595 -1.0
2.51048088074 -1.0
2.51648879051 -1.0
2.51675987244 -1.0
2.51702094078 -1.0
2.5171020031 -1.0
2.53093695641 -1.0
2.53233885765 -1.0
2.53285384178 -1.0
2.53287291527 1.0
2.53295993805 -1.0
2.53303098679 -1.0
2.53332185745 -1.0
2.54585695267 -1.0
2.54607486725 -1.0
2.5461628437 -1.0
2.54627180099 -1.0
2.54634690285 -1.0
2.54666590691 -1.0
2.5467338562 -1.0
2.54682087898 -1.0
2.55034899712 -1.0
2.57004380226 -1.0
2.58414793015 -1.0
2.58956599236 -1.0
2.58958697319 1.0
2.58959579468 -1.0
2.58967494965 -1.0
2.58989191055 -1.0
2.58996295929 -1.0
2.59038686752 -1.0
2.59043192863 -1.0
2.59045386314 -1.0
2.59050488472 -1.0
2.60920596123 -1.0
2.6094148159 -1.0
2.60950088501 -1.0
2.60972285271 -1.0
2.60978984833 -1.0
2.60997796059 -1.0
2.61033678055 -1.0
2.61034393311 1.0
2.61040282249 -1.0
2.6109418869 -1.0
2.61106181145 -1.0
2.61112594604 -1.0
2.62988686562 -1.0
2.66331195831 -1.0
2.68271183968 -1.0
2.7406899929 -1.0
4.24594187737 -1.0
4.26545882225 -1.0
5.24616289139 -1.0
5.24617290497 1.0
5.24627995491 -1.0
5.26597380638 -1.0
6.24650979042 -1.0
6.2660138607 -1.0
7.75874090195 -1.0
14.7961788177 -1.0
15.804858923 -1.0
15.8247578144 -1.0
15.8442318439 -1.0
22.9367067814 1.0
22.9563319683 -1.0
22.9563548565 -1.0
22.9760580063 -1.0
