0.0094850063324 -1.0
0.0398848056793 -1.0
0.0398988723755 1.0
0.0968708992004 -1.0
0.133939981461 -1.0
0.197208881378 -1.0
0.218096971512 -1.0
0.277134895325 -1.0
0.30047082901 -1.0
0.327724933624 -1.0
0.347194910049 -1.0
0.387534856796 -1.0
0.424216985703 -1.0
0.424237012863 1.0
0.473811864853 -1.0
0.480143785477 -1.0
0.490806818008 -1.0
0.499670982361 -1.0
0.519436836243 -1.0
0.674956798553 -1.0
0.817827939987 -1.0
1.01001691818 -1.0
1.08878898621 -1.0
1.16693878174 -1.0
1.18636488914 -1.0
1.18648195267 1.0
1.24560284615 -1.0
1.24568891525 -1.0
1.24573993683 -1.0
1.2714009285 -1.0
1.30305290222 -1.0
1.35383701324 -1.0
1.36495494843 -1.0
1.38248991966 -1.0
1.38455295563 -1.0
1.45390486717 -1.0
1.55681490898 -1.0
1.57696080208 -1.0
1.59637594223 -1.0
1.83566093445 -1.0
1.83673191071 1.0
1.85622382164 -1.0
1.87570595741 -1.0
1.88504481316 -1.0
2.29839777946 -1.0
2.31827092171 -1.0
2.37678384781 -1.0
2.39630293846 -1.0
2.40275478363 -1.0
2.41220784187 -1.0
2.4126060009 -1.0
2.41261196136 1.0
2.41577792168 -1.0
2.45606184006 -1.0
2.48089885712 -1.0
2.48096895218 -1.0
2.48149895668 -1.0
2.48153591156 -1.0
2.48160195351 -1.0
2.48224687576 -1.0
2.48232197762 -1.0
2.4828119278 -1.0
2.50072979927 -1.0
2.5230588913 -1.0
2.52309799194 1.0
2.53382182121 -1.0
2.53384184837 -1.0
2.54364681244 -1.0
2.55916190147 -1.0
2.55929398537 -1.0
2.55934286118 -1.0
2.55945682526 -1.0
2.55982089043 -1.0
2.5598897934 -1.0
2.5736219883 -1.0
2.57365298271 -1.0
2.57375979424 -1.0
2.57882189751 -1.0
2.57884979248 -1.0
2.60207486153 -1.0
2.60208392143 1.0
2.62162685394 -1.0
2.63904190063 -1.0
2.6391658783 -1.0
2.63935089111 -1.0
2.63978481293 -1.0
2.63982200623 -1.0
2.63986182213 -1.0
2.63994884491 -1.0
2.64001178741 -1.0
2.64020180702 -1.0
2.64026379585 -1.0
2.65298485756 -1.0
2.65320491791 -1.0
2.65379190445 -1.0
2.65386891365 -1.0
2.65929889679 -1.0
2.6593208313 1.0
2.65953278542 -1.0
2.67189884186 -1.0
2.67198801041 -1.0
2.67203998566 -1.0
2.67213082314 -1.0
2.67891979218 -1.0
2.69290781021 -1.0
2.69920301437 -1.0
2.71641087532 -1.0
2.71701788902 -1.0
2.72950983047 -1.0
2.73591899872 -1.0
2.73592686653 1.0
2.75431084633 -1.0
2.75615978241 -1.0
2.75785779953 -1.0
2.75959992409 -1.0
2.7599298954 -1.0
2.76001000404 -1.0
2.7614068985 -1.0
2.76148080826 -1.0
2.76210689545 -1.0
2.76238083839 -1.0
2.76244997978 -1.0
2.76284694672 -1.0
2.76293897629 -1.0
2.76309299469 -1.0
2.76311182976 1.0
2.76319098473 -1.0
2.77648282051 -1.0
2.77656292915 -1.0
2.77787995338 -1.0
2.77795100212 -1.0
2.78013181686 -1.0
2.78021192551 -1.0
2.78044700623 -1.0
2.78155779839 -1.0
2.78163695335 -1.0
2.80126190186 -1.0
2.80916690826 -1.0
2.80945897102 -1.0
2.80949878693 -1.0
2.80950379372 1.0
2.80956196785 -1.0
2.80959582329 -1.0
2.80967378616 -1.0
2.81682896614 -1.0
2.82075500488 -1.0
2.87432599068 -1.0
5.84559392929 -1.0
5.8651099205 -1.0
6.80643987656 -1.0
7.45361399651 -1.0
15.366989851 -1.0
15.3670167923 1.0
15.3865189552 -1.0
16.5482618809 -1.0
16.5482759476 -1.0
16.5483808517 -1.0
16.5484259129 -1.0
16.5683119297 -1.0
