0.00293207168579 1.0
0.0525481700897 -1.0
0.111055135727 -1.0
0.167075157166 -1.0
0.22451710701 -1.0
0.283653020859 -1.0
0.308433055878 -1.0
0.330348014832 -1.0
0.330373048782 -1.0
0.391101121902 -1.0
0.417711019516 -1.0
0.455742120743 1.0
0.475186109543 -1.0
0.480126142502 -1.0
0.494984149933 -1.0
0.539983987808 -1.0
0.551283121109 -1.0
0.579735040665 -1.0
0.707509994507 -1.0
0.850135087967 -1.0
0.997148990631 -1.0
1.07523417473 -1.0
1.07559394836 -1.0
1.0756020546 1.0
1.0957159996 -1.0
1.15553712845 -1.0
1.15687203407 -1.0
1.17501807213 -1.0
1.24446201324 -1.0
1.45463609695 -1.0
1.5155351162 -1.0
1.53593611717 -1.0
1.54009413719 -1.0
1.58679294586 -1.0
1.58680295944 1.0
1.586810112 -1.0
1.5992269516 -1.0
1.60916399956 -1.0
1.61877012253 -1.0
1.69921302795 -1.0
1.85457801819 -1.0
1.87461209297 -1.0
1.89407300949 -1.0
2.22559499741 -1.0
2.25572896004 -1.0
2.7150220871 -1.0
2.75174713135 1.0
2.77283215523 -1.0
2.79506111145 -1.0
2.81561398506 -1.0
2.86014509201 -1.0
2.86222600937 -1.0
2.86225199699 -1.0
2.87187695503 -1.0
2.87371897697 -1.0
2.88003206253 -1.0
2.88003802299 1.0
2.90071511269 -1.0
2.92011499405 -1.0
2.9375910759 -1.0
2.93848109245 -1.0
2.93850302696 -1.0
2.93935894966 -1.0
2.9502260685 -1.0
2.95234107971 -1.0
2.95879507065 -1.0
2.98732805252 -1.0
2.98765015602 -1.0
2.98769211769 -1.0
3.00735211372 -1.0
3.00745606422 1.0
3.01722311974 -1.0
3.01723313332 -1.0
3.01831412315 -1.0
3.02801513672 -1.0
3.03161001205 -1.0
3.03183102608 -1.0
3.03204703331 -1.0
3.03758597374 -1.0
3.05209517479 -1.0
3.05271196365 -1.0
3.05303215981 -1.0
3.05312204361 -1.0
3.0531270504 1.0
3.05340194702 -1.0
3.08128499985 -1.0
3.08132004738 -1.0
3.08141613007 -1.0
3.08162498474 -1.0
3.10092997551 -1.0
3.1084830761 -1.0
3.10953211784 -1.0
3.10981917381 -1.0
3.10987305641 -1.0
3.1105530262 -1.0
3.11098814011 -1.0
3.11107707024 1.0
3.11172699928 -1.0
3.12803506851 -1.0
3.12903308868 -1.0
3.13091897964 -1.0
3.13102412224 -1.0
3.13106417656 -1.0
3.13138699532 -1.0
3.13175296783 -1.0
3.13182115555 -1.0
3.13185501099 -1.0
3.14511394501 -1.0
3.1457490921 -1.0
3.14763212204 -1.0
3.18110799789 -1.0
3.18112015724 1.0
3.18120598793 -1.0
3.18121409416 -1.0
3.18123602867 -1.0
3.18182611465 -1.0
3.18202805519 -1.0
3.18214702606 -1.0
3.18289613724 -1.0
3.18297195435 -1.0
3.18315696716 -1.0
3.18324303627 -1.0
3.20108103752 -1.0
3.20696496964 -1.0
3.20710396767 -1.0
3.21348714828 -1.0
3.21349596977 -1.0
3.21351599693 1.0
3.22349309921 -1.0
3.22354602814 -1.0
3.22401809692 -1.0
3.22410607338 -1.0
3.22418904305 -1.0
3.22423410416 -1.0
3.22761416435 -1.0
3.26348114014 -1.0
3.28556609154 -1.0
3.33228802681 -1.0
3.35288310051 -1.0
3.37280297279 -1.0
3.44378495216 -1.0
3.44383811951 1.0
3.49991607666 -1.0
3.55963110924 -1.0
4.68225312233 -1.0
4.70357704163 -1.0
5.68253993988 -1.0
5.70346212387 -1.0
6.68277597427 -1.0
6.70270800591 -1.0
7.59669709206 -1.0
7.63575601578 1.0
15.7935669422 -1.0
