0.0 1.0
0.00236582756042 -1.0
0.0571439266205 -1.0
0.0585849285126 -1.0
0.113173961639 -1.0
0.147166967392 -1.0
0.196727991104 -1.0
0.281229019165 -1.0
0.337344884872 -1.0
0.473603010178 -1.0
0.492431879044 -1.0
0.517321825027 -1.0
0.517570018768 1.0
0.573737859726 -1.0
0.577862977982 -1.0
0.609416007996 -1.0
0.648453950882 -1.0
0.671069860458 -1.0
0.671093940735 -1.0
0.685524940491 -1.0
0.69070482254 -1.0
0.73319196701 -1.0
0.750355958939 -1.0
0.789286851883 -1.0
0.806842803955 -1.0
0.817575931549 -1.0
0.817583799362 1.0
0.826461791992 -1.0
0.840137958527 -1.0
0.846038818359 -1.0
0.865639925003 -1.0
0.90619802475 -1.0
0.967683792114 -1.0
1.04589295387 -1.0
1.07805681229 -1.0
1.09766387939 -1.0
1.12425088882 -1.0
1.12427783012 1.0
1.12467885017 -1.0
1.12470293045 -1.0
1.14503788948 -1.0
1.2013528347 -1.0
1.22115898132 -1.0
1.4244248867 -1.0
1.45540595055 -1.0
1.47822499275 -1.0
1.52982401848 -1.0
1.53472399712 -1.0
1.53473091125 1.0
1.5473959446 -1.0
1.55445289612 -1.0
1.57408499718 -1.0
1.63784790039 -1.0
1.83370900154 -1.0
1.84862184525 -1.0
1.86859202385 -1.0
1.9983279705 -1.0
2.13567590714 -1.0
2.14649200439 1.0
2.16623783112 -1.0
2.55421686172 -1.0
2.61109685898 -1.0
2.63273096085 -1.0
2.63317584991 -1.0
2.65238595009 -1.0
2.65808987617 -1.0
2.65817284584 -1.0
2.66818785667 -1.0
2.66838884354 -1.0
2.668394804 1.0
2.66859197617 -1.0
2.67210698128 -1.0
2.71180796623 -1.0
2.73193502426 -1.0
2.73509383202 -1.0
2.73510479927 -1.0
2.73653483391 -1.0
2.73654985428 -1.0
2.73662781715 -1.0
2.73671388626 -1.0
2.73714280128 -1.0
2.7552549839 -1.0
2.76138901711 -1.0
2.76141285896 1.0
2.77192997932 -1.0
2.77539396286 -1.0
2.79017901421 -1.0
2.81088089943 -1.0
2.81399488449 -1.0
2.81412291527 -1.0
2.81464099884 -1.0
2.81513381004 -1.0
2.8152589798 -1.0
2.81533193588 -1.0
2.81555986404 -1.0
2.81562995911 -1.0
2.81658792496 -1.0
2.83070683479 -1.0
2.8307158947 1.0
2.8336558342 -1.0
2.8390610218 -1.0
2.83906793594 -1.0
2.83931088448 -1.0
2.83938980103 -1.0
2.85350894928 -1.0
2.86178684235 -1.0
2.86239886284 -1.0
2.86242699623 -1.0
2.86249685287 -1.0
2.86252188683 -1.0
2.87322497368 -1.0
2.8922829628 -1.0
2.89230799675 -1.0
2.89231491089 1.0
2.89261984825 -1.0
2.89406180382 -1.0
2.89416098595 -1.0
2.89420890808 -1.0
2.89432096481 -1.0
2.89435982704 -1.0
2.89442491531 -1.0
2.89444899559 -1.0
2.89948296547 -1.0
2.89980983734 -1.0
2.89987897873 -1.0
2.89989495277 -1.0
2.91241288185 -1.0
2.91436290741 -1.0
2.91438984871 1.0
2.92946982384 -1.0
2.92959189415 -1.0
2.92963600159 -1.0
2.92980599403 -1.0
2.92988085747 -1.0
2.93388199806 -1.0
2.95366501808 -1.0
2.95391392708 -1.0
2.95396780968 -1.0
2.95492601395 -1.0
2.95493197441 -1.0
2.96492695808 -1.0
2.97344779968 -1.0
2.9736289978 -1.0
2.97363400459 1.0
2.97370100021 -1.0
2.97450780869 -1.0
2.98011398315 -1.0
2.98032593727 -1.0
2.98039102554 -1.0
2.98538994789 -1.0
2.9854619503 -1.0
2.98927402496 -1.0
2.98944687843 -1.0
2.98955082893 -1.0
2.98964381218 -1.0
2.98965001106 1.0
2.99307799339 -1.0
2.99393486977 -1.0
3.00811481476 -1.0
3.00814890862 -1.0
3.01360297203 -1.0
3.03314590454 -1.0
3.05219388008 -1.0
3.07170081139 -1.0
3.12963700294 -1.0
4.39616680145 -1.0
4.41586494446 -1.0
5.3969938755 -1.0
5.39700388908 1.0
5.41663193703 -1.0
6.39767289162 -1.0
6.39776682854 -1.0
6.41730999947 -1.0
6.46637201309 -1.0
7.39764595032 -1.0
7.41745400429 -1.0
7.67391586304 -1.0
15.4048318863 -1.0
15.4501588345 -1.0
15.450165987 1.0
15.469689846 -1.0
