0.0125339031219 -1.0
0.0302238464355 -1.0
0.0302357673645 1.0
0.0905737876892 -1.0
0.110743999481 -1.0
0.16224694252 -1.0
0.234310865402 -1.0
0.26799082756 -1.0
0.291517972946 -1.0
0.363109827042 -1.0
0.423495769501 -1.0
0.435898780823 -1.0
0.435961961746 1.0
0.464813947678 -1.0
0.473436832428 -1.0
0.484715938568 -1.0
0.543246984482 -1.0
0.54497385025 -1.0
0.607724905014 -1.0
0.764999866486 -1.0
0.87104177475 -1.0
1.07792687416 -1.0
1.1655819416 -1.0
1.16564488411 1.0
1.26610589027 -1.0
1.3304708004 -1.0
1.34170484543 -1.0
1.66128897667 -1.0
1.71788597107 -1.0
1.72907876968 -1.0
1.73768496513 -1.0
1.73789191246 -1.0
1.79630589485 -1.0
1.79632091522 1.0
1.81983685493 -1.0
1.96348977089 -1.0
1.98330688477 -1.0
2.00315785408 -1.0
2.23978686333 -1.0
2.27816581726 -1.0
2.66542577744 -1.0
2.72467494011 -1.0
2.73677182198 -1.0
2.74407291412 -1.0
2.74410295486 -1.0
2.744109869 1.0
2.76641583443 -1.0
2.78268289566 -1.0
2.78585886955 -1.0
2.82313299179 -1.0
2.83895683289 -1.0
2.8390378952 -1.0
2.84095788002 -1.0
2.84099578857 -1.0
2.84122180939 -1.0
2.84306097031 -1.0
2.84306693077 1.0
2.84509778023 -1.0
2.84513878822 -1.0
2.85871696472 -1.0
2.86058878899 -1.0
2.86293387413 -1.0
2.86300992966 -1.0
2.87492489815 -1.0
2.87517094612 -1.0
2.87523198128 -1.0
2.88275790215 -1.0
2.90151786804 -1.0
2.92034482956 -1.0
2.92055583 -1.0
2.92056298256 1.0
2.92091083527 -1.0
2.9209728241 -1.0
2.92105484009 -1.0
2.92111086845 -1.0
2.95288586617 -1.0
2.95296096802 -1.0
2.95350885391 -1.0
2.95366477966 -1.0
2.95379686356 -1.0
2.95386791229 -1.0
2.95445489883 -1.0
2.95452594757 -1.0
2.95479178429 -1.0
2.95485782623 -1.0
2.97260499001 -1.0
2.99740099907 -1.0
2.99740982056 1.0
2.99766278267 -1.0
2.9977118969 -1.0
2.99841785431 -1.0
2.99854278564 -1.0
2.99862289429 -1.0
2.998721838 -1.0
3.0169699192 -1.0
3.01825094223 -1.0
3.01899194717 -1.0
3.01905679703 -1.0
3.01921892166 -1.0
3.01937294006 -1.0
3.03776788712 -1.0
3.07849979401 -1.0
3.0797097683 -1.0
3.07973098755 1.0
3.08025288582 -1.0
3.08027887344 -1.0
3.08034491539 -1.0
3.08066987991 -1.0
3.08088088036 -1.0
3.08093285561 -1.0
3.08140683174 -1.0
3.08146286011 -1.0
3.08153390884 -1.0
3.09627079964 -1.0
3.09920096397 -1.0
3.0998878479 -1.0
3.09995985031 -1.0
3.09997296333 1.0
3.10020089149 -1.0
3.10030579567 -1.0
3.10040378571 -1.0
3.10049986839 -1.0
3.15500879288 -1.0
3.15577793121 -1.0
3.16593694687 -1.0
3.16594576836 -1.0
3.16598987579 -1.0
3.16605687141 -1.0
3.16624093056 -1.0
3.16678786278 -1.0
3.16686081886 -1.0
3.16709494591 -1.0
3.16741394997 -1.0
3.16741991043 1.0
3.18554377556 -1.0
3.24264883995 -1.0
3.24399876595 -1.0
3.3025867939 -1.0
5.68272185326 -1.0
5.70244693756 -1.0
6.68291091919 -1.0
6.70243096352 -1.0
8.3524518013 -1.0
15.6795008183 -1.0
15.679527998 1.0
15.7064869404 -1.0
