0.00276398658752 -1.0
0.00279307365417 1.0
0.0145401954651 -1.0
0.0736310482025 -1.0
0.088947057724 -1.0
0.129481077194 -1.0
0.193591117859 -1.0
0.214338064194 -1.0
0.298552036285 -1.0
0.347226142883 -1.0
0.404816150665 -1.0
0.404828071594 1.0
0.456377029419 -1.0
0.504778146744 -1.0
0.541846990585 -1.0
0.652606010437 -1.0
0.673475027084 -1.0
0.730772018433 -1.0
0.761482000351 -1.0
0.817660093307 -1.0
0.873661994934 -1.0
0.8737180233 1.0
0.884159088135 -1.0
0.893202066422 -1.0
0.96107506752 -1.0
0.980633020401 -1.0
1.02491402626 -1.0
1.07814407349 -1.0
1.13797807693 -1.0
1.14050912857 1.0
1.15727210045 -1.0
1.15776515007 -1.0
1.19798207283 -1.0
1.22154998779 -1.0
1.28569698334 -1.0
1.28576207161 -1.0
1.28591108322 -1.0
1.28598308563 -1.0
1.30241298676 -1.0
1.30478906631 -1.0
1.30516910553 -1.0
1.32734513283 -1.0
1.38318705559 -1.0
1.38324117661 1.0
1.39087605476 -1.0
1.39110612869 -1.0
1.39115405083 -1.0
1.39129400253 -1.0
1.39136314392 -1.0
1.3913860321 -1.0
1.39155006409 -1.0
1.41047620773 -1.0
1.4108171463 -1.0
1.43007421494 -1.0
1.43348503113 -1.0
1.45305418968 -1.0
1.46570301056 -1.0
1.46571111679 1.0
1.48571515083 -1.0
1.49712204933 -1.0
1.49769711494 -1.0
1.49804615974 -1.0
1.4980931282 -1.0
1.49890398979 -1.0
1.49895620346 -1.0
1.49903106689 -1.0
1.50793099403 -1.0
1.51715016365 -1.0
1.51718616486 -1.0
1.51727199554 -1.0
1.51728820801 1.0
1.51735520363 -1.0
1.51756119728 -1.0
1.5176320076 -1.0
1.51839804649 -1.0
1.52760910988 -1.0
1.53864812851 -1.0
1.55825710297 -1.0
1.60216403008 -1.0
1.60218715668 -1.0
1.60252904892 -1.0
1.60256814957 -1.0
1.6026391983 -1.0
1.60303521156 -1.0
1.60310411453 -1.0
1.60312318802 -1.0
1.60314011574 1.0
1.60322713852 -1.0
1.60332012177 -1.0
1.60335016251 -1.0
1.60356020927 -1.0
1.6036632061 -1.0
1.62190699577 -1.0
1.62255501747 -1.0
1.62294316292 -1.0
1.62295198441 -1.0
1.62296104431 -1.0
1.62361216545 -1.0
1.62369203568 -1.0
1.62379717827 -1.0
1.62381315231 1.0
1.62387418747 -1.0
1.62408304214 -1.0
1.62415909767 -1.0
1.64165711403 -1.0
1.64486098289 -1.0
1.64509606361 -1.0
1.6646361351 -1.0
1.70910310745 -1.0
1.70922613144 -1.0
1.70972919464 -1.0
1.70977020264 -1.0
1.70986509323 -1.0
1.70991802216 -1.0
1.70992398262 1.0
1.71010518074 -1.0
1.71018099785 -1.0
1.71027302742 -1.0
1.71033716202 -1.0
1.71042704582 -1.0
1.71065807343 -1.0
1.71074104309 -1.0
1.72861409187 -1.0
1.72863006592 -1.0
1.72948813438 -1.0
1.7295601368 -1.0
1.72966909409 -1.0
1.72974801064 -1.0
1.72982406616 -1.0
1.7299489975 -1.0
1.7300131321 -1.0
1.73012113571 -1.0
1.73013806343 1.0
1.7303211689 -1.0
1.74835205078 -1.0
1.75120401382 -1.0
1.76825618744 -1.0
1.78786301613 -1.0
1.84574913979 -1.0
2.01777911186 -1.0
2.07364821434 -1.0
2.11067318916 -1.0
2.13128614426 -1.0
2.13131403923 1.0
2.15115213394 -1.0
2.21563315392 -1.0
2.26626610756 -1.0
2.3218691349 -1.0
2.37879514694 -1.0
2.43782711029 -1.0
2.49776220322 -1.0
2.56732010841 -1.0
2.56733012199 1.0
2.62581300735 -1.0
2.67286610603 -1.0
2.72983813286 -1.0
2.77824211121 -1.0
2.88482308388 -1.0
2.95777320862 -1.0
3.0288040638 -1.0
3.41462206841 -1.0
3.43624520302 -1.0
3.43625402451 1.0
3.49311709404 -1.0
3.51257801056 -1.0
3.51774716377 -1.0
3.51776218414 -1.0
3.5178771019 -1.0
3.5269241333 -1.0
3.53225302696 -1.0
3.57134413719 -1.0
3.57138609886 -1.0
3.571393013 1.0
3.59131121635 -1.0
3.59644007683 -1.0
3.59656214714 -1.0
3.59669208527 -1.0
3.59694910049 -1.0
3.59705805779 -1.0
3.60518717766 -1.0
3.61109614372 -1.0
3.61111617088 -1.0
3.61874508858 -1.0
3.62999606133 -1.0
3.63004612923 -1.0
3.6301150322 -1.0
3.63013219833 -1.0
3.63043498993 -1.0
3.65085911751 -1.0
3.65086913109 1.0
3.6508769989 -1.0
3.67047715187 -1.0
3.67420721054 -1.0
3.67431807518 -1.0
3.67457318306 -1.0
3.67468118668 -1.0
3.6748239994 -1.0
3.67534303665 -1.0
3.67541408539 -1.0
3.68524312973 -1.0
3.68554520607 -1.0
3.69125199318 -1.0
3.69132614136 -1.0
3.69525313377 -1.0
3.69527721405 1.0
3.70895910263 -1.0
3.70896911621 -1.0
3.70927119255 -1.0
3.70952320099 -1.0
3.70958209038 -1.0
3.71472406387 -1.0
3.72483301163 -1.0
3.72484707832 -1.0
3.73618102074 -1.0
3.74445319176 -1.0
3.75256109238 -1.0
3.75345802307 -1.0
3.75355100632 -1.0
3.75364208221 -1.0
3.75379920006 -1.0
3.75386500359 -1.0
3.7538831234 1.0
3.75409221649 -1.0
3.75414013863 -1.0
3.76211619377 -1.0
3.76218318939 -1.0
3.76271510124 -1.0
3.77260303497 -1.0
3.78736710548 -1.0
3.78744602203 -1.0
3.78752613068 -1.0
3.78824305534 -1.0
3.78845500946 -1.0
3.78956604004 -1.0
3.78963804245 -1.0
3.78987002373 -1.0
3.78996109962 -1.0
3.80292105675 -1.0
3.80295300484 1.0
3.80297398567 -1.0
3.80316615105 -1.0
3.80324816704 -1.0
3.80692505836 -1.0
3.81993603706 -1.0
3.82666707039 -1.0
3.84089207649 -1.0
3.84092712402 -1.0
3.84097218513 -1.0
3.84113812447 -1.0
3.84115719795 -1.0
3.8412539959 -1.0
3.84129500389 -1.0
3.84130001068 1.0
3.84137415886 -1.0
3.84160900116 -1.0
3.84168219566 -1.0
3.84170198441 -1.0
3.84177517891 -1.0
3.84833216667 -1.0
3.84848403931 -1.0
3.84879112244 -1.0
3.84885811806 -1.0
3.84904813766 -1.0
3.86069607735 -1.0
3.86077213287 -1.0
3.89801216125 -1.0
3.9102730751 -1.0
3.91029906273 1.0
3.91750621796 -1.0
3.95401406288 -1.0
4.01008105278 -1.0
4.64454007149 -1.0
4.6640431881 -1.0
4.88107013702 -1.0
5.6438331604 -1.0
5.64423108101 -1.0
5.663585186 -1.0
6.624366045 1.0
6.64414620399 -1.0
6.64432621002 -1.0
6.66407704353 -1.0
6.78348398209 -1.0
7.64418506622 -1.0
7.66389298439 -1.0
8.64452719688 -1.0
8.66412210464 -1.0
8.93031716347 -1.0
16.068557024 -1.0
16.0685811043 1.0
16.1705091 -1.0
