0.0 -1.0
0.0236210823059 1.0
0.0480830669403 -1.0
0.107993125916 -1.0
0.133711099625 -1.0
0.154208898544 -1.0
0.173788070679 -1.0
0.232059001923 -1.0
0.25964307785 -1.0
0.25968003273 -1.0
0.318478107452 -1.0
0.318488121033 1.0
0.364645957947 -1.0
0.4240899086 -1.0
0.437391996384 -1.0
0.473104953766 -1.0
0.559005975723 -1.0
0.579617023468 -1.0
0.600709915161 -1.0
0.620271921158 -1.0
0.659995079041 -1.0
0.681454896927 -1.0
0.741183042526 -1.0
0.741209030151 1.0
0.760791063309 -1.0
0.800010919571 -1.0
0.826056003571 -1.0
0.885101079941 -1.0
0.92773103714 -1.0
0.948024988174 -1.0
0.995222091675 -1.0
0.99525308609 1.0
0.999475002289 -1.0
0.999514102936 -1.0
1.01471495628 -1.0
1.01592612267 -1.0
1.01600289345 -1.0
1.03000712395 -1.0
1.03538012505 -1.0
1.07601189613 -1.0
1.09331798553 -1.0
1.09662795067 -1.0
1.09969592094 -1.0
1.09978294373 -1.0
1.09980607033 -1.0
1.09987807274 -1.0
1.09996294975 -1.0
1.10005998611 1.0
1.11295509338 -1.0
1.11730790138 -1.0
1.1173479557 -1.0
1.11936903 -1.0
1.11938595772 -1.0
1.11946392059 -1.0
1.12074804306 -1.0
1.1208178997 -1.0
1.13242197037 -1.0
1.14421892166 -1.0
1.15193009377 -1.0
1.18722891808 -1.0
1.18728303909 -1.0
1.20537900925 -1.0
1.20559096336 -1.0
1.20564103127 -1.0
1.2056620121 1.0
1.20583605766 -1.0
1.20593595505 -1.0
1.20599102974 -1.0
1.2069029808 -1.0
1.22625994682 -1.0
1.22650408745 -1.0
1.22657608986 -1.0
1.22672390938 -1.0
1.22684693336 -1.0
1.2269320488 -1.0
1.24622297287 -1.0
1.28554701805 1.0
1.28733897209 -1.0
1.30504393578 -1.0
1.31073904037 -1.0
1.3109190464 -1.0
1.31095695496 -1.0
1.31119298935 -1.0
1.31123304367 -1.0
1.31128001213 -1.0
1.31134200096 -1.0
1.31144809723 -1.0
1.31156492233 -1.0
1.32520508766 -1.0
1.33132100105 -1.0
1.33133101463 1.0
1.33190393448 -1.0
1.33192491531 -1.0
1.33200907707 -1.0
1.33252000809 -1.0
1.33258509636 -1.0
1.33280110359 -1.0
1.33379507065 -1.0
1.3338739872 -1.0
1.33453011513 -1.0
1.33460903168 -1.0
1.35089993477 -1.0
1.39282011986 -1.0
1.39293408394 1.0
1.41620206833 -1.0
1.41623401642 -1.0
1.41642594337 -1.0
1.41646504402 -1.0
1.41653704643 -1.0
1.41663599014 -1.0
1.41670608521 -1.0
1.41693711281 -1.0
1.41700601578 -1.0
1.41709208488 -1.0
1.41729593277 -1.0
1.41752696037 -1.0
1.41767406464 -1.0
1.4357419014 -1.0
1.43575000763 1.0
1.4368019104 -1.0
1.43704009056 -1.0
1.43709611893 -1.0
1.43726992607 -1.0
1.43733310699 -1.0
1.43758702278 -1.0
1.43790006638 -1.0
1.4381248951 -1.0
1.43821692467 -1.0
1.43830609322 -1.0
1.43838500977 -1.0
1.43852090836 -1.0
1.43859696388 -1.0
1.4386780262 -1.0
1.43874692917 -1.0
1.43875193596 1.0
1.45525097847 -1.0
1.46968603134 -1.0
1.48094892502 -1.0
1.4862909317 -1.0
1.52810311317 -1.0
1.54759693146 -1.0
1.61309599876 -1.0
1.67219209671 -1.0
1.73602509499 -1.0
1.80814790726 -1.0
1.83672308922 -1.0
1.85771989822 -1.0
1.85773801804 -1.0
1.87726712227 -1.0
1.91714596748 -1.0
1.91718101501 -1.0
1.91721010208 1.0
1.94671010971 -1.0
2.23803091049 -1.0
2.25768399239 -1.0
2.34455895424 -1.0
2.51033401489 -1.0
2.5303940773 -1.0
2.55010008812 -1.0
2.84629702568 -1.0
2.93999505043 -1.0
3.32934403419 -1.0
3.32936811447 1.0
3.35032010078 -1.0
3.40791702271 -1.0
3.42754101753 -1.0
3.43264698982 -1.0
3.43277192116 -1.0
3.43284201622 -1.0
3.44129610062 -1.0
3.44132089615 -1.0
3.44700908661 -1.0
3.44701600075 1.0
3.45270395279 -1.0
3.48641610146 -1.0
3.50917005539 -1.0
3.50918912888 -1.0
3.51177096367 -1.0
3.5120370388 -1.0
3.51207995415 -1.0
3.5121409893 -1.0
3.51859712601 -1.0
3.52887392044 -1.0
3.54401302338 -1.0
3.5567150116 -1.0
3.55704903603 -1.0
3.55709695816 -1.0
3.56343102455 -1.0
3.56343793869 1.0
3.56474709511 -1.0
3.58288598061 -1.0
3.5914170742 -1.0
3.59159803391 -1.0
3.59164404869 -1.0
3.59174990654 -1.0
3.59700798988 -1.0
3.59724593163 -1.0
3.59732103348 -1.0
3.59746098518 -1.0
3.60238790512 -1.0
3.60248708725 -1.0
3.61099410057 -1.0
3.61102104187 1.0
3.63472390175 -1.0
3.63581395149 -1.0
3.65431404114 -1.0
3.65534901619 -1.0
3.65536212921 -1.0
3.65598297119 -1.0
3.6560549736 -1.0
3.67101192474 -1.0
3.67227292061 -1.0
3.67248392105 -1.0
3.67252492905 -1.0
3.67270493507 -1.0
3.67281413078 -1.0
3.67282009125 1.0
3.67288303375 -1.0
3.67300605774 -1.0
3.67327308655 -1.0
3.67520093918 -1.0
3.67527103424 -1.0
3.67562198639 -1.0
3.67570400238 -1.0
3.67579507828 -1.0
3.67587089539 -1.0
3.67609000206 -1.0
3.67615890503 -1.0
3.69198703766 -1.0
3.69210910797 -1.0
3.69509291649 -1.0
3.73481607437 -1.0
3.73484110832 1.0
3.73500990868 -1.0
3.73516106606 -1.0
3.73525500298 -1.0
3.74375295639 -1.0
3.74376702309 -1.0
3.74393010139 -1.0
3.74399590492 -1.0
3.7491350174 -1.0
3.75033307076 -1.0
3.75038290024 -1.0
3.75049591064 -1.0
3.75061202049 -1.0
3.75089001656 -1.0
3.75105905533 -1.0
3.75106501579 1.0
3.75465393066 -1.0
3.75470399857 -1.0
3.75481891632 -1.0
3.75491404533 -1.0
3.75499892235 -1.0
3.75524401665 -1.0
3.77516698837 -1.0
3.80590510368 -1.0
3.80593109131 -1.0
3.80608701706 -1.0
3.80616307259 -1.0
3.80626606941 -1.0
3.80630302429 -1.0
3.80632710457 1.0
3.8065290451 -1.0
3.8257329464 -1.0
3.82859992981 -1.0
3.82865691185 -1.0
3.84551906586 -1.0
3.90461397171 -1.0
4.38273000717 -1.0
4.40217590332 -1.0
4.61002111435 -1.0
5.3741440773 -1.0
5.37415289879 1.0
5.374366045 -1.0
5.39376211166 -1.0
6.37441205978 -1.0
6.37459206581 -1.0
6.39380693436 -1.0
6.53160190582 -1.0
7.38122391701 -1.0
7.40987992287 -1.0
8.16796708107 -1.0
16.0910999775 -1.0
16.2368910313 -1.0
16.2369151115 1.0
