0.0 1.0
0.0132350921631 -1.0
0.0594530105591 -1.0
0.0767910480499 -1.0
0.115628957748 -1.0
0.132874011993 -1.0
0.15465092659 -1.0
0.156190872192 -1.0
0.177524089813 -1.0
0.197068929672 -1.0
0.243556976318 -1.0
0.243568897247 1.0
0.299475908279 -1.0
0.316381931305 -1.0
0.355447053909 -1.0
0.373807907104 -1.0
0.376780033112 -1.0
0.397496938705 -1.0
0.440335035324 -1.0
0.458390951157 -1.0
0.482625961304 -1.0
0.502470016479 -1.0
0.503508090973 1.0
0.523283958435 -1.0
0.580972909927 -1.0
0.636785984039 -1.0
0.715131998062 -1.0
0.736017942429 -1.0
0.780767917633 -1.0
0.839425086975 -1.0
0.860460996628 -1.0
0.916771888733 -1.0
0.973867893219 -1.0
0.974212884903 1.0
1.01062297821 -1.0
1.13698196411 -1.0
1.13998007774 -1.0
1.15974903107 -1.0
1.25639009476 -1.0
1.29420900345 -1.0
1.33414006233 -1.0
1.33455395699 -1.0
1.35385799408 -1.0
1.41234207153 -1.0
1.41332197189 -1.0
1.41334700584 1.0
1.43309187889 -1.0
1.46289992332 -1.0
1.56633496284 -1.0
1.56662988663 -1.0
1.56666898727 -1.0
1.58596992493 -1.0
1.58675909042 -1.0
1.60583591461 -1.0
1.67164087296 -1.0
1.67178702354 -1.0
1.6718609333 1.0
1.67215394974 -1.0
1.67233586311 -1.0
1.67237997055 -1.0
1.69121098518 -1.0
1.69245505333 -1.0
1.69256591797 -1.0
1.69260287285 -1.0
1.71081209183 -1.0
1.71116304398 -1.0
1.71119189262 -1.0
1.71398186684 -1.0
1.73109602928 -1.0
1.77173900604 -1.0
1.77841997147 -1.0
1.77842998505 -1.0
1.77847695351 -1.0
1.77862906456 -1.0
1.77863693237 1.0
1.77917098999 -1.0
1.77918505669 -1.0
1.78929901123 -1.0
1.79899191856 -1.0
1.79902601242 -1.0
1.8088350296 -1.0
1.81668400764 -1.0
1.83077907562 -1.0
1.83729505539 -1.0
1.87724208832 1.0
1.88282299042 -1.0
1.88292002678 -1.0
1.88299107552 -1.0
1.88307189941 -1.0
1.88314795494 -1.0
1.88325190544 -1.0
1.88368701935 -1.0
1.88384103775 -1.0
1.89732909203 -1.0
1.90402698517 -1.0
1.90475201607 -1.0
1.90477991104 -1.0
1.90510606766 -1.0
1.90511393547 1.0
1.90546298027 -1.0
1.90555000305 -1.0
1.90599894524 -1.0
1.90606307983 -1.0
1.90733504295 -1.0
1.90740895271 -1.0
1.90822792053 -1.0
1.90830993652 -1.0
1.9226770401 -1.0
1.92368197441 -1.0
1.94352006912 -1.0
1.9631819725 -1.0
1.98979091644 -1.0
1.98989391327 -1.0
1.98998689651 -1.0
1.98999094963 1.0
1.99055600166 -1.0
1.9907848835 -1.0
1.99087190628 -1.0
1.99103498459 -1.0
1.99150395393 -1.0
1.99158406258 -1.0
1.99196195602 -1.0
1.9920399189 -1.0
1.99224805832 -1.0
2.00954699516 -1.0
2.01047706604 -1.0
2.01057291031 -1.0
2.01066493988 -1.0
2.01090693474 -1.0
2.01100087166 -1.0
2.01100707054 1.0
2.01108288765 -1.0
2.01116895676 -1.0
2.01124405861 -1.0
2.01140499115 -1.0
2.02889204025 -1.0
2.02939891815 -1.0
2.02947497368 -1.0
2.03039193153 -1.0
2.03158092499 -1.0
2.05158805847 -1.0
2.10813307762 -1.0
2.2659740448 -1.0
2.28789997101 -1.0
2.28792095184 1.0
2.30776691437 -1.0
2.37077903748 -1.0
2.39159202576 -1.0
2.41185307503 -1.0
2.44049692154 -1.0
2.64821696281 -1.0
2.66813087463 -1.0
2.68776702881 -1.0
3.07793688774 -1.0
3.1231880188 -1.0
3.77302002907 -1.0
3.82931494713 -1.0
3.82933807373 1.0
3.85188388824 -1.0
3.8519179821 -1.0
3.87143707275 -1.0
3.87628102303 -1.0
3.87647104263 -1.0
3.8911550045 -1.0
3.9100458622 -1.0
3.91226100922 -1.0
3.9304330349 -1.0
3.93046402931 1.0
3.93211007118 -1.0
3.95169591904 -1.0
3.95472598076 -1.0
3.9551448822 -1.0
3.95564508438 -1.0
3.95570802689 -1.0
3.95603990555 -1.0
3.95610904694 -1.0
3.97484588623 -1.0
3.97916293144 -1.0
3.99439692497 -1.0
4.00964403152 -1.0
4.01247692108 -1.0
4.01251387596 -1.0
4.01254987717 1.0
4.0147600174 -1.0
4.0339679718 -1.0
4.03400206566 -1.0
4.0346429348 -1.0
4.03479290009 -1.0
4.05412602425 -1.0
4.05741786957 -1.0
4.05756688118 -1.0
4.05764007568 -1.0
4.05810403824 -1.0
4.05819392204 -1.0
4.07387089729 -1.0
4.10931897163 -1.0
4.10935091972 -1.0
4.11150407791 -1.0
4.1115128994 1.0
4.1116039753 -1.0
4.11341500282 -1.0
4.11345887184 -1.0
4.12880802155 -1.0
4.12884402275 -1.0
4.12889409065 -1.0
4.13699102402 -1.0
4.13720393181 -1.0
4.13748288155 -1.0
4.13757705688 -1.0
4.13807487488 -1.0
4.13808107376 1.0
4.13842701912 -1.0
4.1487569809 -1.0
4.14876389503 -1.0
4.14885187149 -1.0
4.15679597855 -1.0
4.21454596519 -1.0
4.21742486954 -1.0
4.21813392639 -1.0
4.21964597702 -1.0
4.21965909004 -1.0
4.22023200989 -1.0
4.22095990181 -1.0
4.22104096413 -1.0
4.22132396698 -1.0
4.22138309479 -1.0
4.22143602371 1.0
4.22150707245 -1.0
4.22181987762 -1.0
4.22190189362 -1.0
4.22225403786 -1.0
4.22248888016 -1.0
4.22260499001 -1.0
4.22285795212 -1.0
4.23766994476 -1.0
4.23839402199 -1.0
4.23965096474 -1.0
4.2399148941 -1.0
4.24000191689 -1.0
4.24064707756 -1.0
4.24073386192 -1.0
4.24101686478 -1.0
4.24110603333 -1.0
4.24111104012 1.0
4.25710296631 -1.0
4.31217288971 -1.0
4.31219601631 -1.0
4.31226086617 -1.0
4.31229996681 -1.0
4.31465792656 -1.0
4.33293604851 -1.0
4.35256409645 -1.0
4.56612706184 -1.0
4.60526609421 1.0
5.29626607895 -1.0
5.3519589901 -1.0
5.53392291069 -1.0
6.29608392715 -1.0
6.29609298706 1.0
6.29621195793 -1.0
6.29636192322 -1.0
6.2966029644 -1.0
6.31716609001 -1.0
6.31815099716 -1.0
7.01815295219 -1.0
7.2665450573 -1.0
7.28207707405 -1.0
7.29685902596 -1.0
8.81676197052 -1.0
16.2690548897 -1.0
16.5090870857 -1.0
16.5308990479 -1.0
16.5309069157 1.0
