0.0 1.0
0.00437998771667 -1.0
0.057993888855 -1.0
0.115891933441 -1.0
0.146492004395 -1.0
0.211697101593 -1.0
0.288093090057 -1.0
0.343771934509 -1.0
0.502379894257 -1.0
0.614082098007 -1.0
0.671992063522 -1.0
0.718471050262 -1.0
0.77586388588 -1.0
0.78533911705 -1.0
0.785367012024 -1.0
0.785415887833 1.0
0.865067005157 -1.0
0.889708995819 -1.0
0.889753103256 -1.0
0.929270982742 -1.0
0.952246904373 -1.0
1.01202011108 -1.0
1.12809991837 -1.0
1.12978506088 -1.0
1.1300239563 -1.0
1.13876509666 -1.0
1.13880991936 -1.0
1.13893008232 -1.0
1.14935302734 -1.0
1.14935994148 1.0
1.16496109962 -1.0
1.16939711571 -1.0
1.23545789719 -1.0
1.23553299904 -1.0
1.23560810089 -1.0
1.23569297791 -1.0
1.24572110176 -1.0
1.25501394272 -1.0
1.25520610809 -1.0
1.25611805916 -1.0
1.25615406036 -1.0
1.25623011589 -1.0
1.25630807877 -1.0
1.25638699532 -1.0
1.27508091927 -1.0
1.27508807182 1.0
1.3249399662 -1.0
1.33990907669 -1.0
1.34144210815 -1.0
1.34149193764 -1.0
1.34154391289 -1.0
1.34161901474 -1.0
1.34179210663 -1.0
1.34182691574 -1.0
1.34199309349 -1.0
1.34211993217 -1.0
1.35947394371 -1.0
1.36059308052 -1.0
1.36216592789 -1.0
1.36217403412 1.0
1.36226391792 -1.0
1.36238408089 -1.0
1.36275196075 -1.0
1.36284089088 -1.0
1.37945199013 -1.0
1.42001008987 -1.0
1.43872499466 -1.0
1.44631695747 -1.0
1.44757390022 -1.0
1.447742939 -1.0
1.44778704643 -1.0
1.44779205322 1.0
1.44787406921 -1.0
1.44801592827 -1.0
1.44809007645 -1.0
1.44812893867 -1.0
1.44835400581 -1.0
1.44841790199 -1.0
1.4591999054 -1.0
1.4676990509 -1.0
1.46773290634 -1.0
1.46851110458 -1.0
1.4685189724 -1.0
1.46861100197 -1.0
1.4692440033 -1.0
1.46932411194 -1.0
1.46963405609 -1.0
1.4697060585 -1.0
1.46971988678 1.0
1.46991491318 -1.0
1.47008991241 -1.0
1.48004388809 -1.0
1.48012399673 -1.0
1.52794694901 -1.0
1.53909492493 -1.0
1.55210590363 -1.0
1.55235409737 -1.0
1.55240988731 -1.0
1.55350089073 -1.0
1.55356407166 -1.0
1.55417394638 -1.0
1.55466604233 -1.0
1.55467391014 1.0
1.55474090576 -1.0
1.55500292778 -1.0
1.55542206764 -1.0
1.55548810959 -1.0
1.55571198463 -1.0
1.55578589439 -1.0
1.555975914 -1.0
1.55608201027 -1.0
1.55615592003 -1.0
1.55622291565 -1.0
1.57179403305 -1.0
1.57191991806 -1.0
1.57198810577 -1.0
1.57241296768 -1.0
1.57251596451 -1.0
1.57356190681 -1.0
1.57378697395 -1.0
1.57379508018 1.0
1.57386803627 -1.0
1.57465100288 -1.0
1.57472801208 -1.0
1.57511496544 -1.0
1.57519602776 -1.0
1.57542991638 -1.0
1.57551789284 -1.0
1.57578706741 -1.0
1.57586693764 -1.0
1.57757902145 -1.0
1.57765293121 -1.0
1.59140491486 -1.0
1.63237404823 -1.0
1.65080308914 -1.0
1.65084910393 1.0
1.6522860527 -1.0
1.65318107605 -1.0
1.67035102844 -1.0
1.69610595703 -1.0
1.71642589569 -1.0
1.77512288094 -1.0
1.77515292168 -1.0
1.84796690941 -1.0
2.05904507637 -1.0
2.06978011131 -1.0
2.12845802307 -1.0
2.21817588806 -1.0
2.32618498802 -1.0
2.32621002197 1.0
2.34707808495 -1.0
2.36426305771 -1.0
2.3666870594 -1.0
2.38637804985 -1.0
2.41374588013 -1.0
2.60803604126 -1.0
2.62864589691 -1.0
2.6482129097 -1.0
2.97302389145 -1.0
3.03742289543 1.0
3.05686903 -1.0
3.54636311531 -1.0
3.56659293175 -1.0
3.62406802177 -1.0
3.62540006638 -1.0
3.62543201447 -1.0
3.62862992287 -1.0
3.64376091957 -1.0
3.65479397774 -1.0
3.65481090546 -1.0
3.65517401695 -1.0
3.65518093109 1.0
3.67447400093 -1.0
3.70335102081 -1.0
3.70507907867 -1.0
3.72501897812 -1.0
3.72856688499 -1.0
3.7345020771 -1.0
3.73472189903 -1.0
3.73476004601 -1.0
3.734842062 -1.0
3.73530507088 -1.0
3.74707698822 -1.0
3.78505301476 -1.0
3.82296705246 1.0
3.83367490768 -1.0
3.83369708061 -1.0
3.83397889137 -1.0
3.83406591415 -1.0
3.8341588974 -1.0
3.83424806595 -1.0
3.84299206734 -1.0
3.84311699867 -1.0
3.84319591522 -1.0
3.8439540863 -1.0
3.85482501984 -1.0
3.85505700111 -1.0
3.8633389473 -1.0
3.86488008499 -1.0
3.89066696167 -1.0
3.8906750679 1.0
3.89068388939 -1.0
3.8912730217 -1.0
3.89270210266 -1.0
3.89273810387 -1.0
3.90947604179 -1.0
3.90952301025 -1.0
3.90997505188 -1.0
3.9102230072 -1.0
3.91026496887 -1.0
3.92098808289 -1.0
3.92109394073 -1.0
3.93170809746 -1.0
3.93171596527 1.0
3.96981501579 -1.0
3.97114491463 -1.0
3.97117590904 -1.0
3.97137093544 -1.0
3.97164106369 -1.0
3.97171998024 -1.0
3.97200107574 -1.0
3.97503900528 -1.0
3.97511506081 -1.0
3.97526097298 -1.0
3.98899388313 -1.0
3.99057793617 -1.0
3.99185609818 -1.0
3.99191808701 -1.0
3.99192404747 1.0
3.99217796326 -1.0
3.99225592613 -1.0
3.9923388958 -1.0
4.02812790871 -1.0
4.04080510139 -1.0
4.04111409187 -1.0
4.04116511345 -1.0
4.04153490067 -1.0
4.04157805443 -1.0
4.04733800888 -1.0
4.04775094986 -1.0
4.04782700539 -1.0
4.04785704613 -1.0
4.04792189598 -1.0
4.04802703857 -1.0
4.04820609093 -1.0
4.04828310013 -1.0
4.04833507538 -1.0
4.04834103584 1.0
4.06742405891 -1.0
4.06750607491 -1.0
4.06791806221 -1.0
4.08490490913 -1.0
4.08579897881 -1.0
4.0858540535 -1.0
4.08783602715 -1.0
4.12049603462 -1.0
4.12057590485 -1.0
4.12595105171 -1.0
4.14010691643 -1.0
4.14783096313 -1.0
4.16814804077 -1.0
4.22442889214 -1.0
4.60221195221 1.0
4.62169694901 -1.0
4.62266898155 -1.0
4.64117097855 -1.0
5.62231111526 -1.0
5.64206194878 -1.0
6.6241850853 -1.0
6.62456488609 -1.0
6.64426088333 -1.0
6.78312706947 -1.0
7.60297203064 1.0
7.62290811539 -1.0
8.93263602257 -1.0
14.7715189457 -1.0
14.8757770061 -1.0
15.7897939682 -1.0
