0.0 -1.0
1.00135803223e-05 1.0
0.0196359157562 -1.0
0.0300889015198 -1.0
0.0370209217072 -1.0
0.056569814682 -1.0
0.268560886383 -1.0
0.27411198616 -1.0
0.275050878525 -1.0
0.276170969009 -1.0
0.293879032135 -1.0
0.313369989395 -1.0
0.313380002975 1.0
0.37266087532 -1.0
0.377455949783 -1.0
0.42862701416 -1.0
0.456516027451 -1.0
0.490451812744 -1.0
0.588907957077 -1.0
0.644556999207 -1.0
0.668677806854 -1.0
0.747090816498 -1.0
0.804678916931 -1.0
0.808595895767 -1.0
0.808604955673 1.0
0.828209877014 -1.0
0.868911981583 -1.0
0.884663820267 -1.0
0.922850847244 -1.0
1.00045084953 -1.0
1.00146102905 -1.0
1.02127289772 -1.0
1.02151799202 -1.0
1.05758786201 -1.0
1.09463691711 -1.0
1.10308885574 -1.0
1.1030960083 1.0
1.12285685539 -1.0
1.17799901962 -1.0
1.19751095772 -1.0
1.24096703529 -1.0
1.25696086884 -1.0
1.26044392586 -1.0
1.40422391891 -1.0
1.42467093468 -1.0
1.45208692551 -1.0
1.48899888992 1.0
1.5050508976 -1.0
1.50872802734 -1.0
1.53007388115 -1.0
1.64155197144 -1.0
1.64166402817 -1.0
1.6611559391 -1.0
1.72390198708 -1.0
1.72518801689 -1.0
1.72520780563 -1.0
1.72974681854 -1.0
1.73021197319 -1.0
1.74376392365 -1.0
1.80088686943 -1.0
1.80089592934 1.0
1.85678482056 -1.0
2.02526593208 -1.0
2.02595591545 -1.0
2.02707290649 -1.0
2.04598593712 -1.0
2.08821201324 -1.0
2.14470696449 -1.0
2.28076791763 -1.0
2.48060297966 -1.0
2.52509498596 -1.0
2.52568101883 -1.0
2.52568793297 1.0
2.52569484711 -1.0
2.54479598999 -1.0
2.59661483765 -1.0
2.99798989296 -1.0
3.01501393318 -1.0
3.01503396034 -1.0
3.02387785912 -1.0
3.03463196754 -1.0
3.08092689514 -1.0
3.09010386467 -1.0
3.09398984909 -1.0
3.09399580956 1.0
3.09505701065 -1.0
3.09508395195 -1.0
3.0953168869 -1.0
3.10141992569 -1.0
3.10362792015 -1.0
3.11350703239 -1.0
3.12331795692 -1.0
3.18052196503 -1.0
3.18053889275 -1.0
3.18054294586 1.0
3.18057584763 -1.0
3.18490290642 -1.0
3.20080900192 -1.0
3.20089697838 -1.0
3.20090794563 -1.0
3.20109796524 -1.0
3.20349502563 -1.0
3.22025299072 -1.0
3.22029685974 -1.0
3.22037100792 -1.0
3.22318601608 -1.0
3.27569484711 -1.0
3.27572584152 -1.0
3.27577185631 -1.0
3.27581691742 -1.0
3.27583384514 1.0
3.27584886551 -1.0
3.29691386223 -1.0
3.29694485664 -1.0
3.2970328331 -1.0
3.3061439991 -1.0
3.31639790535 -1.0
3.31647181511 -1.0
3.31653380394 -1.0
3.33587002754 -1.0
3.38251185417 -1.0
3.38252282143 1.0
3.38253903389 -1.0
3.38259887695 -1.0
3.40242099762 -1.0
3.42232680321 -1.0
3.42236495018 -1.0
3.44185185432 -1.0
3.44190597534 -1.0
3.4419798851 -1.0
3.44198584557 -1.0
3.44203281403 1.0
3.48470497131 -1.0
3.48472595215 -1.0
3.48479199409 -1.0
3.48802399635 -1.0
3.50428080559 -1.0
3.50438189507 -1.0
3.56095290184 -1.0
3.58185696602 -1.0
4.35485482216 1.0
4.3744199276 -1.0
4.39389681816 -1.0
5.37567400932 -1.0
5.3963098526 -1.0
6.37531495094 -1.0
6.37577295303 -1.0
6.37619185448 -1.0
6.39485192299 -1.0
7.35669898987 1.0
7.37672281265 -1.0
7.39730787277 -1.0
8.58248996735 -1.0
16.6870908737 -1.0
16.7072849274 -1.0
16.7671408653 -1.0
