0.0188429355621 1.0
0.0386128425598 -1.0
0.100263834 -1.0
0.100616931915 -1.0
0.120183944702 -1.0
0.170063018799 -1.0
0.189527988434 -1.0
0.325103998184 -1.0
0.326622009277 -1.0
0.371834039688 1.0
0.382846832275 -1.0
0.429172992706 -1.0
0.484979867935 -1.0
0.57231593132 -1.0
0.63085103035 -1.0
0.686615943909 -1.0
0.745476007462 -1.0
0.872782945633 -1.0
0.959403038025 -1.0
1.00542402267 -1.0
1.0262169838 -1.0
1.10904788971 -1.0
1.10931587219 1.0
1.1100628376 -1.0
1.11119604111 -1.0
1.1292719841 -1.0
1.18915390968 -1.0
1.20870304108 -1.0
1.27298784256 -1.0
1.27357387543 -1.0
1.27412986755 -1.0
1.27416181564 -1.0
1.29342389107 -1.0
1.33387303352 -1.0
1.38615202904 -1.0
1.38621783257 1.0
2.17883586884 -1.0
2.19940900803 -1.0
2.25715899467 -1.0
2.31468200684 -1.0
2.37173485756 -1.0
2.62149596214 -1.0
2.69997382164 -1.0
2.69999980927 -1.0
2.71966481209 -1.0
2.71967387199 1.0
2.7778878212 -1.0
2.7785589695 -1.0
2.79733300209 -1.0
2.86924886703 -1.0
3.0830848217 -1.0
3.41032600403 -1.0
3.43068885803 -1.0
3.73779797554 -1.0
4.05516982079 -1.0
4.05518984795 1.0
4.05558586121 -1.0
4.05569386482 -1.0
4.055727005 -1.0
4.0749168396 -1.0
4.11353993416 -1.0
4.13339996338 -1.0
4.3692908287 -1.0
4.53778195381 -1.0
4.55743098259 -1.0
4.64945602417 -1.0
4.64976286888 1.0
4.66944289207 -1.0
4.68888497353 -1.0
4.82470202446 -1.0
5.1761469841 -1.0
5.19681787491 -1.0
5.1974709034 -1.0
5.21872091293 -1.0
5.53902482986 -1.0
5.55862498283 -1.0
5.65890192986 -1.0
5.73836493492 -1.0
5.73838400841 1.0
5.75121688843 -1.0
5.75780701637 -1.0
5.76230883598 -1.0
5.7623488903 -1.0
5.77222800255 -1.0
5.777561903 -1.0
5.79189181328 -1.0
5.81748890877 -1.0
5.81752085686 -1.0
5.81752896309 1.0
5.81783485413 -1.0
5.81821703911 -1.0
5.83519792557 -1.0
5.85513591766 -1.0
5.85524582863 -1.0
5.85534596443 -1.0
5.85539197922 -1.0
5.87323904037 -1.0
5.87489295006 -1.0
5.89558386803 -1.0
5.89560699463 1.0
5.89561486244 -1.0
5.91533398628 -1.0
5.94100189209 -1.0
5.94102287292 -1.0
5.94104599953 -1.0
5.94115495682 -1.0
5.94366383553 -1.0
5.94369697571 -1.0
5.94378089905 -1.0
5.94386601448 -1.0
5.95089292526 -1.0
5.95090484619 1.0
5.95141887665 -1.0
5.96094083786 -1.0
5.98638701439 -1.0
6.0195248127 -1.0
6.03450894356 -1.0
6.03520894051 -1.0
6.03899598122 -1.0
6.04222583771 -1.0
6.04224681854 -1.0
6.06214404106 -1.0
6.06546902657 -1.0
6.08188295364 -1.0
6.12896203995 -1.0
6.12901592255 -1.0
6.12905788422 1.0
6.12970781326 -1.0
6.12973499298 -1.0
6.12997198105 -1.0
6.13001203537 -1.0
6.13052582741 -1.0
6.13292503357 -1.0
6.13297796249 -1.0
6.13362002373 -1.0
6.14124584198 -1.0
6.14853692055 -1.0
6.18981790543 -1.0
6.20655798912 -1.0
6.21281290054 -1.0
6.2142329216 -1.0
6.21609902382 -1.0
6.2164440155 -1.0
6.21645092964 1.0
6.21652197838 -1.0
6.22227597237 -1.0
6.22231197357 -1.0
6.22242498398 -1.0
6.22247385979 -1.0
6.22614192963 -1.0
6.25919485092 -1.0
6.27860784531 -1.0
6.30656886101 -1.0
6.30712580681 -1.0
6.30743503571 -1.0
6.30751299858 -1.0
6.31465101242 -1.0
6.3146739006 -1.0
6.31468296051 1.0
6.31502795219 -1.0
6.315076828 -1.0
6.3219769001 -1.0
6.32613587379 -1.0
6.33243584633 -1.0
6.34553599358 -1.0
6.36859989166 -1.0
6.36947488785 -1.0
6.38900589943 -1.0
6.39516687393 -1.0
6.39518690109 -1.0
6.40509200096 -1.0
6.40870690346 -1.0
6.44712090492 1.0
6.45107483864 -1.0
6.45110082626 -1.0
6.4511988163 -1.0
6.45308303833 -1.0
6.45376300812 -1.0
6.46660089493 -1.0
6.48641991615 -1.0
6.4881939888 -1.0
6.48822188377 -1.0
6.48845100403 -1.0
6.48853182793 -1.0
6.49331402779 -1.0
6.49337387085 -1.0
6.49345588684 -1.0
6.50595498085 -1.0
6.51876997948 1.0
6.53853487968 -1.0
6.5632648468 -1.0
6.58321380615 -1.0
6.58912801743 -1.0
6.60677695274 -1.0
6.60680294037 -1.0
6.60948085785 -1.0
6.66579890251 -1.0
6.66681790352 -1.0
6.68674182892 -1.0
6.75415301323 -1.0
6.75423288345 1.0
6.77371382713 -1.0
6.79803490639 -1.0
6.83245301247 -1.0
7.57777190208 -1.0
7.59730482101 -1.0
8.53879404068 -1.0
10.5394699574 -1.0
10.8228228092 -1.0
16.0241088867 -1.0
16.0241339207 1.0
16.0439989567 -1.0
16.0637168884 -1.0
