0.0107140541077 1.0
0.0301280021667 -1.0
0.0644750595093 -1.0
0.124058008194 -1.0
0.144476890564 -1.0
0.185736894608 -1.0
0.186195850372 -1.0
0.205744981766 -1.0
0.2334420681 -1.0
0.254070997238 -1.0
0.278987884521 -1.0
0.310608863831 -1.0
0.31091094017 -1.0
0.330456972122 -1.0
0.367423057556 1.0
0.374294042587 -1.0
0.396187067032 -1.0
0.483087062836 -1.0
0.485930919647 -1.0
0.486970901489 -1.0
0.505663871765 -1.0
0.528259038925 -1.0
0.585090875626 -1.0
0.585103034973 1.0
0.606677055359 -1.0
0.636698007584 -1.0
0.636952877045 -1.0
0.653513908386 -1.0
0.658520936966 -1.0
0.697366952896 -1.0
0.748872995377 -1.0
0.836602926254 -1.0
0.896524906158 -1.0
0.916591882706 -1.0
0.91660284996 1.0
0.936824083328 -1.0
1.03782987595 -1.0
1.09499788284 -1.0
1.11484289169 -1.0
1.11486005783 -1.0
1.11632585526 -1.0
1.13434696198 -1.0
1.17577695847 -1.0
1.23213887215 -1.0
1.31654405594 -1.0
1.37536787987 -1.0
1.4323580265 -1.0
1.43236899376 1.0
1.4887149334 -1.0
1.59150600433 -1.0
1.64823698997 -1.0
1.79426407814 -1.0
1.85090684891 -1.0
1.96109104156 -1.0
2.0621650219 -1.0
2.1770939827 -1.0
2.23285198212 -1.0
2.25227689743 -1.0
2.32474899292 -1.0
2.35473895073 -1.0
2.42864108086 -1.0
2.46741986275 1.0
2.51137685776 -1.0
2.54820299149 -1.0
2.57999897003 -1.0
2.66991996765 -1.0
2.73633003235 -1.0
2.98901605606 -1.0
3.04707598686 -1.0
3.06695389748 -1.0
3.14126586914 -1.0
3.19898605347 -1.0
3.19899702072 1.0
3.51686692238 -1.0
3.53635787964 -1.0
4.05094504356 -1.0
4.07059788704 -1.0
4.09161090851 -1.0
4.34204006195 -1.0
4.43202090263 -1.0
4.45165586472 -1.0
4.53228592873 -1.0
4.53265285492 -1.0
4.53266096115 1.0
4.53268194199 -1.0
4.53282690048 -1.0
4.5328938961 -1.0
4.5329079628 -1.0
4.55221390724 -1.0
4.57182693481 -1.0
4.5962998867 -1.0
4.83260893822 -1.0
4.84691405296 -1.0
4.86720490456 -1.0
4.92453503609 -1.0
4.94407606125 -1.0
5.11887598038 1.0
5.13883185387 -1.0
5.36171293259 -1.0
5.36181497574 -1.0
5.3621070385 -1.0
5.38123989105 -1.0
5.40099191666 -1.0
5.42046499252 -1.0
5.43253707886 -1.0
5.43273091316 -1.0
5.43347787857 -1.0
5.45298504829 -1.0
5.5326499939 -1.0
5.60050702095 -1.0
5.63944387436 1.0
5.6591398716 -1.0
5.89460301399 -1.0
5.89478588104 -1.0
5.89691591263 -1.0
5.91401600838 -1.0
5.95962691307 -1.0
5.97958397865 -1.0
5.98005890846 -1.0
5.99966001511 -1.0
6.28296899796 -1.0
6.31942105293 1.0
6.3885269165 -1.0
6.41161489487 -1.0
6.43284893036 -1.0
6.45291495323 -1.0
6.46680307388 -1.0
6.46700286865 -1.0
6.48696208 -1.0
6.49672603607 -1.0
6.49709606171 -1.0
6.51656603813 -1.0
6.51657295227 1.0
6.55873990059 -1.0
6.57869291306 -1.0
6.57887291908 -1.0
6.58613491058 -1.0
6.59963798523 -1.0
6.60967493057 -1.0
6.61524200439 -1.0
6.62113285065 -1.0
6.62319087982 -1.0
6.63060498238 -1.0
6.63301301003 -1.0
6.63302087784 1.0
6.6527299881 -1.0
6.65373206139 -1.0
6.65513086319 -1.0
6.65587091446 -1.0
6.6565849781 -1.0
6.6577038765 -1.0
6.65776991844 -1.0
6.65910887718 -1.0
6.66081190109 -1.0
6.67576408386 -1.0
6.67577886581 -1.0
6.6776099205 -1.0
6.67964100838 -1.0
6.67964696884 1.0
6.68325686455 -1.0
6.69624400139 -1.0
6.69693994522 -1.0
6.69865703583 -1.0
6.69873285294 -1.0
6.69874787331 -1.0
6.70061707497 -1.0
6.70847606659 -1.0
6.7084839344 1.0
6.71609902382 -1.0
6.72031593323 -1.0
6.73011088371 -1.0
6.73018598557 -1.0
6.73026490211 -1.0
6.73048090935 -1.0
6.7305560112 -1.0
6.73063206673 -1.0
6.73077607155 -1.0
6.73557806015 -1.0
6.74961996078 -1.0
6.74985790253 -1.0
6.74996590614 -1.0
6.74998402596 1.0
6.7501950264 -1.0
6.75027799606 -1.0
6.75529098511 -1.0
6.76910495758 -1.0
6.77379488945 -1.0
6.77392601967 -1.0
6.77405285835 -1.0
6.77427196503 -1.0
6.78879904747 -1.0
6.79329800606 -1.0
6.79330587387 -1.0
6.79340696335 -1.0
6.79341292381 1.0
6.79408693314 -1.0
6.80827093124 -1.0
6.80864286423 -1.0
6.80871605873 -1.0
6.80880308151 -1.0
6.80910205841 -1.0
6.81298208237 -1.0
6.81303787231 -1.0
6.81358385086 -1.0
6.81364488602 -1.0
6.8281519413 -1.0
6.8282020092 -1.0
6.82828903198 -1.0
6.82829499245 1.0
6.82853007317 -1.0
6.82859992981 -1.0
6.83252096176 -1.0
6.83257198334 -1.0
6.83320403099 -1.0
6.83328795433 -1.0
6.87318086624 -1.0
6.88689494133 -1.0
6.92797899246 -1.0
6.92800307274 -1.0
6.94327497482 -1.0
6.94338989258 1.0
7.00114202499 -1.0
7.43462991714 -1.0
7.43475294113 -1.0
7.45473694801 -1.0
8.43380999565 -1.0
8.43400502205 -1.0
8.45329904556 -1.0
10.435464859 -1.0
10.4550988674 -1.0
11.1759209633 -1.0
11.2154479027 1.0
11.4342460632 -1.0
11.4540169239 -1.0
