0.0403981208801 -1.0
0.0404069423676 1.0
0.0942640304565 -1.0
0.15155506134 -1.0
0.182436943054 -1.0
0.27302312851 -1.0
0.333428144455 -1.0
0.369425058365 -1.0
0.369718074799 -1.0
0.369747161865 -1.0
0.389380931854 -1.0
0.408064126968 -1.0
0.408689022064 1.0
0.408854961395 -1.0
0.467489004135 -1.0
0.523263931274 -1.0
0.528072118759 -1.0
0.567463159561 -1.0
0.56754899025 -1.0
0.567639112473 -1.0
0.587023973465 -1.0
0.649013996124 -1.0
0.846024036407 -1.0
0.950616121292 -1.0
0.994589090347 1.0
1.02756094933 -1.0
1.02912211418 -1.0
1.0486741066 -1.0
1.105946064 -1.0
1.10741615295 -1.0
1.12587594986 -1.0
1.19989204407 -1.0
1.26954913139 -1.0
1.29120016098 -1.0
1.36880803108 -1.0
1.36901116371 -1.0
1.36908793449 -1.0
1.36930203438 -1.0
1.36930704117 1.0
1.36937212944 -1.0
1.38840794563 -1.0
1.44621610641 -1.0
1.46963214874 -1.0
1.66700911522 -1.0
1.68682312965 -1.0
1.70634412766 -1.0
2.09662103653 -1.0
2.11716294289 -1.0
2.11806797981 -1.0
2.15460205078 1.0
2.17789196968 -1.0
2.56446409225 -1.0
2.58419013023 -1.0
2.64352107048 -1.0
2.64397597313 -1.0
2.64400410652 -1.0
2.66421508789 -1.0
2.68337011337 -1.0
2.68360304832 -1.0
2.69401097298 -1.0
2.69401907921 1.0
2.70321798325 -1.0
2.72313404083 -1.0
2.73398804665 -1.0
2.74276804924 -1.0
2.7589931488 -1.0
2.7590200901 -1.0
2.76172995567 -1.0
2.76182198524 -1.0
2.76232910156 -1.0
2.76237106323 -1.0
2.76240301132 -1.0
2.7624399662 -1.0
2.76244497299 1.0
2.76276397705 -1.0
2.78203010559 -1.0
2.8007581234 -1.0
2.80081701279 -1.0
2.80142211914 -1.0
2.80150604248 -1.0
2.80177307129 -1.0
2.80186200142 -1.0
2.80199503899 -1.0
2.83800506592 -1.0
2.83809113503 -1.0
2.83878612518 -1.0
2.8388030529 -1.0
2.84019899368 -1.0
2.84020709991 1.0
2.84029793739 -1.0
2.8403980732 -1.0
2.8574950695 -1.0
2.87899208069 -1.0
2.87916493416 -1.0
2.87925410271 -1.0
2.87934613228 -1.0
2.8794529438 -1.0
2.89869403839 -1.0
2.91552996635 -1.0
2.91578102112 -1.0
2.91680002213 -1.0
2.91681694984 1.0
2.93535900116 -1.0
2.97152495384 -1.0
2.99539113045 -1.0
3.01948809624 -1.0
3.0200741291 -1.0
3.02068114281 -1.0
3.02072811127 -1.0
3.02153015137 -1.0
3.02276802063 -1.0
3.02291297913 -1.0
3.02299809456 -1.0
3.04129695892 -1.0
3.05127716064 -1.0
3.05130195618 1.0
3.05563497543 -1.0
3.05573511124 -1.0
3.05585002899 -1.0
3.05589795113 -1.0
3.06174707413 -1.0
3.07794809341 -1.0
3.07815408707 -1.0
3.07837700844 -1.0
3.07844901085 -1.0
3.09562110901 -1.0
3.09659099579 -1.0
3.09659910202 1.0
3.09682607651 -1.0
3.09732103348 -1.0
3.12876796722 -1.0
3.1325211525 -1.0
3.13253593445 -1.0
3.13260793686 -1.0
3.1326880455 -1.0
3.13284516335 -1.0
3.13303613663 -1.0
3.13315296173 -1.0
3.14852404594 -1.0
3.15651106834 -1.0
3.15653300285 1.0
3.15738415718 -1.0
3.15868115425 -1.0
3.15933704376 -1.0
3.1599650383 -1.0
3.16003799438 -1.0
3.16821599007 -1.0
3.22614097595 -1.0
3.2549841404 -1.0
3.27572202682 -1.0
3.31150603294 -1.0
4.57012295723 1.0
4.58973312378 -1.0
4.60927295685 -1.0
5.59057211876 -1.0
5.61049294472 -1.0
6.59053206444 -1.0
6.61111307144 -1.0
7.66775798798 -1.0
15.5295960903 -1.0
