0.00117778778076 1.0
0.0595560073853 -1.0
0.08025598526 -1.0
0.132100820541 -1.0
0.153380870819 -1.0
0.173311948776 -1.0
0.192923784256 -1.0
0.214943885803 -1.0
0.234566926956 -1.0
0.234575986862 1.0
0.263120889664 -1.0
0.352954864502 -1.0
0.444902896881 -1.0
0.464761972427 -1.0
0.502712011337 -1.0
0.55335187912 -1.0
0.556950807571 -1.0
0.556985855103 -1.0
0.654006004333 -1.0
0.654026985168 1.0
0.674382925034 -1.0
0.693978786469 -1.0
0.738340854645 -1.0
0.752910852432 -1.0
0.794328927994 -1.0
0.859082937241 -1.0
1.05320501328 -1.0
1.07290291786 -1.0
1.07498288155 -1.0
1.11099696159 1.0
1.15264678001 -1.0
1.26326584816 -1.0
1.28292989731 -1.0
1.34673285484 -1.0
1.35090589523 -1.0
1.36632490158 -1.0
1.38573884964 -1.0
1.45336890221 -1.0
1.47331285477 -1.0
1.55168890953 -1.0
1.55987095833 -1.0
1.55988097191 1.0
1.61956000328 -1.0
1.65340781212 -1.0
1.75113081932 -1.0
1.81037783623 -1.0
1.8509349823 -1.0
1.8706908226 -1.0
1.93028688431 -1.0
1.95339488983 -1.0
1.96805095673 -1.0
2.0529358387 -1.0
2.05296087265 1.0
2.07262301445 -1.0
2.07264685631 -1.0
2.09220385551 -1.0
2.13047289848 -1.0
2.15415787697 -1.0
2.21434783936 -1.0
2.26784801483 -1.0
2.27377390862 -1.0
2.29341578484 -1.0
2.35163497925 -1.0
2.35166788101 -1.0
2.35169386864 1.0
2.35170078278 -1.0
2.37145185471 -1.0
2.45393180847 -1.0
2.45394301414 -1.0
2.47446990013 -1.0
2.47449278831 -1.0
2.49413490295 -1.0
2.51372289658 -1.0
2.53329086304 -1.0
2.55548787117 -1.0
2.55549883842 -1.0
2.55550289154 1.0
2.57604980469 -1.0
2.59604287148 -1.0
2.61572384834 -1.0
2.63533878326 -1.0
2.63542890549 -1.0
2.65644979477 -1.0
2.67747497559 -1.0
2.67751693726 -1.0
2.67752885818 1.0
2.69713783264 -1.0
2.71665883064 -1.0
2.71667981148 -1.0
2.73642992973 -1.0
2.75677084923 -1.0
2.75679278374 -1.0
2.77688789368 -1.0
2.77690386772 -1.0
2.7969019413 -1.0
2.79692387581 1.0
2.81695795059 -1.0
2.81698894501 -1.0
2.83665990829 -1.0
2.85721278191 -1.0
2.87689495087 -1.0
2.89644289017 -1.0
2.89647483826 -1.0
2.89655780792 -1.0
2.91591382027 -1.0
2.91594696045 -1.0
2.91605782509 1.0
2.93544888496 -1.0
2.93546390533 -1.0
2.9531648159 -1.0
2.95642995834 -1.0
2.97286200523 -1.0
2.97604799271 -1.0
2.9923927784 -1.0
2.99568486214 -1.0
3.01213693619 -1.0
3.01218390465 -1.0
3.01223993301 1.0
3.015365839 -1.0
3.0317838192 -1.0
3.03182697296 -1.0
3.03493285179 -1.0
3.05346488953 -1.0
3.0534799099 -1.0
3.05659484863 -1.0
3.07320284843 -1.0
3.07609987259 -1.0
3.07610678673 1.0
3.09270381927 -1.0
3.13431596756 -1.0
3.19043588638 -1.0
3.6545279026 -1.0
3.68901896477 -1.0
4.45438885689 -1.0
4.55270791054 -1.0
4.55274295807 -1.0
4.57217979431 -1.0
4.57231378555 -1.0
4.57231998444 1.0
4.6532869339 -1.0
4.65331196785 -1.0
4.67293596268 -1.0
4.67303395271 -1.0
4.67305088043 -1.0
4.6752538681 -1.0
4.69249391556 -1.0
4.69254279137 -1.0
4.69258880615 1.0
4.69259595871 -1.0
4.69467592239 -1.0
4.71209001541 -1.0
4.71212291718 -1.0
4.75321388245 -1.0
4.75324082375 -1.0
4.7730588913 -1.0
4.77312397957 -1.0
4.79276490211 -1.0
4.7927877903 -1.0
4.81223797798 -1.0
4.81227588654 -1.0
4.81228590012 1.0
4.81233096123 -1.0
4.8319709301 -1.0
4.8320479393 -1.0
4.83212995529 -1.0
4.85359191895 -1.0
4.86247301102 -1.0
4.87327885628 -1.0
4.87332677841 -1.0
4.89293193817 -1.0
4.89304494858 -1.0
4.89318490028 1.0
4.91249799728 -1.0
4.91277194023 -1.0
4.91289281845 -1.0
4.93198990822 -1.0
4.93205881119 -1.0
4.93239378929 -1.0
4.9324669838 -1.0
4.95384979248 -1.0
4.9540848732 -1.0
4.95417189598 -1.0
4.97344279289 -1.0
4.9734518528 1.0
4.97354388237 -1.0
4.97373199463 -1.0
4.99311280251 -1.0
4.99314594269 -1.0
4.99320197105 -1.0
4.99334001541 -1.0
5.01266789436 -1.0
5.01275396347 -1.0
5.01281094551 -1.0
5.03212094307 -1.0
5.03216481209 -1.0
5.03216981888 1.0
5.03232097626 -1.0
5.0324318409 -1.0
5.05267000198 -1.0
5.05371689796 -1.0
5.05379581451 -1.0
5.05389380455 -1.0
5.07352399826 -1.0
5.15256595612 -1.0
5.21057295799 -1.0
5.21058392525 1.0
5.27101492882 -1.0
5.67614293098 -1.0
5.67636799812 -1.0
5.69588088989 -1.0
6.67646193504 -1.0
6.67676877975 -1.0
6.69603395462 -1.0
7.65717291832 1.0
7.67645001411 -1.0
7.67668795586 -1.0
7.69598984718 -1.0
8.26280784607 -1.0
8.67663288116 -1.0
8.69624495506 -1.0
15.8531608582 -1.0
15.9532368183 -1.0
15.972878933 -1.0
