0.0347220897675 -1.0
0.0347309112549 1.0
0.0941610336304 -1.0
0.0945279598236 -1.0
0.156445980072 -1.0
0.215492963791 -1.0
0.262048959732 -1.0
0.322943925858 -1.0
0.382169961929 -1.0
0.447954893112 -1.0
0.466538906097 -1.0
0.491790056229 -1.0
0.573554992676 -1.0
0.611460924149 1.0
0.635893106461 -1.0
0.658770084381 -1.0
0.718318939209 -1.0
0.735455989838 -1.0
0.856995105743 -1.0
0.898766040802 -1.0
0.960715055466 -1.0
1.02156996727 -1.0
1.03104710579 -1.0
1.05164909363 -1.0
1.05354189873 -1.0
1.05356407166 1.0
1.06135392189 -1.0
1.07452893257 -1.0
1.14182209969 -1.0
1.16834306717 -1.0
1.21441698074 -1.0
1.23605298996 -1.0
1.24583411217 -1.0
1.32999706268 -1.0
1.39453697205 -1.0
1.41786789894 -1.0
1.43971300125 -1.0
1.45164203644 -1.0
1.45186805725 1.0
1.51049995422 -1.0
1.60645699501 -1.0
1.68157291412 -1.0
1.81786489487 -1.0
1.84832906723 -1.0
1.86075592041 -1.0
1.86118602753 -1.0
1.87260508537 -1.0
1.93282198906 -1.0
1.93357992172 -1.0
1.93359994888 -1.0
1.93380403519 -1.0
1.93380999565 1.0
1.93387198448 -1.0
1.95648503304 -1.0
1.97031211853 -1.0
1.98001790047 -1.0
1.98002505302 -1.0
1.99079298973 -1.0
2.00255799294 -1.0
2.04806995392 -1.0
2.04870009422 -1.0
2.04876089096 -1.0
2.04880404472 1.0
2.04881501198 -1.0
2.0488910675 -1.0
2.06385803223 -1.0
2.07075405121 -1.0
2.1066429615 -1.0
2.10671496391 -1.0
2.10676598549 -1.0
2.10788297653 -1.0
2.10789608955 -1.0
2.13059401512 -1.0
2.14638090134 -1.0
2.14805006981 -1.0
2.16287708282 -1.0
2.16288495064 1.0
2.1633849144 -1.0
2.16377806664 -1.0
2.1638379097 -1.0
2.16406607628 -1.0
2.17129707336 -1.0
2.18569302559 -1.0
2.18675899506 -1.0
2.21278500557 -1.0
2.22463607788 -1.0
2.22516989708 -1.0
2.22517800331 -1.0
2.22530198097 -1.0
2.22536897659 -1.0
2.22544598579 -1.0
2.230052948 -1.0
2.23005795479 1.0
2.23008704185 -1.0
2.23853993416 -1.0
2.27771401405 -1.0
2.27903795242 -1.0
2.27920508385 -1.0
2.27928090096 -1.0
2.27953791618 -1.0
2.27961111069 -1.0
2.27970790863 -1.0
2.27988004684 -1.0
2.27995800972 -1.0
2.2800579071 -1.0
2.28012490273 -1.0
2.28014993668 1.0
2.2996981144 -1.0
2.30554509163 -1.0
2.30582594872 -1.0
2.30590391159 -1.0
2.31592106819 -1.0
2.3159968853 -1.0
2.3278939724 -1.0
2.33608102798 -1.0
2.3571870327 -1.0
2.35964202881 -1.0
2.39262890816 -1.0
2.39341211319 -1.0
2.39354205132 1.0
2.39416503906 -1.0
2.39458799362 -1.0
2.39467191696 -1.0
2.39563703537 -1.0
2.39571499825 -1.0
2.39601802826 -1.0
2.39649605751 -1.0
2.39656090736 -1.0
2.41717600822 -1.0
2.41796302795 -1.0
2.43049502373 -1.0
2.4307539463 -1.0
2.43079900742 -1.0
2.43085503578 1.0
2.43091893196 -1.0
2.43094992638 -1.0
2.43101596832 -1.0
2.4415140152 -1.0
2.45148205757 -1.0
2.45159101486 -1.0
2.45163488388 -1.0
2.45194101334 -1.0
2.45198893547 -1.0
2.45206689835 -1.0
2.46778798103 -1.0
2.46874403954 -1.0
2.4688000679 -1.0
2.47383594513 -1.0
2.51060009003 -1.0
2.53497409821 -1.0
2.53498601913 1.0
2.59456300735 -1.0
2.6356151104 -1.0
2.69946908951 -1.0
2.76248407364 -1.0
2.78614211082 -1.0
2.9428050518 -1.0
3.13152694702 -1.0
3.22223711014 -1.0
3.29446911812 -1.0
3.65644788742 -1.0
3.70589208603 -1.0
3.73419594765 -1.0
3.73423600197 1.0
3.73817610741 -1.0
3.75451803207 -1.0
3.75483798981 -1.0
3.75488805771 -1.0
3.75606608391 -1.0
3.76384305954 -1.0
3.76385688782 -1.0
3.78865408897 -1.0
3.82033991814 -1.0
3.8291759491 -1.0
3.82921290398 -1.0
3.82928204536 -1.0
3.83509707451 -1.0
3.83511900902 1.0
3.83686709404 -1.0
3.83729505539 -1.0
3.84582996368 -1.0
3.85647392273 -1.0
3.86615395546 -1.0
3.86617398262 -1.0
3.86623311043 -1.0
3.86893606186 -1.0
3.91163611412 -1.0
3.91169595718 -1.0
3.91193699837 -1.0
3.91197991371 -1.0
3.9120080471 1.0
3.9121799469 -1.0
3.91221499443 -1.0
3.91228103638 -1.0
3.93025898933 -1.0
3.93540692329 -1.0
3.93573403358 -1.0
3.93580889702 -1.0
3.94971203804 -1.0
3.94980597496 -1.0
3.9498898983 -1.0
3.95286607742 -1.0
3.98887395859 -1.0
3.98888611794 1.0
3.98890590668 -1.0
3.98912191391 -1.0
3.98965406418 -1.0
3.98968505859 -1.0
3.98976111412 -1.0
3.98984003067 -1.0
3.98994898796 -1.0
3.9900200367 -1.0
3.99066305161 -1.0
3.99203896523 -1.0
4.01191902161 -1.0
4.01193404198 -1.0
4.02860188484 -1.0
4.02862000465 1.0
4.02908492088 -1.0
4.02913689613 -1.0
4.02925801277 -1.0
4.02933692932 -1.0
4.02974700928 -1.0
4.02979803085 -1.0
4.03064990044 -1.0
4.0316889286 -1.0
4.03175592422 -1.0
4.03190898895 -1.0
4.05201601982 -1.0
4.06965708733 -1.0
4.07061600685 -1.0
4.07094693184 -1.0
4.07095503807 1.0
4.07121801376 -1.0
4.07153201103 -1.0
4.0716240406 -1.0
4.07170200348 -1.0
4.07486391068 -1.0
4.10776591301 -1.0
4.10782599449 -1.0
4.10859894753 -1.0
4.1086769104 -1.0
4.10876297951 -1.0
4.10887002945 -1.0
4.108907938 -1.0
4.10931611061 -1.0
4.10939097404 -1.0
4.10946989059 -1.0
4.10960507393 -1.0
4.10962200165 1.0
4.11022901535 -1.0
4.13101911545 -1.0
4.14976000786 -1.0
4.15040707588 -1.0
4.15045309067 -1.0
4.15426301956 -1.0
4.21477389336 -1.0
4.22652196884 -1.0
4.28663802147 -1.0
4.70785808563 -1.0
4.70787000656 1.0
4.70802903175 -1.0
4.73152303696 -1.0
5.70755410194 -1.0
5.72953009605 -1.0
6.70780301094 -1.0
6.70795488358 -1.0
6.7295730114 -1.0
6.94874596596 -1.0
7.70848298073 -1.0
7.72904396057 -1.0
8.68572092056 1.0
8.70906400681 -1.0
8.73060393333 -1.0
8.74693799019 -1.0
16.1128261089 -1.0
