0.0117950439453 -1.0
0.0118100643158 1.0
0.0741281509399 -1.0
0.0748071670532 -1.0
0.134065151215 -1.0
0.152501106262 -1.0
0.222417116165 -1.0
0.242251157761 -1.0
0.294080018997 -1.0
0.303041219711 -1.0
0.303065061569 1.0
0.317860126495 -1.0
0.326020002365 -1.0
0.390503168106 -1.0
0.394548177719 -1.0
0.454147100449 -1.0
0.460966110229 -1.0
0.514186143875 -1.0
0.566209077835 -1.0
0.566245079041 1.0
0.606453180313 -1.0
0.67000412941 -1.0
0.725353002548 -1.0
0.78666305542 -1.0
0.848830223083 -1.0
0.884457111359 -1.0
0.909360170364 -1.0
0.971573114395 -1.0
0.975860118866 -1.0
1.00940513611 -1.0
1.00942921638 1.0
1.0450501442 -1.0
1.05500221252 -1.0
1.0550301075 -1.0
1.0674200058 -1.0
1.1060731411 -1.0
1.13560605049 -1.0
1.19817709923 -1.0
1.25867605209 -1.0
1.32670307159 1.0
1.3684220314 -1.0
1.45027709007 -1.0
1.48143720627 -1.0
1.50737500191 -1.0
1.54560518265 -1.0
1.59763503075 -1.0
1.65857315063 -1.0
1.70909404755 -1.0
1.75560617447 1.0
1.80953502655 -1.0
1.83210110664 -1.0
1.83211708069 -1.0
1.85719013214 -1.0
1.8717250824 -1.0
1.88295722008 -1.0
1.8845281601 -1.0
1.90623021126 -1.0
1.90623807907 -1.0
1.94803714752 -1.0
1.94826006889 -1.0
1.94826722145 1.0
1.94850420952 -1.0
1.96616911888 -1.0
1.98421406746 -1.0
1.98803806305 -1.0
1.99757218361 -1.0
2.01149010658 -1.0
2.01149702072 -1.0
2.06237101555 -1.0
2.06319499016 -1.0
2.06329917908 -1.0
2.06330299377 1.0
2.07297921181 -1.0
2.10219717026 -1.0
2.11357903481 -1.0
2.11396813393 -1.0
2.11399912834 -1.0
2.11414217949 -1.0
2.11418414116 -1.0
2.12669801712 -1.0
2.14248204231 -1.0
2.14251303673 -1.0
2.15253400803 -1.0
2.15261912346 1.0
2.17544603348 -1.0
2.17548108101 -1.0
2.17565321922 -1.0
2.17583918571 -1.0
2.17592000961 -1.0
2.19697213173 -1.0
2.21407818794 -1.0
2.21903800964 -1.0
2.22874808311 -1.0
2.22895002365 -1.0
2.22903013229 -1.0
2.2291162014 -1.0
2.22919607162 -1.0
2.22920012474 1.0
2.2295320034 -1.0
2.22960400581 -1.0
2.25285410881 -1.0
2.28949022293 -1.0
2.29048919678 -1.0
2.29080820084 -1.0
2.2908821106 -1.0
2.29125118256 -1.0
2.29132604599 -1.0
2.29144406319 -1.0
2.29150915146 -1.0
2.29338002205 -1.0
2.29343318939 -1.0
2.29343605042 1.0
2.31369805336 -1.0
2.34326410294 -1.0
2.34413814545 -1.0
2.34415507317 -1.0
2.34471201897 -1.0
2.3447740078 -1.0
2.34554004669 -1.0
2.34560513496 -1.0
2.34568810463 -1.0
2.34594011307 -1.0
2.3460111618 -1.0
2.36558413506 -1.0
2.38099122047 -1.0
2.38911509514 -1.0
2.40657711029 -1.0
2.40658712387 1.0
2.40683317184 -1.0
2.40692615509 -1.0
2.4069480896 -1.0
2.40701508522 -1.0
2.40711021423 -1.0
2.40719604492 -1.0
2.4074652195 -1.0
2.40756011009 -1.0
2.43278813362 -1.0
2.44988203049 -1.0
2.46008300781 -1.0
2.46031618118 -1.0
2.46032309532 1.0
2.46063613892 -1.0
2.46072602272 -1.0
2.46079707146 -1.0
2.46160006523 -1.0
2.46166610718 -1.0
2.47287511826 -1.0
2.49838018417 -1.0
2.52202510834 -1.0
2.57248210907 -1.0
2.63478016853 -1.0
2.69436812401 -1.0
2.7730820179 1.0
2.79944705963 -1.0
2.94888710976 -1.0
3.07130813599 -1.0
3.16227602959 -1.0
3.23537707329 -1.0
3.60128903389 -1.0
3.68238401413 -1.0
3.68587207794 -1.0
3.7050511837 -1.0
3.73168706894 -1.0
3.73169517517 1.0
3.75824308395 -1.0
3.76258707047 -1.0
3.76976513863 -1.0
3.78288602829 -1.0
3.79330205917 -1.0
3.80292320251 -1.0
3.80491614342 -1.0
3.82814621925 -1.0
3.82822418213 -1.0
3.82823014259 1.0
3.83024907112 -1.0
3.83797121048 -1.0
3.83963918686 -1.0
3.84056210518 -1.0
3.84060120583 -1.0
3.85214400291 -1.0
3.85215401649 -1.0
3.85223913193 -1.0
3.86335515976 -1.0
3.87691307068 -1.0
3.87698602676 -1.0
3.88265514374 -1.0
3.88273000717 -1.0
3.88296198845 -1.0
3.88574719429 -1.0
3.88575410843 1.0
3.8858191967 -1.0
3.90079212189 -1.0
3.91108608246 -1.0
3.91137504578 -1.0
3.911850214 -1.0
3.9168510437 -1.0
3.9319601059 -1.0
3.93705701828 -1.0
3.93799614906 -1.0
3.93971514702 -1.0
3.93978309631 -1.0
3.94470310211 -1.0
3.94471001625 1.0
3.94489502907 -1.0
3.94526720047 -1.0
3.94534516335 -1.0
3.95878815651 -1.0
3.96386003494 -1.0
3.9653441906 -1.0
3.96548008919 -1.0
3.96586108208 -1.0
3.98354005814 -1.0
3.98356699944 1.0
3.98542308807 -1.0
3.98598909378 -1.0
3.98601222038 -1.0
3.98669719696 -1.0
4.00327920914 -1.0
4.00330018997 -1.0
4.00555706024 -1.0
4.00563406944 -1.0
4.00617313385 -1.0
4.01766014099 -1.0
4.02370810509 -1.0
4.0237262249 -1.0
4.02622199059 -1.0
4.02646899223 -1.0
4.03731107712 -1.0
4.03731799126 1.0
4.0435500145 -1.0
4.04936313629 -1.0
4.04943108559 -1.0
4.04987406731 -1.0
4.05838012695 -1.0
4.06500411034 -1.0
4.06503605843 -1.0
4.07081413269 -1.0
4.07088899612 -1.0
4.07975411415 -1.0
4.07983016968 -1.0
4.08681416512 -1.0
4.09203720093 -1.0
4.09204816818 1.0
4.10064721107 -1.0
4.10770511627 -1.0
4.1077811718 -1.0
4.11294412613 -1.0
4.122382164 -1.0
4.12856507301 -1.0
4.12858319283 -1.0
4.13341021538 -1.0
4.13349413872 -1.0
4.13350009918 1.0
4.15945100784 -1.0
4.15946912766 -1.0
4.17652511597 -1.0
4.17916512489 -1.0
4.23852515221 -1.0
4.30268406868 -1.0
4.36246418953 -1.0
4.55881309509 -1.0
5.26449513435 -1.0
5.26450419426 1.0
5.26512813568 -1.0
5.2841360569 -1.0
6.26633214951 -1.0
6.26653409004 -1.0
6.29104208946 -1.0
7.26641201973 -1.0
7.28746700287 -1.0
8.26607298851 -1.0
8.28665518761 -1.0
8.3259871006 -1.0
16.1772401333 -1.0
16.1772651672 1.0
16.2909071445 -1.0
