0.02911901474 -1.0
0.0291259288788 1.0
0.0516450405121 -1.0
0.0664961338043 -1.0
0.125751972198 -1.0
0.181842088699 -1.0
0.242701053619 -1.0
0.293162107468 -1.0
0.334267139435 -1.0
0.341053962708 -1.0
0.395599126816 -1.0
0.430911064148 -1.0
0.430928945541 1.0
0.453365087509 -1.0
0.456056118011 -1.0
0.517149925232 -1.0
0.540616989136 -1.0
0.578352928162 -1.0
0.619575023651 -1.0
0.681694030762 -1.0
0.742943048477 -1.0
0.764177083969 -1.0
0.823593139648 -1.0
0.89550113678 -1.0
0.935188055038 1.0
0.957715988159 -1.0
0.958656072617 -1.0
0.977810144424 -1.0
0.977828979492 -1.0
0.983282089233 -1.0
1.02539014816 -1.0
1.05273199081 -1.0
1.06123495102 -1.0
1.07645010948 -1.0
1.14523601532 -1.0
1.21154499054 1.0
1.27315211296 -1.0
1.27858710289 -1.0
1.33722805977 -1.0
1.39725995064 -1.0
1.45455694199 -1.0
1.51314401627 -1.0
1.56882095337 -1.0
1.62526798248 -1.0
1.68417596817 -1.0
1.74389100075 -1.0
1.74391293526 -1.0
1.74567699432 -1.0
1.79855394363 -1.0
1.79858112335 -1.0
1.79861092567 -1.0
1.80151295662 1.0
1.81845092773 -1.0
1.83628511429 -1.0
1.83632206917 -1.0
1.85924601555 -1.0
1.91234397888 -1.0
1.94131398201 -1.0
2.00596404076 -1.0
2.06531405449 -1.0
2.08030700684 -1.0
2.189193964 -1.0
2.19463801384 1.0
2.2343249321 -1.0
2.23436713219 -1.0
2.25563311577 -1.0
2.27413201332 -1.0
2.27809810638 -1.0
2.31566810608 -1.0
2.31570005417 -1.0
2.35047912598 -1.0
2.35089802742 -1.0
2.3509850502 -1.0
2.35188794136 -1.0
2.35193705559 -1.0
2.35197710991 1.0
2.35913109779 -1.0
2.35918712616 -1.0
2.37599802017 -1.0
2.38112807274 -1.0
2.39908695221 -1.0
2.42079496384 -1.0
2.44432997704 -1.0
2.46482896805 -1.0
2.46485495567 -1.0
2.46540307999 -1.0
2.46543908119 -1.0
2.4658601284 -1.0
2.46614003181 -1.0
2.46614599228 1.0
2.46617412567 -1.0
2.48971104622 -1.0
2.5057721138 -1.0
2.51376605034 -1.0
2.52050995827 -1.0
2.52061700821 -1.0
2.52064108849 -1.0
2.54470300674 -1.0
2.57836794853 -1.0
2.57838511467 -1.0
2.57878708839 -1.0
2.57886314392 -1.0
2.57906508446 -1.0
2.57913708687 -1.0
2.57914209366 1.0
2.59384608269 -1.0
2.60433101654 -1.0
2.63682103157 -1.0
2.63696599007 -1.0
2.6370549202 -1.0
2.6371281147 -1.0
2.63722205162 -1.0
2.64468312263 -1.0
2.65775203705 -1.0
2.68908405304 -1.0
2.68909597397 -1.0
2.68920397758 -1.0
2.68928909302 -1.0
2.68930506706 1.0
2.68936514854 -1.0
2.689412117 -1.0
2.68967914581 -1.0
2.68974804878 -1.0
2.69508910179 -1.0
2.70929193497 -1.0
2.74846506119 -1.0
2.74944806099 -1.0
2.74965000153 -1.0
2.75061893463 -1.0
2.75063896179 1.0
2.7507109642 -1.0
2.75077104568 -1.0
2.75083804131 -1.0
2.75090694427 -1.0
2.77001094818 -1.0
2.77004313469 -1.0
2.78967308998 -1.0
2.80488991737 -1.0
2.8049030304 -1.0
2.80534791946 -1.0
2.80537414551 -1.0
2.80587291718 -1.0
2.8059220314 -1.0
2.80599713326 -1.0
2.80605101585 -1.0
2.80627894402 -1.0
2.82201194763 -1.0
2.82202100754 1.0
2.82528305054 -1.0
2.83761692047 -1.0
2.83765506744 -1.0
2.85841012001 -1.0
2.8623290062 -1.0
2.86247110367 -1.0
2.86254692078 -1.0
2.86277198792 -1.0
2.86282992363 -1.0
2.86304306984 -1.0
2.86315703392 -1.0
2.8632209301 -1.0
2.86329507828 -1.0
2.86433601379 -1.0
2.88180708885 -1.0
2.88182401657 1.0
2.92182707787 -1.0
2.98554897308 -1.0
3.04559206963 -1.0
3.39334392548 -1.0
3.45319700241 -1.0
3.46805095673 -1.0
3.46807694435 -1.0
3.47258496284 -1.0
3.47261214256 -1.0
3.47345304489 -1.0
3.47346115112 1.0
3.49329710007 -1.0
3.49333310127 -1.0
3.49492311478 -1.0
3.50287413597 -1.0
3.50291013718 -1.0
3.50340509415 -1.0
3.51665115356 -1.0
3.55484509468 -1.0
3.55499100685 1.0
3.57330513 -1.0
3.573346138 -1.0
3.57375407219 -1.0
3.57380914688 -1.0
3.57445001602 -1.0
3.5748360157 -1.0
3.57493209839 -1.0
3.57626199722 -1.0
3.57628297806 -1.0
3.59823393822 -1.0
3.59826302528 -1.0
3.60165095329 -1.0
3.61059594154 -1.0
3.61069512367 -1.0
3.63361692429 -1.0
3.63707304001 -1.0
3.63709712029 1.0
3.65147399902 -1.0
3.65152812004 -1.0
3.65187001228 -1.0
3.65208697319 -1.0
3.65231609344 -1.0
3.65528202057 -1.0
3.65537309647 -1.0
3.6553940773 -1.0
3.66029906273 -1.0
3.66037297249 -1.0
3.66102004051 -1.0
3.66109013557 -1.0
3.67503905296 -1.0
3.67762207985 -1.0
3.67768907547 -1.0
3.67769408226 1.0
3.69793796539 -1.0
3.69796800613 -1.0
3.69819402695 -1.0
3.69827508926 -1.0
3.69863200188 -1.0
3.69867610931 -1.0
3.69876694679 -1.0
3.69910407066 -1.0
3.72597813606 -1.0
3.72687911987 -1.0
3.7269089222 -1.0
3.72710299492 -1.0
3.72720599174 -1.0
3.72725200653 -1.0
3.72732400894 -1.0
3.72732996941 1.0
3.72741699219 -1.0
3.72780108452 -1.0
3.7278740406 -1.0
3.72996711731 -1.0
3.74797606468 -1.0
3.75199508667 -1.0
3.75212907791 -1.0
3.7522289753 -1.0
3.75256514549 -1.0
3.75266909599 -1.0
3.75293898582 -1.0
3.75304698944 -1.0
3.76464915276 -1.0
3.76467013359 1.0
3.7647049427 -1.0
3.77234601974 -1.0
3.78586792946 -1.0
3.78592014313 -1.0
3.78607797623 -1.0
3.78612613678 -1.0
3.78625607491 -1.0
3.78634405136 -1.0
3.78645896912 -1.0
3.78660798073 -1.0
3.79296994209 -1.0
3.80670309067 -1.0
3.80675411224 -1.0
3.80688309669 -1.0
3.80697202682 -1.0
3.80742406845 -1.0
3.80749797821 -1.0
3.807502985 1.0
3.80759000778 -1.0
3.8076570034 -1.0
3.80777001381 -1.0
3.80862903595 -1.0
3.8087220192 -1.0
3.80892014503 -1.0
3.80900812149 -1.0
3.80907201767 -1.0
3.8124461174 -1.0
3.83137512207 -1.0
3.83140993118 -1.0
3.83492898941 -1.0
3.89345192909 -1.0
3.89418911934 -1.0
3.89421510696 -1.0
3.89422512054 1.0
3.91591215134 -1.0
3.97740411758 -1.0
4.57001304626 -1.0
4.59155392647 -1.0
5.57354807854 -1.0
5.57356500626 -1.0
5.59699010849 -1.0
6.57399106026 -1.0
6.57400012016 1.0
6.59719204903 -1.0
7.5699660778 -1.0
7.590239048 -1.0
8.57304310799 -1.0
8.59265112877 -1.0
8.67048692703 -1.0
15.9428610802 -1.0
16.0599660873 -1.0
