0.0126829147339 1.0
0.034893989563 -1.0
0.0567090511322 -1.0
0.0781650543213 -1.0
0.140588998795 -1.0
0.236644983292 -1.0
0.258131027222 -1.0
0.323792934418 -1.0
0.326413869858 -1.0
0.35470199585 -1.0
0.354712963104 1.0
0.414775848389 -1.0
0.527673959732 -1.0
0.543155908585 -1.0
0.551038980484 -1.0
0.618818044662 -1.0
0.729049921036 -1.0
0.753834009171 -1.0
0.794843912125 -1.0
0.830579042435 -1.0
0.850928068161 -1.0
0.890758037567 1.0
0.927398920059 -1.0
0.991472005844 -1.0
1.04459095001 -1.0
1.12714290619 -1.0
1.18806600571 -1.0
1.23653388023 -1.0
1.23656702042 -1.0
1.25296592712 -1.0
1.25301599503 -1.0
1.25739693642 -1.0
1.29983186722 -1.0
1.30024290085 1.0
1.33827900887 -1.0
1.50362086296 -1.0
1.52431488037 -1.0
1.58288097382 -1.0
1.63217401505 -1.0
1.69084787369 -1.0
1.92717504501 -1.0
2.05504608154 -1.0
2.07765603065 -1.0
2.2393579483 -1.0
2.29071998596 1.0
2.33360290527 -1.0
2.33365702629 -1.0
2.42703795433 -1.0
2.44420289993 -1.0
2.44462800026 -1.0
2.45012807846 -1.0
2.45855307579 -1.0
2.4757668972 -1.0
2.52398300171 -1.0
2.52399492264 1.0
2.54538297653 -1.0
2.62745094299 -1.0
2.72668194771 -1.0
2.75048685074 -1.0
2.77533698082 -1.0
2.77605295181 -1.0
2.92815995216 -1.0
3.00394892693 -1.0
3.0331799984 -1.0
3.09104394913 -1.0
3.0910680294 1.0
3.11151099205 -1.0
3.12657284737 -1.0
3.12659788132 -1.0
3.14854192734 -1.0
3.16298484802 -1.0
3.16299986839 -1.0
3.18518090248 -1.0
3.23628592491 -1.0
3.23632097244 -1.0
3.23636388779 -1.0
3.23641991615 -1.0
3.23647499084 -1.0
3.24281406403 -1.0
3.25849103928 -1.0
3.25849890709 1.0
3.25879693031 -1.0
3.25883793831 -1.0
3.28064107895 -1.0
3.28072690964 -1.0
3.32521104813 -1.0
3.32523703575 -1.0
3.32532691956 -1.0
3.3264298439 -1.0
3.32736802101 -1.0
3.34874987602 -1.0
3.35687589645 -1.0
3.37392902374 -1.0
3.37404990196 1.0
3.378895998 -1.0
3.4282848835 -1.0
3.43355488777 -1.0
3.43585085869 -1.0
3.43685984612 -1.0
3.4369430542 -1.0
3.43700695038 -1.0
3.43739104271 -1.0
3.43824791908 -1.0
3.44202685356 -1.0
3.44203495979 1.0
3.44205904007 -1.0
3.45600485802 -1.0
3.45867586136 -1.0
3.45934104919 -1.0
3.45935487747 -1.0
3.51963305473 -1.0
3.52703404427 -1.0
3.52705407143 -1.0
3.54997587204 -1.0
3.55001807213 -1.0
3.55078196526 -1.0
3.55080389977 1.0
3.55089688301 -1.0
3.55097699165 -1.0
3.55159091949 -1.0
3.57456302643 -1.0
3.57462596893 -1.0
3.57577085495 -1.0
3.57578587532 -1.0
3.62813305855 -1.0
3.62814998627 -1.0
3.62822890282 -1.0
3.62824201584 -1.0
3.62833285332 1.0
3.62840795517 -1.0
3.63177394867 -1.0
3.65228891373 -1.0
3.65229892731 -1.0
3.6911740303 -1.0
3.72946190834 -1.0
3.72948098183 -1.0
3.72950005531 -1.0
3.72959184647 -1.0
3.73272705078 -1.0
3.7521250248 -1.0
3.75216698647 -1.0
3.79103398323 -1.0
3.79104495049 1.0
3.82698893547 -1.0
3.82704806328 -1.0
3.85069298744 -1.0
3.88715386391 -1.0
4.2437748909 -1.0
4.26972603798 -1.0
4.27165603638 -1.0
4.27179503441 -1.0
4.29348897934 -1.0
4.29349684715 1.0
4.32571005821 -1.0
4.42497491837 -1.0
4.42906689644 -1.0
4.44808006287 -1.0
4.46200895309 -1.0
4.47259402275 -1.0
4.49106001854 -1.0
4.4946680069 -1.0
4.49468803406 1.0
4.49540901184 -1.0
4.49542999268 -1.0
4.50633192062 -1.0
4.51969003677 -1.0
4.54160904884 -1.0
4.5431330204 -1.0
4.56873703003 -1.0
4.57268190384 -1.0
4.57300591469 -1.0
4.5730638504 -1.0
4.57376790047 -1.0
4.57438492775 -1.0
4.59242391586 -1.0
4.59243106842 1.0
4.59628486633 -1.0
4.5963549614 -1.0
4.62615799904 -1.0
4.62617492676 -1.0
4.64845490456 -1.0
4.65002703667 -1.0
4.65010499954 -1.0
4.65024089813 -1.0
4.65053796768 -1.0
4.65084505081 -1.0
4.65092492104 -1.0
4.65159296989 -1.0
4.65170693398 -1.0
4.65174388885 -1.0
4.65174794197 1.0
4.65529489517 -1.0
4.66717791557 -1.0
4.67115187645 -1.0
4.6727309227 -1.0
4.67295503616 -1.0
4.68135595322 -1.0
4.68149995804 -1.0
4.68157887459 -1.0
4.69490194321 -1.0
4.69497799873 -1.0
4.69504594803 -1.0
4.69554591179 -1.0
4.69688296318 -1.0
4.69693207741 -1.0
4.69715094566 -1.0
4.69717407227 1.0
4.73713207245 -1.0
4.73912906647 -1.0
4.73953104019 -1.0
4.73997688293 -1.0
4.74006485939 -1.0
4.74058103561 -1.0
4.7406539917 -1.0
4.74076199532 -1.0
4.74083685875 -1.0
4.75149703026 -1.0
4.75836586952 -1.0
4.76204586029 -1.0
4.76208496094 -1.0
4.76211094856 1.0
4.76254796982 -1.0
4.76259899139 -1.0
4.76328706741 -1.0
4.76334404945 -1.0
4.78284502029 -1.0
4.78492593765 -1.0
4.78494906425 -1.0
4.78614997864 -1.0
4.82420301437 -1.0
4.82422685623 -1.0
4.82427096367 -1.0
4.8251979351 -1.0
4.84737586975 -1.0
4.84738397598 1.0
4.90929484367 -1.0
4.96717596054 -1.0
5.78078198433 -1.0
5.78079795837 -1.0
5.80506587029 -1.0
6.78092598915 -1.0
6.80518102646 -1.0
7.75635886192 1.0
7.77863001823 -1.0
7.77889299393 -1.0
7.80205488205 -1.0
8.58627891541 -1.0
8.77940297127 -1.0
8.80209803581 -1.0
15.9320309162 -1.0
16.9285190105 -1.0
17.0277769566 -1.0
