0.0 1.0
0.0197129249573 -1.0
0.0485489368439 -1.0
0.0685789585114 -1.0
0.131057024002 -1.0
0.178597927094 -1.0
0.19831609726 -1.0
0.268548965454 -1.0
0.26969909668 -1.0
0.288618087769 -1.0
0.288644075394 -1.0
0.309156894684 -1.0
0.359203100204 -1.0
0.414959907532 -1.0
0.48103094101 -1.0
0.481049060822 1.0
0.500593900681 -1.0
0.511617898941 -1.0
0.519906044006 -1.0
0.530303001404 -1.0
0.539472103119 -1.0
0.5592648983 -1.0
0.70348405838 -1.0
0.859755992889 -1.0
0.984108924866 -1.0
1.07954788208 -1.0
1.11575603485 1.0
1.13596200943 -1.0
1.1580889225 -1.0
1.1582159996 -1.0
1.15832209587 -1.0
1.17819309235 -1.0
1.20693802834 -1.0
1.26893997192 -1.0
1.32710790634 -1.0
1.33492302895 -1.0
1.34527301788 -1.0
1.35657906532 -1.0
1.3649148941 -1.0
1.38438296318 -1.0
1.38439297676 1.0
1.40382289886 -1.0
1.57147693634 -1.0
1.59150195122 -1.0
1.61123800278 -1.0
1.84930992126 -1.0
1.87002396584 -1.0
1.88953995705 -1.0
1.89341187477 -1.0
2.3657989502 -1.0
2.38516497612 -1.0
2.44416308403 -1.0
2.44419693947 -1.0
2.44420289993 1.0
2.46367001534 -1.0
2.49209904671 -1.0
2.49212002754 -1.0
2.49212694168 -1.0
2.51164793968 -1.0
2.52286195755 -1.0
2.5235979557 -1.0
2.53125596046 -1.0
2.57068896294 -1.0
2.57069587708 1.0
2.57070207596 -1.0
2.5707988739 -1.0
2.57097601891 -1.0
2.58869791031 -1.0
2.59018802643 -1.0
2.60167789459 -1.0
2.60178995132 -1.0
2.60191488266 -1.0
2.60221195221 -1.0
2.60243105888 -1.0
2.60243701935 1.0
2.6081430912 -1.0
2.60818600655 -1.0
2.60841488838 -1.0
2.62124896049 -1.0
2.62126994133 -1.0
2.65925002098 -1.0
2.66906499863 -1.0
2.66918110847 -1.0
2.66956210136 -1.0
2.66968488693 -1.0
2.66975688934 -1.0
2.6698539257 -1.0
2.6788289547 -1.0
2.68030309677 -1.0
2.68034291267 -1.0
2.68073892593 -1.0
2.68075704575 1.0
2.68864297867 -1.0
2.6963789463 -1.0
2.69719409943 -1.0
2.69723701477 -1.0
2.69844603539 -1.0
2.70748305321 -1.0
2.71976494789 -1.0
2.71985006332 -1.0
2.72037196159 -1.0
2.72046494484 -1.0
2.72698998451 -1.0
2.74786996841 -1.0
2.74814009666 -1.0
2.76761603355 -1.0
2.76762604713 1.0
2.78790688515 -1.0
2.794713974 -1.0
2.79475688934 -1.0
2.80829191208 -1.0
2.80833005905 -1.0
2.808396101 -1.0
2.81438302994 -1.0
2.82427096367 -1.0
2.82436800003 -1.0
2.82658195496 -1.0
2.82666301727 -1.0
2.84386205673 -1.0
2.85440397263 -1.0
2.86445188522 -1.0
2.86820006371 -1.0
2.87403798103 -1.0
2.87404489517 1.0
2.89814805984 -1.0
2.89821410179 -1.0
2.89828491211 -1.0
2.90339398384 -1.0
2.91772603989 -1.0
2.93291592598 -1.0
2.93721795082 -1.0
2.93793606758 -1.0
2.98095703125 -1.0
2.98097491264 -1.0
2.99529600143 -1.0
3.01567602158 -1.0
3.05176591873 1.0
3.07123398781 -1.0
3.09016299248 -1.0
3.11031603813 -1.0
3.12634587288 -1.0
3.13004302979 -1.0
3.13222098351 -1.0
3.13636994362 -1.0
3.13649296761 -1.0
3.13653302193 -1.0
3.13767194748 -1.0
3.13774299622 -1.0
3.14987397194 -1.0
3.17280292511 -1.0
3.17324209213 -1.0
3.17325997353 1.0
3.17591309547 -1.0
3.17596793175 -1.0
3.17903089523 -1.0
3.18348097801 -1.0
3.19221401215 -1.0
3.22872900963 -1.0
3.23415207863 -1.0
3.23417901993 -1.0
3.23655295372 -1.0
3.23827004433 -1.0
3.24501991272 -1.0
3.24528694153 -1.0
3.24815201759 -1.0
3.25064587593 -1.0
3.25070691109 -1.0
3.25071310997 1.0
3.26790499687 -1.0
3.31577301025 -1.0
3.3275179863 -1.0
3.40520095825 -1.0
3.40522503853 -1.0
3.40546393394 -1.0
3.42553901672 -1.0
3.48342895508 -1.0
3.73566198349 -1.0
3.7551240921 -1.0
4.7150850296 1.0
4.73493409157 -1.0
5.73549199104 -1.0
6.735683918 -1.0
6.75534796715 -1.0
7.87284994125 -1.0
14.4976921082 -1.0
15.4864718914 -1.0
26.5757799149 1.0
26.5952990055 -1.0
26.5953359604 -1.0
26.5954449177 -1.0
26.6147339344 -1.0
