0.0282008647919 1.0
0.0365290641785 -1.0
0.0675358772278 -1.0
0.0870959758759 -1.0
0.0871260166168 1.0
0.161578893661 -1.0
0.16724896431 -1.0
0.187702894211 -1.0
0.224179029465 1.0
0.26776599884 -1.0
0.308559894562 -1.0
0.308568000793 1.0
0.323745965958 -1.0
0.36462688446 -1.0
0.38179397583 -1.0
0.420177936554 1.0
0.420511960983 -1.0
0.43962097168 -1.0
0.440051078796 -1.0
0.467141866684 -1.0
0.467555046082 1.0
0.52462387085 -1.0
0.568602085114 -1.0
0.588192939758 -1.0
0.648525953293 -1.0
0.648535013199 1.0
0.668328046799 -1.0
0.68908905983 -1.0
0.748590946198 -1.0
0.767872095108 -1.0
0.767905950546 1.0
0.774478912354 -1.0
0.779411077499 -1.0
0.77992606163 1.0
0.788716077805 -1.0
0.799643993378 -1.0
0.819304943085 -1.0
0.869147062302 -1.0
0.86918091774 1.0
0.889642953873 -1.0
0.889662027359 1.0
0.90912604332 -1.0
1.06960391998 -1.0
1.08934187889 -1.0
1.08959388733 -1.0
1.12619900703 1.0
1.16846489906 -1.0
1.22864198685 -1.0
1.27899503708 -1.0
1.27940797806 1.0
1.33661007881 -1.0
1.37564301491 -1.0
1.46521496773 -1.0
1.56670808792 -1.0
1.5671980381 1.0
1.58092904091 -1.0
1.58699297905 -1.0
1.86704707146 -1.0
1.86707401276 1.0
1.96448707581 -1.0
2.02064800262 -1.0
2.12438488007 1.0
2.1438999176 -1.0
2.16248297691 -1.0
2.19354295731 -1.0
2.22955703735 -1.0
2.26821088791 1.0
2.42285490036 -1.0
2.48071098328 -1.0
2.76329493523 -1.0
2.76341891289 1.0
2.78300309181 -1.0
3.14106202126 -1.0
3.16239500046 -1.0
3.16240787506 1.0
3.16241407394 -1.0
3.18204808235 -1.0
3.66596007347 -1.0
3.68797206879 -1.0
3.89344406128 -1.0
4.0635099411 -1.0
4.06352591515 1.0
4.16518497467 -1.0
4.31769394875 -1.0
4.31861805916 1.0
4.33823204041 -1.0
4.99181890488 -1.0
5.01135897636 -1.0
5.77125406265 -1.0
5.80821204185 1.0
5.99356889725 -1.0
6.01244807243 -1.0
6.13436198235 -1.0
6.13438105583 1.0
6.16277909279 -1.0
6.17522192001 -1.0
6.17524600029 1.0
6.18262791634 -1.0
6.19139409065 -1.0
6.19700908661 -1.0
6.2023870945 -1.0
6.21119499207 -1.0
6.21120405197 1.0
6.21554899216 -1.0
6.22211790085 -1.0
6.22267699242 -1.0
6.23088908195 -1.0
6.23089504242 1.0
6.23529005051 -1.0
6.24129509926 -1.0
6.24134087563 1.0
6.2426738739 -1.0
6.25061297417 -1.0
6.28946709633 -1.0
6.93720293045 -1.0
7.06231188774 -1.0
7.06233286858 1.0
7.16134905815 -1.0
7.26646208763 -1.0
7.28618001938 -1.0
7.28618907928 1.0
7.5633649826 -1.0
7.58348107338 -1.0
7.5929710865 -1.0
7.59298110008 1.0
7.60351991653 -1.0
7.61420488358 -1.0
7.62296009064 -1.0
7.6229660511 1.0
7.68044805527 -1.0
7.7000579834 -1.0
7.70024609566 -1.0
7.70291900635 -1.0
7.70294094086 1.0
7.72255086899 -1.0
7.77150893211 -1.0
7.77208590508 -1.0
7.77209305763 1.0
7.78115606308 -1.0
7.79334187508 -1.0
7.80093193054 -1.0
7.80094003677 1.0
7.85706186295 -1.0
7.87719893456 -1.0
8.46955394745 -1.0
8.50820708275 1.0
8.56720399857 -1.0
8.6686630249 -1.0
8.68968296051 -1.0
8.68969607353 1.0
8.70949196815 -1.0
8.72915005684 -1.0
8.76801609993 -1.0
8.76803207397 -1.0
8.76806902885 1.0
8.78902697563 -1.0
8.86859893799 -1.0
8.86862707138 -1.0
8.86865496635 1.0
8.88941788673 -1.0
8.90901088715 -1.0
8.90916395187 1.0
8.96779298782 -1.0
8.98779702187 -1.0
9.00744986534 -1.0
9.00745987892 1.0
9.00746488571 -1.0
9.00747489929 -1.0
9.02713990211 -1.0
9.02714705467 1.0
9.02715301514 -1.0
9.06929588318 -1.0
9.06931304932 -1.0
9.06931591034 1.0
9.08900690079 -1.0
9.10875988007 -1.0
9.10879302025 -1.0
9.10879707336 1.0
9.1285738945 -1.0
9.16751098633 -1.0
9.18808603287 -1.0
9.18811106682 1.0
9.2789440155 -1.0
9.98069500923 -1.0
10.0837619305 -1.0
10.0837929249 1.0
10.1004929543 -1.0
10.1034739017 -1.0
10.1650619507 -1.0
10.1650800705 1.0
10.1847839355 -1.0
10.2660970688 -1.0
10.3180758953 1.0
10.3375580311 -1.0
10.4514820576 -1.0
10.4716348648 -1.0
11.0699920654 -1.0
11.0700159073 1.0
11.0933148861 -1.0
11.1129410267 -1.0
11.1722900867 -1.0
11.1723160744 1.0
11.192043066 -1.0
11.1920609474 -1.0
11.2170078754 -1.0
11.2682800293 -1.0
11.2683329582 -1.0
11.2683420181 1.0
11.2901079655 -1.0
11.309746027 -1.0
11.3295688629 -1.0
11.329595089 1.0
11.3842799664 -1.0
11.4078600407 -1.0
11.4080739021 1.0
11.4278540611 -1.0
11.4477488995 -1.0
11.4694709778 -1.0
11.469493866 1.0
11.6267039776 -1.0
12.2679889202 -1.0
12.3798389435 -1.0
12.3798589706 1.0
12.4014918804 -1.0
12.4210929871 -1.0
12.470386982 -1.0
12.4704070091 1.0
12.5741999149 -1.0
12.8854870796 -1.0
13.1223580837 1.0
13.1419630051 -1.0
13.1630868912 -1.0
13.2692849636 -1.0
13.269659996 1.0
13.2894408703 -1.0
13.3090848923 -1.0
13.468941927 -1.0
13.4884829521 -1.0
13.5281939507 1.0
13.5689690113 -1.0
14.1432900429 -1.0
14.1675059795 -1.0
14.1675169468 1.0
14.2256970406 -1.0
14.2769808769 -1.0
14.2971138954 -1.0
14.4706790447 -1.0
14.508204937 1.0
15.770471096 -1.0
16.5686628819 -1.0
17.2686638832 -1.0
17.2686960697 1.0
