0.00533986091614 -1.0
0.00535297393799 1.0
0.0633919239044 -1.0
0.0666868686676 -1.0
0.12587594986 -1.0
0.181735992432 -1.0
0.192291975021 -1.0
0.193049907684 1.0
0.249763011932 -1.0
0.264235019684 -1.0
0.305743932724 -1.0
0.317621946335 1.0
0.32231593132 -1.0
0.374384880066 -1.0
0.433750867844 -1.0
0.465431928635 -1.0
0.465448856354 1.0
0.487007856369 -1.0
0.546065807343 -1.0
0.546082019806 1.0
0.564684867859 -1.0
0.601807832718 -1.0
0.622222900391 -1.0
0.62255191803 1.0
0.629223823547 -1.0
0.641924858093 -1.0
0.675223827362 -1.0
0.695708990097 -1.0
0.742660999298 1.0
0.76330280304 -1.0
0.816468000412 -1.0
0.966821908951 -1.0
1.0226559639 1.0
1.19612002373 -1.0
1.25375580788 -1.0
1.87359595299 -1.0
1.91804695129 -1.0
1.93762183189 -1.0
1.93871998787 1.0
1.95846486092 -1.0
1.97870802879 -1.0
1.98931097984 -1.0
2.00882196426 -1.0
2.05466580391 1.0
2.06823682785 -1.0
2.06825494766 -1.0
2.07592582703 -1.0
2.07593393326 1.0
2.08903980255 -1.0
2.09588885307 -1.0
2.10874295235 -1.0
2.10875201225 1.0
2.10875797272 -1.0
2.11530780792 -1.0
2.15465688705 1.0
2.16933488846 -1.0
2.1764960289 -1.0
2.21466493607 1.0
2.22587299347 -1.0
2.26802587509 -1.0
2.77013993263 -1.0
2.87960982323 -1.0
2.87962698936 1.0
2.9912378788 -1.0
3.06463599205 -1.0
3.06507587433 -1.0
3.06508088112 1.0
3.08430099487 -1.0
3.1007540226 -1.0
3.10397100449 -1.0
3.10397791862 1.0
3.14591002464 -1.0
3.14688491821 -1.0
3.16573786736 -1.0
3.16574501991 1.0
3.17388486862 -1.0
3.17742586136 -1.0
3.17768502235 -1.0
3.17769098282 1.0
3.18563079834 -1.0
3.19338989258 -1.0
3.21082186699 -1.0
3.21084594727 1.0
3.21293997765 -1.0
3.2614159584 -1.0
3.3202958107 -1.0
3.3203599453 1.0
3.34061098099 -1.0
3.43090200424 -1.0
3.45055198669 -1.0
3.45058989525 1.0
3.51007080078 -1.0
3.52980899811 -1.0
3.99249696732 -1.0
4.03864002228 1.0
4.17382097244 -1.0
4.26111483574 -1.0
4.26573491096 -1.0
4.26574397087 1.0
4.28090381622 -1.0
4.30070781708 -1.0
4.3007209301 -1.0
4.30072879791 1.0
4.32207298279 -1.0
4.36316800117 -1.0
4.37099385262 -1.0
4.37109684944 -1.0
4.38438987732 -1.0
4.38439798355 1.0
4.3915169239 -1.0
4.40411686897 -1.0
4.41299295425 -1.0
4.41299986839 1.0
4.42366790771 -1.0
4.47537183762 -1.0
4.48179984093 -1.0
4.48182702065 1.0
4.48189902306 -1.0
4.49518084526 -1.0
4.52378988266 -1.0
4.52415394783 -1.0
4.54384183884 -1.0
4.56055092812 -1.0
4.56055879593 1.0
4.58013081551 -1.0
4.5921459198 -1.0
4.59242987633 -1.0
4.59243583679 1.0
4.61191391945 -1.0
4.63421392441 -1.0
4.63490796089 -1.0
4.65397882462 -1.0
4.65399003029 1.0
4.76249599457 -1.0
5.18602991104 -1.0
5.18603897095 1.0
5.20636582375 -1.0
5.47732186317 -1.0
5.57851600647 -1.0
5.59333992004 -1.0
5.59335184097 1.0
5.59829282761 -1.0
5.62448883057 -1.0
5.6452498436 -1.0
5.64525985718 1.0
5.66524791718 -1.0
5.7355389595 -1.0
5.78407382965 1.0
5.80456089973 -1.0
5.91295480728 -1.0
5.93264198303 -1.0
6.31604790688 -1.0
6.35467481613 1.0
6.41664290428 -1.0
6.42606091499 -1.0
6.4369828701 -1.0
6.43699193001 1.0
6.53639292717 -1.0
6.55596089363 -1.0
6.76800584793 -1.0
6.76802492142 1.0
6.7680439949 -1.0
6.79067397118 -1.0
6.7909348011 1.0
6.81297397614 -1.0
6.81299185753 -1.0
6.83417081833 -1.0
6.87819695473 -1.0
6.87820982933 1.0
6.91896486282 -1.0
7.67757987976 -1.0
7.76596188545 -1.0
7.76598191261 1.0
7.78586888313 -1.0
7.86776280403 -1.0
7.96713781357 -1.0
7.96715688705 1.0
8.26837301254 -1.0
9.16574001312 -1.0
11.6296458244 -1.0
11.629668951 1.0
12.6114618778 -1.0
15.9670519829 -1.0
