0.029335975647 -1.0
0.0293469429016 1.0
0.0531148910522 -1.0
0.10956788063 -1.0
0.150852918625 -1.0
0.150899887085 -1.0
0.150913000107 1.0
0.151032924652 -1.0
0.206900835037 -1.0
0.209745883942 1.0
0.266110897064 -1.0
0.302821874619 -1.0
0.342780828476 -1.0
0.352874994278 -1.0
0.352883815765 -1.0
0.352903842926 1.0
0.372673034668 -1.0
0.412601947784 -1.0
0.431305885315 -1.0
0.431401014328 1.0
0.496440887451 -1.0
0.556929826736 -1.0
0.613488912582 -1.0
0.786082983017 -1.0
0.952030897141 -1.0
0.991344928741 1.0
1.05112981796 -1.0
1.15575003624 -1.0
1.17696499825 -1.0
1.95242190361 -1.0
1.96534490585 -1.0
1.96538090706 1.0
1.96540594101 -1.0
1.98644900322 -1.0
2.00960302353 -1.0
2.00961184502 1.0
2.02933382988 -1.0
2.05121397972 -1.0
2.05125498772 -1.0
2.0514318943 -1.0
2.06618690491 -1.0
2.06631684303 -1.0
2.07323288918 -1.0
2.07323980331 1.0
2.07337284088 -1.0
2.0735039711 -1.0
2.075745821 -1.0
2.07577085495 -1.0
2.0857899189 -1.0
2.12335991859 1.0
2.15092587471 -1.0
2.15096783638 -1.0
2.15131497383 -1.0
2.15131998062 1.0
2.15132498741 -1.0
2.17215681076 -1.0
2.1722638607 1.0
2.17835187912 -1.0
2.17843484879 -1.0
2.18541693687 -1.0
2.18543291092 -1.0
2.19253993034 -1.0
2.22950983047 -1.0
2.22951889038 1.0
2.2868168354 -1.0
2.85412192345 -1.0
3.05395483971 -1.0
3.05398797989 -1.0
3.05399084091 1.0
3.18167686462 -1.0
3.20137000084 -1.0
3.36003088951 -1.0
3.36004686356 1.0
3.36131000519 -1.0
3.36142802238 -1.0
3.36188697815 -1.0
3.36189389229 1.0
3.37947702408 -1.0
3.45468401909 -1.0
3.4762339592 -1.0
3.47624182701 1.0
3.47624993324 -1.0
3.4765048027 -1.0
3.49614596367 -1.0
3.49615383148 1.0
3.55410599709 -1.0
3.55413985252 -1.0
3.57547402382 -1.0
3.57548189163 1.0
3.65423083305 -1.0
3.75316596031 -1.0
3.75342392921 1.0
3.77286291122 -1.0
3.79254698753 -1.0
3.81208181381 -1.0
4.26350498199 1.0
4.28402400017 -1.0
4.30361795425 -1.0
4.38574290276 -1.0
4.55452990532 -1.0
4.55454492569 1.0
4.55455589294 -1.0
4.57421183586 -1.0
4.5743098259 1.0
4.59380483627 -1.0
4.6545920372 -1.0
4.65461182594 -1.0
4.67651486397 -1.0
4.67652487755 -1.0
4.67654800415 1.0
4.754570961 -1.0
4.75459289551 -1.0
4.77435183525 -1.0
4.77450084686 1.0
4.83379483223 -1.0
4.85437893867 -1.0
4.85440587997 -1.0
4.87578701973 -1.0
4.87582087517 1.0
4.93371486664 -1.0
4.98980998993 -1.0
5.2638258934 1.0
5.28340888023 -1.0
5.3031938076 -1.0
5.85246086121 -1.0
5.95397400856 -1.0
5.95399188995 1.0
5.97464799881 -1.0
5.97885203362 -1.0
5.97912287712 1.0
5.99417996407 -1.0
5.99868893623 -1.0
6.05124688148 -1.0
6.05252289772 -1.0
6.05252885818 1.0
6.10979580879 -1.0
6.12930488586 -1.0
6.20864391327 1.0
6.21951794624 -1.0
6.22818994522 -1.0
6.25113987923 -1.0
6.5684428215 -1.0
6.65227890015 -1.0
6.65230202675 1.0
6.74987602234 -1.0
6.76117086411 -1.0
6.76978683472 -1.0
6.76979494095 1.0
6.87125897408 -1.0
6.89149403572 -1.0
6.89158797264 -1.0
6.93135380745 1.0
6.96266388893 -1.0
6.97616791725 -1.0
6.97729587555 -1.0
6.97730588913 1.0
6.98153591156 -1.0
6.98231482506 -1.0
7.07406592369 -1.0
7.07408380508 1.0
7.07440590858 -1.0
7.09400081635 -1.0
7.13135290146 1.0
7.13386583328 -1.0
7.15284991264 -1.0
7.15286898613 -1.0
7.26124095917 -1.0
7.28209900856 1.0
7.33786082268 -1.0
7.85423493385 -1.0
7.95895981789 -1.0
7.98241782188 -1.0
7.9824450016 1.0
8.00191187859 -1.0
8.00205087662 -1.0
8.06685090065 -1.0
8.06688189507 1.0
8.09028792381 -1.0
8.45443582535 -1.0
9.55162882805 -1.0
9.55164980888 1.0
11.9589669704 -1.0
12.8624539375 -1.0
14.9771969318 1.0
14.9969038963 -1.0
14.9969348907 -1.0
15.5531740189 -1.0
15.6533858776 -1.0
15.6534049511 1.0
