0.0240330696106 -1.0
0.247921943665 1.0
0.269878149033 -1.0
1.01336097717 -1.0
1.03385996819 -1.0
1.53441500664 -1.0
1.57178401947 1.0
1.81023716927 -1.0
1.8319940567 -1.0
2.52055096626 -1.0
2.55977106094 1.0
2.57938909531 -1.0
2.60864806175 -1.0
2.60983204842 1.0
2.62954497337 -1.0
2.64904904366 -1.0
2.70921707153 -1.0
2.71501398087 -1.0
2.71503710747 1.0
2.71820616722 -1.0
2.72896313667 -1.0
2.82034111023 -1.0
2.84002399445 -1.0
2.86029005051 1.0
2.87992715836 -1.0
2.89953804016 -1.0
2.91031098366 -1.0
3.01026797295 -1.0
3.01028704643 -1.0
3.01033115387 1.0
3.03087496758 -1.0
3.08900713921 -1.0
3.11021208763 -1.0
3.11023116112 -1.0
3.12994909286 -1.0
3.13017296791 1.0
3.1892220974 -1.0
3.24499511719 -1.0
3.26465010643 -1.0
3.30798602104 -1.0
3.3082549572 1.0
3.36512613297 -1.0
3.41536617279 -1.0
3.43028616905 -1.0
3.43030810356 1.0
3.43510603905 -1.0
3.53117895126 -1.0
3.53559112549 -1.0
3.53561997414 1.0
3.54472994804 -1.0
3.5508389473 -1.0
3.60099697113 -1.0
3.70880317688 -1.0
3.70882606506 -1.0
3.70887112617 1.0
3.72856998444 -1.0
3.81019806862 -1.0
4.00834417343 -1.0
4.04775309563 1.0
4.11065912247 -1.0
4.30863308907 -1.0
4.32834410667 -1.0
4.328384161 1.0
4.40982317924 -1.0
4.5189871788 -1.0
4.61861300468 -1.0
4.61868906021 1.0
4.63820695877 -1.0
4.65856194496 -1.0
4.6585791111 1.0
4.67831301689 -1.0
5.30919599533 -1.0
5.52028608322 -1.0
5.52965402603 -1.0
5.52966213226 1.0
5.53338599205 -1.0
5.54023194313 -1.0
5.54024600983 -1.0
5.54024815559 1.0
5.54937005043 -1.0
5.55973410606 -1.0
5.71058416367 -1.0
5.71060204506 1.0
5.71061515808 -1.0
5.73112010956 -1.0
5.73112797737 -1.0
5.73114800453 1.0
5.81126308441 -1.0
5.81129097939 -1.0
5.81130504608 -1.0
5.81130814552 1.0
5.8310379982 -1.0
5.83105897903 -1.0
5.83120894432 1.0
5.85086011887 -1.0
5.8508810997 -1.0
5.85088610649 -1.0
5.87039613724 -1.0
5.87040615082 1.0
5.87048411369 -1.0
5.91056513786 -1.0
5.91059303284 -1.0
5.9106400013 1.0
5.93101596832 -1.0
5.95099401474 -1.0
6.01136302948 -1.0
6.01138210297 1.0
6.10118317604 -1.0
6.71888399124 -1.0
6.8092751503 -1.0
6.80929303169 1.0
6.82152915001 -1.0
6.82396101952 -1.0
6.82406902313 1.0
6.82899594307 -1.0
6.84364104271 -1.0
6.90860199928 -1.0
6.95741915703 1.0
6.97698712349 -1.0
7.08578014374 -1.0
7.1059820652 -1.0
7.53465104103 -1.0
7.5717689991 1.0
7.71145415306 -1.0
7.71148610115 -1.0
7.71164107323 1.0
7.73163509369 -1.0
7.73165011406 -1.0
7.8225979805 -1.0
7.91020703316 -1.0
7.9102230072 1.0
7.9102461338 -1.0
7.93131995201 -1.0
7.93132996559 -1.0
7.93135595322 1.0
7.9508471489 -1.0
8.00911903381 -1.0
8.02865004539 -1.0
8.02865815163 1.0
8.11051011086 -1.0
8.13042902946 -1.0
8.2177491188 -1.0
8.21777200699 1.0
8.25154304504 -1.0
8.25155305862 1.0
8.31025695801 -1.0
8.36937999725 -1.0
8.42192411423 -1.0
8.44200801849 -1.0
8.52107906342 -1.0
8.55978798866 1.0
8.60954904556 -1.0
8.71022796631 -1.0
8.91121602058 -1.0
8.94778513908 1.0
9.1103041172 -1.0
9.11032795906 -1.0
9.13052797318 -1.0
9.13063907623 1.0
9.15022397041 -1.0
9.25220894814 -1.0
9.25223016739 1.0
9.25250196457 -1.0
9.27199316025 -1.0
9.30975413322 -1.0
9.36943602562 -1.0
9.41182994843 -1.0
9.45177602768 1.0
9.51985812187 -1.0
9.53989005089 -1.0
9.71079707146 -1.0
9.74778103828 1.0
10.8456289768 -1.0
12.8180401325 -1.0
14.1116290092 -1.0
14.1116571426 1.0
18.2513649464 -1.0
18.2710089684 -1.0
18.3127851486 -1.0
18.3127939701 1.0
18.3329761028 -1.0
18.5194189548 -1.0
18.54027915 -1.0
18.8112659454 -1.0
18.8119390011 1.0
18.8315351009 -1.0
19.1117529869 -1.0
19.1117789745 -1.0
19.1118099689 -1.0
19.1343929768 -1.0
19.1344110966 1.0
19.1543810368 -1.0
19.249284029 -1.0
19.249297142 1.0
19.2493031025 -1.0
19.2691280842 -1.0
19.3112850189 -1.0
19.3311431408 -1.0
19.4117741585 -1.0
19.5214080811 -1.0
19.5214180946 1.0
19.5416941643 -1.0
19.5421869755 -1.0
19.542194128 1.0
19.5617640018 -1.0
19.5617699623 -1.0
19.7111699581 -1.0
19.7111899853 -1.0
19.7317781448 -1.0
19.7344150543 -1.0
19.7344219685 1.0
19.7901580334 -1.0
19.8126399517 -1.0
19.8328020573 -1.0
19.8328211308 1.0
19.8901541233 -1.0
19.9104390144 -1.0
19.9462490082 -1.0
20.0021510124 -1.0
20.0021591187 1.0
20.0141270161 -1.0
20.0582311153 -1.0
20.1050579548 -1.0
20.1437690258 1.0
20.163449049 -1.0
20.2137670517 -1.0
20.214056015 1.0
20.2702300549 -1.0
20.3114449978 -1.0
20.37018013 -1.0
20.4129421711 -1.0
20.52455616 -1.0
20.5245909691 1.0
20.5457041264 -1.0
20.5862390995 -1.0
20.5862460136 1.0
20.6108181477 -1.0
20.6703140736 -1.0
20.7122371197 -1.0
20.7215111256 -1.0
20.7215490341 1.0
20.7410459518 -1.0
20.8113400936 -1.0
24.5226621628 1.0
24.5426990986 -1.0
24.5623371601 -1.0
25.5233240128 1.0
25.5431339741 -1.0
25.5431690216 -1.0
25.5434679985 -1.0
25.5628509521 -1.0
34.2295670509 1.0
34.249341011 -1.0
34.2689721584 -1.0
34.4166879654 -1.0
34.4168031216 1.0
34.436576128 -1.0
34.6194939613 -1.0
34.6393690109 -1.0
35.8080840111 -1.0
