0.00456309318542 1.0
0.0514559745789 -1.0
0.0931601524353 -1.0
0.151391029358 -1.0
0.151410102844 1.0
0.192723035812 -1.0
0.252899169922 -1.0
0.311432123184 -1.0
0.311457157135 1.0
0.347365140915 -1.0
0.368810176849 -1.0
0.427651166916 -1.0
0.427673101425 1.0
0.470993041992 -1.0
0.522571086884 -1.0
0.531977176666 -1.0
0.532031059265 1.0
0.582031011581 -1.0
0.61505818367 -1.0
0.615362167358 1.0
0.671421051025 -1.0
0.729516983032 -1.0
0.918238162994 -1.0
1.06792616844 -1.0
1.1081969738 1.0
1.21495604515 -1.0
1.23562407494 -1.0
1.91341519356 -1.0
1.9432580471 1.0
1.96353006363 -1.0
1.98433899879 -1.0
2.02485513687 -1.0
2.02896118164 -1.0
2.03611707687 -1.0
2.03613710403 1.0
2.03679800034 -1.0
2.04866218567 -1.0
2.10781598091 -1.0
2.10784316063 1.0
2.12823820114 -1.0
2.13867115974 -1.0
2.13937497139 -1.0
2.13939714432 1.0
2.13947606087 -1.0
2.14026999474 -1.0
2.1499710083 -1.0
2.15844202042 -1.0
2.19622707367 1.0
2.20744013786 -1.0
2.25646018982 -1.0
2.73299598694 -1.0
2.8446931839 -1.0
2.84471106529 1.0
2.95581507683 -1.0
3.07099914551 -1.0
3.09152913094 -1.0
3.09154009819 1.0
3.27528715134 -1.0
3.36755800247 -1.0
3.36815810204 -1.0
3.36816501617 1.0
3.37407302856 -1.0
3.38746213913 -1.0
3.39544701576 -1.0
3.39545607567 1.0
3.40697908401 -1.0
3.47826218605 -1.0
3.47868204117 -1.0
3.47868919373 1.0
3.49809813499 -1.0
3.59358501434 -1.0
3.61339712143 -1.0
3.61345720291 1.0
3.63391017914 -1.0
3.65374898911 -1.0
4.14733409882 -1.0
4.18422603607 1.0
4.25911808014 -1.0
4.37060213089 -1.0
4.39240503311 -1.0
4.39242100716 1.0
4.41416311264 -1.0
4.45176911354 -1.0
4.45195412636 1.0
4.4587931633 -1.0
4.4731991291 -1.0
4.48332905769 -1.0
4.50479507446 -1.0
4.53890109062 -1.0
4.53892207146 1.0
4.55932211876 -1.0
4.56190705299 -1.0
4.56479716301 -1.0
4.56530404091 -1.0
4.56893205643 -1.0
4.56895899773 1.0
4.57252216339 -1.0
4.58256006241 -1.0
4.59808397293 -1.0
4.60264801979 -1.0
4.60265517235 1.0
4.65007400513 -1.0
4.67254900932 -1.0
4.67722296715 -1.0
4.67805719376 -1.0
4.67806506157 -1.0
4.67806911469 1.0
4.68448615074 -1.0
4.68497800827 -1.0
4.6992251873 -1.0
4.69923520088 1.0
4.70656919479 -1.0
4.72719097137 -1.0
4.72720599174 1.0
4.74879217148 -1.0
4.76598119736 -1.0
4.76997613907 -1.0
4.79809498787 -1.0
4.79811000824 1.0
4.8184671402 -1.0
4.90783715248 -1.0
5.01169419289 -1.0
5.01171302795 1.0
5.06903409958 -1.0
5.74016308784 -1.0
5.84656405449 -1.0
5.85350608826 -1.0
5.85351610184 1.0
5.86682319641 -1.0
5.88821315765 -1.0
5.88831806183 1.0
5.90795707703 -1.0
5.97389507294 -1.0
5.97390198708 -1.0
6.00211119652 -1.0
6.02261519432 -1.0
6.06019997597 1.0
6.128729105 -1.0
6.19450712204 -1.0
6.19452309608 1.0
6.21491408348 -1.0
6.72642803192 -1.0
6.84696912766 -1.0
6.8897190094 -1.0
6.88973712921 1.0
6.99952197075 -1.0
7.24457907677 -1.0
7.24496912956 -1.0
7.2449760437 1.0
7.24560117722 -1.0
7.26436114311 -1.0
7.37340807915 -1.0
7.37342905998 1.0
7.37344717979 -1.0
7.39498806 -1.0
7.39525508881 -1.0
7.39526319504 1.0
7.41720509529 -1.0
7.47461915016 -1.0
7.74023008347 1.0
7.75983119011 -1.0
8.3753080368 -1.0
8.57547402382 -1.0
8.67555499077 -1.0
8.67556715012 1.0
8.78542017937 -1.0
9.33693408966 -1.0
9.49054598808 1.0
9.51037812233 -1.0
9.51039004326 -1.0
11.9775371552 -1.0
13.2765510082 -1.0
13.2765731812 1.0
15.0778591633 -1.0
36.9772269726 -1.0
36.977380991 1.0
36.997066021 -1.0
