0.0289731025696 -1.0
0.0290110111237 -1.0
0.0290470123291 1.0
0.0868010520935 -1.0
0.143094062805 -1.0
0.232871055603 -1.0
0.236953020096 1.0
0.267188072205 -1.0
0.327325105667 -1.0
0.387485027313 -1.0
0.417385101318 -1.0
0.458878993988 1.0
0.480714082718 -1.0
0.538781166077 -1.0
0.587095975876 -1.0
0.717061042786 -1.0
0.717102050781 -1.0
0.717132091522 1.0
0.717311143875 -1.0
0.737102985382 -1.0
0.756772994995 -1.0
0.756828069687 1.0
0.779555082321 -1.0
0.799403190613 -1.0
0.824397087097 -1.0
0.825273036957 1.0
0.883031129837 -1.0
0.931661128998 -1.0
0.931694984436 -1.0
0.93186712265 -1.0
0.953793048859 -1.0
0.955345153809 -1.0
0.955408096313 -1.0
0.955424070358 1.0
1.18722009659 -1.0
1.19739413261 -1.0
1.19746613503 -1.0
1.19758009911 -1.0
1.19762206078 -1.0
1.19771718979 -1.0
1.19772219658 1.0
1.21753501892 -1.0
1.25277996063 -1.0
1.2528231144 -1.0
1.25297498703 -1.0
1.25298810005 1.0
1.26370406151 -1.0
1.26375699043 -1.0
1.26503896713 -1.0
1.26617503166 -1.0
1.26633906364 -1.0
1.27322697639 -1.0
1.2732360363 1.0
1.27338600159 -1.0
1.32451796532 -1.0
1.3245639801 -1.0
1.3247051239 -1.0
1.32834005356 -1.0
1.3283469677 1.0
1.3312921524 -1.0
1.33307409286 -1.0
1.33313012123 -1.0
1.35198712349 -1.0
1.35200500488 1.0
1.35213708878 -1.0
1.35214304924 -1.0
1.35270118713 -1.0
1.41259813309 -1.0
1.61324214935 -1.0
1.61326503754 1.0
1.67446708679 -1.0
1.68391799927 -1.0
1.69548606873 -1.0
1.69549512863 1.0
1.72486305237 -1.0
1.75816607475 -1.0
1.97961401939 -1.0
1.97963213921 1.0
1.98876905441 -1.0
1.99317598343 -1.0
1.99954009056 -1.0
1.9995470047 1.0
2.02650213242 -1.0
2.05020403862 -1.0
2.05128717422 -1.0
2.05129504204 1.0
2.05358815193 -1.0
2.05379605293 -1.0
2.05496811867 -1.0
2.05497598648 1.0
2.06985712051 -1.0
2.09202718735 -1.0
2.09727406502 -1.0
2.10209298134 -1.0
2.10211896896 1.0
2.11163711548 -1.0
2.13146018982 -1.0
2.13170313835 1.0
2.15131807327 -1.0
2.1717581749 -1.0
2.37396597862 -1.0
2.44234013557 -1.0
2.47890305519 1.0
2.52555704117 -1.0
2.6001970768 -1.0
2.60900115967 -1.0
2.61227607727 -1.0
2.61229801178 1.0
2.61674714088 -1.0
2.62121105194 -1.0
2.6294760704 -1.0
2.62950611115 1.0
2.63254308701 -1.0
2.649132967 -1.0
2.69081997871 -1.0
2.70710897446 -1.0
2.70719718933 1.0
2.71601510048 -1.0
2.72773814201 -1.0
2.92022919655 -1.0
2.92030215263 1.0
2.92067503929 -1.0
2.92103600502 -1.0
2.92105698586 1.0
2.94052410126 -1.0
2.94053912163 -1.0
2.94114303589 -1.0
2.94134902954 1.0
2.96196603775 -1.0
2.9993751049 -1.0
3.05887818336 -1.0
3.41749310493 -1.0
3.43364715576 -1.0
3.43366003036 1.0
3.46459507942 -1.0
3.48128700256 -1.0
3.50158405304 -1.0
3.51098513603 -1.0
3.5110809803 1.0
3.53259015083 -1.0
3.53260016441 -1.0
3.60032105446 -1.0
3.691188097 1.0
3.71949410439 -1.0
3.74067497253 -1.0
3.91599798203 -1.0
3.9565680027 -1.0
3.95659208298 1.0
3.96693897247 -1.0
3.97815108299 -1.0
4.00165200233 -1.0
4.00166416168 1.0
4.00694298744 -1.0
4.02118396759 -1.0
4.15741705894 -1.0
4.1574420929 1.0
4.15745306015 -1.0
4.17795205116 -1.0
4.19475913048 -1.0
4.19477701187 1.0
4.19808912277 -1.0
4.21796011925 -1.0
4.2698931694 -1.0
4.26991796494 1.0
4.2699341774 -1.0
4.29185199738 -1.0
4.33088302612 1.0
4.53068518639 -1.0
4.96039104462 -1.0
4.98082399368 -1.0
4.98084807396 1.0
5.0601811409 -1.0
5.06021404266 -1.0
5.08140301704 -1.0
5.08141613007 1.0
5.25219702721 -1.0
5.27396512032 -1.0
7.00405502319 -1.0
7.00407719612 1.0
7.51544213295 -1.0
9.14352107048 -1.0
9.93566417694 -1.0
9.93568396568 1.0
15.5602471828 -1.0
15.657818079 -1.0
