0.017648935318 -1.0
0.228002786636 -1.0
0.228021860123 1.0
0.248113870621 -1.0
0.785391807556 -1.0
0.805819988251 -1.0
2.3335750103 -1.0
2.33492994308 -1.0
2.33495378494 1.0
2.33664083481 -1.0
2.3545999527 -1.0
2.37461781502 -1.0
2.37464189529 1.0
2.37843990326 -1.0
2.39207696915 -1.0
2.40003681183 -1.0
2.40006279945 1.0
2.40364980698 -1.0
2.41166996956 -1.0
2.42992782593 -1.0
2.4312980175 -1.0
2.43132090569 1.0
2.43893885612 -1.0
2.44288086891 -1.0
2.4511950016 -1.0
2.45136880875 1.0
2.51275491714 -1.0
2.56891298294 -1.0
2.6429028511 -1.0
2.64292383194 1.0
2.70071983337 -1.0
2.72041797638 -1.0
2.77668595314 -1.0
2.79199099541 -1.0
2.79222798347 1.0
2.84905099869 -1.0
2.8672709465 -1.0
2.92624688148 -1.0
3.12389302254 -1.0
3.16205000877 -1.0
3.16206789017 1.0
3.18158698082 -1.0
3.22374391556 -1.0
3.22389888763 1.0
3.22859978676 -1.0
3.24353384972 -1.0
3.24354100227 -1.0
3.3023250103 -1.0
3.30237293243 1.0
4.85152792931 -1.0
4.8715968132 -1.0
4.89471292496 -1.0
4.89500784874 1.0
4.91478085518 -1.0
4.97301483154 -1.0
4.99292993546 -1.0
5.06266498566 -1.0
5.06271886826 1.0
5.08496689796 -1.0
5.10542488098 -1.0
5.18263983727 -1.0
5.18269586563 1.0
5.20436882973 -1.0
5.20765590668 1.0
5.22609901428 -1.0
5.24565887451 -1.0
5.26866579056 -1.0
5.30659294128 1.0
5.32635378838 -1.0
5.33748793602 -1.0
5.33751487732 1.0
5.34591794014 -1.0
5.36953186989 -1.0
5.39048099518 -1.0
5.39049100876 1.0
5.41007494926 -1.0
5.43297290802 -1.0
5.45522880554 -1.0
5.45611381531 1.0
5.4769859314 -1.0
5.5071849823 -1.0
5.52689194679 -1.0
5.58771300316 -1.0
5.58775997162 1.0
5.608273983 -1.0
5.62789392471 -1.0
5.71320199966 -1.0
5.71390795708 1.0
5.77299380302 -1.0
5.93632698059 -1.0
5.9563908577 -1.0
6.04066085815 -1.0
6.06044697762 -1.0
6.06385087967 1.0
6.0836019516 -1.0
6.10338282585 -1.0
6.14188885689 -1.0
6.1978559494 -1.0
6.19788098335 1.0
6.19919490814 -1.0
6.25617289543 -1.0
7.57530093193 -1.0
7.57533192635 1.0
7.60130691528 -1.0
7.60757780075 -1.0
7.61416697502 -1.0
7.61417484283 1.0
7.62094092369 -1.0
7.64081501961 -1.0
7.65646791458 -1.0
7.65649199486 1.0
7.6604039669 -1.0
7.66565489769 -1.0
7.67385292053 -1.0
7.67385983467 1.0
7.67908191681 -1.0
7.68016791344 -1.0
7.69898486137 -1.0
7.7186088562 1.0
7.73845791817 -1.0
7.75854992867 -1.0
7.79795789719 -1.0
7.79796481133 1.0
7.84168481827 -1.0
7.90990781784 -1.0
7.98931789398 -1.0
8.02659082413 1.0
8.10949397087 -1.0
8.16626596451 -1.0
8.18000888824 -1.0
8.1845369339 -1.0
8.18455982208 1.0
8.199903965 -1.0
8.21946978569 -1.0
8.21967887878 1.0
8.23968601227 -1.0
8.2598798275 -1.0
8.29143500328 -1.0
8.34906291962 -1.0
8.47733783722 -1.0
8.51462101936 1.0
8.5621650219 -1.0
8.58056688309 -1.0
8.63829183578 -1.0
8.63847494125 1.0
8.69706988335 -1.0
9.36808681488 -1.0
9.4272248745 -1.0
9.44718289375 -1.0
9.44719099998 1.0
9.44810891151 -1.0
9.46315479279 -1.0
9.46713495255 -1.0
9.4671459198 1.0
9.47021198273 -1.0
9.48213291168 -1.0
9.48702383041 -1.0
9.48702979088 1.0
9.49334001541 -1.0
9.4981470108 -1.0
9.49824595451 1.0
9.50706791878 -1.0
9.51322579384 -1.0
9.53957080841 -1.0
9.54009079933 -1.0
9.54958081245 -1.0
9.54967188835 1.0
9.56119680405 -1.0
9.5693359375 -1.0
9.56972193718 -1.0
9.58100795746 -1.0
9.58103394508 1.0
9.58947181702 -1.0
9.59025287628 -1.0
9.5940849781 -1.0
9.59779286385 -1.0
9.59781885147 1.0
9.60457992554 -1.0
9.61061501503 -1.0
9.61118793488 -1.0
9.61119389534 -1.0
9.61119794846 1.0
9.61120390892 -1.0
9.62128186226 -1.0
9.62455391884 -1.0
9.62456083298 1.0
9.62904596329 -1.0
9.63162779808 -1.0
9.65115499496 -1.0
9.65116500854 1.0
9.73818492889 -1.0
10.1919980049 -1.0
10.2132790089 -1.0
10.2175869942 -1.0
10.217689991 1.0
10.2250130177 -1.0
10.2332599163 -1.0
10.2379579544 -1.0
10.2379658222 1.0
10.2486979961 -1.0
10.2576727867 -1.0
10.2576789856 -1.0
10.3118679523 -1.0
10.3118848801 1.0
10.3693628311 -1.0
10.4330937862 -1.0
10.4528098106 -1.0
10.6390600204 -1.0
10.6556019783 -1.0
10.655632019 1.0
10.6755969524 -1.0
10.6932578087 -1.0
10.7130999565 -1.0
10.7368400097 -1.0
10.7565488815 -1.0
10.7946147919 1.0
10.8516018391 -1.0
10.8555979729 -1.0
10.8594889641 -1.0
10.8594968319 1.0
10.8628458977 -1.0
10.9191219807 -1.0
10.922192812 -1.0
10.9222009182 1.0
10.9272580147 -1.0
10.9275698662 -1.0
10.93866992 -1.0
10.9386899471 1.0
10.9418578148 -1.0
10.958594799 -1.0
10.9588358402 -1.0
10.9790899754 1.0
10.9985938072 -1.0
11.2483279705 -1.0
11.2680199146 -1.0
11.2919299603 -1.0
11.3048868179 -1.0
11.3049149513 1.0
11.3245928288 -1.0
11.3510448933 -1.0
11.3705778122 -1.0
11.4096748829 -1.0
11.4105927944 1.0
11.4308137894 -1.0
13.7664108276 -1.0
13.9075558186 -1.0
13.9075779915 1.0
16.0462229252 -1.0
16.2903308868 -1.0
20.6253898144 -1.0
20.6254198551 1.0
