0.0194020271301 -1.0
0.0194132328033 1.0
0.0269091129303 -1.0
0.0389220714569 -1.0
0.0614252090454 1.0
0.0717041492462 -1.0
0.0803351402283 -1.0
0.0912191867828 -1.0
0.112343072891 1.0
0.170491218567 -1.0
0.193333148956 -1.0
0.250502109528 -1.0
0.250511169434 1.0
0.255175113678 -1.0
0.30711722374 -1.0
0.314593076706 -1.0
0.314602136612 1.0
0.336123228073 -1.0
0.357772111893 -1.0
0.37956905365 -1.0
0.379578113556 1.0
0.602744102478 -1.0
0.622498035431 -1.0
0.622505187988 1.0
0.650038003922 -1.0
0.659814119339 -1.0
0.667312145233 -1.0
0.667320013046 1.0
0.68160700798 -1.0
0.703620195389 -1.0
0.742133140564 1.0
0.743167161942 -1.0
0.762617111206 -1.0
0.76366019249 -1.0
0.763960123062 1.0
0.783438205719 -1.0
0.909699201584 -1.0
0.965556144714 -1.0
1.03467011452 -1.0
1.03468418121 1.0
1.12243819237 -1.0
1.14333415031 -1.0
1.20973014832 -1.0
1.21691918373 -1.0
1.21694421768 1.0
1.22469115257 -1.0
1.2368080616 -1.0
1.26169013977 -1.0
1.26170110703 1.0
1.26497817039 -1.0
1.28187608719 -1.0
1.30232214928 -1.0
1.32199120522 -1.0
1.3220012188 1.0
1.33611607552 -1.0
1.34159803391 -1.0
1.35774612427 -1.0
1.35775709152 1.0
1.36344814301 -1.0
1.37968420982 -1.0
1.37969517708 1.0
1.39639401436 -1.0
1.41862821579 -1.0
1.41863512993 1.0
1.56092214584 -1.0
1.58112001419 -1.0
1.6015920639 -1.0
1.64649820328 -1.0
1.64677405357 1.0
1.6670460701 -1.0
1.90965104103 -1.0
1.91072821617 -1.0
1.91073513031 1.0
1.92943120003 -1.0
1.93066716194 -1.0
1.93357920647 1.0
1.94758820534 -1.0
1.94898605347 -1.0
1.95047402382 -1.0
1.9688501358 -1.0
1.97520208359 -1.0
1.98889112473 -1.0
1.98891711235 1.0
2.00894522667 -1.0
2.02888512611 -1.0
2.02891802788 1.0
2.06015610695 -1.0
2.09211611748 -1.0
2.10488200188 -1.0
2.11225605011 -1.0
2.13206601143 -1.0
2.13320803642 1.0
2.17291307449 -1.0
2.17524313927 -1.0
2.17605209351 -1.0
2.18151211739 -1.0
2.19499111176 -1.0
2.19501399994 1.0
2.20278000832 -1.0
2.21482110023 -1.0
2.27468514442 -1.0
2.27479910851 1.0
2.29446816444 -1.0
2.30224919319 -1.0
2.31414914131 -1.0
2.31418919563 1.0
2.33507800102 -1.0
2.3988070488 -1.0
2.39881920815 1.0
2.45506715775 -1.0
2.66785216331 -1.0
2.76538801193 -1.0
2.79701709747 -1.0
2.79702711105 1.0
2.83065915108 -1.0
2.87639307976 -1.0
2.8844230175 -1.0
2.88443207741 1.0
2.89712810516 -1.0
2.90774822235 -1.0
2.90975522995 -1.0
2.90976214409 1.0
2.92844605446 -1.0
2.93053722382 -1.0
2.9512181282 -1.0
2.95122504234 1.0
2.95735812187 -1.0
2.96117711067 -1.0
2.96396422386 -1.0
2.96397018433 1.0
2.97139716148 -1.0
2.97140312195 -1.0
2.97766804695 -1.0
2.98376011848 -1.0
2.98376607895 1.0
2.99121212959 -1.0
2.99767422676 -1.0
2.99768304825 1.0
3.00372815132 -1.0
3.0192501545 -1.0
3.02013921738 -1.0
3.02022504807 1.0
3.02169513702 -1.0
3.02426218987 -1.0
3.04025006294 -1.0
3.04497122765 -1.0
3.04499602318 1.0
3.0599770546 -1.0
3.06487703323 -1.0
3.08774709702 -1.0
3.09229421616 -1.0
3.09230208397 1.0
3.11314201355 -1.0
3.19876003265 -1.0
3.55006718636 -1.0
3.5649600029 -1.0
3.58437418938 -1.0
3.58444499969 1.0
3.58506417274 -1.0
3.60726213455 -1.0
3.62545323372 -1.0
3.62547302246 1.0
3.64454722404 -1.0
3.81727313995 -1.0
3.92684102058 1.0
3.94709300995 -1.0
3.96736311913 -1.0
4.04442405701 -1.0
4.06421017647 -1.0
4.06423306465 1.0
4.08179211617 -1.0
4.0820081234 -1.0
4.08806800842 -1.0
4.08808922768 1.0
4.10782313347 -1.0
4.10791015625 -1.0
4.13052010536 -1.0
4.15145301819 -1.0
4.16253018379 -1.0
4.16255021095 1.0
4.18326210976 -1.0
4.43807315826 -1.0
4.46932816505 -1.0
4.46935009956 1.0
4.46936702728 -1.0
4.47796320915 -1.0
4.47817802429 1.0
4.48819422722 -1.0
4.49877619743 -1.0
4.52071404457 -1.0
4.52792310715 -1.0
4.54417300224 -1.0
4.54419708252 -1.0
4.54420518875 1.0
4.54444313049 -1.0
4.54812002182 -1.0
4.5588722229 -1.0
4.56786823273 -1.0
4.59715414047 -1.0
4.59717822075 1.0
4.5971930027 -1.0
4.59984612465 -1.0
4.60001301765 -1.0
4.61686611176 -1.0
4.6170592308 1.0
4.67546701431 -1.0
4.73496007919 -1.0
5.15647315979 -1.0
5.1707110405 -1.0
5.17074418068 -1.0
5.19106721878 -1.0
5.2033200264 1.0
5.21230602264 -1.0
5.21234607697 -1.0
5.22341108322 -1.0
5.2234210968 1.0
5.2429060936 -1.0
5.2755510807 -1.0
6.20387220383 1.0
6.22389602661 -1.0
6.28395009041 -1.0
6.70480918884 -1.0
6.70485401154 1.0
6.90501117706 -1.0
6.93349599838 -1.0
6.95351600647 -1.0
6.9535241127 1.0
7.16322302818 -1.0
7.22445821762 -1.0
7.2244682312 1.0
7.24435305595 -1.0
7.33331418037 -1.0
7.39090204239 -1.0
7.77315211296 -1.0
7.77318716049 1.0
9.4333190918 -1.0
10.183809042 -1.0
15.3186872005 -1.0
15.318718195 1.0
16.3194451332 -1.0
16.4573101997 -1.0
16.4776751995 -1.0
16.477684021 1.0
