0.0148689746857 1.0
0.0300869941711 -1.0
0.0637309551239 -1.0
0.0777559280396 -1.0
0.114862918854 1.0
0.124115943909 -1.0
0.149197816849 -1.0
0.169199943542 -1.0
0.181876897812 -1.0
0.183262825012 1.0
0.201510906219 -1.0
0.242027044296 -1.0
0.283517837524 -1.0
0.283532857895 1.0
0.288573026657 -1.0
0.305328845978 -1.0
0.34891295433 -1.0
0.348925828934 1.0
0.34893989563 -1.0
0.406112909317 -1.0
0.463624954224 -1.0
0.472846984863 -1.0
0.472893953323 1.0
0.493517875671 -1.0
0.605948925018 -1.0
0.668097019196 -1.0
0.710870981216 1.0
0.747990846634 -1.0
0.810484886169 -1.0
0.87627696991 -1.0
0.87842798233 -1.0
0.879281997681 1.0
0.898958921432 -1.0
0.918377876282 -1.0
1.07357096672 -1.0
1.08371496201 -1.0
1.08372282982 1.0
1.10357284546 -1.0
1.30076003075 -1.0
1.35601091385 -1.0
1.3646838665 -1.0
1.36470389366 1.0
1.38442492485 -1.0
1.42209601402 -1.0
1.45000386238 -1.0
1.45004701614 1.0
1.47188186646 -1.0
1.47190284729 -1.0
1.4780318737 -1.0
1.47804188728 1.0
1.48385190964 -1.0
1.49157094955 -1.0
1.53411483765 -1.0
1.53412485123 1.0
1.55184292793 -1.0
1.55185890198 -1.0
1.5682580471 -1.0
1.57193398476 -1.0
1.57225990295 -1.0
1.57227993011 1.0
1.58226799965 -1.0
1.58821296692 -1.0
1.59183096886 -1.0
1.59197187424 1.0
1.65078902245 -1.0
1.65081095695 -1.0
1.67072200775 -1.0
1.73019194603 -1.0
1.73020100594 1.0
1.79441285133 -1.0
1.85450196266 -1.0
1.96863698959 -1.0
1.96865081787 1.0
2.03025484085 -1.0
2.10652089119 -1.0
2.13062095642 -1.0
2.26399898529 -1.0
2.26401901245 1.0
2.33349394798 -1.0
2.33730983734 -1.0
2.35391998291 -1.0
2.35392785072 1.0
2.3743519783 -1.0
2.38349199295 -1.0
2.39527988434 -1.0
2.3952870369 1.0
2.40269398689 -1.0
2.41497302055 -1.0
2.46395802498 -1.0
2.46396899223 1.0
2.48546099663 -1.0
2.50680303574 -1.0
2.52649188042 -1.0
2.52649903297 1.0
2.54909181595 -1.0
2.56653189659 -1.0
2.57423996925 -1.0
2.58605289459 -1.0
2.58608388901 1.0
2.66422104836 -1.0
2.67337584496 -1.0
2.68495893478 -1.0
2.68508601189 1.0
2.69274997711 -1.0
2.700745821 -1.0
2.7052218914 -1.0
2.70528888702 1.0
2.75148200989 -1.0
2.75149798393 -1.0
2.77348995209 -1.0
2.77829504013 1.0
2.79778504372 -1.0
2.85443902016 -1.0
3.27504396439 -1.0
3.36891698837 -1.0
3.36893486977 1.0
3.38855481148 -1.0
3.45187497139 -1.0
3.45203089714 1.0
3.47335386276 -1.0
3.47336983681 -1.0
3.66296482086 -1.0
3.67371582985 -1.0
3.67372393608 1.0
3.6825928688 -1.0
3.75300192833 -1.0
3.75303292274 -1.0
3.75304198265 1.0
3.77567696571 -1.0
3.77568888664 -1.0
3.7756960392 -1.0
3.77569890022 1.0
3.78073787689 -1.0
3.79535102844 -1.0
3.79536390305 -1.0
3.79536604881 1.0
3.79580688477 -1.0
3.79581689835 -1.0
3.79582095146 -1.0
3.79582285881 1.0
3.79582500458 -1.0
3.80032300949 -1.0
3.81493782997 -1.0
3.8149459362 1.0
3.81513500214 -1.0
3.81537294388 -1.0
3.81565594673 -1.0
3.81566286087 -1.0
3.83451485634 -1.0
3.83452296257 1.0
3.83530688286 -1.0
3.85036087036 -1.0
3.85573101044 -1.0
3.89486789703 1.0
3.90630698204 -1.0
3.94236683846 -1.0
4.45090985298 -1.0
4.46889781952 -1.0
4.46890687943 1.0
4.4723649025 -1.0
4.48224401474 -1.0
4.49227499962 -1.0
4.49228286743 1.0
4.51184988022 -1.0
4.56057286263 -1.0
4.64433884621 1.0
4.66629099846 -1.0
4.68597793579 -1.0
4.95055985451 -1.0
4.96469187737 -1.0
4.96473002434 1.0
4.96920490265 -1.0
4.97201991081 -1.0
4.97659397125 -1.0
4.99177885056 -1.0
5.03087496758 1.0
5.170347929 -1.0
5.18105387688 -1.0
5.18107485771 1.0
5.18610095978 -1.0
5.19007587433 -1.0
5.24285197258 -1.0
5.24286198616 1.0
5.26104593277 -1.0
5.26107001305 -1.0
5.26324391365 -1.0
5.26909995079 -1.0
5.26910591125 1.0
5.28147482872 -1.0
5.28241896629 -1.0
5.28838896751 -1.0
5.28839683533 1.0
5.29179286957 -1.0
5.3089928627 -1.0
5.35146403313 -1.0
5.35147595406 -1.0
5.37215781212 -1.0
5.39226102829 1.0
5.45232391357 -1.0
5.95215988159 -1.0
5.97193193436 -1.0
6.00102996826 -1.0
6.02121686935 -1.0
6.05886983871 1.0
6.07924795151 -1.0
6.16633796692 1.0
6.18609690666 -1.0
6.18612599373 -1.0
6.20575404167 -1.0
7.06294584274 -1.0
7.16610598564 1.0
7.18609786034 -1.0
7.20568084717 -1.0
7.45276689529 -1.0
7.55146503448 -1.0
7.55147981644 1.0
7.57274603844 -1.0
7.65317988396 -1.0
8.45146203041 -1.0
8.45148086548 1.0
10.1626679897 -1.0
10.9511919022 -1.0
15.6516070366 -1.0
15.6516299248 1.0
15.6717350483 -1.0
