0.0365409851074 -1.0
0.036581993103 1.0
0.0497059822083 -1.0
0.0561130046844 -1.0
0.0561308860779 1.0
0.06028008461 -1.0
0.119337081909 -1.0
0.144927024841 -1.0
0.235877990723 -1.0
0.235923051834 1.0
0.255904912949 -1.0
0.268060922623 -1.0
0.268069982529 1.0
0.292320966721 -1.0
0.320355892181 -1.0
0.34558391571 -1.0
0.486957073212 1.0
0.536092996597 -1.0
0.595435857773 -1.0
0.595444917679 1.0
0.63508605957 -1.0
0.745162963867 -1.0
0.746428966522 1.0
0.76530790329 -1.0
0.803454875946 -1.0
0.859447956085 -1.0
0.936192035675 -1.0
0.93620300293 1.0
1.03624391556 -1.0
1.13653707504 -1.0
1.13781785965 1.0
1.15741801262 -1.0
1.2357339859 -1.0
1.23575091362 -1.0
1.25542593002 -1.0
1.32341694832 -1.0
1.3234269619 1.0
1.33691692352 -1.0
1.33694195747 -1.0
1.35721302032 -1.0
1.35785984993 1.0
1.37757205963 -1.0
1.57956600189 -1.0
1.57957601547 1.0
1.59914588928 -1.0
1.62838101387 -1.0
1.6595749855 -1.0
1.65958285332 1.0
1.8878159523 -1.0
1.90741586685 -1.0
1.9454100132 1.0
1.9488120079 -1.0
1.96517491341 -1.0
1.96855688095 -1.0
2.03586387634 -1.0
2.03587198257 1.0
2.13665390015 -1.0
2.13668107986 -1.0
2.15670490265 -1.0
2.15671396255 1.0
2.23752999306 -1.0
2.23755908012 -1.0
2.25761389732 -1.0
2.25762486458 1.0
2.28019189835 -1.0
2.29974794388 -1.0
2.33729505539 -1.0
2.33731889725 -1.0
2.3373670578 1.0
2.35721993446 -1.0
2.36225795746 1.0
2.38216400146 -1.0
2.43675589561 -1.0
2.53616595268 -1.0
2.53622293472 1.0
2.54887986183 -1.0
2.55648803711 -1.0
2.63632798195 -1.0
2.74528098106 -1.0
2.74534606934 1.0
2.76519489288 -1.0
2.93624091148 -1.0
2.93627095222 -1.0
2.93644404411 1.0
2.95648908615 -1.0
2.9763739109 -1.0
3.03650808334 -1.0
3.0365190506 1.0
3.03654408455 -1.0
3.05679297447 -1.0
3.05699491501 1.0
3.07658600807 -1.0
3.11557507515 -1.0
3.13770794868 -1.0
3.1377260685 -1.0
3.1377530098 1.0
3.157736063 -1.0
3.24536800385 -1.0
3.63749194145 -1.0
3.63751506805 -1.0
3.63766288757 1.0
3.65814995766 -1.0
3.65815997124 -1.0
3.74573588371 -1.0
3.79303598404 1.0
3.81250095367 -1.0
3.91526603699 -1.0
4.13599085808 -1.0
4.13601398468 1.0
4.13602399826 -1.0
4.15569186211 -1.0
4.17555189133 -1.0
4.17556190491 1.0
4.23484706879 -1.0
4.33454704285 -1.0
4.33457803726 -1.0
4.33458590508 1.0
4.3549759388 -1.0
4.35529589653 -1.0
4.36260795593 -1.0
4.3639550209 -1.0
4.36397790909 1.0
4.38220286369 -1.0
4.43571805954 -1.0
4.43587708473 1.0
4.44330596924 -1.0
4.45576691628 -1.0
4.4918859005 -1.0
4.76140499115 1.0
4.78091406822 -1.0
4.80284285545 -1.0
4.80285191536 1.0
4.8031270504 -1.0
4.82226896286 -1.0
4.95057106018 -1.0
5.03778886795 -1.0
5.03781604767 -1.0
5.03781986237 1.0
5.05843186378 -1.0
5.07808995247 -1.0
5.13687586784 -1.0
5.17338991165 1.0
5.78437805176 1.0
5.80360198021 -1.0
5.80387306213 -1.0
5.80387592316 -1.0
5.8235180378 -1.0
6.76248788834 -1.0
6.78491997719 1.0
6.80450606346 -1.0
6.8925909996 -1.0
6.94887089729 -1.0
7.05430197716 -1.0
7.05431985855 1.0
7.14089298248 -1.0
7.38431787491 -1.0
7.55725002289 -1.0
7.55729389191 1.0
7.80486607552 -1.0
7.82451701164 -1.0
7.83304095268 -1.0
7.83304786682 1.0
9.34738492966 -1.0
9.93655395508 -1.0
16.01740098 -1.0
16.0174200535 1.0
16.0844829082 -1.0
16.104170084 -1.0
