0.0377080440521 -1.0
0.0377190113068 1.0
0.045361995697 -1.0
0.0454180240631 -1.0
0.0685172080994 -1.0
0.0685260295868 1.0
0.0882730484009 -1.0
0.120764017105 -1.0
0.160279035568 -1.0
0.217637062073 -1.0
0.217655181885 1.0
0.246109008789 -1.0
0.305606126785 -1.0
0.305613994598 1.0
0.345637083054 -1.0
0.357690095901 -1.0
0.357740163803 -1.0
0.385651111603 -1.0
0.385670185089 1.0
0.405296087265 -1.0
0.4460542202 -1.0
0.457086086273 -1.0
0.465630054474 -1.0
0.465656042099 1.0
0.525646209717 -1.0
0.54724407196 -1.0
0.606484174728 -1.0
0.60676407814 1.0
0.647169113159 -1.0
0.64732003212 -1.0
0.705691099167 -1.0
0.746393203735 -1.0
0.74648308754 -1.0
0.7465031147 1.0
0.846774101257 -1.0
0.945839166641 -1.0
0.945928096771 -1.0
0.950692176819 1.0
0.970326185226 -1.0
1.15731215477 -1.0
1.17833304405 -1.0
1.19790101051 -1.0
1.20079302788 1.0
1.22041606903 -1.0
1.24401807785 -1.0
1.36206912994 -1.0
1.42174911499 -1.0
1.4453060627 -1.0
1.44567203522 1.0
1.46585011482 -1.0
1.7471511364 -1.0
1.74725103378 -1.0
1.74745702744 -1.0
1.80664205551 -1.0
1.80666303635 1.0
1.82964301109 -1.0
1.84512710571 -1.0
1.8451590538 -1.0
1.84516811371 1.0
1.84528803825 -1.0
1.88582110405 -1.0
1.9024181366 -1.0
1.9049680233 1.0
1.92473220825 -1.0
1.94735717773 -1.0
1.94744515419 -1.0
1.94760107994 -1.0
1.95953416824 -1.0
1.95957303047 -1.0
1.95958399773 1.0
1.96845316887 -1.0
2.02570700645 -1.0
2.04624915123 -1.0
2.04628014565 -1.0
2.04634213448 -1.0
2.04646515846 1.0
2.05318403244 -1.0
2.05322122574 -1.0
2.06631302834 -1.0
2.1628651619 -1.0
2.1629011631 -1.0
2.16292500496 1.0
2.16305112839 -1.0
2.16305613518 -1.0
2.16320109367 -1.0
2.16333007812 -1.0
2.18035006523 -1.0
2.18035721779 1.0
2.18278121948 -1.0
2.18282413483 -1.0
2.18294215202 -1.0
2.203302145 1.0
2.2468252182 -1.0
2.2468521595 -1.0
2.24696707726 -1.0
2.24709701538 -1.0
2.26658606529 -1.0
2.26660203934 1.0
2.3267250061 -1.0
2.35419011116 -1.0
2.35421299934 -1.0
2.35427999496 -1.0
2.41411018372 -1.0
2.41412520409 1.0
2.4464662075 -1.0
2.50983905792 -1.0
2.66681909561 -1.0
2.75882101059 -1.0
2.79492020607 1.0
2.94755220413 -1.0
3.04717302322 -1.0
3.15732622147 -1.0
3.15735507011 1.0
3.15736508369 -1.0
3.15756201744 -1.0
3.15757417679 -1.0
3.15757703781 1.0
3.15775108337 -1.0
3.17744112015 -1.0
3.24645400047 -1.0
3.24646806717 1.0
3.24660801888 -1.0
3.26622915268 -1.0
3.34903502464 -1.0
3.34904718399 1.0
3.34905600548 -1.0
3.34923911095 -1.0
3.44663119316 -1.0
3.44664812088 1.0
3.44665598869 -1.0
3.44682502747 -1.0
3.44683504105 -1.0
3.44697022438 -1.0
3.46642518044 -1.0
3.46649813652 1.0
3.54661417007 -1.0
3.54664206505 -1.0
3.54685711861 -1.0
3.54687619209 -1.0
3.5470161438 1.0
3.56651520729 -1.0
3.56658315659 -1.0
3.58643913269 -1.0
3.60603809357 -1.0
3.60604715347 1.0
3.62568116188 -1.0
4.15989112854 -1.0
4.24632501602 -1.0
4.24635219574 -1.0
4.24635601044 1.0
4.24656414986 -1.0
4.3468542099 -1.0
4.34688806534 -1.0
4.3468940258 1.0
4.34702706337 -1.0
4.34703707695 -1.0
4.36809110641 -1.0
4.36809921265 1.0
4.38801121712 -1.0
4.4465470314 -1.0
4.44657421112 -1.0
4.44663906097 -1.0
4.4467651844 -1.0
4.44678020477 1.0
4.44690704346 -1.0
4.44704818726 -1.0
4.46669101715 -1.0
4.54717302322 -1.0
4.54719901085 -1.0
4.54723405838 1.0
4.54748821259 -1.0
4.60654115677 -1.0
4.64677810669 -1.0
4.64682602882 -1.0
4.64683508873 1.0
4.64698910713 -1.0
4.64699411392 -1.0
4.64701509476 -1.0
4.65804314613 -1.0
4.65807318687 -1.0
4.66699910164 -1.0
4.6670050621 1.0
4.68669199944 -1.0
4.74717521667 -1.0
4.74720215797 -1.0
4.74725914001 -1.0
4.74742913246 -1.0
4.74744510651 1.0
4.74761414528 -1.0
4.74764609337 -1.0
4.76702404022 -1.0
4.84711408615 -1.0
4.84713602066 -1.0
4.84717607498 1.0
4.86678910255 -1.0
4.9059381485 -1.0
4.94710206985 -1.0
4.94712519646 -1.0
4.94716310501 1.0
4.96681904793 -1.0
5.02597999573 -1.0
5.04725313187 -1.0
5.04730319977 1.0
5.06728816032 -1.0
5.15400910378 -1.0
5.19037008286 1.0
5.21018910408 -1.0
5.22985911369 -1.0
5.84692001343 -1.0
5.94739103317 -1.0
5.94741201401 1.0
5.94742417336 -1.0
5.96711015701 -1.0
6.04695010185 -1.0
6.04696702957 1.0
6.11714506149 -1.0
6.19037103653 1.0
6.20990920067 -1.0
6.20992016792 1.0
6.21029806137 -1.0
6.2103061676 -1.0
6.22631502151 -1.0
6.22945404053 -1.0
6.56065821648 -1.0
6.74839711189 -1.0
6.74843215942 -1.0
6.74843621254 1.0
6.7680311203 -1.0
6.78779816628 -1.0
6.84616708755 -1.0
6.84621906281 1.0
6.94877099991 -1.0
7.04731702805 -1.0
7.06766605377 -1.0
7.06768512726 1.0
7.0676920414 -1.0
7.0880022049 -1.0
7.08801007271 -1.0
7.08801603317 1.0
7.10751914978 -1.0
7.15666508675 -1.0
7.15669512749 -1.0
7.17628908157 -1.0
7.20987820625 -1.0
7.20989012718 1.0
7.22947120667 -1.0
7.54673218727 -1.0
7.74620008469 -1.0
7.94808506966 -1.0
7.94810700417 1.0
7.94812607765 -1.0
7.96784710884 -1.0
8.19019508362 1.0
8.20971608162 -1.0
8.2292611599 -1.0
8.27025818825 -1.0
8.28974819183 -1.0
8.28975605965 1.0
8.34737610817 -1.0
8.4463160038 -1.0
9.15905809402 -1.0
9.15908408165 1.0
11.8479990959 -1.0
12.7489101887 -1.0
15.458012104 -1.0
15.4580311775 1.0
15.6460680962 -1.0
16.4590539932 -1.0
16.5568630695 -1.0
16.5568761826 1.0
