0.0131640434265 -1.0
0.0131740570068 1.0
0.0242540836334 -1.0
0.0243721008301 -1.0
0.0452349185944 -1.0
0.0452520847321 1.0
0.0535659790039 -1.0
0.100996017456 -1.0
0.123862028122 -1.0
0.123899936676 -1.0
0.123910903931 1.0
0.181250095367 -1.0
0.223165035248 -1.0
0.223196983337 1.0
0.243252038956 -1.0
0.262913942337 -1.0
0.282572984695 -1.0
0.320209980011 1.0
0.34056687355 -1.0
0.422950983047 -1.0
0.460205078125 1.0
0.479750871658 -1.0
0.53940987587 -1.0
0.53942489624 1.0
0.555248975754 -1.0
0.597053050995 -1.0
0.611857891083 -1.0
0.724631071091 -1.0
0.730871915817 1.0
0.789123058319 -1.0
0.924524068832 -1.0
1.02552890778 -1.0
1.02555394173 -1.0
1.02596998215 1.0
1.04576301575 -1.0
1.0653629303 -1.0
1.22626495361 -1.0
1.22635388374 -1.0
1.22648501396 -1.0
1.26422309875 1.0
1.32634687424 -1.0
1.32637786865 -1.0
1.34599590302 -1.0
1.34955692291 -1.0
1.34956502914 1.0
1.36928296089 -1.0
1.42667198181 -1.0
1.42668890953 -1.0
1.42675805092 -1.0
1.48370504379 -1.0
1.48373889923 1.0
1.50545287132 -1.0
1.62648200989 -1.0
1.72665405273 -1.0
1.72667503357 -1.0
1.72673487663 1.0
1.73717904091 -1.0
1.7464659214 -1.0
1.82626605034 -1.0
1.82633709908 -1.0
2.22734189034 -1.0
2.22736096382 1.0
2.22737002373 -1.0
2.22757101059 -1.0
2.2471370697 -1.0
2.24715209007 1.0
2.24725699425 -1.0
2.26678705215 -1.0
2.27622103691 1.0
2.29581689835 -1.0
2.31549406052 -1.0
2.32697486877 -1.0
2.32704496384 -1.0
2.32717895508 -1.0
2.32729005814 -1.0
2.32731795311 1.0
2.32744407654 -1.0
2.34696602821 -1.0
2.42616009712 -1.0
2.42617106438 -1.0
2.42634010315 -1.0
2.46422195435 1.0
2.48375296593 -1.0
2.53877806664 -1.0
2.53881001472 -1.0
2.53881597519 1.0
2.53894090652 -1.0
2.53903603554 -1.0
2.53913092613 -1.0
2.53913593292 1.0
2.55842804909 -1.0
2.55856895447 -1.0
2.59722208977 -1.0
2.6256980896 -1.0
2.62574601173 -1.0
2.6257610321 1.0
2.62590909004 -1.0
2.72674298286 -1.0
2.92610287666 -1.0
2.92612195015 -1.0
2.9261739254 1.0
2.92618489265 -1.0
2.94736909866 -1.0
2.94749188423 -1.0
2.98422694206 1.0
3.22490906715 -1.0
3.42722892761 -1.0
3.54100990295 -1.0
3.54102993011 1.0
3.56143188477 -1.0
3.56145501137 -1.0
3.58119106293 -1.0
3.58120107651 1.0
3.6009850502 -1.0
3.62869286537 -1.0
3.6493730545 -1.0
3.64938092232 1.0
3.9260160923 -1.0
3.94597601891 -1.0
3.94598698616 1.0
3.96568703651 -1.0
3.98536801338 -1.0
4.53778290749 -1.0
4.72720503807 -1.0
4.72722887993 1.0
4.74734902382 -1.0
4.82689094543 -1.0
4.82691502571 -1.0
4.82691907883 1.0
4.84765505791 -1.0
4.84766387939 -1.0
4.9265100956 -1.0
4.92654204369 -1.0
4.92656898499 1.0
4.94661808014 -1.0
4.96629500389 -1.0
4.9663028717 -1.0
5.00420594215 1.0
5.02662110329 -1.0
5.12693095207 -1.0
5.12695407867 -1.0
5.12695789337 1.0
5.1469180584 -1.0
5.2054579258 -1.0
5.22518706322 1.0
5.22580289841 1.0
5.22652792931 -1.0
5.22654008865 -1.0
5.24514389038 -1.0
5.24540901184 -1.0
5.2462720871 -1.0
5.24629688263 1.0
5.30147695541 -1.0
5.32621407509 -1.0
5.32622909546 -1.0
5.34593200684 -1.0
5.36560201645 -1.0
5.42664909363 -1.0
5.46420407295 1.0
5.53586697578 -1.0
5.53588199615 -1.0
5.55584907532 -1.0
5.58524703979 1.0
5.60488200188 -1.0
6.22516989708 -1.0
6.245896101 -1.0
6.24590492249 1.0
6.24590992928 -1.0
6.26549506187 -1.0
6.32623100281 -1.0
6.42531299591 -1.0
6.42535305023 1.0
6.44714903831 -1.0
6.53676891327 -1.0
6.58534288406 1.0
6.60487008095 -1.0
6.70767807961 -1.0
6.7284860611 -1.0
7.22619009018 -1.0
7.22622203827 1.0
7.42540407181 -1.0
7.43707799911 -1.0
7.44538903236 -1.0
7.44539690018 1.0
7.4650220871 -1.0
7.5378139019 -1.0
7.72570610046 -1.0
7.72578597069 1.0
7.74539399147 -1.0
7.82629394531 -1.0
7.84608101845 -1.0
7.84608888626 1.0
7.92570495605 -1.0
7.9365029335 -1.0
7.94703698158 -1.0
7.94704389572 1.0
7.9667429924 -1.0
8.02671790123 -1.0
8.02674293518 -1.0
8.04654192924 -1.0
8.08421993256 1.0
8.12514209747 -1.0
8.1711769104 -1.0
8.23218894005 -1.0
8.2721889019 1.0
8.72570490837 -1.0
8.84559988976 -1.0
8.92537403107 -1.0
8.92538499832 1.0
8.94548892975 -1.0
8.94563889503 -1.0
9.53983092308 -1.0
9.53985190392 1.0
12.7248449326 -1.0
13.8277039528 -1.0
15.8249778748 -1.0
15.8250029087 1.0
15.8452708721 -1.0
