0.00319886207581 1.0
0.00892996788025 -1.0
0.0284018516541 -1.0
0.0614898204803 -1.0
0.06396484375 1.0
0.073835849762 -1.0
0.0810449123383 -1.0
0.0958149433136 -1.0
0.152673006058 -1.0
0.189016819 1.0
0.248983860016 -1.0
0.30492401123 -1.0
0.304941892624 1.0
0.35044503212 -1.0
0.408906936646 -1.0
0.428623914719 -1.0
0.450461864471 -1.0
0.450510025024 1.0
0.508893966675 -1.0
0.549979925156 -1.0
0.55001783371 1.0
0.608847856522 -1.0
0.649902820587 -1.0
0.751576900482 -1.0
0.751642942429 1.0
0.849480867386 -1.0
0.870093822479 -1.0
0.952172994614 -1.0
0.989018917084 1.0
1.09744882584 -1.0
1.12082481384 -1.0
1.14819192886 -1.0
1.20493793488 -1.0
1.35213589668 -1.0
1.35248994827 1.0
1.37320399284 -1.0
1.5516769886 -1.0
1.57191586494 -1.0
1.57336688042 -1.0
1.57533502579 1.0
1.59511995316 -1.0
1.61477303505 -1.0
1.65143489838 -1.0
1.75033283234 -1.0
1.75039982796 1.0
1.81301689148 -1.0
1.94952082634 -1.0
1.97045493126 -1.0
1.97056603432 1.0
2.02908396721 -1.0
2.05883383751 -1.0
3.64949893951 -1.0
3.85135889053 -1.0
3.85138082504 1.0
3.85139393806 -1.0
3.87120294571 -1.0
3.87123203278 1.0
3.90908193588 -1.0
3.92858195305 -1.0
3.94965100288 -1.0
3.97060084343 -1.0
4.0090098381 1.0
4.06113982201 -1.0
4.08341789246 -1.0
4.08644294739 -1.0
4.0864508152 1.0
4.08856081963 -1.0
4.10302186012 -1.0
4.14101290703 1.0
4.14568686485 -1.0
4.14783787727 -1.0
4.1608300209 -1.0
4.16674590111 -1.0
4.18042492867 -1.0
4.18044900894 1.0
4.24885082245 -1.0
4.26851797104 -1.0
4.30503487587 1.0
4.30912899971 -1.0
4.35798287392 -1.0
4.46230697632 -1.0
4.50051093102 1.0
4.52012586594 -1.0
4.54843401909 -1.0
4.84977793694 -1.0
5.06119298935 1.0
5.06239295006 -1.0
5.08197784424 -1.0
5.08198881149 1.0
5.1412088871 -1.0
6.06019997597 -1.0
6.06151795387 1.0
6.08074593544 -1.0
6.08083796501 -1.0
6.0810790062 -1.0
6.10077381134 -1.0
6.1490278244 -1.0
6.1686398983 -1.0
6.20502185822 1.0
6.74849200249 -1.0
6.84852790833 -1.0
6.84855890274 -1.0
6.84856200218 1.0
6.86840200424 -1.0
6.86841201782 -1.0
6.94894480705 -1.0
6.94895982742 1.0
6.96998786926 -1.0
6.97332286835 -1.0
6.98953199387 -1.0
6.98953795433 1.0
7.05818986893 -1.0
7.0712389946 -1.0
7.07785987854 -1.0
7.07788586617 1.0
7.08091402054 -1.0
7.10082983971 -1.0
7.10083985329 1.0
7.1205508709 -1.0
7.24781394005 -1.0
7.54792785645 -1.0
7.75004291534 -1.0
7.75005984306 1.0
7.84952282906 -1.0
7.94969201088 -1.0
7.96927595139 -1.0
7.96928691864 1.0
8.06080389023 -1.0
8.0608458519 -1.0
8.06103587151 1.0
8.08078789711 -1.0
8.08109283447 -1.0
8.1495718956 -1.0
8.14961385727 -1.0
8.14961791039 1.0
8.16986894608 -1.0
8.24980902672 -1.0
8.24985384941 -1.0
8.24986100197 1.0
8.27044701576 -1.0
8.32945895195 -1.0
8.34742593765 -1.0
8.34750795364 1.0
8.35640287399 -1.0
8.36746883392 -1.0
8.37298989296 -1.0
8.37303590775 1.0
8.39309096336 -1.0
8.47443199158 -1.0
8.4940469265 -1.0
8.49410796165 1.0
8.54902601242 -1.0
8.54905796051 -1.0
8.55445694923 -1.0
8.56947398186 -1.0
8.56953287125 1.0
8.64820194244 -1.0
8.64822697639 -1.0
8.6680688858 -1.0
8.70500302315 1.0
8.70543599129 -1.0
8.73780703545 -1.0
9.59184098244 -1.0
9.72665190697 -1.0
9.72667098045 1.0
9.74660801888 -1.0
9.86067080498 -1.0
9.89447784424 -1.0
9.89450001717 1.0
9.93310880661 -1.0
10.0408098698 -1.0
10.0408258438 1.0
10.055991888 -1.0
10.0976178646 -1.0
10.4471898079 -1.0
10.5473408699 -1.0
10.5473628044 1.0
10.5685060024 -1.0
10.5685279369 -1.0
10.568751812 1.0
10.5880830288 -1.0
10.588146925 -1.0
10.5883359909 -1.0
10.6077899933 -1.0
11.0592570305 -1.0
11.0970118046 1.0
11.1610248089 -1.0
11.350083828 -1.0
11.3501198292 -1.0
11.3501229286 1.0
11.3700418472 -1.0
11.3897068501 -1.0
11.4488649368 -1.0
11.4488790035 1.0
11.4696848392 -1.0
11.4893548489 -1.0
11.5500860214 -1.0
11.550151825 1.0
11.6512699127 -1.0
11.6512858868 -1.0
11.67223382 -1.0
11.893805027 -1.0
11.8938269615 1.0
11.9135799408 -1.0
11.9575679302 -1.0
12.6570329666 -1.0
12.6970119476 1.0
13.3509118557 -1.0
13.4503529072 -1.0
13.4503798485 -1.0
13.4503848553 1.0
13.4505109787 -1.0
13.5501449108 -1.0
13.5501790047 -1.0
13.5501849651 1.0
13.5503058434 -1.0
13.569893837 -1.0
15.350399971 -1.0
15.350425005 1.0
16.2538290024 -1.0
16.3612990379 -1.0
16.4510059357 -1.0
16.4510228634 1.0
18.0781209469 -1.0
