0.0161209106445 -1.0
0.016147851944 -1.0
0.0161950588226 1.0
0.0539319515228 -1.0
0.106528997421 -1.0
0.106556892395 -1.0
0.142736911774 1.0
0.162451028824 -1.0
0.209575891495 -1.0
0.209608078003 -1.0
0.247524023056 1.0
0.307198047638 -1.0
0.365886926651 -1.0
0.406507015228 -1.0
0.462579965591 -1.0
0.462635993958 1.0
0.521935939789 -1.0
0.607491016388 -1.0
0.66600894928 -1.0
0.721611022949 -1.0
0.758731842041 1.0
0.906596899033 -1.0
0.907021999359 1.0
0.966001033783 -1.0
1.03155493736 -1.0
1.05210590363 -1.0
1.10644292831 -1.0
1.12646198273 -1.0
1.20857787132 -1.0
1.2086160183 -1.0
1.20866298676 1.0
1.20867800713 -1.0
1.26646900177 -1.0
1.26928806305 1.0
1.28908586502 -1.0
1.40717601776 -1.0
1.40723085403 -1.0
1.40738391876 -1.0
1.4467458725 1.0
1.46651005745 -1.0
1.50892996788 -1.0
1.50899195671 -1.0
1.50900387764 1.0
1.51647901535 -1.0
1.52289891243 -1.0
1.52887606621 -1.0
1.71874499321 -1.0
1.71880888939 1.0
1.90774893761 -1.0
2.01898598671 -1.0
2.01902890205 -1.0
2.01909303665 -1.0
2.01910996437 1.0
2.01919698715 -1.0
2.01927900314 -1.0
2.04079699516 -1.0
2.0780479908 -1.0
2.07806301117 1.0
2.09766197205 -1.0
2.10654997826 -1.0
2.10661506653 -1.0
2.10678792 -1.0
2.16606092453 -1.0
2.20571994781 -1.0
2.20576786995 -1.0
2.20578789711 1.0
2.20591902733 -1.0
2.26228284836 -1.0
2.30727791786 -1.0
2.3073220253 -1.0
2.30734586716 1.0
2.30749487877 -1.0
2.30750584602 -1.0
2.30765485764 -1.0
2.30766797066 -1.0
2.32693099976 -1.0
2.32694101334 1.0
2.32712292671 -1.0
2.34663796425 -1.0
2.34677100182 -1.0
2.34677696228 1.0
2.36634588242 -1.0
2.40671992302 -1.0
2.4067928791 -1.0
2.40693306923 -1.0
2.44672894478 1.0
2.50661802292 -1.0
2.6163110733 -1.0
2.61633706093 -1.0
2.61633992195 1.0
2.61652803421 -1.0
2.70757293701 -1.0
3.30488085747 -1.0
3.30489993095 1.0
3.60552692413 -1.0
3.6055700779 -1.0
3.60572004318 -1.0
3.60573005676 1.0
3.60585403442 -1.0
3.60598993301 -1.0
3.62545490265 -1.0
3.62546896935 1.0
3.70595884323 -1.0
3.70598292351 -1.0
3.70623493195 -1.0
3.70625400543 1.0
3.70626306534 -1.0
3.70626807213 -1.0
3.72557592392 -1.0
3.72558403015 1.0
3.72561001778 -1.0
3.72582888603 -1.0
3.72594094276 -1.0
3.72594404221 1.0
3.78243994713 -1.0
3.80622506142 -1.0
3.80626392365 -1.0
3.80640292168 -1.0
3.84273386002 1.0
3.90650105476 -1.0
3.90652990341 -1.0
4.16274094582 1.0
4.18246793747 -1.0
4.40741991997 -1.0
4.60597205162 -1.0
4.80773901939 -1.0
4.80775690079 1.0
4.80776691437 -1.0
4.80789589882 -1.0
4.8079059124 -1.0
4.80790805817 1.0
4.8080239296 -1.0
4.82767605782 -1.0
4.82783889771 1.0
4.84735107422 -1.0
4.90808701515 -1.0
4.9081158638 -1.0
5.01910591125 -1.0
5.01927304268 -1.0
5.01927804947 1.0
5.01928901672 -1.0
5.01940488815 -1.0
5.0195350647 -1.0
5.01953792572 1.0
5.03894686699 -1.0
5.03907990456 -1.0
5.0588619709 -1.0
5.0588748455 1.0
5.10850787163 -1.0
5.1085460186 -1.0
5.1086628437 -1.0
5.10866785049 1.0
5.10882687569 -1.0
5.1089990139 -1.0
5.10909485817 1.0
5.12833094597 -1.0
5.12836790085 -1.0
5.12843394279 -1.0
5.12857794762 -1.0
5.12859487534 1.0
5.12883806229 -1.0
5.1289870739 -1.0
5.14855194092 -1.0
5.20920705795 -1.0
5.2092359066 -1.0
5.20927286148 1.0
5.20945906639 -1.0
5.2094669342 -1.0
5.22904992104 -1.0
5.30885887146 -1.0
5.30890703201 -1.0
5.30894684792 1.0
5.30897593498 -1.0
5.32870793343 -1.0
5.40655088425 -1.0
5.40659189224 -1.0
5.40662097931 1.0
5.40665197372 -1.0
5.40684986115 -1.0
5.40689301491 -1.0
5.42633700371 -1.0
5.4264998436 -1.0
5.42655992508 -1.0
5.4265639782 1.0
5.50813484192 -1.0
5.50816392899 -1.0
5.52823805809 -1.0
5.52825093269 1.0
5.56628084183 -1.0
5.62298583984 -1.0
6.10935091972 1.0
6.12884187698 -1.0
6.12892484665 -1.0
6.14843797684 -1.0
6.40802788734 -1.0
6.50733804703 -1.0
6.50736188889 1.0
6.60819387436 -1.0
6.62779307365 -1.0
6.70865488052 -1.0
6.70867204666 1.0
6.77668404579 -1.0
6.88147997856 -1.0
6.88149905205 1.0
6.90106391907 -1.0
7.20634698868 -1.0
7.31644892693 -1.0
7.40690994263 -1.0
7.40692901611 1.0
7.42755484581 -1.0
7.42756795883 -1.0
7.50574994087 -1.0
7.50577402115 1.0
7.61805796623 -1.0
7.70740389824 -1.0
7.80626893044 -1.0
7.80629992485 1.0
7.8063158989 -1.0
7.82727384567 -1.0
7.82728385925 1.0
7.82729101181 -1.0
7.8468849659 -1.0
7.9070558548 -1.0
7.90708184242 -1.0
7.92740488052 -1.0
7.94885206223 1.0
7.96845984459 -1.0
8.60666203499 -1.0
8.70483589172 -1.0
8.71266293526 -1.0
8.71267485619 1.0
8.71366286278 -1.0
8.72477889061 -1.0
8.80665802956 -1.0
8.80667185783 1.0
9.60662007332 -1.0
12.6062409878 -1.0
13.5081789494 -1.0
13.5082039833 1.0
15.3095128536 -1.0
15.3293590546 -1.0
15.4081718922 -1.0
15.4081809521 1.0
