0.0256659984589 -1.0
0.0256781578064 1.0
0.0477240085602 -1.0
0.104811191559 -1.0
0.104831218719 1.0
0.124412059784 -1.0
0.130674123764 -1.0
0.226952075958 -1.0
0.228127002716 1.0
0.246678113937 -1.0
0.284958124161 -1.0
0.304611206055 -1.0
0.32578420639 -1.0
0.362648010254 1.0
0.523604154587 -1.0
0.582395076752 -1.0
0.62521314621 -1.0
0.625997066498 1.0
0.684878110886 -1.0
0.737190008163 -1.0
0.824323177338 -1.0
0.845007181168 -1.0
0.925400018692 -1.0
0.962635993958 1.0
1.02479815483 -1.0
1.04452610016 -1.0
1.04785203934 1.0
1.06745004654 -1.0
1.08769917488 -1.0
1.22582221031 -1.0
1.24633812904 -1.0
1.33962416649 -1.0
1.33964014053 1.0
1.42564415932 -1.0
1.44529414177 -1.0
1.46511101723 -1.0
1.46512007713 1.0
2.02637600899 -1.0
2.22608304024 -1.0
2.22743201256 1.0
2.24721813202 -1.0
2.24866819382 -1.0
2.26815104485 -1.0
2.32575201988 -1.0
2.32579708099 1.0
2.42706608772 -1.0
2.44745111465 -1.0
2.52641510963 -1.0
2.52643203735 1.0
2.52644014359 -1.0
2.54633712769 -1.0
2.54634618759 -1.0
2.54637908936 1.0
2.62717318535 -1.0
2.6474840641 -1.0
2.73957300186 -1.0
2.73959612846 -1.0
2.73964500427 1.0
2.760212183 -1.0
2.92642807961 -1.0
3.02673220634 -1.0
3.02678704262 1.0
3.04641914368 -1.0
3.75517511368 -1.0
4.02682900429 -1.0
4.02685117722 1.0
4.0268611908 -1.0
4.04688215256 -1.0
4.1266682148 -1.0
4.12668514252 1.0
4.22650909424 -1.0
4.24607419968 -1.0
4.32643508911 -1.0
4.32644701004 1.0
4.3472340107 -1.0
4.42593002319 -1.0
4.44729018211 -1.0
4.4472990036 1.0
4.46693015099 -1.0
4.48641514778 -1.0
4.48642420769 1.0
4.50597715378 -1.0
5.02665019035 -1.0
5.04526805878 -1.0
5.04527711868 1.0
5.04596114159 -1.0
5.06493401527 -1.0
5.12748408318 -1.0
5.2283270359 -1.0
5.22835111618 -1.0
5.22851705551 1.0
5.24906110764 -1.0
5.24925804138 -1.0
5.26881408691 -1.0
5.32714915276 -1.0
5.32716917992 -1.0
5.34711313248 -1.0
5.38663506508 1.0
5.52714800835 -1.0
5.52717900276 -1.0
5.54806208611 -1.0
5.54807019234 1.0
5.62642407417 -1.0
5.62658405304 -1.0
5.62673521042 -1.0
5.62675118446 1.0
5.63343405724 -1.0
5.64698505402 -1.0
5.64709115028 1.0
5.66684508324 -1.0
5.73745918274 -1.0
5.73760604858 -1.0
5.73774600029 -1.0
5.82512807846 -1.0
5.82515907288 -1.0
5.82521104813 1.0
5.82538199425 -1.0
5.82539010048 -1.0
5.82539415359 -1.0
5.83620500565 -1.0
5.83624601364 -1.0
5.83762812614 -1.0
5.83931207657 -1.0
5.83932614326 1.0
5.84623813629 -1.0
5.84637022018 -1.0
5.92619609833 -1.0
6.02487206459 1.0
6.02707910538 -1.0
6.02714800835 -1.0
6.02716016769 1.0
6.02731609344 -1.0
6.02732110023 -1.0
6.02733707428 -1.0
6.02745604515 -1.0
6.02760314941 -1.0
6.02762103081 1.0
6.02763700485 -1.0
6.04651904106 -1.0
6.04664707184 -1.0
6.0467710495 -1.0
6.04849505424 -1.0
6.06644105911 -1.0
6.09672212601 1.0
6.15326905251 -1.0
6.62692213058 -1.0
6.82583904266 -1.0
6.82587313652 -1.0
6.82587814331 1.0
6.84531807899 -1.0
6.91272807121 -1.0
6.99875712395 1.0
7.0184700489 -1.0
7.03805804253 -1.0
7.42687702179 -1.0
7.52639698982 -1.0
7.52641701698 1.0
7.62542009354 -1.0
7.64543414116 -1.0
7.64550900459 -1.0
7.68265199661 1.0
7.73469614983 -1.0
7.75639820099 -1.0
7.82555007935 -1.0
7.82556009293 1.0
7.92722702026 -1.0
7.92725920677 -1.0
7.93780112267 -1.0
7.9378080368 1.0
7.94775915146 -1.0
8.1242711544 -1.0
8.144947052 -1.0
8.14496207237 1.0
8.14496898651 -1.0
8.16481018066 -1.0
8.16481900215 1.0
8.1648440361 -1.0
8.18444418907 -1.0
8.24530410767 -1.0
8.26531910896 -1.0
8.29714202881 1.0
8.31661605835 -1.0
8.73519301414 -1.0
8.84257316589 -1.0
8.92316317558 -1.0
8.92319321632 1.0
9.06243300438 -1.0
9.09895420074 -1.0
9.22246718407 -1.0
9.22249102592 1.0
9.93772220612 -1.0
12.7595050335 -1.0
13.8251972198 -1.0
13.8252160549 1.0
15.9600081444 -1.0
15.9836440086 -1.0
16.0031790733 -1.0
16.0031991005 1.0
