0.0173859596252 -1.0
0.0309329032898 1.0
0.0580809116364 -1.0
0.0780558586121 -1.0
0.0784709453583 1.0
0.0981838703156 -1.0
0.117780923843 -1.0
0.248144865036 1.0
0.259876012802 -1.0
0.269958972931 -1.0
0.271805047989 -1.0
0.27242898941 -1.0
0.276721954346 -1.0
0.276731014252 1.0
0.290087938309 -1.0
0.299252033234 -1.0
0.356422901154 -1.0
0.356433868408 1.0
0.35927605629 -1.0
0.377081871033 -1.0
0.459110021591 -1.0
0.48012304306 -1.0
0.480160951614 1.0
0.558943986893 -1.0
0.615664958954 -1.0
0.659098863602 -1.0
0.659972906113 1.0
0.715784072876 -1.0
0.868443012238 -1.0
0.927772045135 -1.0
1.20392894745 -1.0
1.26393699646 -1.0
1.26395797729 1.0
1.28570795059 -1.0
1.30650091171 -1.0
1.3437628746 -1.0
1.34377384186 1.0
1.56373095512 -1.0
1.66091895103 -1.0
1.68071985245 -1.0
1.68072795868 1.0
1.85995793343 -1.0
1.98566794395 -1.0
1.98694896698 1.0
2.0071439743 -1.0
2.02667593956 -1.0
2.06006288528 -1.0
2.08109688759 -1.0
2.11848688126 1.0
2.16121387482 -1.0
2.16124296188 -1.0
2.18276691437 -1.0
2.18277788162 1.0
2.26113200188 -1.0
2.26116490364 -1.0
2.28120303154 -1.0
2.3612279892 -1.0
2.36124491692 1.0
2.38101887703 -1.0
2.40058493614 -1.0
2.40071105957 1.0
2.42023086548 -1.0
2.43999385834 -1.0
2.44001483917 -1.0
2.44001793861 1.0
2.49591088295 -1.0
2.56291985512 -1.0
2.66033887863 -1.0
2.66035795212 1.0
2.68095803261 -1.0
2.70089387894 -1.0
3.16096687317 -1.0
3.16098999977 1.0
3.36180901527 -1.0
3.38320493698 -1.0
3.45982384682 -1.0
3.45984387398 1.0
3.48074889183 -1.0
3.56029486656 -1.0
3.58102703094 -1.0
3.5810379982 1.0
3.60086798668 -1.0
3.66091489792 -1.0
3.66119503975 1.0
3.68161296844 -1.0
3.70186400414 -1.0
3.72132086754 -1.0
4.09208393097 -1.0
4.13048505783 1.0
4.25937795639 -1.0
4.27898597717 -1.0
4.36208796501 1.0
4.37941002846 -1.0
4.3796069622 -1.0
4.38241100311 -1.0
4.38242888451 1.0
4.39903187752 -1.0
4.43996500969 -1.0
4.4592499733 -1.0
4.46080303192 -1.0
4.46081399918 1.0
4.48060894012 -1.0
4.56118106842 -1.0
4.5612039566 -1.0
4.58254599571 -1.0
4.58258986473 1.0
4.63997006416 -1.0
4.66090607643 -1.0
4.66092705727 -1.0
4.68143391609 -1.0
4.68147301674 1.0
4.70107007027 -1.0
4.74001288414 -1.0
4.77010798454 -1.0
4.77015185356 1.0
4.86016392708 -1.0
4.86018490791 -1.0
4.8796620369 -1.0
4.97234201431 -1.0
4.97236800194 -1.0
4.97241091728 1.0
4.99449205399 -1.0
5.06010603905 -1.0
5.07062005997 -1.0
5.07062792778 1.0
5.08159899712 -1.0
5.08161592484 -1.0
5.08185100555 1.0
5.10109090805 -1.0
5.10128307343 -1.0
5.16914796829 -1.0
5.36265587807 1.0
5.38405203819 -1.0
5.38406586647 -1.0
5.40359997749 -1.0
5.85909605026 -1.0
5.85912895203 1.0
5.96983504295 -1.0
5.98074793816 -1.0
5.98077893257 1.0
5.99129700661 -1.0
5.99135494232 -1.0
6.07686805725 -1.0
6.12681102753 1.0
6.14636707306 -1.0
6.25453901291 -1.0
6.27585601807 -1.0
6.36319804192 1.0
6.38503599167 -1.0
6.55948090553 -1.0
6.67451786995 -1.0
6.68365597725 -1.0
6.68366384506 1.0
6.69409298897 -1.0
6.71373605728 -1.0
6.76058387756 -1.0
6.76065397263 1.0
6.85948300362 -1.0
6.87872600555 -1.0
6.89828801155 -1.0
6.98367190361 -1.0
6.98369503021 1.0
6.99164605141 -1.0
7.00458407402 -1.0
7.05956602097 -1.0
7.05958104134 1.0
7.08026194572 -1.0
7.10007691383 -1.0
7.16055297852 -1.0
7.16057491302 -1.0
7.16062092781 1.0
7.1819729805 -1.0
7.22217798233 -1.0
7.97294092178 -1.0
8.01049494743 1.0
8.0877058506 -1.0
8.10793995857 -1.0
8.15925097466 -1.0
8.15931606293 1.0
8.18130588531 -1.0
8.25984692574 -1.0
8.52065706253 -1.0
8.52068090439 1.0
9.18888688087 -1.0
12.1939649582 -1.0
13.0586059093 -1.0
13.0586268902 1.0
16.2611088753 -1.0
