0.0306680202484 -1.0
0.0306768417358 1.0
0.0310490131378 -1.0
0.0509428977966 -1.0
0.0534808635712 1.0
0.0705919265747 -1.0
0.0776059627533 1.0
0.0789968967438 -1.0
0.0971388816833 -1.0
0.121124982834 -1.0
0.221014022827 -1.0
0.221035957336 1.0
0.277073860168 -1.0
0.297001838684 -1.0
0.304417848587 1.0
0.321986913681 -1.0
0.341784954071 -1.0
0.341792821884 1.0
0.361423015594 -1.0
0.421952962875 -1.0
0.523121833801 -1.0
0.542811870575 -1.0
0.542867898941 1.0
0.601109981537 -1.0
0.622928857803 -1.0
0.657104969025 -1.0
0.657124996185 1.0
0.673352003098 -1.0
0.821950912476 -1.0
0.822803974152 1.0
0.88111782074 -1.0
0.922557830811 -1.0
1.09261083603 -1.0
1.12225198746 -1.0
1.12255978584 1.0
1.1811709404 -1.0
1.23904395103 -1.0
1.25890088081 -1.0
1.42224383354 -1.0
1.42332792282 1.0
1.44216680527 -1.0
1.44297885895 -1.0
1.46266198158 -1.0
1.48227190971 -1.0
1.52110886574 -1.0
1.5575799942 1.0
1.92177295685 -1.0
2.03170180321 -1.0
2.03424596786 1.0
2.05137491226 -1.0
2.09324097633 -1.0
2.12097287178 -1.0
2.32293200493 -1.0
2.32295584679 1.0
2.32296586037 -1.0
2.33166980743 1.0
2.3438179493 -1.0
2.3438270092 -1.0
2.35118484497 -1.0
2.36336088181 -1.0
2.42293691635 -1.0
2.42295384407 -1.0
2.44281888008 -1.0
2.44285082817 1.0
2.4624478817 -1.0
2.52283382416 -1.0
2.53557896614 -1.0
2.53558778763 1.0
2.60161781311 -1.0
2.62208890915 -1.0
2.64172482491 -1.0
2.64173793793 1.0
2.66126585007 -1.0
2.70121884346 -1.0
2.72176289558 -1.0
2.72178387642 1.0
2.74198889732 -1.0
2.76163601875 -1.0
2.97390890121 1.0
2.99352192879 -1.0
3.01313591003 -1.0
3.42192602158 -1.0
4.06253790855 -1.0
4.06255793571 1.0
4.0922088623 -1.0
4.11205101013 -1.0
4.13174080849 -1.0
4.13174700737 1.0
4.17613887787 -1.0
4.19606494904 -1.0
4.2158370018 -1.0
4.21584701538 1.0
4.22089385986 -1.0
4.23540091515 -1.0
4.24357700348 -1.0
4.24358487129 1.0
4.24997997284 -1.0
4.26339292526 -1.0
4.2833340168 -1.0
4.28334188461 1.0
4.29675984383 -1.0
4.30326294899 -1.0
4.3032708168 -1.0
4.31290984154 -1.0
4.31293082237 1.0
4.32324790955 -1.0
4.38152098656 -1.0
4.38154292107 1.0
4.40104579926 -1.0
4.89991998672 -1.0
5.01409292221 -1.0
5.04076099396 -1.0
5.04076886177 1.0
5.04858994484 -1.0
5.06056380272 -1.0
5.12079787254 1.0
5.14050984383 -1.0
5.14097285271 -1.0
5.1456489563 -1.0
5.14565682411 1.0
5.15741491318 -1.0
5.16520094872 -1.0
5.16529297829 1.0
5.18122601509 -1.0
5.18478798866 -1.0
5.22407984734 -1.0
5.27936387062 -1.0
5.27938389778 1.0
5.29898381233 -1.0
5.31470584869 -1.0
5.31850481033 -1.0
5.31852889061 1.0
5.41170096397 -1.0
5.44686079025 -1.0
5.44687485695 -1.0
5.46666288376 -1.0
5.46667098999 1.0
5.48667693138 -1.0
5.49888896942 -1.0
5.54578900337 -1.0
5.54583597183 1.0
5.5573618412 -1.0
5.58244585991 -1.0
5.58247590065 1.0
5.60265398026 -1.0
5.67954778671 -1.0
5.67956495285 -1.0
5.69944190979 -1.0
5.69949197769 1.0
5.71678090096 -1.0
5.71948599815 -1.0
5.81832480431 -1.0
5.8183529377 -1.0
5.81839990616 1.0
5.84033298492 -1.0
5.86100101471 -1.0
5.89757990837 1.0
5.8979678154 -1.0
6.05467200279 -1.0
6.10350680351 -1.0
6.12136387825 1.0
6.14306879044 -1.0
6.14307880402 1.0
6.14308381081 -1.0
6.14308595657 -1.0
6.16267585754 -1.0
6.62047290802 -1.0
6.72138500214 -1.0
6.82059001923 -1.0
6.82060599327 1.0
6.83644580841 -1.0
6.8414349556 -1.0
6.88969492912 1.0
6.90923285484 -1.0
7.01654291153 -1.0
7.03870201111 -1.0
7.12198996544 1.0
7.14322400093 -1.0
7.16285896301 -1.0
7.34106588364 -1.0
7.52224588394 -1.0
7.52226781845 1.0
7.53575181961 -1.0
7.54331278801 -1.0
7.62202382088 -1.0
7.62203383446 1.0
7.64301586151 -1.0
7.66266179085 -1.0
7.66266989708 -1.0
7.70155286789 1.0
7.72118902206 -1.0
7.72292900085 -1.0
7.72311902046 1.0
7.7426879406 -1.0
7.75743198395 -1.0
7.77705192566 -1.0
7.82068991661 -1.0
7.82070398331 1.0
7.8408768177 -1.0
7.8776268959 -1.0
7.9208958149 -1.0
7.92093682289 1.0
7.92939400673 -1.0
7.9413819313 -1.0
7.96152186394 -1.0
7.98390984535 1.0
8.04261088371 -1.0
8.4610209465 -1.0
8.55489301682 -1.0
8.5721848011 -1.0
8.57219290733 1.0
8.57463383675 -1.0
8.6868519783 -1.0
8.69721984863 -1.0
8.69722795486 1.0
8.70692586899 -1.0
8.72227096558 -1.0
8.72653794289 -1.0
8.72654700279 1.0
10.046818018 -1.0
12.7217838764 -1.0
13.6229329109 -1.0
13.6229548454 1.0
15.3292458057 -1.0
15.4221529961 -1.0
16.3225309849 -1.0
16.3225538731 1.0
16.4230208397 -1.0
