0.0562188625336 -1.0
0.0868358612061 -1.0
0.0869028568268 1.0
0.111606836319 -1.0
0.120288848877 -1.0
0.131288051605 -1.0
0.131316900253 1.0
0.186784029007 -1.0
0.224686861038 -1.0
0.224707841873 1.0
0.247210979462 -1.0
0.297735929489 -1.0
0.298043012619 1.0
0.356444835663 -1.0
0.414640903473 -1.0
0.472278833389 -1.0
0.47229886055 1.0
0.498281002045 -1.0
0.519445896149 -1.0
0.578294992447 -1.0
0.578606843948 1.0
0.599292993546 -1.0
0.619742870331 -1.0
0.676348924637 -1.0
0.684334993362 -1.0
0.6846139431 1.0
0.740303993225 -1.0
0.815779924393 -1.0
0.823948860168 -1.0
0.844074964523 -1.0
0.902407884598 -1.0
0.902474880219 1.0
0.981718063354 -1.0
1.00178599358 -1.0
1.01320505142 -1.0
1.02149605751 -1.0
1.02156805992 1.0
1.03368592262 -1.0
1.04029893875 -1.0
1.04031896591 1.0
1.04101800919 -1.0
1.04354596138 -1.0
1.05480694771 -1.0
1.05482983589 1.0
1.05939102173 -1.0
1.06322193146 -1.0
1.06748390198 -1.0
1.07183098793 -1.0
1.08708691597 -1.0
1.08709788322 1.0
1.0949048996 -1.0
1.096971035 -1.0
1.10667204857 -1.0
1.12247490883 -1.0
1.12293696404 1.0
1.14200997353 -1.0
1.14288783073 -1.0
1.16239404678 -1.0
1.18246793747 -1.0
1.21874284744 1.0
1.23842692375 -1.0
1.29479885101 -1.0
1.29909896851 1.0
1.31892800331 -1.0
1.36643695831 -1.0
1.40565299988 -1.0
1.40567398071 1.0
1.44056606293 -1.0
1.49857401848 -1.0
1.51957988739 -1.0
1.55875992775 1.0
1.57700300217 -1.0
1.57936787605 -1.0
1.61495685577 -1.0
1.68364596367 -1.0
1.68442296982 1.0
1.70429086685 -1.0
1.78806900978 -1.0
1.84688305855 -1.0
1.88529396057 -1.0
1.88531088829 1.0
1.88892197609 -1.0
1.90548300743 -1.0
1.92518901825 -1.0
1.92522192001 1.0
1.98507499695 -1.0
2.09145998955 -1.0
2.10071897507 -1.0
2.12033987045 -1.0
2.15876197815 1.0
2.17839694023 -1.0
2.20174694061 -1.0
2.20175886154 1.0
2.22198486328 -1.0
2.31647086143 -1.0
2.37798905373 -1.0
2.37836885452 -1.0
2.38590884209 -1.0
2.39797687531 -1.0
2.39798784256 1.0
2.49798488617 -1.0
2.54251194 -1.0
2.58390283585 -1.0
2.58395600319 1.0
2.59583687782 -1.0
2.59836387634 -1.0
2.60860896111 -1.0
2.60863304138 1.0
2.61761403084 -1.0
2.61842894554 -1.0
2.62711000443 -1.0
2.62713289261 1.0
2.63900303841 -1.0
2.64999985695 -1.0
2.65003299713 1.0
2.6587638855 -1.0
2.6587729454 -1.0
2.67959904671 -1.0
2.73663902283 -1.0
2.7366540432 1.0
2.75676584244 -1.0
2.97294592857 -1.0
3.05013203621 -1.0
3.06972694397 -1.0
3.06973385811 1.0
3.09195494652 -1.0
3.11168193817 -1.0
3.13422083855 -1.0
3.13422989845 1.0
3.17621803284 -1.0
3.20204496384 -1.0
3.20229506493 -1.0
3.20230293274 1.0
3.21796894073 -1.0
3.2224419117 -1.0
3.22844696045 -1.0
3.22845387459 1.0
3.24187493324 -1.0
3.24231696129 -1.0
3.25595188141 -1.0
3.25595998764 1.0
3.25910902023 -1.0
3.26177883148 -1.0
3.26187705994 1.0
3.27547597885 -1.0
3.28169488907 -1.0
3.2817029953 -1.0
3.28456187248 -1.0
3.28936696053 -1.0
3.28937387466 1.0
3.30090904236 -1.0
3.30416488647 -1.0
3.3242020607 -1.0
3.32439804077 -1.0
3.33479905128 -1.0
3.33480596542 1.0
3.33505392075 -1.0
3.33638000488 -1.0
3.34453988075 -1.0
3.34833598137 -1.0
3.34836196899 1.0
3.34854984283 -1.0
3.35085606575 -1.0
3.36645793915 -1.0
3.36803388596 -1.0
3.39360404015 -1.0
3.39361596107 1.0
3.41332101822 -1.0
3.50567889214 -1.0
3.76301693916 -1.0
3.81840586662 -1.0
3.81842398643 1.0
3.81877398491 -1.0
3.82246685028 -1.0
3.84126091003 -1.0
3.8412759304 1.0
3.84214186668 -1.0
3.8651368618 -1.0
3.86524391174 1.0
3.88511300087 -1.0
3.90688586235 -1.0
4.01719284058 -1.0
4.06389784813 1.0
4.08353590965 -1.0
4.10347104073 -1.0
4.17852306366 -1.0
4.23173499107 -1.0
4.23175501823 1.0
4.23433804512 -1.0
4.25811600685 -1.0
4.27778792381 -1.0
4.27780389786 1.0
4.29746389389 -1.0
4.30033493042 -1.0
4.31728100777 -1.0
4.31729483604 1.0
4.54237389565 -1.0
4.56191802025 -1.0
4.59734797478 -1.0
4.59736800194 1.0
4.617841959 -1.0
4.62571883202 -1.0
4.634319067 -1.0
4.6343319416 1.0
4.63734793663 -1.0
4.63884401321 -1.0
4.64116096497 -1.0
4.64116692543 1.0
4.65626502037 -1.0
4.65689992905 -1.0
4.6789689064 -1.0
4.67899084091 1.0
4.68031597137 -1.0
4.6990609169 -1.0
4.73734688759 -1.0
4.73876690865 1.0
4.74834990501 -1.0
4.75974798203 -1.0
4.77984404564 1.0
4.83660387993 -1.0
5.04788899422 -1.0
5.10271000862 -1.0
5.10844993591 -1.0
5.10845685005 1.0
5.13334488869 -1.0
5.17926597595 -1.0
5.22064399719 -1.0
5.2206568718 1.0
5.54340696335 -1.0
5.56355500221 -1.0
5.86647605896 -1.0
5.86649703979 1.0
5.88777089119 -1.0
6.41490006447 -1.0
6.5106549263 -1.0
6.51068592072 1.0
6.52414298058 1.0
6.54436397552 -1.0
6.54456686974 -1.0
6.5447909832 -1.0
6.55317401886 -1.0
6.60101103783 -1.0
6.61075186729 -1.0
6.61076688766 1.0
6.63582897186 -1.0
6.69360184669 -1.0
6.75202393532 -1.0
6.75203895569 1.0
6.79335093498 -1.0
7.99670791626 -1.0
9.60387897491 -1.0
9.60389995575 1.0
10.0528619289 -1.0
16.8051128387 -1.0
16.8665840626 -1.0
16.8665928841 1.0
16.8862349987 -1.0
