0.0565829277039 -1.0
0.0565900802612 1.0
0.0752279758453 -1.0
0.0840148925781 -1.0
0.103529930115 -1.0
0.140252113342 1.0
0.145950078964 -1.0
0.160370111465 -1.0
0.204442024231 -1.0
0.204449892044 1.0
0.219999074936 -1.0
0.260971069336 -1.0
0.260979890823 1.0
0.281110048294 -1.0
0.328887939453 -1.0
0.385891914368 -1.0
0.414293050766 1.0
0.427783966064 -1.0
0.449244976044 -1.0
0.503055095673 -1.0
0.503076076508 1.0
0.53105711937 -1.0
0.577579021454 -1.0
0.635952949524 -1.0
0.636507987976 1.0
0.664761066437 -1.0
0.711487054825 -1.0
0.724714040756 -1.0
0.764240026474 1.0
0.785896062851 -1.0
0.807324886322 -1.0
0.811131954193 -1.0
0.83287191391 -1.0
0.833966970444 1.0
0.854659080505 -1.0
0.855232000351 -1.0
0.876092910767 -1.0
0.931881904602 -1.0
0.93195605278 1.0
1.14682602882 -1.0
1.26864409447 -1.0
1.29044795036 -1.0
1.31377792358 -1.0
1.31381893158 1.0
1.31405210495 -1.0
1.32872796059 -1.0
1.33105611801 -1.0
1.33107995987 1.0
1.33389091492 -1.0
1.34399104118 -1.0
1.34418106079 -1.0
1.3482170105 -1.0
1.35578107834 -1.0
1.35596704483 -1.0
1.35597300529 1.0
1.356153965 -1.0
1.3640859127 -1.0
1.36725711823 -1.0
1.37264609337 -1.0
1.3845410347 -1.0
1.41466903687 -1.0
1.41467905045 1.0
1.43471503258 -1.0
1.45677804947 -1.0
1.45678710938 1.0
1.51261091232 -1.0
1.59866094589 -1.0
1.60044002533 -1.0
1.60896205902 -1.0
1.60898995399 1.0
1.62846112251 -1.0
1.65490794182 -1.0
1.70572710037 -1.0
1.70573997498 1.0
1.76611495018 -1.0
1.77804708481 -1.0
1.82639598846 -1.0
1.86095309258 -1.0
1.90024209023 1.0
1.92819905281 -1.0
1.98795294762 -1.0
2.02311897278 -1.0
2.0371799469 -1.0
2.03720402718 1.0
2.04316210747 -1.0
2.04946708679 -1.0
2.05795502663 -1.0
2.06306409836 -1.0
2.06308889389 1.0
2.08300805092 -1.0
2.11295604706 -1.0
2.12121605873 -1.0
2.14100694656 -1.0
2.14105701447 1.0
3.06939601898 -1.0
3.11149907112 -1.0
3.13111305237 -1.0
3.13112211227 1.0
3.15410089493 -1.0
3.19555211067 -1.0
3.30630803108 -1.0
3.30633807182 1.0
3.32607102394 -1.0
3.33336210251 -1.0
3.34600806236 -1.0
3.34601593018 1.0
3.34602189064 -1.0
3.34636497498 -1.0
3.3496799469 -1.0
3.34968805313 1.0
3.35312104225 -1.0
3.36644005775 -1.0
3.38653707504 -1.0
3.38654398918 1.0
3.40632200241 -1.0
3.4657459259 -1.0
3.46575689316 1.0
3.4855389595 -1.0
3.66333007812 -1.0
3.74260592461 -1.0
3.78349399567 -1.0
3.78350305557 1.0
3.83116197586 -1.0
3.85803389549 -1.0
3.85929894447 -1.0
3.85930895805 1.0
3.85994696617 -1.0
3.87331199646 -1.0
3.87343811989 1.0
3.87787604332 -1.0
3.88283109665 -1.0
3.89414691925 -1.0
3.900578022 -1.0
3.9011759758 -1.0
3.90119695663 1.0
3.90142989159 -1.0
3.90208697319 -1.0
3.90381908417 -1.0
3.90383696556 -1.0
3.9038579464 1.0
3.9211139679 -1.0
3.9221739769 -1.0
3.92218089104 1.0
3.92385697365 -1.0
3.94327092171 -1.0
3.94375705719 -1.0
3.94377803802 1.0
3.94433808327 -1.0
3.94434690475 -1.0
3.9450340271 -1.0
3.9456551075 -1.0
3.94566106796 1.0
3.95696902275 -1.0
3.96295809746 -1.0
3.96378803253 -1.0
3.96379494667 -1.0
3.96381306648 1.0
4.02066898346 -1.0
4.07717108727 -1.0
4.13725495338 -1.0
4.47053408623 -1.0
4.5082449913 1.0
4.52778911591 -1.0
4.55100893974 -1.0
4.57067894936 -1.0
4.57069301605 1.0
4.57881212234 -1.0
4.59034895897 -1.0
4.59264302254 -1.0
4.59264993668 1.0
4.60997700691 -1.0
4.67731499672 -1.0
4.76238203049 1.0
4.78330993652 -1.0
4.80328202248 -1.0
4.87807106972 1.0
4.89647698402 -1.0
4.89817690849 -1.0
4.93804788589 -1.0
4.95132803917 -1.0
4.95135402679 1.0
4.97336292267 -1.0
4.98156499863 -1.0
5.00115609169 -1.0
5.0214099884 -1.0
5.02319908142 -1.0
5.02324295044 1.0
5.04311609268 -1.0
5.4082710743 -1.0
5.44898509979 -1.0
5.44900608063 1.0
5.44921207428 -1.0
5.45003390312 -1.0
5.46252989769 -1.0
5.46253800392 1.0
5.46884894371 -1.0
5.490680933 -1.0
5.49127197266 -1.0
5.49129009247 1.0
5.49191594124 -1.0
5.51035904884 -1.0
5.54822206497 1.0
5.54883909225 -1.0
5.56843996048 -1.0
5.87783694267 1.0
5.89795994759 -1.0
5.8979780674 -1.0
5.89798092842 1.0
5.89839792252 -1.0
5.89840507507 -1.0
5.91787409782 -1.0
5.93674993515 -1.0
5.95609498024 -1.0
5.97577905655 -1.0
5.97791099548 -1.0
5.99747490883 -1.0
6.03624796867 1.0
6.06339597702 -1.0
6.08316802979 -1.0
6.692663908 -1.0
6.69269299507 1.0
6.8024559021 -1.0
6.89241194725 -1.0
6.89242005348 1.0
6.93697094917 -1.0
7.21774601936 -1.0
7.44513702393 -1.0
7.46478390694 -1.0
7.46480488777 1.0
8.80542492867 -1.0
10.3704578876 -1.0
10.9034430981 -1.0
10.903455019 1.0
16.0659461021 -1.0
16.0858800411 -1.0
16.1285910606 -1.0
16.1286020279 1.0
16.1487519741 -1.0
