0.017364025116 -1.0
0.0173718929291 1.0
0.0703499317169 -1.0
0.129929065704 -1.0
0.15047287941 -1.0
0.152949094772 1.0
0.173710107803 -1.0
0.188353061676 -1.0
0.24666595459 -1.0
0.248387098312 1.0
0.268651008606 -1.0
0.327795028687 -1.0
0.349241018295 -1.0
0.359075069427 -1.0
0.359266042709 1.0
0.401796102524 -1.0
0.457889080048 -1.0
0.459223031998 -1.0
0.467113018036 -1.0
0.4870429039 -1.0
0.497683048248 1.0
0.520919084549 -1.0
0.578401088715 -1.0
0.633800029755 -1.0
0.634402990341 -1.0
0.634425878525 1.0
0.679423093796 -1.0
0.699440956116 -1.0
0.73873090744 1.0
0.768799066544 -1.0
0.82630610466 -1.0
0.885113954544 -1.0
0.893321990967 -1.0
0.893347978592 1.0
0.913162946701 -1.0
1.00615000725 -1.0
1.02584290504 -1.0
1.02590608597 1.0
1.03367400169 -1.0
1.0455429554 -1.0
1.04597210884 -1.0
1.04599189758 1.0
1.04782795906 -1.0
1.05317091942 -1.0
1.06559896469 -1.0
1.06603598595 -1.0
1.06604409218 1.0
1.06605291367 -1.0
1.07577610016 -1.0
1.07595705986 -1.0
1.08532691002 -1.0
1.0853369236 1.0
1.08558797836 -1.0
1.08777093887 -1.0
1.08876895905 -1.0
1.10398197174 -1.0
1.10513710976 -1.0
1.10514497757 1.0
1.12472605705 -1.0
1.16214108467 -1.0
1.18176388741 -1.0
1.18474006653 -1.0
1.18476009369 1.0
1.20425796509 -1.0
1.26187300682 -1.0
1.32228207588 -1.0
1.32229495049 1.0
1.36662602425 -1.0
1.38609600067 -1.0
1.38610506058 1.0
1.40705490112 -1.0
1.49015688896 -1.0
1.54628205299 -1.0
1.5465939045 1.0
1.57195997238 -1.0
1.62675499916 -1.0
1.63038802147 -1.0
1.63041210175 1.0
1.65194296837 -1.0
1.69004011154 -1.0
1.70327210426 -1.0
1.70508289337 -1.0
1.70510292053 1.0
1.70988988876 -1.0
1.73020005226 -1.0
1.74993991852 -1.0
1.78157806396 -1.0
1.81872701645 1.0
1.83837604523 -1.0
1.86750888824 -1.0
1.88693404198 -1.0
1.92339897156 -1.0
1.92340898514 1.0
1.94300293922 -1.0
2.01838994026 -1.0
2.0272090435 -1.0
2.0381770134 -1.0
2.03820204735 1.0
2.74672102928 -1.0
2.76701593399 -1.0
2.77468490601 -1.0
2.77469491959 1.0
2.78607487679 -1.0
2.78694009781 -1.0
2.78872990608 -1.0
2.78873801231 1.0
2.80702209473 -1.0
2.82024598122 -1.0
2.82082796097 -1.0
2.82083392143 1.0
2.82690691948 -1.0
2.83356308937 -1.0
2.84693908691 -1.0
2.84694600105 1.0
2.87184691429 -1.0
2.91351008415 -1.0
2.97334003448 -1.0
2.97335004807 1.0
2.99333810806 -1.0
2.99441409111 -1.0
2.99462389946 1.0
3.05409502983 -1.0
3.07388901711 -1.0
3.25422692299 -1.0
3.34340596199 -1.0
3.34342002869 1.0
3.38672804832 -1.0
3.40849399567 -1.0
3.42590808868 -1.0
3.42592000961 1.0
3.42853093147 -1.0
3.42931199074 -1.0
3.43014287949 -1.0
3.43015003204 1.0
3.45026397705 -1.0
3.45300102234 -1.0
3.46362495422 -1.0
3.46363306046 1.0
3.46851611137 -1.0
3.46980309486 -1.0
3.47078800201 -1.0
3.47079610825 1.0
3.47277092934 -1.0
3.47694897652 -1.0
3.48352408409 -1.0
3.4881401062 -1.0
3.48815703392 1.0
3.49054408073 -1.0
3.50317001343 -1.0
3.50459098816 -1.0
3.50728607178 -1.0
3.50729393959 1.0
3.51384210587 -1.0
3.51452708244 -1.0
3.51572299004 -1.0
3.52361297607 -1.0
3.52363801003 1.0
3.52466988564 -1.0
3.52738595009 -1.0
3.5477039814 -1.0
3.56260490417 -1.0
3.56261301041 1.0
3.58206295967 -1.0
3.69013905525 -1.0
3.94117498398 -1.0
3.94121003151 1.0
3.98063111305 -1.0
3.99592494965 -1.0
3.99595499039 1.0
4.00068092346 -1.0
4.00068998337 -1.0
4.01996803284 -1.0
4.02036595345 -1.0
4.05872797966 1.0
4.06383895874 -1.0
4.07851099968 -1.0
4.12573099136 1.0
4.18408298492 -1.0
4.24772596359 -1.0
4.26929998398 -1.0
4.33897805214 -1.0
4.33899092674 1.0
4.36852192879 -1.0
4.38119292259 -1.0
4.38864088058 -1.0
4.38864803314 1.0
4.40873193741 -1.0
4.42336893082 -1.0
4.42834496498 -1.0
4.42835307121 1.0
4.44790506363 -1.0
4.46504592896 -1.0
4.46743702888 -1.0
4.4674448967 1.0
4.61910295486 -1.0
4.63934993744 -1.0
4.65791392326 -1.0
4.65792393684 1.0
4.65841293335 -1.0
4.65929794312 -1.0
4.65975999832 -1.0
4.65976691246 1.0
4.67336988449 -1.0
4.67757105827 -1.0
4.67866206169 -1.0
4.67934298515 -1.0
4.68057394028 -1.0
4.70137810707 -1.0
4.70138597488 -1.0
4.70140504837 1.0
4.70275402069 -1.0
4.72355103493 -1.0
4.78366994858 -1.0
4.78371095657 1.0
4.81115698814 -1.0
4.87010192871 -1.0
4.87011599541 1.0
4.89053487778 -1.0
5.11903190613 -1.0
5.17690110207 -1.0
5.177079916 -1.0
5.17708492279 1.0
5.17854094505 -1.0
5.19684505463 -1.0
5.19685292244 1.0
5.19913291931 -1.0
5.20348310471 -1.0
5.25456309319 -1.0
5.25457310677 1.0
5.27408099174 -1.0
5.28372097015 -1.0
5.30355095863 -1.0
6.18415403366 1.0
6.20410394669 -1.0
6.20413398743 1.0
6.22412395477 -1.0
6.41012096405 -1.0
6.46762299538 -1.0
6.51171302795 -1.0
6.51173996925 1.0
6.60933089256 -1.0
6.66559791565 -1.0
6.71153903008 -1.0
6.71156692505 1.0
6.80872488022 -1.0
7.2423210144 -1.0
7.24234199524 1.0
7.26266908646 -1.0
8.34446310997 -1.0
9.6296210289 -1.0
10.1626749039 -1.0
10.1626958847 1.0
16.5583069324 -1.0
16.6442189217 -1.0
16.6830630302 -1.0
16.6830699444 1.0
16.7455029488 -1.0
