0.0174179077148 -1.0
0.0416789054871 -1.0
0.0416898727417 1.0
0.101243019104 -1.0
0.12123799324 -1.0
0.187106847763 -1.0
0.187511920929 1.0
0.208379030228 -1.0
0.250159025192 -1.0
0.260874986649 -1.0
0.260912895203 -1.0
0.280500888824 -1.0
0.280539035797 1.0
0.307782888412 -1.0
0.349690914154 -1.0
0.366199016571 -1.0
0.36869597435 1.0
0.425362825394 -1.0
0.426348924637 -1.0
0.481385946274 -1.0
0.51730799675 -1.0
0.540243864059 -1.0
0.540297031403 1.0
0.550119876862 -1.0
0.550153970718 -1.0
0.559952020645 -1.0
0.597648859024 1.0
0.610151052475 -1.0
0.636247873306 -1.0
0.69442987442 -1.0
0.823822021484 -1.0
0.861647844315 1.0
0.987431049347 -1.0
1.09925484657 -1.0
1.93196487427 -1.0
1.93198800087 1.0
1.95290398598 -1.0
3.25909399986 -1.0
3.37859082222 -1.0
3.37861299515 1.0
3.37861990929 -1.0
3.37885189056 -1.0
3.37919592857 -1.0
3.37920093536 1.0
3.37935590744 -1.0
3.39815592766 -1.0
3.3982000351 -1.0
3.39824390411 1.0
3.39855885506 -1.0
3.3986389637 -1.0
3.39877986908 -1.0
3.39985799789 -1.0
3.3998670578 1.0
3.41857385635 -1.0
3.41948890686 -1.0
3.47395586967 -1.0
3.47398591042 -1.0
3.4740459919 -1.0
3.48904585838 -1.0
3.48907589912 -1.0
3.48925590515 -1.0
3.48926091194 1.0
3.50862193108 -1.0
3.58428692818 -1.0
3.58431482315 -1.0
3.58443403244 -1.0
3.58444786072 1.0
3.58565998077 -1.0
3.60408997536 -1.0
3.62447285652 -1.0
3.69602489471 -1.0
3.69605302811 -1.0
3.69609594345 1.0
3.69611883163 -1.0
3.75368404388 -1.0
3.82904696465 -1.0
3.82907795906 -1.0
3.82912302017 1.0
3.82914400101 -1.0
4.24118304253 -1.0
4.35237789154 -1.0
4.3523979187 1.0
4.46255898476 -1.0
4.4625878334 -1.0
4.46279597282 -1.0
4.46280002594 1.0
4.48248100281 -1.0
4.92512798309 -1.0
4.92553305626 1.0
4.94645595551 -1.0
4.95720696449 -1.0
5.00826597214 -1.0
5.01811504364 -1.0
5.03883695602 -1.0
5.04825687408 1.0
5.05086088181 -1.0
5.06926202774 -1.0
5.08998990059 -1.0
5.12986087799 -1.0
5.12987494469 1.0
5.15629386902 -1.0
5.21407485008 -1.0
5.21438598633 1.0
5.23954486847 -1.0
5.275359869 -1.0
5.33548092842 -1.0
5.33549284935 1.0
5.35685586929 -1.0
5.99540400505 -1.0
6.01850390434 -1.0
6.01851201057 1.0
6.10591697693 -1.0
6.10595703125 -1.0
6.10604691505 -1.0
6.10605096817 1.0
6.11850094795 -1.0
6.11862397194 -1.0
6.11873197556 -1.0
6.11873793602 1.0
6.12534999847 -1.0
6.12545800209 -1.0
6.12586903572 -1.0
6.12587499619 1.0
6.12602591515 -1.0
6.13524603844 -1.0
6.13535284996 -1.0
6.13535785675 1.0
6.1457798481 -1.0
6.21539402008 -1.0
6.22454690933 -1.0
6.22456789017 1.0
6.23579597473 -1.0
6.32548594475 -1.0
6.3256649971 1.0
6.38165998459 -1.0
7.2184278965 -1.0
7.33248186111 -1.0
7.3682038784 -1.0
7.36822605133 1.0
7.38893890381 -1.0
7.40889000893 -1.0
7.90627884865 -1.0
7.94565105438 1.0
8.06864905357 -1.0
8.17869186401 -1.0
8.19867897034 -1.0
8.19869804382 1.0
8.25596189499 -1.0
8.28876805305 -1.0
8.28893685341 1.0
8.30860996246 -1.0
8.35072302818 -1.0
8.35092496872 -1.0
8.36848402023 -1.0
8.37075996399 -1.0
8.40962696075 1.0
8.43042802811 -1.0
8.46193885803 -1.0
8.4683599472 -1.0
8.4683740139 1.0
8.48175191879 -1.0
8.48288297653 -1.0
8.50149083138 -1.0
8.50150489807 1.0
8.5579328537 -1.0
8.5606148243 -1.0
8.57407283783 -1.0
8.57410097122 1.0
8.57426595688 -1.0
8.58024191856 -1.0
8.59662103653 -1.0
8.61645793915 -1.0
8.65364384651 1.0
8.69163703918 -1.0
8.6939368248 -1.0
8.69589805603 -1.0
8.69591784477 1.0
8.69767093658 -1.0
8.69804501534 -1.0
8.70602488518 -1.0
8.70603203773 1.0
8.71458697319 -1.0
8.71635603905 -1.0
8.75420093536 -1.0
8.75420999527 1.0
8.79639101028 -1.0
8.88603305817 -1.0
9.82415485382 -1.0
9.86164999008 1.0
9.90967392921 -1.0
9.94049882889 -1.0
9.96045088768 -1.0
9.96046304703 1.0
9.97324991226 -1.0
9.98016786575 -1.0
9.98031687737 1.0
9.99990200996 -1.0
10.0827629566 -1.0
10.1537759304 -1.0
10.2418758869 1.0
10.2614769936 -1.0
10.2817690372 -1.0
10.6844129562 -1.0
10.763614893 -1.0
10.7636358738 1.0
10.7843060493 -1.0
10.787060976 -1.0
10.8038079739 -1.0
10.8038189411 1.0
10.8405718803 -1.0
10.9467170238 -1.0
10.9467298985 1.0
10.9685740471 -1.0
11.0906980038 -1.0
11.1141958237 -1.0
11.136220932 -1.0
11.136234045 1.0
11.1374008656 -1.0
11.1580710411 -1.0
11.1595609188 -1.0
11.1976559162 1.0
11.2010638714 -1.0
11.2056088448 -1.0
11.2058448792 1.0
11.2176480293 -1.0
11.2211928368 -1.0
11.2413740158 -1.0
11.3133718967 -1.0
11.3133869171 1.0
11.3331990242 -1.0
11.4231858253 -1.0
11.4439239502 1.0
11.5020048618 -1.0
12.0666959286 -1.0
12.1706130505 -1.0
12.1847569942 -1.0
12.1847808361 1.0
12.1904909611 -1.0
12.2576849461 -1.0
12.2976808548 -1.0
12.297688961 1.0
12.3672578335 -1.0
13.0539069176 -1.0
16.152905941 -1.0
16.1529259682 1.0
17.1352348328 -1.0
21.0077588558 -1.0
