0.0163519382477 1.0
0.0214669704437 -1.0
0.0289089679718 -1.0
0.0360019207001 -1.0
0.0697648525238 -1.0
0.0697729587555 1.0
0.0912318229675 -1.0
0.120852947235 -1.0
0.179922819138 -1.0
0.18091583252 1.0
0.201216936111 -1.0
0.261539936066 -1.0
0.300321817398 1.0
0.305117845535 -1.0
0.320335865021 -1.0
0.329299926758 -1.0
0.349012851715 -1.0
0.388334035873 1.0
0.408744812012 -1.0
0.45802283287 -1.0
0.515945911407 -1.0
0.552309036255 1.0
0.572058916092 -1.0
0.608758926392 -1.0
0.661859035492 -1.0
0.66187286377 1.0
0.72138094902 -1.0
0.796598911285 -1.0
0.816768884659 -1.0
0.920456886292 -1.0
0.928702831268 -1.0
0.948395013809 -1.0
0.976603984833 -1.0
0.976611852646 1.0
0.988893032074 -1.0
0.996312856674 -1.0
1.00562095642 -1.0
1.00564002991 1.0
1.01881098747 -1.0
1.0252468586 -1.0
1.03102302551 -1.0
1.03104782104 1.0
1.04484295845 -1.0
1.06464600563 -1.0
1.06635904312 -1.0
1.06639480591 1.0
1.07256889343 -1.0
1.07342195511 -1.0
1.07370686531 -1.0
1.07372689247 1.0
1.08631181717 -1.0
1.13306593895 -1.0
1.14398789406 -1.0
1.16416192055 -1.0
1.16650891304 -1.0
1.16653084755 1.0
1.18610095978 -1.0
1.24498391151 -1.0
1.24499702454 1.0
1.29920196533 -1.0
1.30711483955 -1.0
1.31915998459 -1.0
1.319272995 1.0
1.33888196945 -1.0
1.44813394547 -1.0
1.48432588577 1.0
1.49720692635 -1.0
1.50399303436 -1.0
1.55308198929 -1.0
1.55432581902 -1.0
1.55436396599 1.0
1.56025695801 -1.0
1.63015389442 -1.0
1.6417529583 -1.0
1.65088891983 -1.0
1.65091180801 1.0
1.6917989254 -1.0
1.71525502205 -1.0
1.78008103371 -1.0
1.81633687019 1.0
1.85939693451 -1.0
1.87554192543 -1.0
1.88380098343 -1.0
1.88509893417 -1.0
1.88512301445 1.0
1.8955309391 -1.0
1.91810798645 -1.0
1.92630600929 -1.0
1.92633199692 1.0
1.9270529747 -1.0
1.93834280968 -1.0
1.93846297264 1.0
1.96028995514 -1.0
1.98100399971 -1.0
2.04124689102 -1.0
2.04125785828 1.0
2.06145501137 -1.0
2.2262108326 -1.0
2.31171584129 -1.0
2.35834097862 -1.0
2.37025785446 -1.0
2.37028098106 1.0
2.38852000237 -1.0
2.38905787468 -1.0
2.38919186592 1.0
2.39186382294 -1.0
2.3968129158 -1.0
2.41032099724 -1.0
2.41517996788 -1.0
2.41797304153 -1.0
2.45634698868 1.0
2.45898580551 -1.0
2.46526098251 -1.0
2.47520399094 -1.0
2.47521185875 1.0
2.47599697113 -1.0
2.47818994522 -1.0
2.48568296432 -1.0
2.49950695038 -1.0
2.50833296776 -1.0
2.50834202766 1.0
2.52945590019 -1.0
2.55001592636 -1.0
2.55903887749 -1.0
2.55904889107 1.0
2.58097696304 -1.0
2.60223889351 -1.0
2.60226798058 1.0
2.62289500237 -1.0
2.84832382202 1.0
2.86965298653 -1.0
3.1585419178 -1.0
3.18601489067 -1.0
3.20564985275 -1.0
3.21207594872 -1.0
3.23161697388 -1.0
3.25973081589 -1.0
3.25974297523 1.0
3.28096795082 -1.0
3.34909701347 -1.0
3.4336078167 1.0
3.45316195488 -1.0
3.4736700058 -1.0
3.56590485573 -1.0
3.6011660099 -1.0
3.60117888451 1.0
3.60534501076 -1.0
3.62141895294 -1.0
3.6594209671 -1.0
3.65943098068 1.0
3.68045783043 -1.0
3.68046784401 -1.0
3.68955492973 -1.0
3.70943403244 -1.0
3.74833893776 1.0
3.85945081711 -1.0
3.87369990349 -1.0
3.87385392189 -1.0
3.87753486633 -1.0
3.87757396698 1.0
3.88120603561 -1.0
3.89475393295 -1.0
3.8947789669 1.0
3.89800095558 -1.0
3.9014480114 -1.0
3.93726301193 -1.0
3.95972299576 -1.0
3.95975399017 1.0
3.96506881714 -1.0
3.96948099136 -1.0
3.98075795174 -1.0
3.98076486588 1.0
3.98576998711 -1.0
4.06522297859 -1.0
4.36016798019 -1.0
4.39634680748 1.0
4.41602802277 -1.0
4.46012592316 -1.0
4.46014881134 -1.0
4.46015191078 1.0
4.48067784309 -1.0
4.56199193001 -1.0
5.19552302361 1.0
5.21509790421 -1.0
5.21537399292 -1.0
5.23474597931 -1.0
6.19568490982 1.0
6.21627998352 -1.0
6.21629500389 -1.0
6.23623681068 -1.0
6.33199691772 -1.0
6.33201003075 1.0
6.5298910141 -1.0
6.63516497612 -1.0
6.68008089066 -1.0
6.68009281158 1.0
6.73772883415 -1.0
6.78997802734 -1.0
7.28521490097 -1.0
7.2852408886 1.0
8.86189603806 -1.0
9.36073088646 -1.0
15.3295609951 -1.0
15.3295869827 1.0
15.3873100281 -1.0
15.4071810246 -1.0
