0.0271990299225 -1.0
0.0272109508514 1.0
0.0839660167694 -1.0
0.104041099548 -1.0
0.112378120422 -1.0
0.148357152939 -1.0
0.148561000824 1.0
0.168339967728 -1.0
0.222903013229 -1.0
0.231920957565 -1.0
0.243685007095 -1.0
0.243713140488 1.0
0.26426410675 -1.0
0.284426927567 -1.0
0.28443312645 1.0
0.286752939224 -1.0
0.295496940613 -1.0
0.3158659935 -1.0
0.349802970886 -1.0
0.389636993408 1.0
0.410158157349 -1.0
0.420941114426 -1.0
0.43039894104 -1.0
0.430427074432 1.0
0.450289964676 -1.0
0.510333061218 -1.0
0.569630146027 -1.0
0.609621047974 1.0
0.629626989365 -1.0
0.649888038635 -1.0
0.687742948532 -1.0
0.68775510788 1.0
0.744164943695 -1.0
0.81552195549 -1.0
0.835574150085 -1.0
0.93027305603 -1.0
0.940972089767 -1.0
0.960524082184 -1.0
0.996977090836 -1.0
0.996987104416 1.0
1.00049710274 -1.0
1.00461316109 -1.0
1.01001095772 -1.0
1.01003503799 1.0
1.01684904099 -1.0
1.02033615112 -1.0
1.0203461647 1.0
1.02997803688 -1.0
1.03672504425 -1.0
1.04493403435 -1.0
1.04494404793 1.0
1.04566502571 -1.0
1.04962801933 -1.0
1.05136799812 -1.0
1.05138802528 1.0
1.0564661026 -1.0
1.09497499466 -1.0
1.11318492889 -1.0
1.11322808266 1.0
1.13484501839 -1.0
1.13485503197 1.0
1.19193816185 -1.0
1.25224304199 -1.0
1.26021504402 -1.0
1.27815198898 -1.0
1.31764411926 1.0
1.32087016106 -1.0
1.33793997765 -1.0
1.42413210869 -1.0
1.42414402962 1.0
1.45861005783 -1.0
1.53838014603 -1.0
1.5978410244 -1.0
1.60578608513 -1.0
1.60581111908 1.0
1.62590503693 -1.0
1.65481495857 -1.0
1.6973669529 -1.0
1.73364806175 1.0
1.75447797775 -1.0
2.21573209763 -1.0
2.25723314285 -1.0
2.25725197792 1.0
2.2794380188 -1.0
2.29911708832 -1.0
2.29960298538 -1.0
2.29961013794 1.0
2.34152507782 -1.0
2.36054515839 -1.0
2.36097407341 -1.0
2.36098194122 1.0
2.36161494255 -1.0
2.3814239502 -1.0
2.38189697266 -1.0
2.38190293312 1.0
2.38366293907 -1.0
2.38822293282 -1.0
2.40228009224 -1.0
2.40228796005 1.0
2.43051600456 -1.0
2.47245597839 -1.0
2.49200296402 -1.0
2.49217796326 1.0
2.54797005653 -1.0
2.56798911095 -1.0
2.70507216454 -1.0
2.7612760067 -1.0
2.79763793945 1.0
2.82567095757 -1.0
2.8715429306 -1.0
2.87704205513 -1.0
2.88537096977 -1.0
2.88543605804 1.0
2.88664197922 -1.0
2.90083813667 -1.0
2.90097308159 1.0
2.90332102776 -1.0
2.90661501884 -1.0
2.91348814964 -1.0
2.9200501442 -1.0
2.9200630188 1.0
2.92097902298 -1.0
2.92114496231 -1.0
2.92871594429 -1.0
2.93319511414 -1.0
2.94283914566 -1.0
2.94286394119 1.0
2.94479608536 -1.0
2.95543003082 -1.0
2.9554541111 1.0
2.96262598038 -1.0
2.96304297447 -1.0
2.96328616142 -1.0
2.97091507912 -1.0
2.97094893456 1.0
2.98498010635 -1.0
2.98499298096 -1.0
2.9871840477 -1.0
2.99789309502 -1.0
2.99790096283 1.0
3.00245904922 -1.0
3.00259494781 -1.0
3.00486898422 -1.0
3.0048930645 1.0
3.02466011047 -1.0
3.04407596588 -1.0
3.06481194496 -1.0
3.15206408501 -1.0
3.40323495865 -1.0
3.44164204597 1.0
3.45619797707 -1.0
3.46288895607 -1.0
3.46448016167 -1.0
3.46448612213 1.0
3.46661400795 -1.0
3.46730804443 -1.0
3.46732902527 1.0
3.48290395737 -1.0
3.48672699928 -1.0
3.54188394547 -1.0
3.54891204834 -1.0
3.54892015457 1.0
3.56299805641 -1.0
3.63077807426 -1.0
3.71948194504 1.0
3.73912096024 -1.0
3.76116108894 -1.0
4.16500806808 -1.0
4.16504216194 -1.0
4.16504693031 1.0
4.18684506416 -1.0
4.18686509132 -1.0
4.25021505356 -1.0
4.25023198128 1.0
4.35126304626 -1.0
4.35732293129 -1.0
4.35886311531 -1.0
4.35887002945 1.0
4.36268901825 -1.0
4.3653960228 -1.0
4.36550593376 1.0
4.37141013145 -1.0
4.37382102013 -1.0
4.37660813332 -1.0
4.38133811951 -1.0
4.39389705658 -1.0
4.43364810944 1.0
4.45130705833 -1.0
4.45548915863 -1.0
4.7000451088 -1.0
4.70006608963 1.0
4.7803440094 -1.0
5.09260201454 1.0
5.11335301399 -1.0
5.11379909515 -1.0
5.13376998901 -1.0
5.16444396973 -1.0
5.19025397301 -1.0
5.19048500061 -1.0
5.19058299065 1.0
5.1950571537 -1.0
5.21019911766 -1.0
5.2494199276 -1.0
5.26934313774 -1.0
5.26936292648 1.0
6.09341096878 1.0
6.11443209648 -1.0
6.11444616318 -1.0
6.11444807053 -1.0
6.13471412659 -1.0
6.31105113029 -1.0
6.46892499924 -1.0
6.46895003319 1.0
6.54784607887 -1.0
6.5853869915 -1.0
6.64839410782 -1.0
6.64841294289 1.0
6.67890310287 -1.0
7.79271292686 -1.0
9.30680608749 -1.0
9.30682992935 1.0
10.1621470451 -1.0
15.5638611317 -1.0
15.6526031494 -1.0
15.6526179314 1.0
