0.0182528495789 -1.0
0.0182628631592 1.0
0.0399689674377 -1.0
0.0604710578918 -1.0
0.117012023926 -1.0
0.156854867935 1.0
0.161576032639 -1.0
0.177481889725 -1.0
0.218415021896 -1.0
0.239740848541 -1.0
0.248404026031 1.0
0.278681993484 -1.0
0.299726963043 -1.0
0.320816040039 -1.0
0.320837020874 1.0
0.376981973648 -1.0
0.434536933899 -1.0
0.49275302887 -1.0
0.497907876968 -1.0
0.569129943848 -1.0
0.577561855316 -1.0
0.577589035034 1.0
0.597513914108 -1.0
0.636818885803 -1.0
0.6567029953 -1.0
0.659446954727 1.0
0.679277896881 -1.0
0.737164020538 -1.0
0.803838968277 -1.0
0.913254976273 -1.0
0.921578884125 -1.0
0.92160487175 1.0
0.941512823105 -1.0
0.97470498085 -1.0
0.995698928833 -1.0
0.995726823807 1.0
1.04343605042 -1.0
1.09788799286 -1.0
1.12267398834 -1.0
1.12342500687 1.0
1.14250302315 -1.0
1.14293503761 -1.0
1.15245890617 -1.0
1.16309404373 -1.0
1.16319394112 1.0
1.16478204727 -1.0
1.17943000793 -1.0
1.18276190758 -1.0
1.20303201675 -1.0
1.20303893089 1.0
1.20630192757 -1.0
1.22263097763 -1.0
1.22904801369 -1.0
1.23720788956 -1.0
1.24766397476 -1.0
1.2476708889 1.0
1.24884605408 -1.0
1.25388383865 -1.0
1.27392196655 -1.0
1.28879094124 -1.0
1.28881382942 1.0
1.30845189095 -1.0
1.3646979332 -1.0
1.42085790634 -1.0
1.42086601257 1.0
1.44128584862 -1.0
1.45369982719 -1.0
1.61413288116 -1.0
1.61414384842 1.0
1.65414595604 -1.0
1.69602704048 -1.0
1.71399903297 -1.0
1.71403002739 1.0
1.79533791542 -1.0
1.8155670166 -1.0
1.87290501595 -1.0
1.91276884079 1.0
1.93284392357 -1.0
1.97296404839 -1.0
1.99997901917 -1.0
2.01112699509 -1.0
2.01115393639 1.0
2.01629495621 -1.0
2.01974797249 -1.0
2.02816390991 -1.0
2.02818799019 1.0
2.03727602959 -1.0
2.03978490829 -1.0
2.04119205475 -1.0
2.04121899605 1.0
2.05997896194 -1.0
2.07217097282 -1.0
2.07219600677 1.0
2.07960104942 -1.0
2.11666202545 -1.0
2.13636088371 -1.0
2.1366250515 1.0
2.15624403954 -1.0
2.17597103119 -1.0
2.19553399086 -1.0
2.38103485107 -1.0
2.42084598541 1.0
2.44582986832 -1.0
2.49048495293 -1.0
2.5276119709 -1.0
2.52761983871 1.0
2.53021383286 -1.0
2.5475230217 -1.0
2.55485796928 -1.0
2.55486392975 1.0
2.56161785126 -1.0
2.56766200066 -1.0
2.56785988808 1.0
2.57331395149 -1.0
2.58176803589 -1.0
2.58228087425 -1.0
2.58791685104 -1.0
2.58817791939 -1.0
2.60060405731 -1.0
2.60061192513 1.0
2.60906195641 -1.0
2.61514282227 -1.0
2.62125492096 -1.0
2.63009095192 -1.0
2.64029598236 -1.0
2.65039896965 -1.0
2.65040588379 1.0
2.65161800385 -1.0
2.65548396111 -1.0
2.65560793877 1.0
2.65693092346 -1.0
2.66300797462 -1.0
2.66666483879 -1.0
2.67056393623 -1.0
2.67414283752 -1.0
2.67414999008 1.0
2.67895483971 -1.0
2.68824291229 -1.0
2.69004583359 -1.0
2.69005298615 1.0
2.69453501701 -1.0
2.69707083702 -1.0
2.70138192177 -1.0
2.70513105392 -1.0
2.71214795113 -1.0
2.71231198311 1.0
2.71774291992 -1.0
2.71927499771 -1.0
2.73976993561 -1.0
2.75234103203 -1.0
2.75460290909 -1.0
2.77306699753 -1.0
2.77307295799 1.0
2.86086988449 -1.0
3.14030599594 -1.0
3.18485784531 -1.0
3.18486785889 1.0
3.19726204872 -1.0
3.22351384163 -1.0
3.24335694313 -1.0
3.24336886406 1.0
3.26360988617 -1.0
3.26511001587 -1.0
3.28387093544 -1.0
3.28388190269 1.0
3.35084795952 -1.0
3.45208501816 -1.0
3.45209693909 1.0
3.47262883186 -1.0
3.56285405159 -1.0
3.60437583923 -1.0
3.61800503731 -1.0
3.61802482605 1.0
3.62498283386 -1.0
3.64429283142 -1.0
3.6456618309 -1.0
3.64566588402 1.0
3.66608405113 -1.0
3.66609191895 -1.0
3.69458198547 -1.0
3.71416592598 -1.0
3.75284004211 1.0
3.86268687248 -1.0
3.88870787621 -1.0
3.88906097412 -1.0
3.88907003403 1.0
3.90631699562 -1.0
3.90847682953 -1.0
3.91653299332 -1.0
3.91655397415 1.0
3.9307448864 -1.0
3.93603301048 -1.0
3.94443082809 -1.0
3.94443702698 1.0
3.96407389641 -1.0
3.97111392021 -1.0
3.9721019268 -1.0
3.99127197266 -1.0
4.01276302338 1.0
4.06897783279 -1.0
4.97702598572 -1.0
4.9770359993 1.0
4.97712302208 -1.0
4.99787902832 -1.0
5.26055693626 -1.0
5.31816005707 -1.0
5.33800792694 -1.0
5.33801794052 1.0
5.33820605278 -1.0
5.34373188019 -1.0
5.35838103294 -1.0
5.35839390755 1.0
5.38637590408 -1.0
5.95715284348 1.0
5.97660088539 -1.0
5.97709798813 -1.0
5.99635386467 -1.0
6.48771595955 -1.0
6.68002986908 -1.0
6.68005204201 1.0
6.75237393379 -1.0
6.83057785034 -1.0
6.90223693848 -1.0
6.90226387978 1.0
6.94836497307 -1.0
7.45400691032 -1.0
8.85159802437 -1.0
8.85162591934 1.0
10.2701818943 -1.0
15.7595028877 -1.0
15.7808959484 -1.0
15.7809040546 1.0
15.8198759556 -1.0
