0.00751686096191 -1.0
0.0075249671936 1.0
0.0210399627686 -1.0
0.056569814682 -1.0
0.0770268440247 -1.0
0.135845899582 -1.0
0.135855913162 1.0
0.154629945755 -1.0
0.19898891449 -1.0
0.233285903931 -1.0
0.23330283165 -1.0
0.247578859329 -1.0
0.248211860657 1.0
0.262843847275 -1.0
0.314385890961 -1.0
0.327287912369 -1.0
0.327329874039 1.0
0.37590098381 -1.0
0.431913852692 -1.0
0.503049850464 -1.0
0.572863817215 -1.0
0.576225996017 -1.0
0.614545822144 1.0
0.656942844391 -1.0
0.719851970673 -1.0
0.76863694191 -1.0
0.80654501915 1.0
1.0558488369 -1.0
1.07549500465 -1.0
1.09632587433 -1.0
1.09633898735 1.0
1.09765601158 -1.0
1.10748887062 -1.0
1.11648488045 -1.0
1.11649179459 1.0
1.11797881126 -1.0
1.13701581955 -1.0
1.13786387444 -1.0
1.13788080215 1.0
1.13804888725 -1.0
1.13857579231 -1.0
1.1388938427 -1.0
1.16104388237 -1.0
1.16105484962 1.0
1.18185400963 -1.0
1.18253684044 -1.0
1.18434882164 1.0
1.20484995842 -1.0
1.26385092735 -1.0
1.37781596184 -1.0
1.42494487762 -1.0
1.4337978363 1.0
1.49712300301 -1.0
1.50668287277 -1.0
1.53356695175 -1.0
1.55312991142 -1.0
1.55658483505 -1.0
1.55660581589 1.0
1.55965280533 -1.0
1.57635688782 -1.0
1.68108391762 -1.0
1.75629997253 -1.0
1.79454994202 1.0
1.84465193748 -1.0
2.17030096054 -1.0
2.19730091095 -1.0
2.19731402397 1.0
2.1973259449 -1.0
2.20962786674 -1.0
2.20964694023 -1.0
2.20965194702 1.0
2.2259349823 -1.0
2.22811579704 -1.0
2.23576593399 -1.0
2.2357738018 1.0
2.25332689285 -1.0
2.25334095955 -1.0
2.27803301811 -1.0
2.2780418396 1.0
2.30014491081 -1.0
2.30032396317 -1.0
2.30051398277 1.0
2.35999488831 -1.0
2.38582897186 -1.0
2.53080797195 -1.0
2.61550879478 -1.0
2.65454483032 1.0
2.67430090904 -1.0
2.7391679287 -1.0
2.74893593788 -1.0
2.74904894829 1.0
2.76289081573 -1.0
2.77796292305 -1.0
2.77797079086 -1.0
2.77797579765 -1.0
2.79085993767 -1.0
2.79086780548 1.0
2.79450488091 -1.0
2.8002038002 -1.0
2.80021095276 1.0
2.80259084702 -1.0
2.8157658577 -1.0
2.81614279747 -1.0
2.82797598839 -1.0
2.82798480988 1.0
2.84245586395 -1.0
2.85500597954 -1.0
2.86621689796 -1.0
2.869150877 -1.0
2.86917591095 1.0
2.87655687332 -1.0
2.88386487961 -1.0
2.88585090637 -1.0
2.89968681335 -1.0
2.89969396591 1.0
2.91566586494 -1.0
2.92511701584 -1.0
2.925126791 -1.0
2.92716598511 -1.0
2.92718982697 1.0
2.93219995499 -1.0
2.94817590714 -1.0
3.01272392273 -1.0
3.01282382011 1.0
3.03803300858 -1.0
3.03804302216 -1.0
3.10233283043 -1.0
3.1023478508 1.0
3.164083004 -1.0
3.42411780357 -1.0
3.48324584961 -1.0
3.50752186775 -1.0
3.50753688812 1.0
3.50754189491 -1.0
3.52978897095 -1.0
3.53630781174 -1.0
3.53631591797 1.0
3.55243301392 -1.0
3.55832290649 -1.0
3.58169078827 -1.0
3.59453392029 1.0
3.63695597649 -1.0
3.73902893066 -1.0
3.73905181885 1.0
3.76162600517 -1.0
3.87963581085 -1.0
3.92443680763 -1.0
3.93537998199 -1.0
3.93539500237 1.0
3.94823980331 -1.0
3.9580988884 -1.0
3.97079586983 -1.0
3.97080779076 1.0
4.00090479851 -1.0
4.0677189827 -1.0
4.11607193947 -1.0
4.11609101295 1.0
4.14514994621 -1.0
4.15235090256 -1.0
4.15237092972 -1.0
4.15237498283 1.0
4.16168999672 -1.0
4.17300701141 -1.0
4.18612980843 -1.0
4.18616390228 1.0
4.18848085403 -1.0
4.20765995979 -1.0
4.21165394783 -1.0
4.25275683403 -1.0
4.27505087852 -1.0
4.2751019001 1.0
4.35271883011 -1.0
4.56444787979 -1.0
4.61806082726 -1.0
4.61808085442 1.0
4.61832284927 -1.0
4.62386584282 -1.0
4.64593982697 -1.0
4.64596700668 -1.0
4.64601182938 1.0
4.67339801788 -1.0
4.73900794983 -1.0
4.76167201996 -1.0
4.76168394089 1.0
5.17545390129 -1.0
6.42903590202 -1.0
6.47100186348 -1.0
6.47102379799 1.0
6.52186393738 -1.0
6.62451195717 -1.0
6.66909790039 -1.0
6.66911792755 1.0
6.74577379227 -1.0
7.61228084564 -1.0
9.0511059761 -1.0
9.05112791061 1.0
9.56816983223 -1.0
15.2352027893 -1.0
15.9940288067 -1.0
15.9940488338 1.0
25.620265007 -1.0
