0.0450479984283 -1.0
0.0450580120087 1.0
0.0625350475311 -1.0
0.104801893234 -1.0
0.106745958328 -1.0
0.123167991638 -1.0
0.123277902603 1.0
0.185130834579 -1.0
0.202709913254 -1.0
0.240530967712 1.0
0.248590946198 -1.0
0.266127824783 -1.0
0.27752995491 -1.0
0.291507959366 -1.0
0.302594900131 -1.0
0.302603006363 1.0
0.364868879318 -1.0
0.470262050629 -1.0
0.513895988464 -1.0
0.552541017532 1.0
0.598217010498 -1.0
0.765387058258 -1.0
0.766195058823 1.0
0.82529592514 -1.0
0.843152046204 -1.0
0.885155916214 -1.0
1.11695194244 -1.0
1.1169719696 1.0
1.13843989372 -1.0
1.14351797104 -1.0
1.16157793999 -1.0
1.16158795357 1.0
1.16332197189 -1.0
1.16416597366 -1.0
1.16418600082 1.0
1.18201184273 -1.0
1.18239188194 -1.0
1.18289804459 -1.0
1.18314790726 -1.0
1.18603801727 -1.0
1.18605399132 1.0
1.18631601334 -1.0
1.18970584869 -1.0
1.20952391624 -1.0
1.23037791252 -1.0
1.23039197922 1.0
1.24690103531 -1.0
1.25075101852 -1.0
1.28850793839 1.0
1.29409599304 -1.0
1.30977487564 -1.0
1.31007695198 1.0
1.36864495277 -1.0
1.39109301567 -1.0
1.44547390938 -1.0
1.5613758564 1.0
1.62077689171 -1.0
1.65102982521 -1.0
1.72188997269 -1.0
1.72191095352 1.0
1.7444870472 -1.0
1.77493786812 -1.0
1.7974050045 -1.0
1.79741501808 1.0
1.81664586067 -1.0
1.81683683395 -1.0
1.83156490326 -1.0
1.83157300949 1.0
1.83200287819 -1.0
1.83299994469 -1.0
1.8364238739 -1.0
1.83643102646 1.0
1.84725999832 -1.0
1.8561630249 -1.0
1.8587770462 -1.0
1.85880303383 1.0
1.86789298058 -1.0
1.87631201744 -1.0
1.87833595276 -1.0
1.90774297714 -1.0
1.90776991844 1.0
1.91794586182 -1.0
1.92748999596 -1.0
1.97284603119 -1.0
2.05879688263 -1.0
2.0965089798 1.0
2.1251540184 -1.0
2.14207386971 -1.0
2.16298699379 -1.0
2.16318583488 1.0
2.22478985786 -1.0
2.24650192261 -1.0
2.38689398766 -1.0
2.48440384865 -1.0
2.52051186562 1.0
2.52709984779 -1.0
2.54083704948 -1.0
2.56055283546 -1.0
2.56311702728 -1.0
2.56315994263 1.0
2.57517194748 -1.0
2.58046889305 -1.0
2.58338689804 -1.0
2.59119987488 -1.0
2.5912258625 1.0
2.60032105446 -1.0
2.60385298729 -1.0
2.60469985008 -1.0
2.60513687134 -1.0
2.60514497757 1.0
2.61087584496 -1.0
2.61749601364 -1.0
2.62057185173 -1.0
2.62058782578 1.0
2.62387084961 -1.0
2.6247048378 -1.0
2.62905502319 -1.0
2.640583992 -1.0
2.64059305191 1.0
2.6414308548 -1.0
2.64211392403 -1.0
2.64362883568 -1.0
2.64581203461 -1.0
2.64581894875 1.0
2.64642691612 -1.0
2.66543483734 -1.0
2.66679096222 -1.0
2.68251085281 -1.0
2.68253183365 1.0
2.68620896339 -1.0
2.69788384438 -1.0
2.70165491104 -1.0
2.71913695335 -1.0
2.7501308918 1.0
2.80883383751 -1.0
3.13651299477 -1.0
3.20004796982 -1.0
3.21689391136 -1.0
3.21690487862 1.0
3.22306990623 -1.0
3.22641801834 -1.0
3.23058390617 -1.0
3.23058986664 1.0
3.25157284737 -1.0
3.25993895531 -1.0
3.29963994026 1.0
3.32492899895 -1.0
3.42239189148 -1.0
3.44551801682 -1.0
3.78168582916 -1.0
3.78170800209 1.0
3.82632994652 -1.0
3.82855796814 -1.0
3.82867002487 1.0
3.85155200958 -1.0
3.86098885536 -1.0
3.8827419281 -1.0
3.93558096886 -1.0
3.93559384346 1.0
3.95543789864 -1.0
3.95545482635 -1.0
3.97519183159 -1.0
3.97520089149 1.0
3.98445892334 -1.0
3.99519991875 -1.0
3.99531602859 1.0
4.00410294533 -1.0
4.01517391205 -1.0
4.0238969326 -1.0
4.0239238739 1.0
4.03022789955 -1.0
4.03518390656 -1.0
4.11281085014 -1.0
4.3514380455 -1.0
4.38853192329 1.0
4.39429283142 -1.0
4.40302300453 -1.0
4.41019392014 -1.0
4.41020083427 1.0
4.43041086197 -1.0
4.43192696571 -1.0
4.4552218914 -1.0
4.45522999763 1.0
4.74981188774 -1.0
4.74982190132 1.0
4.74982786179 -1.0
4.77235889435 -1.0
6.65924787521 -1.0
6.70272684097 -1.0
6.74495100975 -1.0
6.74495792389 1.0
6.8024790287 -1.0
6.83553004265 -1.0
7.03207397461 -1.0
7.03209686279 1.0
7.47206687927 -1.0
8.90807294846 -1.0
9.3497698307 -1.0
9.34979701042 1.0
14.9809219837 -1.0
15.037268877 -1.0
