0.0153658390045 -1.0
0.0153949260712 1.0
0.0258548259735 -1.0
0.0935719013214 -1.0
0.12987780571 -1.0
0.168740034103 1.0
0.182900905609 -1.0
0.191783905029 -1.0
0.215612888336 -1.0
0.215639829636 1.0
0.240505933762 -1.0
0.279487848282 -1.0
0.335808992386 -1.0
0.46705698967 1.0
0.477129936218 -1.0
0.528891801834 -1.0
0.593788862228 -1.0
0.655833959579 -1.0
0.655846834183 1.0
0.695331811905 -1.0
1.02299284935 -1.0
1.04250884056 -1.0
1.04252386093 1.0
1.05140900612 -1.0
1.06236886978 -1.0
1.06237792969 -1.0
1.06240200996 1.0
1.06542301178 -1.0
1.07195782661 -1.0
1.08444690704 -1.0
1.08445596695 -1.0
1.08447480202 1.0
1.08497786522 -1.0
1.09262681007 -1.0
1.09466600418 -1.0
1.09574699402 -1.0
1.09577798843 1.0
1.1054019928 -1.0
1.10582590103 -1.0
1.13233780861 -1.0
1.1374578476 -1.0
1.13748002052 1.0
1.15734100342 -1.0
1.20996284485 -1.0
1.21716380119 -1.0
1.21718883514 1.0
1.27792191505 -1.0
1.30968594551 -1.0
1.30969882011 1.0
1.36828184128 -1.0
1.37497401237 -1.0
1.42781996727 -1.0
1.46823596954 1.0
1.48782896996 -1.0
1.5226328373 -1.0
1.603525877 -1.0
1.64074683189 1.0
1.68194580078 -1.0
1.78256893158 -1.0
1.81150889397 -1.0
1.83211684227 -1.0
1.83215498924 1.0
1.85298681259 -1.0
1.89094281197 -1.0
1.96155190468 -1.0
2.00075697899 1.0
2.14426183701 -1.0
2.18030285835 -1.0
2.18045186996 -1.0
2.181183815 -1.0
2.18891000748 -1.0
2.18893194199 1.0
2.20034384727 -1.0
2.2020637989 -1.0
2.21721696854 -1.0
2.21733593941 1.0
2.21998882294 -1.0
2.24673295021 -1.0
2.25788402557 -1.0
2.25962996483 -1.0
2.26648402214 -1.0
2.30471801758 1.0
2.32563281059 -1.0
2.32770395279 -1.0
2.32785797119 -1.0
2.34589099884 -1.0
2.34591603279 1.0
2.40374588966 -1.0
2.42536783218 -1.0
2.57160592079 -1.0
2.60874986649 1.0
2.67011380196 -1.0
2.74487900734 -1.0
2.74826097488 -1.0
2.75285983086 -1.0
2.76673698425 -1.0
2.76676082611 1.0
2.77200388908 -1.0
2.77350783348 -1.0
2.77847194672 -1.0
2.78477096558 -1.0
2.78479099274 1.0
2.78527998924 -1.0
2.79317879677 -1.0
2.79328298569 1.0
2.79574298859 -1.0
2.81392884254 -1.0
2.81474089622 -1.0
2.81532883644 -1.0
2.815335989 -1.0
2.8153398037 -1.0
2.81535792351 1.0
2.81560301781 -1.0
2.83891701698 -1.0
2.84076189995 -1.0
2.84759092331 -1.0
2.84761190414 1.0
2.84977984428 -1.0
2.85176587105 -1.0
2.85330200195 -1.0
2.85332202911 1.0
2.85528898239 -1.0
2.86204385757 -1.0
2.86454701424 -1.0
2.86568284035 -1.0
2.87108898163 -1.0
2.87110900879 1.0
2.88283491135 -1.0
2.88313698769 -1.0
2.88362884521 -1.0
2.88722896576 -1.0
2.92420697212 -1.0
2.9242169857 1.0
2.9448018074 -1.0
3.03568196297 -1.0
3.31586480141 -1.0
3.36230492592 -1.0
3.36233091354 1.0
3.37714791298 -1.0
3.38700985909 -1.0
3.40865802765 -1.0
3.41816782951 -1.0
3.43081593513 -1.0
3.43082284927 1.0
3.46401286125 -1.0
3.57653999329 -1.0
3.62239480019 1.0
3.64429688454 -1.0
3.66463184357 -1.0
3.7522649765 -1.0
3.79620599747 -1.0
3.79621696472 1.0
3.80895590782 -1.0
3.81021690369 -1.0
3.84122681618 -1.0
3.84123682976 1.0
3.87859082222 -1.0
3.88506793976 -1.0
3.90114402771 -1.0
3.9011528492 1.0
4.12747788429 -1.0
4.14923000336 -1.0
4.14933896065 1.0
4.15547299385 -1.0
4.16672086716 -1.0
4.16691589355 -1.0
4.17250800133 -1.0
4.17251491547 1.0
4.17252087593 -1.0
4.17311191559 -1.0
4.18574500084 -1.0
4.19005894661 -1.0
4.19006681442 1.0
4.19041490555 -1.0
4.19065189362 -1.0
4.19609880447 -1.0
4.2101418972 -1.0
4.21017980576 1.0
4.21867394447 -1.0
4.21904182434 -1.0
4.27994799614 -1.0
4.27996301651 1.0
4.33993983269 -1.0
4.7364089489 -1.0
4.79286003113 -1.0
4.7929918766 -1.0
4.79299592972 1.0
4.79567098618 -1.0
4.81331396103 -1.0
4.8138999939 -1.0
4.83598184586 -1.0
4.87275099754 1.0
4.89404082298 -1.0
5.20061397552 -1.0
6.34176301956 -1.0
6.34180188179 1.0
6.52100682259 -1.0
6.5985429287 -1.0
6.68487596512 -1.0
6.68489599228 1.0
7.00332283974 -1.0
7.04804587364 -1.0
7.09105587006 -1.0
7.09106588364 1.0
7.69790482521 -1.0
9.11114382744 -1.0
9.72656083107 -1.0
9.72657799721 1.0
15.0135648251 -1.0
15.0687758923 -1.0
