0.00511598587036 1.0
0.0658299922943 -1.0
0.123414039612 -1.0
0.195873022079 -1.0
0.255417108536 -1.0
0.255426168442 1.0
0.31552195549 -1.0
0.318763017654 -1.0
0.359820127487 -1.0
0.385199069977 -1.0
0.404870033264 -1.0
0.407577991486 1.0
0.46738910675 -1.0
0.475078105927 -1.0
0.523442029953 -1.0
0.541749954224 -1.0
0.561805009842 -1.0
0.561838150024 1.0
0.57757806778 -1.0
0.583253145218 -1.0
0.635447025299 -1.0
0.662672042847 -1.0
0.662744998932 1.0
0.762377023697 -1.0
0.82776594162 -1.0
0.844254016876 -1.0
0.882114171982 1.0
0.887729167938 -1.0
1.15775704384 -1.0
1.16302013397 -1.0
1.17797493935 -1.0
1.17798495293 1.0
1.20151901245 -1.0
1.20471906662 -1.0
1.20810699463 -1.0
1.20815300941 1.0
1.21377396584 -1.0
1.2144920826 -1.0
1.22485613823 -1.0
1.24865317345 -1.0
1.25245499611 -1.0
1.25247716904 1.0
1.25264406204 -1.0
1.25404715538 -1.0
1.27263116837 -1.0
1.30406808853 -1.0
1.30921411514 -1.0
1.3236579895 -1.0
1.32366609573 1.0
1.32800197601 -1.0
1.33067297935 -1.0
1.3438501358 -1.0
1.35022711754 -1.0
1.35025000572 1.0
1.36999201775 -1.0
1.42745804787 -1.0
1.48749399185 -1.0
1.48750710487 1.0
1.50753498077 -1.0
1.65495705605 -1.0
1.71607494354 -1.0
1.78319501877 -1.0
1.82213497162 1.0
1.87145614624 -1.0
1.88103508949 -1.0
1.89431214333 -1.0
1.89432501793 1.0
1.96558094025 -1.0
2.03954815865 -1.0
2.06176996231 -1.0
2.06178212166 1.0
2.07298612595 -1.0
2.07421517372 -1.0
2.08289909363 -1.0
2.08291316032 1.0
2.09582710266 -1.0
2.10365700722 -1.0
2.12568712234 -1.0
2.12569403648 1.0
2.17233014107 -1.0
2.17417216301 -1.0
2.17672395706 -1.0
2.17674303055 1.0
2.18104910851 -1.0
2.18584609032 -1.0
2.19304394722 -1.0
2.20708394051 -1.0
2.23011016846 1.0
2.29974913597 -1.0
2.30198097229 -1.0
2.31937003136 -1.0
2.31941103935 1.0
2.36020112038 -1.0
2.38226604462 -1.0
2.38228297234 1.0
2.40517115593 -1.0
2.67352199554 -1.0
2.77167916298 -1.0
2.77243900299 -1.0
2.7724480629 1.0
2.77342104912 -1.0
2.77437210083 -1.0
2.77448415756 1.0
2.77483916283 -1.0
2.79171204567 -1.0
2.79498410225 -1.0
2.87081098557 -1.0
2.87083506584 -1.0
2.8708820343 1.0
2.87335896492 -1.0
2.87343001366 -1.0
2.87538814545 -1.0
2.87546896935 1.0
2.87889504433 -1.0
2.89387106895 -1.0
2.89687800407 -1.0
2.93562102318 -1.0
2.96429014206 -1.0
2.96431207657 1.0
2.9643239975 -1.0
2.97936415672 -1.0
2.98387694359 -1.0
3.06185317039 -1.0
3.06188702583 -1.0
3.06194210052 1.0
3.06449508667 -1.0
3.08405399323 -1.0
3.08408904076 1.0
3.12512993813 -1.0
3.1836309433 -1.0
3.54791402817 -1.0
3.59326314926 -1.0
3.59327816963 1.0
3.60710096359 -1.0
3.64144802094 -1.0
3.64724612236 -1.0
3.64725995064 1.0
3.66111397743 -1.0
3.684237957 -1.0
3.7406129837 -1.0
3.74063110352 1.0
3.74529194832 -1.0
3.760379076 -1.0
3.76047301292 1.0
3.77995800972 -1.0
3.83094215393 -1.0
3.93508911133 -1.0
3.93510293961 1.0
3.95859694481 -1.0
4.13686203957 -1.0
4.17477703094 -1.0
4.19409012794 -1.0
4.19411015511 1.0
4.23262310028 -1.0
4.235476017 -1.0
4.24026799202 -1.0
4.24029612541 1.0
4.26174998283 -1.0
4.32454705238 -1.0
4.32964515686 -1.0
4.329652071 1.0
4.34418296814 -1.0
4.35902714729 -1.0
4.35998702049 -1.0
4.35999703407 1.0
4.36369299889 -1.0
4.41969799995 -1.0
4.41971516609 1.0
4.42174196243 -1.0
4.42598509789 -1.0
4.44120407104 -1.0
4.44124317169 1.0
4.45488595963 -1.0
4.45536494255 -1.0
4.46087098122 -1.0
4.46710205078 -1.0
4.46712613106 1.0
4.48044109344 -1.0
4.52630496025 -1.0
4.55315804482 -1.0
4.55447101593 -1.0
4.55449509621 1.0
4.57417607307 -1.0
4.6518509388 -1.0
4.89382505417 -1.0
4.93013501167 1.0
4.9372420311 -1.0
4.94960904121 -1.0
5.04310011864 -1.0
5.0431189537 1.0
5.05306816101 -1.0
5.06693410873 -1.0
5.08823609352 -1.0
5.08824896812 1.0
5.16677308083 -1.0
5.22979617119 -1.0
5.22981405258 1.0
5.24971604347 -1.0
6.72474098206 -1.0
6.97304916382 -1.0
7.09477710724 -1.0
7.09480500221 1.0
7.14372014999 -1.0
7.21369814873 -1.0
7.21422696114 1.0
7.26309108734 -1.0
7.30856704712 -1.0
7.79947495461 -1.0
9.45080709457 -1.0
9.45082807541 1.0
9.95230102539 -1.0
15.4655151367 -1.0
15.5567150116 -1.0
15.5567381382 1.0
