0.0340781211853 1.0
0.0804250240326 -1.0
0.170221090317 -1.0
0.193111181259 -1.0
0.244343996048 -1.0
0.247563123703 1.0
0.286641120911 -1.0
0.334061145782 -1.0
0.390444040298 -1.0
0.390781164169 1.0
0.468544006348 -1.0
0.51901102066 -1.0
0.585273981094 -1.0
0.585333108902 1.0
0.610211133957 -1.0
0.72616815567 -1.0
0.726189136505 1.0
0.747762203217 -1.0
0.807021141052 -1.0
0.814853191376 -1.0
0.838868141174 -1.0
0.845695018768 -1.0
0.857570171356 -1.0
0.857578992844 1.0
0.858489990234 -1.0
0.952035188675 -1.0
0.952973127365 1.0
1.02215313911 -1.0
1.32566308975 -1.0
1.33081102371 -1.0
1.35122919083 -1.0
1.38492918015 -1.0
1.384953022 1.0
1.40761399269 -1.0
1.44146108627 -1.0
1.44453907013 -1.0
1.44492197037 -1.0
1.44814300537 -1.0
1.44815206528 1.0
1.44822907448 -1.0
1.45246911049 -1.0
1.46389913559 -1.0
1.51342701912 -1.0
1.51356005669 1.0
1.51766610146 -1.0
1.51820397377 -1.0
1.52080202103 -1.0
1.52081012726 1.0
1.5278301239 -1.0
1.53516507149 -1.0
1.59438109398 -1.0
1.81515312195 -1.0
1.85409116745 1.0
1.90970897675 -1.0
1.91710305214 -1.0
1.93095016479 -1.0
1.93095803261 1.0
1.95231103897 -1.0
2.30053520203 -1.0
2.31210398674 -1.0
2.31212210655 1.0
2.3206319809 -1.0
2.42512917519 -1.0
2.42943716049 -1.0
2.42944717407 1.0
2.43285608292 -1.0
2.43846201897 -1.0
2.44378399849 -1.0
2.44379210472 1.0
2.44507217407 -1.0
2.44910097122 -1.0
2.48728108406 -1.0
2.4873020649 1.0
2.49513816833 -1.0
2.49654006958 -1.0
2.50718307495 -1.0
2.50719809532 1.0
2.58628702164 -1.0
2.6062951088 -1.0
2.6063041687 1.0
2.62588620186 -1.0
2.84999299049 -1.0
2.98221111298 -1.0
3.04400205612 -1.0
3.07605314255 -1.0
3.07610106468 1.0
3.09804201126 -1.0
3.10649108887 -1.0
3.11075496674 -1.0
3.11076307297 1.0
3.12451720238 -1.0
3.12795615196 -1.0
3.13547110558 -1.0
3.13547897339 -1.0
3.13550114632 1.0
3.1643280983 -1.0
3.1660220623 -1.0
3.1856880188 -1.0
3.18580698967 1.0
3.18936514854 -1.0
3.18972110748 -1.0
3.19890213013 -1.0
3.2243540287 -1.0
3.22436499596 1.0
3.22958397865 -1.0
3.23139309883 -1.0
3.23315596581 -1.0
3.24015212059 -1.0
3.25321102142 -1.0
3.27792811394 -1.0
3.27797198296 1.0
3.2781431675 -1.0
3.27833604813 -1.0
3.28317213058 -1.0
3.28319811821 1.0
3.29472303391 -1.0
3.30426216125 -1.0
3.31289696693 -1.0
3.31290698051 1.0
3.34287405014 -1.0
3.39028215408 -1.0
3.48242807388 -1.0
3.97791218758 -1.0
3.97793412209 1.0
4.09220409393 -1.0
4.09422111511 -1.0
4.09963917732 -1.0
4.09964513779 1.0
4.12109899521 -1.0
4.13814997673 -1.0
4.13827705383 1.0
4.14858818054 -1.0
4.18609905243 -1.0
4.1861550808 -1.0
4.2354490757 1.0
4.28129816055 -1.0
4.38978505135 -1.0
4.43863201141 -1.0
4.64522814751 -1.0
4.64524507523 1.0
4.69250106812 -1.0
4.70878005028 -1.0
4.73943400383 -1.0
4.73944997787 1.0
4.75767803192 -1.0
4.75900006294 -1.0
4.78822207451 -1.0
4.78823399544 1.0
4.90848898888 -1.0
4.91271901131 -1.0
4.91413712502 -1.0
4.91414499283 1.0
4.91800904274 -1.0
4.91811704636 -1.0
4.92445707321 -1.0
4.92446398735 1.0
4.93011403084 -1.0
4.95030117035 -1.0
4.98515701294 1.0
5.00577402115 -1.0
5.00612902641 -1.0
5.01885318756 -1.0
5.02406811714 -1.0
5.02408599854 1.0
5.02602100372 -1.0
5.04363918304 -1.0
5.10208106041 -1.0
5.10906219482 -1.0
5.10906815529 1.0
5.12937116623 -1.0
5.20752120018 -1.0
5.64742517471 -1.0
5.68474817276 -1.0
5.70573210716 -1.0
5.73624610901 -1.0
5.73625707626 1.0
5.75595402718 -1.0
5.81853508949 -1.0
5.83810806274 -1.0
5.83811712265 1.0
6.00630712509 -1.0
7.46949911118 -1.0
8.03644609451 -1.0
8.036465168 1.0
9.90745019913 -1.0
10.6409301758 -1.0
15.168076992 -1.0
15.1680970192 1.0
16.1658060551 -1.0
16.220072031 -1.0
