0.00370311737061 -1.0
0.003986120224 -1.0
0.00400304794312 1.0
0.0256500244141 -1.0
0.0694010257721 -1.0
0.0694131851196 1.0
0.134323120117 -1.0
0.175400018692 -1.0
0.245792150497 -1.0
0.276582956314 -1.0
0.276595115662 1.0
0.290781974792 -1.0
0.299404144287 -1.0
0.304505109787 -1.0
0.331508159637 -1.0
0.331520080566 1.0
0.39220905304 -1.0
0.462057113647 -1.0
0.531805038452 -1.0
0.532660007477 1.0
0.554496049881 -1.0
0.614092111588 -1.0
0.676124095917 -1.0
0.676195144653 1.0
0.69669508934 -1.0
0.737019062042 -1.0
0.816627979279 -1.0
0.817561149597 1.0
0.877063035965 -1.0
0.878796100616 -1.0
0.903028964996 -1.0
0.924136161804 -1.0
0.985846042633 -1.0
0.985867977142 1.0
1.04507017136 -1.0
1.07704806328 -1.0
1.17370605469 -1.0
1.17958211899 -1.0
1.18063211441 -1.0
1.18072915077 1.0
1.18172717094 -1.0
1.19946599007 -1.0
1.23350906372 -1.0
1.23353099823 1.0
1.2347099781 -1.0
1.23566007614 -1.0
1.23614406586 -1.0
1.25062704086 -1.0
1.25132417679 -1.0
1.2513320446 1.0
1.25320196152 -1.0
1.25362706184 -1.0
1.25422811508 -1.0
1.25550699234 -1.0
1.25642609596 -1.0
1.25644898415 1.0
1.25899004936 -1.0
1.27284216881 -1.0
1.3043820858 -1.0
1.31806015968 -1.0
1.31808710098 1.0
1.33926415443 -1.0
1.36626696587 -1.0
1.38923096657 -1.0
1.44502711296 -1.0
1.63358306885 -1.0
1.67403507233 1.0
1.73254299164 -1.0
1.73998904228 -1.0
1.75970816612 -1.0
1.7815990448 -1.0
1.78165912628 1.0
1.80422115326 -1.0
2.24079704285 -1.0
2.25659799576 -1.0
2.25661110878 1.0
2.26041507721 -1.0
2.29504609108 -1.0
2.29711008072 -1.0
2.29711914062 1.0
2.30500006676 -1.0
2.31514215469 -1.0
2.33982110023 -1.0
2.33983206749 1.0
2.34341907501 -1.0
2.34390211105 -1.0
2.34500217438 -1.0
2.34500908852 1.0
2.3512980938 -1.0
2.35928916931 -1.0
2.38238596916 -1.0
2.38239407539 1.0
2.38971495628 -1.0
2.40338611603 -1.0
2.40360808372 1.0
2.42316007614 -1.0
2.44290709496 -1.0
2.66378307343 -1.0
2.76169800758 -1.0
2.7617161274 1.0
2.80198097229 -1.0
2.87362599373 -1.0
2.87683296204 -1.0
2.87684297562 1.0
2.87897515297 -1.0
2.88007807732 -1.0
2.88008713722 1.0
2.88037610054 -1.0
2.89340114594 -1.0
2.89640617371 -1.0
2.89868712425 -1.0
2.9516980648 -1.0
2.95171117783 1.0
2.95389199257 -1.0
2.97157216072 -1.0
2.97161102295 1.0
2.97240209579 -1.0
2.97352910042 -1.0
2.97353816032 -1.0
2.97387599945 -1.0
2.97600317001 -1.0
2.97601008415 1.0
2.9951980114 -1.0
2.99622011185 -1.0
2.99778699875 -1.0
3.00024008751 -1.0
3.00026297569 1.0
3.02211308479 -1.0
3.0495569706 -1.0
3.06086301804 -1.0
3.06101417542 1.0
3.06114816666 -1.0
3.06304907799 -1.0
3.06377315521 -1.0
3.06585407257 -1.0
3.06586098671 1.0
3.06948113441 -1.0
3.11708903313 -1.0
3.17711901665 -1.0
3.57637214661 -1.0
3.60607004166 -1.0
3.60609316826 1.0
3.62558817863 -1.0
3.64629101753 -1.0
3.65283417702 -1.0
3.67300200462 -1.0
3.71005511284 1.0
3.75367903709 -1.0
3.81311106682 -1.0
3.81312704086 1.0
3.83347296715 -1.0
3.92983698845 -1.0
3.95000004768 -1.0
4.16636109352 -1.0
4.16952013969 -1.0
4.16955113411 1.0
4.18977713585 -1.0
4.22318506241 -1.0
4.24361395836 -1.0
4.31023216248 -1.0
4.31025695801 1.0
4.31214213371 -1.0
4.3312690258 -1.0
4.368445158 -1.0
4.3684630394 1.0
4.376527071 -1.0
4.38080501556 -1.0
4.3898370266 -1.0
4.38984417915 1.0
4.40108013153 -1.0
4.41373300552 -1.0
4.42106509209 -1.0
4.42107200623 1.0
4.43326306343 -1.0
4.45084810257 -1.0
4.45087599754 1.0
4.45287299156 -1.0
4.45288014412 -1.0
4.45629811287 -1.0
4.46179914474 -1.0
4.47713112831 -1.0
4.50131106377 1.0
4.56522202492 -1.0
4.83878612518 -1.0
4.87588095665 -1.0
4.89590215683 -1.0
4.9178609848 -1.0
4.92616295815 -1.0
4.93246006966 -1.0
4.93248295784 1.0
4.93271517754 -1.0
4.95221400261 -1.0
5.04189109802 -1.0
5.04192304611 1.0
5.06278395653 -1.0
6.00673413277 -1.0
6.0067460537 1.0
6.00675201416 -1.0
6.02637410164 -1.0
7.29941701889 -1.0
7.84432601929 -1.0
9.37049603462 -1.0
9.3705201149 1.0
9.85857415199 -1.0
15.5792050362 -1.0
15.610296011 -1.0
15.6103081703 1.0
15.6405110359 -1.0
15.743366003 -1.0
15.919907093 1.0
15.9919731617 -1.0
