0.016674041748 1.0
0.0357210636139 -1.0
0.0374000072479 -1.0
0.0553050041199 -1.0
0.257495164871 -1.0
0.257504224777 1.0
0.283815145493 -1.0
0.306680202484 -1.0
0.366942167282 -1.0
0.400063037872 -1.0
0.459206104279 -1.0
0.461334228516 -1.0
0.461356163025 1.0
0.489942073822 -1.0
0.551096200943 -1.0
0.55177116394 1.0
0.583101034164 -1.0
0.655616044998 -1.0
0.697306156158 -1.0
0.728038072586 -1.0
0.751702070236 1.0
0.819019079208 -1.0
0.846840143204 -1.0
0.852290153503 -1.0
0.852454185486 -1.0
0.852469205856 1.0
0.875028133392 -1.0
0.950332164764 -1.0
0.973953008652 -1.0
0.974132061005 1.0
1.00183701515 -1.0
1.07437801361 -1.0
1.10829019547 -1.0
1.10860514641 1.0
1.14025306702 -1.0
1.1549270153 -1.0
1.19167113304 -1.0
1.19540810585 -1.0
1.19543504715 1.0
1.19780921936 -1.0
1.20741415024 -1.0
1.20768213272 -1.0
1.20851302147 -1.0
1.20853805542 1.0
1.21725916862 -1.0
1.22623610497 -1.0
1.23066306114 -1.0
1.23439908028 -1.0
1.23441505432 1.0
1.29533815384 -1.0
1.30583810806 -1.0
1.30746912956 -1.0
1.32002615929 -1.0
1.32012200356 1.0
1.33703923225 -1.0
1.34117722511 -1.0
1.34992313385 -1.0
1.37067723274 -1.0
1.41045022011 1.0
1.43803811073 -1.0
1.50721812248 -1.0
1.5072350502 1.0
1.5611011982 -1.0
1.63181400299 -1.0
1.66743922234 -1.0
1.69911718369 -1.0
1.6991250515 1.0
1.73534703255 -1.0
1.80278110504 -1.0
1.80764913559 -1.0
1.80772805214 1.0
1.83878111839 -1.0
1.83920907974 -1.0
1.83936405182 -1.0
1.83974814415 -1.0
1.8411090374 -1.0
1.84111809731 1.0
1.84143710136 -1.0
1.85652112961 -1.0
1.87354421616 -1.0
1.91046619415 1.0
1.91585016251 -1.0
1.95066022873 -1.0
1.95950818062 -1.0
1.95954012871 1.0
1.97448205948 -1.0
1.98357915878 -1.0
1.9981200695 -1.0
2.04918122292 -1.0
2.04921317101 1.0
2.07086014748 -1.0
2.11366009712 -1.0
2.1350030899 -1.0
2.17132806778 -1.0
2.17845416069 1.0
2.20115423203 -1.0
2.21518206596 -1.0
2.22336220741 -1.0
2.22338819504 1.0
2.25605511665 -1.0
2.31598711014 -1.0
2.31599521637 1.0
2.37624812126 -1.0
2.56560111046 -1.0
2.64190506935 -1.0
2.6872241497 -1.0
2.68723201752 1.0
2.75224018097 -1.0
2.77477312088 -1.0
2.7970161438 -1.0
2.79702401161 1.0
2.79959201813 -1.0
2.82062506676 -1.0
2.84119319916 -1.0
2.84120512009 1.0
2.84387111664 -1.0
2.84388613701 -1.0
2.84397101402 -1.0
2.84397506714 1.0
2.8491601944 -1.0
2.86755609512 -1.0
2.86827421188 1.0
2.88757205009 -1.0
2.88814616203 -1.0
2.88875508308 -1.0
2.9083340168 -1.0
2.90875411034 -1.0
2.92516708374 -1.0
2.92518806458 1.0
2.92555618286 -1.0
2.92579603195 -1.0
2.9312942028 -1.0
2.93253517151 -1.0
2.93254113197 1.0
2.94800209999 -1.0
2.94848203659 -1.0
2.94859409332 1.0
2.97998905182 -1.0
2.98000812531 -1.0
2.99962902069 -1.0
3.0176551342 -1.0
3.01768302917 1.0
3.01790213585 -1.0
3.02236604691 -1.0
3.02389407158 -1.0
3.02936315536 -1.0
3.02937102318 1.0
3.03866100311 -1.0
3.12758612633 -1.0
3.18733906746 -1.0
3.55614519119 -1.0
3.57880520821 -1.0
3.5788462162 1.0
3.59935808182 -1.0
3.61946415901 -1.0
3.63303303719 -1.0
3.63822102547 -1.0
3.65240311623 -1.0
3.65241217613 1.0
3.65808701515 -1.0
3.76707410812 -1.0
3.77273011208 -1.0
3.77274608612 1.0
3.79482221603 -1.0
3.83140802383 -1.0
3.83141708374 1.0
3.85338521004 -1.0
3.9751560688 -1.0
3.9950261116 -1.0
3.99861311913 -1.0
4.05033707619 -1.0
4.0503590107 1.0
4.05818009377 -1.0
4.09546422958 -1.0
4.10541200638 -1.0
4.10542106628 1.0
4.11700201035 -1.0
4.18174099922 -1.0
4.18726015091 -1.0
4.20150899887 -1.0
4.20153617859 1.0
4.24288415909 -1.0
4.24905514717 -1.0
4.25536417961 -1.0
4.25538921356 1.0
4.26275110245 -1.0
4.28367400169 -1.0
4.30335116386 -1.0
4.34242200851 1.0
4.34568715096 -1.0
4.34582519531 -1.0
4.34637403488 -1.0
4.34684610367 -1.0
4.34686923027 1.0
4.36526608467 -1.0
4.42633104324 -1.0
4.42733812332 -1.0
4.44695806503 -1.0
4.44701313972 1.0
4.4704580307 -1.0
4.49392199516 -1.0
4.49395418167 1.0
4.51487207413 -1.0
4.57515406609 -1.0
4.63579511642 -1.0
4.64857721329 -1.0
4.6715722084 -1.0
4.67160201073 1.0
4.69154906273 -1.0
4.75118613243 -1.0
4.89318418503 -1.0
4.93557810783 -1.0
4.93563222885 1.0
4.95389819145 -1.0
4.98013401031 -1.0
4.98652219772 -1.0
4.98654723167 1.0
5.00113916397 -1.0
5.02626919746 -1.0
5.070977211 -1.0
5.11045908928 1.0
5.13081121445 -1.0
5.19003915787 -1.0
5.1961991787 1.0
5.21562409401 -1.0
5.21594309807 -1.0
5.23534011841 -1.0
5.2472910881 -1.0
5.29487919807 -1.0
5.29490423203 1.0
5.29627609253 -1.0
5.30717110634 -1.0
5.49961018562 -1.0
6.69625401497 -1.0
6.69628000259 1.0
6.8616271019 -1.0
6.94066500664 -1.0
7.1968832016 1.0
7.21993923187 -1.0
7.21995306015 1.0
7.27940106392 -1.0
7.6605861187 -1.0
9.21790003777 -1.0
9.21791219711 1.0
9.240016222 -1.0
9.28524804115 -1.0
9.8895201683 -1.0
17.0523271561 -1.0
17.0523450375 1.0
17.1060111523 -1.0
17.1615011692 -1.0
17.1835391521 -1.0
17.1835460663 1.0
