0.0497620105743 -1.0
0.0497708320618 1.0
0.0841200351715 -1.0
0.111340999603 -1.0
0.179103851318 -1.0
0.179113864899 1.0
0.197304964066 -1.0
0.237934827805 -1.0
0.259459972382 -1.0
0.259485006332 1.0
0.268244028091 -1.0
0.279690980911 -1.0
0.337936878204 -1.0
0.422610998154 -1.0
0.422912836075 1.0
0.482028961182 -1.0
0.581950902939 -1.0
0.651178836823 -1.0
0.690603971481 1.0
0.842792987823 -1.0
0.90208697319 -1.0
0.910796880722 -1.0
0.922231912613 -1.0
0.958606004715 1.0
1.29979491234 -1.0
1.30921983719 -1.0
1.31968283653 -1.0
1.31969285011 1.0
1.33701300621 -1.0
1.33979701996 -1.0
1.34277892113 -1.0
1.34280204773 1.0
1.35846996307 -1.0
1.3627538681 -1.0
1.41793394089 -1.0
1.42396783829 -1.0
1.42397689819 1.0
1.42493391037 -1.0
1.42586684227 -1.0
1.44692397118 -1.0
1.44693088531 1.0
1.45009088516 -1.0
1.45291900635 -1.0
1.45309996605 -1.0
1.45310902596 1.0
1.47022104263 -1.0
1.47022891045 -1.0
1.51278591156 -1.0
1.51582789421 -1.0
1.52177286148 -1.0
1.52179789543 1.0
1.53731894493 -1.0
1.59813189507 -1.0
1.6585419178 -1.0
1.65855288506 1.0
1.67924690247 -1.0
1.80760002136 -1.0
1.84636092186 -1.0
1.9027068615 -1.0
2.0309548378 -1.0
2.03607702255 -1.0
2.03610396385 1.0
2.04092288017 -1.0
2.06067705154 -1.0
2.12878584862 -1.0
2.18775391579 -1.0
2.1877758503 1.0
2.22390294075 -1.0
2.42929005623 -1.0
2.4361948967 -1.0
2.43620491028 1.0
2.45072889328 -1.0
2.45327496529 -1.0
2.45371794701 -1.0
2.45372390747 1.0
2.45433092117 -1.0
2.45453500748 -1.0
2.45662999153 -1.0
2.45663690567 1.0
2.45753884315 -1.0
2.47282290459 -1.0
2.5029258728 -1.0
2.50295901299 1.0
2.50349593163 -1.0
2.50650787354 -1.0
2.50835800171 -1.0
2.51272988319 -1.0
2.52405905724 -1.0
2.52407884598 1.0
2.58285784721 -1.0
2.60328698158 -1.0
2.87318587303 -1.0
2.91061091423 1.0
2.95778799057 -1.0
2.97896003723 -1.0
3.04897689819 -1.0
3.0489859581 1.0
3.06486701965 -1.0
3.07049703598 -1.0
3.07059693336 1.0
3.09229683876 -1.0
3.16977286339 -1.0
3.17040491104 -1.0
3.17222094536 -1.0
3.17232084274 1.0
3.17486691475 -1.0
3.19061803818 -1.0
3.1926510334 -1.0
3.2522289753 -1.0
3.25224399567 1.0
3.2644238472 -1.0
3.26493287086 -1.0
3.2660639286 -1.0
3.26607084274 1.0
3.26653289795 -1.0
3.26722502708 -1.0
3.28490591049 -1.0
3.28507590294 1.0
3.34209299088 -1.0
3.35499000549 -1.0
3.35782790184 -1.0
3.35882401466 -1.0
3.3591439724 -1.0
3.35990095139 -1.0
3.35990905762 1.0
3.36077284813 -1.0
3.38244199753 -1.0
3.38393092155 -1.0
3.38395690918 1.0
3.42039990425 -1.0
3.42397999763 -1.0
3.44279003143 -1.0
3.48258686066 1.0
3.55117082596 -1.0
4.08419084549 -1.0
4.10590386391 -1.0
4.10591292381 1.0
4.10662603378 -1.0
4.12560582161 -1.0
4.15831184387 -1.0
4.15831899643 1.0
4.16193294525 -1.0
4.16970801353 -1.0
4.17802286148 -1.0
4.17802882195 1.0
4.24548792839 -1.0
4.35066199303 -1.0
4.3506758213 1.0
4.37097597122 -1.0
4.49828290939 -1.0
4.52973985672 -1.0
4.53226184845 -1.0
4.53227305412 1.0
4.55060696602 -1.0
4.59104895592 -1.0
4.60262393951 -1.0
4.60263395309 1.0
4.61284995079 -1.0
4.63621997833 -1.0
4.64749789238 -1.0
4.68661499023 1.0
4.69996500015 -1.0
4.71017193794 -1.0
4.8005759716 -1.0
4.80059504509 1.0
4.82492995262 -1.0
4.82839202881 -1.0
4.83810687065 -1.0
4.83811593056 1.0
4.83999300003 -1.0
4.84062385559 -1.0
4.84660196304 -1.0
4.84662795067 1.0
4.89830899239 -1.0
4.89885687828 -1.0
4.90017485619 -1.0
4.90282988548 -1.0
4.90283584595 1.0
4.90495586395 -1.0
4.91162586212 -1.0
4.92021584511 -1.0
4.95860600471 1.0
4.96344304085 -1.0
4.98511099815 -1.0
4.99064588547 -1.0
5.00482201576 -1.0
5.02497291565 1.0
5.04730701447 -1.0
5.22323393822 -1.0
5.42636704445 -1.0
5.45693302155 -1.0
5.48080396652 -1.0
5.50816702843 -1.0
5.50817704201 1.0
5.52882599831 -1.0
5.58923387527 -1.0
6.77775287628 -1.0
6.77778482437 1.0
6.97699403763 -1.0
7.06511187553 -1.0
7.15926384926 -1.0
7.15928292274 1.0
7.20185899734 -1.0
7.21955394745 -1.0
7.24704384804 -1.0
7.24705195427 1.0
7.96376299858 -1.0
9.81900286674 -1.0
10.463737011 -1.0
10.4637579918 1.0
14.2068998814 -1.0
14.7374949455 -1.0
