0.00135397911072 -1.0
0.00137400627136 1.0
0.0249679088593 -1.0
0.0893368721008 -1.0
0.111853837967 -1.0
0.135987997055 -1.0
0.19886302948 -1.0
0.198879957199 -1.0
0.198935985565 1.0
0.198957920074 -1.0
0.260589838028 -1.0
0.260623931885 1.0
0.27036190033 -1.0
0.29475402832 -1.0
0.348717927933 -1.0
0.360131025314 -1.0
0.360138893127 1.0
0.380265951157 -1.0
0.412407875061 -1.0
0.412557840347 -1.0
0.432271957397 -1.0
0.433001041412 -1.0
0.452142000198 -1.0
0.452149868011 1.0
0.533180952072 -1.0
0.659754991531 -1.0
0.928349971771 -1.0
0.928369998932 1.0
1.00165891647 -1.0
1.38908600807 -1.0
1.40239191055 -1.0
1.402602911 -1.0
1.40344285965 -1.0
1.40345191956 1.0
1.40362691879 -1.0
1.42102885246 -1.0
1.42109584808 -1.0
1.42112398148 1.0
1.4211499691 -1.0
1.42235589027 -1.0
1.43705606461 -1.0
1.45810985565 -1.0
1.45964694023 -1.0
1.48025989532 -1.0
1.48029994965 1.0
1.48100090027 -1.0
1.4811398983 -1.0
1.48159599304 -1.0
1.48174905777 -1.0
1.48651695251 -1.0
1.48652291298 1.0
1.49616003036 -1.0
1.49685406685 -1.0
1.50165605545 -1.0
1.50170302391 -1.0
1.53953886032 1.0
1.55763506889 -1.0
1.55904984474 -1.0
1.56669998169 -1.0
1.56673002243 -1.0
1.57973694801 -1.0
1.57974505424 1.0
1.63797593117 -1.0
1.81666994095 -1.0
1.9234290123 -1.0
1.93051290512 -1.0
1.9305460453 1.0
1.93056702614 -1.0
1.95037794113 -1.0
1.99044394493 -1.0
2.26958584785 -1.0
2.26960992813 1.0
2.27906084061 -1.0
2.27909398079 -1.0
2.28938603401 -1.0
2.28939604759 1.0
2.3325150013 -1.0
2.33969306946 -1.0
2.3397090435 -1.0
2.33971190453 1.0
2.34449100494 -1.0
2.34451985359 -1.0
2.34461593628 -1.0
2.34462189674 1.0
2.35342097282 -1.0
2.39201188087 -1.0
2.39449906349 -1.0
2.39450597763 1.0
2.39462995529 -1.0
2.3958530426 -1.0
2.39607000351 -1.0
2.39607691765 1.0
2.39640784264 -1.0
2.39657402039 -1.0
2.39883303642 -1.0
2.41161894798 -1.0
2.41164398193 1.0
2.45518398285 -1.0
2.47539997101 -1.0
2.47542095184 1.0
2.49508500099 -1.0
2.73056292534 -1.0
2.92465686798 -1.0
2.93785595894 -1.0
2.93786501884 1.0
2.93974685669 -1.0
2.94105792046 -1.0
2.94106698036 1.0
2.94514083862 -1.0
2.94581484795 -1.0
2.94711995125 -1.0
2.96218395233 -1.0
2.96219301224 1.0
2.9621989727 -1.0
2.96589803696 -1.0
2.96896791458 -1.0
2.98620295525 -1.0
3.00408601761 -1.0
3.00409603119 1.0
3.00817084312 -1.0
3.02949690819 -1.0
3.04026603699 -1.0
3.04031205177 1.0
3.04069900513 -1.0
3.04087495804 -1.0
3.04097390175 -1.0
3.0413620472 -1.0
3.04136991501 1.0
3.04215598106 -1.0
3.04509496689 -1.0
3.0557539463 -1.0
3.06073689461 -1.0
3.08151102066 -1.0
3.08152794838 1.0
3.08436203003 -1.0
3.10903787613 -1.0
3.11216807365 -1.0
3.11486291885 -1.0
3.11488199234 1.0
3.12671685219 -1.0
3.1335849762 -1.0
3.13778185844 -1.0
3.15842986107 -1.0
3.15857696533 1.0
3.22177791595 -1.0
3.28595304489 -1.0
3.688560009 -1.0
3.70841097832 -1.0
3.73259806633 -1.0
3.77152395248 1.0
3.79498100281 -1.0
3.79600405693 -1.0
3.81673192978 -1.0
3.81674194336 1.0
3.88402605057 -1.0
3.8885409832 -1.0
3.90627098083 -1.0
3.90627884865 -1.0
3.9063129425 1.0
3.98047304153 -1.0
4.08267498016 -1.0
4.08269095421 1.0
4.10262084007 -1.0
4.26441502571 -1.0
4.31431007385 -1.0
4.32610607147 -1.0
4.32612586021 1.0
4.39352297783 -1.0
4.39787507057 -1.0
4.40180706978 -1.0
4.40181398392 1.0
4.41644406319 -1.0
4.57725405693 -1.0
4.59428501129 -1.0
4.59429502487 1.0
4.59827399254 -1.0
4.60909104347 -1.0
4.60976195335 -1.0
4.60976886749 1.0
4.61173701286 -1.0
4.61629891396 -1.0
4.6192240715 -1.0
4.61923098564 1.0
4.61959195137 -1.0
4.64028692245 -1.0
4.65454697609 -1.0
4.65852499008 -1.0
4.65855097771 1.0
4.65881204605 -1.0
4.66183996201 -1.0
4.66593790054 -1.0
4.67846393585 -1.0
4.69685506821 1.0
4.75387597084 -1.0
4.96257400513 -1.0
4.96258497238 1.0
4.96283793449 -1.0
4.9853310585 -1.0
5.02048587799 -1.0
5.07022190094 -1.0
5.08185505867 -1.0
5.08186292648 1.0
5.11406087875 -1.0
5.12181687355 -1.0
5.14166498184 -1.0
5.17954993248 1.0
5.2005469799 -1.0
5.22444295883 -1.0
7.33413887024 -1.0
7.33416986465 1.0
7.87182784081 -1.0
9.57639193535 -1.0
10.0450749397 -1.0
10.0450940132 1.0
14.7048318386 -1.0
14.7696709633 -1.0
