0.0176739692688 -1.0
0.0298690795898 -1.0
0.0299201011658 1.0
0.0769779682159 -1.0
0.136934041977 -1.0
0.157386064529 -1.0
0.159008979797 -1.0
0.197330951691 1.0
0.253530979156 -1.0
0.284124135971 -1.0
0.28414106369 1.0
0.320673942566 -1.0
0.378108978271 -1.0
0.534893989563 1.0
0.592868089676 -1.0
0.616605997086 -1.0
0.694631099701 -1.0
0.851246118546 -1.0
0.851269006729 1.0
0.908946037292 -1.0
0.928572177887 -1.0
0.957165956497 -1.0
0.993337154388 1.0
1.27137804031 -1.0
1.30457210541 -1.0
1.30511403084 -1.0
1.30512309074 1.0
1.31680202484 -1.0
1.32205295563 -1.0
1.32504200935 -1.0
1.32505106926 1.0
1.34774804115 -1.0
1.37703704834 -1.0
1.38061404228 -1.0
1.38063716888 1.0
1.38565397263 -1.0
1.38579511642 -1.0
1.38681316376 -1.0
1.39787507057 -1.0
1.40213012695 -1.0
1.43113994598 -1.0
1.43114805222 1.0
1.4385330677 -1.0
1.45085215569 -1.0
1.48531198502 -1.0
1.48532915115 1.0
1.50652313232 -1.0
1.56895208359 -1.0
1.62896800041 -1.0
1.62898111343 1.0
1.64862704277 -1.0
1.81691408157 -1.0
1.86732816696 -1.0
1.90535211563 1.0
1.94738912582 -1.0
1.96826195717 -1.0
1.96903014183 -1.0
1.9690451622 1.0
1.98798704147 -1.0
2.07960605621 -1.0
2.11798596382 -1.0
2.11799812317 1.0
2.2268140316 -1.0
2.31537413597 -1.0
2.35402607918 -1.0
2.35403394699 1.0
2.45350503922 -1.0
2.80363416672 -1.0
2.82615017891 -1.0
2.82615709305 1.0
2.88176012039 -1.0
2.92066812515 -1.0
2.9217209816 -1.0
2.92172813416 1.0
2.93605494499 -1.0
2.93667912483 -1.0
2.94021105766 -1.0
2.9402179718 1.0
2.9615790844 -1.0
3.03355002403 -1.0
3.03872203827 -1.0
3.0387301445 1.0
3.050770998 -1.0
3.05153298378 -1.0
3.05322599411 -1.0
3.07107210159 -1.0
3.0710811615 1.0
3.09144616127 -1.0
3.149091959 -1.0
3.16951608658 -1.0
3.49290013313 -1.0
3.52934908867 1.0
3.54093909264 -1.0
3.54281997681 -1.0
3.54300498962 -1.0
3.54301095009 1.0
3.5491771698 -1.0
3.56902003288 -1.0
3.58475208282 -1.0
3.59805107117 -1.0
3.59808897972 1.0
3.61994695663 -1.0
3.64152312279 -1.0
3.64919805527 -1.0
3.65028500557 -1.0
3.65141916275 -1.0
3.65142703056 1.0
3.65175008774 -1.0
3.66173601151 -1.0
3.66938209534 -1.0
3.66941595078 1.0
3.67269301414 -1.0
3.68913316727 -1.0
3.72509694099 -1.0
3.72531294823 1.0
3.79149913788 -1.0
3.79415607452 -1.0
3.79418206215 1.0
3.79460000992 -1.0
3.79501914978 -1.0
3.79687309265 -1.0
3.81454110146 -1.0
3.81457996368 1.0
3.81562709808 -1.0
3.81594896317 -1.0
3.87456417084 -1.0
3.87457513809 1.0
3.93365597725 -1.0
4.43232297897 -1.0
4.47205209732 -1.0
4.4892771244 -1.0
4.48929715157 1.0
4.52280807495 -1.0
4.52856016159 -1.0
4.53578400612 -1.0
4.53578996658 1.0
4.54413199425 -1.0
4.61228704453 -1.0
4.69909906387 1.0
4.72195100784 -1.0
4.74590396881 -1.0
4.86153411865 -1.0
4.95089197159 1.0
4.97128415108 -1.0
4.97130203247 -1.0
4.9912750721 -1.0
4.99236512184 -1.0
4.99237203598 1.0
4.99389910698 -1.0
5.00560617447 -1.0
5.00790405273 -1.0
5.00791215897 1.0
5.01296114922 -1.0
5.06537699699 -1.0
5.07022714615 -1.0
5.07023715973 1.0
5.07162213326 -1.0
5.0899939537 -1.0
5.25149297714 -1.0
5.25151395798 1.0
5.25294804573 -1.0
5.26881694794 -1.0
5.26893115044 1.0
5.27110314369 -1.0
5.27410006523 -1.0
5.27483010292 -1.0
5.28892397881 -1.0
5.28893303871 1.0
5.29549002647 -1.0
5.33470201492 -1.0
5.33515906334 -1.0
5.34321713448 -1.0
5.34324097633 1.0
5.3445379734 -1.0
5.35309910774 -1.0
5.37375307083 1.0
5.43360900879 -1.0
5.9563190937 -1.0
5.99532413483 -1.0
6.01343917847 -1.0
6.01344704628 1.0
6.0425131321 -1.0
6.04736304283 -1.0
6.06343507767 -1.0
6.06344413757 1.0
6.14441204071 -1.0
6.18700194359 -1.0
6.845744133 -1.0
6.8457660675 1.0
7.02188205719 -1.0
7.07180213928 -1.0
7.15780115128 -1.0
7.15781903267 1.0
7.31501817703 -1.0
7.38628196716 -1.0
8.52462410927 -1.0
8.52464103699 1.0
10.3117010593 -1.0
10.9495470524 -1.0
15.2188611031 -1.0
15.2188940048 1.0
15.238984108 -1.0
18.6269340515 -1.0
