0.0126299858093 -1.0
0.012640953064 1.0
0.0807590484619 -1.0
0.0977380275726 -1.0
0.140424966812 -1.0
0.140434026718 1.0
0.200757980347 -1.0
0.240025043488 -1.0
0.264245986938 -1.0
0.267549991608 1.0
0.28782916069 -1.0
0.344779014587 -1.0
0.352503061295 -1.0
0.40074801445 -1.0
0.40078997612 1.0
0.414194107056 -1.0
0.421071052551 -1.0
0.43205499649 -1.0
0.453632116318 -1.0
0.490342140198 1.0
0.602159023285 -1.0
0.81233215332 -1.0
0.984337091446 -1.0
1.02634310722 1.0
1.12541913986 -1.0
1.18855404854 -1.0
1.709400177 -1.0
1.774050951 -1.0
1.77406716347 1.0
1.84876704216 -1.0
1.85224604607 -1.0
1.85227012634 1.0
1.8553071022 -1.0
1.87010812759 -1.0
1.87096095085 -1.0
1.89092302322 -1.0
1.97703814507 -1.0
1.98513817787 -1.0
1.9851629734 1.0
1.98817110062 -1.0
1.99147295952 -1.0
2.00536298752 -1.0
2.11026716232 -1.0
2.11028504372 1.0
2.12488007545 -1.0
2.12719106674 -1.0
2.12719917297 1.0
2.13048315048 -1.0
2.14577507973 -1.0
2.16642308235 -1.0
2.24218797684 -1.0
2.2832710743 -1.0
2.29975008965 -1.0
2.29977416992 1.0
2.50109505653 -1.0
2.52171707153 -1.0
2.64638614655 -1.0
2.64643716812 1.0
2.66805195808 -1.0
3.00005507469 -1.0
3.01462101936 -1.0
3.01463198662 1.0
3.01521110535 -1.0
3.01998901367 -1.0
3.13347005844 -1.0
3.13348913193 1.0
3.13356614113 -1.0
3.13959097862 -1.0
3.14698815346 -1.0
3.14699816704 1.0
3.15322399139 -1.0
3.26619315147 -1.0
3.27871799469 -1.0
3.27873897552 1.0
3.28065514565 -1.0
3.29130315781 -1.0
3.29150700569 1.0
3.3133161068 -1.0
3.33436012268 -1.0
3.65860509872 -1.0
3.83360099792 -1.0
3.83362317085 1.0
3.85683608055 -1.0
3.90325713158 -1.0
3.92334103584 -1.0
3.92334794998 1.0
3.94293212891 -1.0
3.9449570179 -1.0
3.9450609684 1.0
3.94575715065 -1.0
3.96644115448 -1.0
3.98791098595 -1.0
4.04090213776 -1.0
4.06226015091 -1.0
4.08133912086 -1.0
4.08136916161 1.0
4.10170817375 -1.0
4.1763651371 -1.0
4.19621014595 -1.0
4.19622206688 1.0
4.21443510056 -1.0
4.21496009827 -1.0
4.21508908272 1.0
4.21579909325 -1.0
4.23374009132 -1.0
4.23548412323 -1.0
4.25431418419 -1.0
4.31364607811 -1.0
4.31534814835 -1.0
4.31537508965 1.0
4.335709095 -1.0
4.3495631218 -1.0
4.35066318512 -1.0
4.35068416595 1.0
4.3581161499 -1.0
4.42419910431 -1.0
4.44420409203 -1.0
4.44424414635 1.0
4.46799898148 -1.0
4.4841530323 -1.0
4.48606705666 -1.0
4.4861831665 1.0
4.50386500359 -1.0
4.52382898331 -1.0
4.54351902008 -1.0
4.60074996948 -1.0
4.62075209618 -1.0
4.62078118324 -1.0
4.6208319664 1.0
4.64294505119 -1.0
4.70824313164 -1.0
4.98009395599 1.0
5.00008916855 -1.0
5.00010895729 1.0
5.00052595139 -1.0
5.0005979538 -1.0
5.02007102966 -1.0
5.192923069 -1.0
5.19742918015 -1.0
5.21625900269 -1.0
5.21627211571 1.0
5.21661496162 -1.0
5.23793315887 -1.0
5.23808097839 1.0
5.25771808624 -1.0
5.32771396637 -1.0
5.39688301086 -1.0
5.48976397514 1.0
5.50927305222 -1.0
5.52880716324 -1.0
5.81893610954 -1.0
5.83313202858 -1.0
5.85303616524 -1.0
5.85666012764 -1.0
5.85667109489 1.0
5.87685894966 -1.0
5.95406913757 -1.0
6.20530414581 -1.0
6.20532202721 1.0
6.22205495834 -1.0
6.22687196732 -1.0
6.23612308502 -1.0
6.23612999916 1.0
6.24196100235 -1.0
6.24646711349 -1.0
6.35410499573 -1.0
6.35412406921 1.0
6.35997700691 -1.0
6.36162614822 -1.0
6.37941908836 -1.0
6.37956500053 -1.0
6.41834616661 1.0
6.41943311691 -1.0
6.43949699402 -1.0
6.43962311745 1.0
6.46270298958 -1.0
6.49262905121 -1.0
6.57289004326 -1.0
7.21278715134 -1.0
7.23716306686 -1.0
7.23719096184 1.0
7.25769901276 -1.0
7.3467040062 -1.0
7.35121011734 -1.0
7.35121703148 1.0
7.36626005173 -1.0
8.02236104012 -1.0
8.87261104584 -1.0
8.87263202667 1.0
11.1766190529 -1.0
12.2218739986 -1.0
15.2076539993 -1.0
15.2076931 1.0
