0.0177390575409 -1.0
0.0353109836578 -1.0
0.0465731620789 -1.0
0.0465970039368 1.0
0.0660800933838 -1.0
0.103806972504 -1.0
0.10381102562 1.0
0.135203123093 -1.0
0.308470964432 -1.0
0.308489084244 1.0
0.37186217308 -1.0
0.607859134674 -1.0
0.612637996674 1.0
0.632395029068 -1.0
0.655344963074 -1.0
0.71191906929 -1.0
0.737591028214 -1.0
0.757791042328 -1.0
0.83615899086 -1.0
0.875734090805 1.0
0.936995029449 -1.0
0.956961154938 -1.0
0.957127094269 1.0
0.976684093475 -1.0
0.996559143066 -1.0
1.16150617599 -1.0
1.23533415794 -1.0
1.23535203934 1.0
1.25486207008 -1.0
1.27451610565 -1.0
1.55990409851 -1.0
1.5599219799 1.0
1.61983203888 -1.0
2.43243002892 -1.0
2.53368401527 -1.0
2.53370308876 1.0
2.53586506844 -1.0
2.55417299271 -1.0
2.55532717705 1.0
2.5561401844 -1.0
2.57392811775 -1.0
2.57488203049 -1.0
2.57489013672 1.0
2.59356999397 -1.0
2.59433197975 -1.0
2.64449715614 -1.0
2.65026307106 -1.0
2.66413807869 -1.0
2.6641471386 1.0
2.68396496773 -1.0
2.70351314545 -1.0
2.73439097404 -1.0
2.73441910744 1.0
2.75344014168 -1.0
2.75405502319 -1.0
3.25654101372 -1.0
3.36651110649 -1.0
3.36652898788 1.0
3.53467917442 -1.0
3.56019210815 -1.0
3.6448071003 -1.0
3.64482712746 1.0
3.65207505226 -1.0
3.66444015503 -1.0
3.6720969677 -1.0
3.67210507393 1.0
3.68424606323 -1.0
3.69183516502 -1.0
3.70378804207 -1.0
3.7037961483 1.0
3.72112703323 -1.0
3.72327017784 -1.0
3.7443959713 -1.0
3.74440407753 1.0
3.83492302895 -1.0
3.8550131321 -1.0
3.89174318314 1.0
3.89194297791 -1.0
3.93502116203 -1.0
4.13500714302 -1.0
4.13533306122 1.0
4.15621805191 -1.0
4.17583703995 -1.0
4.66349101067 -1.0
4.8443031311 -1.0
4.84432506561 1.0
4.93897509575 -1.0
4.94020199776 -1.0
4.95413208008 -1.0
4.95413899422 1.0
4.9589240551 -1.0
4.96032118797 -1.0
4.97418618202 -1.0
5.03445100784 -1.0
5.03585100174 -1.0
5.03587317467 1.0
5.05089497566 -1.0
5.05625104904 -1.0
5.05731916428 -1.0
5.05733108521 1.0
5.07620000839 -1.0
5.1160941124 -1.0
5.23567914963 -1.0
5.23570418358 -1.0
5.23586297035 1.0
5.25636196136 -1.0
5.2764480114 -1.0
5.33433008194 -1.0
5.33434295654 1.0
5.33435201645 -1.0
5.35532307625 -1.0
5.3553481102 1.0
5.35569500923 -1.0
5.37502217293 -1.0
5.43407011032 -1.0
5.4340929985 1.0
5.43410897255 -1.0
5.45466899872 -1.0
5.56828117371 -1.0
5.56830096245 1.0
5.78822612762 -1.0
5.87625312805 -1.0
6.03778409958 1.0
6.05825901031 -1.0
6.05827498436 -1.0
6.07795906067 -1.0
6.43285298347 -1.0
6.47173905373 1.0
6.53387117386 -1.0
6.54125905037 -1.0
6.55349397659 -1.0
6.55350112915 1.0
6.57343101501 -1.0
6.65417718887 -1.0
6.70171403885 1.0
6.72140812874 -1.0
6.82803702354 -1.0
6.849640131 -1.0
7.3369820118 -1.0
7.37573599815 1.0
7.43614602089 -1.0
7.44829297066 -1.0
7.45695018768 -1.0
7.45695900917 1.0
7.55719804764 -1.0
8.13640713692 -1.0
8.15644311905 -1.0
8.15645909309 1.0
8.15646600723 -1.0
8.17613506317 -1.0
8.17615008354 -1.0
8.21574616432 1.0
8.2381901741 -1.0
8.24638795853 -1.0
8.25802898407 -1.0
8.2580370903 1.0
8.27784013748 -1.0
8.34070205688 -1.0
8.34072208405 -1.0
8.43616318703 -1.0
8.43618297577 1.0
8.45620107651 -1.0
8.47571897507 -1.0
8.49526906013 -1.0
8.49528002739 1.0
8.54217004776 -1.0
8.73425102234 -1.0
9.13555908203 -1.0
9.13558197021 1.0
9.23535609245 -1.0
9.25483107567 -1.0
9.33693504333 -1.0
9.33694815636 1.0
9.4441421032 -1.0
9.4653441906 -1.0
10.0565741062 -1.0
10.0565969944 1.0
13.0299949646 -1.0
14.1405620575 -1.0
14.936850071 -1.0
14.9368710518 1.0
16.0377681255 -1.0
