0.0149312019348 -1.0
0.0494329929352 -1.0
0.0497391223907 1.0
0.0697720050812 -1.0
0.129296064377 -1.0
0.146344184875 -1.0
0.185307025909 -1.0
0.189721107483 -1.0
0.202169179916 -1.0
0.217828035355 -1.0
0.222077131271 -1.0
0.237498044968 -1.0
0.239931106567 -1.0
0.239955186844 1.0
0.254467010498 -1.0
0.257102012634 -1.0
0.278805017471 -1.0
0.279225111008 -1.0
0.328076124191 -1.0
0.338531017303 -1.0
0.348877191544 -1.0
0.368688106537 -1.0
0.388224124908 -1.0
0.415795087814 -1.0
0.442367076874 -1.0
0.443674087524 1.0
0.466632127762 -1.0
0.486791133881 -1.0
0.51504611969 -1.0
0.535202026367 -1.0
0.535449981689 -1.0
0.555042982101 -1.0
0.601602077484 -1.0
0.614452123642 -1.0
0.661398172379 -1.0
0.670272111893 -1.0
0.717360019684 -1.0
0.734333992004 1.0
0.754064083099 -1.0
0.754306077957 -1.0
0.774578094482 -1.0
0.834274053574 -1.0
0.854616165161 -1.0
0.879224061966 -1.0
0.909304141998 -1.0
0.966292142868 -1.0
1.02537512779 -1.0
1.08143401146 -1.0
1.14389801025 -1.0
1.21145415306 -1.0
1.21195316315 1.0
1.23162913322 -1.0
1.23339819908 -1.0
1.28945708275 -1.0
1.29034304619 -1.0
1.30903315544 -1.0
1.32856917381 -1.0
1.47671198845 -1.0
1.511947155 -1.0
1.56946706772 -1.0
1.61529612541 -1.0
1.66494297981 -1.0
1.67414498329 -1.0
1.6741771698 1.0
1.69389414787 -1.0
1.71360015869 -1.0
1.75387215614 -1.0
1.77046918869 -1.0
1.80942511559 -1.0
1.81313419342 -1.0
1.82615208626 -1.0
1.83323311806 -1.0
1.85291004181 -1.0
1.85457706451 -1.0
1.87308311462 -1.0
1.90898108482 -1.0
1.90899515152 1.0
1.92882418633 -1.0
1.92943000793 -1.0
1.94912815094 -1.0
2.0101339817 -1.0
2.03867697716 -1.0
2.1582801342 -1.0
2.34775209427 -1.0
3.01253008842 -1.0
3.01819014549 -1.0
3.02778220177 -1.0
3.0277941227 1.0
3.03212308884 -1.0
3.10948109627 -1.0
3.113697052 -1.0
3.12030100822 -1.0
3.12905597687 -1.0
3.12933897972 -1.0
3.14093899727 -1.0
3.21272802353 -1.0
3.22884607315 -1.0
3.23225712776 -1.0
3.27129817009 -1.0
3.31448316574 -1.0
3.31454801559 1.0
3.31862902641 -1.0
3.33437418938 -1.0
3.35411310196 -1.0
3.41485214233 -1.0
3.47753119469 -1.0
3.49319815636 -1.0
3.53286409378 -1.0
3.55024909973 -1.0
3.61026000977 -1.0
3.6158721447 -1.0
3.63261699677 -1.0
3.63265705109 1.0
3.65267515182 -1.0
3.67325210571 -1.0
3.68542718887 -1.0
3.69298100471 -1.0
3.71256518364 -1.0
3.75758099556 -1.0
3.77058696747 -1.0
3.79799318314 -1.0
3.85754919052 -1.0
3.8575720787 1.0
3.91263604164 -1.0
3.93218111992 -1.0
3.95293402672 -1.0
3.97261118889 -1.0
4.01401615143 -1.0
4.03349304199 -1.0
4.03388118744 -1.0
4.09712505341 -1.0
4.09745812416 1.0
4.10608506203 -1.0
4.10687303543 -1.0
4.11645007133 -1.0
4.11669397354 -1.0
4.13059806824 -1.0
4.13201403618 -1.0
4.15021705627 -1.0
4.21516799927 -1.0
4.23019099236 -1.0
4.23480010033 -1.0
4.23910713196 -1.0
4.2587211132 -1.0
4.2754201889 -1.0
4.27545905113 1.0
4.27633810043 -1.0
4.27737498283 -1.0
4.27823114395 -1.0
4.27884197235 -1.0
4.29536819458 -1.0
4.31526112556 -1.0
4.31743812561 -1.0
4.32988810539 -1.0
4.33702898026 -1.0
4.38572406769 -1.0
4.39075803757 -1.0
4.39411401749 -1.0
4.41055703163 -1.0
4.41074419022 -1.0
4.41075897217 1.0
4.41125106812 -1.0
4.4116230011 -1.0
4.41368818283 -1.0
4.41916298866 -1.0
4.43062210083 -1.0
4.43341803551 -1.0
4.5154941082 -1.0
4.51937103271 -1.0
4.530834198 -1.0
4.5350689888 -1.0
4.53513503075 1.0
4.53914403915 -1.0
4.55464315414 -1.0
4.61356210709 -1.0
4.61789107323 -1.0
4.61931920052 -1.0
4.62877416611 -1.0
4.63331818581 -1.0
4.65082001686 -1.0
4.67063617706 -1.0
4.6789700985 -1.0
4.69080901146 -1.0
4.69081807137 1.0
4.71124315262 -1.0
4.71570897102 -1.0
4.71841216087 -1.0
4.72671914101 -1.0
4.735476017 -1.0
4.79361200333 -1.0
4.81236004829 -1.0
4.81651115417 -1.0
4.81701898575 -1.0
4.8184030056 -1.0
4.82718014717 -1.0
4.83195710182 -1.0
4.88563013077 -1.0
4.91400003433 -1.0
4.91403603554 1.0
4.92062711716 -1.0
4.92878508568 -1.0
4.93343997002 -1.0
5.00345611572 -1.0
5.01627206802 -1.0
5.01982998848 -1.0
5.02324104309 -1.0
5.02848315239 -1.0
5.03099107742 -1.0
5.04812908173 -1.0
5.08664011955 1.0
5.11334705353 -1.0
5.11761212349 -1.0
5.131690979 -1.0
5.13307619095 -1.0
5.18976402283 -1.0
5.20061302185 -1.0
5.21259498596 -1.0
5.21509504318 -1.0
5.21616411209 -1.0
5.21679019928 -1.0
5.22014808655 -1.0
5.22017812729 1.0
5.23987817764 -1.0
5.27918219566 -1.0
5.31274700165 -1.0
5.32796216011 -1.0
5.33246517181 -1.0
5.35198903084 -1.0
5.38978910446 -1.0
5.41320919991 -1.0
5.42824196815 -1.0
5.4329969883 -1.0
5.47063016891 1.0
5.51358699799 -1.0
5.51907110214 -1.0
5.5286591053 -1.0
5.53324007988 -1.0
5.61488199234 -1.0
5.61999702454 -1.0
5.63009405136 -1.0
5.63461709023 -1.0
5.68977117538 -1.0
5.71205306053 -1.0
5.71210217476 1.0
5.71753311157 -1.0
5.72776007652 -1.0
5.73262810707 -1.0
5.81272697449 -1.0
5.81821298599 -1.0
5.82871508598 -1.0
5.83239412308 -1.0
5.88916802406 -1.0
5.91423010826 -1.0
5.91955208778 -1.0
5.91955900192 1.0
5.93209314346 -1.0
5.93386411667 -1.0
6.01282310486 -1.0
6.01742911339 -1.0
6.02789211273 -1.0
6.02909898758 -1.0
6.03243398666 -1.0
6.04940509796 -1.0
6.11211705208 -1.0
6.1178791523 -1.0
6.11788606644 1.0
6.12738609314 -1.0
6.1317281723 -1.0
6.18611097336 -1.0
6.21393918991 -1.0
6.21779799461 -1.0
6.2193441391 -1.0
6.23194217682 -1.0
6.23738217354 -1.0
6.24553513527 -1.0
6.26579713821 -1.0
6.31136512756 -1.0
6.31507110596 -1.0
6.31509518623 1.0
6.3162150383 -1.0
6.31741118431 -1.0
6.32272815704 -1.0
6.32897806168 -1.0
6.33503913879 -1.0
6.34240102768 -1.0
6.39372515678 -1.0
6.39824199677 -1.0
6.41487812996 -1.0
6.41698503494 -1.0
6.41700911522 1.0
6.41785311699 -1.0
6.42204117775 -1.0
6.4421350956 -1.0
6.51331114769 -1.0
6.51776003838 -1.0
6.51892209053 -1.0
6.52834415436 -1.0
6.53296208382 -1.0
6.61248111725 -1.0
6.61508703232 -1.0
6.61579418182 -1.0
6.61617016792 -1.0
6.61619019508 1.0
6.61662912369 -1.0
6.62949109077 -1.0
6.63225007057 -1.0
6.67225718498 -1.0
6.71348118782 -1.0
6.71688818932 -1.0
6.71986413002 -1.0
6.72006511688 -1.0
6.73040699959 -1.0
6.73643016815 -1.0
6.79494309425 -1.0
6.81237316132 -1.0
6.81240200996 1.0
6.8145802021 -1.0
6.81675100327 -1.0
6.81712198257 -1.0
6.82810902596 -1.0
6.8341050148 -1.0
6.87377119064 -1.0
6.90795016289 -1.0
6.91080498695 -1.0
6.91109013557 -1.0
6.91126704216 -1.0
6.9112830162 1.0
6.91160011292 -1.0
6.91648817062 -1.0
6.918156147 -1.0
6.92797613144 -1.0
6.93055701256 -1.0
6.93623304367 -1.0
6.93871712685 -1.0
6.95012998581 -1.0
6.98183917999 -1.0
7.0132021904 -1.0
7.01611113548 -1.0
7.01883506775 -1.0
7.01885819435 1.0
7.01942420006 -1.0
7.03151607513 -1.0
7.03275799751 -1.0
7.05673503876 -1.0
7.05840206146 -1.0
7.05944609642 -1.0
7.06039714813 -1.0
7.07669997215 -1.0
7.08531808853 -1.0
7.08570098877 -1.0
7.09664201736 -1.0
7.11176109314 -1.0
7.11178803444 1.0
7.11456799507 -1.0
7.11573314667 -1.0
7.11639118195 -1.0
7.11746096611 -1.0
7.12688016891 -1.0
7.13613200188 -1.0
7.19386219978 -1.0
7.21059799194 -1.0
7.21441817284 -1.0
7.21842217445 -1.0
7.21958899498 -1.0
7.23018717766 -1.0
7.23027896881 1.0
7.23444008827 -1.0
7.23827815056 -1.0
7.24982619286 -1.0
7.31605315208 -1.0
7.31979298592 -1.0
7.32186102867 -1.0
7.33124804497 -1.0
7.3358399868 -1.0
7.38629102707 -1.0
7.39418697357 -1.0
7.41257119179 -1.0
7.4138250351 -1.0
7.41389799118 1.0
7.41565608978 -1.0
7.41688299179 -1.0
7.42761111259 -1.0
7.4336810112 -1.0
7.4745759964 -1.0
7.51567912102 -1.0
7.52000904083 -1.0
7.52200198174 -1.0
7.53563117981 -1.0
7.57786202431 -1.0
7.61306405067 -1.0
7.61310815811 1.0
7.6170361042 -1.0
7.61899518967 -1.0
7.62297797203 -1.0
7.62438297272 -1.0
7.62455797195 -1.0
7.62577819824 -1.0
7.62702202797 -1.0
7.62759709358 -1.0
7.62844419479 -1.0
7.6326611042 -1.0
7.65059804916 -1.0
7.65208697319 -1.0
7.70682501793 -1.0
7.70688009262 1.0
7.71568918228 -1.0
7.71793198586 -1.0
7.72750115395 -1.0
7.72921419144 -1.0
7.74942803383 -1.0
7.81559705734 -1.0
7.82004117966 -1.0
7.83202409744 -1.0
7.83522701263 -1.0
7.85580015182 -1.0
7.87550711632 -1.0
7.91267299652 -1.0
7.91269111633 1.0
7.91670107841 -1.0
7.91772603989 -1.0
7.91857910156 -1.0
7.92937302589 -1.0
7.93218398094 -1.0
7.9738380909 -1.0
8.01336216927 -1.0
8.01747703552 -1.0
8.02946305275 -1.0
8.03323912621 -1.0
8.03326106071 1.0
8.11606907845 -1.0
8.11871600151 -1.0
8.11926412582 -1.0
8.13587498665 -1.0
8.19396901131 -1.0
8.21365618706 -1.0
8.21778011322 -1.0
8.21934604645 -1.0
8.2315351963 -1.0
8.23322606087 -1.0
8.27064609528 1.0
8.31577110291 -1.0
8.32019305229 -1.0
8.32186317444 -1.0
8.33335399628 -1.0
8.33601117134 -1.0
8.37790417671 -1.0
8.41330599785 -1.0
8.43221211433 -1.0
8.43311214447 -1.0
8.43313312531 1.0
8.51292514801 -1.0
8.51784515381 -1.0
8.52833509445 -1.0
8.5326089859 -1.0
8.61368513107 -1.0
8.61844801903 -1.0
8.6293361187 -1.0
8.63330698013 -1.0
8.71516013145 -1.0
8.71832203865 -1.0
8.71835517883 1.0
8.73476815224 -1.0
8.81380200386 -1.0
8.81720900536 -1.0
8.81855297089 -1.0
8.8296251297 -1.0
8.83340215683 -1.0
8.87064218521 -1.0
8.91342902184 -1.0
8.91820502281 -1.0
8.91919207573 -1.0
8.91921210289 1.0
8.93112707138 -1.0
8.93324017525 -1.0
8.95073008537 -1.0
9.01232600212 -1.0
9.01750016212 -1.0
9.03133797646 -1.0
9.03177809715 -1.0
9.09004402161 -1.0
9.11420297623 -1.0
9.11782717705 -1.0
9.11785101891 1.0
9.12948513031 -1.0
9.13381814957 -1.0
9.18997597694 -1.0
9.21182703972 -1.0
9.21527719498 -1.0
9.21595001221 -1.0
9.22867512703 -1.0
9.23154997826 -1.0
9.27031207085 -1.0
9.51370501518 -1.0
9.61238718033 -1.0
9.6124022007 1.0
9.63214015961 -1.0
10.0312809944 -1.0
10.0509259701 -1.0
12.0332670212 -1.0
12.4022831917 -1.0
13.0338401794 -1.0
13.034183979 -1.0
13.0538840294 -1.0
14.0344600677 -1.0
14.0344769955 1.0
14.0540370941 -1.0
15.4877750874 -1.0
16.4273810387 -1.0
16.5765140057 -1.0
16.6045300961 -1.0
