0.0236370563507 -1.0
0.0236439704895 1.0
0.0805201530457 -1.0
0.0861010551453 -1.0
0.13668513298 -1.0
0.14555811882 -1.0
0.215705156326 -1.0
0.265184164047 -1.0
0.294157981873 -1.0
0.353741168976 -1.0
0.408416032791 -1.0
0.430020093918 -1.0
0.488527059555 -1.0
0.488540172577 1.0
0.534873008728 -1.0
0.567749977112 -1.0
0.587591171265 -1.0
0.645802974701 -1.0
0.704535007477 -1.0
0.72338104248 -1.0
0.760796070099 -1.0
0.787660121918 -1.0
1.08021116257 -1.0
1.48886299133 -1.0
1.53210806847 -1.0
1.53211808205 1.0
1.53352594376 -1.0
1.53500008583 -1.0
1.54712414742 -1.0
1.55169415474 -1.0
1.5625910759 -1.0
1.58200716972 -1.0
1.5823700428 -1.0
1.58237600327 -1.0
1.59651207924 -1.0
1.59831094742 -1.0
1.60150909424 -1.0
1.60160398483 1.0
1.60182094574 -1.0
1.61811995506 -1.0
1.63767409325 -1.0
1.65022802353 -1.0
1.69670510292 -1.0
1.71683597565 -1.0
1.71720004082 -1.0
1.77374196053 -1.0
1.81202816963 -1.0
1.83174014091 -1.0
1.83204507828 1.0
1.85200715065 -1.0
1.86029314995 -1.0
1.86193299294 -1.0
1.86514616013 -1.0
1.87197804451 -1.0
1.8918530941 -1.0
1.89716911316 -1.0
1.92833209038 -1.0
1.93426895142 -1.0
1.94781899452 -1.0
1.96754312515 -1.0
1.99973702431 1.0
2.01631498337 -1.0
2.01941204071 -1.0
2.03904604912 -1.0
2.0492169857 -1.0
2.06880807877 -1.0
2.09525895119 -1.0
2.11484003067 -1.0
2.13604617119 -1.0
2.13899612427 -1.0
2.1403491497 -1.0
2.14467811584 -1.0
2.15225195885 -1.0
2.1523630619 -1.0
2.15609908104 -1.0
2.15610694885 1.0
2.15968799591 -1.0
2.16133093834 -1.0
2.16477608681 -1.0
2.16792702675 -1.0
2.17477297783 -1.0
2.17562603951 -1.0
2.17726206779 -1.0
2.17756009102 -1.0
2.17938399315 -1.0
2.18738603592 -1.0
2.18924808502 -1.0
2.19018507004 -1.0
2.19256997108 -1.0
2.19257903099 1.0
2.19290709496 -1.0
2.19445896149 -1.0
2.19540500641 -1.0
2.20027804375 -1.0
2.20316815376 -1.0
2.20367097855 -1.0
2.20542597771 -1.0
2.21463799477 -1.0
2.21510004997 -1.0
2.21769595146 -1.0
2.21813607216 -1.0
2.21815514565 1.0
2.21860098839 -1.0
2.2203130722 -1.0
2.22397708893 -1.0
2.2243180275 -1.0
2.22536802292 -1.0
2.23501110077 -1.0
2.23862195015 -1.0
2.23910212517 -1.0
2.23978900909 -1.0
2.24405002594 -1.0
2.24601817131 -1.0
2.24602603912 1.0
2.24952197075 -1.0
2.25119900703 -1.0
2.25247311592 -1.0
2.25425100327 -1.0
2.25460100174 -1.0
2.25735497475 -1.0
2.25830316544 -1.0
2.25867795944 -1.0
2.25966596603 -1.0
2.26392793655 -1.0
2.26393699646 1.0
2.26425909996 -1.0
2.2650141716 -1.0
2.26552796364 -1.0
2.26797604561 -1.0
2.26913499832 -1.0
2.2696621418 -1.0
2.27028203011 -1.0
2.27085113525 -1.0
2.27200698853 -1.0
2.27438807487 -1.0
2.27598595619 -1.0
2.27600908279 1.0
2.27618098259 -1.0
2.27702307701 -1.0
2.27728509903 -1.0
2.27797293663 -1.0
2.27943205833 -1.0
2.28068804741 -1.0
2.28093099594 -1.0
2.28366613388 -1.0
2.28414607048 -1.0
2.28630900383 -1.0
2.28730511665 -1.0
2.2882039547 -1.0
2.28823804855 1.0
2.28936314583 -1.0
2.2896001339 -1.0
2.29395413399 -1.0
2.31262111664 -1.0
2.31374311447 -1.0
2.31425309181 -1.0
2.31509709358 -1.0
2.31587195396 -1.0
2.31616997719 -1.0
2.31650614738 -1.0
2.31700801849 -1.0
2.31702113152 -1.0
2.31772398949 -1.0
2.31773209572 1.0
2.31791806221 -1.0
2.31834316254 -1.0
2.31865811348 -1.0
2.31919002533 -1.0
2.319272995 -1.0
2.31966209412 -1.0
2.3293941021 -1.0
2.32960915565 -1.0
2.32992601395 -1.0
2.33122396469 -1.0
2.33152413368 -1.0
2.33154416084 1.0
2.3325150013 -1.0
2.33488512039 -1.0
2.33569216728 -1.0
2.33648395538 -1.0
2.33740305901 -1.0
2.33743214607 -1.0
2.33767700195 -1.0
2.33873701096 -1.0
2.3390481472 -1.0
2.3560321331 -1.0
2.35604310036 1.0
2.35851216316 -1.0
2.35872507095 -1.0
2.36230301857 -1.0
2.36325097084 -1.0
2.36510896683 -1.0
2.36589598656 -1.0
2.36634993553 -1.0
2.36666893959 -1.0
2.36687517166 -1.0
2.3672940731 -1.0
2.36783909798 -1.0
2.3681640625 -1.0
2.36860895157 -1.0
2.36863017082 1.0
2.3689250946 -1.0
2.36963415146 -1.0
2.3699991703 -1.0
2.37017416954 -1.0
2.37065196037 -1.0
2.37098002434 -1.0
2.37208914757 -1.0
2.3751411438 -1.0
2.37697196007 -1.0
2.37731409073 -1.0
2.37777805328 -1.0
2.37939405441 -1.0
2.38322401047 -1.0
2.3832321167 1.0
2.38442802429 -1.0
2.38606500626 -1.0
2.38727498055 -1.0
2.38775205612 -1.0
2.38828015327 -1.0
2.38888096809 -1.0
2.38927602768 -1.0
2.38970398903 -1.0
2.39063405991 -1.0
2.39065814018 1.0
2.3909060955 -1.0
2.39138913155 -1.0
2.40901613235 -1.0
2.40968108177 -1.0
2.41013407707 -1.0
2.41082715988 -1.0
2.424503088 -1.0
2.42521595955 -1.0
2.42661595345 -1.0
2.42687702179 -1.0
2.42720603943 -1.0
2.42745614052 -1.0
2.42746210098 1.0
2.42800617218 -1.0
2.42868995667 -1.0
2.42901611328 -1.0
2.42972016335 -1.0
2.43024396896 -1.0
2.43072199821 -1.0
2.43251609802 -1.0
2.44085097313 -1.0
2.44401216507 -1.0
2.45635914803 -1.0
2.45752096176 -1.0
2.46376800537 -1.0
2.4718170166 -1.0
2.4718401432 1.0
2.47266101837 -1.0
2.48348999023 -1.0
2.48682403564 -1.0
2.49847102165 -1.0
2.50128412247 -1.0
2.50322604179 -1.0
2.50738501549 -1.0
2.50827598572 -1.0
2.50917696953 -1.0
2.50919604301 -1.0
2.50992107391 -1.0
2.51034593582 -1.0
2.51035499573 1.0
2.51125907898 -1.0
2.51253199577 -1.0
2.51272916794 -1.0
2.51290297508 -1.0
2.52031111717 -1.0
2.52221798897 -1.0
2.52343702316 -1.0
2.52368712425 -1.0
2.52604913712 -1.0
2.52647995949 -1.0
2.5274040699 -1.0
2.53889608383 -1.0
2.54326701164 -1.0
2.54327511787 1.0
2.54904603958 -1.0
2.5496571064 -1.0
2.55250096321 -1.0
2.55283713341 -1.0
2.56300401688 -1.0
2.57154297829 -1.0
2.58065009117 -1.0
2.58309698105 -1.0
2.59820199013 -1.0
2.61831498146 -1.0
2.6572561264 -1.0
2.71515607834 -1.0
2.7152030468 1.0
2.72073698044 -1.0
2.7224521637 -1.0
2.73506402969 -1.0
2.75499105453 -1.0
2.76542806625 -1.0
2.77469396591 -1.0
5.31434011459 -1.0
5.31436109543 1.0
5.31481695175 -1.0
5.31507205963 -1.0
5.33506011963 -1.0
7.31473612785 -1.0
7.31496906281 -1.0
7.3348801136 -1.0
7.51692914963 -1.0
7.59745311737 -1.0
7.62348103523 -1.0
7.64371109009 -1.0
7.64521002769 -1.0
8.31563997269 -1.0
15.3975460529 -1.0
15.397578001 1.0
15.4546699524 -1.0
15.4795939922 -1.0
