0.0121641159058 -1.0
0.0121741294861 1.0
0.022341966629 -1.0
0.071485042572 -1.0
0.121654033661 -1.0
0.141522169113 -1.0
0.141950130463 -1.0
0.199491977692 -1.0
0.200052022934 -1.0
0.219223976135 -1.0
0.221053123474 -1.0
0.238801956177 -1.0
0.258538007736 -1.0
0.282787084579 -1.0
0.339843988419 -1.0
0.372766971588 1.0
0.381610155106 -1.0
0.401520967484 -1.0
0.421861171722 -1.0
0.442902088165 -1.0
0.49077296257 -1.0
0.500070095062 -1.0
0.520583152771 -1.0
0.55983710289 -1.0
0.615712165833 -1.0
0.621725082397 -1.0
0.683628082275 -1.0
0.720535039902 1.0
0.730582952499 -1.0
0.74023103714 -1.0
0.761543989182 -1.0
0.827625989914 -1.0
0.837543010712 -1.0
0.896180152893 -1.0
0.955507993698 -1.0
0.98083114624 -1.0
1.10496115685 -1.0
1.20362114906 -1.0
1.26877212524 -1.0
1.33258509636 -1.0
1.33502912521 -1.0
1.33506512642 1.0
1.3357219696 -1.0
1.33724093437 -1.0
1.34075403214 -1.0
1.34422802925 -1.0
1.3560731411 -1.0
1.35695695877 -1.0
1.35697603226 -1.0
1.36021900177 -1.0
1.37646198273 -1.0
1.37811994553 -1.0
1.39664196968 -1.0
1.39679503441 1.0
1.41907501221 -1.0
1.43675613403 -1.0
1.4757130146 -1.0
1.49531912804 -1.0
1.53015112877 -1.0
1.55441212654 -1.0
1.58958601952 -1.0
1.59211015701 -1.0
1.61160612106 -1.0
1.63205695152 -1.0
1.66976213455 -1.0
1.66977214813 1.0
1.67335915565 -1.0
1.68327498436 -1.0
1.70001006126 -1.0
1.70307993889 -1.0
1.72669005394 -1.0
1.72689700127 -1.0
1.74666500092 -1.0
1.76638507843 -1.0
1.77441215515 -1.0
1.79499197006 -1.0
1.86385703087 -1.0
1.89266109467 -1.0
1.91458201408 -1.0
1.94224405289 -1.0
1.96213316917 -1.0
2.00053596497 1.0
2.01209306717 -1.0
2.02021694183 -1.0
2.07159113884 -1.0
2.07728600502 -1.0
2.07851910591 -1.0
2.09698605537 -1.0
2.09880208969 -1.0
2.09881210327 1.0
2.10995197296 -1.0
2.11839008331 -1.0
2.13156509399 -1.0
2.14726114273 -1.0
2.18266010284 -1.0
2.20703101158 -1.0
2.22383093834 -1.0
2.235268116 -1.0
2.24368095398 -1.0
2.24655294418 -1.0
2.25130200386 -1.0
2.25778698921 -1.0
2.25798511505 1.0
2.25988698006 -1.0
2.26643896103 -1.0
2.27048206329 -1.0
2.27936911583 -1.0
2.28448414803 -1.0
2.28620100021 -1.0
2.28908801079 -1.0
2.29068207741 -1.0
2.29273796082 -1.0
2.29880213737 -1.0
2.29917097092 -1.0
2.30155301094 -1.0
2.30156803131 1.0
2.30514097214 -1.0
2.30588006973 -1.0
2.30836606026 -1.0
2.30956602097 -1.0
2.31074905396 -1.0
2.31218099594 -1.0
2.31525397301 -1.0
2.3190741539 -1.0
2.31981897354 -1.0
2.32231402397 -1.0
2.32330298424 -1.0
2.32507205009 -1.0
2.3255879879 -1.0
2.32712507248 -1.0
2.32922911644 -1.0
2.32924795151 1.0
2.33054900169 -1.0
2.3318400383 -1.0
2.33331894875 -1.0
2.33507394791 -1.0
2.3369410038 -1.0
2.33873796463 -1.0
2.33898115158 -1.0
2.34227800369 -1.0
2.34398412704 -1.0
2.34426903725 -1.0
2.34521412849 -1.0
2.34523510933 1.0
2.34742498398 -1.0
2.34929800034 -1.0
2.35113811493 -1.0
2.35148000717 -1.0
2.35227894783 -1.0
2.35705804825 -1.0
2.36307406425 -1.0
2.36498808861 -1.0
2.36771798134 -1.0
2.37038803101 -1.0
2.37143301964 -1.0
2.37174296379 -1.0
2.37781310081 1.0
2.37892603874 -1.0
2.37930893898 -1.0
2.38064694405 -1.0
2.39443302155 -1.0
2.39485216141 -1.0
2.39760303497 -1.0
2.41476106644 -1.0
2.41533708572 -1.0
2.41545915604 -1.0
2.41632604599 -1.0
2.41837215424 -1.0
2.4187309742 -1.0
2.41918706894 -1.0
2.41955113411 -1.0
2.41955709457 1.0
2.42023515701 -1.0
2.42287611961 -1.0
2.42395210266 -1.0
2.42518115044 -1.0
2.42735004425 -1.0
2.43105196953 -1.0
2.43460011482 -1.0
2.43509507179 -1.0
2.43812894821 -1.0
2.43833708763 -1.0
2.44062113762 -1.0
2.44063806534 1.0
2.44379711151 -1.0
2.44594311714 -1.0
2.45302414894 -1.0
2.45497512817 -1.0
2.45985794067 -1.0
2.46141695976 -1.0
2.46472716331 -1.0
2.46756410599 -1.0
2.47195410728 -1.0
2.47283506393 -1.0
2.47386813164 -1.0
2.47473406792 -1.0
2.47474002838 1.0
2.47474503517 -1.0
2.47804307938 -1.0
2.48082304001 -1.0
2.48136210442 -1.0
2.48202013969 -1.0
2.48351812363 -1.0
2.48618197441 -1.0
2.48893404007 -1.0
2.49060606956 -1.0
2.49091696739 -1.0
2.49406599998 -1.0
2.49409294128 1.0
2.49457812309 -1.0
2.50444507599 -1.0
2.51283812523 -1.0
2.51302909851 -1.0
2.5141620636 -1.0
2.51485013962 -1.0
2.51587700844 -1.0
2.51652312279 -1.0
2.51691913605 -1.0
2.51781415939 -1.0
2.51828312874 -1.0
2.51829004288 1.0
2.51859998703 -1.0
2.51940512657 -1.0
2.51965498924 -1.0
2.52027702332 -1.0
2.52063512802 -1.0
2.52108407021 -1.0
2.521682024 -1.0
2.5219950676 -1.0
2.52418208122 -1.0
2.53195095062 -1.0
2.53253602982 -1.0
2.53378009796 -1.0
2.53378796577 1.0
2.53455710411 -1.0
2.53576111794 -1.0
2.53632616997 -1.0
2.53662395477 -1.0
2.53787612915 -1.0
2.5396361351 -1.0
2.5417470932 -1.0
2.54245400429 -1.0
2.54312610626 -1.0
2.54415607452 -1.0
2.54598903656 -1.0
2.54599714279 1.0
2.54899597168 -1.0
2.55107498169 -1.0
2.55234098434 -1.0
2.55235409737 -1.0
2.55298709869 -1.0
2.55507802963 -1.0
2.55640602112 -1.0
2.55641508102 -1.0
2.5570640564 -1.0
2.56023907661 -1.0
2.5605931282 -1.0
2.56060099602 1.0
2.56320405006 -1.0
2.56340003014 -1.0
2.56469702721 -1.0
2.56640315056 -1.0
2.56813001633 -1.0
2.56868600845 -1.0
2.56997609138 -1.0
2.57189702988 -1.0
2.57251000404 -1.0
2.57560300827 -1.0
2.57677793503 -1.0
2.57732510567 -1.0
2.57734513283 1.0
2.57856702805 -1.0
2.57936811447 -1.0
2.58324098587 -1.0
2.58325815201 -1.0
2.59553599358 -1.0
2.59704995155 -1.0
2.60183596611 -1.0
2.60447311401 -1.0
2.61268997192 -1.0
2.61328816414 -1.0
2.61365413666 -1.0
2.6149930954 -1.0
2.61932516098 -1.0
2.62146997452 -1.0
2.62508702278 -1.0
2.62509393692 1.0
2.62661099434 -1.0
2.62919712067 -1.0
2.63244915009 -1.0
2.63286709785 -1.0
2.63327693939 -1.0
2.63371396065 -1.0
2.63419699669 -1.0
2.63551402092 -1.0
2.64041805267 -1.0
2.64507293701 -1.0
2.64889001846 -1.0
2.65241312981 -1.0
2.65398716927 -1.0
2.65706300735 -1.0
2.65708112717 1.0
2.65977311134 -1.0
2.65978097916 -1.0
2.6627061367 -1.0
2.66303396225 -1.0
2.66752696037 -1.0
2.66876196861 -1.0
2.67078113556 -1.0
2.67303013802 -1.0
2.67740297318 -1.0
2.67942905426 -1.0
2.68314599991 -1.0
2.68405199051 -1.0
2.6907351017 -1.0
2.69535398483 -1.0
2.69536113739 1.0
2.69841003418 -1.0
2.70836114883 -1.0
2.7084839344 -1.0
2.7103600502 -1.0
2.714812994 -1.0
2.73536300659 -1.0
2.78047204018 -1.0
2.78081798553 -1.0
2.78138899803 -1.0
2.78172898293 -1.0
2.79218411446 -1.0
2.8508579731 -1.0
2.87054395676 -1.0
2.87064599991 1.0
2.97405195236 -1.0
2.99360895157 -1.0
3.03205299377 -1.0
3.05165100098 -1.0
3.24686813354 -1.0
3.95109510422 -1.0
3.97135806084 -1.0
4.09340906143 -1.0
4.28090810776 -1.0
4.33111715317 -1.0
4.35139107704 -1.0
4.40067195892 -1.0
4.40068697929 1.0
4.42082905769 -1.0
4.44236803055 -1.0
4.44434905052 -1.0
4.4627161026 -1.0
4.54251599312 -1.0
4.56293201447 -1.0
4.64953804016 -1.0
4.66961812973 -1.0
4.68931698799 -1.0
4.7091460228 -1.0
4.77069211006 -1.0
4.80855298042 1.0
4.89162516594 -1.0
4.91387701035 -1.0
4.92115998268 -1.0
4.9719979763 -1.0
4.99175405502 -1.0
5.01119995117 -1.0
5.03142905235 -1.0
5.03364801407 -1.0
5.03428816795 -1.0
5.03470301628 -1.0
5.0537879467 -1.0
5.0539021492 1.0
5.0802090168 -1.0
5.08022809029 -1.0
5.08071303368 -1.0
5.09998011589 -1.0
5.17998504639 -1.0
5.1995871067 -1.0
5.25757598877 -1.0
5.32007408142 -1.0
5.42145204544 -1.0
5.47604608536 -1.0
5.48019599915 -1.0
5.4962041378 -1.0
5.50210404396 -1.0
5.5220079422 -1.0
5.5229640007 1.0
5.54338216782 -1.0
5.550344944 -1.0
5.56994605064 -1.0
5.59568309784 -1.0
5.6154191494 -1.0
5.68303799629 -1.0
5.70265102386 -1.0
5.71524596214 -1.0
5.73510098457 -1.0
6.52416801453 1.0
6.54373908043 -1.0
6.59989309311 -1.0
7.274477005 -1.0
7.54414916039 -1.0
7.54446196556 -1.0
7.56375813484 -1.0
7.79519104958 -1.0
8.26942205429 -1.0
8.2897400856 -1.0
8.30301403999 -1.0
8.30302214622 1.0
8.30969405174 -1.0
8.54501605034 -1.0
8.54519414902 -1.0
8.56453514099 -1.0
9.54584908485 -1.0
10.5464940071 -1.0
10.5660810471 -1.0
16.017895937 -1.0
16.1102781296 -1.0
16.1305530071 -1.0
16.1305611134 1.0
16.1502621174 -1.0
