0.000617027282715 1.0
0.0216369628906 -1.0
0.217379808426 -1.0
0.237630844116 -1.0
0.25762796402 -1.0
0.306767940521 -1.0
0.327601909637 -1.0
0.327620983124 -1.0
0.338295936584 -1.0
0.339208841324 -1.0
0.357897043228 -1.0
0.407196998596 -1.0
0.427670955658 -1.0
0.506726026535 -1.0
0.572309970856 -1.0
0.572333812714 1.0
0.607302904129 -1.0
0.629837036133 -1.0
0.706020832062 -1.0
0.763622045517 -1.0
0.813582897186 -1.0
0.821826934814 -1.0
0.833417892456 -1.0
0.852968931198 -1.0
0.924402952194 -1.0
0.929033041 1.0
0.948662996292 -1.0
1.00726699829 -1.0
1.06352901459 -1.0
1.1069920063 -1.0
1.16358399391 -1.0
1.21814203262 -1.0
1.23768901825 -1.0
1.27551698685 -1.0
1.3073220253 -1.0
1.30734992027 -1.0
1.31206893921 -1.0
1.32749891281 -1.0
1.33504700661 1.0
1.34762191772 -1.0
1.35632491112 -1.0
1.40792298317 -1.0
1.40794897079 -1.0
1.42840695381 -1.0
1.45084500313 -1.0
1.50743699074 -1.0
1.56357288361 -1.0
1.58773899078 1.0
1.60545492172 -1.0
1.61173796654 -1.0
1.63146686554 -1.0
1.63389801979 -1.0
1.7058198452 -1.0
1.71684288979 -1.0
1.72552895546 -1.0
1.78173899651 -1.0
1.80500793457 -1.0
1.8246409893 -1.0
1.86200881004 1.0
1.86352396011 -1.0
1.8815009594 -1.0
1.91977596283 -1.0
1.93081593513 -1.0
1.95586299896 -1.0
1.97572588921 -1.0
2.01564788818 -1.0
2.10412788391 -1.0
2.16358995438 -1.0
2.21433496475 -1.0
2.21467995644 1.0
2.23449993134 -1.0
2.24462485313 -1.0
2.25413203239 -1.0
2.27665281296 -1.0
2.29182982445 -1.0
2.31148290634 -1.0
2.31554102898 -1.0
2.33136796951 -1.0
2.33890795708 -1.0
2.33892893791 1.0
2.34823799133 -1.0
2.35040903091 -1.0
2.35159301758 -1.0
2.3590939045 -1.0
2.36839985847 -1.0
2.3704199791 -1.0
2.3717110157 -1.0
2.37614893913 -1.0
2.37862992287 -1.0
2.38846492767 -1.0
2.39031887054 -1.0
2.39033794403 1.0
2.39136099815 -1.0
2.39824795723 -1.0
2.39825987816 -1.0
2.40377998352 -1.0
2.40916895866 -1.0
2.41031599045 -1.0
2.41133189201 -1.0
2.4178879261 -1.0
2.41810798645 -1.0
2.42391300201 -1.0
2.42933297157 -1.0
2.42935585976 1.0
2.43003582954 -1.0
2.43136692047 -1.0
2.43813180923 -1.0
2.44359302521 -1.0
2.4495408535 -1.0
2.45008087158 -1.0
2.45424604416 -1.0
2.46558690071 -1.0
2.46968793869 -1.0
2.50526189804 -1.0
2.50959801674 -1.0
2.50960898399 1.0
2.51550483704 -1.0
2.52536892891 -1.0
2.52902603149 -1.0
2.53779697418 -1.0
2.53900504112 -1.0
2.54025197029 -1.0
2.54521894455 -1.0
2.54887390137 -1.0
2.55158090591 -1.0
2.55421686172 -1.0
2.55469989777 -1.0
2.56480193138 -1.0
2.56481194496 1.0
2.60640597343 -1.0
2.60643982887 -1.0
2.60989689827 -1.0
2.62738084793 -1.0
2.63086390495 -1.0
2.6482629776 -1.0
2.65145492554 -1.0
2.66883182526 -1.0
2.67237997055 -1.0
2.67241191864 1.0
2.68949484825 -1.0
2.69328999519 -1.0
2.7058699131 -1.0
2.71213197708 -1.0
2.71535181999 -1.0
2.73296499252 -1.0
2.73670697212 -1.0
2.75415682793 -1.0
2.75807785988 -1.0
2.75811100006 1.0
2.75812888145 -1.0
2.75825285912 -1.0
2.77478003502 -1.0
2.77959704399 -1.0
2.79556703568 -1.0
2.80089497566 -1.0
2.80647993088 -1.0
2.81900596619 -1.0
2.82309484482 -1.0
2.82667303085 -1.0
2.82668185234 1.0
2.83972287178 -1.0
2.89567303658 -1.0
2.90699100494 -1.0
2.91495990753 -1.0
2.91739583015 -1.0
2.92670202255 -1.0
3.00796794891 -1.0
3.00799584389 -1.0
3.01433682442 -1.0
3.01577186584 -1.0
3.01613998413 -1.0
3.016685009 -1.0
3.01669096947 1.0
3.02761697769 -1.0
3.02986097336 -1.0
3.03367686272 -1.0
3.03589892387 -1.0
3.05554699898 -1.0
3.09563088417 -1.0
3.11536884308 -1.0
3.15174484253 -1.0
3.21607995033 -1.0
3.23919391632 -1.0
3.26029491425 1.0
3.31983590126 -1.0
3.33552384377 -1.0
3.37563800812 -1.0
3.404971838 -1.0
3.41248583794 -1.0
3.42442202568 -1.0
3.46367096901 -1.0
3.50570487976 -1.0
3.60653495789 -1.0
3.80614304543 -1.0
3.8347659111 -1.0
3.85448503494 -1.0
3.85452985764 1.0
3.91682481766 -1.0
3.93861198425 -1.0
3.94041800499 -1.0
3.95822381973 -1.0
4.18894290924 -1.0
4.20846104622 -1.0
4.22714090347 -1.0
4.28377699852 -1.0
4.40780591965 -1.0
4.4279718399 -1.0
4.50715398788 -1.0
4.52899694443 -1.0
4.65893888474 1.0
4.67858886719 -1.0
4.70761585236 -1.0
4.70763087273 -1.0
4.72740697861 -1.0
4.80711293221 -1.0
4.80713891983 -1.0
4.82722783089 -1.0
4.84737086296 -1.0
4.88375592232 -1.0
4.90714883804 -1.0
4.98378181458 -1.0
5.00805187225 -1.0
5.04601788521 1.0
5.11659598351 -1.0
5.13637304306 -1.0
5.17580485344 -1.0
5.22905492783 -1.0
5.28565502167 -1.0
5.40690994263 -1.0
5.40694093704 -1.0
5.42725801468 -1.0
5.4470770359 -1.0
5.50712490082 -1.0
5.52022695541 -1.0
5.53987503052 -1.0
5.57799983025 1.0
5.60804581642 -1.0
5.70751190186 -1.0
5.93008685112 -1.0
5.93042898178 -1.0
5.94962096214 -1.0
6.23615002632 -1.0
6.40862894058 -1.0
6.91089987755 1.0
6.93010497093 -1.0
6.93019795418 -1.0
6.93066883087 -1.0
6.93067288399 -1.0
6.94973301888 -1.0
7.42088389397 -1.0
7.93048787117 -1.0
7.93113493919 -1.0
7.93114089966 -1.0
7.93114304543 -1.0
7.95005989075 -1.0
8.41775798798 -1.0
8.50879096985 -1.0
8.50881481171 1.0
8.93014001846 -1.0
8.94967603683 -1.0
9.41384291649 -1.0
9.93042492867 -1.0
9.94989395142 -1.0
10.9309368134 -1.0
10.9504749775 -1.0
16.3065979481 -1.0
16.4066028595 -1.0
17.309347868 -1.0
17.3093700409 1.0
17.4046599865 -1.0
