0.0406241416931 -1.0
0.041032075882 1.0
0.0989601612091 -1.0
0.119028091431 -1.0
0.172054052353 -1.0
0.192646026611 -1.0
0.204384088516 -1.0
0.254392147064 -1.0
0.275284051895 -1.0
0.334563970566 -1.0
0.394546031952 -1.0
0.403524160385 -1.0
0.41407418251 -1.0
0.43364906311 -1.0
0.470697164536 1.0
0.473950147629 -1.0
0.491199970245 -1.0
0.50049495697 -1.0
0.510797977448 -1.0
1.49766016006 -1.0
1.51879501343 -1.0
1.53276109695 -1.0
1.53899717331 -1.0
1.55098104477 -1.0
1.55424809456 -1.0
1.55460095406 -1.0
1.55460810661 1.0
1.55478310585 -1.0
1.55964207649 -1.0
1.56360316277 -1.0
1.57863998413 -1.0
1.57996916771 -1.0
1.61299800873 -1.0
1.6221511364 -1.0
1.63387107849 -1.0
1.65462112427 -1.0
1.70965695381 -1.0
1.76668000221 -1.0
1.78743505478 1.0
1.79197597504 -1.0
1.8073990345 -1.0
1.82326316833 -1.0
1.82731318474 -1.0
1.85039401054 -1.0
1.87020301819 -1.0
1.89098215103 -1.0
1.8979511261 -1.0
1.93800806999 -1.0
1.93843007088 1.0
1.95799303055 -1.0
1.95836210251 -1.0
1.96271514893 -1.0
1.96273517609 -1.0
1.97800016403 -1.0
1.99764204025 -1.0
2.01757907867 -1.0
2.02533197403 -1.0
2.03549408913 -1.0
2.0374519825 -1.0
2.05318808556 -1.0
2.05729007721 -1.0
2.05746817589 1.0
2.07691717148 -1.0
2.11490416527 -1.0
2.11761713028 -1.0
2.12062096596 -1.0
2.12085008621 -1.0
2.12215518951 -1.0
2.13330602646 -1.0
2.13447213173 -1.0
2.13590502739 -1.0
2.13773298264 -1.0
2.1407160759 -1.0
2.14210915565 -1.0
2.15330314636 -1.0
2.15331315994 1.0
2.15606117249 -1.0
2.1576821804 -1.0
2.16060805321 -1.0
2.16236305237 -1.0
2.17342710495 -1.0
2.17642498016 -1.0
2.17746710777 -1.0
2.18402004242 -1.0
2.19377398491 -1.0
2.19379997253 1.0
2.19719099998 -1.0
2.19920396805 -1.0
2.20358204842 -1.0
2.20386004448 -1.0
2.21062397957 -1.0
2.2123811245 -1.0
2.21389102936 -1.0
2.21553397179 -1.0
2.21766209602 -1.0
2.2190849781 -1.0
2.21909308434 -1.0
2.224640131 -1.0
2.22781014442 -1.0
2.23414301872 -1.0
2.23863697052 -1.0
2.23936414719 -1.0
2.23937106133 1.0
2.24011111259 -1.0
2.24550914764 -1.0
2.25378513336 -1.0
2.25886106491 -1.0
2.26085805893 -1.0
2.27637410164 -1.0
2.27670097351 -1.0
2.28060007095 -1.0
2.28639507294 -1.0
2.28683900833 -1.0
2.29274296761 -1.0
2.30073809624 -1.0
2.30076098442 1.0
2.30627799034 -1.0
2.30628705025 -1.0
2.30728411674 -1.0
2.31895303726 -1.0
2.31950998306 -1.0
2.32627105713 -1.0
2.32995200157 -1.0
2.33419704437 -1.0
2.34626603127 -1.0
2.34660506248 -1.0
2.34761118889 -1.0
2.34764313698 1.0
2.3497710228 -1.0
2.36401295662 -1.0
2.36576604843 -1.0
2.36739015579 -1.0
2.37123298645 -1.0
2.38543510437 -1.0
2.38595604897 -1.0
2.3884370327 -1.0
2.40000200272 -1.0
2.40522408485 -1.0
2.40942001343 -1.0
2.41382813454 -1.0
2.41394400597 1.0
2.41463708878 -1.0
2.41852903366 -1.0
2.41896915436 -1.0
2.42905116081 -1.0
2.43528008461 -1.0
2.44301009178 -1.0
2.44901514053 -1.0
2.45071697235 -1.0
2.46126198769 -1.0
2.46591806412 -1.0
2.47023415565 -1.0
2.47324419022 -1.0
2.4760491848 -1.0
2.47716903687 -1.0
2.4771771431 1.0
2.48117303848 -1.0
2.4879090786 -1.0
2.49016308784 -1.0
2.4929060936 -1.0
2.49546813965 -1.0
2.50168704987 -1.0
2.50635409355 -1.0
2.51502108574 -1.0
2.51948404312 -1.0
2.52315807343 -1.0
2.531042099 -1.0
2.53467512131 -1.0
2.53481006622 -1.0
2.53514814377 -1.0
2.53516817093 1.0
2.53671097755 -1.0
2.53736615181 -1.0
2.53853297234 -1.0
2.54459810257 -1.0
2.54662919044 -1.0
2.55036497116 -1.0
2.55088496208 -1.0
2.55237007141 -1.0
2.55310797691 -1.0
2.55489206314 -1.0
2.55542612076 -1.0
2.55965709686 -1.0
2.55978107452 1.0
2.56489109993 -1.0
2.56713914871 -1.0
2.56744408607 -1.0
2.57353210449 -1.0
2.57469916344 -1.0
2.57768201828 -1.0
2.58425998688 -1.0
2.58803296089 -1.0
2.59102416039 -1.0
2.59401011467 -1.0
2.59578704834 -1.0
2.5960381031 -1.0
2.59803915024 -1.0
2.60298013687 -1.0
2.60298705101 1.0
2.60403418541 -1.0
2.60537600517 -1.0
2.60627007484 -1.0
2.60769796371 -1.0
2.61188697815 -1.0
2.61206412315 -1.0
2.61227107048 -1.0
2.61473417282 -1.0
2.62034106255 -1.0
2.62308812141 -1.0
2.62476205826 -1.0
2.62596297264 -1.0
2.62787699699 -1.0
2.63082408905 -1.0
2.63668417931 -1.0
2.63669300079 1.0
2.63970708847 -1.0
2.64452505112 -1.0
2.64645814896 -1.0
2.65567111969 -1.0
2.65863704681 -1.0
2.66290712357 -1.0
2.66599011421 -1.0
2.66638207436 -1.0
2.66864418983 -1.0
2.67037010193 -1.0
2.67314696312 -1.0
2.67673301697 -1.0
2.67688512802 -1.0
2.67689204216 1.0
2.67760109901 -1.0
2.6814160347 -1.0
2.68268704414 -1.0
2.68524098396 -1.0
2.6864221096 -1.0
2.68979811668 -1.0
2.69104599953 -1.0
2.69402718544 -1.0
2.69440817833 -1.0
2.69836902618 -1.0
2.69885611534 -1.0
2.69931912422 -1.0
2.70364809036 -1.0
2.70592904091 -1.0
2.70593714714 1.0
2.70825815201 -1.0
2.71327900887 -1.0
2.71937417984 -1.0
2.72022414207 -1.0
2.7236790657 -1.0
2.72558617592 -1.0
2.72662401199 -1.0
2.72870612144 -1.0
2.72971010208 -1.0
2.73052811623 -1.0
2.73053503036 1.0
2.73254704475 -1.0
2.73707413673 -1.0
2.7374830246 -1.0
2.73875403404 -1.0
2.73956108093 -1.0
2.74288916588 -1.0
2.74478316307 -1.0
2.74554395676 -1.0
2.7485601902 -1.0
2.74901914597 -1.0
2.75329399109 -1.0
2.7535610199 -1.0
2.75356698036 1.0
2.75477910042 -1.0
2.7600171566 -1.0
2.76135206223 -1.0
2.76351714134 -1.0
2.76547217369 -1.0
2.76979207993 -1.0
2.77265810966 -1.0
2.77731013298 -1.0
2.77819418907 -1.0
2.77870798111 -1.0
2.78033208847 -1.0
2.78185915947 -1.0
2.78186511993 1.0
2.78231215477 -1.0
2.78324913979 -1.0
2.78507399559 -1.0
2.78638601303 -1.0
2.78851914406 -1.0
2.78995418549 -1.0
2.79189610481 -1.0
2.79235816002 -1.0
2.79305815697 -1.0
2.79386615753 -1.0
2.79500007629 -1.0
2.79835104942 -1.0
2.79836916924 1.0
2.79966115952 -1.0
2.80264496803 -1.0
2.80414915085 -1.0
2.80446600914 -1.0
2.80487513542 -1.0
2.80518913269 -1.0
2.80560803413 -1.0
2.80596017838 -1.0
2.80665516853 -1.0
2.80666303635 -1.0
2.80749201775 -1.0
2.80924606323 -1.0
2.81011915207 -1.0
2.81012606621 1.0
2.81048202515 -1.0
2.81167602539 -1.0
2.81990814209 -1.0
2.8202791214 -1.0
2.82102513313 -1.0
2.82104706764 -1.0
2.82214307785 -1.0
2.825756073 -1.0
2.82638597488 -1.0
2.82683610916 -1.0
2.82723212242 -1.0
2.82723808289 1.0
2.82724308968 -1.0
2.82724499702 -1.0
2.84068202972 -1.0
2.84712314606 -1.0
2.90681505203 -1.0
4.99713897705 -1.0
4.99716496468 -1.0
5.01701116562 -1.0
6.99717617035 -1.0
7.32843708992 -1.0
7.4207611084 -1.0
7.97725510597 1.0
7.99814605713 -1.0
7.99839615822 -1.0
8.0187959671 -1.0
8.17523598671 -1.0
8.22295117378 -1.0
8.27439117432 -1.0
8.29468798637 -1.0
15.0348711014 -1.0
15.085529089 -1.0
