0.0118589401245 -1.0
0.0118701457977 1.0
0.0180931091309 -1.0
0.0378880500793 -1.0
0.107176065445 -1.0
0.129034042358 -1.0
0.151251077652 -1.0
0.170898914337 -1.0
0.216778039932 -1.0
0.221396923065 -1.0
0.241405010223 -1.0
0.299945116043 -1.0
0.307728052139 -1.0
0.361670970917 1.0
0.365572929382 -1.0
0.401335954666 -1.0
0.417554140091 -1.0
0.459968090057 -1.0
0.479594945908 -1.0
0.507560014725 -1.0
0.563974142075 -1.0
0.607474088669 -1.0
0.716012954712 -1.0
0.807219028473 -1.0
0.807241916656 -1.0
0.828930139542 -1.0
0.830070972443 -1.0
0.831895112991 1.0
0.852190971375 -1.0
0.871701002121 -1.0
0.90630197525 -1.0
0.968008041382 -1.0
0.98761510849 -1.0
1.10563993454 -1.0
1.12708806992 -1.0
1.30621814728 -1.0
1.37777709961 -1.0
1.40612912178 -1.0
1.42087101936 -1.0
1.4258389473 -1.0
1.42586398125 1.0
1.43399000168 -1.0
1.43551898003 -1.0
1.43959498405 -1.0
1.4454729557 -1.0
1.48040509224 -1.0
1.50636601448 -1.0
1.50639009476 -1.0
1.52632713318 -1.0
1.53050208092 1.0
1.55036997795 -1.0
1.6065120697 -1.0
1.63160991669 -1.0
1.65122413635 -1.0
1.7080719471 -1.0
1.71454596519 -1.0
1.72383093834 -1.0
1.74338293076 -1.0
1.80007505417 -1.0
1.80623102188 -1.0
1.80626797676 1.0
1.82655191422 -1.0
1.83391594887 -1.0
1.8534719944 -1.0
1.89206409454 -1.0
1.90635514259 -1.0
1.9119310379 -1.0
1.94804096222 -1.0
1.96781492233 -1.0
2.0067179203 -1.0
2.00674200058 -1.0
2.00680494308 -1.0
2.0279841423 -1.0
2.08806705475 -1.0
2.08808493614 1.0
2.1067609787 -1.0
2.12657308578 -1.0
2.14612793922 -1.0
2.20498394966 -1.0
2.30639505386 -1.0
2.30641913414 -1.0
2.31157302856 -1.0
2.32420611382 -1.0
2.32621598244 -1.0
2.32666993141 -1.0
2.32667708397 1.0
2.34428691864 -1.0
2.34621214867 -1.0
2.37350797653 -1.0
2.40593695641 -1.0
2.42617797852 -1.0
2.43050408363 -1.0
2.45015096664 -1.0
2.48817300797 -1.0
2.50827097893 -1.0
2.52877211571 -1.0
2.54883599281 -1.0
2.5776181221 1.0
2.58806300163 -1.0
2.60710811615 -1.0
2.60712909698 -1.0
2.61134409904 -1.0
2.62936210632 -1.0
2.64983701706 -1.0
2.70823311806 -1.0
2.71735310555 -1.0
2.71737098694 -1.0
2.72192597389 -1.0
2.72657108307 -1.0
2.7306599617 -1.0
2.73066711426 1.0
2.73855996132 -1.0
2.7444961071 -1.0
2.74635100365 -1.0
2.75878000259 -1.0
2.76609110832 -1.0
2.80576014519 -1.0
2.80578804016 -1.0
2.80818891525 -1.0
2.82671904564 -1.0
2.82832312584 -1.0
2.83205699921 -1.0
2.84649610519 -1.0
2.84651303291 1.0
2.84787511826 -1.0
2.90596199036 -1.0
2.90598201752 -1.0
2.90650010109 -1.0
2.90843605995 -1.0
2.92661309242 -1.0
2.92662501335 -1.0
2.92875814438 -1.0
2.9401371479 -1.0
2.94709897041 -1.0
2.94909501076 -1.0
2.94910907745 1.0
2.9674539566 -1.0
2.96949696541 -1.0
2.98774194717 -1.0
2.98954296112 -1.0
3.0057759285 -1.0
3.00912308693 -1.0
3.01043701172 -1.0
3.01706910133 -1.0
3.0259809494 -1.0
3.02988314629 -1.0
3.03065013885 -1.0
3.03065991402 1.0
3.04595708847 -1.0
3.05131006241 -1.0
3.05133199692 -1.0
3.06606602669 -1.0
3.07363510132 -1.0
3.1058280468 -1.0
3.105864048 -1.0
3.11101508141 -1.0
3.11172008514 -1.0
3.12711310387 -1.0
3.12881994247 -1.0
3.12882804871 1.0
3.14677095413 -1.0
3.20475006104 -1.0
3.20636606216 -1.0
3.20638298988 -1.0
3.21123313904 -1.0
3.21130108833 -1.0
3.2114109993 -1.0
3.21177101135 -1.0
3.22651195526 -1.0
3.22933006287 -1.0
3.23109507561 -1.0
3.2388510704 -1.0
3.23887491226 1.0
3.24610996246 -1.0
3.30536603928 -1.0
3.30539512634 -1.0
3.30914306641 -1.0
3.31000995636 -1.0
3.3262450695 -1.0
3.32969403267 -1.0
3.33026003838 -1.0
3.38820505142 -1.0
3.41002893448 -1.0
3.45608496666 -1.0
3.4563999176 1.0
3.51331114769 -1.0
3.61525011063 -1.0
3.8050069809 -1.0
3.90467596054 -1.0
4.00530600548 -1.0
4.02829909325 -1.0
4.03025698662 -1.0
4.04800009727 -1.0
4.27733612061 -1.0
4.29689311981 -1.0
4.30585598946 -1.0
4.30618596077 1.0
4.3642809391 -1.0
4.50646305084 -1.0
4.52661299706 -1.0
4.6065621376 -1.0
4.71709609032 -1.0
4.71713900566 -1.0
4.72105097771 -1.0
4.72446894646 -1.0
4.72511005402 -1.0
4.72587895393 -1.0
4.73724007607 -1.0
4.73727011681 1.0
4.74101209641 -1.0
4.8002641201 -1.0
4.80505108833 -1.0
4.84189200401 -1.0
4.86139392853 -1.0
4.94026398659 -1.0
4.97671794891 -1.0
5.1051170826 -1.0
5.16430711746 -1.0
5.25062704086 -1.0
5.29198002815 -1.0
5.30952000618 -1.0
5.37539505959 -1.0
5.37545609474 1.0
5.39489603043 -1.0
5.39499807358 -1.0
5.40824699402 -1.0
5.42116904259 -1.0
5.42795491219 -1.0
5.43768692017 -1.0
5.46876192093 -1.0
5.52562904358 -1.0
5.54543209076 -1.0
5.8581199646 -1.0
5.8581430912 1.0
6.01653599739 -1.0
6.43775892258 -1.0
6.49637913704 -1.0
7.43803191185 -1.0
7.43804693222 -1.0
7.45769405365 -1.0
8.43874812126 -1.0
8.43875598907 1.0
8.43882799149 -1.0
8.45860791206 -1.0
8.48250198364 -1.0
8.52516794205 -1.0
8.53020811081 -1.0
8.54462409019 -1.0
9.47669291496 -1.0
9.4965441227 -1.0
10.4389190674 -1.0
10.4587929249 -1.0
11.4391610622 -1.0
16.7569971085 -1.0
16.7570199966 1.0
16.9545309544 -1.0
16.9749059677 -1.0
