0.0464179515839 -1.0
0.0464270114899 1.0
0.102299928665 -1.0
0.12796998024 -1.0
0.186497926712 -1.0
0.207653999329 -1.0
0.239642858505 -1.0
0.239944934845 -1.0
0.248978853226 -1.0
0.259512901306 -1.0
0.279060840607 -1.0
0.338433980942 -1.0
0.345342874527 -1.0
0.369022846222 -1.0
0.38867688179 -1.0
0.388687849045 1.0
0.446512937546 -1.0
0.466267824173 -1.0
0.488786935806 -1.0
0.546226978302 -1.0
0.605180978775 -1.0
0.661141872406 -1.0
0.69687795639 -1.0
0.75319981575 -1.0
0.784197807312 -1.0
0.841672897339 -1.0
0.862999916077 -1.0
0.901489973068 1.0
0.968810796738 -1.0
1.15073895454 -1.0
1.19160199165 -1.0
1.34666490555 -1.0
1.36660289764 -1.0
1.41729784012 -1.0
1.44117689133 -1.0
1.44748592377 -1.0
1.45028090477 -1.0
1.46166801453 -1.0
1.46168994904 1.0
1.46248793602 -1.0
1.47145986557 -1.0
1.47682785988 -1.0
1.48405194283 -1.0
1.48430395126 -1.0
1.49148988724 -1.0
1.49477291107 -1.0
1.50157189369 -1.0
1.51426887512 -1.0
1.56006288528 -1.0
1.56752800941 -1.0
1.57456183434 -1.0
1.58100295067 -1.0
1.58101296425 1.0
1.59640884399 -1.0
1.60153698921 -1.0
1.62128782272 -1.0
1.67616581917 -1.0
1.67823386192 -1.0
1.72511792183 -1.0
1.72719788551 -1.0
1.77383685112 -1.0
1.77633094788 -1.0
1.78515791893 -1.0
1.78568601608 -1.0
1.79662394524 -1.0
1.79664802551 1.0
1.80566191673 -1.0
1.83516597748 -1.0
1.85687398911 -1.0
1.87819981575 -1.0
1.9381518364 -1.0
1.98710298538 -1.0
2.00728297234 -1.0
2.0130469799 -1.0
2.02847599983 -1.0
2.03304600716 -1.0
2.03306889534 1.0
2.0366358757 -1.0
2.05384778976 -1.0
2.11329388618 -1.0
2.13382196426 -1.0
2.1541519165 -1.0
2.21012282372 -1.0
2.21329188347 -1.0
2.2399828434 -1.0
2.26003098488 -1.0
2.27524185181 -1.0
2.28044199944 -1.0
2.28046989441 1.0
2.31961584091 -1.0
2.45479297638 -1.0
2.47473287582 -1.0
2.47825193405 -1.0
2.53452682495 -1.0
2.55404400826 -1.0
2.57461285591 -1.0
2.63472986221 -1.0
2.6553709507 -1.0
2.67171788216 -1.0
2.67641592026 -1.0
2.69428491592 -1.0
2.69605779648 -1.0
2.69607686996 1.0
2.69768595695 -1.0
2.71270179749 -1.0
2.71562981606 -1.0
2.7214038372 -1.0
2.73458790779 -1.0
2.74002981186 -1.0
2.74108481407 -1.0
2.74526786804 -1.0
2.74740099907 -1.0
2.75354099274 -1.0
2.75489783287 -1.0
2.75923585892 -1.0
2.76511192322 -1.0
2.76511979103 1.0
2.76631379128 -1.0
2.76942896843 -1.0
2.78074383736 -1.0
2.78766083717 -1.0
2.7901198864 -1.0
2.80665683746 -1.0
2.8170030117 -1.0
2.81714200974 -1.0
2.82762479782 -1.0
2.82968091965 -1.0
2.83925700188 -1.0
2.83997583389 -1.0
2.84521198273 -1.0
2.84523200989 1.0
2.84911894798 -1.0
2.85636591911 -1.0
2.85872483253 -1.0
2.87834000587 -1.0
2.87959098816 -1.0
2.88007593155 -1.0
2.88234186172 -1.0
2.88408493996 -1.0
2.88567686081 -1.0
2.88862085342 -1.0
2.89120793343 -1.0
2.89251995087 -1.0
2.89693284035 -1.0
2.90076994896 -1.0
2.90079379082 1.0
2.90506482124 -1.0
2.90783500671 -1.0
2.91215801239 -1.0
2.92123794556 -1.0
2.92359781265 -1.0
2.93206501007 -1.0
2.94041895866 -1.0
2.94313287735 -1.0
2.94314789772 -1.0
2.9456717968 -1.0
2.95347499847 -1.0
2.95752000809 -1.0
2.95752501488 1.0
2.96189594269 -1.0
2.96281599998 -1.0
2.96585798264 -1.0
2.97375488281 -1.0
2.97776985168 -1.0
2.97867584229 -1.0
2.98439884186 -1.0
2.99028801918 -1.0
2.99451994896 -1.0
2.99492192268 -1.0
2.99950480461 -1.0
3.01255488396 -1.0
3.01256299019 1.0
3.01276087761 -1.0
3.01729488373 -1.0
3.0292069912 -1.0
3.03803992271 -1.0
3.05761885643 -1.0
3.07420897484 -1.0
3.07787489891 -1.0
3.08204579353 -1.0
3.08823990822 -1.0
3.0941028595 -1.0
3.0945649147 -1.0
3.09864497185 -1.0
3.10139799118 -1.0
3.10140490532 1.0
3.10210990906 -1.0
3.1063477993 -1.0
3.11264395714 -1.0
3.1163790226 -1.0
3.12158179283 -1.0
3.12621092796 -1.0
3.12668180466 -1.0
3.13216590881 -1.0
3.13548183441 -1.0
3.13657188416 -1.0
3.14637589455 -1.0
3.15135002136 -1.0
3.15135788918 1.0
3.15368700027 -1.0
3.1540119648 -1.0
3.15427684784 -1.0
3.15455985069 -1.0
3.15508294106 -1.0
3.16958880424 -1.0
3.17162084579 -1.0
3.18340492249 -1.0
3.18358898163 -1.0
3.19123387337 -1.0
3.19393396378 -1.0
3.2030749321 -1.0
3.2093269825 -1.0
3.21569895744 -1.0
3.2157227993 1.0
3.22539997101 -1.0
3.22894787788 -1.0
3.22933793068 -1.0
3.22935080528 -1.0
3.23052883148 -1.0
3.23135089874 -1.0
3.23256087303 -1.0
3.23814082146 -1.0
3.24416399002 -1.0
3.24465489388 -1.0
3.24663090706 -1.0
3.24665188789 1.0
3.24954295158 -1.0
3.25125694275 -1.0
3.25458288193 -1.0
3.25859379768 -1.0
3.2632598877 -1.0
3.26789689064 -1.0
3.27125382423 -1.0
3.27193689346 -1.0
3.27568101883 -1.0
3.27951097488 -1.0
3.28138589859 -1.0
3.28276801109 -1.0
3.28364396095 -1.0
3.28365182877 1.0
3.28517580032 -1.0
3.28554487228 -1.0
3.2880089283 -1.0
3.29347085953 -1.0
3.29380083084 -1.0
3.29813194275 -1.0
3.300344944 -1.0
3.3099219799 -1.0
3.31024980545 -1.0
3.31612896919 -1.0
3.31748390198 -1.0
3.31749200821 1.0
3.32403182983 -1.0
3.32447099686 -1.0
3.32988381386 -1.0
3.33100795746 -1.0
3.33750295639 -1.0
3.33783197403 -1.0
3.34114980698 -1.0
3.34552192688 -1.0
3.34894585609 -1.0
3.34952187538 -1.0
3.34952998161 1.0
3.35040783882 -1.0
3.35497784615 -1.0
3.3595328331 -1.0
3.35998988152 -1.0
3.36215400696 -1.0
3.36624789238 -1.0
3.371270895 -1.0
3.37422800064 -1.0
3.37463593483 -1.0
3.37628483772 -1.0
3.37961697578 -1.0
3.38150000572 -1.0
3.38150787354 1.0
3.38310194016 -1.0
3.39150094986 -1.0
3.3959748745 -1.0
3.39711785316 -1.0
3.40541696548 -1.0
3.40850090981 -1.0
3.40947580338 -1.0
3.41690301895 -1.0
3.41985583305 -1.0
3.42480683327 -1.0
3.42792201042 -1.0
3.43266987801 -1.0
3.43267679214 1.0
3.43923902512 -1.0
3.43955302238 -1.0
3.4441409111 -1.0
3.44896793365 -1.0
3.45197200775 -1.0
3.45382881165 -1.0
3.46068286896 -1.0
3.46369194984 -1.0
3.46607589722 -1.0
3.47093296051 -1.0
3.47409701347 -1.0
3.47410488129 1.0
3.47726392746 -1.0
3.48384690285 -1.0
3.48578190804 -1.0
3.49294185638 -1.0
3.49656486511 -1.0
3.50882291794 -1.0
3.51260185242 -1.0
3.51909279823 -1.0
3.53331899643 -1.0
3.5393269062 -1.0
3.54369091988 -1.0
3.56121683121 -1.0
3.56124091148 1.0
3.5633559227 -1.0
3.56884884834 -1.0
3.58417487144 -1.0
3.58861899376 -1.0
3.59850788116 -1.0
3.60867595673 -1.0
3.61128091812 -1.0
3.61531090736 -1.0
3.63086986542 -1.0
3.63372993469 -1.0
3.63452482224 -1.0
3.64388394356 -1.0
3.65358901024 -1.0
3.66444993019 -1.0
3.664457798 1.0
3.67040681839 -1.0
3.67319488525 -1.0
3.68281388283 -1.0
3.68430995941 -1.0
3.68806791306 -1.0
3.70766997337 -1.0
3.71786999702 -1.0
3.7373650074 -1.0
3.79930901527 -1.0
3.90202188492 -1.0
3.95450091362 -1.0
3.9613609314 -1.0
3.96138882637 1.0
3.98484683037 -1.0
4.04259896278 -1.0
4.18656182289 -1.0
4.20639300346 -1.0
4.22680282593 -1.0
4.246352911 -1.0
4.3662648201 -1.0
4.4516108036 -1.0
4.45223879814 -1.0
4.45728683472 -1.0
4.4675989151 -1.0
4.46760988235 1.0
4.47215986252 -1.0
4.48690485954 -1.0
4.48718690872 -1.0
4.48815083504 -1.0
4.48858499527 -1.0
4.48924088478 -1.0
4.50689697266 -1.0
4.54817986488 -1.0
4.56514286995 -1.0
4.56515097618 -1.0
4.58518481255 -1.0
4.58521699905 1.0
4.63554191589 -1.0
4.6863899231 -1.0
4.80615901947 -1.0
4.96265101433 -1.0
5.11845898628 -1.0
5.14273095131 -1.0
5.14298200607 -1.0
5.16264486313 -1.0
5.16715788841 -1.0
5.16716480255 1.0
5.19046783447 -1.0
5.21014380455 -1.0
5.26033401489 -1.0
5.27074384689 -1.0
5.32771682739 -1.0
5.34721899033 -1.0
5.38102793694 -1.0
5.40065598488 -1.0
5.88825893402 -1.0
6.00926184654 -1.0
6.14810395241 1.0
6.1696639061 -1.0
6.2266099453 -1.0
7.16837191582 -1.0
7.16849589348 -1.0
7.18797302246 -1.0
7.47114801407 -1.0
7.6826748848 -1.0
7.72753190994 -1.0
8.1490278244 1.0
8.16978192329 -1.0
8.16980099678 -1.0
8.18944382668 -1.0
8.6934030056 -1.0
9.16838788986 -1.0
9.16858100891 -1.0
9.18791794777 -1.0
10.1687788963 -1.0
10.1888298988 -1.0
11.2437717915 -1.0
11.264236927 -1.0
15.7144188881 -1.0
15.7535059452 1.0
15.8339748383 -1.0
15.8536310196 -1.0
16.6909329891 -1.0
29.0623338223 -1.0
29.0627098083 -1.0
29.1012120247 -1.0
29.1603469849 -1.0
29.407034874 -1.0
