0.000470161437988 -1.0
0.0134410858154 -1.0
0.0134510993958 1.0
0.0715980529785 -1.0
0.0824191570282 -1.0
0.0933032035828 -1.0
0.115094184875 -1.0
0.152111053467 -1.0
0.1668009758 -1.0
0.173527002335 -1.0
0.195832967758 -1.0
0.215656995773 -1.0
0.242312192917 -1.0
0.262078046799 -1.0
0.278475046158 -1.0
0.281787157059 -1.0
0.281795024872 1.0
0.337618112564 -1.0
0.35746717453 -1.0
0.387471199036 -1.0
0.407191038132 -1.0
0.427133083344 -1.0
0.48455119133 -1.0
0.510709047318 -1.0
0.531689167023 -1.0
0.597390174866 -1.0
0.636488199234 1.0
0.656287193298 -1.0
0.676215171814 -1.0
0.696244001389 -1.0
0.716536998749 -1.0
0.719434976578 -1.0
0.776693105698 -1.0
0.836050033569 -1.0
0.994523048401 -1.0
0.994866132736 1.0
1.05351400375 -1.0
1.07555699348 -1.0
1.13318300247 -1.0
1.18772006035 -1.0
1.244161129 -1.0
1.29839420319 -1.0
1.35725808144 -1.0
1.3795042038 -1.0
1.53022503853 -1.0
1.55063414574 -1.0
1.55485320091 -1.0
1.57449507713 -1.0
1.6124830246 1.0
1.72015309334 -1.0
1.75597906113 -1.0
1.76242303848 -1.0
1.77621412277 -1.0
1.83378505707 -1.0
1.89220905304 -1.0
2.07312297821 -1.0
2.08666706085 -1.0
2.10743498802 -1.0
2.19849300385 -1.0
2.21810817719 -1.0
2.21814799309 1.0
2.399695158 -1.0
2.42411613464 -1.0
2.43400502205 -1.0
2.44308304787 -1.0
2.44391918182 -1.0
2.44691610336 -1.0
2.46408605576 -1.0
2.49880504608 -1.0
2.51858019829 -1.0
2.52402019501 -1.0
2.52522110939 -1.0
2.54359102249 -1.0
2.54629707336 1.0
2.58522605896 -1.0
2.60894107819 -1.0
2.66823506355 -1.0
2.69758915901 -1.0
2.70178699493 -1.0
2.76199197769 -1.0
2.8038880825 -1.0
2.82582616806 -1.0
2.83096718788 -1.0
2.83982610703 1.0
2.84582519531 -1.0
2.86534118652 -1.0
2.88183403015 -1.0
2.92432403564 -1.0
3.0083990097 -1.0
3.05108499527 -1.0
3.07436299324 -1.0
3.08590197563 -1.0
3.10558104515 -1.0
3.14447999001 -1.0
3.19338703156 -1.0
3.19345498085 1.0
3.21303319931 -1.0
3.21369218826 -1.0
3.23282599449 -1.0
3.24669718742 -1.0
3.28065013885 -1.0
3.38382220268 -1.0
3.38443112373 -1.0
3.39832806587 -1.0
3.40409708023 -1.0
3.4041800499 1.0
3.43197107315 -1.0
3.45182609558 -1.0
3.47703003883 -1.0
3.5040371418 -1.0
3.52972102165 -1.0
3.529733181 -1.0
3.52987909317 -1.0
3.53908109665 -1.0
3.54963517189 -1.0
3.55657219887 -1.0
3.55660915375 1.0
3.56971716881 -1.0
3.57654619217 -1.0
3.59297204018 -1.0
3.59626197815 -1.0
3.60636997223 -1.0
3.61649417877 -1.0
3.61650013924 -1.0
3.62594819069 -1.0
3.63188004494 -1.0
3.63253116608 -1.0
3.63254117966 -1.0
3.64529705048 -1.0
3.64630317688 -1.0
3.65190696716 -1.0
3.65202212334 1.0
3.65931510925 -1.0
3.67147898674 -1.0
3.70803713799 -1.0
3.71688699722 -1.0
3.71998715401 -1.0
3.7276070118 -1.0
3.73187398911 -1.0
3.74112510681 -1.0
3.74714207649 -1.0
3.75350904465 -1.0
3.7627120018 -1.0
3.77293300629 -1.0
3.77306509018 -1.0
3.77307200432 1.0
3.78303599358 -1.0
3.78545212746 -1.0
3.79330015182 -1.0
3.79370307922 -1.0
3.80570411682 -1.0
3.81280398369 -1.0
3.81541204453 -1.0
3.8330821991 -1.0
3.8330950737 -1.0
3.83507204056 -1.0
3.83629202843 -1.0
3.84136104584 -1.0
3.85619401932 -1.0
3.86300611496 -1.0
3.86301612854 1.0
3.87302517891 -1.0
3.88250398636 -1.0
3.91042709351 -1.0
3.9173681736 -1.0
3.9299530983 -1.0
3.93482017517 -1.0
3.93508815765 -1.0
3.93525004387 -1.0
3.93546104431 -1.0
3.94292211533 -1.0
3.94417905807 -1.0
3.94431018829 -1.0
3.94709300995 -1.0
3.94720101357 -1.0
3.94720411301 1.0
3.94992113113 -1.0
3.95491600037 -1.0
3.95560002327 -1.0
3.97517514229 -1.0
3.99516010284 -1.0
4.00840806961 -1.0
4.01580405235 -1.0
4.02687215805 -1.0
4.02800107002 -1.0
4.03127098083 -1.0
4.03287696838 -1.0
4.03640699387 -1.0
4.05091905594 -1.0
4.05092716217 1.0
4.05093312263 -1.0
4.05767416954 -1.0
4.06085205078 -1.0
4.07060408592 -1.0
4.10259199142 -1.0
4.10729598999 -1.0
4.10928106308 -1.0
4.11276912689 -1.0
4.11789703369 -1.0
4.11799097061 -1.0
4.1186580658 -1.0
4.1186811924 1.0
4.12188911438 -1.0
4.12222313881 -1.0
4.13208198547 -1.0
4.1325750351 -1.0
4.1330640316 -1.0
4.14231920242 -1.0
4.15158104897 -1.0
4.15605998039 -1.0
4.17124819756 -1.0
4.20772910118 -1.0
4.20990014076 -1.0
4.20992612839 1.0
4.21810317039 -1.0
4.23239898682 -1.0
4.23249006271 -1.0
4.23629713058 -1.0
4.23672699928 -1.0
4.25264406204 -1.0
4.27950906754 -1.0
4.29908013344 -1.0
4.30898618698 -1.0
4.3126540184 -1.0
4.31303119659 -1.0
4.31325912476 -1.0
4.32000207901 -1.0
4.32917714119 -1.0
4.32926917076 1.0
4.33406400681 -1.0
4.33421301842 -1.0
4.33507704735 -1.0
4.34260511398 -1.0
4.34880805016 -1.0
4.3615591526 -1.0
4.36903214455 -1.0
4.4116961956 -1.0
4.41212201118 -1.0
4.41249608994 -1.0
4.41827607155 -1.0
4.41828298569 1.0
4.42864203453 -1.0
4.45991611481 -1.0
4.47978520393 -1.0
4.48985910416 -1.0
4.509567976 -1.0
4.5107011795 -1.0
4.51595020294 -1.0
4.51700305939 -1.0
4.52041912079 -1.0
4.53034806252 -1.0
4.53049612045 -1.0
4.54296112061 -1.0
4.55029010773 -1.0
4.58386707306 -1.0
4.60350513458 -1.0
4.61181116104 -1.0
4.61184000969 1.0
4.62077307701 -1.0
4.63201117516 -1.0
4.64995503426 -1.0
4.65190315247 -1.0
4.65357613564 -1.0
4.67045617104 -1.0
4.68387317657 -1.0
4.70452213287 -1.0
4.71035504341 -1.0
4.7140750885 -1.0
4.71462011337 -1.0
4.72012400627 -1.0
4.72013902664 1.0
4.73049402237 -1.0
4.73624706268 -1.0
4.73677301407 -1.0
4.73709416389 -1.0
4.73742198944 -1.0
4.74450707436 -1.0
4.74656414986 -1.0
4.75810408592 -1.0
4.78305315971 -1.0
4.80480718613 -1.0
4.81277108192 -1.0
4.81365919113 -1.0
4.81684708595 -1.0
4.81699609756 1.0
4.83234000206 -1.0
4.83617210388 -1.0
4.83767199516 -1.0
4.84501314163 -1.0
4.8557870388 -1.0
4.86728000641 -1.0
4.87345504761 -1.0
4.87552714348 -1.0
4.91102910042 -1.0
4.91416597366 -1.0
4.91462802887 -1.0
4.92127108574 -1.0
4.93079614639 -1.0
4.93830800056 -1.0
4.93833708763 1.0
4.94119119644 -1.0
4.95801520348 -1.0
4.96263313293 -1.0
4.98362803459 -1.0
5.01362800598 -1.0
5.01625800133 -1.0
5.01653814316 -1.0
5.01670002937 -1.0
5.01762008667 -1.0
5.0203101635 -1.0
5.02033019066 1.0
5.0354180336 -1.0
5.0378510952 -1.0
5.0421640873 -1.0
5.06070899963 -1.0
5.07121014595 -1.0
5.09099817276 -1.0
5.11348605156 -1.0
5.11523413658 -1.0
5.1184489727 -1.0
5.13324213028 -1.0
5.13371419907 -1.0
5.14231204987 -1.0
5.16181397438 -1.0
5.18436717987 -1.0
5.18437600136 1.0
5.20465397835 -1.0
5.21516704559 -1.0
5.21624517441 -1.0
5.2250161171 -1.0
5.23547315598 -1.0
5.24161911011 -1.0
5.24383616447 -1.0
5.25630617142 -1.0
5.26772999763 -1.0
5.27607417107 -1.0
5.3127720356 -1.0
5.315980196 -1.0
5.31600809097 1.0
5.31793904305 -1.0
5.32295703888 -1.0
5.33630800247 -1.0
5.34070301056 -1.0
5.3606171608 -1.0
5.36673307419 -1.0
5.38059306145 -1.0
5.41528916359 -1.0
5.41792917252 -1.0
5.41862106323 -1.0
5.42647719383 -1.0
5.43725609779 -1.0
5.44203400612 -1.0
5.44205307961 1.0
5.45360612869 -1.0
5.45667505264 -1.0
5.49040102959 -1.0
5.49385309219 -1.0
5.51032209396 -1.0
5.51404905319 -1.0
5.51472806931 -1.0
5.51853704453 -1.0
5.52325510979 -1.0
5.53024601936 -1.0
5.54043602943 -1.0
5.54444909096 -1.0
5.56027507782 -1.0
5.56028199196 1.0
5.568349123 -1.0
5.58077216148 -1.0
5.61447811127 -1.0
5.61536312103 -1.0
5.61712503433 -1.0
5.62443804741 -1.0
5.63501811028 -1.0
5.6456182003 -1.0
5.65451717377 -1.0
5.66693902016 -1.0
5.67396116257 -1.0
5.6744120121 -1.0
5.68758201599 -1.0
5.68759918213 -1.0
5.71319699287 -1.0
5.71320414543 1.0
5.71407604218 -1.0
5.71604800224 -1.0
5.71641802788 -1.0
5.72035098076 -1.0
5.72600007057 -1.0
5.72665119171 -1.0
5.73410105705 -1.0
5.73792099953 -1.0
5.74294519424 -1.0
5.74696516991 -1.0
5.75377702713 -1.0
5.77351999283 -1.0
5.77353000641 1.0
5.80418896675 -1.0
5.83948802948 -1.0
5.86625313759 -1.0
5.8918030262 -1.0
5.94816708565 -1.0
5.94818019867 -1.0
5.96035218239 -1.0
5.96872019768 -1.0
5.98946404457 -1.0
5.99759197235 1.0
6.01745319366 -1.0
6.03717303276 -1.0
6.27705001831 -1.0
6.27751612663 -1.0
6.28420305252 -1.0
6.29709911346 -1.0
6.39424920082 -1.0
6.39778208733 -1.0
6.41376709938 -1.0
6.45008516312 -1.0
6.57931303978 -1.0
6.57933402061 1.0
7.057046175 -1.0
7.07737517357 -1.0
7.15344810486 -1.0
8.01844406128 -1.0
9.02081203461 -1.0
9.02123999596 -1.0
9.04047298431 -1.0
9.73166513443 -1.0
9.9996881485 1.0
10.0197629929 -1.0
10.0200610161 -1.0
10.0399641991 -1.0
10.2295429707 -1.0
11.0204691887 -1.0
11.0211200714 -1.0
11.0211250782 -1.0
11.0403101444 -1.0
15.7324872017 -1.0
15.7521641254 -1.0
15.9306590557 -1.0
15.9306821823 1.0
15.9855430126 -1.0
25.0383861065 -1.0
