0.0507509708405 -1.0
0.0510251522064 1.0
0.106840133667 -1.0
0.130445957184 -1.0
0.144191026688 -1.0
0.163819074631 -1.0
0.20299911499 -1.0
0.221653938293 -1.0
0.259068965912 -1.0
0.265069007874 -1.0
0.284649133682 -1.0
0.31866312027 -1.0
0.318679094315 1.0
0.332989931107 -1.0
0.338106155396 -1.0
0.346563100815 -1.0
0.357888936996 -1.0
0.377602100372 -1.0
0.41890501976 -1.0
0.433841943741 -1.0
0.474827051163 -1.0
0.489654064178 -1.0
0.572011947632 -1.0
0.631057024002 -1.0
0.647439002991 -1.0
0.648219108582 1.0
0.681647062302 -1.0
0.732363939285 -1.0
0.737534999847 -1.0
0.790897130966 -1.0
0.941604137421 -1.0
0.992712974548 -1.0
1.0498380661 -1.0
1.10731291771 -1.0
1.31734013557 -1.0
1.33737111092 -1.0
1.35136604309 -1.0
1.41357707977 -1.0
1.41358995438 1.0
1.45357513428 -1.0
1.4732260704 -1.0
1.53499102592 -1.0
1.55488801003 -1.0
1.64690494537 -1.0
1.75541901588 -1.0
1.77505898476 -1.0
1.77810502052 -1.0
1.79469299316 -1.0
1.7982070446 -1.0
1.7982339859 1.0
1.80321907997 -1.0
1.80475091934 -1.0
1.81796097755 -1.0
1.8215470314 -1.0
1.83752799034 -1.0
1.84001708031 -1.0
1.86022114754 -1.0
1.88832592964 -1.0
1.91525197029 -1.0
1.93495202065 -1.0
1.95775103569 -1.0
1.95777702332 1.0
1.96400308609 -1.0
1.98042798042 -1.0
1.98407411575 -1.0
2.00357103348 -1.0
2.06329703331 -1.0
2.07771801949 -1.0
2.13094592094 -1.0
2.17784309387 -1.0
2.19515609741 1.0
2.204185009 -1.0
2.2371981144 -1.0
2.2421541214 -1.0
2.28137612343 -1.0
2.30094814301 -1.0
2.33915710449 -1.0
2.35765910149 -1.0
2.37762308121 -1.0
2.4350669384 -1.0
2.47375011444 -1.0
2.50143504143 -1.0
2.50147795677 1.0
2.51489901543 -1.0
2.52156496048 -1.0
2.55708193779 -1.0
2.62196302414 -1.0
2.64213204384 -1.0
2.66173100471 -1.0
2.70806407928 -1.0
2.70854115486 1.0
2.72835993767 -1.0
2.75968503952 -1.0
2.75969910622 -1.0
2.77369594574 -1.0
2.77949905396 -1.0
2.88175296783 -1.0
2.88958096504 -1.0
2.89157795906 -1.0
2.90149593353 -1.0
2.90169906616 -1.0
2.90819001198 -1.0
2.9167470932 -1.0
2.92799711227 -1.0
2.92800593376 1.0
2.93459606171 -1.0
2.94781494141 -1.0
2.95608997345 -1.0
2.9675180912 -1.0
2.98133611679 -1.0
2.98362898827 -1.0
2.98735904694 -1.0
2.99071097374 -1.0
3.00040102005 -1.0
3.00717496872 -1.0
3.01645612717 -1.0
3.02534604073 -1.0
3.03493499756 -1.0
3.0364780426 -1.0
3.08191895485 -1.0
3.08194613457 1.0
3.08460307121 -1.0
3.09151411057 -1.0
3.09383296967 -1.0
3.1041431427 -1.0
3.11353802681 -1.0
3.11375308037 -1.0
3.13463306427 -1.0
3.14415812492 -1.0
3.14576411247 -1.0
3.15417909622 -1.0
3.157984972 -1.0
3.17771792412 -1.0
3.18461298943 -1.0
3.18464112282 1.0
3.18488192558 -1.0
3.19326400757 -1.0
3.20514011383 -1.0
3.20854115486 -1.0
3.22839903831 -1.0
3.2306060791 -1.0
3.2310321331 -1.0
3.23143196106 -1.0
3.23180603981 -1.0
3.23237299919 -1.0
3.23275113106 -1.0
3.23319411278 -1.0
3.23349094391 -1.0
3.25044798851 -1.0
3.25097894669 -1.0
3.25656509399 -1.0
3.27081298828 -1.0
3.27089810371 1.0
3.28635597229 -1.0
3.28821897507 -1.0
3.28823208809 -1.0
3.29027700424 -1.0
3.29621005058 -1.0
3.31594204903 -1.0
3.32132005692 -1.0
3.34105706215 -1.0
3.34872293472 -1.0
3.36836695671 -1.0
3.38523197174 -1.0
3.38677000999 -1.0
3.38731408119 -1.0
3.39441514015 -1.0
3.40470194817 -1.0
3.40492200851 -1.0
3.41417002678 -1.0
3.41417908669 1.0
3.41457509995 -1.0
3.43397808075 -1.0
3.45200395584 -1.0
3.45398211479 -1.0
3.48664307594 -1.0
3.48665714264 -1.0
3.48868894577 -1.0
3.50627112389 -1.0
3.54530405998 -1.0
3.55537295341 -1.0
3.56738710403 -1.0
3.60323596001 -1.0
3.64750814438 -1.0
3.64753103256 -1.0
3.64756894112 1.0
3.66816496849 -1.0
3.74406909943 -1.0
3.74563002586 -1.0
3.7456510067 -1.0
3.75458502769 -1.0
3.76571011543 -1.0
3.80306601524 -1.0
3.85763812065 -1.0
3.85766005516 -1.0
3.86288905144 -1.0
3.8665471077 -1.0
3.87732195854 -1.0
3.91409993172 1.0
3.91522598267 -1.0
3.94870996475 -1.0
3.94873094559 -1.0
3.95535206795 -1.0
3.96888494492 -1.0
4.01120305061 -1.0
4.04629397392 -1.0
4.04631710052 -1.0
4.05119800568 -1.0
4.06596899033 -1.0
4.10327601433 -1.0
4.14581298828 -1.0
4.14583492279 -1.0
4.14587497711 1.0
4.15369510651 -1.0
4.15520000458 -1.0
4.16691803932 -1.0
4.20313811302 -1.0
4.24631094933 -1.0
4.24633193016 -1.0
4.24968314171 -1.0
4.25105500221 -1.0
4.26588892937 -1.0
4.30708408356 -1.0
4.34770703316 -1.0
4.34773612022 -1.0
4.35104799271 -1.0
4.36744999886 -1.0
4.36754798889 1.0
4.38748311996 -1.0
4.38916492462 -1.0
4.40725493431 -1.0
4.44580698013 -1.0
4.44582700729 -1.0
4.45218515396 -1.0
4.46546006203 -1.0
4.48988604546 -1.0
4.49245095253 -1.0
4.50943493843 -1.0
4.54435992241 -1.0
4.54438495636 -1.0
4.55615210533 -1.0
4.55615997314 1.0
4.56393504143 -1.0
4.64582705498 -1.0
4.64585900307 -1.0
4.64935302734 -1.0
4.65097808838 -1.0
4.66534495354 -1.0
4.66546392441 -1.0
4.68769693375 -1.0
4.68969392776 -1.0
4.69031000137 -1.0
4.70718193054 -1.0
4.70932006836 -1.0
4.74445199966 -1.0
4.74446702003 1.0
4.76229906082 -1.0
4.76418113708 -1.0
4.76469707489 -1.0
4.78397393227 -1.0
4.79154396057 -1.0
4.79179215431 -1.0
4.79366493225 -1.0
4.79972910881 -1.0
4.80350708961 -1.0
4.85123991966 -1.0
4.86183595657 -1.0
4.86184406281 -1.0
4.86187601089 1.0
4.8941590786 -1.0
4.89474391937 -1.0
4.90347909927 -1.0
4.91377806664 -1.0
4.92037892342 -1.0
4.92391204834 -1.0
4.93050408363 -1.0
4.93359494209 -1.0
4.95341992378 -1.0
4.96587705612 -1.0
4.96590805054 1.0
4.99183607101 -1.0
4.99228096008 -1.0
5.00178599358 -1.0
5.01191711426 -1.0
5.0182299614 -1.0
5.03774094582 -1.0
5.04331111908 -1.0
5.06299304962 -1.0
5.07236194611 -1.0
5.08276796341 -1.0
5.0926361084 -1.0
5.09345793724 -1.0
5.10223197937 -1.0
5.10240793228 -1.0
5.11490702629 -1.0
5.1149160862 1.0
5.12443709373 -1.0
5.13481903076 -1.0
5.14749002457 -1.0
5.16413593292 -1.0
5.18387413025 -1.0
5.19593214989 -1.0
5.19594693184 -1.0
5.1979739666 -1.0
5.19874691963 -1.0
5.2045750618 -1.0
5.2155649662 -1.0
5.23505115509 -1.0
5.23505997658 1.0
5.25517392159 -1.0
5.26452493668 -1.0
5.27434706688 -1.0
5.27469491959 -1.0
5.28371810913 -1.0
5.28432297707 -1.0
5.29535603523 -1.0
5.30254006386 -1.0
5.31503510475 -1.0
5.31975603104 -1.0
5.32385492325 -1.0
5.33930802345 -1.0
5.33931493759 1.0
5.3646569252 -1.0
5.39315509796 -1.0
5.39413309097 -1.0
5.39638805389 -1.0
5.39656209946 -1.0
5.39679813385 -1.0
5.39765501022 -1.0
5.39822697639 -1.0
5.40269398689 -1.0
5.41409301758 -1.0
5.41625809669 -1.0
5.41980910301 -1.0
5.41981911659 1.0
5.42863202095 -1.0
5.43586492538 -1.0
5.48717904091 -1.0
5.49362397194 -1.0
5.49629306793 -1.0
5.50340199471 -1.0
5.51318907738 -1.0
5.51988911629 -1.0
5.5253329277 -1.0
5.52535796165 1.0
5.53278112411 -1.0
5.57293105125 -1.0
5.59253692627 -1.0
5.59609007835 -1.0
5.59636211395 -1.0
5.59646296501 -1.0
5.60558009148 -1.0
5.61270093918 -1.0
5.61829400063 -1.0
5.62787914276 -1.0
5.63798213005 -1.0
5.65230202675 -1.0
5.66239714622 -1.0
5.67190694809 -1.0
5.67191314697 1.0
5.69156694412 -1.0
5.69504308701 -1.0
5.69583106041 -1.0
5.70442414284 -1.0
5.71074700356 -1.0
5.71465611458 -1.0
5.7206389904 -1.0
5.72369098663 -1.0
5.73451113701 -1.0
5.74836111069 -1.0
5.75414299965 -1.0
5.79511904716 -1.0
5.80470013618 -1.0
5.80472302437 1.0
5.81384110451 -1.0
5.81536793709 -1.0
5.82418704033 -1.0
5.83355093002 -1.0
5.85214710236 -1.0
5.87180113792 -1.0
5.87468600273 -1.0
5.88822293282 -1.0
5.8914680481 -1.0
5.8972260952 -1.0
5.90439009666 -1.0
5.90439891815 1.0
5.91535305977 -1.0
5.91681408882 -1.0
5.92203998566 -1.0
5.92457199097 -1.0
5.94163799286 -1.0
5.96725010872 -1.0
5.98075008392 -1.0
5.9867079258 -1.0
5.99599099159 -1.0
6.00621700287 -1.0
6.00664401054 -1.0
6.01169896126 -1.0
6.02232909203 -1.0
6.02507615089 -1.0
6.03057694435 -1.0
6.03116393089 -1.0
6.07008695602 1.0
6.15108895302 -1.0
6.17076611519 -1.0
6.22731399536 -1.0
7.16450595856 -1.0
7.18405795097 -1.0
7.56434702873 -1.0
8.16452312469 -1.0
8.16453409195 1.0
8.16474509239 -1.0
8.16482400894 -1.0
8.18419599533 -1.0
8.50406312943 -1.0
9.16492915154 -1.0
9.16514492035 -1.0
9.18450093269 -1.0
9.40850996971 -1.0
9.50901198387 -1.0
10.165612936 -1.0
10.1850800514 -1.0
11.146654129 1.0
11.1665849686 -1.0
11.1666231155 -1.0
11.1864840984 -1.0
12.1668770313 -1.0
16.447977066 -1.0
16.4679410458 -1.0
