0.0170440673828 -1.0
0.0172860622406 1.0
0.0750970840454 -1.0
0.094710111618 -1.0
0.116537094116 -1.0
0.143310070038 -1.0
0.180071115494 -1.0
0.235867023468 -1.0
0.255656003952 -1.0
0.275640964508 -1.0
0.295267105103 -1.0
0.303323984146 -1.0
0.30436706543 -1.0
0.315021038055 -1.0
0.316533088684 1.0
0.316699981689 -1.0
0.33663392067 -1.0
0.383078098297 -1.0
0.406080007553 -1.0
0.42619395256 -1.0
0.45143699646 -1.0
0.567995071411 -1.0
0.592251062393 -1.0
0.633611917496 -1.0
0.648437023163 -1.0
0.649435997009 1.0
0.668755054474 -1.0
0.707493066788 -1.0
0.727307081223 -1.0
0.78718495369 -1.0
0.848405122757 -1.0
0.907403945923 -1.0
0.967276096344 -1.0
1.03526210785 -1.0
1.17688202858 -1.0
1.23516607285 -1.0
1.25513195992 -1.0
1.35673809052 -1.0
1.35711193085 1.0
1.41520810127 -1.0
1.54615807533 -1.0
1.6537001133 -1.0
1.6539440155 -1.0
1.67376613617 -1.0
1.67382311821 -1.0
1.67396211624 -1.0
1.67955613136 -1.0
1.67962098122 -1.0
1.6806769371 -1.0
1.68073701859 -1.0
1.68087601662 -1.0
1.68416213989 -1.0
1.69364213943 -1.0
1.70159912109 -1.0
1.71321892738 -1.0
1.72144198418 -1.0
1.7214679718 1.0
1.72151303291 -1.0
1.73496198654 -1.0
1.74130392075 -1.0
1.75359606743 -1.0
1.75362992287 -1.0
1.77316808701 -1.0
1.77851009369 -1.0
1.77857112885 -1.0
1.78797006607 -1.0
1.78802394867 -1.0
1.78820109367 -1.0
1.79281592369 -1.0
1.81606292725 -1.0
1.81607794762 1.0
1.83585500717 -1.0
1.88718008995 -1.0
1.88721299171 -1.0
1.88737797737 -1.0
1.94356298447 -1.0
1.95397901535 -1.0
1.96395206451 -1.0
2.01123905182 -1.0
2.03098797798 -1.0
2.03365206718 -1.0
2.04264307022 -1.0
2.04726004601 1.0
2.05365610123 -1.0
2.06656098366 -1.0
2.08608412743 -1.0
2.15371513367 -1.0
2.17335510254 -1.0
2.17974901199 -1.0
2.19304513931 -1.0
2.22506594658 -1.0
2.2589070797 -1.0
2.27254104614 -1.0
2.27852892876 -1.0
2.30332493782 -1.0
2.33948302269 1.0
2.35933113098 -1.0
2.3987660408 -1.0
2.4159719944 -1.0
2.41995191574 -1.0
2.43700695038 -1.0
2.43956208229 -1.0
2.46125292778 -1.0
2.53590393066 -1.0
2.55571007729 -1.0
2.55574512482 1.0
2.57543897629 -1.0
2.63341403008 -1.0
2.65555596352 -1.0
2.66506409645 -1.0
2.67649102211 -1.0
2.68209695816 -1.0
2.68381214142 -1.0
2.68422913551 -1.0
2.68424510956 1.0
2.69813013077 -1.0
2.74140095711 -1.0
2.75387811661 -1.0
2.75798010826 -1.0
2.76337194443 -1.0
2.77277398109 -1.0
2.77340507507 -1.0
2.7788901329 -1.0
2.78218507767 -1.0
2.79387497902 -1.0
2.79874706268 -1.0
2.81841993332 -1.0
2.85910511017 -1.0
2.85913205147 1.0
2.86855506897 -1.0
2.8751001358 -1.0
2.88557004929 -1.0
2.89016413689 -1.0
2.89298200607 -1.0
2.90514707565 -1.0
2.9513361454 -1.0
2.95880413055 -1.0
2.9637799263 -1.0
2.96763110161 -1.0
2.96765398979 1.0
2.98356199265 -1.0
2.99003314972 -1.0
3.00305914879 -1.0
3.01238107681 -1.0
3.02258205414 -1.0
3.04241108894 -1.0
3.05721497536 -1.0
3.06111812592 -1.0
3.06205391884 -1.0
3.0770509243 -1.0
3.08180212975 -1.0
3.08612012863 -1.0
3.08614397049 1.0
3.08669114113 -1.0
3.10135698318 -1.0
3.10938405991 -1.0
3.12093901634 -1.0
3.15761399269 -1.0
3.1768181324 -1.0
3.17776203156 -1.0
3.18223595619 -1.0
3.18443107605 -1.0
3.1845600605 -1.0
3.18611693382 -1.0
3.19751095772 -1.0
3.20187306404 -1.0
3.20189714432 1.0
3.20246100426 -1.0
3.20383906364 -1.0
3.20496511459 -1.0
3.20543909073 -1.0
3.21460700035 -1.0
3.21757507324 -1.0
3.23733305931 -1.0
3.26575493813 -1.0
3.27842998505 -1.0
3.28254413605 -1.0
3.28393292427 -1.0
3.28395414352 1.0
3.28598594666 -1.0
3.33946299553 -1.0
3.34328508377 -1.0
3.3578350544 -1.0
3.3611869812 -1.0
3.36141204834 -1.0
3.36176109314 -1.0
3.36306095123 -1.0
3.36729598045 -1.0
3.36938500404 -1.0
3.38271212578 -1.0
3.38293004036 -1.0
3.38294792175 1.0
3.38390803337 -1.0
3.3961391449 -1.0
3.40254807472 -1.0
3.4224050045 -1.0
3.45829296112 -1.0
3.46766114235 -1.0
3.47796797752 -1.0
3.48789405823 -1.0
3.50755095482 -1.0
3.51220297813 -1.0
3.53171992302 -1.0
3.53172802925 -1.0
3.53187608719 1.0
3.54531407356 -1.0
3.55213308334 -1.0
3.56792402267 -1.0
3.57181406021 -1.0
3.57841610909 -1.0
3.59412312508 -1.0
3.59806704521 -1.0
3.60518097878 -1.0
3.61317300797 -1.0
3.62476396561 -1.0
3.65847992897 -1.0
3.66894412041 -1.0
3.67822098732 -1.0
3.68515706062 -1.0
3.69449996948 -1.0
3.69452309608 1.0
3.70530891418 -1.0
3.70570898056 -1.0
3.74856305122 -1.0
3.75922393799 -1.0
3.76498103142 -1.0
3.76901102066 -1.0
3.77957892418 -1.0
3.79022598267 -1.0
3.8111550808 -1.0
3.85912394524 -1.0
3.86734199524 -1.0
3.86736297607 1.0
3.86874103546 -1.0
3.88703894615 -1.0
3.88725209236 -1.0
3.90602898598 -1.0
3.90705394745 -1.0
3.94349098206 -1.0
3.96143293381 -1.0
3.96326494217 -1.0
3.97074508667 -1.0
3.97077012062 1.0
3.98303508759 -1.0
3.98844599724 -1.0
3.99869894981 -1.0
4.00325703621 -1.0
4.05209112167 -1.0
4.06061410904 -1.0
4.06162595749 -1.0
4.07177305222 -1.0
4.09081912041 -1.0
4.09084391594 1.0
4.09091591835 -1.0
4.09213805199 -1.0
4.10120606422 -1.0
4.1117169857 -1.0
4.16102814674 -1.0
4.1705031395 -1.0
4.17107009888 -1.0
4.18496012688 -1.0
4.19443893433 -1.0
4.20465993881 -1.0
4.26292610168 -1.0
4.2629570961 1.0
4.26335406303 -1.0
4.27289700508 -1.0
4.28811311722 -1.0
4.29247307777 -1.0
4.29334712029 -1.0
4.3122241497 -1.0
4.36166000366 -1.0
4.37138700485 -1.0
4.37203192711 -1.0
4.37205004692 1.0
4.3869740963 -1.0
4.39100003242 -1.0
4.39637994766 -1.0
4.41605710983 -1.0
4.46219015121 -1.0
4.47161912918 -1.0
4.4750521183 -1.0
4.49114894867 -1.0
4.50091099739 -1.0
4.51093006134 -1.0
4.56113910675 -1.0
4.56120300293 1.0
4.56728196144 -1.0
4.57044911385 -1.0
4.58651709557 -1.0
4.58732104301 -1.0
4.59019804001 -1.0
4.60695195198 -1.0
4.64339900017 -1.0
4.66136407852 -1.0
4.66304802895 -1.0
4.66314911842 1.0
4.66409897804 -1.0
4.67081093788 -1.0
4.68378210068 -1.0
4.69524002075 -1.0
4.70221710205 -1.0
4.71428799629 -1.0
4.71476101875 -1.0
4.73896193504 -1.0
4.7586979866 -1.0
4.77217292786 -1.0
4.78055906296 -1.0
4.78826808929 -1.0
4.78829312325 1.0
4.78908610344 -1.0
4.79254293442 -1.0
4.80034804344 -1.0
4.85944199562 -1.0
4.8793759346 -1.0
4.88697004318 -1.0
4.89447593689 -1.0
4.8973300457 -1.0
4.89756703377 -1.0
4.89951705933 -1.0
4.91288495064 -1.0
4.91290807724 1.0
4.91407012939 -1.0
4.91908502579 -1.0
4.96482300758 -1.0
4.9741499424 -1.0
4.97511100769 -1.0
4.99177908897 -1.0
4.99214291573 -1.0
5.00122404099 -1.0
5.00144696236 -1.0
5.01307797432 -1.0
5.04931211472 -1.0
5.0493209362 1.0
5.06575703621 -1.0
5.07090997696 -1.0
5.07670307159 -1.0
5.08469009399 -1.0
5.0980219841 -1.0
5.10691595078 -1.0
5.11638307571 -1.0
5.1263821125 -1.0
5.16649794579 -1.0
5.18717002869 -1.0
5.18747901917 -1.0
5.19284105301 -1.0
5.19435405731 -1.0
5.19437098503 1.0
5.20748305321 -1.0
5.24340891838 -1.0
5.26295304298 -1.0
5.26475310326 -1.0
5.27600312233 -1.0
5.28427100182 -1.0
5.29528093338 -1.0
5.30643391609 -1.0
5.31492209435 -1.0
5.3635430336 -1.0
5.36844801903 -1.0
5.37095499039 -1.0
5.3709769249 1.0
5.38918995857 -1.0
5.39060306549 -1.0
5.39354205132 -1.0
5.39483809471 -1.0
5.39814305305 -1.0
5.41015601158 -1.0
5.46008014679 -1.0
5.4653069973 -1.0
5.46765494347 -1.0
5.46767401695 1.0
5.46784710884 -1.0
5.46806502342 -1.0
5.46959614754 -1.0
5.48018813133 -1.0
5.49988508224 -1.0
5.56500506401 -1.0
5.5864751339 -1.0
5.59297800064 -1.0
5.5936050415 -1.0
5.59436511993 -1.0
5.59676504135 -1.0
5.60628199577 -1.0
5.60628914833 1.0
5.62593412399 -1.0
5.64570403099 -1.0
5.66564297676 -1.0
5.67608094215 -1.0
5.68545103073 -1.0
5.69230604172 -1.0
5.70085906982 -1.0
5.7108631134 -1.0
5.71199011803 -1.0
5.72505092621 -1.0
5.74470496178 -1.0
5.76699900627 -1.0
5.76833701134 -1.0
5.76836109161 1.0
5.76921200752 -1.0
5.78004693985 -1.0
5.78670096397 -1.0
5.80262494087 -1.0
5.80624294281 -1.0
5.8622341156 -1.0
5.86316013336 -1.0
5.88263607025 -1.0
5.8853430748 -1.0
5.89219093323 -1.0
5.89489603043 -1.0
5.90222501755 -1.0
5.90224599838 1.0
5.90783309937 -1.0
5.91729807854 -1.0
5.92180609703 -1.0
5.96604609489 -1.0
5.96730303764 -1.0
5.97567391396 -1.0
5.98570299149 -1.0
5.99510097504 -1.0
6.00385212898 -1.0
6.01461911201 -1.0
6.01462697983 -1.0
6.01502394676 -1.0
6.02464795113 -1.0
6.02774906158 -1.0
6.0277569294 1.0
6.03423213959 -1.0
6.05454206467 -1.0
6.06600213051 -1.0
6.06642913818 -1.0
6.0743200779 -1.0
6.08664512634 -1.0
6.08999013901 -1.0
6.10618710518 -1.0
6.14607310295 -1.0
6.14621496201 -1.0
6.14635801315 -1.0
6.14668893814 -1.0
6.14717698097 -1.0
6.14719891548 1.0
6.14750909805 -1.0
6.15323615074 -1.0
6.16316199303 -1.0
6.17082500458 -1.0
6.18016791344 -1.0
6.18271994591 -1.0
6.20416593552 -1.0
6.21482896805 -1.0
6.22381806374 -1.0
6.28313708305 -1.0
6.31863594055 -1.0
6.31868004799 1.0
6.39586997032 -1.0
6.48686099052 -1.0
6.50674796104 -1.0
6.7979259491 -1.0
6.7987370491 -1.0
6.81113696098 -1.0
6.81828212738 -1.0
6.93136692047 -1.0
6.9513130188 -1.0
7.10596013069 -1.0
7.10597896576 1.0
7.48691797256 -1.0
7.48701000214 -1.0
7.50713801384 -1.0
8.49253201485 -1.0
8.51210594177 -1.0
8.93652105331 -1.0
8.97543001175 -1.0
10.4926979542 -1.0
11.4737000465 1.0
11.4930291176 -1.0
11.4934461117 -1.0
11.4934511185 -1.0
11.4936280251 -1.0
11.5126080513 -1.0
16.0268900394 -1.0
16.1850030422 -1.0
16.2054071426 -1.0
