0.0177121162415 -1.0
0.0521011352539 -1.0
0.0524909496307 1.0
0.0856640338898 -1.0
0.145581960678 -1.0
0.19326210022 -1.0
0.197200059891 -1.0
0.235641002655 -1.0
0.255131006241 -1.0
0.292416095734 -1.0
0.317598104477 -1.0
0.339930057526 -1.0
0.339982032776 -1.0
0.359626054764 -1.0
0.376236915588 -1.0
0.396004915237 -1.0
0.399626016617 1.0
0.403172016144 -1.0
0.419330120087 -1.0
0.49661898613 -1.0
0.5256690979 -1.0
0.582989931107 -1.0
0.642585039139 -1.0
0.698822975159 -1.0
0.754910945892 -1.0
0.77533698082 -1.0
0.812389135361 -1.0
0.81240105629 1.0
0.827189922333 -1.0
0.83308506012 -1.0
0.910892009735 -1.0
0.945714950562 -1.0
1.00284790993 -1.0
1.22041201591 -1.0
1.28776502609 -1.0
2.09212112427 -1.0
2.09215593338 -1.0
2.09226202965 -1.0
2.10174608231 -1.0
2.10175704956 1.0
2.10191011429 -1.0
2.11219501495 -1.0
2.11717700958 -1.0
2.1173081398 -1.0
2.11810898781 -1.0
2.11840105057 -1.0
2.11850810051 -1.0
2.12256503105 -1.0
2.1318321228 -1.0
2.13924098015 -1.0
2.13924908638 1.0
2.14453911781 -1.0
2.15138292313 -1.0
2.17962503433 -1.0
2.19093394279 -1.0
2.19955396652 -1.0
2.21732711792 -1.0
2.21737408638 -1.0
2.21909594536 -1.0
2.25648593903 -1.0
2.25780010223 -1.0
2.26745605469 -1.0
2.26749992371 -1.0
2.28727006912 -1.0
2.28738212585 1.0
2.3101041317 -1.0
2.36839008331 -1.0
2.38901305199 -1.0
2.43863201141 -1.0
2.45863699913 -1.0
2.47107005119 -1.0
2.47813510895 -1.0
2.52314209938 -1.0
2.53656196594 -1.0
2.54065108299 1.0
2.54267692566 -1.0
2.56083798409 -1.0
2.59295606613 -1.0
2.61953091621 -1.0
2.62312102318 -1.0
2.63645100594 -1.0
2.63898396492 -1.0
2.67668509483 -1.0
2.69735693932 -1.0
2.75539493561 -1.0
2.75563406944 1.0
2.77502799034 -1.0
2.79302597046 -1.0
2.79357790947 -1.0
2.81289410591 -1.0
2.85107302666 -1.0
2.86438512802 -1.0
2.88498091698 -1.0
2.90462613106 -1.0
3.00814700127 -1.0
3.00819206238 1.0
3.03234291077 -1.0
3.03897309303 -1.0
3.04492807388 -1.0
3.04575395584 -1.0
3.05868911743 -1.0
3.0720179081 -1.0
3.07885313034 -1.0
3.09406709671 -1.0
3.09891605377 -1.0
3.11500811577 -1.0
3.11991691589 -1.0
3.12091994286 -1.0
3.13476991653 -1.0
3.13477706909 1.0
3.15445804596 -1.0
3.19422006607 -1.0
3.19448494911 -1.0
3.20345711708 -1.0
3.21063613892 -1.0
3.22034907341 -1.0
3.2234210968 -1.0
3.22839713097 -1.0
3.23994803429 -1.0
3.2563700676 -1.0
3.25980997086 -1.0
3.26005792618 1.0
3.2957649231 -1.0
3.29629707336 -1.0
3.31600999832 -1.0
3.3162689209 -1.0
3.32224011421 -1.0
3.32507109642 -1.0
3.33586502075 -1.0
3.36592793465 -1.0
3.38541913033 -1.0
3.39526104927 -1.0
3.39712500572 -1.0
3.39713907242 -1.0
3.40208005905 -1.0
3.40474796295 -1.0
3.40477013588 1.0
3.41501402855 -1.0
3.43133306503 -1.0
3.45093798637 -1.0
3.49458408356 -1.0
3.49723505974 -1.0
3.50463700294 -1.0
3.51045513153 -1.0
3.51502108574 -1.0
3.52509403229 -1.0
3.53015708923 -1.0
3.56780600548 -1.0
3.57145214081 -1.0
3.5716779232 -1.0
3.57169413567 1.0
3.57340908051 -1.0
3.57412791252 -1.0
3.58089113235 -1.0
3.58128905296 -1.0
3.58376002312 -1.0
3.58759999275 -1.0
3.59166097641 -1.0
3.59298610687 -1.0
3.59397912025 -1.0
3.60068392754 -1.0
3.60069298744 1.0
3.6034579277 -1.0
3.60513901711 -1.0
3.60716605186 -1.0
3.61343097687 -1.0
3.61645698547 -1.0
3.62572693825 -1.0
3.6334810257 -1.0
3.66577506065 -1.0
3.68537712097 -1.0
3.70067095757 -1.0
3.70137095451 -1.0
3.70781493187 -1.0
3.7078371048 1.0
3.72042798996 -1.0
3.72776293755 -1.0
3.74752998352 -1.0
3.79661607742 -1.0
3.80613708496 -1.0
3.80668592453 -1.0
3.81596708298 -1.0
3.82588911057 -1.0
3.82635092735 -1.0
3.84259700775 -1.0
3.86258411407 -1.0
3.86259198189 1.0
3.89650011063 -1.0
3.89879512787 -1.0
3.90671992302 -1.0
3.91697192192 -1.0
3.94392800331 -1.0
3.96365809441 -1.0
3.97251796722 -1.0
3.99228906631 -1.0
3.99952912331 -1.0
4.00234603882 -1.0
4.00881695747 -1.0
4.01928496361 -1.0
4.01929211617 -1.0
4.01930999756 1.0
4.02841496468 -1.0
4.03884005547 -1.0
4.06601309776 -1.0
4.08595705032 -1.0
4.09810495377 -1.0
4.10239195824 -1.0
4.10257411003 -1.0
4.1030459404 -1.0
4.10615897179 -1.0
4.11731505394 -1.0
4.11758708954 -1.0
4.12671613693 -1.0
4.13740706444 -1.0
4.14972090721 -1.0
4.15717291832 -1.0
4.19741606712 -1.0
4.19744706154 1.0
4.19948101044 -1.0
4.20668005943 -1.0
4.21728110313 -1.0
4.21760296822 -1.0
4.22632312775 -1.0
4.24325609207 -1.0
4.24588012695 -1.0
4.24773311615 -1.0
4.2661819458 -1.0
4.29872012138 -1.0
4.30142092705 -1.0
4.30822396278 -1.0
4.30824899673 1.0
4.31830501556 -1.0
4.32466197014 -1.0
4.32668399811 -1.0
4.34495997429 -1.0
4.37453198433 -1.0
4.39599299431 -1.0
4.396007061 -1.0
4.39954209328 -1.0
4.40089893341 -1.0
4.41082692146 -1.0
4.41576194763 -1.0
4.42058992386 -1.0
4.42994999886 -1.0
4.44041705132 -1.0
4.45036792755 -1.0
4.45038604736 1.0
4.47003602982 -1.0
4.50038695335 -1.0
4.50088500977 -1.0
4.50885105133 -1.0
4.52061796188 -1.0
4.5281689167 -1.0
4.54114603996 -1.0
4.56201505661 -1.0
4.5662279129 -1.0
4.58599305153 -1.0
4.59822297096 -1.0
4.59824705124 1.0
4.59865498543 -1.0
4.60773301125 -1.0
4.60801911354 -1.0
4.62780213356 -1.0
4.62813305855 -1.0
4.64784598351 -1.0
4.67719292641 -1.0
4.69791007042 -1.0
4.7006111145 -1.0
4.7098801136 -1.0
4.71922206879 -1.0
4.72015595436 -1.0
4.72818613052 -1.0
4.72819399834 1.0
4.74802303314 -1.0
4.75201392174 -1.0
4.77167010307 -1.0
4.79895591736 -1.0
4.80061507225 -1.0
4.80857610703 -1.0
4.81801509857 -1.0
4.81837701797 -1.0
4.83963799477 -1.0
4.84960913658 -1.0
4.85968208313 -1.0
4.89851808548 -1.0
4.90087413788 -1.0
4.90088105202 1.0
4.90768909454 -1.0
4.91813802719 -1.0
4.91867804527 -1.0
4.92509698868 -1.0
4.93762898445 -1.0
4.96073698997 -1.0
4.98026895523 -1.0
4.99916601181 -1.0
4.99961709976 -1.0
5.0024459362 -1.0
5.0069899559 -1.0
5.0070950985 1.0
5.01881098747 -1.0
5.02716493607 -1.0
5.04694199562 -1.0
5.06212997437 -1.0
5.08169412613 -1.0
5.10149693489 -1.0
5.10477900505 -1.0
5.1216199398 -1.0
5.12184906006 -1.0
5.13170099258 -1.0
5.14147806168 -1.0
5.17265105247 -1.0
5.19240808487 -1.0
5.1997590065 -1.0
5.20366311073 -1.0
5.20369291306 1.0
5.20419502258 -1.0
5.21927809715 -1.0
5.22680807114 -1.0
5.23999595642 -1.0
5.25589299202 -1.0
5.26163101196 -1.0
5.28249502182 -1.0
5.29426312447 -1.0
5.30083298683 -1.0
5.30365896225 -1.0
5.30416798592 -1.0
5.30417704582 1.0
5.30733895302 -1.0
5.30962204933 -1.0
5.31417012215 -1.0
5.33311605453 -1.0
5.33338904381 -1.0
5.33359599113 -1.0
5.34772491455 -1.0
5.35278296471 -1.0
5.40054392815 -1.0
5.40103602409 -1.0
5.4046869278 -1.0
5.41018390656 -1.0
5.41019105911 1.0
5.42031598091 -1.0
5.42449307442 -1.0
5.42484712601 -1.0
5.42531299591 -1.0
5.42577004433 -1.0
5.43799591064 -1.0
5.43817996979 -1.0
5.44407391548 -1.0
5.46307110786 -1.0
5.46361994743 -1.0
5.49969696999 -1.0
5.50090694427 -1.0
5.50328302383 -1.0
5.50361204147 -1.0
5.50361800194 1.0
5.51087594032 -1.0
5.52178692818 -1.0
5.52808594704 -1.0
5.53771090508 -1.0
5.54161810875 -1.0
5.58081007004 -1.0
5.58139801025 -1.0
5.6020359993 -1.0
5.60467600822 -1.0
5.60505795479 -1.0
5.61109995842 -1.0
5.62441492081 -1.0
5.62792110443 -1.0
5.62792897224 1.0
5.63677501678 -1.0
5.64781498909 -1.0
5.69296598434 -1.0
5.69720697403 -1.0
5.70405006409 -1.0
5.70670008659 -1.0
5.71521091461 -1.0
5.73067498207 -1.0
5.7333650589 -1.0
5.7349729538 -1.0
5.77060103416 -1.0
5.79013895988 -1.0
5.8046810627 -1.0
5.80507993698 -1.0
5.80508708954 1.0
5.81237697601 -1.0
5.82454395294 -1.0
5.82839202881 -1.0
5.83529090881 -1.0
5.8357489109 -1.0
5.84800505638 -1.0
5.89887809753 -1.0
5.90267109871 -1.0
5.9065079689 -1.0
5.9074010849 -1.0
5.92642498016 -1.0
5.930341959 -1.0
5.94592213631 -1.0
5.94594502449 1.0
5.94711208344 -1.0
5.95148301125 -1.0
5.9670920372 -1.0
6.00338292122 -1.0
6.01124405861 -1.0
6.02317094803 -1.0
6.02791690826 -1.0
6.03059506416 -1.0
6.04775500298 -1.0
6.05227208138 -1.0
6.05277204514 -1.0
6.06416606903 -1.0
6.06637191772 -1.0
6.06640005112 1.0
6.07204008102 -1.0
6.10195612907 -1.0
6.10228705406 -1.0
6.10277891159 -1.0
6.10366296768 -1.0
6.12139606476 -1.0
6.12590503693 -1.0
6.13557696342 -1.0
6.1458671093 -1.0
6.20370411873 -1.0
6.21309399605 -1.0
6.22355604172 -1.0
6.22356295586 -1.0
6.22356700897 1.0
6.22443604469 -1.0
6.23032093048 -1.0
6.23283910751 -1.0
6.24304795265 -1.0
6.25679802895 -1.0
6.27694201469 -1.0
6.30489611626 -1.0
6.32452392578 -1.0
6.33161401749 -1.0
6.33804297447 -1.0
6.35137605667 -1.0
6.41096401215 -1.0
7.24050092697 1.0
7.29683303833 -1.0
7.31650710106 -1.0
8.26037597656 -1.0
8.26063108444 -1.0
8.28067302704 -1.0
9.2609269619 -1.0
9.28064513206 -1.0
9.41532206535 -1.0
10.26135993 -1.0
10.2808721066 -1.0
11.2418351173 1.0
11.2621901035 -1.0
11.2625279427 -1.0
11.2825100422 -1.0
15.7994229794 -1.0
15.819026947 -1.0
16.793487072 -1.0
