0.0194458961487 1.0
0.0390508174896 -1.0
0.0591490268707 -1.0
0.0794258117676 -1.0
0.138264894485 -1.0
0.171875 -1.0
0.221613883972 -1.0
0.259593009949 -1.0
0.279250860214 -1.0
0.315165996552 -1.0
0.321808815002 -1.0
0.329512834549 -1.0
0.341328859329 -1.0
0.341337919235 1.0
0.415385007858 -1.0
0.436836957932 -1.0
0.447541952133 -1.0
0.495489835739 -1.0
0.497435808182 -1.0
0.506669998169 -1.0
0.51119184494 -1.0
0.526401996613 -1.0
0.56175994873 -1.0
0.582806825638 -1.0
0.643175840378 -1.0
0.683761835098 -1.0
0.722836017609 1.0
0.742461919785 -1.0
0.798555850983 -1.0
0.854475021362 -1.0
0.874146938324 -1.0
1.02346801758 -1.0
1.04385781288 -1.0
1.19536089897 -1.0
1.29446291924 -1.0
1.32853484154 -1.0
1.38809204102 -1.0
1.56792902946 -1.0
1.5878059864 -1.0
1.69123387337 -1.0
1.70409083366 -1.0
1.70411682129 1.0
1.71149992943 -1.0
1.72366595268 -1.0
1.75350403786 -1.0
1.76722288132 -1.0
1.7764108181 -1.0
1.7882938385 -1.0
1.79513001442 -1.0
1.79665589333 -1.0
1.81684684753 -1.0
1.81816601753 -1.0
1.81817483902 1.0
1.83789396286 -1.0
1.86746191978 -1.0
1.88719081879 -1.0
1.89747786522 -1.0
1.90352487564 -1.0
1.91272497177 -1.0
1.91374492645 -1.0
1.91700291634 -1.0
1.92227387428 -1.0
1.94183683395 -1.0
1.96301794052 -1.0
1.97591280937 -1.0
1.99918103218 -1.0
1.99919486046 1.0
2.05533981323 -1.0
2.06947588921 -1.0
2.08904480934 -1.0
2.08922696114 -1.0
2.10877084732 -1.0
2.16954398155 -1.0
2.19213891029 -1.0
2.21179103851 -1.0
2.22981381416 1.0
2.23174190521 -1.0
2.25156188011 -1.0
2.27224898338 -1.0
2.29850888252 -1.0
2.37280082703 -1.0
2.42505097389 -1.0
2.43057084084 -1.0
2.44798588753 -1.0
2.45046591759 -1.0
2.507117033 -1.0
2.50717186928 1.0
2.53802394867 -1.0
2.59031701088 -1.0
2.60868501663 -1.0
2.6174390316 -1.0
2.62259292603 -1.0
2.62834692001 -1.0
2.62887096405 -1.0
2.6490418911 -1.0
2.71123290062 -1.0
2.71125292778 1.0
2.73230600357 -1.0
2.7473988533 -1.0
2.8071668148 -1.0
2.87279891968 -1.0
2.88335394859 -1.0
2.89397096634 -1.0
2.89433693886 -1.0
2.89872097969 -1.0
2.91630983353 -1.0
2.94913291931 -1.0
2.95476388931 -1.0
2.96881985664 -1.0
2.96883702278 1.0
2.97302389145 -1.0
2.98963284492 -1.0
2.99358701706 -1.0
2.99779295921 -1.0
3.00052595139 -1.0
3.01042580605 -1.0
3.03148603439 -1.0
3.07278490067 -1.0
3.09089803696 -1.0
3.09235692024 -1.0
3.09237980843 1.0
3.09869503975 -1.0
3.10014891624 -1.0
3.10570383072 -1.0
3.1106698513 -1.0
3.13225197792 -1.0
3.16578102112 -1.0
3.17363786697 -1.0
3.17661595345 -1.0
3.17800688744 -1.0
3.18773698807 -1.0
3.20440101624 -1.0
3.20445084572 1.0
3.21167683601 -1.0
3.22407793999 -1.0
3.22671699524 -1.0
3.24419283867 -1.0
3.26532387733 -1.0
3.27283596992 -1.0
3.28253293037 -1.0
3.29249596596 -1.0
3.29529190063 -1.0
3.29624390602 -1.0
3.29689502716 -1.0
3.29732990265 -1.0
3.29733800888 1.0
3.30068087578 -1.0
3.30242180824 -1.0
3.30321502686 -1.0
3.30690097809 -1.0
3.31538891792 -1.0
3.31659984589 -1.0
3.31715989113 -1.0
3.31757688522 -1.0
3.32089591026 -1.0
3.34997081757 -1.0
3.37775182724 -1.0
3.38049197197 -1.0
3.38050103188 1.0
3.38768386841 -1.0
3.39748191833 -1.0
3.4010488987 -1.0
3.41109991074 -1.0
3.42066884041 -1.0
3.44758486748 -1.0
3.49495196342 -1.0
3.50134086609 -1.0
3.50481700897 -1.0
3.50675201416 -1.0
3.50688099861 1.0
3.53531694412 -1.0
3.578166008 -1.0
3.58084797859 -1.0
3.58129286766 -1.0
3.59838294983 -1.0
3.60411000252 -1.0
3.61357593536 -1.0
3.61852693558 -1.0
3.64299201965 -1.0
3.67403101921 -1.0
3.68453383446 -1.0
3.6845459938 1.0
3.69376587868 -1.0
3.70065498352 -1.0
3.70368289948 -1.0
3.72027301788 -1.0
3.74133992195 -1.0
3.7629840374 -1.0
3.78367590904 -1.0
3.78599381447 -1.0
3.79510498047 -1.0
3.79647684097 -1.0
3.8060669899 -1.0
3.84066700935 -1.0
3.86049795151 -1.0
3.87492394447 -1.0
3.8749628067 1.0
3.88219499588 -1.0
3.89536499977 -1.0
3.901293993 -1.0
3.90162682533 -1.0
3.90221786499 -1.0
3.95852303505 -1.0
3.97536802292 -1.0
3.97820496559 -1.0
3.98663282394 -1.0
3.98665785789 1.0
3.99694800377 -1.0
3.99791002274 -1.0
4.00133681297 -1.0
4.00676584244 -1.0
4.02080798149 -1.0
4.0406768322 -1.0
4.07559084892 -1.0
4.08583498001 -1.0
4.09530997276 -1.0
4.10183382034 -1.0
4.10498785973 -1.0
4.12191200256 -1.0
4.1299829483 -1.0
4.14152193069 -1.0
4.14165091515 1.0
4.17509794235 -1.0
4.1847820282 -1.0
4.18558692932 -1.0
4.20460987091 -1.0
4.21153593063 -1.0
4.22301983833 -1.0
4.23180389404 -1.0
4.27566695213 -1.0
4.277987957 -1.0
4.29142093658 -1.0
4.29385685921 1.0
4.29581594467 -1.0
4.30129289627 -1.0
4.30227398872 -1.0
4.31116485596 -1.0
4.31539201736 -1.0
4.36853289604 -1.0
4.38112187386 -1.0
4.38404989243 -1.0
4.39070987701 -1.0
4.4008898735 -1.0
4.40099596977 -1.0
4.4009988308 1.0
4.41021490097 -1.0
4.42058396339 -1.0
4.4213719368 -1.0
4.47939896584 -1.0
4.49776482582 -1.0
4.49937391281 -1.0
4.50310182571 -1.0
4.50415492058 -1.0
4.50642490387 -1.0
4.52330899239 -1.0
4.56020593643 -1.0
4.57889389992 -1.0
4.57891392708 1.0
4.58846783638 -1.0
4.59852290154 -1.0
4.60361003876 -1.0
4.60461187363 -1.0
4.6088988781 -1.0
4.61824297905 -1.0
4.65476894379 -1.0
4.6836309433 -1.0
4.69359302521 -1.0
4.70460581779 -1.0
4.70942997932 -1.0
4.71804594994 -1.0
4.72768497467 -1.0
4.72771000862 1.0
4.72914886475 -1.0
4.74893093109 -1.0
4.7804479599 -1.0
4.8003578186 -1.0
4.80563497543 -1.0
4.80705690384 -1.0
4.80937290192 -1.0
4.82035088539 -1.0
4.84972286224 -1.0
4.88152885437 -1.0
4.891933918 -1.0
4.89194488525 1.0
4.90136599541 -1.0
4.90456795692 -1.0
4.91397190094 -1.0
4.92446684837 -1.0
4.92542290688 -1.0
4.93095088005 -1.0
4.94469594955 -1.0
4.96416902542 -1.0
4.97885394096 -1.0
4.98357892036 -1.0
4.983907938 -1.0
4.9839220047 -1.0
4.98934388161 -1.0
4.98937082291 1.0
4.99860501289 -1.0
5.04109787941 -1.0
5.04156088829 -1.0
5.04200601578 -1.0
5.05471992493 -1.0
5.05518102646 -1.0
5.07492399216 -1.0
5.07659888268 -1.0
5.07710981369 -1.0
5.0773768425 -1.0
5.07772088051 -1.0
5.07846188545 -1.0
5.07847595215 1.0
5.08218598366 -1.0
5.08237481117 -1.0
5.09652686119 -1.0
5.09997987747 -1.0
5.10619783401 -1.0
5.10721302032 -1.0
5.11733603477 -1.0
5.13627099991 -1.0
5.14402699471 -1.0
5.1559009552 -1.0
5.1755168438 -1.0
5.17688703537 1.0
5.18002295494 -1.0
5.18063998222 -1.0
5.18899893761 -1.0
5.19654393196 -1.0
5.21912002563 -1.0
5.21913790703 -1.0
5.22614383698 -1.0
5.23898792267 -1.0
5.27976799011 -1.0
5.28917384148 -1.0
5.29971003532 -1.0
5.30631303787 -1.0
5.30880093575 -1.0
5.30882287025 1.0
5.31568193436 -1.0
5.32583093643 -1.0
5.36857891083 -1.0
5.37181591988 -1.0
5.38545799255 -1.0
5.3871049881 -1.0
5.4049179554 -1.0
5.40588283539 -1.0
5.4108569622 -1.0
5.41474294662 -1.0
5.43043088913 -1.0
5.46368002892 -1.0
5.4807639122 -1.0
5.49261498451 -1.0
5.49262690544 1.0
5.50086903572 -1.0
5.50150799751 -1.0
5.50444984436 -1.0
5.51094198227 -1.0
5.52110981941 -1.0
5.54770493507 -1.0
5.58188796043 -1.0
5.58325886726 -1.0
5.58349084854 -1.0
5.59165096283 -1.0
5.60159802437 -1.0
5.60168981552 1.0
5.61708402634 -1.0
5.6171579361 -1.0
5.61776781082 -1.0
5.61821484566 -1.0
5.62150382996 -1.0
5.63079690933 -1.0
5.63442397118 -1.0
5.65090203285 -1.0
5.68169188499 -1.0
5.68284893036 -1.0
5.68407201767 -1.0
5.69214200974 -1.0
5.70157694817 -1.0
5.71145391464 -1.0
5.71146202087 1.0
5.72566390038 -1.0
5.73096084595 -1.0
5.74834489822 -1.0
5.74847388268 -1.0
5.75051403046 -1.0
5.76154303551 -1.0
5.7700510025 -1.0
5.78981399536 -1.0
5.85555386543 -1.0
5.85739803314 -1.0
5.86500382423 -1.0
5.87516689301 -1.0
5.87691092491 -1.0
5.87691783905 1.0
5.88514995575 -1.0
5.89642500877 -1.0
5.9557929039 -1.0
5.95731782913 -1.0
5.95846390724 -1.0
5.95903086662 -1.0
5.96603298187 -1.0
5.97609400749 -1.0
5.98570084572 -1.0
6.00539803505 -1.0
6.05518984795 -1.0
6.05680584908 -1.0
6.05683088303 1.0
6.06259202957 -1.0
6.06490087509 -1.0
6.08240485191 -1.0
6.08241486549 -1.0
6.08514785767 -1.0
6.10198688507 -1.0
6.13681292534 -1.0
6.15638995171 -1.0
6.15693902969 -1.0
6.15699100494 1.0
6.15800595284 -1.0
6.15840196609 -1.0
6.16607189178 -1.0
6.17682290077 -1.0
6.1768579483 -1.0
6.1862859726 -1.0
6.19660592079 -1.0
6.24360084534 -1.0
6.25610780716 -1.0
6.2572748661 -1.0
6.25779700279 -1.0
6.25781702995 1.0
6.2654800415 -1.0
6.27657699585 -1.0
6.28394889832 -1.0
6.28740286827 -1.0
6.30378198624 -1.0
6.35580396652 -1.0
6.35806894302 -1.0
6.36534190178 -1.0
6.37545490265 -1.0
6.38264083862 -1.0
6.38547182083 -1.0
6.40245890617 -1.0
6.4024708271 1.0
7.17630791664 -1.0
7.19588589668 -1.0
7.33961486816 -1.0
7.957228899 -1.0
8.13676595688 -1.0
8.13704586029 -1.0
8.13717794418 -1.0
8.13736391068 -1.0
8.15645098686 -1.0
9.11735987663 1.0
9.13693499565 -1.0
9.13721489906 -1.0
9.15661501884 -1.0
9.55694484711 -1.0
10.1373720169 -1.0
10.1375949383 -1.0
10.1570718288 -1.0
11.1377019882 -1.0
11.1575729847 -1.0
15.5322329998 -1.0
15.5517678261 -1.0
15.5517778397 1.0
15.6264629364 -1.0
16.571231842 -1.0
