0.00815606117249 -1.0
0.00844502449036 1.0
0.0168299674988 -1.0
0.0288100242615 -1.0
0.0292031764984 -1.0
0.0368020534515 -1.0
0.0906209945679 -1.0
0.221305131912 -1.0
0.241923093796 -1.0
0.257755994797 -1.0
0.262520074844 -1.0
0.283871173859 -1.0
0.340412139893 -1.0
0.393551111221 -1.0
0.398959159851 -1.0
0.398983955383 1.0
0.408452033997 -1.0
0.420179128647 -1.0
0.506294965744 -1.0
0.511388063431 -1.0
0.526157140732 -1.0
0.533071994781 -1.0
0.552886962891 -1.0
0.578377962112 -1.0
0.598150968552 -1.0
0.885797977448 -1.0
0.88582110405 1.0
0.928787946701 -1.0
0.935789108276 -1.0
0.948358058929 -1.0
0.985996007919 -1.0
1.00551199913 -1.0
1.0972070694 -1.0
1.22040009499 -1.0
1.48605108261 -1.0
1.50609898567 -1.0
1.53932595253 -1.0
1.63935494423 -1.0
1.63937711716 1.0
1.6978290081 -1.0
1.82636809349 -1.0
1.94423508644 -1.0
1.96464800835 -1.0
1.9693801403 -1.0
1.97045207024 -1.0
1.97378015518 -1.0
1.98421502113 -1.0
1.99350214005 -1.0
1.99788999557 -1.0
1.99792814255 1.0
2.00107598305 -1.0
2.00408196449 -1.0
2.00646710396 -1.0
2.02440714836 -1.0
2.04457616806 -1.0
2.05761408806 -1.0
2.09423303604 -1.0
2.10259103775 -1.0
2.11329698563 -1.0
2.13527107239 -1.0
2.13528299332 1.0
2.17187905312 -1.0
2.19159507751 -1.0
2.24819993973 -1.0
2.3064801693 -1.0
2.32613801956 -1.0
2.3405611515 -1.0
2.34713697433 -1.0
2.35996603966 -1.0
2.36039113998 -1.0
2.37351202965 -1.0
2.38010406494 -1.0
2.38011407852 1.0
2.39990711212 -1.0
2.44837713242 -1.0
2.45995306969 -1.0
2.47961401939 -1.0
2.53173995018 -1.0
2.55182099342 -1.0
2.60581803322 -1.0
2.61457109451 -1.0
2.63404512405 -1.0
2.68617415428 -1.0
2.68726396561 -1.0
2.68728709221 1.0
2.69041109085 -1.0
2.70652413368 -1.0
2.7261531353 -1.0
2.78600811958 -1.0
2.81250715256 -1.0
2.83230614662 -1.0
2.86993503571 -1.0
2.92607402802 -1.0
2.95199394226 -1.0
2.97114300728 -1.0
2.97156715393 -1.0
2.97620296478 -1.0
2.97621107101 1.0
2.97645497322 -1.0
2.97777915001 -1.0
2.98058605194 -1.0
2.99569797516 -1.0
3.00408315659 -1.0
3.01551699638 -1.0
3.05001711845 -1.0
3.05203604698 -1.0
3.05970716476 -1.0
3.06959414482 -1.0
3.07496213913 -1.0
3.07814407349 -1.0
3.07815003395 1.0
3.0949549675 -1.0
3.09497499466 -1.0
3.11670899391 -1.0
3.13641309738 -1.0
3.1458671093 -1.0
3.15267515182 -1.0
3.16052913666 -1.0
3.16085910797 -1.0
3.16582012177 -1.0
3.18694806099 -1.0
3.22321796417 -1.0
3.24478912354 -1.0
3.25657105446 -1.0
3.2566151619 1.0
3.25717711449 -1.0
3.26552414894 -1.0
3.27683210373 -1.0
3.2870490551 -1.0
3.30482196808 -1.0
3.30789113045 -1.0
3.31465101242 -1.0
3.31954598427 -1.0
3.32921814919 -1.0
3.3501560688 -1.0
3.35230302811 -1.0
3.35287213326 -1.0
3.36213994026 -1.0
3.36214804649 1.0
3.37003707886 -1.0
3.38565897942 -1.0
3.3899140358 -1.0
3.39476299286 -1.0
3.40990400314 -1.0
3.44910311699 -1.0
3.45206212997 -1.0
3.45851612091 -1.0
3.47062516212 -1.0
3.4719619751 -1.0
3.4799220562 -1.0
3.4928150177 -1.0
3.49957203865 -1.0
3.49986410141 1.0
3.50384116173 -1.0
3.50496602058 -1.0
3.50586700439 -1.0
3.50724697113 -1.0
3.50824403763 -1.0
3.50920796394 -1.0
3.50997495651 -1.0
3.5202331543 -1.0
3.52491807938 -1.0
3.52638196945 -1.0
3.52704000473 -1.0
3.55062699318 -1.0
3.55063414574 1.0
3.55114102364 -1.0
3.56034708023 -1.0
3.57026815414 -1.0
3.57425808907 -1.0
3.59382796288 -1.0
3.6001830101 -1.0
3.61357212067 -1.0
3.62324213982 -1.0
3.63328909874 -1.0
3.65324997902 -1.0
3.6533510685 -1.0
3.65671205521 -1.0
3.65677309036 -1.0
3.66268396378 -1.0
3.6667971611 -1.0
3.67317414284 -1.0
3.67330908775 -1.0
3.67331504822 1.0
3.67349815369 -1.0
3.67990899086 -1.0
3.67993998528 -1.0
3.68004202843 -1.0
3.69317412376 -1.0
3.71928715706 -1.0
3.71933317184 -1.0
3.75119805336 -1.0
3.75123906136 -1.0
3.75252914429 -1.0
3.75259304047 -1.0
3.76113295555 -1.0
3.76117801666 -1.0
3.76124405861 -1.0
3.77218198776 -1.0
3.77758216858 -1.0
3.77759099007 1.0
3.77761101723 -1.0
3.78244495392 -1.0
3.78246903419 -1.0
3.79194712639 -1.0
3.81831002235 -1.0
3.81835317612 -1.0
3.85551714897 -1.0
3.85556697845 -1.0
3.86511898041 -1.0
3.86520409584 -1.0
3.86523103714 -1.0
3.87163114548 -1.0
3.87175703049 -1.0
3.87423014641 -1.0
3.88086295128 -1.0
3.88090705872 -1.0
3.88091301918 1.0
3.88103199005 -1.0
3.90070199966 -1.0
3.91866517067 -1.0
3.93823313713 -1.0
3.95881414413 -1.0
3.95893216133 -1.0
3.95913910866 -1.0
3.95932912827 -1.0
3.96655917168 -1.0
3.96660709381 -1.0
3.96676707268 -1.0
3.97841405869 -1.0
3.98132705688 -1.0
3.98145294189 -1.0
4.0011279583 -1.0
4.00131917 1.0
4.01821994781 -1.0
4.02091503143 -1.0
4.05420899391 -1.0
4.05433106422 -1.0
4.05446004868 -1.0
4.05459308624 -1.0
4.0636920929 -1.0
4.06380796432 -1.0
4.07420516014 -1.0
4.08048701286 -1.0
4.08053398132 -1.0
4.08361697197 -1.0
4.10013914108 -1.0
4.13088202477 -1.0
4.15040397644 -1.0
4.15655612946 -1.0
4.15658998489 -1.0
4.16496300697 -1.0
4.16496801376 1.0
4.16506910324 -1.0
4.1650929451 -1.0
4.1706700325 -1.0
4.17605113983 -1.0
4.18062496185 -1.0
4.18357515335 -1.0
4.18360114098 -1.0
4.18376207352 -1.0
4.20034193993 -1.0
4.2210290432 -1.0
4.22107815742 -1.0
4.25484609604 -1.0
4.25689005852 -1.0
4.25694298744 -1.0
4.25710296631 -1.0
4.25715112686 -1.0
4.26418614388 -1.0
4.26423811913 -1.0
4.26424598694 1.0
4.26436400414 -1.0
4.27684807777 -1.0
4.2804620266 -1.0
4.28052711487 -1.0
4.28657197952 -1.0
4.29681015015 -1.0
4.33857703209 -1.0
4.35415697098 -1.0
4.35630512238 -1.0
4.35634994507 -1.0
4.35648608208 -1.0
4.35883402824 -1.0
4.35962796211 -1.0
4.35965299606 -1.0
4.37011313438 -1.0
4.3737051487 -1.0
4.37373113632 1.0
4.37551403046 -1.0
4.3849260807 -1.0
4.39433598518 -1.0
4.41061210632 -1.0
4.45432901382 -1.0
4.46232199669 -1.0
4.46698904037 -1.0
4.47729706764 -1.0
4.48401808739 -1.0
4.48655295372 -1.0
4.49714016914 -1.0
4.49715209007 1.0
4.50431394577 -1.0
4.50684094429 -1.0
4.52069711685 -1.0
4.54025197029 -1.0
4.55432295799 -1.0
4.55599212646 -1.0
4.56177806854 -1.0
4.57454609871 -1.0
4.57645201683 -1.0
4.59179902077 -1.0
4.5964550972 -1.0
4.59646201134 1.0
4.61917614937 -1.0
4.63950896263 -1.0
4.65614104271 -1.0
4.65774703026 -1.0
4.65922403336 -1.0
4.66674494743 -1.0
4.67642807961 -1.0
4.68245100975 -1.0
4.68532705307 1.0
4.68664097786 -1.0
4.70531511307 -1.0
4.70616197586 -1.0
4.72228908539 -1.0
4.74258613586 -1.0
4.75627803802 -1.0
4.75843715668 -1.0
4.76645708084 -1.0
4.77611494064 -1.0
4.78132009506 -1.0
4.78148508072 -1.0
4.78157114983 1.0
4.78668212891 -1.0
4.80139398575 -1.0
4.8208861351 -1.0
4.85659909248 -1.0
4.85681009293 -1.0
4.85847115517 -1.0
4.87673807144 -1.0
4.89684295654 -1.0
4.91342401505 -1.0
4.92303204536 -1.0
4.93316102028 -1.0
4.95673799515 -1.0
4.95674705505 1.0
4.95929908752 -1.0
4.95952296257 -1.0
4.96638011932 -1.0
4.97641515732 -1.0
4.98589515686 -1.0
4.99642014503 -1.0
5.00920510292 -1.0
5.02947998047 -1.0
5.05566716194 -1.0
5.05762410164 -1.0
5.06588101387 -1.0
5.07551693916 -1.0
5.07552599907 1.0
5.09643316269 -1.0
5.09946107864 -1.0
5.10588812828 -1.0
5.11646699905 -1.0
5.15625905991 -1.0
5.16696000099 -1.0
5.1821949482 -1.0
5.18785595894 -1.0
5.19098711014 -1.0
5.20778417587 -1.0
5.21050095558 -1.0
5.25626897812 -1.0
5.26025795937 -1.0
5.26028108597 1.0
5.26117897034 -1.0
5.27629804611 -1.0
5.2832839489 -1.0
5.29298210144 -1.0
5.29620409012 -1.0
5.32307910919 -1.0
5.35365104675 -1.0
5.35478997231 -1.0
5.35511398315 -1.0
5.35918712616 -1.0
5.36108016968 -1.0
5.36108708382 1.0
5.37444996834 -1.0
5.37470006943 -1.0
5.37904310226 -1.0
5.38104295731 -1.0
5.39416003227 -1.0
5.39455914497 -1.0
5.39887714386 -1.0
5.4008500576 -1.0
5.41389703751 -1.0
5.41391301155 1.0
5.41474413872 -1.0
5.41859817505 -1.0
5.4204750061 -1.0
5.43369197845 -1.0
5.43436598778 -1.0
5.43539810181 -1.0
5.43952798843 -1.0
5.46134614944 -1.0
5.4614470005 -1.0
5.46307516098 -1.0
5.46939516068 -1.0
5.4734711647 -1.0
5.48156905174 -1.0
5.48159313202 1.0
5.48321294785 -1.0
5.50143504143 -1.0
5.51956796646 -1.0
5.52143311501 -1.0
5.53095507622 -1.0
5.54406309128 -1.0
5.56016206741 -1.0
5.56145596504 -1.0
5.56382203102 -1.0
5.56974816322 -1.0
5.59044504166 -1.0
5.60833096504 -1.0
5.60970306396 1.0
5.61223912239 -1.0
5.61227011681 -1.0
5.63049507141 -1.0
5.63284111023 -1.0
5.65489315987 -1.0
5.66415309906 -1.0
5.66994404793 -1.0
5.68430709839 -1.0
5.68699908257 -1.0
5.69412302971 -1.0
5.70690894127 -1.0
5.71344709396 -1.0
5.7364089489 -1.0
5.75178194046 -1.0
5.75180315971 1.0
5.75927805901 -1.0
5.76172614098 -1.0
5.76943612099 -1.0
5.7737390995 -1.0
5.78643703461 -1.0
5.78918814659 -1.0
5.79383111 -1.0
5.81364297867 -1.0
5.82602500916 -1.0
5.84636497498 -1.0
5.86157417297 -1.0
5.86597299576 -1.0
5.86605501175 1.0
5.87130594254 -1.0
5.88119101524 -1.0
5.88894200325 -1.0
5.89148306847 -1.0
5.91400408745 -1.0
5.92143106461 -1.0
5.93537712097 -1.0
5.93789696693 -1.0
5.94024300575 -1.0
5.94257616997 -1.0
5.96146011353 -1.0
5.96378111839 -1.0
5.96379613876 -1.0
5.96380805969 -1.0
5.96385097504 1.0
5.97136497498 -1.0
5.98529410362 -1.0
5.98531293869 -1.0
6.01975107193 -1.0
6.02973914146 -1.0
6.04989099503 -1.0
6.06192016602 -1.0
6.06447601318 -1.0
6.07600712776 -1.0
6.07794308662 -1.0
6.08339715004 -1.0
6.08451509476 -1.0
6.0863301754 -1.0
6.08634495735 1.0
6.09401702881 -1.0
6.09824800491 -1.0
6.10516095161 -1.0
6.14354896545 -1.0
6.18074607849 -1.0
6.20063209534 -1.0
6.20097899437 -1.0
6.22071099281 -1.0
7.63036608696 -1.0
7.68753695488 -1.0
8.57042908669 -1.0
8.61031103134 1.0
8.62986207008 -1.0
8.6301009655 -1.0
8.63027596474 -1.0
8.63044810295 -1.0
8.6494550705 -1.0
9.62997913361 -1.0
9.64965295792 -1.0
10.0755929947 -1.0
10.6303181648 -1.0
10.6499810219 -1.0
11.6106350422 1.0
11.6304249763 -1.0
11.6308310032 -1.0
11.6500029564 -1.0
16.4175751209 -1.0
16.491943121 -1.0
16.5116410255 -1.0
16.6602859497 -1.0
