0.0152490139008 -1.0
0.0518510341644 1.0
0.0566079616547 -1.0
0.0762100219727 -1.0
0.15033197403 -1.0
0.163639068604 -1.0
0.205914974213 -1.0
0.226819992065 -1.0
0.270307064056 -1.0
0.270332098007 -1.0
0.333570957184 -1.0
0.342478990555 -1.0
0.353546142578 -1.0
0.362352132797 -1.0
0.362379074097 1.0
0.38215303421 -1.0
0.460355043411 -1.0
0.480513095856 -1.0
0.499985933304 -1.0
0.516607999802 -1.0
0.550503015518 -1.0
0.570666074753 -1.0
0.577206134796 -1.0
0.643815040588 -1.0
0.688850164413 -1.0
0.727868080139 1.0
0.747463941574 -1.0
0.768038034439 -1.0
0.827373027802 -1.0
0.883726119995 -1.0
0.945960998535 -1.0
1.04349708557 -1.0
1.09051299095 -1.0
1.24975514412 -1.0
1.31030106544 -1.0
1.45047998428 -1.0
1.48784613609 1.0
1.52091693878 -1.0
1.7713830471 -1.0
1.79189515114 -1.0
1.79756808281 -1.0
1.79805994034 -1.0
1.80049514771 -1.0
1.81192493439 -1.0
1.81934213638 -1.0
1.83191204071 -1.0
1.8725399971 -1.0
1.87255096436 1.0
1.8915309906 -1.0
1.89915895462 -1.0
1.91134095192 -1.0
1.94879198074 -1.0
1.9706120491 -1.0
1.98438310623 -1.0
2.02884602547 -1.0
2.04851913452 -1.0
2.05021715164 1.0
2.06991195679 -1.0
2.07183909416 -1.0
2.1155230999 -1.0
2.14927697182 -1.0
2.17269206047 -1.0
2.2221031189 -1.0
2.22703313828 -1.0
2.26651597023 -1.0
2.32036304474 -1.0
2.32055211067 -1.0
2.32056999207 1.0
2.32357907295 -1.0
2.37691116333 -1.0
2.37951493263 -1.0
2.42537212372 -1.0
2.45900607109 -1.0
2.47355294228 -1.0
2.47883009911 -1.0
2.49347805977 -1.0
2.50258302689 -1.0
2.58652496338 -1.0
2.58669400215 1.0
2.60629200935 -1.0
2.60968708992 -1.0
2.63227415085 -1.0
2.63247799873 -1.0
2.64117193222 -1.0
2.64565205574 -1.0
2.65193414688 -1.0
2.70340394974 -1.0
2.71710395813 -1.0
2.73670506477 -1.0
2.81328606606 -1.0
2.81569695473 -1.0
2.83293294907 -1.0
2.83294415474 1.0
2.87021899223 -1.0
2.87500500679 -1.0
2.89014911652 -1.0
2.89522004128 -1.0
2.90064907074 -1.0
2.90159416199 -1.0
2.90450000763 -1.0
2.90972399712 -1.0
2.92747592926 -1.0
2.92954516411 -1.0
2.92957115173 1.0
2.97496008873 -1.0
2.97723698616 -1.0
2.98508095741 -1.0
2.9945499897 -1.0
3.00020694733 -1.0
3.00146603584 -1.0
3.00426793098 -1.0
3.01963806152 -1.0
3.03945398331 -1.0
3.03956007957 -1.0
3.05900502205 -1.0
3.07629299164 -1.0
3.07631897926 1.0
3.07894015312 -1.0
3.08611297607 -1.0
3.09589505196 -1.0
3.0962331295 -1.0
3.10580205917 -1.0
3.11583614349 -1.0
3.12973713875 -1.0
3.13534903526 -1.0
3.14428806305 -1.0
3.15494298935 -1.0
3.15813803673 -1.0
3.15972495079 -1.0
3.16205000877 -1.0
3.16255807877 -1.0
3.16257596016 1.0
3.16366410255 -1.0
3.17276716232 -1.0
3.17462897301 -1.0
3.17777013779 -1.0
3.1796131134 -1.0
3.18537807465 -1.0
3.19431996346 -1.0
3.20125603676 -1.0
3.22086715698 -1.0
3.22835993767 -1.0
3.24047493935 -1.0
3.27689313889 -1.0
3.27694606781 -1.0
3.27918195724 -1.0
3.27922511101 -1.0
3.2792301178 1.0
3.28649711609 -1.0
3.2866230011 -1.0
3.29721307755 -1.0
3.30355000496 -1.0
3.30355906487 -1.0
3.32064199448 -1.0
3.32066106796 -1.0
3.32310605049 -1.0
3.32989597321 -1.0
3.34705209732 -1.0
3.34940814972 -1.0
3.3575489521 -1.0
3.35971999168 -1.0
3.35977315903 -1.0
3.35987114906 -1.0
3.36183404922 -1.0
3.36187314987 -1.0
3.36404895782 -1.0
3.36411309242 -1.0
3.36411809921 1.0
3.36423397064 -1.0
3.36567211151 -1.0
3.36834692955 -1.0
3.36935710907 -1.0
3.37607312202 -1.0
3.37965798378 -1.0
3.38717794418 -1.0
3.38737416267 -1.0
3.38886713982 -1.0
3.40078401566 -1.0
3.40842199326 -1.0
3.41001415253 -1.0
3.42977499962 -1.0
3.45274114609 -1.0
3.45276999474 1.0
3.4778881073 -1.0
3.47790002823 -1.0
3.4862511158 -1.0
3.49770212173 -1.0
3.51363706589 -1.0
3.53343105316 -1.0
3.55234003067 -1.0
3.55310893059 -1.0
3.57837295532 -1.0
3.5878341198 -1.0
3.59897899628 -1.0
3.60522794724 -1.0
3.60525512695 1.0
3.60890007019 -1.0
3.62031698227 -1.0
3.65464496613 -1.0
3.67131614685 -1.0
3.67413711548 -1.0
3.67998600006 -1.0
3.68228602409 -1.0
3.68935394287 -1.0
3.69382214546 -1.0
3.71543812752 -1.0
3.7351231575 -1.0
3.79153609276 -1.0
3.79158496857 1.0
3.80393099785 -1.0
3.81129193306 -1.0
3.81865811348 -1.0
3.82357501984 -1.0
3.82937812805 -1.0
3.83111310005 -1.0
3.84964108467 -1.0
3.85071516037 -1.0
3.88187408447 -1.0
3.89167094231 -1.0
3.9013941288 -1.0
3.90524315834 -1.0
3.90525102615 1.0
3.90817403793 -1.0
3.90917515755 -1.0
3.9250099659 -1.0
3.98104095459 -1.0
3.9816069603 -1.0
3.98188209534 -1.0
3.98335504532 -1.0
3.99077606201 -1.0
4.00311994553 -1.0
4.02229213715 -1.0
4.02302312851 -1.0
4.02304816246 1.0
4.0317261219 -1.0
4.04278898239 -1.0
4.08093500137 -1.0
4.08168506622 -1.0
4.08375406265 -1.0
4.0912899971 -1.0
4.10128998756 -1.0
4.10853695869 -1.0
4.11209011078 -1.0
4.12810015678 -1.0
4.15632104874 -1.0
4.15632915497 1.0
4.17598009109 -1.0
4.19417905807 -1.0
4.1980240345 -1.0
4.19851493835 -1.0
4.20397615433 -1.0
4.21371793747 -1.0
4.22484111786 -1.0
4.2341170311 -1.0
4.24438214302 -1.0
4.263931036 -1.0
4.28273010254 -1.0
4.29063105583 -1.0
4.29203701019 -1.0
4.30429315567 -1.0
4.32205605507 -1.0
4.32449603081 -1.0
4.32916998863 -1.0
4.32917714119 1.0
4.33618402481 -1.0
4.34170508385 -1.0
4.35982704163 -1.0
4.37989711761 -1.0
4.39123702049 -1.0
4.40076208115 -1.0
4.41078901291 -1.0
4.4116461277 -1.0
4.42022514343 -1.0
4.44023799896 -1.0
4.4494330883 -1.0
4.44944000244 1.0
4.46893906593 -1.0
4.48626804352 -1.0
4.49406909943 -1.0
4.50618505478 -1.0
4.51129698753 -1.0
4.51353311539 -1.0
4.53095293045 -1.0
4.55024909973 -1.0
4.56988310814 -1.0
4.58354115486 -1.0
4.58635616302 -1.0
4.58645105362 -1.0
4.58683896065 -1.0
4.58850502968 1.0
4.59329009056 -1.0
4.60311412811 -1.0
4.60995793343 -1.0
4.62962794304 -1.0
4.64930415154 -1.0
4.68445014954 -1.0
4.68629097939 -1.0
4.69431996346 -1.0
4.70429611206 -1.0
4.7104511261 -1.0
4.7199780941 -1.0
4.73018693924 -1.0
4.73020195961 1.0
4.73852205276 -1.0
4.74977493286 -1.0
4.78507995605 -1.0
4.78648304939 -1.0
4.78724002838 -1.0
4.79547810555 -1.0
4.80490493774 -1.0
4.80631399155 -1.0
4.84675908089 -1.0
4.86395812035 -1.0
4.88362503052 -1.0
4.88508415222 -1.0
4.88729405403 -1.0
4.89303612709 -1.0
4.89426493645 -1.0
4.89427304268 1.0
4.9033010006 -1.0
4.91148710251 -1.0
4.91399097443 -1.0
4.93114995956 -1.0
4.93846607208 -1.0
4.95075201988 -1.0
4.95580911636 -1.0
4.95615410805 -1.0
4.96953511238 -1.0
4.97054004669 -1.0
4.98791313171 -1.0
4.99413704872 -1.0
4.99414515495 1.0
4.99573898315 -1.0
4.99845695496 -1.0
5.00524115562 -1.0
5.00767207146 -1.0
5.01460504532 -1.0
5.02738499641 -1.0
5.05766510963 -1.0
5.07748603821 -1.0
5.08590912819 -1.0
5.08706402779 -1.0
5.08862709999 -1.0
5.09029006958 -1.0
5.09565711021 -1.0
5.09566402435 1.0
5.10575294495 -1.0
5.11244893074 -1.0
5.11984300613 -1.0
5.12051916122 -1.0
5.12810301781 -1.0
5.12949514389 -1.0
5.13095808029 -1.0
5.1321721077 -1.0
5.13255095482 -1.0
5.13421297073 -1.0
5.13672113419 -1.0
5.1416759491 -1.0
5.14168310165 1.0
5.15216112137 -1.0
5.19369602203 -1.0
5.20312905312 -1.0
5.21157002449 -1.0
5.21491003036 -1.0
5.22027206421 -1.0
5.22979903221 -1.0
5.23484301567 -1.0
5.25193095207 -1.0
5.25461602211 -1.0
5.2864010334 -1.0
5.28844714165 -1.0
5.28846812248 1.0
5.29579305649 -1.0
5.30145215988 -1.0
5.30594301224 -1.0
5.31799793243 -1.0
5.31879115105 -1.0
5.32591414452 -1.0
5.34785914421 -1.0
5.36767196655 -1.0
5.3909881115 -1.0
5.3910009861 -1.0
5.39479708672 -1.0
5.41130304337 -1.0
5.4140689373 -1.0
5.41531300545 -1.0
5.4336400032 -1.0
5.43364715576 1.0
5.44100499153 -1.0
5.45314407349 -1.0
5.485861063 -1.0
5.48813700676 -1.0
5.48892498016 -1.0
5.49567914009 -1.0
5.49906301498 -1.0
5.50608110428 -1.0
5.50766301155 -1.0
5.54520201683 -1.0
5.56286811829 -1.0
5.56346893311 -1.0
5.58766508102 -1.0
5.58769392967 1.0
5.58915114403 -1.0
5.58938193321 -1.0
5.59679603577 -1.0
5.607391119 -1.0
5.62947010994 -1.0
5.63700294495 -1.0
5.64925909042 -1.0
5.64970016479 -1.0
5.65510892868 -1.0
5.65674710274 -1.0
5.6632399559 -1.0
5.67634606361 -1.0
5.68261098862 -1.0
5.68261814117 1.0
5.68477606773 -1.0
5.68772912025 -1.0
5.69736909866 -1.0
5.69883513451 -1.0
5.70219612122 -1.0
5.71369814873 -1.0
5.71616005898 -1.0
5.72193408012 -1.0
5.75299906731 -1.0
5.77262115479 -1.0
5.78666114807 -1.0
5.78724503517 -1.0
5.797052145 -1.0
5.79707694054 1.0
5.79725599289 -1.0
5.80633616447 -1.0
5.80999112129 -1.0
5.81323695183 -1.0
5.81324696541 -1.0
5.81543803215 -1.0
5.82967495918 -1.0
5.85324215889 -1.0
5.8875451088 -1.0
5.89171409607 -1.0
5.89667701721 -1.0
5.90721106529 -1.0
5.91437506676 -1.0
5.91716814041 -1.0
5.91719412804 1.0
5.92704296112 -1.0
5.95425915718 -1.0
5.96011900902 -1.0
5.97449994087 -1.0
5.98642897606 -1.0
5.98942399025 -1.0
5.98943710327 -1.0
5.99408197403 -1.0
5.99597215652 -1.0
6.01269507408 -1.0
6.01562309265 -1.0
6.01563501358 -1.0
6.06281995773 -1.0
6.07143306732 -1.0
6.07155513763 1.0
6.08734607697 -1.0
6.09035801888 -1.0
6.0913131237 -1.0
6.09691095352 -1.0
6.11661410332 -1.0
6.12270593643 -1.0
6.13677096367 -1.0
6.19555616379 -1.0
8.10029602051 1.0
8.11993908882 -1.0
8.13975095749 -1.0
8.34910798073 -1.0
8.50520896912 -1.0
9.12120509148 -1.0
9.17751407623 -1.0
9.20215415955 -1.0
10.1012401581 1.0
10.1206040382 -1.0
10.1207921505 -1.0
10.1403040886 -1.0
11.1210010052 -1.0
11.1212320328 -1.0
11.1409840584 -1.0
16.2861299515 -1.0
16.3335440159 -1.0
16.3531270027 -1.0
16.4977791309 -1.0
