0.0159900188446 -1.0
0.015998840332 1.0
0.0701639652252 -1.0
0.12820482254 -1.0
0.159512996674 -1.0
0.21642780304 -1.0
0.269981861115 -1.0
0.289568901062 -1.0
0.296802997589 -1.0
0.356373786926 -1.0
0.409763813019 -1.0
0.468216896057 -1.0
0.468223810196 1.0
0.500913858414 -1.0
0.561755895615 -1.0
0.588218927383 -1.0
0.634811878204 -1.0
0.645838975906 -1.0
0.689919948578 -1.0
0.713082790375 -1.0
0.778109788895 -1.0
0.838050842285 -1.0
0.857683897018 -1.0
0.894194841385 1.0
0.913755893707 -1.0
0.970179796219 -1.0
1.0282959938 -1.0
1.26409101486 -1.0
1.32965183258 -1.0
1.74489498138 -1.0
1.76538586617 -1.0
1.78628087044 -1.0
1.9258248806 -1.0
1.9383327961 -1.0
1.94553780556 -1.0
1.94555878639 1.0
1.94749283791 -1.0
1.94768595695 -1.0
1.96558880806 -1.0
1.98436188698 -1.0
2.02906298637 -1.0
2.03956699371 -1.0
2.03975486755 -1.0
2.0408987999 -1.0
2.04902696609 -1.0
2.0508890152 1.0
2.07067084312 -1.0
2.12833499908 -1.0
2.23462891579 -1.0
2.24377989769 -1.0
2.29635095596 -1.0
2.31940984726 -1.0
2.33911895752 -1.0
2.38305997849 -1.0
2.38307499886 -1.0
2.40274500847 -1.0
2.4030418396 -1.0
2.44219398499 1.0
2.46187782288 -1.0
2.48553180695 -1.0
2.54277181625 -1.0
2.57601594925 -1.0
2.58268499374 -1.0
2.58770394325 -1.0
2.6023747921 -1.0
2.63209986687 -1.0
2.67505288124 -1.0
2.69485998154 -1.0
2.73420786858 1.0
2.78105688095 -1.0
2.80947399139 -1.0
2.87509489059 -1.0
2.9357149601 -1.0
2.99760985374 -1.0
3.22280097008 -1.0
3.27531385422 -1.0
3.28169584274 -1.0
3.30342197418 -1.0
3.30344700813 1.0
3.33123493195 -1.0
3.38852095604 -1.0
3.39041996002 -1.0
3.41037487984 -1.0
3.41056680679 -1.0
3.4141728878 -1.0
3.42987179756 -1.0
3.43669295311 -1.0
3.48863601685 -1.0
3.49416995049 -1.0
3.51672387123 -1.0
3.51673293114 1.0
3.52020788193 -1.0
3.54684591293 -1.0
3.56652998924 -1.0
3.60448980331 -1.0
3.62576985359 -1.0
3.63080787659 -1.0
3.64737200737 -1.0
3.65035390854 -1.0
3.67056798935 -1.0
3.71235394478 -1.0
3.71236681938 1.0
3.73427581787 -1.0
3.7693707943 -1.0
3.78915381432 -1.0
3.78916287422 -1.0
3.80003190041 -1.0
3.80875086784 -1.0
3.86594986916 -1.0
3.87171697617 -1.0
3.87654185295 -1.0
3.88558578491 -1.0
3.89090681076 -1.0
3.89110589027 -1.0
3.89111280441 1.0
3.89155983925 -1.0
3.89173698425 -1.0
3.90525078773 -1.0
3.91097688675 -1.0
3.93748784065 -1.0
3.97634983063 -1.0
3.97637200356 -1.0
3.99371981621 -1.0
3.99383401871 -1.0
3.99628996849 -1.0
4.00504493713 -1.0
4.01427578926 -1.0
4.01429200172 -1.0
4.01431083679 1.0
4.01648879051 -1.0
4.03601288795 -1.0
4.0861120224 -1.0
4.09935998917 -1.0
4.09968900681 -1.0
4.10028886795 -1.0
4.10053682327 -1.0
4.10093593597 -1.0
4.10148191452 -1.0
4.11962795258 -1.0
4.11966300011 1.0
4.12140989304 -1.0
4.12142682076 -1.0
4.16580295563 -1.0
4.20154190063 -1.0
4.20213079453 -1.0
4.20240283012 -1.0
4.20255279541 -1.0
4.20284700394 -1.0
4.20339083672 -1.0
4.20424985886 -1.0
4.22137093544 -1.0
4.22138094902 1.0
4.22171592712 -1.0
4.2225818634 -1.0
4.22314500809 -1.0
4.24321293831 -1.0
4.27201390266 -1.0
4.30471396446 -1.0
4.30514383316 -1.0
4.30557990074 -1.0
4.30591392517 -1.0
4.30616188049 -1.0
4.30654001236 -1.0
4.30654597282 1.0
4.30671787262 -1.0
4.3069858551 -1.0
4.30727100372 -1.0
4.30769586563 -1.0
4.30844187737 -1.0
4.32445192337 -1.0
4.32488298416 -1.0
4.32565379143 -1.0
4.32654285431 -1.0
4.32715296745 -1.0
4.35770392418 -1.0
4.35771298409 1.0
4.36182594299 -1.0
4.36208200455 -1.0
4.37736487389 -1.0
4.38379478455 -1.0
4.4033408165 -1.0
4.40575194359 -1.0
4.40644288063 -1.0
4.40738487244 -1.0
4.40780997276 -1.0
4.40947699547 -1.0
4.4094979763 -1.0
4.40998482704 -1.0
4.41029596329 -1.0
4.41030287743 1.0
4.41066193581 -1.0
4.42569684982 -1.0
4.4271478653 -1.0
4.42752099037 -1.0
4.4295759201 -1.0
4.44632387161 -1.0
4.44908189774 -1.0
4.4686858654 -1.0
4.49357390404 -1.0
4.50903892517 -1.0
4.50906181335 1.0
4.51010489464 -1.0
4.51019191742 -1.0
4.51126694679 -1.0
4.51224398613 -1.0
4.51358890533 -1.0
4.5136089325 -1.0
4.51361489296 -1.0
4.51401996613 -1.0
4.52877783775 -1.0
4.53041386604 -1.0
4.53159093857 -1.0
4.53252696991 -1.0
4.53253698349 1.0
4.53320884705 -1.0
4.53522181511 -1.0
4.54866886139 -1.0
4.55277180672 -1.0
4.57207989693 -1.0
4.57222795486 -1.0
4.57768297195 -1.0
4.59727883339 -1.0
4.60193586349 -1.0
4.6125998497 -1.0
4.6133248806 -1.0
4.61333298683 1.0
4.61407279968 -1.0
4.61441993713 -1.0
4.61502790451 -1.0
4.61538696289 -1.0
4.61575698853 -1.0
4.61604690552 -1.0
4.61649894714 -1.0
4.61675882339 -1.0
4.61748695374 -1.0
4.62178993225 -1.0
4.62179589272 1.0
4.63152480125 -1.0
4.63281297684 -1.0
4.63350081444 -1.0
4.63493299484 -1.0
4.63553786278 -1.0
4.63627481461 -1.0
4.63691091537 -1.0
4.63736796379 -1.0
4.65242481232 -1.0
4.69158387184 -1.0
4.70442795753 -1.0
4.70971798897 -1.0
4.71546983719 -1.0
4.71549487114 1.0
4.71557092667 -1.0
4.71664381027 -1.0
4.71697688103 -1.0
4.71728897095 -1.0
4.71786999702 -1.0
4.71815800667 -1.0
4.71870398521 -1.0
4.71923780441 -1.0
4.71975398064 -1.0
4.72037386894 -1.0
4.72097802162 -1.0
4.72098398209 1.0
4.7209918499 -1.0
4.72122192383 -1.0
4.72421479225 -1.0
4.73507189751 -1.0
4.75472593307 -1.0
5.15627288818 -1.0
5.19027900696 -1.0
5.24384689331 -1.0
5.24385595322 1.0
5.30055880547 -1.0
5.41053080559 -1.0
5.4298620224 -1.0
5.44970083237 -1.0
5.69736790657 -1.0
5.71721386909 -1.0
5.73684096336 -1.0
5.73952198029 -1.0
5.89555001259 -1.0
5.98120379448 -1.0
6.02664685249 -1.0
6.07643985748 -1.0
6.07645082474 1.0
6.07659983635 -1.0
6.0962998867 -1.0
6.0981259346 -1.0
6.11770796776 -1.0
6.13435697556 -1.0
6.1350209713 -1.0
6.15408802032 -1.0
6.1567299366 -1.0
6.17366290092 -1.0
6.18776392937 -1.0
6.20743393898 -1.0
6.22391080856 1.0
6.2319560051 -1.0
6.24367785454 -1.0
6.24830389023 -1.0
6.30085682869 -1.0
6.4417989254 -1.0
6.51606297493 -1.0
7.16963791847 -1.0
7.21392798424 -1.0
7.21450781822 -1.0
7.2293407917 -1.0
7.23359179497 -1.0
7.23359894753 1.0
7.23545694351 -1.0
7.25334382057 -1.0
8.24418497086 -1.0
8.24419784546 -1.0
8.26390790939 -1.0
8.87606787682 -1.0
9.24376678467 -1.0
9.26333379745 -1.0
9.87827992439 -1.0
9.97700190544 -1.0
9.97701883316 1.0
9.9822769165 -1.0
9.99652194977 -1.0
10.244107008 -1.0
10.244440794 -1.0
10.2637000084 -1.0
11.244150877 -1.0
11.2636618614 -1.0
12.2450489998 -1.0
15.7037057877 -1.0
16.5839099884 -1.0
16.5839388371 1.0
16.6782147884 -1.0
