0.00691199302673 -1.0
0.00692105293274 1.0
0.0403690338135 -1.0
0.102117061615 -1.0
0.141093969345 -1.0
0.198013067245 -1.0
0.240167140961 -1.0
0.294765949249 -1.0
0.314470052719 -1.0
0.314480066299 1.0
0.340662956238 -1.0
0.398079156876 -1.0
0.440480947495 -1.0
0.53959107399 -1.0
0.579849004745 -1.0
0.640641927719 -1.0
0.740250110626 -1.0
0.763721942902 -1.0
0.764492034912 1.0
0.822113990784 -1.0
0.84112405777 -1.0
0.898196935654 -1.0
0.940109968185 -1.0
1.10202503204 -1.0
1.11208510399 -1.0
1.1316010952 -1.0
1.3000690937 -1.0
1.31990814209 -1.0
1.40243315697 -1.0
1.46444201469 -1.0
1.48422694206 -1.0
1.5063560009 -1.0
1.50636506081 1.0
1.52584910393 -1.0
1.53262710571 -1.0
1.5606610775 -1.0
1.58024406433 -1.0
1.63834810257 -1.0
1.69496703148 -1.0
1.74675393105 -1.0
1.75263595581 -1.0
1.7684841156 -1.0
1.77219104767 -1.0
1.89970207214 -1.0
1.91936612129 -1.0
1.91947197914 1.0
1.92861413956 -1.0
1.9341199398 -1.0
1.93908405304 -1.0
1.97928404808 -1.0
2.00593996048 -1.0
2.02704811096 -1.0
2.02726793289 -1.0
2.03138804436 -1.0
2.04695701599 -1.0
2.04934501648 1.0
2.06896305084 -1.0
2.11728096008 -1.0
2.17055511475 -1.0
2.21339797974 -1.0
2.23301196098 -1.0
2.28879308701 -1.0
2.29652500153 -1.0
2.3087720871 -1.0
2.31079292297 -1.0
2.32849502563 -1.0
2.3831679821 -1.0
2.40476894379 -1.0
2.42447710037 -1.0
2.42629599571 -1.0
2.42630600929 1.0
2.43293094635 -1.0
2.44577908516 -1.0
2.45338511467 -1.0
2.51028800011 -1.0
2.53001213074 -1.0
2.53632497787 -1.0
2.58948493004 -1.0
2.5928170681 -1.0
2.63710999489 -1.0
2.64876103401 -1.0
2.65877199173 -1.0
2.65878105164 1.0
2.67836594582 -1.0
2.70357894897 -1.0
2.72578215599 -1.0
2.76163506508 -1.0
2.78154802322 -1.0
2.790320158 -1.0
2.80982804298 -1.0
2.81161999702 -1.0
2.82139110565 -1.0
2.83115410805 -1.0
2.84498810768 -1.0
2.84499812126 1.0
2.84579801559 -1.0
2.85532212257 -1.0
2.85560798645 -1.0
2.86457014084 -1.0
2.88946914673 -1.0
2.90317296982 -1.0
2.91015195847 -1.0
2.9104449749 -1.0
2.91640806198 -1.0
2.92034196854 -1.0
2.92085599899 -1.0
2.92126703262 -1.0
2.92127394676 1.0
2.9227180481 -1.0
2.92424106598 -1.0
2.93043708801 -1.0
2.9400601387 -1.0
2.94328093529 -1.0
2.95038795471 -1.0
2.96287202835 -1.0
2.99496197701 -1.0
3.00600099564 -1.0
3.00869107246 -1.0
3.00873303413 1.0
3.01323103905 -1.0
3.01371312141 -1.0
3.01468801498 -1.0
3.02299904823 -1.0
3.02322006226 -1.0
3.02342700958 -1.0
3.02574205399 -1.0
3.0284819603 -1.0
3.03319811821 -1.0
3.03371095657 -1.0
3.03372097015 1.0
3.04338502884 -1.0
3.04568195343 -1.0
3.06568694115 -1.0
3.09464001656 -1.0
3.09465003014 -1.0
3.09465813637 -1.0
3.09611415863 -1.0
3.0971159935 -1.0
3.10628294945 -1.0
3.10853505135 -1.0
3.10882496834 -1.0
3.11434698105 -1.0
3.11623907089 -1.0
3.1162519455 1.0
3.11641693115 -1.0
3.11658501625 -1.0
3.11687898636 -1.0
3.12569212914 -1.0
3.12625408173 -1.0
3.12689995766 -1.0
3.12869811058 -1.0
3.13677096367 -1.0
3.13738512993 -1.0
3.14545607567 -1.0
3.14546203613 1.0
3.15649294853 -1.0
3.16504502296 -1.0
3.19323396683 -1.0
3.19376111031 -1.0
3.19710111618 -1.0
3.19956111908 -1.0
3.19971013069 -1.0
3.19999504089 -1.0
3.21118092537 -1.0
3.21301698685 -1.0
3.21524310112 -1.0
3.21779704094 -1.0
3.21782302856 1.0
3.21849703789 -1.0
3.21950507164 -1.0
3.22177696228 -1.0
3.22798800468 -1.0
3.22867107391 -1.0
3.23114013672 -1.0
3.23494696617 -1.0
3.23797702789 -1.0
3.238270998 -1.0
3.23828315735 1.0
3.2399289608 -1.0
3.2413880825 -1.0
3.24776411057 -1.0
3.24989104271 -1.0
3.26012802124 -1.0
3.26748394966 -1.0
3.27786493301 -1.0
3.27822113037 -1.0
3.29853892326 -1.0
3.3005490303 -1.0
3.30057215691 1.0
3.30261206627 -1.0
3.30263805389 -1.0
3.30303406715 -1.0
3.31414914131 -1.0
3.31824111938 -1.0
3.32159113884 -1.0
3.32230901718 -1.0
3.33237314224 -1.0
3.33240413666 -1.0
3.33252906799 -1.0
3.33266806602 -1.0
3.33270215988 1.0
3.33392500877 -1.0
3.33807396889 -1.0
3.34156298637 -1.0
3.34225010872 -1.0
3.35772395134 -1.0
3.38056993484 -1.0
3.38058304787 -1.0
3.40021705627 -1.0
3.40272092819 -1.0
3.40273308754 -1.0
3.40497994423 -1.0
3.40500211716 1.0
3.41626000404 -1.0
3.42005300522 -1.0
3.42380213737 -1.0
3.4244890213 -1.0
3.4250099659 -1.0
3.42522311211 -1.0
3.43327093124 -1.0
3.43453001976 -1.0
3.43476605415 -1.0
3.43511795998 -1.0
3.43575811386 -1.0
3.43578195572 1.0
3.43638515472 -1.0
3.43984413147 -1.0
3.44411706924 -1.0
3.45187115669 -1.0
3.45421099663 -1.0
3.45937609673 -1.0
3.45955514908 -1.0
3.46004605293 -1.0
3.46222114563 -1.0
3.4638171196 -1.0
3.46688699722 -1.0
3.46849513054 -1.0
3.46850299835 1.0
3.46956801414 -1.0
3.48321008682 -1.0
3.48652505875 -1.0
3.49304103851 -1.0
3.49760007858 -1.0
3.50522613525 -1.0
3.50679898262 -1.0
3.50720405579 -1.0
3.51261496544 -1.0
3.51879000664 -1.0
3.52591013908 -1.0
3.53607296944 -1.0
3.53608107567 1.0
3.53838205338 -1.0
3.55373501778 -1.0
3.57336306572 -1.0
5.06123900414 -1.0
5.11842894554 -1.0
6.06193995476 -1.0
6.06201601028 -1.0
6.08181810379 -1.0
7.06241893768 -1.0
7.06243014336 1.0
7.08215308189 -1.0
7.23994803429 -1.0
8.06277108192 -1.0
8.06296801567 -1.0
8.08260202408 -1.0
8.51827406883 -1.0
8.61655306816 -1.0
8.62087202072 -1.0
8.63602805138 -1.0
9.06347107887 -1.0
9.06348800659 1.0
9.08299994469 -1.0
15.3398330212 -1.0
16.2406170368 -1.0
16.3399760723 -1.0
