0.00769805908203 -1.0
0.0077109336853 1.0
0.0272488594055 -1.0
0.0449888706207 -1.0
0.066132068634 -1.0
0.124480009079 -1.0
0.143929958344 -1.0
0.244741916656 -1.0
0.248062849045 -1.0
0.291185855865 -1.0
0.344146966934 -1.0
0.344164848328 1.0
0.394341945648 -1.0
0.454127073288 -1.0
0.496990919113 -1.0
0.552764892578 -1.0
0.609042882919 -1.0
0.668698072433 -1.0
0.710422992706 -1.0
0.767767906189 -1.0
0.812983036041 -1.0
1.04478788376 -1.0
1.04485297203 1.0
1.06627988815 -1.0
1.12786006927 -1.0
1.1475379467 -1.0
1.34497690201 -1.0
1.54454994202 -1.0
1.56598806381 -1.0
1.84412193298 -1.0
1.85813593864 -1.0
1.86136984825 -1.0
1.86376690865 -1.0
1.86377501488 1.0
1.88338303566 -1.0
1.90152597427 -1.0
1.92118597031 -1.0
1.94547390938 -1.0
1.95891690254 -1.0
1.95903205872 -1.0
1.959389925 -1.0
1.9602329731 -1.0
1.96543002129 -1.0
1.9878590107 -1.0
2.04382300377 -1.0
2.13264203072 1.0
2.15230894089 -1.0
2.18810486794 -1.0
2.23901796341 -1.0
2.24465894699 -1.0
2.29586100578 -1.0
2.31643199921 -1.0
2.3304579258 -1.0
2.34576702118 -1.0
2.35010504723 -1.0
2.3879840374 -1.0
2.40786790848 -1.0
2.42275285721 -1.0
2.43085503578 -1.0
2.43088293076 1.0
2.43288588524 -1.0
2.45097589493 -1.0
2.54460787773 -1.0
2.64037394524 -1.0
2.64728689194 -1.0
2.74476194382 -1.0
2.76500105858 -1.0
2.78246998787 -1.0
2.78464984894 -1.0
2.79403591156 1.0
2.81362605095 -1.0
2.84496092796 -1.0
2.86780691147 -1.0
2.88738393784 -1.0
2.94396495819 -1.0
2.99991106987 -1.0
3.02737903595 -1.0
3.04701399803 -1.0
3.10423588753 -1.0
3.13427996635 -1.0
3.13457393646 1.0
3.13467693329 -1.0
3.14434695244 -1.0
3.14488887787 -1.0
3.1455988884 -1.0
3.14592194557 -1.0
3.15439200401 -1.0
3.17405605316 -1.0
3.22295999527 -1.0
3.2326169014 -1.0
3.23662495613 -1.0
3.23687601089 -1.0
3.23689198494 1.0
3.24457287788 -1.0
3.24633002281 -1.0
3.24679684639 -1.0
3.25236487389 -1.0
3.25670289993 -1.0
3.2660009861 -1.0
3.26948785782 -1.0
3.28562307358 -1.0
3.32422184944 -1.0
3.32523989677 -1.0
3.32525992393 1.0
3.34010100365 -1.0
3.34046387672 -1.0
3.34089994431 -1.0
3.34426498413 -1.0
3.34921598434 -1.0
3.36014604568 -1.0
3.3611638546 -1.0
3.36961388588 -1.0
3.38014698029 -1.0
3.42665505409 -1.0
3.42667007446 1.0
3.42708992958 -1.0
3.42769789696 -1.0
3.44219899178 -1.0
3.44315886497 -1.0
3.4467279911 -1.0
3.44728207588 -1.0
3.45188784599 -1.0
3.45200490952 -1.0
3.46424984932 -1.0
3.46659994125 -1.0
3.47195601463 -1.0
3.47198486328 1.0
3.47513985634 -1.0
3.47552585602 -1.0
3.47571897507 -1.0
3.4860959053 -1.0
3.49205088615 -1.0
3.52984905243 -1.0
3.53027105331 -1.0
3.54447698593 -1.0
3.54639291763 -1.0
3.54927492142 -1.0
3.55416488647 -1.0
3.55417585373 1.0
3.55485105515 -1.0
3.56411886215 -1.0
3.56798601151 -1.0
3.57412195206 -1.0
3.57800388336 -1.0
3.59410905838 -1.0
3.63197302818 -1.0
3.63261389732 -1.0
3.63332486153 -1.0
3.63334393501 1.0
3.64532399178 -1.0
3.64587688446 -1.0
3.64827489853 -1.0
3.64943194389 -1.0
3.65209197998 -1.0
3.65707397461 -1.0
3.65736484528 -1.0
3.6650249958 -1.0
3.66596007347 -1.0
3.66860795021 -1.0
3.66871094704 1.0
3.67091584206 -1.0
3.67774391174 -1.0
3.684871912 -1.0
3.68592405319 -1.0
3.69739103317 -1.0
3.73563098907 -1.0
3.73567199707 -1.0
3.73626995087 -1.0
3.73683905602 -1.0
3.74498391151 -1.0
3.74499201775 1.0
3.75125694275 -1.0
3.75357294083 -1.0
3.75359988213 -1.0
3.75592589378 -1.0
3.76001095772 -1.0
3.76112794876 -1.0
3.76218891144 -1.0
3.764731884 -1.0
3.7710108757 -1.0
3.77954292297 -1.0
3.79928588867 -1.0
3.81949186325 -1.0
3.81955504417 1.0
3.83921504021 -1.0
3.87335085869 -1.0
3.88385891914 -1.0
3.89324307442 -1.0
3.89565706253 -1.0
3.90615105629 -1.0
3.91294789314 -1.0
3.96865105629 -1.0
3.9757399559 -1.0
3.98826098442 -1.0
4.02778887749 -1.0
4.02785491943 1.0
4.04748606682 -1.0
4.08834195137 -1.0
4.1145029068 -1.0
4.1921479702 -1.0
4.24862194061 -1.0
4.48122286797 -1.0
4.50131893158 -1.0
4.50154304504 -1.0
4.50353097916 -1.0
4.50374507904 -1.0
4.52337098122 -1.0
4.5252058506 -1.0
4.52521491051 1.0
4.5253739357 -1.0
4.54498100281 -1.0
4.55257987976 -1.0
4.56462907791 -1.0
4.56610488892 -1.0
4.57468295097 -1.0
4.5842359066 -1.0
4.64541602135 -1.0
4.84505200386 -1.0
5.04587101936 -1.0
5.04589295387 1.0
5.0459048748 -1.0
5.06551289558 -1.0
5.06742501259 -1.0
5.0851290226 -1.0
5.14503598213 -1.0
5.24465990067 -1.0
5.26723504066 -1.0
5.26724696159 1.0
5.28682684898 -1.0
6.30412888527 -1.0
8.26903986931 -1.0
8.26937389374 -1.0
8.28866004944 -1.0
8.96225786209 -1.0
9.27019691467 -1.0
9.27021288872 1.0
9.27031588554 -1.0
9.2704679966 -1.0
9.270622015 -1.0
9.28995084763 -1.0
9.53687095642 -1.0
9.63937997818 -1.0
10.2701039314 -1.0
10.2706148624 -1.0
10.2898709774 -1.0
16.057751894 -1.0
16.1187520027 -1.0
