0.0161211490631 -1.0
0.0522310733795 1.0
0.0563609600067 -1.0
0.0724270343781 -1.0
0.112297058105 -1.0
0.131933927536 -1.0
0.168365001678 -1.0
0.174689054489 -1.0
0.187853097916 -1.0
0.210123062134 -1.0
0.248888969421 -1.0
0.271040916443 -1.0
0.290637969971 -1.0
0.290864944458 1.0
0.330065011978 -1.0
0.387814998627 -1.0
0.444113016129 -1.0
0.527441978455 -1.0
0.58429813385 -1.0
0.643952131271 -1.0
0.699931144714 -1.0
0.738512039185 -1.0
0.796535968781 -1.0
0.866903066635 -1.0
0.886929035187 -1.0
1.12064313889 -1.0
1.16022610664 1.0
1.18561410904 -1.0
1.20733213425 -1.0
1.22924399376 -1.0
1.24890804291 -1.0
1.52982091904 -1.0
1.58720612526 -1.0
1.58818912506 -1.0
1.61561107635 -1.0
1.91721701622 -1.0
1.93198513985 -1.0
1.93199896812 1.0
1.93718504906 -1.0
1.93957614899 -1.0
1.95694804192 -1.0
1.95936393738 -1.0
1.97910308838 -1.0
2.02245211601 -1.0
2.03300499916 -1.0
2.03336000443 -1.0
2.03360891342 -1.0
2.04212999344 -1.0
2.06343793869 -1.0
2.06481409073 -1.0
2.06483697891 1.0
2.0831091404 -1.0
2.14045810699 -1.0
2.14777112007 -1.0
2.17605113983 -1.0
2.20133805275 -1.0
2.23262500763 -1.0
2.23950600624 -1.0
2.29649305344 -1.0
2.33379602432 -1.0
2.40107393265 1.0
2.40769505501 -1.0
2.42081308365 -1.0
2.44097900391 -1.0
2.4701499939 -1.0
2.47539806366 -1.0
2.47565197945 -1.0
2.47600603104 -1.0
2.49007606506 -1.0
2.51264595985 -1.0
2.57199597359 -1.0
2.59197902679 -1.0
2.64791107178 -1.0
2.68975901604 -1.0
2.72821593285 1.0
2.72977113724 -1.0
2.74783205986 -1.0
2.76742506027 -1.0
2.76797509193 -1.0
2.78765201569 -1.0
2.83247494698 -1.0
2.8885641098 -1.0
2.88870000839 -1.0
2.94774198532 -1.0
2.99324798584 -1.0
3.00214004517 1.0
3.00365900993 -1.0
3.01525902748 -1.0
3.02948093414 -1.0
3.03705906868 -1.0
3.04985594749 -1.0
3.06936311722 -1.0
3.07219099998 -1.0
3.09673595428 -1.0
3.29833102226 -1.0
3.31316614151 -1.0
3.31364607811 1.0
3.3186609745 -1.0
3.3186841011 -1.0
3.32964205742 -1.0
3.33282709122 -1.0
3.33642411232 -1.0
3.33826613426 -1.0
3.33992409706 -1.0
3.34631991386 -1.0
3.35172891617 -1.0
3.35428500175 -1.0
3.35824108124 -1.0
3.37612700462 -1.0
3.37800693512 -1.0
3.3814330101 -1.0
3.38144111633 1.0
3.38257098198 -1.0
3.40137910843 -1.0
3.44223093987 -1.0
3.45324492455 -1.0
3.46182107925 -1.0
3.4876499176 -1.0
3.50725793839 -1.0
3.51305794716 -1.0
3.53320407867 -1.0
3.54503202438 -1.0
3.55302095413 -1.0
3.57800602913 -1.0
3.59753203392 -1.0
3.60724401474 -1.0
3.6268260479 -1.0
3.6479139328 -1.0
3.64794206619 1.0
3.66655802727 -1.0
3.66757011414 -1.0
3.68074607849 -1.0
3.70047497749 -1.0
3.70820093155 -1.0
3.7277469635 -1.0
3.75082302094 -1.0
3.75100493431 -1.0
3.7621049881 -1.0
3.76375699043 -1.0
3.77033305168 -1.0
3.77385497093 -1.0
3.78398394585 -1.0
3.78409099579 1.0
3.78591799736 -1.0
3.78986096382 -1.0
3.80800509453 -1.0
3.81088113785 -1.0
3.82781600952 -1.0
3.85300302505 -1.0
3.86429405212 -1.0
3.86694407463 -1.0
3.8724899292 -1.0
3.8857691288 -1.0
3.90546798706 -1.0
3.91335010529 -1.0
3.93308711052 -1.0
3.93911314011 -1.0
3.93952393532 -1.0
3.93954491615 1.0
3.95558595657 -1.0
3.95883107185 -1.0
3.96104693413 -1.0
3.96718406677 -1.0
3.98054695129 -1.0
3.98821997643 -1.0
3.98866796494 -1.0
4.00771212578 -1.0
4.01557397842 -1.0
4.01761412621 -1.0
4.03524398804 -1.0
4.04926300049 1.0
4.05878806114 -1.0
4.06176304817 -1.0
4.07016897202 -1.0
4.08967113495 -1.0
4.0909280777 -1.0
4.11083912849 -1.0
4.11794614792 -1.0
4.13764500618 -1.0
4.16134500504 -1.0
4.17359209061 -1.0
4.18112707138 -1.0
4.19390106201 -1.0
4.20079708099 -1.0
4.26003193855 -1.0
4.26009607315 1.0
4.26427793503 -1.0
4.27981996536 -1.0
4.29612112045 -1.0
4.29947113991 -1.0
4.34860706329 -1.0
4.36675906181 -1.0
4.3667781353 -1.0
4.38646101952 -1.0
4.39896798134 -1.0
4.40617609024 -1.0
4.40618395805 1.0
4.4646589756 -1.0
4.4662630558 -1.0
4.46913194656 -1.0
4.48030805588 -1.0
4.48612499237 -1.0
4.50099802017 -1.0
4.5061519146 -1.0
4.52793693542 -1.0
4.54742503166 -1.0
4.57171702385 -1.0
4.57180213928 -1.0
4.58296203613 -1.0
4.59134697914 -1.0
4.60346293449 -1.0
4.62307810783 -1.0
4.63033699989 -1.0
4.6303460598 1.0
4.64981293678 -1.0
4.66963911057 -1.0
4.67440414429 -1.0
4.68610692024 -1.0
4.68921899796 -1.0
4.70599603653 -1.0
4.7257361412 -1.0
4.73291707039 -1.0
4.73452997208 -1.0
4.75236606598 -1.0
4.77727508545 -1.0
4.78836894035 -1.0
4.79674196243 -1.0
4.79683709145 1.0
4.80824995041 -1.0
4.8173251152 -1.0
4.83607697487 -1.0
4.85563111305 -1.0
4.85735607147 -1.0
4.87699508667 -1.0
4.87868404388 -1.0
4.87992691994 -1.0
4.88474297523 -1.0
4.89047503471 -1.0
4.89091706276 -1.0
4.89848995209 -1.0
4.89866805077 1.0
4.90045809746 -1.0
4.91094994545 -1.0
4.91294813156 -1.0
4.91297292709 -1.0
4.91805791855 -1.0
4.9375910759 -1.0
4.94699692726 -1.0
4.95745205879 -1.0
4.97027301788 -1.0
4.98292994499 -1.0
4.98971009254 -1.0
4.99387192726 -1.0
4.99389505386 1.0
5.0137181282 -1.0
5.01373696327 -1.0
5.07181406021 -1.0
5.08488702774 -1.0
5.084897995 -1.0
5.08513712883 -1.0
5.09141802788 -1.0
5.11607694626 -1.0
5.13560700417 -1.0
5.17264413834 -1.0
5.18757009506 -1.0
5.1917450428 -1.0
5.1917719841 1.0
5.21843194962 -1.0
5.21844410896 -1.0
5.23797607422 -1.0
5.24649095535 -1.0
5.2578830719 -1.0
5.27741193771 -1.0
5.28976106644 -1.0
5.29006314278 -1.0
5.30101108551 -1.0
5.30961799622 -1.0
5.32306694984 -1.0
5.32307600975 1.0
5.32332491875 -1.0
5.32580709457 -1.0
5.32625102997 -1.0
5.34263801575 -1.0
5.34815192223 -1.0
5.34964895248 -1.0
5.36765408516 -1.0
5.39258909225 -1.0
5.40321397781 -1.0
5.41222906113 -1.0
5.42366814613 -1.0
5.43179798126 -1.0
5.45067095757 -1.0
5.4702501297 -1.0
5.49501609802 -1.0
5.4950261116 1.0
5.50607800484 -1.0
5.51472401619 -1.0
5.52608299255 -1.0
5.54421305656 -1.0
5.54579401016 -1.0
5.59797406197 -1.0
5.60410094261 -1.0
5.60861110687 -1.0
5.62383699417 -1.0
5.62884402275 -1.0
5.64840507507 -1.0
5.68140411377 -1.0
5.68141913414 1.0
5.70049095154 -1.0
5.70105314255 -1.0
5.73129296303 -1.0
5.7513589859 -1.0
5.78879094124 -1.0
5.80316400528 -1.0
5.80788397789 -1.0
5.83354902267 -1.0
5.83385491371 -1.0
5.85327196121 -1.0
5.86082291603 -1.0
5.86084294319 1.0
5.8728120327 -1.0
5.90576505661 -1.0
5.90577912331 -1.0
5.92546391487 -1.0
5.9359099865 -1.0
5.93634605408 -1.0
5.95545601845 -1.0
5.96315813065 -1.0
5.98268699646 -1.0
6.00812792778 -1.0
6.01836395264 -1.0
6.01844501495 1.0
6.02765107155 -1.0
6.03820800781 -1.0
6.03847908974 -1.0
6.05821800232 -1.0
6.06603312492 -1.0
6.08553695679 -1.0
6.11115407944 -1.0
6.12159395218 -1.0
6.13101410866 -1.0
6.14063000679 -1.0
6.1604180336 -1.0
6.1694009304 -1.0
6.18032002449 -1.0
6.21422791481 -1.0
6.2142701149 1.0
6.22430109978 -1.0
6.23399591446 -1.0
6.24299502373 -1.0
6.24333405495 -1.0
6.26256799698 -1.0
6.27224493027 -1.0
6.29196810722 -1.0
6.31676006317 -1.0
6.32595014572 -1.0
6.33623409271 -1.0
6.34618592262 -1.0
6.36608099937 -1.0
6.37460207939 -1.0
6.39480400085 -1.0
6.41927695274 -1.0
6.41928505898 1.0
6.42849302292 -1.0
6.43907403946 -1.0
6.44909691811 -1.0
6.46867108345 -1.0
6.47696113586 -1.0
6.49663209915 -1.0
6.52261209488 -1.0
6.52281594276 -1.0
6.54253911972 -1.0
6.55187106133 -1.0
6.57164597511 -1.0
6.5797791481 -1.0
6.5995631218 -1.0
6.62484192848 -1.0
6.62487912178 1.0
6.64453005791 -1.0
6.65474104881 -1.0
6.66417098045 -1.0
6.68207597733 -1.0
6.68391609192 -1.0
8.27824997902 -1.0
8.33706092834 -1.0
9.2586979866 1.0
9.27808594704 -1.0
9.2783370018 -1.0
9.27854704857 -1.0
9.29771709442 -1.0
9.53973007202 -1.0
9.69572210312 -1.0
9.71527004242 -1.0
10.2787389755 -1.0
10.2982981205 -1.0
10.5455329418 -1.0
11.2785220146 -1.0
11.2785329819 1.0
11.2982461452 -1.0
15.5822620392 -1.0
15.676872015 -1.0
15.7048799992 -1.0
