0.0192129611969 -1.0
0.0192239284515 1.0
0.0766589641571 -1.0
0.0965168476105 -1.0
0.119683027267 -1.0
0.141544818878 -1.0
0.164790868759 -1.0
0.219264984131 -1.0
0.276778936386 -1.0
0.276794910431 1.0
0.296686887741 -1.0
0.318183898926 -1.0
0.338011980057 -1.0
0.39680981636 -1.0
0.41871881485 -1.0
0.478675842285 -1.0
0.518932819366 -1.0
0.537408828735 -1.0
0.577738046646 -1.0
0.595633029938 -1.0
0.61878490448 -1.0
0.618808031082 1.0
0.678697824478 -1.0
0.742192983627 -1.0
0.801890850067 -1.0
0.821965932846 -1.0
0.822417020798 -1.0
0.842624902725 -1.0
0.921746969223 -1.0
1.07834100723 -1.0
1.14692783356 -1.0
1.22034692764 -1.0
1.22107982635 1.0
1.27677989006 -1.0
1.31867289543 -1.0
1.33843684196 -1.0
1.4918859005 -1.0
1.7186229229 -1.0
1.73873591423 -1.0
1.81924581528 -1.0
1.83962202072 -1.0
2.11395788193 -1.0
2.11832785606 -1.0
2.12919998169 -1.0
2.135835886 -1.0
2.13831090927 -1.0
2.15776491165 -1.0
2.17408800125 -1.0
2.17409682274 1.0
2.175812006 -1.0
2.17846703529 -1.0
2.19389796257 -1.0
2.21596097946 -1.0
2.21914601326 -1.0
2.22767901421 -1.0
2.22779989243 -1.0
2.23184704781 -1.0
2.23575091362 -1.0
2.23881483078 -1.0
2.23903799057 -1.0
2.24088191986 -1.0
2.24918603897 -1.0
2.25826692581 -1.0
2.26251292229 1.0
2.27371692657 -1.0
2.29347681999 -1.0
2.43351387978 -1.0
2.45313096046 -1.0
2.50911092758 -1.0
2.51841497421 -1.0
2.53104901314 -1.0
2.53830099106 -1.0
2.54769587517 -1.0
2.56741404533 -1.0
2.57604694366 -1.0
2.57605600357 1.0
2.59569883347 -1.0
2.61880898476 -1.0
2.63834786415 -1.0
2.65845894814 -1.0
2.71761989594 -1.0
2.74535298347 -1.0
2.76526784897 -1.0
2.7654299736 -1.0
2.78516888618 -1.0
2.81914591789 -1.0
2.87726593018 -1.0
2.91976284981 -1.0
2.91978883743 1.0
2.9399368763 -1.0
2.94910597801 -1.0
2.99685692787 -1.0
3.00565004349 -1.0
3.01716685295 -1.0
3.01948785782 -1.0
3.03607988358 -1.0
3.03683590889 -1.0
3.0418138504 -1.0
3.04183697701 1.0
3.05155992508 -1.0
3.05635285378 -1.0
3.11890983582 -1.0
3.2003929615 -1.0
3.21857690811 -1.0
3.22014284134 -1.0
3.24218893051 -1.0
3.30141782761 -1.0
3.30563902855 -1.0
3.31702685356 -1.0
3.3184838295 -1.0
3.3247988224 -1.0
3.3250670433 1.0
3.32542800903 -1.0
3.32813596725 -1.0
3.33664894104 -1.0
3.33872389793 -1.0
3.35829997063 -1.0
3.37185287476 -1.0
3.37833094597 -1.0
3.39778494835 -1.0
3.41945791245 -1.0
3.41980981827 -1.0
3.42752194405 -1.0
3.42753100395 1.0
3.42855882645 -1.0
3.43918085098 -1.0
3.44040203094 -1.0
3.44853281975 -1.0
3.46001005173 -1.0
3.50754094124 -1.0
3.51845788956 -1.0
3.52196002007 -1.0
3.52753186226 -1.0
3.52823901176 -1.0
3.53040003777 -1.0
3.53041982651 1.0
3.53095293045 -1.0
3.53144693375 -1.0
3.54268884659 -1.0
3.54772782326 -1.0
3.56751894951 -1.0
3.5959379673 -1.0
3.61545586586 -1.0
3.62203288078 -1.0
3.62478089333 -1.0
3.63126897812 -1.0
3.6329908371 -1.0
3.63434290886 -1.0
3.63478589058 -1.0
3.63479304314 1.0
3.63500404358 -1.0
3.64340496063 -1.0
3.64470601082 -1.0
3.64762496948 -1.0
3.66343283653 -1.0
3.666410923 -1.0
3.67842102051 -1.0
3.67980098724 -1.0
3.68606901169 -1.0
3.68676996231 -1.0
3.68894791603 -1.0
3.70025897026 -1.0
3.70028185844 1.0
3.70838499069 -1.0
3.71803188324 -1.0
3.72728800774 -1.0
3.72838497162 -1.0
3.73536491394 -1.0
3.73572587967 -1.0
3.73636388779 -1.0
3.74004483223 -1.0
3.74805498123 -1.0
3.75037193298 -1.0
3.76784801483 -1.0
3.76798987389 1.0
3.78906083107 -1.0
3.78965091705 -1.0
3.8034029007 -1.0
3.80874800682 -1.0
3.83008503914 -1.0
3.837859869 -1.0
3.83910298347 -1.0
3.83947181702 -1.0
3.8503408432 -1.0
3.85409402847 -1.0
3.87373495102 -1.0
3.87374281883 1.0
3.89229488373 -1.0
3.89487290382 -1.0
3.90624690056 -1.0
3.92596483231 -1.0
3.93286991119 -1.0
3.94078087807 -1.0
3.94231390953 -1.0
3.95265293121 -1.0
3.95701503754 -1.0
3.97721791267 -1.0
3.99439382553 -1.0
3.99474787712 -1.0
3.99476504326 1.0
4.00809884071 -1.0
4.00832104683 -1.0
4.01391196251 -1.0
4.03143882751 -1.0
4.03514790535 -1.0
4.04384493828 -1.0
4.0443379879 -1.0
4.04500102997 -1.0
4.04585695267 -1.0
4.04612493515 -1.0
4.04612994194 1.0
4.05183696747 -1.0
4.05981087685 -1.0
4.07972884178 -1.0
4.09683895111 -1.0
4.09979295731 -1.0
4.11082196236 -1.0
4.13035202026 -1.0
4.13446593285 -1.0
4.13757300377 -1.0
4.14555883408 -1.0
4.14588189125 -1.0
4.14632201195 -1.0
4.14632892609 1.0
4.14771103859 -1.0
4.14772796631 -1.0
4.15409493446 -1.0
4.16238093376 -1.0
4.18234682083 -1.0
4.19980287552 -1.0
4.20196294785 -1.0
4.21357297897 -1.0
4.21379995346 -1.0
4.23365283012 -1.0
4.23647284508 -1.0
4.23697590828 -1.0
4.23700690269 1.0
4.24000883102 -1.0
4.24896287918 -1.0
4.2507288456 -1.0
4.25656890869 -1.0
4.26497983932 -1.0
4.28447794914 -1.0
4.30275797844 -1.0
4.30441999435 -1.0
4.31583595276 -1.0
4.33579802513 -1.0
4.33960604668 -1.0
4.33973789215 1.0
4.34272193909 -1.0
4.35194993019 -1.0
4.35424900055 -1.0
4.36062598228 -1.0
4.36780285835 -1.0
4.36862897873 -1.0
4.38063097 -1.0
4.40518188477 -1.0
4.40762901306 -1.0
4.41864085197 -1.0
4.4207239151 1.0
4.42246103287 -1.0
4.42511582375 -1.0
4.44189596176 -1.0
4.44272184372 -1.0
4.44511198997 -1.0
4.44512200356 -1.0
4.4451379776 -1.0
4.45455694199 -1.0
4.45485401154 -1.0
4.45519185066 -1.0
4.45814704895 -1.0
4.46561193466 -1.0
4.46563100815 1.0
4.47097396851 -1.0
4.48628902435 -1.0
4.5081319809 -1.0
4.51771593094 -1.0
4.52138185501 -1.0
4.52792000771 -1.0
4.54475998878 -1.0
4.54618287086 -1.0
4.54653382301 -1.0
4.54839897156 -1.0
4.54857492447 -1.0
4.5488820076 -1.0
4.54888796806 1.0
4.54912996292 -1.0
4.54933404922 -1.0
4.54980397224 -1.0
4.56446385384 -1.0
4.60509085655 -1.0
4.66112685204 -1.0
4.81995081902 -1.0
4.84691381454 -1.0
4.88042593002 -1.0
4.88753986359 -1.0
4.90015292168 -1.0
5.11091995239 1.0
5.13106298447 -1.0
5.15061283112 -1.0
5.31926298141 -1.0
5.33924889565 -1.0
5.41973996162 -1.0
5.43996691704 -1.0
5.4595990181 -1.0
5.4625108242 -1.0
5.51832890511 -1.0
5.61865997314 -1.0
5.71814584732 -1.0
5.73980689049 -1.0
5.73982095718 1.0
5.91928792 -1.0
5.91931986809 -1.0
5.92864704132 -1.0
5.93884181976 -1.0
5.9401910305 -1.0
5.95875883102 -1.0
6.01913094521 -1.0
6.01960492134 -1.0
6.02127599716 -1.0
6.02138495445 1.0
6.03884887695 -1.0
6.04037904739 -1.0
6.05850100517 -1.0
6.09802985191 -1.0
6.4415178299 -1.0
6.49728083611 -1.0
6.52017498016 -1.0
6.52018499374 1.0
6.52044987679 -1.0
6.52101182938 -1.0
6.53967905045 -1.0
6.54006099701 -1.0
6.54007291794 -1.0
6.55991101265 -1.0
7.48126101494 -1.0
7.50095200539 -1.0
8.39042901993 -1.0
8.42236089706 1.0
8.44332098961 -1.0
8.44334292412 -1.0
8.44334602356 -1.0
8.4435210228 -1.0
8.46290183067 -1.0
8.52920293808 -1.0
9.44267392159 -1.0
9.46228504181 -1.0
9.90264987946 -1.0
10.0448930264 -1.0
10.4425280094 -1.0
10.4425368309 1.0
10.4621310234 -1.0
11.4432308674 -1.0
11.4433410168 -1.0
11.4636118412 -1.0
16.2219848633 -1.0
16.3070089817 -1.0
16.3264279366 -1.0
