0.0112779140472 1.0
0.0253639221191 -1.0
0.0309908390045 -1.0
0.0812339782715 -1.0
0.0867669582367 -1.0
0.106377840042 -1.0
0.163352966309 -1.0
0.2231528759 -1.0
0.283766031265 -1.0
0.304582834244 -1.0
0.304752826691 1.0
0.343261957169 -1.0
0.401211977005 -1.0
0.407035827637 -1.0
0.479593992233 -1.0
0.537125825882 -1.0
0.55851483345 -1.0
0.661321878433 -1.0
0.71880698204 -1.0
0.774835824966 -1.0
0.779837846756 -1.0
0.79528093338 -1.0
0.857271909714 -1.0
0.8572909832 1.0
0.877098798752 -1.0
0.979413032532 -1.0
1.02057099342 -1.0
1.03885698318 -1.0
1.0489089489 -1.0
1.05828380585 -1.0
1.98373889923 -1.0
1.9977748394 -1.0
2.00322294235 -1.0
2.00369095802 -1.0
2.02270388603 -1.0
2.02416181564 1.0
2.04375600815 -1.0
2.06401395798 -1.0
2.08308792114 -1.0
2.09679603577 -1.0
2.09705901146 -1.0
2.10063195229 -1.0
2.10287094116 -1.0
2.11670780182 -1.0
2.13853287697 -1.0
2.18281388283 -1.0
2.28679895401 -1.0
2.28742098808 1.0
2.32276391983 -1.0
2.35362195969 -1.0
2.4114048481 -1.0
2.43094301224 -1.0
2.45100283623 -1.0
2.46404099464 -1.0
2.48357582092 -1.0
2.54273700714 -1.0
2.56240081787 -1.0
2.5797188282 1.0
2.58298802376 -1.0
2.59925889969 -1.0
2.60496401787 -1.0
2.61940002441 -1.0
2.65563583374 -1.0
2.66974902153 -1.0
2.67577600479 -1.0
2.69664597511 -1.0
2.71869182587 -1.0
2.746560812 -1.0
2.76700687408 -1.0
2.80322289467 1.0
2.80868792534 -1.0
2.82311701775 -1.0
2.84870290756 -1.0
2.86911892891 -1.0
2.88922786713 -1.0
2.93323397636 -1.0
2.97168493271 -1.0
2.97170186043 -1.0
2.97940802574 -1.0
2.98014092445 -1.0
2.98014903069 1.0
2.98136901855 -1.0
2.98161697388 -1.0
2.99145483971 -1.0
2.99785685539 -1.0
2.99914193153 -1.0
2.9997549057 -1.0
3.00110197067 -1.0
3.03255796432 -1.0
3.0565598011 -1.0
3.05657887459 -1.0
3.07457184792 -1.0
3.07607698441 -1.0
3.08236789703 -1.0
3.08239293098 1.0
3.08295202255 -1.0
3.08406996727 -1.0
3.09448981285 -1.0
3.10156583786 -1.0
3.10225200653 -1.0
3.10290002823 -1.0
3.10378193855 -1.0
3.11450695992 -1.0
3.12130999565 -1.0
3.12132000923 1.0
3.12208795547 -1.0
3.12279486656 -1.0
3.12576198578 -1.0
3.14021992683 -1.0
3.14273190498 -1.0
3.16370391846 -1.0
3.1649479866 -1.0
3.16698002815 -1.0
3.17778086662 -1.0
3.17780089378 -1.0
3.18313097954 -1.0
3.18322396278 1.0
3.18497490883 -1.0
3.1857688427 -1.0
3.18578100204 -1.0
3.18669390678 -1.0
3.18701386452 -1.0
3.18758487701 -1.0
3.18784594536 -1.0
3.19790792465 -1.0
3.20307087898 -1.0
3.20499801636 -1.0
3.20633387566 -1.0
3.20635700226 1.0
3.20776200294 -1.0
3.20851898193 -1.0
3.21042299271 -1.0
3.22802996635 -1.0
3.23190593719 -1.0
3.24785089493 -1.0
3.26268792152 -1.0
3.26309394836 -1.0
3.27496981621 -1.0
3.28085494041 -1.0
3.28223896027 -1.0
3.28837585449 -1.0
3.2883849144 1.0
3.28881788254 -1.0
3.28948283195 -1.0
3.28992080688 -1.0
3.29008889198 -1.0
3.29026579857 -1.0
3.29060792923 -1.0
3.29114580154 -1.0
3.2915699482 -1.0
3.29197502136 -1.0
3.29228186607 -1.0
3.2949860096 -1.0
3.30259585381 -1.0
3.30262303352 1.0
3.30841302872 -1.0
3.30901098251 -1.0
3.30938196182 -1.0
3.3100039959 -1.0
3.31437301636 -1.0
3.35354685783 -1.0
3.36615586281 -1.0
3.38039684296 -1.0
3.38326501846 -1.0
3.38560199738 -1.0
3.39023995399 -1.0
3.39024686813 1.0
3.39067292213 -1.0
3.39126896858 -1.0
3.39164185524 -1.0
3.39199090004 -1.0
3.39246988297 -1.0
3.39328694344 -1.0
3.39387488365 -1.0
3.39482998848 -1.0
3.39893484116 -1.0
3.40004587173 -1.0
3.40006780624 1.0
3.40464401245 -1.0
3.41104984283 -1.0
3.41142201424 -1.0
3.41205096245 -1.0
3.41244983673 -1.0
3.4128408432 -1.0
3.4161798954 -1.0
3.43062400818 -1.0
3.46903085709 -1.0
3.46904802322 -1.0
3.46912384033 -1.0
3.46926689148 1.0
3.48628783226 -1.0
3.48630595207 -1.0
3.48859596252 -1.0
3.4937980175 -1.0
3.49495792389 -1.0
3.49588894844 -1.0
3.49634194374 -1.0
3.49722290039 -1.0
3.50317192078 -1.0
3.50672483444 -1.0
3.51366996765 -1.0
3.51368093491 1.0
3.51490092278 -1.0
3.51603603363 -1.0
3.53373789787 -1.0
3.55358982086 -1.0
3.57124495506 -1.0
3.57173490524 -1.0
3.57234096527 -1.0
3.57334399223 -1.0
3.58874797821 -1.0
3.58954381943 -1.0
3.58956885338 1.0
3.59592199326 -1.0
3.59704494476 -1.0
3.59747290611 -1.0
3.59748792648 -1.0
3.59771680832 -1.0
3.59829592705 -1.0
3.59866094589 -1.0
3.59922385216 -1.0
3.59968280792 -1.0
3.59975886345 1.0
3.60830283165 -1.0
3.61932897568 -1.0
3.6325469017 -1.0
3.6412088871 -1.0
3.69911599159 -1.0
3.71523880959 -1.0
3.71999502182 -1.0
3.77518892288 -1.0
3.79157090187 -1.0
3.7947409153 -1.0
3.79712796211 -1.0
3.7971508503 1.0
3.81366896629 -1.0
3.81395697594 -1.0
3.81474590302 -1.0
3.81872487068 -1.0
3.83425498009 -1.0
3.83509492874 -1.0
3.83544898033 -1.0
3.84040784836 -1.0
3.85228395462 -1.0
3.85485482216 -1.0
3.85486292839 1.0
3.85685801506 -1.0
3.87459301949 -1.0
3.91882395744 -1.0
3.97611689568 -1.0
4.13994383812 -1.0
4.16535687447 -1.0
4.16666293144 -1.0
4.17112398148 -1.0
4.17460083961 -1.0
4.18490695953 -1.0
4.18493080139 1.0
5.01931786537 -1.0
5.07745194435 -1.0
5.47467184067 -1.0
5.50327682495 -1.0
6.01811885834 -1.0
6.03767991066 -1.0
8.01922798157 -1.0
8.0192399025 1.0
8.01948785782 -1.0
8.03863382339 -1.0
8.74077582359 -1.0
8.84447383881 -1.0
9.01897001266 -1.0
9.0193669796 -1.0
9.01937198639 -1.0
9.03855681419 -1.0
9.27493000031 -1.0
9.37735199928 -1.0
9.47966790199 -1.0
9.47968196869 1.0
15.2261798382 -1.0
15.2611839771 -1.0
