0.0183870792389 -1.0
0.248466968536 1.0
0.268408060074 -1.0
0.27842092514 -1.0
0.336076974869 -1.0
0.537432909012 -1.0
0.682241916656 -1.0
0.7039270401 -1.0
1.96193408966 -1.0
1.97690796852 -1.0
1.9837269783 -1.0
1.9972140789 -1.0
2.0236749649 -1.0
2.02368402481 1.0
2.02504706383 -1.0
2.04478502274 -1.0
2.06347298622 -1.0
2.08137607574 -1.0
2.0815680027 -1.0
2.0816950798 -1.0
2.08212709427 -1.0
2.08462691307 -1.0
2.11393499374 -1.0
2.17134404182 -1.0
2.27518391609 -1.0
2.27519202232 1.0
2.28404092789 -1.0
2.33479309082 -1.0
2.35442900658 -1.0
2.37647604942 -1.0
2.42231988907 -1.0
2.44321489334 -1.0
2.52694106102 -1.0
2.61438798904 -1.0
2.62970304489 -1.0
2.64992690086 -1.0
2.71308207512 -1.0
2.71327209473 1.0
2.734333992 -1.0
2.73447799683 -1.0
2.84798908234 -1.0
4.32396793365 -1.0
4.34585094452 -1.0
4.34599995613 -1.0
4.34888505936 -1.0
4.36571907997 -1.0
4.5956029892 -1.0
4.61295890808 -1.0
4.71523594856 -1.0
4.71525597572 1.0
4.71986198425 -1.0
4.73085308075 -1.0
4.73536992073 -1.0
4.74747204781 -1.0
4.75535297394 -1.0
4.80718588829 -1.0
4.81821990013 -1.0
4.82121896744 -1.0
4.8222360611 -1.0
4.82234096527 -1.0
4.82234501839 1.0
4.82681798935 -1.0
4.8378200531 -1.0
4.84079790115 -1.0
4.85018491745 -1.0
4.86045598984 -1.0
4.9098379612 -1.0
4.91752195358 -1.0
4.92031097412 -1.0
4.92398405075 -1.0
4.9240128994 1.0
4.92468690872 -1.0
4.9296309948 -1.0
4.93651795387 -1.0
4.93740606308 -1.0
4.94004702568 -1.0
4.94410395622 -1.0
4.94972491264 -1.0
4.9571390152 -1.0
4.95977187157 -1.0
4.96929097176 -1.0
5.01239204407 -1.0
5.02324008942 -1.0
5.02325701714 -1.0
5.02327609062 1.0
5.02652788162 -1.0
5.02729201317 -1.0
5.03219199181 -1.0
5.04345798492 -1.0
5.04644703865 -1.0
5.04754400253 -1.0
5.05207896233 -1.0
5.06358098984 -1.0
5.06644392014 -1.0
5.06645393372 1.0
5.06777596474 -1.0
5.09361886978 -1.0
5.1132619381 -1.0
5.11528587341 -1.0
5.1153049469 -1.0
5.12611103058 -1.0
5.12650990486 -1.0
5.12886190414 -1.0
5.12954306602 -1.0
5.12991404533 -1.0
5.1299200058 1.0
5.13052201271 -1.0
5.13532304764 -1.0
5.13533592224 -1.0
5.14665198326 -1.0
5.14667701721 -1.0
5.15048098564 -1.0
5.15050601959 -1.0
5.15548491478 -1.0
5.1582660675 -1.0
5.16655802727 -1.0
5.17049908638 -1.0
5.17528390884 -1.0
5.19654893875 -1.0
5.19657492638 1.0
5.2162759304 -1.0
5.21809196472 -1.0
5.22872591019 -1.0
5.23166799545 -1.0
5.23200702667 -1.0
5.23210000992 -1.0
5.23239707947 -1.0
5.23368287086 -1.0
5.23802495003 -1.0
5.24356508255 -1.0
5.24898004532 -1.0
5.25251698494 -1.0
5.25253891945 -1.0
5.25254487991 1.0
5.25259304047 -1.0
5.25271391869 -1.0
5.25395298004 -1.0
5.2609360218 -1.0
5.26887702942 -1.0
5.2741549015 -1.0
5.29389691353 -1.0
5.29996991158 -1.0
5.32036399841 -1.0
5.32038187981 -1.0
5.33159303665 -1.0
5.3316090107 -1.0
5.3353369236 -1.0
5.33536887169 1.0
5.33612704277 -1.0
5.34017300606 -1.0
5.34442996979 -1.0
5.35174608231 -1.0
5.3528470993 -1.0
5.35376095772 -1.0
5.35553097725 -1.0
5.35838294029 -1.0
5.35899591446 -1.0
5.36046695709 -1.0
5.36260509491 -1.0
5.36548495293 -1.0
5.36549186707 1.0
5.36563110352 -1.0
5.3825070858 -1.0
5.4242169857 -1.0
5.44301199913 -1.0
5.44430494308 -1.0
5.45278191566 -1.0
5.45480489731 -1.0
5.45526099205 -1.0
5.46294903755 -1.0
5.46403098106 -1.0
5.46434688568 -1.0
5.46524786949 -1.0
5.46525406837 1.0
5.47514200211 -1.0
5.48569107056 -1.0
5.5315759182 -1.0
5.54733204842 -1.0
5.65164399147 -1.0
8.58679509163 -1.0
8.58681297302 -1.0
8.60693597794 -1.0
8.60722088814 -1.0
8.65916800499 -1.0
8.65968394279 1.0
8.71702408791 -1.0
8.74586391449 -1.0
9.06322288513 -1.0
9.08410596848 -1.0
9.23212003708 -1.0
9.25373888016 -1.0
9.29956793785 -1.0
9.35789895058 -1.0
9.50322794914 -1.0
9.50384998322 -1.0
9.51247000694 -1.0
9.51519799232 1.0
9.52406001091 -1.0
9.53508996964 -1.0
9.55581688881 -1.0
9.5727648735 -1.0
9.62013792992 -1.0
9.63033890724 -1.0
9.64092803001 -1.0
9.66180992126 -1.0
9.78788805008 -1.0
9.8042280674 -1.0
9.90629601479 -1.0
9.94595694542 1.0
9.96620988846 -1.0
9.98691391945 -1.0
10.0443110466 -1.0
10.0466098785 -1.0
10.0544519424 -1.0
10.0650210381 -1.0
10.0750448704 -1.0
10.147685051 -1.0
10.1721088886 -1.0
10.2175660133 -1.0
10.2388858795 -1.0
10.2960250378 -1.0
10.3406910896 1.0
10.3549220562 -1.0
10.3995029926 -1.0
10.4136359692 -1.0
10.4713640213 -1.0
10.5209980011 -1.0
10.5288820267 -1.0
10.5483288765 -1.0
10.5920488834 -1.0
10.6056120396 -1.0
10.687541008 -1.0
11.0120809078 -1.0
11.020772934 -1.0
11.1057698727 -1.0
11.1264469624 -1.0
11.1264569759 1.0
11.1470968723 -1.0
11.1492059231 -1.0
11.1702580452 -1.0
11.4013690948 -1.0
11.4725520611 -1.0
11.584802866 -1.0
11.5849480629 -1.0
11.6058769226 -1.0
11.8673429489 -1.0
11.8882899284 -1.0
12.0887629986 -1.0
12.0887830257 1.0
12.1317579746 -1.0
12.1519720554 -1.0
12.1519930363 -1.0
12.1725370884 -1.0
12.1948120594 -1.0
12.3290400505 -1.0
12.3504328728 -1.0
12.4003999233 -1.0
12.4576258659 -1.0
12.5639379025 -1.0
12.5641570091 1.0
12.5712559223 -1.0
12.5787739754 -1.0
12.5838849545 -1.0
12.5838918686 -1.0
12.5839018822 -1.0
12.6037008762 -1.0
12.7569758892 -1.0
12.7679159641 -1.0
12.7774040699 -1.0
12.8394880295 -1.0
12.9538850784 -1.0
12.9849328995 -1.0
13.0046179295 -1.0
13.024960041 -1.0
13.0249829292 1.0
13.0446619987 -1.0
13.0653719902 -1.0
13.2097148895 -1.0
13.2313840389 -1.0
13.5676679611 -1.0
13.6142830849 -1.0
13.8456399441 -1.0
13.8658409119 -1.0
14.0117928982 -1.0
14.0121018887 1.0
14.0330979824 -1.0
14.0723869801 -1.0
14.0937769413 -1.0
14.2839949131 -1.0
14.583947897 -1.0
14.583976984 -1.0
14.6037290096 -1.0
15.0444428921 -1.0
15.0642468929 -1.0
15.0839269161 -1.0
15.0839340687 1.0
15.1035630703 -1.0
15.2045590878 -1.0
15.2617120743 -1.0
15.3396980762 -1.0
15.5467560291 -1.0
15.5535190105 -1.0
15.566286087 -1.0
15.6085889339 -1.0
15.6175079346 -1.0
15.6281929016 -1.0
15.8195738792 -1.0
15.8198919296 1.0
15.8393399715 -1.0
15.8590569496 -1.0
15.8786718845 -1.0
15.9878029823 -1.0
16.0454180241 -1.0
16.0844359398 -1.0
16.0846328735 -1.0
16.0909199715 -1.0
16.09136796 -1.0
16.091739893 -1.0
16.0987079144 -1.0
16.1115539074 -1.0
16.11156106 1.0
16.1676869392 -1.0
16.2599508762 -1.0
16.2607090473 -1.0
16.2807459831 -1.0
16.2982890606 -1.0
16.4467899799 -1.0
16.4486019611 -1.0
16.4536499977 -1.0
16.4674649239 -1.0
16.4674799442 -1.0
16.4875869751 -1.0
16.4875979424 -1.0
16.4876039028 1.0
16.5076780319 -1.0
16.5290019512 -1.0
16.5927300453 -1.0
16.6515350342 -1.0
16.9029290676 -1.0
16.9046559334 -1.0
16.9121809006 -1.0
16.9241759777 -1.0
17.0308389664 -1.0
17.0388669968 -1.0
17.0514769554 -1.0
17.0514860153 1.0
17.0868330002 -1.0
17.1389079094 -1.0
17.1438810825 -1.0
17.1641190052 -1.0
17.344976902 -1.0
17.3654539585 -1.0
17.3656289577 -1.0
18.0176529884 -1.0
18.0860378742 -1.0
18.1065618992 -1.0
18.2637360096 -1.0
18.2637610435 1.0
21.0863690376 -1.0
22.0873219967 -1.0
22.109153986 -1.0
25.2772929668 -1.0
26.2833170891 -1.0
26.450660944 -1.0
44.5840640068 -1.0
44.6084709167 -1.0
44.6665489674 -1.0
