0.0538430213928 -1.0
0.0585739612579 -1.0
0.0590748786926 1.0
0.064749956131 -1.0
0.0788159370422 -1.0
0.100997924805 -1.0
0.158505916595 -1.0
0.218005895615 -1.0
0.267405033112 -1.0
0.287420988083 -1.0
0.326804876328 -1.0
0.387955904007 -1.0
0.394192934036 -1.0
0.413987874985 -1.0
0.414037942886 1.0
0.434346914291 -1.0
0.533444881439 -1.0
0.543033838272 -1.0
0.554718017578 -1.0
0.576220989227 -1.0
0.614426851273 -1.0
0.675058841705 -1.0
0.701313972473 -1.0
0.80738401413 -1.0
0.87168598175 -1.0
0.910044908524 -1.0
0.910780906677 1.0
0.970873832703 -1.0
0.971283912659 -1.0
1.03448390961 -1.0
1.13752484322 -1.0
1.14437484741 -1.0
1.32144284248 -1.0
1.34259796143 -1.0
1.52204394341 -1.0
1.54324793816 -1.0
1.60162687302 -1.0
1.70590901375 -1.0
1.71408987045 -1.0
1.72665095329 -1.0
1.72669386864 1.0
1.7454328537 -1.0
1.74750995636 -1.0
1.78658485413 -1.0
1.84663391113 -1.0
1.87355184555 -1.0
1.88756799698 -1.0
1.88762593269 -1.0
1.89448189735 -1.0
1.89461684227 -1.0
1.89462900162 -1.0
1.90501093864 -1.0
1.90825295448 -1.0
1.91485381126 -1.0
1.92816090584 -1.0
1.93160486221 1.0
1.95242595673 -1.0
1.9776058197 -1.0
1.97763299942 -1.0
1.97778892517 -1.0
1.987169981 -1.0
1.9872918129 -1.0
1.9873149395 -1.0
1.98744392395 -1.0
1.98746991158 -1.0
1.99714303017 -1.0
1.99721693993 -1.0
2.00750994682 -1.0
2.00756287575 -1.0
2.00769400597 -1.0
2.00769901276 -1.0
2.00782084465 -1.0
2.01011490822 1.0
2.03037381172 -1.0
2.0908768177 -1.0
2.18662881851 -1.0
2.20961904526 -1.0
2.21705389023 -1.0
2.22212696075 -1.0
2.23757386208 -1.0
2.2584400177 -1.0
2.28045487404 -1.0
2.28046584129 1.0
2.33894681931 -1.0
2.35835003853 -1.0
2.36444592476 -1.0
2.3863928318 -1.0
2.40828800201 -1.0
2.44274091721 -1.0
2.46316099167 -1.0
2.46748185158 -1.0
2.48757004738 -1.0
2.50948286057 -1.0
2.53051400185 -1.0
2.57020401955 -1.0
2.58987283707 -1.0
2.63714885712 1.0
2.67003583908 -1.0
2.73605203629 -1.0
2.73676896095 -1.0
2.74556088448 -1.0
2.75812292099 -1.0
2.75814294815 -1.0
2.77893280983 -1.0
2.84295797348 -1.0
2.90412902832 -1.0
2.94153285027 1.0
2.96237301826 -1.0
3.01136088371 -1.0
3.03075098991 -1.0
3.07138681412 -1.0
3.09263086319 -1.0
3.13485503197 -1.0
3.14098882675 -1.0
3.14845585823 -1.0
3.16274499893 -1.0
3.16275382042 1.0
3.16982388496 -1.0
3.18119096756 -1.0
3.18291091919 -1.0
3.19072985649 -1.0
3.22037100792 -1.0
3.24027204514 -1.0
3.24106788635 -1.0
3.24163985252 -1.0
3.24174284935 1.0
3.26110887527 -1.0
3.26200294495 -1.0
3.2623360157 -1.0
3.28172588348 -1.0
3.28286290169 -1.0
3.30273985863 -1.0
3.30410790443 -1.0
3.32355594635 -1.0
3.32540988922 -1.0
3.32543087006 1.0
3.34416484833 -1.0
3.34542703629 -1.0
3.34643483162 -1.0
3.36482000351 -1.0
3.36772704124 -1.0
3.38661789894 -1.0
3.38929200172 -1.0
3.40763401985 -1.0
3.41101884842 -1.0
3.42884683609 -1.0
3.42885684967 1.0
3.43300485611 -1.0
3.44710898399 -1.0
3.44955801964 -1.0
3.45431184769 -1.0
3.47035694122 -1.0
3.47534394264 -1.0
3.49071383476 -1.0
3.4959359169 -1.0
3.51227283478 -1.0
3.51228284836 1.0
3.51741600037 -1.0
3.53428602219 -1.0
3.53810191154 -1.0
3.55584287643 -1.0
3.5594329834 -1.0
3.5773358345 -1.0
3.58041286469 -1.0
3.59891891479 -1.0
3.60208082199 -1.0
3.61988902092 -1.0
3.61989784241 1.0
3.6228749752 -1.0
3.64069795609 -1.0
3.64454889297 -1.0
3.66253685951 -1.0
3.66630101204 -1.0
3.68392300606 -1.0
3.68725395203 -1.0
3.70542788506 -1.0
3.70944786072 -1.0
3.70945692062 1.0
3.72550082207 -1.0
3.72993302345 -1.0
3.74563598633 -1.0
3.75013804436 -1.0
3.76617884636 -1.0
3.7710249424 -1.0
3.7871928215 -1.0
3.79190683365 -1.0
3.79191684723 1.0
3.80782794952 -1.0
3.81247401237 -1.0
3.82989001274 -1.0
3.83516097069 -1.0
3.8506360054 -1.0
3.8556189537 -1.0
3.87121200562 -1.0
3.87543582916 -1.0
3.89188790321 -1.0
3.89190196991 1.0
3.89604783058 -1.0
3.91297292709 -1.0
3.91692495346 -1.0
3.93398880959 -1.0
3.93759298325 -1.0
3.9547419548 -1.0
3.95809388161 -1.0
3.97521495819 -1.0
3.9790699482 -1.0
3.97908091545 1.0
3.99651288986 -1.0
4.00072288513 -1.0
4.01795196533 -1.0
4.02182483673 -1.0
4.03920388222 -1.0
4.04256081581 -1.0
4.06065583229 -1.0
4.06412482262 -1.0
4.08107495308 -1.0
4.08147382736 -1.0
4.08149194717 1.0
4.08428096771 -1.0
4.10117983818 -1.0
4.10196185112 -1.0
4.10489797592 -1.0
4.12260293961 -1.0
4.12405180931 -1.0
4.12656903267 -1.0
4.14458084106 -1.0
4.14596891403 -1.0
4.14598894119 1.0
4.14796304703 -1.0
4.1657500267 -1.0
4.16717481613 -1.0
4.16901683807 -1.0
4.18695092201 -1.0
4.18799591064 -1.0
4.1899869442 -1.0
4.20846199989 -1.0
4.20934486389 -1.0
4.20935297012 1.0
4.21149396896 -1.0
4.23036193848 -1.0
4.23094582558 -1.0
4.23320388794 -1.0
4.25097990036 -1.0
4.25140285492 -1.0
4.25329685211 -1.0
4.2712469101 -1.0
4.29125785828 -1.0
4.29127192497 1.0
4.35212492943 -1.0
4.4248239994 -1.0
4.48175692558 -1.0
4.59360098839 -1.0
4.73489499092 -1.0
4.79543089867 -1.0
4.90126991272 -1.0
4.9228708744 -1.0
4.94519281387 -1.0
4.95221686363 -1.0
4.96544003487 -1.0
5.03767895699 1.0
5.05854082108 -1.0
5.08020281792 -1.0
5.15800404549 -1.0
5.17868494987 -1.0
5.19394397736 -1.0
5.23886489868 -1.0
5.25374698639 -1.0
5.31476402283 -1.0
5.3745059967 -1.0
5.43065500259 -1.0
5.46030592918 -1.0
5.46101593971 -1.0
5.46924495697 -1.0
5.46925282478 1.0
5.48069787025 -1.0
5.53787183762 -1.0
5.53859496117 -1.0
5.55900192261 -1.0
5.62743902206 -1.0
5.62746191025 -1.0
5.62783288956 -1.0
5.62809491158 -1.0
5.63661599159 -1.0
5.64838600159 -1.0
5.68734788895 -1.0
5.68736600876 1.0
5.7405500412 -1.0
5.79915881157 -1.0
5.90319895744 -1.0
5.90447902679 -1.0
5.9233148098 -1.0
6.00451588631 -1.0
6.09328985214 -1.0
6.11382293701 -1.0
6.12211489677 -1.0
6.24378490448 -1.0
6.2787899971 -1.0
6.27897787094 -1.0
6.27899289131 1.0
6.2793970108 -1.0
6.28678297997 -1.0
6.29988884926 -1.0
6.42199087143 -1.0
6.43115401268 -1.0
6.44309782982 -1.0
6.58764600754 -1.0
6.59851694107 -1.0
6.60846495628 -1.0
7.09864187241 -1.0
7.09866786003 1.0
7.11999392509 -1.0
7.24970388412 -1.0
8.06009984016 -1.0
8.06012201309 -1.0
8.08119297028 -1.0
9.06095385551 -1.0
9.06116104126 -1.0
9.08177995682 -1.0
9.29989981651 -1.0
9.40359783173 -1.0
10.0395679474 1.0
10.0611038208 -1.0
10.0613739491 -1.0
10.0613780022 -1.0
10.0818469524 -1.0
10.3221919537 -1.0
10.4260179996 -1.0
11.0592348576 -1.0
11.078802824 -1.0
12.0616288185 -1.0
16.3102660179 -1.0
16.4775898457 -1.0
16.4776098728 1.0
31.9247729778 -1.0
31.9453418255 -1.0
