0.0101671218872 -1.0
0.0101771354675 1.0
0.0302491188049 -1.0
0.0333709716797 -1.0
0.0536749362946 -1.0
0.118632078171 -1.0
0.126928091049 -1.0
0.133902072906 -1.0
0.137536048889 -1.0
0.148993968964 -1.0
0.155441045761 -1.0
0.170078039169 -1.0
0.175274133682 -1.0
0.195219993591 -1.0
0.241174936295 -1.0
0.263654947281 1.0
0.284642934799 -1.0
0.293580055237 -1.0
0.294054985046 -1.0
0.329658985138 -1.0
0.352188110352 -1.0
0.37499499321 -1.0
0.3957259655 -1.0
0.417083978653 -1.0
0.476316928864 -1.0
0.517983913422 -1.0
0.566158056259 -1.0
0.606076002121 1.0
0.626692056656 -1.0
0.68748497963 -1.0
0.695055007935 -1.0
0.703997135162 -1.0
0.715461015701 -1.0
0.764708995819 -1.0
0.823632955551 -1.0
0.882961034775 -1.0
0.928287029266 -1.0
0.987025022507 -1.0
1.08319306374 -1.0
1.1123149395 -1.0
1.20505309105 -1.0
1.2195250988 -1.0
1.21956896782 1.0
1.22502398491 -1.0
1.22871303558 -1.0
1.23571205139 -1.0
1.24815392494 -1.0
1.25233411789 -1.0
1.25234293938 -1.0
1.25782012939 -1.0
1.26375007629 -1.0
1.26819992065 -1.0
1.27580404282 -1.0
1.28472399712 -1.0
1.28704500198 1.0
1.28899693489 -1.0
1.30817198753 -1.0
1.34359693527 -1.0
1.36303591728 -1.0
1.36467599869 -1.0
1.37428402901 -1.0
1.44496893883 -1.0
1.48293399811 -1.0
1.50372409821 -1.0
1.51934313774 -1.0
1.52500009537 -1.0
1.52500700951 1.0
1.54737591743 -1.0
1.55178499222 -1.0
1.55650210381 -1.0
1.55878210068 -1.0
1.57998013496 -1.0
1.58898806572 -1.0
1.6292860508 -1.0
1.64954805374 -1.0
1.66175699234 -1.0
1.67147803307 -1.0
1.67916297913 -1.0
1.73632192612 -1.0
1.74950003624 -1.0
1.77011799812 -1.0
1.77869606018 -1.0
1.81805109978 1.0
1.8386900425 -1.0
1.90606307983 -1.0
1.91029596329 -1.0
1.91183614731 -1.0
1.92280197144 -1.0
1.93029999733 -1.0
1.93219995499 -1.0
1.96809101105 -1.0
1.97897195816 -1.0
1.97898292542 1.0
2.02834892273 -1.0
2.04963707924 -1.0
2.05827593803 -1.0
2.07537293434 -1.0
2.08981013298 -1.0
2.09860610962 -1.0
2.10226202011 -1.0
2.11706614494 -1.0
2.11885905266 -1.0
2.1199259758 -1.0
2.12496113777 -1.0
2.13057398796 -1.0
2.13623905182 -1.0
2.13624596596 1.0
2.14953899384 -1.0
2.15247011185 -1.0
2.15762209892 -1.0
2.16019010544 -1.0
2.16318893433 -1.0
2.16875314713 -1.0
2.18135714531 -1.0
2.18213510513 -1.0
2.18214201927 -1.0
2.18506407738 -1.0
2.18508601189 1.0
2.1898829937 -1.0
2.19035506248 -1.0
2.1903629303 -1.0
2.19587302208 -1.0
2.20131802559 -1.0
2.20309710503 -1.0
2.214854002 -1.0
2.21776199341 -1.0
2.22333192825 -1.0
2.22868299484 -1.0
2.23402810097 -1.0
2.23404407501 1.0
2.24766111374 -1.0
2.25054192543 -1.0
2.25628495216 -1.0
2.25630092621 -1.0
2.26159310341 -1.0
2.26161193848 -1.0
2.26484107971 -1.0
2.27789497375 -1.0
2.2861020565 -1.0
2.28641605377 1.0
2.29397010803 -1.0
2.29555702209 -1.0
2.30410194397 -1.0
2.30712103844 -1.0
2.31063699722 -1.0
2.31848406792 -1.0
2.32393908501 -1.0
2.3279979229 -1.0
2.32820701599 -1.0
2.33497095108 -1.0
2.33606505394 -1.0
2.34391093254 -1.0
2.35286211967 -1.0
2.35287213326 1.0
2.35364794731 -1.0
2.35423612595 -1.0
2.35657405853 -1.0
2.35991191864 -1.0
2.36059308052 -1.0
2.3669500351 -1.0
2.36821913719 -1.0
2.3711130619 -1.0
2.37739300728 -1.0
2.38397097588 -1.0
2.38628196716 -1.0
2.393887043 -1.0
2.39389610291 1.0
2.39457893372 -1.0
2.3993229866 -1.0
2.40067791939 -1.0
2.40112709999 -1.0
2.40659213066 -1.0
2.40741991997 -1.0
2.40799808502 -1.0
2.4091091156 -1.0
2.41004896164 -1.0
2.41904091835 -1.0
2.42030000687 -1.0
2.4251999855 -1.0
2.42521810532 -1.0
2.42538905144 -1.0
2.42790412903 -1.0
2.42791414261 1.0
2.42982006073 -1.0
2.43311309814 -1.0
2.43433094025 -1.0
2.44088292122 -1.0
2.44114804268 -1.0
2.44208693504 -1.0
2.44653606415 -1.0
2.4528939724 -1.0
2.45878505707 -1.0
2.45949006081 -1.0
2.46625494957 -1.0
2.46677207947 -1.0
2.46677994728 -1.0
2.4751560688 -1.0
2.4751830101 1.0
2.48003911972 -1.0
2.48382902145 -1.0
2.48574995995 -1.0
2.48578000069 -1.0
2.4865500927 -1.0
2.49016904831 -1.0
2.49166607857 -1.0
2.4954791069 -1.0
2.49548792839 -1.0
2.49865913391 -1.0
2.49918413162 -1.0
2.50694298744 -1.0
2.51437497139 -1.0
2.51445698738 1.0
2.51835298538 -1.0
2.51873803139 -1.0
2.52083110809 -1.0
2.52412104607 -1.0
2.52607393265 -1.0
2.5289580822 -1.0
2.53201007843 -1.0
2.53936100006 -1.0
2.54609799385 -1.0
2.54700994492 -1.0
2.54756402969 -1.0
2.54771113396 -1.0
2.54991412163 -1.0
2.54993796349 1.0
2.55019712448 -1.0
2.55310511589 -1.0
2.56070494652 -1.0
2.5626039505 -1.0
2.56479692459 -1.0
2.57025194168 -1.0
2.57079792023 -1.0
2.5743200779 -1.0
2.57964611053 -1.0
2.5797431469 1.0
2.58300995827 -1.0
2.58450007439 -1.0
2.58711099625 -1.0
2.5878880024 -1.0
2.59014105797 -1.0
2.59326004982 -1.0
2.59757399559 -1.0
2.59961104393 -1.0
2.60114598274 -1.0
2.60658693314 -1.0
2.60659694672 -1.0
2.60660099983 1.0
2.60775113106 -1.0
2.60793709755 -1.0
2.61205101013 -1.0
2.61205911636 -1.0
2.61740612984 -1.0
2.62464308739 -1.0
2.62780308723 -1.0
2.63146901131 -1.0
2.631483078 -1.0
2.635887146 -1.0
2.63981699944 -1.0
2.64452695847 -1.0
2.64454603195 -1.0
2.6445710659 1.0
2.64513111115 -1.0
2.64676594734 -1.0
2.64736700058 -1.0
2.64791703224 -1.0
2.649477005 -1.0
2.65014100075 -1.0
2.65415811539 -1.0
2.65458703041 -1.0
2.65832996368 -1.0
2.66012096405 -1.0
2.66169691086 -1.0
2.66494393349 -1.0
2.66511893272 -1.0
2.6681060791 -1.0
2.66812491417 1.0
2.66970491409 -1.0
2.67068505287 -1.0
2.67175602913 -1.0
2.67662596703 -1.0
2.67704701424 -1.0
2.67705512047 -1.0
2.6776509285 -1.0
2.68346905708 -1.0
2.68348312378 -1.0
2.68611598015 -1.0
2.68720602989 -1.0
2.68722200394 1.0
2.69002699852 -1.0
2.69164800644 -1.0
2.6924841404 -1.0
2.69440793991 -1.0
2.69488191605 -1.0
2.69774794579 -1.0
2.7023191452 -1.0
2.70321893692 -1.0
2.70669698715 -1.0
2.7093501091 -1.0
2.71365213394 -1.0
2.71365904808 1.0
2.71993899345 -1.0
2.72403097153 -1.0
2.72828292847 -1.0
2.74602103233 -1.0
2.77574014664 -1.0
2.78540110588 -1.0
2.79634094238 -1.0
2.80628013611 -1.0
2.86082792282 -1.0
2.86179614067 -1.0
2.88080096245 -1.0
2.88163995743 -1.0
2.89597892761 1.0
2.90126204491 -1.0
2.95541810989 -1.0
3.12581896782 -1.0
3.13518095016 -1.0
3.14760804176 -1.0
3.16624307632 -1.0
3.18698906898 -1.0
3.41930103302 -1.0
4.38287210464 -1.0
4.40369105339 -1.0
4.41910791397 -1.0
4.47846198082 -1.0
4.55523896217 -1.0
4.89549303055 -1.0
4.89551496506 1.0
4.90376996994 -1.0
4.91666793823 -1.0
4.96612000465 -1.0
5.02470993996 -1.0
5.17287993431 -1.0
5.17547893524 -1.0
5.17568302155 -1.0
5.19670891762 -1.0
5.21656894684 -1.0
5.34817814827 -1.0
5.38607501984 1.0
5.40665912628 -1.0
5.4262881279 -1.0
5.42720913887 -1.0
5.44439005852 -1.0
5.58767914772 -1.0
5.59709501266 -1.0
5.60816812515 -1.0
5.67677307129 -1.0
5.68519210815 -1.0
5.69863009453 -1.0
5.69863796234 1.0
5.75391793251 -1.0
5.75518298149 -1.0
5.76226091385 -1.0
5.77436995506 -1.0
5.88467812538 -1.0
5.89246511459 -1.0
5.90453195572 -1.0
5.92347693443 -1.0
5.92470097542 -1.0
5.93093895912 -1.0
5.94501304626 -1.0
5.9451239109 1.0
5.9664349556 -1.0
5.98715901375 -1.0
6.09093213081 -1.0
6.0918841362 -1.0
6.11372709274 -1.0
6.13496899605 -1.0
6.15540003777 -1.0
6.17527604103 -1.0
6.17538714409 -1.0
6.17559814453 -1.0
6.17612695694 -1.0
6.25667214394 -1.0
6.2940890789 1.0
6.31393408775 -1.0
6.49022293091 -1.0
6.49024701118 -1.0
6.49872994423 -1.0
6.51061201096 -1.0
6.65940308571 -1.0
6.66292905807 -1.0
6.6679251194 -1.0
6.67937803268 -1.0
6.82691907883 -1.0
6.83485913277 -1.0
6.84741902351 -1.0
6.84745192528 1.0
7.17609095573 -1.0
7.17627000809 -1.0
7.19713902473 -1.0
8.16596794128 -1.0
8.17701101303 -1.0
8.17750906944 -1.0
8.19851899147 -1.0
8.19902801514 -1.0
8.23138213158 -1.0
8.23178505898 -1.0
8.23179006577 1.0
8.26378393173 -1.0
10.1763811111 -1.0
10.1974871159 -1.0
11.1762599945 -1.0
12.1795139313 -1.0
12.2011480331 -1.0
16.3722629547 -1.0
16.4219110012 -1.0
16.4426600933 -1.0
16.5856440067 -1.0
16.5856590271 1.0
