0.00764107704163 -1.0
0.0159499645233 -1.0
0.0159840583801 1.0
0.0302159786224 -1.0
0.0366070270538 -1.0
0.0575180053711 -1.0
0.0591731071472 -1.0
0.062637090683 -1.0
0.0783491134644 -1.0
0.106346130371 -1.0
0.113289117813 -1.0
0.155153036118 -1.0
0.156862020493 -1.0
0.17630314827 -1.0
0.192410945892 1.0
0.217472076416 -1.0
0.23305606842 -1.0
0.233250141144 -1.0
0.234392166138 -1.0
0.234512090683 -1.0
0.254203081131 -1.0
0.307000160217 -1.0
0.316533088684 -1.0
0.376660108566 -1.0
0.416177034378 -1.0
0.47701215744 -1.0
0.537763118744 -1.0
0.539488077164 -1.0
0.576403141022 1.0
0.597661018372 -1.0
0.658072948456 -1.0
0.669270038605 -1.0
0.729223012924 -1.0
0.835951089859 -1.0
0.882177114487 -1.0
0.94161605835 -1.0
1.04395413399 -1.0
1.1532831192 -1.0
1.17273902893 -1.0
1.17415094376 -1.0
1.17429900169 -1.0
1.17442798615 -1.0
1.17456912994 -1.0
1.17463803291 -1.0
1.1746430397 1.0
1.17479205132 -1.0
1.18006896973 -1.0
1.19853711128 -1.0
1.2065551281 -1.0
1.20685601234 -1.0
1.20746207237 -1.0
1.2310860157 -1.0
1.2374830246 -1.0
1.23928809166 -1.0
1.23976397514 -1.0
1.24207115173 -1.0
1.246778965 1.0
1.25841498375 -1.0
1.26793813705 -1.0
1.27217197418 -1.0
1.27921199799 -1.0
1.30453801155 -1.0
1.35832905769 -1.0
1.37954115868 -1.0
1.38292098045 -1.0
1.40033006668 -1.0
1.43158102036 -1.0
1.43265104294 -1.0
1.44059705734 -1.0
1.45288896561 -1.0
1.45900416374 1.0
1.46290612221 -1.0
1.47922801971 -1.0
1.48525905609 -1.0
1.51446008682 -1.0
1.5458381176 -1.0
1.55261397362 -1.0
1.56125807762 -1.0
1.58222413063 -1.0
1.60669016838 -1.0
1.61803412437 -1.0
1.66588616371 -1.0
1.6658949852 1.0
1.67505502701 -1.0
1.68226599693 -1.0
1.68556809425 -1.0
1.70243597031 -1.0
1.75425410271 -1.0
1.76149106026 -1.0
1.79148006439 -1.0
1.81260609627 -1.0
1.83369517326 -1.0
1.83505010605 -1.0
1.85627913475 -1.0
1.89433813095 -1.0
1.89439511299 1.0
1.91227912903 -1.0
1.9324901104 -1.0
1.9651761055 -1.0
1.96537709236 -1.0
1.98959994316 -1.0
1.99393200874 -1.0
1.99758195877 -1.0
2.00319600105 -1.0
2.02463006973 -1.0
2.05906701088 -1.0
2.0643761158 1.0
2.09972000122 -1.0
2.10893297195 -1.0
2.11845993996 -1.0
2.11849308014 -1.0
2.12109613419 -1.0
2.13359212875 -1.0
2.13704895973 -1.0
2.13705897331 -1.0
2.15121197701 -1.0
2.15122103691 1.0
2.15122914314 -1.0
2.15123200417 -1.0
2.16619205475 -1.0
2.16973495483 -1.0
2.18169498444 -1.0
2.18417096138 -1.0
2.19136404991 -1.0
2.19899201393 -1.0
2.20248103142 -1.0
2.21708703041 -1.0
2.21711707115 1.0
2.23176693916 -1.0
2.23509407043 -1.0
2.2360060215 -1.0
2.23641514778 -1.0
2.23667216301 -1.0
2.24224209785 -1.0
2.24926900864 -1.0
2.24981117249 -1.0
2.25056815147 -1.0
2.25478816032 -1.0
2.26171016693 -1.0
2.26462197304 -1.0
2.2646510601 1.0
2.26758313179 -1.0
2.27330803871 -1.0
2.27544403076 -1.0
2.27620315552 -1.0
2.28011202812 -1.0
2.28686904907 -1.0
2.29756808281 -1.0
2.29998898506 -1.0
2.30179309845 -1.0
2.30951905251 -1.0
2.30953097343 -1.0
2.31692910194 -1.0
2.31695914268 1.0
2.32646894455 -1.0
2.3294069767 -1.0
2.33153414726 -1.0
2.33236312866 -1.0
2.33671307564 -1.0
2.34408712387 -1.0
2.34409594536 -1.0
2.35014915466 -1.0
2.35682415962 -1.0
2.3587911129 -1.0
2.35879802704 1.0
2.36480116844 -1.0
2.36902713776 -1.0
2.37252497673 -1.0
2.37779998779 -1.0
2.37839913368 -1.0
2.39107704163 -1.0
2.391092062 -1.0
2.3916759491 -1.0
2.39240694046 -1.0
2.39274907112 -1.0
2.39736199379 -1.0
2.40286612511 -1.0
2.40289402008 1.0
2.40403294563 -1.0
2.40688514709 -1.0
2.40891695023 -1.0
2.41084909439 -1.0
2.41319704056 -1.0
2.41371512413 -1.0
2.41852402687 -1.0
2.42022395134 -1.0
2.42357611656 -1.0
2.42358803749 -1.0
2.42771697044 -1.0
2.42975497246 -1.0
2.43215608597 -1.0
2.43217897415 1.0
2.43543314934 -1.0
2.43672704697 -1.0
2.44081807137 -1.0
2.44357514381 -1.0
2.44753408432 -1.0
2.44823503494 -1.0
2.45144510269 -1.0
2.45408415794 -1.0
2.45591902733 -1.0
2.45611214638 -1.0
2.45820808411 -1.0
2.45869398117 -1.0
2.45887303352 -1.0
2.46214103699 -1.0
2.46359014511 -1.0
2.46366000175 1.0
2.46483802795 -1.0
2.46932697296 -1.0
2.47037696838 -1.0
2.47086715698 -1.0
2.47350502014 -1.0
2.47478199005 -1.0
2.48015999794 -1.0
2.48067212105 -1.0
2.48533916473 -1.0
2.48535513878 -1.0
2.48919415474 -1.0
2.4892771244 1.0
2.49378013611 -1.0
2.49401712418 -1.0
2.49452209473 -1.0
2.49880313873 -1.0
2.49931406975 -1.0
2.50313305855 -1.0
2.50430417061 -1.0
2.50431704521 -1.0
2.50861096382 -1.0
2.50989508629 -1.0
2.50990200043 1.0
2.512622118 -1.0
2.51390600204 -1.0
2.51457309723 -1.0
2.51760101318 -1.0
2.51769113541 -1.0
2.51811408997 -1.0
2.5185739994 -1.0
2.52673506737 -1.0
2.52674794197 -1.0
2.52695393562 -1.0
2.53295207024 -1.0
2.53348612785 -1.0
2.53469109535 -1.0
2.53806614876 -1.0
2.53859901428 -1.0
2.53860497475 1.0
2.53921294212 -1.0
2.54241895676 -1.0
2.54275298119 -1.0
2.54726910591 -1.0
2.55361104012 -1.0
2.55477404594 -1.0
2.55921912193 -1.0
2.55943012238 -1.0
2.56281113625 -1.0
2.56283402443 1.0
2.56639194489 -1.0
2.5688431263 -1.0
2.57731604576 -1.0
2.57898116112 -1.0
2.58135604858 -1.0
2.58323216438 -1.0
2.58494114876 -1.0
2.58658313751 -1.0
2.59068107605 -1.0
2.59070611 1.0
2.59135699272 -1.0
2.59178113937 -1.0
2.59495902061 -1.0
2.59598016739 -1.0
2.59633016586 -1.0
2.59845113754 -1.0
2.59921598434 -1.0
2.60464596748 -1.0
2.60910701752 -1.0
2.61027503014 -1.0
2.61083602905 -1.0
2.61373496056 -1.0
2.61374306679 1.0
2.61683607101 -1.0
2.61791610718 -1.0
2.61863493919 -1.0
2.62005209923 -1.0
2.62257409096 -1.0
2.62355113029 -1.0
2.62417316437 -1.0
2.63155913353 -1.0
2.63373398781 -1.0
2.63375306129 1.0
2.63666605949 -1.0
2.63803696632 -1.0
2.63804507256 -1.0
2.63971495628 -1.0
2.64152216911 -1.0
2.65365695953 -1.0
2.65480494499 -1.0
2.65663003922 -1.0
2.65867209435 -1.0
2.65981912613 -1.0
2.66476917267 -1.0
2.66929316521 -1.0
2.66930103302 -1.0
2.66977405548 -1.0
2.67219114304 -1.0
2.6746301651 -1.0
2.67464709282 1.0
2.68296909332 -1.0
2.68367910385 -1.0
2.68423199654 -1.0
2.68816304207 -1.0
2.68909907341 -1.0
2.70471596718 -1.0
2.70762896538 -1.0
2.72163915634 -1.0
2.76476716995 -1.0
2.78748011589 -1.0
2.79279708862 -1.0
2.80851602554 -1.0
2.80852293968 1.0
2.82860302925 -1.0
2.84918498993 -1.0
2.87241315842 -1.0
2.88110208511 -1.0
2.8925909996 -1.0
2.95823597908 -1.0
2.9584569931 -1.0
2.95887207985 -1.0
2.95963597298 -1.0
2.95964312553 1.0
2.97839212418 -1.0
3.04167509079 -1.0
3.04995298386 -1.0
3.06234097481 -1.0
3.1197040081 -1.0
3.12031316757 -1.0
3.12915015221 -1.0
3.13937115669 -1.0
3.17387413979 -1.0
3.18266916275 -1.0
3.18269395828 1.0
3.2035369873 -1.0
3.26105809212 -1.0
3.43606805801 -1.0
3.69036602974 -1.0
3.71759414673 -1.0
3.90867710114 -1.0
3.92872905731 -1.0
3.95174312592 -1.0
3.95930695534 -1.0
3.97262907028 -1.0
4.1745390892 -1.0
4.17486310005 1.0
4.19667410851 -1.0
4.21699595451 -1.0
4.34142112732 -1.0
4.4010951519 -1.0
4.44590210915 -1.0
4.44701504707 -1.0
4.45042204857 -1.0
4.45306110382 -1.0
4.4551179409 -1.0
4.47093701363 -1.0
4.49023914337 -1.0
4.49024701118 1.0
4.49156594276 -1.0
4.60859394073 -1.0
4.61092805862 -1.0
4.61243700981 -1.0
4.61878609657 -1.0
4.62932896614 -1.0
4.67779397964 -1.0
4.67846798897 -1.0
4.68597006798 -1.0
4.69920611382 -1.0
4.73058009148 1.0
4.77741003036 -1.0
4.78568100929 -1.0
4.79773616791 -1.0
4.87042403221 -1.0
4.92906904221 -1.0
5.0316400528 -1.0
5.05190205574 -1.0
5.16555213928 -1.0
5.16684699059 -1.0
5.17527914047 -1.0
5.18693804741 -1.0
5.18701696396 1.0
5.29492306709 -1.0
5.30416202545 -1.0
5.31582713127 -1.0
5.37446212769 -1.0
5.46279501915 -1.0
5.47153615952 -1.0
5.49274802208 -1.0
5.75254011154 -1.0
6.75138616562 -1.0
6.77105593681 -1.0
7.73243808746 1.0
7.75216412544 -1.0
7.75254201889 -1.0
7.75296711922 -1.0
7.76568412781 -1.0
7.7739610672 -1.0
7.83808398247 -1.0
7.91315793991 -1.0
7.9483089447 -1.0
8.75397205353 -1.0
8.75398206711 1.0
8.77554702759 -1.0
10.7556791306 -1.0
10.777310133 -1.0
15.9396660328 -1.0
16.1082310677 -1.0
16.1289401054 -1.0
17.3168041706 -1.0
17.7845840454 -1.0
