0.00507807731628 -1.0
0.00509309768677 1.0
0.0248951911926 -1.0
0.058363199234 -1.0
0.11735701561 -1.0
0.137084007263 -1.0
0.138989210129 -1.0
0.164269208908 -1.0
0.207833051682 -1.0
0.242220163345 -1.0
0.301174163818 -1.0
0.320811033249 -1.0
0.327095985413 -1.0
0.346593141556 -1.0
0.383170127869 1.0
0.439202070236 -1.0
0.497367143631 -1.0
0.523917198181 -1.0
1.30085611343 -1.0
1.32044816017 -1.0
1.32431912422 -1.0
1.33253216743 -1.0
1.34020614624 -1.0
1.34179210663 1.0
1.36072206497 -1.0
1.36125802994 -1.0
1.36134600639 -1.0
1.36862707138 -1.0
1.37637519836 -1.0
1.38044404984 -1.0
1.3883600235 -1.0
1.43275499344 -1.0
1.44703221321 -1.0
1.47028207779 -1.0
1.47029209137 1.0
1.49004411697 -1.0
1.53983616829 -1.0
1.5725979805 -1.0
1.59223604202 -1.0
1.65017914772 -1.0
1.65204811096 -1.0
1.68522906303 -1.0
1.7162001133 -1.0
1.72738718987 -1.0
1.74303603172 -1.0
1.75621604919 -1.0
1.75638103485 1.0
1.76305818558 -1.0
1.78276109695 -1.0
1.82873916626 -1.0
1.82875609398 -1.0
1.8398501873 -1.0
1.84928798676 -1.0
1.86887001991 -1.0
1.88853311539 -1.0
1.92750501633 -1.0
1.93565607071 -1.0
1.93681001663 -1.0
1.93799901009 -1.0
1.93800616264 1.0
1.93888998032 -1.0
1.94020414352 -1.0
1.9407889843 -1.0
1.94759106636 -1.0
2.04031705856 -1.0
2.04033613205 -1.0
2.04723310471 -1.0
2.06204414368 -1.0
2.06860399246 -1.0
2.12603116035 -1.0
2.12996721268 -1.0
2.12999510765 -1.0
2.13022112846 1.0
2.13720703125 -1.0
2.15059900284 -1.0
2.15751600266 -1.0
2.171033144 -1.0
2.2136220932 -1.0
2.23074221611 -1.0
2.23076415062 -1.0
2.23764300346 -1.0
2.25115418434 -1.0
2.2514090538 1.0
2.25759410858 -1.0
2.27100801468 -1.0
2.31348013878 -1.0
2.33071613312 -1.0
2.33074998856 -1.0
2.33806204796 -1.0
2.33808207512 -1.0
2.34263205528 -1.0
2.35174107552 -1.0
2.35176110268 -1.0
2.35819816589 -1.0
2.35821604729 -1.0
2.3582201004 1.0
2.41751813889 -1.0
2.43060016632 -1.0
2.43061900139 -1.0
2.43680500984 -1.0
2.45106005669 -1.0
2.45657706261 -1.0
2.4565911293 -1.0
2.47123503685 -1.0
2.47125101089 -1.0
2.47161316872 1.0
2.49186515808 -1.0
2.53088402748 -1.0
2.53091311455 -1.0
2.53690004349 -1.0
2.55134606361 -1.0
2.55663299561 -1.0
2.5717420578 -1.0
2.57638907433 -1.0
2.59215021133 -1.0
2.59216499329 1.0
2.5962831974 -1.0
2.61264514923 -1.0
2.61622619629 -1.0
2.62826704979 -1.0
2.63535904884 -1.0
2.63537311554 -1.0
2.63538002968 -1.0
2.63778614998 -1.0
2.64294099808 -1.0
2.65535998344 -1.0
2.65537309647 -1.0
2.65537714958 1.0
2.65537810326 -1.0
2.65538716316 -1.0
2.65765118599 -1.0
2.66257810593 -1.0
2.6751241684 -1.0
2.67748308182 -1.0
2.69511914253 -1.0
2.69722414017 -1.0
2.71510505676 -1.0
2.71515321732 1.0
2.71711921692 -1.0
2.73660421371 -1.0
2.73825120926 -1.0
2.7568230629 -1.0
2.75795507431 -1.0
2.77690005302 -1.0
2.77810621262 -1.0
2.79718804359 -1.0
2.79789400101 -1.0
2.79790401459 1.0
2.81730604172 -1.0
2.8176920414 -1.0
2.83917713165 -1.0
2.83919715881 -1.0
2.85943412781 -1.0
2.87995910645 -1.0
2.90025115013 -1.0
2.9208741188 -1.0
2.94227313995 -1.0
2.94228720665 1.0
2.962911129 -1.0
2.98271799088 -1.0
3.02153801918 -1.0
3.04026508331 -1.0
3.04028511047 -1.0
3.05614304543 -1.0
3.05993103981 -1.0
5.00182914734 -1.0
5.00183820724 1.0
5.00222611427 -1.0
5.02156805992 -1.0
7.00221705437 -1.0
7.02189302444 -1.0
7.2018661499 -1.0
7.28965711594 -1.0
7.30940818787 -1.0
7.32058405876 -1.0
7.32904219627 -1.0
8.00244116783 -1.0
8.00245404243 1.0
8.00268006325 -1.0
8.02216100693 -1.0
15.128827095 -1.0
22.4405360222 -1.0
22.4602880478 -1.0
