0.0485601425171 -1.0
0.0485711097717 1.0
0.04900598526 -1.0
0.0571410655975 -1.0
0.0670750141144 -1.0
0.0697779655457 -1.0
0.0995960235596 -1.0
0.114032030106 -1.0
0.147978067398 -1.0
0.186043977737 -1.0
0.197623968124 -1.0
0.207437992096 -1.0
0.21880197525 -1.0
0.236377000809 -1.0
0.25757598877 -1.0
0.260713100433 1.0
0.271100997925 -1.0
0.304443120956 -1.0
0.319267034531 -1.0
0.375243186951 -1.0
0.47009396553 -1.0
0.480965137482 -1.0
0.502427101135 -1.0
0.560476064682 -1.0
0.606251001358 -1.0
0.747441053391 -1.0
0.808118104935 -1.0
0.87326002121 -1.0
0.914551973343 1.0
0.934759140015 -1.0
0.991513967514 -1.0
1.0440261364 -1.0
1.20666718483 -1.0
1.25562500954 -1.0
1.2662229538 -1.0
1.26637101173 -1.0
1.26666617393 -1.0
1.26679611206 -1.0
1.26687312126 -1.0
1.26732802391 -1.0
1.26742100716 -1.0
1.28421211243 -1.0
1.28429317474 -1.0
1.28835606575 -1.0
1.28836607933 1.0
1.29295802116 -1.0
1.29866099358 -1.0
1.2988140583 -1.0
1.29887104034 -1.0
1.29906702042 -1.0
1.29914116859 -1.0
1.2992811203 -1.0
1.29934310913 -1.0
1.29949617386 -1.0
1.29955196381 -1.0
1.31027698517 -1.0
1.31563615799 -1.0
1.31577110291 -1.0
1.33612799644 -1.0
1.35658097267 -1.0
1.38693118095 -1.0
1.38693904877 1.0
1.3999581337 -1.0
1.43267202377 -1.0
1.46506309509 -1.0
1.4857301712 -1.0
1.49745702744 -1.0
1.52999901772 -1.0
1.53363204002 -1.0
1.55281805992 -1.0
1.572961092 -1.0
1.57298207283 1.0
1.59021115303 -1.0
1.59335398674 -1.0
1.60304498672 -1.0
1.6476521492 -1.0
1.65646314621 -1.0
1.66598701477 -1.0
1.66817116737 -1.0
1.67692613602 -1.0
1.67896413803 -1.0
1.68775296211 -1.0
1.71996307373 -1.0
1.73658418655 -1.0
1.73659300804 1.0
1.79660511017 -1.0
1.84056901932 -1.0
1.86189699173 -1.0
1.88143801689 -1.0
1.90143418312 -1.0
1.90144014359 -1.0
1.90721607208 -1.0
1.92395401001 -1.0
1.92806315422 -1.0
1.98880815506 -1.0
2.06551098824 -1.0
2.07082796097 -1.0
2.0729830265 -1.0
2.09181714058 -1.0
2.09233999252 1.0
2.12278413773 -1.0
2.12478804588 -1.0
2.14226508141 -1.0
2.15304303169 -1.0
2.17454695702 -1.0
2.19799518585 -1.0
2.21501016617 -1.0
2.26284003258 -1.0
2.26369214058 -1.0
2.26592898369 -1.0
2.26595306396 1.0
2.26978111267 -1.0
2.28700900078 -1.0
2.29543495178 -1.0
2.29544901848 -1.0
2.29636406898 -1.0
2.29854416847 -1.0
2.30244612694 -1.0
2.32815909386 -1.0
2.32905602455 -1.0
2.33123517036 -1.0
2.33516716957 -1.0
2.33517503738 1.0
2.34287500381 -1.0
2.35100412369 -1.0
2.3608880043 -1.0
2.36177706718 -1.0
2.36284303665 -1.0
2.3640961647 -1.0
2.36790108681 -1.0
2.3955540657 -1.0
2.39558506012 -1.0
2.3955950737 1.0
2.39677000046 -1.0
2.40064716339 -1.0
2.4031701088 -1.0
2.40826916695 -1.0
2.41143417358 -1.0
2.41181612015 -1.0
2.4138841629 -1.0
2.42211699486 -1.0
2.42863512039 -1.0
2.42865109444 -1.0
2.42909502983 -1.0
2.42981410027 -1.0
2.4298210144 1.0
2.43465709686 -1.0
2.43795013428 -1.0
2.43936610222 -1.0
2.44338202477 -1.0
2.44656896591 -1.0
2.44992017746 -1.0
2.45574808121 -1.0
2.4615240097 -1.0
2.46217417717 -1.0
2.46430897713 -1.0
2.4678940773 -1.0
2.46791005135 1.0
2.46864008904 -1.0
2.46915197372 -1.0
2.47300314903 -1.0
2.47905611992 -1.0
2.48436808586 -1.0
2.48603510857 -1.0
2.49085617065 -1.0
2.49265313148 -1.0
2.49567008018 -1.0
2.49668312073 -1.0
2.49815917015 -1.0
2.50054216385 -1.0
2.50427007675 -1.0
2.50429201126 1.0
2.51077914238 -1.0
2.51805400848 -1.0
2.52145695686 -1.0
2.52371096611 -1.0
2.52554416656 -1.0
2.52977895737 -1.0
2.53054618835 -1.0
2.53173613548 -1.0
2.53727912903 -1.0
2.54217004776 -1.0
2.54319500923 -1.0
2.54600715637 -1.0
2.55439710617 -1.0
2.55441498756 1.0
2.56147217751 -1.0
2.56209301949 -1.0
2.56295514107 -1.0
2.57633900642 -1.0
2.57936811447 -1.0
2.58406996727 -1.0
2.58770513535 -1.0
2.59193110466 -1.0
2.59542012215 -1.0
2.5956799984 -1.0
2.6071369648 -1.0
2.61053514481 -1.0
2.61422109604 -1.0
2.61847901344 -1.0
2.618486166 1.0
2.62224698067 -1.0
2.62677598 -1.0
2.62778401375 -1.0
2.6391210556 -1.0
2.6482360363 -1.0
2.65584897995 -1.0
2.65892004967 -1.0
2.65954208374 -1.0
2.66013813019 -1.0
2.66768598557 -1.0
2.67253112793 -1.0
2.67856097221 -1.0
2.6788110733 1.0
2.67944908142 -1.0
2.68043899536 -1.0
2.68415307999 -1.0
2.68416810036 -1.0
2.68678307533 -1.0
2.69178295135 -1.0
2.69249510765 -1.0
2.6956319809 -1.0
2.69908714294 -1.0
2.70026397705 -1.0
2.70372509956 -1.0
2.71086502075 -1.0
2.71833896637 -1.0
2.7267999649 -1.0
2.72681999207 1.0
2.72808218002 -1.0
2.73519515991 -1.0
2.73850417137 -1.0
2.74872016907 -1.0
2.75309300423 -1.0
2.75627613068 -1.0
2.76192808151 -1.0
2.76756000519 -1.0
2.76928400993 -1.0
2.78128314018 -1.0
2.78547811508 -1.0
2.79528403282 -1.0
2.80102014542 -1.0
2.8016500473 -1.0
2.80428314209 -1.0
2.8042910099 1.0
2.81000804901 -1.0
2.81169009209 -1.0
2.81560301781 -1.0
2.81979203224 -1.0
2.82335209846 -1.0
2.82619810104 -1.0
2.82763504982 -1.0
2.82911801338 -1.0
2.83085203171 -1.0
2.83370518684 -1.0
2.8358631134 -1.0
2.83665800095 -1.0
2.84359407425 -1.0
2.84763097763 -1.0
2.847687006 1.0
2.8488380909 -1.0
2.84917616844 -1.0
2.85113406181 -1.0
2.85115098953 -1.0
2.85568213463 -1.0
2.85612416267 -1.0
2.85613203049 -1.0
2.86072015762 -1.0
2.86598610878 -1.0
2.86724805832 -1.0
2.86725711823 -1.0
2.86726117134 1.0
2.86997199059 -1.0
2.87504506111 -1.0
2.8759829998 -1.0
2.87800312042 -1.0
2.87908697128 -1.0
2.88199496269 -1.0
2.88519406319 -1.0
2.88838815689 -1.0
2.89025211334 -1.0
2.89580798149 -1.0
2.89771413803 -1.0
2.89940905571 -1.0
2.9008409977 -1.0
2.90399813652 -1.0
2.90402007103 1.0
2.90482997894 -1.0
2.90733599663 -1.0
2.90811395645 -1.0
2.90975618362 -1.0
2.91042804718 -1.0
2.91259098053 -1.0
2.91380214691 -1.0
2.91571497917 -1.0
2.92012310028 -1.0
2.92243218422 -1.0
2.92595911026 -1.0
2.92770814896 -1.0
2.9295861721 -1.0
2.93062210083 1.0
2.93297410011 -1.0
2.93477606773 -1.0
2.93822312355 -1.0
2.94152116776 -1.0
2.94496703148 -1.0
2.96142601967 -1.0
2.96581912041 -1.0
2.96770501137 -1.0
2.97323918343 -1.0
2.97875213623 -1.0
2.98397517204 -1.0
2.98675704002 -1.0
2.98707413673 -1.0
2.98916101456 -1.0
2.99253201485 -1.0
2.99255013466 1.0
2.99382209778 -1.0
2.99584197998 -1.0
3.00035905838 -1.0
3.00366210938 -1.0
3.00496816635 -1.0
3.00647616386 -1.0
3.00730013847 -1.0
3.00946998596 -1.0
3.012830019 -1.0
3.01425004005 -1.0
3.01550102234 -1.0
3.01594614983 -1.0
3.0159599781 1.0
3.01716208458 -1.0
3.01717114449 -1.0
3.01965498924 -1.0
3.02102899551 -1.0
3.02343916893 -1.0
3.02730798721 -1.0
3.02819299698 -1.0
3.03110003471 -1.0
3.03268814087 -1.0
3.03321099281 -1.0
3.03611803055 -1.0
3.03612709045 -1.0
3.03974795341 -1.0
3.04274201393 -1.0
3.0458381176 -1.0
3.04586410522 1.0
3.04942703247 -1.0
3.05060601234 -1.0
3.05468702316 -1.0
3.05668711662 -1.0
3.06351518631 -1.0
3.09603595734 -1.0
3.16156506538 -1.0
3.18561005592 -1.0
3.19533896446 -1.0
3.20636105537 -1.0
3.20661306381 1.0
3.26504611969 -1.0
3.35308599472 -1.0
3.41024112701 -1.0
3.52200508118 -1.0
3.82711815834 -1.0
3.8345720768 -1.0
3.84668397903 -1.0
3.86750507355 -1.0
3.88950800896 -1.0
3.8895201683 1.0
3.89695310593 -1.0
3.91049718857 -1.0
4.11130905151 -1.0
4.13133597374 -1.0
4.15078902245 -1.0
4.28017115593 -1.0
4.33813810349 -1.0
4.38275313377 -1.0
4.41315603256 -1.0
4.41374015808 -1.0
4.41410017014 -1.0
4.4215259552 -1.0
4.43369603157 -1.0
4.49317717552 -1.0
4.49318695068 1.0
4.50184416771 -1.0
4.51274800301 -1.0
4.57223200798 -1.0
4.58035206795 -1.0
4.58120918274 -1.0
4.58158612251 -1.0
4.5898501873 -1.0
4.60182404518 -1.0
4.61680817604 -1.0
4.61691403389 -1.0
4.62195515633 -1.0
4.62416100502 -1.0
4.64171099663 -1.0
4.64171910286 1.0
4.74853014946 -1.0
4.75654101372 -1.0
4.77738499641 -1.0
4.79776906967 -1.0
4.81752109528 -1.0
4.85733604431 -1.0
4.95651006699 -1.0
5.12619495392 -1.0
5.14810395241 -1.0
5.26242017746 -1.0
5.26424312592 -1.0
5.26991415024 -1.0
5.28468108177 -1.0
5.28473305702 1.0
5.39688801765 -1.0
5.40008497238 -1.0
5.40537905693 -1.0
5.41788005829 -1.0
5.46419215202 -1.0
5.51211595535 -1.0
5.53256011009 -1.0
5.59950613976 -1.0
5.60825109482 -1.0
5.61911702156 -1.0
5.8617670536 -1.0
5.86183595657 1.0
5.90924310684 -1.0
7.51377296448 -1.0
7.51439905167 -1.0
7.53464102745 -1.0
8.06665301323 -1.0
8.09956717491 -1.0
8.13241815567 -1.0
8.49468803406 1.0
8.5144200325 -1.0
8.51460003853 -1.0
8.52728700638 -1.0
8.53471112251 -1.0
8.5990459919 -1.0
9.51394414902 -1.0
10.5159420967 -1.0
10.5369100571 -1.0
16.0021791458 -1.0
16.1764831543 -1.0
16.1964249611 -1.0
