0.0043671131134 -1.0
0.0301930904388 -1.0
0.0405600070953 1.0
0.101330041885 -1.0
0.121398210526 -1.0
0.141009092331 -1.0
0.141785144806 -1.0
0.142306089401 -1.0
0.148360013962 -1.0
0.168908119202 -1.0
0.174369096756 -1.0
0.235956192017 -1.0
0.258513212204 -1.0
0.279501199722 -1.0
0.299086093903 1.0
0.312442064285 -1.0
0.345530986786 -1.0
0.345938205719 -1.0
0.369681119919 -1.0
0.378346204758 -1.0
0.411734104156 -1.0
0.440918207169 -1.0
0.449565172195 -1.0
0.461379051208 -1.0
0.482600212097 -1.0
0.52912402153 -1.0
0.636897087097 -1.0
0.676565170288 1.0
0.698035001755 -1.0
0.808438062668 -1.0
0.856936216354 -1.0
0.91468000412 -1.0
1.01171898842 -1.0
1.05578899384 -1.0
1.06892299652 -1.0
1.09197902679 -1.0
1.3431251049 -1.0
1.3845281601 -1.0
1.40409111977 -1.0
1.40410399437 1.0
1.40423607826 -1.0
1.412348032 -1.0
1.41251921654 -1.0
1.41264009476 -1.0
1.41618299484 -1.0
1.41693019867 -1.0
1.41740107536 -1.0
1.4174849987 -1.0
1.42501306534 -1.0
1.42705702782 1.0
1.42779898643 -1.0
1.42786717415 -1.0
1.43654513359 -1.0
1.4395031929 -1.0
1.44668602943 -1.0
1.44691514969 -1.0
1.44938611984 -1.0
1.44939303398 -1.0
1.450289011 -1.0
1.45576715469 -1.0
1.48176813126 -1.0
1.4886200428 -1.0
1.51418399811 -1.0
1.53595614433 -1.0
1.55655813217 -1.0
1.58598613739 -1.0
1.5859951973 1.0
1.6183681488 -1.0
1.62280917168 -1.0
1.69295501709 -1.0
1.69727516174 -1.0
1.70200419426 -1.0
1.73441815376 -1.0
1.7588121891 -1.0
1.76720404625 -1.0
1.7797870636 -1.0
1.79892110825 -1.0
1.81820201874 -1.0
1.8369641304 -1.0
1.83698511124 1.0
1.8386900425 -1.0
1.85127305984 -1.0
1.85798716545 -1.0
1.86937904358 -1.0
1.87799715996 -1.0
1.90183615685 -1.0
1.91324019432 -1.0
1.94431114197 -1.0
1.96305418015 -1.0
1.99551010132 -1.0
2.00271606445 -1.0
2.00504612923 -1.0
2.03255820274 1.0
2.0347700119 -1.0
2.10262203217 -1.0
2.11078906059 -1.0
2.1224861145 -1.0
2.17330408096 -1.0
2.19931912422 -1.0
2.20413208008 -1.0
2.20459699631 -1.0
2.20461821556 1.0
2.21264505386 -1.0
2.22521805763 -1.0
2.2489490509 -1.0
2.27866911888 -1.0
2.3065340519 -1.0
2.31166005135 -1.0
2.32919311523 -1.0
2.34464621544 -1.0
2.35198712349 -1.0
2.35774803162 -1.0
2.36158800125 -1.0
2.37273406982 -1.0
2.37274217606 1.0
2.37339901924 -1.0
2.37704515457 -1.0
2.37774515152 -1.0
2.38985514641 -1.0
2.39026403427 -1.0
2.39404201508 -1.0
2.39405012131 -1.0
2.40034914017 -1.0
2.40572309494 -1.0
2.40579414368 -1.0
2.4057970047 1.0
2.40945219994 -1.0
2.41086506844 -1.0
2.43532204628 -1.0
2.44183516502 -1.0
2.44376921654 -1.0
2.45138907433 -1.0
2.4522061348 -1.0
2.45476818085 -1.0
2.46020317078 -1.0
2.46778607368 -1.0
2.47153401375 -1.0
2.47157120705 1.0
2.47617220879 -1.0
2.49332118034 -1.0
2.50272107124 -1.0
2.50949120522 -1.0
2.5098721981 -1.0
2.52572202682 -1.0
2.52731609344 -1.0
2.5329811573 -1.0
2.54433012009 -1.0
2.54527020454 -1.0
2.54782509804 -1.0
2.54784607887 1.0
2.55350208282 -1.0
2.55969905853 -1.0
2.56138205528 -1.0
2.56566214561 -1.0
2.56715917587 -1.0
2.57257318497 -1.0
2.5825510025 -1.0
2.59353518486 -1.0
2.59376215935 -1.0
2.5973341465 -1.0
2.60275006294 -1.0
2.60851120949 -1.0
2.61571311951 -1.0
2.61590409279 -1.0
2.61750411987 -1.0
2.61751413345 1.0
2.62933206558 -1.0
2.63506102562 -1.0
2.63546609879 -1.0
2.64640307426 -1.0
2.65637803078 -1.0
2.65911912918 -1.0
2.66797614098 -1.0
2.67049813271 -1.0
2.67619800568 -1.0
2.68583416939 -1.0
2.69224905968 -1.0
2.69762015343 -1.0
2.70038819313 -1.0
2.70503616333 -1.0
2.70504999161 -1.0
2.70832014084 -1.0
2.70833921432 1.0
2.71698212624 -1.0
2.72334718704 -1.0
2.72720503807 -1.0
2.72892999649 -1.0
2.73741698265 -1.0
2.74610710144 -1.0
2.75948810577 -1.0
2.76993107796 -1.0
2.77623510361 -1.0
2.77743005753 -1.0
2.78012704849 -1.0
2.7811820507 -1.0
2.78120112419 1.0
2.78724312782 -1.0
2.78741002083 -1.0
2.78954601288 -1.0
2.79613900185 -1.0
2.79794406891 -1.0
2.80232620239 -1.0
2.81658506393 -1.0
2.82177209854 -1.0
2.82688117027 -1.0
2.83088707924 -1.0
2.83531999588 -1.0
2.84090805054 -1.0
2.84897518158 -1.0
2.85621714592 -1.0
2.86380815506 -1.0
2.86382913589 1.0
2.88088202477 -1.0
2.88860201836 -1.0
2.8942861557 -1.0
2.8950150013 -1.0
2.90099215508 -1.0
2.91688108444 -1.0
2.92672014236 -1.0
2.93205809593 -1.0
2.93411612511 -1.0
2.95344018936 -1.0
2.95463109016 -1.0
2.95783901215 -1.0
2.95883917809 -1.0
2.95924115181 -1.0
2.95925617218 1.0
2.96083521843 -1.0
2.96213507652 -1.0
2.96675515175 -1.0
2.97798013687 -1.0
2.98374819756 -1.0
2.99169611931 -1.0
2.9924390316 -1.0
2.99847507477 -1.0
3.02172207832 -1.0
3.02480602264 -1.0
3.0386531353 -1.0
3.03869009018 1.0
3.05116701126 -1.0
3.05689311028 -1.0
3.0572810173 -1.0
3.06979417801 -1.0
3.07693815231 -1.0
3.10406708717 -1.0
3.10408210754 -1.0
3.10409498215 -1.0
3.10519003868 -1.0
3.11144518852 -1.0
3.11497020721 -1.0
3.11693000793 -1.0
3.11855912209 -1.0
3.12135004997 -1.0
3.12135601044 1.0
3.12431621552 -1.0
3.12471699715 -1.0
3.13622403145 -1.0
3.136906147 -1.0
3.13753008842 -1.0
3.14481115341 -1.0
3.16465520859 -1.0
3.17603111267 -1.0
3.17717504501 -1.0
3.1915140152 -1.0
3.20926499367 -1.0
3.20927619934 1.0
3.21383619308 -1.0
3.22060513496 -1.0
3.22388410568 -1.0
3.22684407234 -1.0
3.23807311058 -1.0
3.24691700935 -1.0
3.25632715225 -1.0
3.26081418991 -1.0
3.27291917801 -1.0
3.27856516838 -1.0
3.28199005127 -1.0
3.28876399994 -1.0
3.28881907463 1.0
3.29503798485 -1.0
3.29935002327 -1.0
3.30765104294 -1.0
3.31234121323 -1.0
3.3149061203 -1.0
3.32124304771 -1.0
3.32886314392 -1.0
3.3307261467 -1.0
3.33621120453 -1.0
3.34212517738 -1.0
3.3476331234 -1.0
3.36308908463 -1.0
3.36353611946 -1.0
3.37307214737 -1.0
3.37309718132 1.0
3.3806681633 -1.0
3.39020299911 -1.0
3.39547514915 -1.0
3.40299510956 -1.0
3.41211605072 -1.0
3.41492605209 -1.0
3.42036318779 -1.0
3.42439508438 -1.0
3.43159103394 -1.0
3.43533921242 -1.0
3.43535208702 -1.0
3.44506216049 -1.0
3.44506907463 1.0
3.44507598877 -1.0
3.44773507118 -1.0
3.45631408691 -1.0
3.46242499352 -1.0
3.47308421135 -1.0
3.47637414932 -1.0
3.477394104 -1.0
3.48074412346 -1.0
3.49881911278 -1.0
3.50969910622 -1.0
3.51312708855 -1.0
3.5136950016 -1.0
3.51370310783 1.0
3.51475119591 -1.0
3.52120614052 -1.0
3.53442311287 -1.0
3.54439711571 -1.0
3.54607605934 -1.0
3.54864501953 -1.0
3.55517721176 -1.0
3.56639504433 -1.0
3.5710170269 -1.0
3.57858514786 -1.0
3.57949709892 -1.0
3.58674407005 -1.0
3.59992218018 -1.0
3.59992909431 1.0
3.6042342186 -1.0
3.61034417152 -1.0
3.61099004745 -1.0
3.615265131 -1.0
3.62390518188 -1.0
3.63828206062 -1.0
3.64343500137 -1.0
3.64792513847 -1.0
3.65822410583 -1.0
3.66547107697 -1.0
3.67274618149 -1.0
3.67880606651 -1.0
3.67882514 1.0
3.68045210838 -1.0
3.68342018127 -1.0
3.69388604164 -1.0
3.69812917709 -1.0
3.70298314095 -1.0
3.70572805405 -1.0
3.71490120888 -1.0
3.7193710804 -1.0
3.72646021843 -1.0
3.73399400711 -1.0
3.74000811577 -1.0
3.74132204056 -1.0
3.74625706673 -1.0
3.74812316895 -1.0
3.75809121132 -1.0
3.7635371685 -1.0
3.76354408264 1.0
3.76640415192 -1.0
3.78093719482 -1.0
3.81333804131 -1.0
3.81397199631 -1.0
3.82941818237 -1.0
3.84088420868 -1.0
3.84652900696 -1.0
3.85560107231 -1.0
3.8652150631 -1.0
3.8698220253 -1.0
3.87916898727 -1.0
3.8806540966 -1.0
3.88067102432 1.0
3.88894200325 -1.0
3.90287399292 -1.0
3.91117119789 -1.0
3.91155719757 -1.0
3.92158699036 -1.0
3.93442821503 -1.0
3.93913316727 -1.0
3.94391417503 -1.0
3.9439201355 -1.0
3.95442318916 -1.0
3.96076798439 -1.0
3.96182703972 -1.0
3.97087717056 -1.0
3.97089910507 1.0
3.97329902649 -1.0
3.97635412216 -1.0
3.98541116714 -1.0
3.99163413048 -1.0
3.99377799034 -1.0
4.00447916985 -1.0
4.01061820984 -1.0
4.01773118973 -1.0
4.01921319962 -1.0
4.02321100235 -1.0
4.02323818207 1.0
4.02423715591 -1.0
4.02916502953 -1.0
4.03186702728 -1.0
4.03776502609 -1.0
4.04524207115 -1.0
4.04622602463 -1.0
4.05163812637 -1.0
4.05871319771 -1.0
4.06255507469 -1.0
4.06669616699 -1.0
4.07150316238 -1.0
4.07480812073 -1.0
4.07809019089 -1.0
4.08166408539 -1.0
4.08870005608 -1.0
4.09114813805 -1.0
4.09351205826 -1.0
4.09353208542 1.0
4.10479211807 -1.0
4.11455512047 -1.0
4.12184906006 -1.0
4.1235229969 -1.0
4.1343960762 -1.0
4.13493609428 -1.0
4.15465021133 -1.0
4.16683721542 -1.0
4.23900508881 -1.0
4.24062800407 -1.0
4.26062202454 -1.0
4.26063013077 1.0
4.28020906448 -1.0
4.38638114929 -1.0
4.39240908623 -1.0
4.44669818878 -1.0
4.44892811775 -1.0
4.51362514496 -1.0
4.53424215317 -1.0
4.53449201584 -1.0
4.59307098389 -1.0
4.59356808662 -1.0
4.59369516373 1.0
4.60117912292 -1.0
4.61347603798 -1.0
4.63608407974 -1.0
4.65573906898 -1.0
4.76126217842 -1.0
4.76195120811 -1.0
4.76836204529 -1.0
4.78161907196 -1.0
4.8012740612 -1.0
4.8602540493 -1.0
4.86030721664 1.0
4.93550014496 -1.0
4.94269800186 -1.0
4.95508003235 -1.0
5.03407406807 -1.0
5.09005999565 -1.0
5.10974001884 -1.0
5.11312007904 -1.0
5.13286399841 -1.0
5.32232308388 -1.0
5.36056900024 1.0
5.38023710251 -1.0
5.41879820824 -1.0
5.42597317696 -1.0
5.43650817871 -1.0
5.54601716995 -1.0
5.55634403229 -1.0
5.56747317314 -1.0
5.75371813774 -1.0
5.76041603088 -1.0
5.77437114716 -1.0
5.77447319031 1.0
6.09159898758 -1.0
6.15120720863 -1.0
7.09180116653 -1.0
7.09200000763 -1.0
7.1030561924 -1.0
7.11304306984 -1.0
7.13543820381 -1.0
7.30560207367 -1.0
8.07127213478 1.0
8.09181404114 -1.0
8.092192173 -1.0
8.09238409996 -1.0
8.11299610138 -1.0
8.23298501968 -1.0
8.29866814613 -1.0
8.30505418777 -1.0
9.09200620651 -1.0
9.11197113991 -1.0
10.0718901157 1.0
10.0920021534 -1.0
10.0922341347 -1.0
10.1120371819 -1.0
15.8195130825 -1.0
15.8783512115 -1.0
15.8982532024 -1.0
15.9993720055 -1.0
29.1455709934 -1.0
29.1461601257 -1.0
29.1773459911 -1.0
29.2370820045 -1.0
29.2408151627 -1.0
29.2805700302 1.0
