0.0201349258423 -1.0
0.0268759727478 -1.0
0.109246015549 -1.0
0.109575033188 1.0
0.141120910645 -1.0
0.14220905304 -1.0
0.168026924133 -1.0
0.174564123154 -1.0
0.241766929626 -1.0
0.258121013641 -1.0
0.285577058792 -1.0
0.330897092819 -1.0
0.343967914581 -1.0
0.363943099976 -1.0
0.388685941696 -1.0
0.470091104507 -1.0
0.470129966736 1.0
0.509639024734 -1.0
1.49500203133 -1.0
1.50252795219 -1.0
1.5031080246 -1.0
1.50375699997 -1.0
1.52251791954 -1.0
1.53281998634 -1.0
1.53508901596 -1.0
1.53564810753 -1.0
1.55504107475 -1.0
1.55514812469 1.0
1.56896305084 -1.0
1.57712101936 -1.0
1.58750200272 -1.0
1.60133314133 -1.0
1.63599896431 -1.0
1.64819097519 -1.0
1.66332292557 -1.0
1.66881012917 -1.0
1.6870880127 -1.0
1.7072930336 -1.0
1.72184610367 -1.0
1.73512291908 -1.0
1.74666810036 1.0
1.76666402817 -1.0
1.78634810448 -1.0
1.79386496544 -1.0
1.81895208359 -1.0
1.81948900223 -1.0
1.82387804985 -1.0
1.8262360096 -1.0
1.82686114311 -1.0
1.83621191978 -1.0
1.83622312546 1.0
1.84224295616 -1.0
1.84344601631 -1.0
1.85940003395 -1.0
1.85941195488 -1.0
1.86173701286 -1.0
1.8654460907 -1.0
1.88527297974 -1.0
1.90525507927 -1.0
1.93123292923 -1.0
1.94377803802 -1.0
1.94378805161 1.0
1.96367812157 -1.0
1.97915410995 -1.0
1.98347496986 -1.0
1.9861869812 -1.0
1.98638892174 -1.0
1.98965001106 -1.0
1.98984098434 -1.0
1.99115300179 -1.0
2.00003314018 -1.0
2.01188611984 -1.0
2.01606893539 -1.0
2.01899909973 -1.0
2.01900792122 1.0
2.02033805847 -1.0
2.02242708206 -1.0
2.02364301682 -1.0
2.04065108299 -1.0
2.04449105263 -1.0
2.04885792732 -1.0
2.05160903931 -1.0
2.05527091026 -1.0
2.05635595322 -1.0
2.0563659668 1.0
2.06203508377 -1.0
2.07717609406 -1.0
2.08168196678 -1.0
2.0843629837 -1.0
2.08800506592 -1.0
2.08907914162 -1.0
2.11020207405 -1.0
2.11458396912 -1.0
2.11733198166 -1.0
2.11825799942 -1.0
2.11852097511 1.0
2.12078499794 -1.0
2.12175512314 -1.0
2.12871003151 -1.0
2.13813996315 -1.0
2.14328193665 -1.0
2.14756894112 -1.0
2.15030503273 -1.0
2.15371513367 -1.0
2.15452003479 -1.0
2.1545290947 1.0
2.15507006645 -1.0
2.15766310692 -1.0
2.16752791405 -1.0
2.17659401894 -1.0
2.17660808563 -1.0
2.1766140461 -1.0
2.17701911926 -1.0
2.18060302734 -1.0
2.18320298195 -1.0
2.18668413162 -1.0
2.18742108345 -1.0
2.18743109703 1.0
2.18792009354 -1.0
2.20646214485 -1.0
2.21012091637 -1.0
2.21366000175 -1.0
2.21511101723 -1.0
2.21624994278 -1.0
2.21966004372 -1.0
2.22038292885 -1.0
2.22604012489 -1.0
2.24321293831 -1.0
2.24333310127 1.0
2.24675798416 -1.0
2.24939894676 -1.0
2.2526550293 -1.0
2.25350499153 -1.0
2.25537705421 -1.0
2.27629613876 -1.0
2.27633309364 -1.0
2.2799680233 -1.0
2.28252005577 -1.0
2.28253793716 1.0
2.28611302376 -1.0
2.2868180275 -1.0
2.289757967 -1.0
2.29354906082 -1.0
2.29386711121 -1.0
2.29433298111 -1.0
2.30991697311 -1.0
2.31351995468 -1.0
2.3135509491 1.0
2.31526398659 -1.0
2.31625509262 -1.0
2.31842303276 -1.0
2.31917691231 -1.0
2.32004094124 -1.0
2.32228899002 -1.0
2.32513093948 -1.0
2.32586407661 -1.0
2.32780694962 -1.0
2.32974100113 -1.0
2.32974910736 1.0
2.33207798004 -1.0
2.33315491676 -1.0
2.33625006676 -1.0
2.34654211998 -1.0
2.35157513618 -1.0
2.37847709656 -1.0
2.37953996658 -1.0
2.38404393196 -1.0
2.43451714516 -1.0
2.45515012741 -1.0
2.4902920723 -1.0
2.50928711891 -1.0
2.50931596756 1.0
2.51005601883 -1.0
2.51065397263 -1.0
2.51193094254 -1.0
2.53062295914 -1.0
2.53719592094 -1.0
2.53869891167 -1.0
2.54175209999 -1.0
2.54246497154 -1.0
2.5458650589 -1.0
2.546448946 -1.0
2.5571000576 -1.0
2.5571539402 1.0
2.55823707581 -1.0
2.58693504333 -1.0
2.60666704178 -1.0
2.6470580101 -1.0
2.80420994759 -1.0
2.80445313454 -1.0
2.8249399662 -1.0
2.843075037 -1.0
2.84363508224 -1.0
2.84457612038 -1.0
2.88351392746 -1.0
4.74521112442 1.0
4.76546502113 -1.0
4.82531499863 -1.0
6.76669812202 -1.0
7.76573896408 -1.0
7.76623797417 -1.0
7.77886795998 -1.0
7.78529810905 -1.0
7.85098910332 -1.0
8.97188305855 -1.0
8.97190499306 1.0
9.02178192139 -1.0
9.04421210289 -1.0
9.05444407463 -1.0
14.9874520302 -1.0
15.0282139778 -1.0
25.3933191299 -1.0
