0.00522518157959 1.0
0.0622172355652 -1.0
0.142194032669 -1.0
0.142784118652 1.0
0.203499078751 -1.0
0.203509092331 1.0
0.262749195099 -1.0
0.262759208679 1.0
0.271117210388 -1.0
0.314123153687 1.0
0.322345018387 -1.0
0.32236123085 1.0
0.333864212036 -1.0
0.37012219429 1.0
0.378258228302 -1.0
0.378266096115 1.0
0.411506175995 -1.0
0.411518096924 1.0
0.431200027466 -1.0
0.433719158173 1.0
0.453404188156 -1.0
0.453412055969 1.0
0.485688209534 -1.0
0.485698223114 1.0
0.505362033844 -1.0
0.505372047424 1.0
0.5120241642 -1.0
0.512049198151 1.0
0.523113012314 -1.0
0.52502822876 -1.0
0.525062084198 1.0
0.5860850811 -1.0
0.586544036865 1.0
0.642564058304 -1.0
0.707301139832 -1.0
0.707734107971 1.0
0.766139030457 -1.0
0.790015220642 -1.0
0.790439128876 1.0
0.846949100494 -1.0
0.97244310379 -1.0
0.972825050354 1.0
1.03037118912 -1.0
1.0303812027 1.0
1.0655400753 -1.0
1.06587409973 1.0
1.12217211723 -1.0
1.12219405174 1.0
1.1783490181 -1.0
1.21713519096 -1.0
1.25412607193 1.0
1.34128308296 -1.0
1.34133219719 1.0
1.36178612709 -1.0
1.36181402206 1.0
1.43365120888 -1.0
1.43704509735 1.0
1.45705723763 -1.0
1.45706915855 1.0
1.4773671627 -1.0
1.47737717628 1.0
1.49698615074 -1.0
1.496997118 1.0
1.51661109924 -1.0
1.5166220665 1.0
1.53623318672 -1.0
1.53659009933 1.0
1.56015110016 -1.0
1.56051015854 1.0
1.57328510284 -1.0
1.57333803177 1.0
1.58010911942 -1.0
1.61814618111 1.0
1.63774704933 -1.0
1.6378121376 1.0
1.63846421242 1.0
1.6669960022 -1.0
1.66739320755 1.0
1.7238202095 -1.0
1.76212620735 1.0
1.78284215927 -1.0
1.78331804276 1.0
1.83493304253 -1.0
1.87412500381 1.0
1.89495706558 -1.0
1.89502811432 1.0
1.95426821709 -1.0
2.0695681572 -1.0
2.10613703728 1.0
2.12626218796 -1.0
2.1266951561 1.0
2.12672400475 1.0
2.14698314667 -1.0
2.14700317383 1.0
2.15364313126 -1.0
2.15367102623 1.0
2.2063601017 -1.0
2.32231903076 1.0
2.33959102631 -1.0
2.34195423126 -1.0
2.34196209908 1.0
2.36173820496 -1.0
2.36212706566 1.0
2.4046292305 -1.0
2.40500807762 1.0
2.46226406097 -1.0
2.47021222115 -1.0
2.51012516022 1.0
2.53008008003 -1.0
2.57013106346 1.0
2.58988904953 -1.0
2.58992218971 1.0
2.62880206108 -1.0
2.66610217094 1.0
2.72754812241 -1.0
2.72792816162 1.0
2.74779105186 -1.0
2.74780106544 1.0
2.76440310478 -1.0
2.80210018158 1.0
2.80670619011 -1.0
2.8067150116 1.0
2.82630610466 -1.0
3.23720312119 -1.0
3.23722600937 1.0
3.25039720535 -1.0
3.25041723251 1.0
3.25673818588 -1.0
3.25674819946 1.0
3.26496100426 1.0
3.27764105797 -1.0
3.28588819504 -1.0
3.28589701653 1.0
3.29624819756 -1.0
3.29627919197 1.0
3.30559515953 -1.0
3.32197403908 1.0
3.34147310257 -1.0
3.3485751152 -1.0
3.34860610962 1.0
3.34866118431 -1.0
3.34894013405 -1.0
3.34898614883 1.0
3.34904623032 1.0
3.36886501312 -1.0
3.40494608879 -1.0
3.40496611595 1.0
3.41145014763 -1.0
3.41148614883 1.0
3.42472815514 -1.0
3.42523503304 1.0
3.46001911163 -1.0
3.46004509926 1.0
3.46011805534 1.0
3.4728782177 -1.0
3.47290015221 1.0
3.48147511482 -1.0
3.5181221962 1.0
3.51859116554 -1.0
3.5377240181 -1.0
3.53775715828 1.0
3.618309021 -1.0
3.63821220398 -1.0
3.63827204704 1.0
3.64539718628 -1.0
3.64542007446 1.0
3.64894604683 -1.0
3.64895415306 1.0
3.6579990387 -1.0
3.65802001953 1.0
3.69135403633 -1.0
3.69138002396 1.0
3.69232201576 -1.0
3.69234323502 1.0
3.69240522385 -1.0
3.71123313904 -1.0
3.71124911308 1.0
3.71137714386 1.0
3.71413302422 -1.0
3.71415901184 1.0
3.73098802567 -1.0
3.7309961319 -1.0
3.74893808365 -1.0
3.74896216393 1.0
3.75032806396 -1.0
3.75033402443 1.0
3.76880717278 -1.0
3.76895523071 1.0
3.80158114433 -1.0
3.80162000656 1.0
3.85333800316 -1.0
3.89012908936 1.0
4.4723072052 -1.0
4.47232818604 1.0
4.57433700562 -1.0
4.57435917854 1.0
4.57464623451 1.0
4.63052415848 -1.0
4.63053822517 1.0
4.65135622025 -1.0
4.80403017998 1.0
4.80443120003 1.0
4.82371401787 -1.0
4.82372403145 1.0
4.82439517975 -1.0
4.84383821487 -1.0
4.84678006172 -1.0
4.88613605499 1.0
4.90598106384 -1.0
4.9059920311 1.0
4.95111012459 -1.0
4.95112204552 1.0
5.23581504822 -1.0
5.23584413528 1.0
5.28164410591 -1.0
5.28165721893 1.0
5.29415011406 -1.0
5.29416108131 1.0
5.30126309395 -1.0
5.30127000809 1.0
5.33602309227 -1.0
5.33603405952 1.0
5.34952020645 -1.0
5.34953022003 1.0
5.35584306717 -1.0
5.35585522652 1.0
5.39490318298 -1.0
5.39491319656 1.0
5.39707612991 -1.0
5.39708304405 1.0
5.40895009041 -1.0
5.40895605087 1.0
5.41577506065 -1.0
5.41578221321 1.0
5.44627714157 -1.0
5.44628500938 1.0
5.44638514519 1.0
5.45833611488 -1.0
5.45836210251 1.0
5.46598005295 -1.0
5.49562907219 -1.0
5.49563908577 1.0
5.49614310265 -1.0
5.49623322487 1.0
5.49692606926 -1.0
5.49696111679 1.0
5.50825405121 -1.0
5.50826120377 1.0
5.51556015015 -1.0
5.55255413055 -1.0
5.55256819725 1.0
5.55274820328 1.0
5.57226514816 -1.0
5.61010313034 1.0
5.61044216156 -1.0
5.61421012878 1.0
5.67091417313 -1.0
5.80428314209 1.0
5.86275911331 -1.0
6.14203500748 -1.0
6.14205813408 1.0
6.14778518677 -1.0
6.14780402184 1.0
6.16161704063 -1.0
6.16162514687 1.0
6.17205810547 -1.0
6.1720662117 1.0
6.18142414093 -1.0
6.18143606186 1.0
6.31496405602 -1.0
6.31498503685 1.0
6.36393713951 1.0
6.38373422623 -1.0
6.47162413597 1.0
6.49132204056 -1.0
6.49133300781 1.0
6.51106309891 -1.0
6.62824201584 -1.0
6.6282582283 1.0
6.63015413284 -1.0
6.6301651001 1.0
6.64265203476 -1.0
6.64265918732 1.0
6.64808011055 -1.0
6.64808702469 1.0
6.66813206673 -1.0
6.66813921928 1.0
6.6761701107 -1.0
6.67617821693 1.0
6.68829917908 -1.0
6.68830609322 1.0
6.73397111893 -1.0
6.73397922516 1.0
6.74687314034 -1.0
6.74689507484 1.0
6.75352311134 -1.0
6.75352907181 1.0
6.98575520515 -1.0
6.9857711792 1.0
6.99707007408 -1.0
6.99708104134 1.0
6.99903321266 -1.0
6.99904108047 1.0
7.00682401657 -1.0
7.00683403015 1.0
7.01265501976 -1.0
7.01266312599 1.0
7.02653312683 -1.0
7.02654004097 1.0
7.02663421631 1.0
7.04620218277 -1.0
7.04843020439 -1.0
7.06175613403 -1.0
7.06178116798 1.0
7.08155417442 -1.0
7.08168506622 1.0
7.13883805275 -1.0
8.74893403053 -1.0
8.78613519669 1.0
8.87740111351 -1.0
8.87741708755 1.0
8.8776781559 -1.0
8.87768507004 1.0
8.87817215919 -1.0
8.87817716599 1.0
8.87857818604 -1.0
8.8785841465 1.0
8.89703202248 -1.0
8.89703917503 1.0
9.18014812469 -1.0
9.18016815186 1.0
9.1997191906 -1.0
9.19972801208 1.0
9.219643116 -1.0
9.2196521759 1.0
9.24029803276 -1.0
9.24030804634 1.0
9.24032020569 -1.0
9.24033904076 1.0
9.26006317139 -1.0
9.26007604599 1.0
9.35596418381 -1.0
9.35597920418 1.0
9.5974612236 -1.0
9.59748721123 1.0
9.65251421928 -1.0
9.65252804756 1.0
9.65254116058 -1.0
9.65254402161 1.0
9.67005705833 -1.0
9.67006611824 1.0
9.6731030941 -1.0
9.67311000824 1.0
10.2047731876 -1.0
10.2047870159 1.0
10.2244930267 -1.0
10.2245001793 1.0
11.5988321304 -1.0
11.5988540649 1.0
11.9468290806 -1.0
11.9468491077 1.0
13.4403941631 -1.0
13.4404170513 1.0
13.7289450169 -1.0
13.7289681435 1.0
13.7487051487 -1.0
13.7487170696 1.0
13.7856011391 -1.0
13.7856121063 1.0
13.7857160568 1.0
13.8051671982 -1.0
13.8053150177 -1.0
13.842135191 1.0
14.0848250389 -1.0
14.0848450661 1.0
14.085018158 -1.0
14.0850250721 1.0
14.1047182083 -1.0
14.1047251225 1.0
14.361041069 -1.0
14.3610630035 1.0
14.3610770702 -1.0
14.361082077 1.0
14.3805742264 -1.0
14.3805830479 1.0
14.3833842278 -1.0
14.3833920956 1.0
14.383562088 -1.0
14.3835670948 1.0
14.383742094 -1.0
14.3837480545 1.0
14.4001722336 -1.0
14.4001801014 1.0
14.4282200336 -1.0
14.428232193 1.0
14.4479160309 -1.0
14.4479241371 1.0
14.4503240585 -1.0
14.4503312111 1.0
14.4676561356 -1.0
14.4676640034 1.0
14.6728951931 -1.0
14.6729280949 1.0
14.6926932335 -1.0
14.6927030087 1.0
14.9449441433 -1.0
14.9449691772 1.0
14.9886012077 -1.0
14.9886140823 1.0
15.0515880585 -1.0
15.0515971184 1.0
15.0712850094 -1.0
15.0713012218 1.0
15.1453402042 -1.0
15.1453502178 1.0
15.6269221306 -1.0
15.6269512177 1.0
15.6269631386 -1.0
15.626969099 1.0
15.6466500759 -1.0
15.6466600895 1.0
15.6495821476 -1.0
15.6495890617 1.0
15.6497590542 -1.0
15.6497631073 1.0
15.6498570442 1.0
15.6663920879 -1.0
15.6696810722 -1.0
15.70612216 1.0
15.8778781891 -1.0
15.8779110909 1.0
15.8779351711 -1.0
15.8779520988 1.0
15.8993000984 -1.0
15.899310112 1.0
15.9325931072 -1.0
15.9326031208 1.0
15.9524462223 -1.0
15.9524521828 1.0
16.3848090172 -1.0
16.3848302364 1.0
16.4044470787 -1.0
16.4044611454 1.0
16.6331510544 -1.0
16.6331701279 1.0
17.1289680004 -1.0
17.1289870739 1.0
17.1496422291 -1.0
17.1496491432 1.0
17.6129050255 -1.0
17.6129300594 1.0
17.632527113 -1.0
17.6325440407 1.0
18.548926115 -1.0
18.5489461422 1.0
18.5489602089 -1.0
18.5489690304 1.0
18.5684521198 -1.0
18.5684621334 1.0
20.4092080593 -1.0
20.4092302322 1.0
20.4288461208 -1.0
20.4288592339 1.0
22.6047310829 -1.0
22.6047520638 1.0
22.6242210865 -1.0
22.6242420673 1.0
22.7592711449 -1.0
22.7592940331 1.0
22.7594411373 1.0
22.778856039 -1.0
22.7790110111 -1.0
22.8181462288 1.0
22.83664608 -1.0
22.8366670609 1.0
22.8378911018 -1.0
22.8378970623 1.0
23.1213281155 -1.0
23.1213600636 1.0
23.1410200596 -1.0
23.1410450935 1.0
24.2594001293 -1.0
24.2594211102 1.0
24.2805821896 -1.0
24.2805960178 1.0
25.3289542198 -1.0
25.3289761543 1.0
25.3486471176 -1.0
25.3486731052 1.0
26.2893140316 -1.0
26.2893340588 1.0
27.5890052319 -1.0
27.5890390873 1.0
27.6094751358 -1.0
27.6094901562 1.0
27.6422002316 -1.0
27.6422100067 1.0
27.6422212124 -1.0
27.6422271729 1.0
27.6551291943 -1.0
27.6551370621 1.0
27.663613081 -1.0
27.6636190414 1.0
28.3851702213 -1.0
28.3851931095 1.0
28.4052560329 -1.0
28.4052741528 1.0
28.4129011631 -1.0
28.412910223 1.0
28.4256370068 -1.0
28.425645113 1.0
28.8853740692 -1.0
28.8853960037 1.0
28.8854210377 -1.0
28.8854260445 1.0
28.9052131176 -1.0
28.9052212238 1.0
28.905326128 1.0
28.907679081 -1.0
28.9077072144 1.0
28.9249000549 -1.0
28.9250781536 -1.0
28.9621191025 1.0
29.3173081875 -1.0
29.3173451424 1.0
29.3388271332 -1.0
29.3388371468 1.0
29.5979921818 -1.0
29.5980131626 1.0
29.622590065 -1.0
29.6226081848 1.0
29.6428492069 -1.0
29.6428592205 1.0
29.8572120667 -1.0
29.8572301865 1.0
29.9259471893 -1.0
29.9259660244 1.0
29.9259800911 -1.0
29.9259841442 1.0
29.9460191727 -1.0
29.9460361004 1.0
36.8132500648 -1.0
36.8132710457 1.0
36.8328671455 -1.0
36.832886219 1.0
36.8396391869 -1.0
36.839646101 1.0
36.8524200916 -1.0
36.8524260521 1.0
36.8959121704 -1.0
36.895925045 1.0
36.8962371349 -1.0
36.8962440491 1.0
36.9153962135 -1.0
36.9154040813 1.0
36.9155042171 1.0
36.9352152348 -1.0
