0.0521340370178 -1.0
0.0521469116211 1.0
0.108204841614 -1.0
0.169204950333 -1.0
0.169270038605 1.0
0.171753883362 1.0
0.191298007965 -1.0
0.191309928894 1.0
0.24830698967 -1.0
0.24831700325 1.0
0.275238990784 -1.0
0.275251865387 1.0
0.332120895386 -1.0
0.332140922546 1.0
0.388077974319 -1.0
0.423609972 1.0
0.443224906921 -1.0
0.48117184639 1.0
0.500739812851 -1.0
0.500988960266 1.0
0.520635843277 -1.0
0.520648002625 1.0
0.557035923004 -1.0
0.557056903839 1.0
0.583648920059 -1.0
0.583899974823 1.0
0.603533029556 -1.0
0.603543996811 1.0
0.61017203331 -1.0
0.623000860214 -1.0
0.623026847839 1.0
0.624243974686 1.0
0.662948846817 -1.0
0.701202869415 1.0
0.720795869827 -1.0
0.7356300354 -1.0
0.735674858093 1.0
0.755312919617 -1.0
0.755352973938 1.0
0.811431884766 -1.0
0.811486959457 1.0
0.830935955048 -1.0
0.830982923508 1.0
0.833570957184 -1.0
0.83359503746 1.0
0.850550889969 -1.0
0.85064291954 1.0
0.857915878296 -1.0
0.857946872711 1.0
0.870429039001 -1.0
0.87052488327 1.0
0.8731508255 1.0
0.890240907669 -1.0
0.929175853729 1.0
0.932104825974 -1.0
0.932116985321 1.0
0.9518430233 -1.0
1.06656289101 -1.0
1.06663489342 1.0
1.06878590584 1.0
1.07955789566 -1.0
1.07958197594 1.0
1.08618593216 -1.0
1.08846688271 -1.0
1.08918786049 1.0
1.1092069149 -1.0
1.19237685204 -1.0
1.22919297218 1.0
1.29339790344 -1.0
1.30560994148 -1.0
1.30567383766 1.0
1.30697703362 -1.0
1.30700397491 1.0
1.32226800919 1.0
1.32538485527 -1.0
1.34150195122 -1.0
1.34153294563 1.0
1.35468482971 -1.0
1.35469603539 1.0
1.35605883598 -1.0
1.36184597015 -1.0
1.36187386513 1.0
1.37029790878 -1.0
1.37030482292 1.0
1.38172793388 -1.0
1.39568090439 -1.0
1.39568781853 1.0
1.40174293518 -1.0
1.40176796913 1.0
1.40467000008 -1.0
1.40467882156 1.0
1.40477895737 1.0
1.40898799896 -1.0
1.4159040451 -1.0
1.41592502594 1.0
1.41728997231 1.0
1.43700695038 -1.0
1.43702197075 1.0
1.43934202194 -1.0
1.43938589096 1.0
1.45887589455 -1.0
1.49719500542 1.0
1.50660800934 -1.0
1.50665783882 1.0
1.51693797112 -1.0
1.51696896553 1.0
1.51721787453 1.0
1.57626104355 -1.0
1.5762720108 1.0
1.6323568821 -1.0
1.63236689568 1.0
1.65966081619 -1.0
1.66583991051 -1.0
1.66586303711 1.0
1.66619181633 1.0
1.66638183594 -1.0
1.6664018631 1.0
1.66866087914 -1.0
1.66868591309 1.0
1.67702698708 -1.0
1.67703700066 1.0
1.68483495712 -1.0
1.68493390083 1.0
1.6856508255 -1.0
1.69775891304 -1.0
1.69777584076 1.0
1.71135091782 -1.0
1.71757984161 -1.0
1.71758794785 1.0
1.72055387497 -1.0
1.72057390213 1.0
1.72120881081 -1.0
1.72122883797 1.0
1.7244489193 -1.0
1.72445583344 1.0
1.72446298599 -1.0
1.72455883026 1.0
1.737169981 -1.0
1.77718782425 1.0
1.78025484085 -1.0
1.78026485443 1.0
1.79704499245 -1.0
1.79708504677 1.0
1.82940888405 -1.0
1.86919689178 1.0
1.88862586021 -1.0
1.92519593239 1.0
1.94844388962 -1.0
1.98519086838 1.0
2.04420590401 -1.0
2.04427981377 1.0
2.04455685616 1.0
2.09640598297 -1.0
2.09642481804 1.0
2.12918996811 -1.0
2.1592669487 -1.0
2.1593208313 1.0
2.1594388485 1.0
2.17893481255 -1.0
2.2169239521 -1.0
2.21718382835 1.0
2.23712897301 -1.0
2.23725485802 1.0
2.28659486771 -1.0
2.28663897514 1.0
2.36884093285 -1.0
2.38237786293 -1.0
2.38240289688 1.0
2.38887691498 -1.0
2.38890194893 1.0
2.40220284462 -1.0
2.40228199959 1.0
2.4282169342 -1.0
2.42825102806 1.0
2.43279886246 -1.0
2.43282103539 1.0
2.43394899368 -1.0
2.43397402763 1.0
2.43419981003 -1.0
2.44134688377 -1.0
2.44135403633 1.0
2.44778299332 -1.0
2.44780182838 1.0
2.44787788391 1.0
2.46751594543 -1.0
2.46766996384 -1.0
2.49277687073 -1.0
2.49280285835 1.0
2.49521684647 -1.0
2.49523687363 1.0
2.49565386772 -1.0
2.49566197395 1.0
2.49598288536 -1.0
2.49599003792 1.0
2.49608492851 1.0
2.50568294525 -1.0
2.51234793663 -1.0
2.51235485077 1.0
2.51833295822 -1.0
2.51835799217 1.0
2.53192281723 -1.0
2.55008387566 -1.0
2.55009198189 1.0
2.5505669117 -1.0
2.55058693886 1.0
2.55067682266 1.0
2.56247591972 -1.0
2.56248402596 1.0
2.5697619915 -1.0
2.608273983 -1.0
2.60916900635 1.0
2.62869501114 -1.0
2.62872600555 1.0
2.65460801125 1.0
2.7124838829 -1.0
2.85257387161 -1.0
2.85264086723 1.0
2.96655583382 -1.0
2.96688985825 1.0
2.98643398285 -1.0
3.00641298294 -1.0
3.00665783882 1.0
3.02433300018 -1.0
3.02435898781 1.0
3.02642393112 -1.0
3.02650284767 1.0
3.08045482635 -1.0
3.08382487297 1.0
3.0897128582 -1.0
3.08973789215 1.0
3.10356497765 -1.0
3.1035759449 1.0
3.12312984467 -1.0
3.1259829998 1.0
3.16413402557 -1.0
3.18974685669 -1.0
3.18978285789 1.0
3.20076298714 -1.0
3.21073484421 -1.0
3.2107489109 1.0
3.35414886475 -1.0
3.37040686607 -1.0
3.37043690681 1.0
3.39006686211 -1.0
3.42429685593 -1.0
3.42430591583 1.0
3.44401884079 -1.0
3.48117995262 1.0
3.49252295494 1.0
3.55234289169 -1.0
3.60167694092 1.0
3.62173295021 -1.0
3.62175297737 1.0
3.64124298096 -1.0
3.75731301308 -1.0
3.75734782219 1.0
3.77689504623 -1.0
3.7769048214 1.0
3.85807991028 -1.0
3.85809493065 1.0
3.85811090469 -1.0
3.85811781883 1.0
3.87920594215 -1.0
3.87921500206 1.0
3.87930583954 1.0
3.89931988716 -1.0
3.89932799339 -1.0
3.93718791008 1.0
3.95879983902 -1.0
3.95881199837 1.0
3.95906496048 -1.0
3.95906996727 1.0
4.0903608799 -1.0
4.09037685394 1.0
4.0964679718 -1.0
4.09647583961 1.0
4.11000084877 -1.0
4.11001992226 1.0
4.1101539135 1.0
4.12966394424 -1.0
4.1582930088 -1.0
4.15830492973 -1.0
4.15832901001 1.0
4.17798781395 -1.0
4.20206785202 -1.0
4.2020778656 1.0
4.22164392471 -1.0
4.26117181778 1.0
4.80187892914 1.0
5.04521083832 1.0
5.05719089508 -1.0
5.0572078228 1.0
5.06592583656 -1.0
5.80252885818 1.0
5.80280804634 1.0
5.82210993767 -1.0
5.82212996483 1.0
5.82239794731 -1.0
5.84175181389 -1.0
6.80291986465 1.0
6.82329797745 -1.0
7.52136087418 -1.0
7.52138495445 1.0
7.54104495049 -1.0
7.54105401039 1.0
7.64542794228 -1.0
7.64544391632 1.0
7.65782403946 -1.0
7.6578309536 1.0
7.66548585892 -1.0
7.66549181938 1.0
7.80340003967 1.0
7.80365300179 1.0
7.82409095764 -1.0
7.82410097122 1.0
7.82441592216 -1.0
8.0731959343 1.0
8.09282684326 -1.0
8.31071400642 -1.0
8.31073999405 1.0
8.33071994781 -1.0
8.33072781563 1.0
8.33228492737 -1.0
8.33229184151 1.0
8.35058498383 -1.0
8.35059499741 1.0
8.80452203751 1.0
8.82434892654 -1.0
8.8243689537 1.0
8.85973286629 -1.0
8.87513685226 -1.0
8.87514901161 1.0
9.01425004005 -1.0
9.01426887512 1.0
9.16766381264 -1.0
9.16769003868 1.0
9.65741586685 -1.0
9.65744185448 1.0
9.67705583572 -1.0
9.67706394196 1.0
10.1248698235 -1.0
10.1248898506 1.0
11.8640549183 -1.0
11.8640768528 1.0
11.883731842 -1.0
11.8837440014 1.0
15.0656468868 -1.0
15.065666914 1.0
15.0658240318 1.0
15.0855898857 -1.0
15.1251308918 -1.0
15.1251678467 1.0
16.0406188965 -1.0
16.0406420231 1.0
16.1226298809 -1.0
16.1226429939 1.0
17.2925059795 -1.0
17.2925269604 1.0
17.2926678658 -1.0
17.2926738262 1.0
17.2928049564 -1.0
17.2928090096 1.0
17.2928140163 -1.0
17.292817831 1.0
17.2930219173 -1.0
17.2930269241 1.0
17.3123300076 -1.0
17.312338829 1.0
17.5169599056 -1.0
17.5169768333 1.0
17.5169849396 -1.0
17.516988039 1.0
17.5171818733 -1.0
17.5171859264 1.0
17.5368900299 -1.0
17.5369019508 1.0
17.7718188763 -1.0
17.7718389034 1.0
17.771848917 -1.0
17.7718520164 1.0
17.7722079754 -1.0
17.7722129822 1.0
17.7920908928 -1.0
17.792098999 1.0
17.9933319092 -1.0
17.993350029 1.0
17.9934949875 -1.0
17.9934999943 1.0
17.9935998917 -1.0
17.9936118126 1.0
18.013258934 -1.0
18.0133008957 1.0
18.0161750317 -1.0
18.0162379742 -1.0
18.0162508488 1.0
18.0269958973 -1.0
18.0270168781 1.0
18.027135849 -1.0
18.0333340168 -1.0
18.0333399773 1.0
19.1853280067 -1.0
19.1853499413 1.0
19.1853599548 -1.0
19.1853628159 1.0
19.1855769157 -1.0
19.1855828762 1.0
19.2052710056 -1.0
19.2052769661 1.0
26.0862958431 -1.0
26.086316824 1.0
26.0863258839 -1.0
26.0863308907 1.0
26.0865159035 -1.0
26.0865209103 1.0
26.1025660038 -1.0
26.1025779247 1.0
26.1026208401 -1.0
26.102627039 1.0
26.1062128544 -1.0
26.1062188148 1.0
26.1088340282 -1.0
26.1088459492 1.0
26.1088809967 -1.0
26.1088848114 1.0
26.1141588688 -1.0
26.114169836 1.0
26.114210844 -1.0
26.1142148972 1.0
26.1143939495 -1.0
26.1144018173 1.0
26.1262018681 -1.0
26.1262078285 1.0
26.1263079643 1.0
26.1471238136 -1.0
26.4441609383 -1.0
26.4442079067 -1.0
26.4442210197 1.0
26.4443650246 -1.0
26.4445769787 -1.0
26.4445810318 1.0
26.444715023 -1.0
26.4660749435 -1.0
26.4660849571 1.0
26.72940588 -1.0
26.7294259071 -1.0
26.7294738293 1.0
26.7294960022 -1.0
26.7691969872 1.0
26.7900128365 -1.0
26.7900369167 1.0
27.0333018303 -1.0
27.0333209038 1.0
27.0333309174 -1.0
27.0333368778 1.0
27.0335140228 -1.0
27.0335190296 1.0
27.0450899601 -1.0
27.0451090336 1.0
27.0451378822 -1.0
27.0451419353 1.0
27.0453269482 -1.0
27.045331955 1.0
27.0532820225 -1.0
27.0532870293 1.0
27.2760820389 -1.0
27.2761018276 1.0
27.2761290073 -1.0
27.2761359215 1.0
27.2762818336 -1.0
27.2762858868 1.0
27.7257108688 -1.0
27.7257289886 1.0
27.7451360226 -1.0
27.7451469898 1.0
27.9738528728 -1.0
27.9738719463 1.0
27.973886013 -1.0
27.9738948345 1.0
27.974189043 -1.0
27.9741938114 1.0
27.9934558868 -1.0
27.9934630394 1.0
29.3416018486 -1.0
29.3416228294 1.0
29.3611419201 -1.0
29.3611519337 1.0
29.7015328407 -1.0
29.7015528679 1.0
29.7136778831 -1.0
29.7136850357 1.0
29.7210710049 -1.0
29.721077919 1.0
29.721159935 1.0
29.7407169342 -1.0
