0.0534379482269 -1.0
0.210026025772 -1.0
0.210046052933 1.0
0.210315942764 1.0
0.269543886185 -1.0
0.510808944702 -1.0
0.550129890442 1.0
0.657385110855 -1.0
0.657404899597 1.0
0.65826010704 1.0
0.67861199379 -1.0
1.00992894173 -1.0
1.02275109291 -1.0
1.02278995514 1.0
1.04238510132 -1.0
1.04798102379 1.0
1.0663421154 -1.0
1.06636810303 1.0
1.06756806374 -1.0
1.06757593155 1.0
1.08716106415 -1.0
1.11727190018 -1.0
1.1172978878 1.0
1.11871290207 -1.0
1.11873292923 1.0
1.13701605797 -1.0
1.17056798935 -1.0
1.17057609558 1.0
1.19133400917 -1.0
1.20506691933 -1.0
1.20507693291 1.0
1.2174808979 -1.0
1.21750307083 1.0
1.21760010719 1.0
1.22465395927 -1.0
1.26212906837 1.0
1.27354693413 -1.0
1.29812908173 1.0
1.30093002319 -1.0
1.30094003677 1.0
1.3013548851 1.0
1.32052302361 -1.0
1.32053208351 1.0
1.34023809433 -1.0
1.34024500847 1.0
1.38268709183 -1.0
1.38286304474 1.0
1.43227791786 -1.0
1.47011494637 1.0
1.55146408081 1.0
1.5608549118 -1.0
1.5981259346 1.0
1.60953307152 -1.0
1.60953998566 1.0
1.63345098495 -1.0
1.67013406754 1.0
1.67690706253 -1.0
1.67773509026 -1.0
1.67776107788 1.0
1.68291211128 -1.0
1.6829199791 1.0
1.68986606598 -1.0
1.68995094299 1.0
1.68998003006 1.0
1.72642302513 -1.0
1.72645401955 1.0
1.72873401642 -1.0
1.7287569046 1.0
1.73325705528 -1.0
1.73453307152 -1.0
1.73454093933 1.0
1.73462796211 1.0
1.74244499207 -1.0
1.74708104134 -1.0
1.74710607529 1.0
1.777354002 -1.0
1.77738809586 1.0
1.83124804497 -1.0
1.83244490623 -1.0
1.83245205879 1.0
1.83325505257 -1.0
1.84204292297 -1.0
1.84206700325 1.0
1.85220003128 -1.0
1.88223600388 1.0
1.9019138813 -1.0
1.90192508698 1.0
1.95765089989 -1.0
1.96186089516 -1.0
1.99812793732 1.0
2.09430503845 -1.0
2.13413906097 1.0
2.16626906395 -1.0
2.16631388664 1.0
2.33932995796 -1.0
2.33938288689 1.0
2.34564304352 -1.0
2.34566998482 1.0
2.34740710258 -1.0
2.34743094444 1.0
2.3481938839 -1.0
2.35200691223 -1.0
2.35201406479 1.0
2.35910010338 -1.0
2.35912203789 1.0
2.39225506783 -1.0
2.3922829628 1.0
2.39482498169 -1.0
2.39484906197 1.0
2.39574503899 -1.0
2.39584589005 1.0
2.39599204063 -1.0
2.39600896835 1.0
2.40426301956 -1.0
2.41185593605 -1.0
2.41186308861 1.0
2.41550302505 -1.0
2.41551208496 1.0
2.43506789207 -1.0
2.44307303429 -1.0
2.44310498238 1.0
2.4455909729 -1.0
2.44675898552 -1.0
2.44676494598 1.0
2.44772195816 -1.0
2.44776391983 1.0
2.45707201958 -1.0
2.45707988739 1.0
2.46344590187 -1.0
2.49081587791 -1.0
2.49082589149 1.0
2.50333189964 -1.0
2.50344395638 1.0
2.51039195061 -1.0
2.55012392998 1.0
2.56156492233 -1.0
2.56157302856 1.0
2.61766195297 -1.0
2.92633104324 -1.0
2.92635202408 1.0
2.98309898376 -1.0
2.98311591148 1.0
2.99613404274 -1.0
2.99614310265 1.0
3.00261688232 -1.0
3.00262498856 1.0
3.0442109108 -1.0
3.04421806335 1.0
3.09260106087 1.0
3.11218500137 -1.0
3.19898605347 1.0
3.21873998642 -1.0
3.21875500679 1.0
3.2384428978 -1.0
3.32660293579 -1.0
3.32662701607 1.0
3.32936310768 -1.0
3.32937192917 1.0
3.33304595947 -1.0
3.33305501938 1.0
3.34625887871 -1.0
3.34626603127 1.0
3.36612606049 -1.0
3.3661339283 1.0
3.3728530407 -1.0
3.37286090851 1.0
3.37939095497 -1.0
3.37939691544 1.0
3.38565707207 -1.0
3.38566493988 1.0
3.38575792313 1.0
3.44192409515 -1.0
3.44194507599 1.0
3.49765896797 -1.0
3.66520810127 -1.0
3.66857600212 -1.0
3.66860389709 1.0
3.68125391006 -1.0
3.68128299713 1.0
3.68837404251 -1.0
3.72263097763 -1.0
3.72265005112 1.0
3.74263596535 -1.0
3.7427918911 1.0
3.76270008087 -1.0
3.76658701897 -1.0
3.76660990715 1.0
3.78609609604 -1.0
3.82611608505 1.0
5.07680511475 1.0
5.13413000107 -1.0
6.70120692253 -1.0
6.70123100281 1.0
7.07841706276 1.0
7.07869410515 1.0
7.07887411118 1.0
7.09863591194 -1.0
7.09865093231 1.0
7.09865689278 -1.0
7.09865999222 -1.0
7.11829900742 -1.0
8.32131004333 -1.0
8.32133889198 1.0
8.69481992722 -1.0
8.69484591484 1.0
14.4661409855 -1.0
14.466160059 1.0
14.4856929779 -1.0
14.485699892 1.0
