0.0547709465027 -1.0
0.248291969299 1.0
0.267821073532 -1.0
0.347579956055 -1.0
0.34760093689 1.0
0.347877979279 1.0
0.367624998093 -1.0
0.47633600235 -1.0
0.514086008072 1.0
0.618568897247 -1.0
0.618589878082 1.0
0.773853063583 -1.0
0.773871898651 1.0
0.774724006653 1.0
0.794363021851 -1.0
1.11626005173 -1.0
1.12525701523 -1.0
1.12529706955 1.0
1.13508701324 -1.0
1.1351108551 1.0
1.1441719532 1.0
1.1448059082 -1.0
1.16373491287 -1.0
1.16374492645 1.0
1.16472601891 -1.0
1.16474986076 1.0
1.17079401016 -1.0
1.17121887207 -1.0
1.17124295235 1.0
1.17294096947 -1.0
1.18351602554 -1.0
1.18352389336 1.0
1.18378305435 -1.0
1.18380403519 1.0
1.2029800415 -1.0
1.21410393715 -1.0
1.21411204338 1.0
1.22053408623 -1.0
1.22056007385 1.0
1.23365306854 -1.0
1.23375797272 1.0
1.26478695869 -1.0
1.2648100853 1.0
1.26614308357 1.0
1.28579902649 -1.0
1.2858068943 1.0
1.34290385246 -1.0
1.3947019577 1.0
1.41459703445 -1.0
1.41461706161 1.0
1.46455192566 -1.0
1.47553801537 -1.0
1.47557401657 1.0
1.47608089447 -1.0
1.47610092163 1.0
1.48564887047 -1.0
1.4856569767 1.0
1.49514293671 -1.0
1.51166987419 -1.0
1.51167702675 1.0
1.51564788818 1.0
1.51596307755 -1.0
1.52429008484 -1.0
1.52431488037 1.0
1.52882385254 -1.0
1.52884888649 1.0
1.53000402451 -1.0
1.53002595901 1.0
1.5314218998 -1.0
1.53694701195 -1.0
1.53695607185 1.0
1.55650091171 -1.0
1.55650806427 1.0
1.61493301392 -1.0
1.64922189713 -1.0
1.68608498573 1.0
1.70556998253 -1.0
1.74208903313 1.0
1.79161190987 -1.0
1.81744599342 -1.0
1.81748199463 1.0
1.83709096909 -1.0
1.83712601662 1.0
1.83734893799 1.0
1.85688400269 -1.0
1.85689401627 -1.0
1.85689806938 1.0
1.8768248558 -1.0
1.91408491135 1.0
1.93380594254 -1.0
1.93385386467 1.0
1.95339989662 -1.0
1.99009108543 1.0
2.12373399734 -1.0
2.162088871 1.0
2.36527299881 -1.0
2.4020960331 1.0
2.48092103004 -1.0
2.4809858799 1.0
2.5582818985 -1.0
2.55835199356 1.0
2.56477999687 -1.0
2.56481790543 1.0
2.56670689583 -1.0
2.56672596931 1.0
2.56934189796 -1.0
2.56935095787 1.0
2.5695400238 -1.0
2.56962490082 1.0
2.57101106644 -1.0
2.57103085518 1.0
2.57677197456 -1.0
2.57814908028 -1.0
2.57815504074 1.0
2.59782791138 -1.0
2.59783792496 1.0
2.61387991905 -1.0
2.61389994621 1.0
2.61739206314 -1.0
2.61783099174 -1.0
2.61785101891 1.0
2.62213492393 -1.0
2.62215995789 1.0
2.62336802483 -1.0
2.62337708473 1.0
2.62607693672 -1.0
2.63747906685 -1.0
2.63748788834 1.0
2.65674996376 -1.0
2.65678691864 1.0
2.65754294395 -1.0
2.66440486908 -1.0
2.66441202164 1.0
2.66630291939 -1.0
2.66632294655 1.0
2.66641306877 1.0
2.66927194595 -1.0
2.68395090103 -1.0
2.68396687508 1.0
2.72304296494 -1.0
2.72306394577 1.0
2.77909493446 -1.0
3.13275790215 -1.0
3.17010307312 1.0
3.18827605247 -1.0
3.18829607964 1.0
3.18979692459 -1.0
3.18980407715 1.0
3.23719096184 -1.0
3.23721194267 1.0
3.25668907166 -1.0
3.2567050457 1.0
3.30694389343 1.0
3.32645988464 -1.0
3.41680693626 1.0
3.43646192551 -1.0
3.43648386002 1.0
3.45690202713 -1.0
3.5182299614 -1.0
3.51824903488 1.0
3.53061199188 -1.0
3.53062987328 1.0
3.53797292709 -1.0
3.53799200058 1.0
3.53816604614 1.0
3.55787301064 -1.0
3.57118606567 -1.0
3.57124400139 1.0
3.57136893272 1.0
3.58391308784 -1.0
3.58395791054 1.0
3.59079885483 -1.0
3.62704992294 -1.0
3.63009190559 1.0
3.63321304321 -1.0
3.63322401047 1.0
3.64964485168 -1.0
3.64966392517 1.0
3.88415694237 -1.0
3.88418006897 1.0
4.11952590942 -1.0
4.11954808235 1.0
4.13256192207 -1.0
4.1325750351 1.0
4.13932299614 -1.0
4.13932991028 1.0
4.15939998627 -1.0
4.15941596031 1.0
4.17237186432 -1.0
4.17238807678 1.0
4.17899489403 -1.0
4.17910385132 1.0
4.18511795998 -1.0
4.1851580143 1.0
4.19894504547 -1.0
4.19901394844 1.0
5.13726806641 1.0
5.15691184998 -1.0
7.13710904121 1.0
7.13734698296 1.0
7.13752007484 1.0
7.15678596497 -1.0
7.15681290627 1.0
7.15691590309 -1.0
7.15708899498 -1.0
7.1764550209 -1.0
7.36302399635 -1.0
7.36304497719 1.0
8.52450585365 -1.0
8.52452993393 1.0
8.88573789597 -1.0
8.88576197624 1.0
14.6992249489 -1.0
14.6992578506 1.0
14.7514209747 -1.0
14.7514328957 1.0
