0.0162489414215 -1.0
0.0536448955536 1.0
0.0569548606873 -1.0
0.056961774826 1.0
0.10157084465 -1.0
0.115547895432 -1.0
0.115587949753 1.0
0.135168790817 -1.0
0.135235786438 1.0
0.144421815872 1.0
0.185728788376 -1.0
0.185738801956 1.0
0.205459833145 -1.0
0.205667972565 1.0
0.227956771851 -1.0
0.229326963425 -1.0
0.229378938675 1.0
0.249046802521 -1.0
0.267450809479 1.0
0.28729891777 -1.0
0.325618982315 1.0
0.35747385025 -1.0
0.35750579834 1.0
0.555120944977 -1.0
0.59362578392 1.0
0.701406002045 -1.0
0.702204942703 1.0
0.761100769043 -1.0
0.761111974716 1.0
0.780716896057 -1.0
0.849878787994 -1.0
0.889606952667 1.0
1.05302000046 -1.0
1.05849099159 -1.0
1.05852198601 1.0
1.06627678871 -1.0
1.06630277634 1.0
1.07797884941 -1.0
1.07800483704 1.0
1.08097982407 1.0
1.09426879883 -1.0
1.09429097176 1.0
1.09778380394 -1.0
1.10081481934 -1.0
1.10082197189 1.0
1.10513997078 -1.0
1.10515999794 1.0
1.10609698296 -1.0
1.10674977303 -1.0
1.10675597191 1.0
1.12032294273 -1.0
1.12037086487 1.0
1.12047982216 -1.0
1.13350391388 -1.0
1.13350987434 1.0
1.1530559063 -1.0
1.15307998657 1.0
1.15316295624 1.0
1.154296875 -1.0
1.16538381577 -1.0
1.165391922 1.0
1.18511295319 -1.0
1.18513679504 1.0
1.18633389473 1.0
1.20603084564 -1.0
1.20603990555 1.0
1.26502084732 -1.0
1.33200383186 1.0
1.35200881958 -1.0
1.35201692581 1.0
1.37723278999 -1.0
1.38044786453 -1.0
1.38047599792 1.0
1.38135695457 -1.0
1.38136577606 -1.0
1.38138079643 1.0
1.381939888 -1.0
1.39275598526 -1.0
1.3927628994 1.0
1.40009689331 -1.0
1.42639684677 -1.0
1.42640995979 1.0
1.4276099205 -1.0
1.4276278019 1.0
1.42876577377 -1.0
1.42878985405 1.0
1.43564677238 1.0
1.44021391869 -1.0
1.44024085999 1.0
1.44612884521 -1.0
1.44640779495 1.0
1.46620798111 -1.0
1.4662168026 1.0
1.48303198814 -1.0
1.52160382271 1.0
1.5252289772 -1.0
1.54124093056 -1.0
1.57763695717 1.0
1.59739279747 -1.0
1.63364100456 1.0
1.65337991714 -1.0
1.66729593277 -1.0
1.66732192039 1.0
1.68679690361 -1.0
1.68681883812 1.0
1.68984889984 1.0
1.70947980881 -1.0
1.70948886871 1.0
1.74318289757 -1.0
1.78162884712 1.0
1.78730487823 -1.0
1.80118393898 -1.0
1.80121088028 1.0
1.83838486671 -1.0
1.8384168148 1.0
1.92902779579 -1.0
1.96562790871 1.0
2.02249479294 -1.0
2.06162285805 1.0
2.07424378395 -1.0
2.07429289818 1.0
2.0812997818 -1.0
2.08134579659 1.0
2.08378982544 -1.0
2.08381295204 1.0
2.08576893806 -1.0
2.08579182625 1.0
2.08587384224 1.0
2.08688497543 -1.0
2.08690977097 1.0
2.10025882721 -1.0
2.10028290749 1.0
2.10108685493 -1.0
2.13192486763 -1.0
2.13193392754 1.0
2.13210487366 -1.0
2.13212585449 1.0
2.13300991058 -1.0
2.13303184509 1.0
2.13461995125 -1.0
2.13462781906 1.0
2.13596487045 -1.0
2.13597297668 1.0
2.14418983459 -1.0
2.15158891678 -1.0
2.15159797668 1.0
2.16648983955 -1.0
2.16652393341 1.0
2.17111778259 -1.0
2.17934179306 -1.0
2.17934989929 1.0
2.18128991127 -1.0
2.18130993843 1.0
2.18139791489 1.0
2.18337488174 -1.0
2.18338298798 1.0
2.19187092781 -1.0
2.19905400276 -1.0
2.19906187057 1.0
2.23724293709 -1.0
2.23725390434 1.0
2.293145895 -1.0
2.65171980858 -1.0
2.68962883949 1.0
2.72075796127 -1.0
2.7207698822 1.0
2.72092080116 1.0
2.73340797424 -1.0
2.73345589638 1.0
2.74025893211 -1.0
2.74034690857 -1.0
2.77762389183 1.0
2.79737377167 -1.0
2.79738497734 1.0
2.84614777565 1.0
2.90531897545 -1.0
2.95001077652 1.0
2.96954798698 -1.0
2.96956086159 1.0
2.98906779289 -1.0
3.07682394981 -1.0
3.07684183121 1.0
3.08307385445 -1.0
3.08308386803 1.0
3.08724284172 -1.0
3.08724999428 1.0
3.10084891319 -1.0
3.10086297989 1.0
3.10104990005 1.0
3.12067294121 -1.0
3.12068200111 -1.0
3.13327980042 -1.0
3.13330578804 1.0
3.15302991867 -1.0
3.18094992638 -1.0
3.18095779419 1.0
3.2007188797 -1.0
3.23762893677 1.0
3.42828297615 -1.0
3.42830300331 1.0
3.43206977844 -1.0
3.43207979202 1.0
3.44120693207 -1.0
3.44121479988 1.0
3.44781398773 -1.0
3.44782090187 1.0
3.46736979485 -1.0
3.4673769474 1.0
3.47063088417 -1.0
3.47065186501 1.0
3.48713588715 -1.0
3.48714280128 1.0
3.51795077324 -1.0
3.51798081398 1.0
3.53064489365 -1.0
3.53068900108 1.0
3.53751897812 -1.0
3.53754091263 1.0
4.55312800407 1.0
4.55349898338 1.0
4.57306694984 -1.0
4.57307696342 1.0
4.62991786003 -1.0
5.55341291428 1.0
5.55369997025 1.0
5.57321476936 -1.0
5.57322478294 1.0
5.57322978973 -1.0
5.59306383133 -1.0
6.55416798592 1.0
6.57379698753 -1.0
6.95468497276 -1.0
6.95471978188 1.0
7.55463290215 1.0
7.55490493774 1.0
7.57463598251 -1.0
7.574644804 1.0
7.57465100288 -1.0
7.59430885315 -1.0
8.07811284065 -1.0
8.07813692093 1.0
8.43028092384 -1.0
8.430300951 1.0
15.0742688179 -1.0
15.0742878914 1.0
15.1265318394 -1.0
15.1265459061 1.0
