0.0565209388733 -1.0
0.200893878937 -1.0
0.201195001602 1.0
0.260663986206 -1.0
0.466858863831 -1.0
0.506582021713 1.0
0.614671945572 -1.0
0.614691972733 1.0
0.615530014038 1.0
0.635438919067 -1.0
0.965798854828 -1.0
0.981928825378 -1.0
0.981971979141 1.0
1.00146389008 -1.0
1.00353598595 1.0
1.0180478096 -1.0
1.01809382439 1.0
1.01956486702 -1.0
1.01958394051 1.0
1.02315092087 -1.0
1.02315998077 1.0
1.04293990135 -1.0
1.06806778908 -1.0
1.06809902191 1.0
1.06997394562 -1.0
1.07007193565 1.0
1.08152699471 -1.0
1.08155298233 1.0
1.0877058506 -1.0
1.11659193039 -1.0
1.1166009903 1.0
1.11681890488 -1.0
1.11683487892 1.0
1.11691498756 1.0
1.13708496094 -1.0
1.17271280289 -1.0
1.17454600334 1.0
1.21399378777 -1.0
1.21400690079 1.0
1.21423697472 1.0
1.25363397598 1.0
1.27266192436 -1.0
1.27266979218 1.0
1.29216885567 -1.0
1.29917001724 -1.0
1.29933381081 1.0
1.34719800949 -1.0
1.3473649025 1.0
1.39645600319 -1.0
1.43456482887 1.0
1.46472597122 1.0
1.5206990242 -1.0
1.5207118988 1.0
1.55945086479 -1.0
1.57484197617 -1.0
1.57486796379 1.0
1.57508897781 -1.0
1.57510781288 1.0
1.58691382408 -1.0
1.58692097664 1.0
1.59472990036 -1.0
1.59478497505 1.0
1.6236538887 -1.0
1.6236770153 1.0
1.62398695946 -1.0
1.62400484085 1.0
1.62459182739 -1.0
1.62460494041 1.0
1.62592983246 -1.0
1.64328384399 -1.0
1.64329695702 1.0
1.64347600937 1.0
1.67434096336 -1.0
1.67436599731 1.0
1.6767539978 -1.0
1.67676091194 1.0
1.68731594086 -1.0
1.68733882904 1.0
1.69402885437 -1.0
1.73056483269 1.0
1.7503888607 -1.0
1.75041890144 1.0
2.38734483719 -1.0
2.38736581802 1.0
2.40703701973 -1.0
2.40704393387 1.0
2.41157579422 -1.0
2.4115858078 1.0
2.42746090889 -1.0
2.42746686935 1.0
2.44668889046 1.0
2.50599384308 -1.0
2.50601887703 1.0
2.52798891068 -1.0
2.77378487587 -1.0
2.81058287621 1.0
2.84499287605 -1.0
2.84500694275 1.0
2.84513187408 1.0
2.86510896683 -1.0
2.97920298576 -1.0
2.9883878231 -1.0
2.98841381073 1.0
2.99317002296 -1.0
2.9931948185 1.0
3.00794887543 -1.0
3.02341079712 -1.0
3.02341890335 1.0
3.0332159996 -1.0
3.0332429409 1.0
3.03384590149 -1.0
3.04315185547 -1.0
3.04315900803 1.0
3.04576802254 -1.0
3.04578781128 1.0
3.06259179115 -1.0
3.07628679276 -1.0
3.07629489899 1.0
3.08220696449 -1.0
3.08222985268 1.0
3.08231902122 1.0
3.08254790306 -1.0
3.08256697655 1.0
3.08759498596 -1.0
3.09057092667 -1.0
3.09058380127 1.0
3.09655094147 -1.0
3.09658098221 1.0
3.10217094421 -1.0
3.13416194916 -1.0
3.13419294357 1.0
3.14409589767 -1.0
3.14410495758 1.0
3.14515089989 -1.0
3.15452194214 -1.0
3.15452885628 1.0
3.18543696404 -1.0
3.18546581268 1.0
3.18556284904 1.0
3.20514583588 -1.0
3.24259281158 1.0
3.24487495422 -1.0
3.24490189552 1.0
3.26473999023 -1.0
3.72014784813 -1.0
3.72018194199 1.0
3.84268498421 -1.0
3.84270501137 1.0
3.89250397682 -1.0
3.89251685143 1.0
3.91227388382 -1.0
3.91228890419 1.0
3.96057391167 1.0
3.98030495644 -1.0
4.06361699104 1.0
4.08336281776 -1.0
4.08337593079 1.0
4.10299181938 -1.0
4.18081283569 -1.0
4.18082880974 1.0
4.18597388268 -1.0
4.18598484993 1.0
4.19876980782 -1.0
4.19878292084 1.0
4.20044183731 -1.0
4.20044779778 1.0
4.22541880608 -1.0
4.22542691231 1.0
4.23922395706 -1.0
4.23923301697 1.0
4.24517083168 -1.0
4.24517893791 1.0
4.26996994019 -1.0
4.26997900009 1.0
4.28218102455 -1.0
4.28218793869 1.0
4.28951382637 -1.0
4.28952002525 1.0
4.28960680962 1.0
4.35002183914 -1.0
4.48000478745 -1.0
4.48807501793 -1.0
4.48810386658 1.0
4.50044178963 -1.0
4.50046801567 1.0
4.50801801682 -1.0
4.52430391312 -1.0
4.52431297302 1.0
4.54415392876 -1.0
4.54425501823 1.0
4.56382584572 -1.0
4.57050585747 -1.0
4.57493400574 -1.0
4.57495689392 1.0
4.59454488754 -1.0
4.63455986977 1.0
4.82900595665 -1.0
4.82902789116 1.0
5.07273697853 1.0
5.12893795967 -1.0
7.02039480209 -1.0
7.02041482925 1.0
7.0731317997 1.0
7.07336187363 1.0
7.07353401184 1.0
7.0926887989 -1.0
7.09269881248 1.0
7.09287595749 -1.0
7.09305000305 -1.0
7.11260986328 -1.0
8.07381296158 1.0
8.0934278965 -1.0
9.19310998917 -1.0
9.19313597679 1.0
9.4922478199 -1.0
9.49226784706 1.0
15.054569006 -1.0
15.0545949936 1.0
15.0999369621 -1.0
15.0999557972 1.0
