0.0040180683136 -1.0
0.00420999526978 -1.0
0.0042290687561 1.0
0.00521802902222 -1.0
0.00527501106262 -1.0
0.00527811050415 1.0
0.00946497917175 -1.0
0.0460500717163 1.0
0.0477480888367 1.0
0.0510129928589 -1.0
0.0510220527649 1.0
0.0707759857178 -1.0
0.090430021286 -1.0
0.0904810428619 1.0
0.109961986542 -1.0
0.1460750103 1.0
0.165815114975 -1.0
0.16671705246 1.0
0.186371088028 -1.0
0.226068019867 1.0
0.244444131851 1.0
0.245506048203 -1.0
0.282074928284 1.0
0.301773071289 -1.0
0.30179810524 1.0
0.326811075211 -1.0
0.329098939896 -1.0
0.329107046127 1.0
0.329464912415 -1.0
0.329546928406 -1.0
0.329556941986 1.0
0.329736948013 -1.0
0.329755067825 1.0
0.348691940308 -1.0
0.36684012413 -1.0
0.36686706543 -1.0
0.366893053055 1.0
0.367053985596 -1.0
0.386339902878 -1.0
0.386358976364 1.0
0.426827907562 -1.0
0.427644014359 1.0
0.470324993134 -1.0
0.470667123795 1.0
0.513123989105 -1.0
0.527475118637 -1.0
0.527506113052 1.0
0.527563095093 -1.0
0.547044992447 -1.0
0.547056913376 1.0
0.552685022354 1.0
0.595736026764 -1.0
0.595758914948 1.0
0.636745929718 -1.0
0.637413024902 -1.0
0.637429952621 1.0
0.637632131577 -1.0
0.650079011917 -1.0
0.650089025497 1.0
0.657454967499 -1.0
0.694077014923 1.0
1.10100603104 -1.0
1.10103201866 1.0
1.10136413574 1.0
1.15932393074 -1.0
3.22552895546 -1.0
3.2620549202 1.0
3.35470199585 -1.0
3.35471701622 1.0
3.39463400841 -1.0
3.39464211464 1.0
3.49729609489 -1.0
3.4973089695 1.0
3.53752303123 -1.0
3.53753113747 1.0
3.53836107254 1.0
3.55790090561 -1.0
4.08663702011 -1.0
4.12608408928 1.0
4.14552807808 -1.0
4.14554309845 1.0
4.17145609856 -1.0
4.17146897316 1.0
4.17147707939 -1.0
4.17148113251 1.0
4.17168092728 -1.0
4.17168593407 1.0
4.17287111282 1.0
4.19112992287 -1.0
4.19238090515 -1.0
4.19238901138 1.0
4.2002620697 -1.0
4.20026993752 -1.0
4.20028805733 1.0
4.20312905312 -1.0
4.20316004753 -1.0
4.20319509506 1.0
4.20324492455 -1.0
4.21191811562 -1.0
4.21192598343 1.0
4.2228500843 -1.0
4.22288799286 -1.0
4.22289299965 1.0
4.23135900497 -1.0
4.24626398087 -1.0
4.2462720871 1.0
4.24630093575 -1.0
4.24640703201 -1.0
4.2464120388 1.0
4.26564598083 -1.0
4.28198099136 -1.0
4.2819890976 1.0
4.28211712837 -1.0
4.28213000298 -1.0
4.28213691711 1.0
4.28224205971 1.0
4.28581094742 -1.0
4.28583502769 1.0
4.28609800339 -1.0
4.30137395859 -1.0
4.30138206482 1.0
4.32578992844 -1.0
4.32579898834 1.0
4.38312101364 -1.0
4.47280812263 -1.0
4.51007199287 1.0
4.512622118 -1.0
4.5126619339 1.0
4.51354312897 -1.0
4.51356697083 1.0
4.52954411507 -1.0
4.52957606316 1.0
4.55048799515 -1.0
4.55051708221 1.0
4.55316495895 -1.0
4.55318593979 1.0
4.55389213562 -1.0
4.5700750351 -1.0
4.57008504868 1.0
4.59099507332 -1.0
4.59103393555 1.0
4.59240102768 -1.0
4.59240913391 1.0
4.60415005684 -1.0
4.60424399376 1.0
4.61061310768 -1.0
4.62376594543 -1.0
4.63187003136 -1.0
4.63189506531 1.0
4.65131998062 -1.0
4.69007611275 1.0
4.7186729908 -1.0
4.71870708466 1.0
5.12665700912 -1.0
5.12668013573 1.0
5.17523503304 -1.0
5.17525100708 1.0
5.21712803841 -1.0
5.21714496613 1.0
5.25720310211 -1.0
5.25722503662 1.0
5.25750398636 1.0
5.31522703171 -1.0
5.31524896622 1.0
5.33506512642 -1.0
5.61960792542 1.0
5.61989402771 1.0
5.63914608955 -1.0
5.63916802406 1.0
5.63941311836 -1.0
5.65860891342 -1.0
5.77276706696 -1.0
5.8100810051 1.0
5.9819009304 -1.0
5.98192310333 1.0
6.60010194778 -1.0
6.6001200676 1.0
6.6400270462 -1.0
6.64005112648 1.0
6.66023612022 -1.0
6.66025090218 1.0
8.47137308121 -1.0
8.47139191628 1.0
8.5115981102 -1.0
8.51162195206 1.0
8.53142595291 -1.0
8.53143596649 1.0
8.55098390579 -1.0
8.55099701881 1.0
8.55100393295 -1.0
8.55101704597 1.0
8.55116200447 1.0
8.57088303566 -1.0
10.0751080513 -1.0
10.0766830444 -1.0
10.0767080784 1.0
10.096282959 -1.0
10.1161091328 -1.0
10.1161439419 1.0
10.135584116 -1.0
10.1740820408 1.0
10.2998120785 -1.0
10.2998359203 1.0
10.3033339977 -1.0
10.303342104 1.0
10.3066210747 -1.0
10.3066270351 1.0
10.3084969521 -1.0
10.3085069656 1.0
10.3193891048 -1.0
10.3193979263 1.0
10.3195171356 1.0
10.3390951157 -1.0
10.3403041363 -1.0
10.3403139114 -1.0
10.3403301239 1.0
10.3598439693 -1.0
10.3980851173 1.0
10.4038541317 -1.0
10.403865099 1.0
10.4176740646 -1.0
10.4176819324 1.0
10.6204040051 1.0
10.6797070503 -1.0
10.6797280312 1.0
10.6991949081 -1.0
12.6214580536 1.0
12.6410489082 -1.0
13.1896519661 -1.0
13.1896739006 1.0
13.2299180031 -1.0
13.2299320698 1.0
13.2494471073 -1.0
13.2494549751 1.0
13.2696709633 -1.0
13.2696800232 1.0
13.426502943 -1.0
13.4265201092 1.0
13.4270970821 -1.0
13.42710495 1.0
13.4442460537 -1.0
13.4442539215 1.0
13.4443469048 -1.0
13.4443500042 1.0
13.4444279671 1.0
13.4460251331 -1.0
13.4639420509 -1.0
13.4665400982 -1.0
13.466561079 1.0
13.4669001102 -1.0
13.48605299 -1.0
13.4860630035 1.0
13.4922270775 1.0
13.5478229523 -1.0
13.7422289848 1.0
13.7617480755 -1.0
14.6828989983 -1.0
14.6831860542 1.0
14.7028820515 -1.0
14.9198219776 -1.0
14.9580769539 1.0
15.3987491131 -1.0
15.3987729549 1.0
15.9248940945 -1.0
15.9249110222 1.0
15.9760739803 -1.0
15.9760890007 1.0
16.3701360226 -1.0
16.370153904 1.0
16.5901091099 -1.0
16.5901250839 1.0
16.6299009323 -1.0
16.6299190521 1.0
16.649559021 -1.0
16.6495680809 1.0
17.1984400749 -1.0
17.1984570026 1.0
17.2382779121 -1.0
17.2382910252 1.0
17.420582056 -1.0
17.42060709 1.0
17.4207940102 1.0
17.4401860237 -1.0
17.4701800346 1.0
17.4896709919 -1.0
17.5783350468 1.0
17.5977590084 -1.0
17.5977730751 1.0
17.6173760891 -1.0
18.2672290802 -1.0
18.3060679436 1.0
18.4920051098 -1.0
18.4920260906 1.0
19.3778429031 -1.0
19.3778610229 1.0
19.4181609154 -1.0
19.4181730747 1.0
19.4578359127 -1.0
19.4578430653 1.0
19.5645830631 -1.0
19.5645959377 1.0
19.6041810513 -1.0
19.6041910648 1.0
19.6436181068 -1.0
19.6436290741 1.0
19.9098961353 -1.0
19.9099280834 1.0
19.9498910904 -1.0
19.9499149323 1.0
19.9693789482 -1.0
19.9693920612 1.0
21.0207769871 -1.0
21.0207960606 1.0
21.0603461266 -1.0
21.0603680611 1.0
21.1000421047 -1.0
21.1000599861 1.0
21.2005720139 -1.0
21.2005910873 1.0
21.2403049469 -1.0
21.2403240204 1.0
21.996505022 -1.0
21.9965250492 1.0
22.0367500782 -1.0
22.036771059 1.0
22.0566589832 -1.0
22.0566720963 1.0
23.219162941 -1.0
23.2191820145 1.0
23.2591190338 -1.0
23.2591440678 1.0
23.2982959747 -1.0
23.2983081341 1.0
24.5923070908 -1.0
24.5923280716 1.0
25.1283750534 -1.0
25.1283950806 1.0
25.174847126 -1.0
25.1748709679 1.0
25.1943199635 -1.0
25.1943390369 1.0
25.3246440887 -1.0
25.3246769905 1.0
