0.0174729824066 -1.0
0.106407880783 1.0
0.125971078873 -1.0
0.182188987732 -1.0
0.182504892349 1.0
0.202011108398 -1.0
0.206713914871 -1.0
0.206893920898 1.0
0.220956087112 -1.0
0.220983028412 1.0
0.226613044739 -1.0
0.226620912552 1.0
0.246609926224 -1.0
0.246620893478 1.0
0.266572952271 -1.0
0.266583919525 1.0
0.286288022995 -1.0
0.289297103882 1.0
0.32651591301 -1.0
0.328629016876 -1.0
0.328649997711 1.0
0.331623077393 -1.0
0.348280906677 -1.0
0.348295927048 1.0
0.368434906006 -1.0
0.40780711174 1.0
0.516772031784 -1.0
0.516798973083 1.0
0.663389921188 -1.0
0.663408041 1.0
0.664202928543 1.0
0.720231056213 -1.0
1.03465604782 -1.0
1.05316591263 -1.0
1.05321192741 1.0
1.06575298309 -1.0
1.06578707695 1.0
1.0728199482 -1.0
1.07291507721 1.0
1.09263396263 -1.0
1.09264302254 1.0
1.09626197815 -1.0
1.09628295898 1.0
1.09677004814 -1.0
1.09679198265 1.0
1.09786105156 -1.0
1.11069488525 -1.0
1.11070203781 1.0
1.1123290062 -1.0
1.11233592033 1.0
1.13716697693 -1.0
1.13719701767 1.0
1.1372730732 1.0
1.14653301239 -1.0
1.14655709267 1.0
1.14662194252 -1.0
1.14977097511 -1.0
1.14979410172 1.0
1.15669798851 -1.0
1.15718388557 1.0
1.17673993111 -1.0
1.17674803734 1.0
1.23625898361 -1.0
1.31315493584 -1.0
1.31343698502 1.0
1.33293604851 -1.0
1.33294391632 1.0
1.35262393951 -1.0
1.40760707855 1.0
1.40801811218 -1.0
1.42737197876 -1.0
1.42738103867 1.0
1.44741106033 -1.0
1.49495100975 -1.0
1.53181910515 1.0
1.5855140686 -1.0
1.62379908562 1.0
1.63721108437 -1.0
1.63724803925 1.0
1.64345788956 -1.0
1.64351201057 1.0
1.64675092697 -1.0
1.64678502083 1.0
1.65008807182 -1.0
1.65010905266 1.0
1.66342496872 -1.0
1.66346502304 1.0
1.67684698105 -1.0
1.67686700821 1.0
1.68228888512 -1.0
1.68301892281 -1.0
1.68302607536 1.0
1.68309402466 1.0
1.68890094757 -1.0
1.68892502785 1.0
1.70156908035 -1.0
1.70161008835 1.0
1.70245599747 -1.0
1.70260596275 -1.0
1.73243308067 -1.0
1.73244905472 1.0
1.75207304955 -1.0
1.79179811478 1.0
1.8082048893 -1.0
1.81148791313 -1.0
1.81151103973 1.0
1.83137798309 -1.0
1.83147406578 1.0
1.87520694733 -1.0
1.87523388863 1.0
1.88821291924 -1.0
1.8882420063 1.0
1.89498710632 -1.0
1.89502191544 1.0
1.91193795204 1.0
1.96837306023 -1.0
1.96838188171 1.0
1.9880490303 -1.0
2.12039494514 -1.0
2.15982294083 1.0
2.19219994545 -1.0
2.19223594666 1.0
2.38333201408 -1.0
2.38338899612 1.0
2.38928699493 -1.0
2.38931393623 1.0
2.39132595062 -1.0
2.39134502411 1.0
2.39252495766 -1.0
2.39253211021 1.0
2.3927090168 -1.0
2.39906787872 -1.0
2.39907598495 1.0
2.40296411514 -1.0
2.40299701691 1.0
2.40306806564 1.0
2.42268800735 -1.0
2.42269492149 -1.0
2.44829201698 -1.0
2.44831609726 1.0
2.45070004463 -1.0
2.45072388649 1.0
2.45085597038 1.0
2.45658397675 -1.0
2.45660591125 1.0
2.45860600471 -1.0
2.4586288929 1.0
2.46787905693 -1.0
2.47348403931 -1.0
2.47349190712 1.0
2.49297308922 -1.0
2.49810504913 -1.0
2.49811196327 1.0
2.49973011017 -1.0
2.49974799156 1.0
2.50086092949 -1.0
2.50086808205 1.0
2.51075100899 -1.0
2.51086091995 1.0
2.51785302162 -1.0
2.55579996109 1.0
2.56847000122 -1.0
2.56847691536 1.0
2.62481689453 -1.0
3.01434707642 -1.0
3.01437902451 1.0
3.09106707573 -1.0
3.09108090401 1.0
3.14423394203 -1.0
3.14424395561 1.0
3.16399097443 -1.0
3.16399788857 1.0
3.21044707298 1.0
3.23003602028 -1.0
3.31429100037 1.0
3.33388805389 -1.0
3.33391189575 1.0
3.35367703438 -1.0
3.78218388557 -1.0
3.78221392632 1.0
3.79009890556 -1.0
3.79010891914 1.0
3.79471993446 -1.0
3.79472708702 1.0
3.80172896385 -1.0
3.80173587799 1.0
3.80183696747 1.0
3.82148599625 -1.0
3.83785009384 -1.0
3.83916687965 -1.0
3.83919095993 1.0
3.83936309814 -1.0
3.83936905861 1.0
3.85156106949 -1.0
3.85167002678 1.0
3.85897397995 -1.0
3.88749408722 -1.0
3.88754105568 1.0
3.90017700195 -1.0
3.90021204948 1.0
3.90713810921 -1.0
3.9382379055 -1.0
3.93825101852 1.0
3.94971299171 -1.0
3.94975709915 1.0
3.9498860836 1.0
3.95786094666 -1.0
3.9957909584 1.0
4.00866103172 -1.0
4.5667989254 1.0
4.56707811356 1.0
4.58633899689 -1.0
4.58635687828 1.0
4.58668994904 -1.0
4.60578107834 -1.0
5.5671620369 1.0
5.58671998978 -1.0
5.58673906326 1.0
5.60631895065 -1.0
5.61826705933 -1.0
5.61827993393 1.0
6.56774306297 1.0
6.62465405464 -1.0
6.73840403557 -1.0
6.73843002319 1.0
7.56817293167 1.0
7.56841993332 1.0
7.587651968 -1.0
7.58766293526 1.0
7.58800601959 -1.0
7.60750293732 -1.0
8.42351698875 -1.0
8.42354106903 1.0
8.88984298706 -1.0
8.88986611366 1.0
14.7810649872 -1.0
14.7810928822 1.0
14.8009560108 -1.0
14.8009650707 1.0
