0.0101790428162 -1.0
0.0101890563965 1.0
0.0124170780182 -1.0
0.0236530303955 -1.0
0.0236749649048 1.0
0.0432920455933 -1.0
0.0437319278717 1.0
0.10223698616 -1.0
0.145180940628 -1.0
0.145451068878 1.0
0.202380895615 -1.0
0.202389955521 -1.0
0.240706920624 1.0
0.332257032394 -1.0
0.368730068207 1.0
0.478815078735 -1.0
0.479682922363 1.0
0.538327932358 -1.0
0.755655050278 -1.0
0.790190935135 -1.0
0.790214061737 1.0
0.790441989899 -1.0
0.79182100296 1.0
0.800666093826 -1.0
0.800698041916 1.0
0.807307004929 -1.0
0.80853509903 -1.0
0.808557033539 1.0
0.810226917267 -1.0
0.810235023499 1.0
0.811563968658 -1.0
0.81157207489 1.0
0.817180871964 -1.0
0.817200899124 1.0
0.821449995041 -1.0
0.827342987061 -1.0
0.827363014221 1.0
0.829133987427 -1.0
0.829480886459 -1.0
0.829487085342 1.0
0.82972407341 -1.0
0.839189052582 -1.0
0.839195966721 1.0
0.855005979538 -1.0
0.858888864517 -1.0
0.858897924423 1.0
0.864130020142 -1.0
0.87841296196 -1.0
0.878419876099 1.0
0.878604888916 1.0
0.934267997742 -1.0
0.934277057648 1.0
0.990276098251 -1.0
1.01219391823 -1.0
1.02380990982 -1.0
1.02385091782 1.0
1.02413201332 -1.0
1.02903389931 -1.0
1.02904295921 1.0
1.02921891212 -1.0
1.03145599365 -1.0
1.03146290779 1.0
1.04184603691 -1.0
1.04186797142 1.0
1.04297709465 1.0
1.04331207275 -1.0
1.05425691605 -1.0
1.05428290367 1.0
1.06646108627 -1.0
1.06646990776 1.0
1.07372403145 -1.0
1.0842320919 -1.0
1.08423900604 1.0
1.09809708595 -1.0
1.09818601608 1.0
1.1036939621 -1.0
1.10973000526 -1.0
1.10975503922 1.0
1.12924695015 -1.0
1.12945508957 1.0
1.15975594521 -1.0
1.1597700119 1.0
1.17952394485 -1.0
1.21672105789 1.0
1.23619794846 -1.0
1.25656294823 -1.0
1.25658988953 1.0
1.26668000221 -1.0
1.27642297745 -1.0
1.27642989159 1.0
1.29286193848 1.0
1.29645299911 -1.0
1.33272504807 1.0
1.35037708282 -1.0
1.35038995743 1.0
1.35246109962 -1.0
1.38872504234 1.0
1.40636706352 -1.0
1.40827703476 -1.0
1.44472193718 1.0
1.46429491043 -1.0
1.5007250309 1.0
1.52043104172 -1.0
1.55672597885 1.0
1.5763220787 -1.0
1.5803539753 -1.0
1.58038306236 1.0
1.58598899841 -1.0
1.58622407913 -1.0
1.58625507355 1.0
1.58632206917 1.0
1.59024190903 -1.0
1.59415507317 -1.0
1.59417700768 1.0
1.599848032 -1.0
1.60066795349 -1.0
1.60067391396 1.0
1.60472106934 -1.0
1.60575890541 -1.0
1.60577607155 1.0
1.6113550663 -1.0
1.61145401001 1.0
1.6202070713 -1.0
1.62767601013 -1.0
1.62768292427 1.0
1.63487291336 -1.0
1.6354830265 -1.0
1.63550496101 1.0
1.63608694077 -1.0
1.63611102104 1.0
1.64240098 -1.0
1.64736509323 -1.0
1.64737200737 1.0
1.65231204033 -1.0
1.65234088898 1.0
1.65359687805 -1.0
1.65894508362 -1.0
1.65895390511 1.0
1.65912008286 -1.0
1.65958595276 -1.0
1.6595928669 1.0
1.66355800629 -1.0
1.6635799408 1.0
1.66366195679 1.0
1.66704201698 -1.0
1.67806386948 -1.0
1.67807102203 1.0
1.68708300591 -1.0
1.68711304665 1.0
1.69760799408 -1.0
1.7224509716 1.0
1.77840900421 -1.0
2.07224392891 -1.0
2.10873198509 1.0
2.1120800972 -1.0
2.11209392548 1.0
2.11222505569 1.0
2.11286997795 -1.0
2.12197208405 -1.0
2.12200093269 1.0
2.12836194038 -1.0
2.13164496422 -1.0
2.1647040844 1.0
2.17734193802 1.0
2.19704699516 -1.0
2.284044981 1.0
2.30365800858 -1.0
2.30367708206 1.0
2.32320690155 -1.0
2.43711400032 -1.0
2.43714499474 1.0
2.44723701477 -1.0
2.44724702835 1.0
2.4564909935 -1.0
2.45649909973 1.0
2.45686197281 -1.0
2.45686793327 1.0
2.45687294006 -1.0
2.45687603951 1.0
2.45696592331 1.0
2.46702599525 -1.0
2.47676086426 -1.0
2.47676801682 1.0
2.47677493095 -1.0
2.50435805321 -1.0
2.5152759552 -1.0
2.51528191566 1.0
2.53481006622 -1.0
2.56452393532 -1.0
2.56453204155 1.0
2.56574296951 -1.0
2.56576704979 1.0
2.57396697998 -1.0
2.57410502434 -1.0
2.57411003113 1.0
2.57462191582 -1.0
2.58400607109 -1.0
2.58401203156 1.0
2.59731507301 -1.0
2.60390591621 -1.0
2.60391187668 1.0
2.60612297058 -1.0
2.62344408035 -1.0
2.62345099449 1.0
5.09091687202 1.0
5.14664006233 -1.0
6.58291292191 -1.0
6.6207408905 1.0
7.09218907356 1.0
7.09242486954 1.0
7.09261202812 1.0
7.11178994179 -1.0
7.11179900169 1.0
7.11229205132 -1.0
7.11229801178 -1.0
7.13154292107 -1.0
7.44064092636 -1.0
7.44067597389 1.0
7.55063700676 -1.0
7.55065894127 1.0
14.6049859524 -1.0
14.6050109863 1.0
14.653110981 -1.0
14.6531291008 1.0
