0.0543079376221 -1.0
0.127245903015 -1.0
0.127544879913 1.0
0.147614955902 -1.0
0.381419897079 -1.0
0.418184995651 1.0
0.468977928162 -1.0
0.468991994858 1.0
0.469811916351 1.0
0.489394903183 -1.0
0.89449095726 -1.0
0.924962043762 -1.0
0.925016880035 1.0
0.932224035263 -1.0
0.932249069214 1.0
0.934130907059 -1.0
0.93556189537 1.0
0.944343090057 -1.0
0.944365024567 1.0
0.944712877274 -1.0
0.955473899841 -1.0
0.955482006073 1.0
0.966253042221 -1.0
0.966276884079 1.0
0.968451976776 -1.0
0.975389957428 -1.0
0.975396871567 1.0
0.978345870972 -1.0
0.993997097015 -1.0
0.994004964828 1.0
0.995109081268 -1.0
0.995573997498 -1.0
0.995593070984 1.0
1.00413608551 -1.0
1.00414299965 1.0
1.00422787666 1.0
1.0138669014 -1.0
1.01517987251 -1.0
1.01518702507 1.0
1.02701187134 -1.0
1.02703404427 1.0
1.03487491608 -1.0
1.03505396843 1.0
1.09438490868 -1.0
1.09439587593 1.0
1.15045595169 -1.0
1.18568992615 1.0
1.19946098328 -1.0
1.19962000847 1.0
1.20592308044 -1.0
1.20594406128 1.0
1.22618889809 -1.0
1.26031398773 -1.0
1.2604830265 1.0
1.30887293816 -1.0
1.30889892578 1.0
1.3311650753 -1.0
1.33604288101 -1.0
1.33606600761 1.0
1.33901786804 -1.0
1.33904099464 1.0
1.34925889969 -1.0
1.34928202629 1.0
1.35178589821 -1.0
1.35179305077 1.0
1.35570192337 -1.0
1.35683107376 -1.0
1.35684204102 1.0
1.3586769104 -1.0
1.35868287086 -1.0
1.35869503021 1.0
1.35877799988 1.0
1.36122393608 -1.0
1.36953902245 -1.0
1.36954689026 1.0
1.37659907341 -1.0
1.3891749382 -1.0
1.38919210434 1.0
1.39867401123 -1.0
1.40923309326 -1.0
1.40924596786 1.0
1.42928600311 -1.0
1.46617794037 1.0
1.48580598831 -1.0
1.52218794823 1.0
1.5418920517 -1.0
1.57818102837 1.0
1.59773492813 -1.0
1.5978140831 1.0
1.61729192734 -1.0
1.65417504311 1.0
1.67473387718 -1.0
1.71418094635 1.0
1.73073387146 -1.0
1.7338309288 -1.0
1.73385691643 1.0
1.74102592468 -1.0
1.75384402275 -1.0
1.7538690567 1.0
1.75394487381 1.0
1.81050300598 -1.0
1.81051492691 1.0
1.83017206192 -1.0
2.00696992874 -1.0
2.04619407654 1.0
2.04813194275 -1.0
2.04814291 1.0
2.06588506699 -1.0
2.06589388847 1.0
2.09578609467 -1.0
2.09579992294 1.0
2.09673500061 -1.0
2.09674501419 1.0
2.10082292557 -1.0
2.10084199905 1.0
2.10689902306 -1.0
2.10690689087 1.0
2.10835194588 -1.0
2.10835790634 1.0
2.11141896248 -1.0
2.11142706871 1.0
2.11420106888 -1.0
2.11420893669 1.0
2.1154050827 -1.0
2.11541295052 1.0
2.1163790226 -1.0
2.11638498306 1.0
2.11793088913 -1.0
2.11794900894 1.0
2.12054300308 -1.0
2.12054800987 1.0
2.12676596642 -1.0
2.12677192688 1.0
2.12685990334 1.0
2.13370990753 -1.0
2.13411593437 -1.0
2.13413310051 1.0
2.13592600822 -1.0
2.1372590065 -1.0
2.13726592064 1.0
2.14664697647 -1.0
2.14863109589 -1.0
2.14903688431 -1.0
2.14904308319 1.0
2.15151500702 -1.0
2.15685296059 -1.0
2.15685987473 1.0
2.15732908249 -1.0
2.15735197067 1.0
2.15835905075 -1.0
2.15837287903 1.0
2.16785001755 -1.0
2.16785693169 1.0
2.16794705391 1.0
2.17023706436 -1.0
2.1764690876 -1.0
2.17647600174 1.0
2.22669100761 -1.0
2.22670197487 1.0
2.28271698952 -1.0
2.60591506958 -1.0
2.64217996597 1.0
2.65322494507 -1.0
2.65323591232 1.0
2.66173696518 -1.0
2.66174387932 1.0
2.71046805382 -1.0
2.7104818821 1.0
2.73007798195 -1.0
2.73008608818 1.0
2.73264408112 -1.0
2.73266601562 1.0
2.74957895279 -1.0
2.74958610535 1.0
2.77443599701 -1.0
2.77444291115 1.0
2.82078289986 1.0
2.84039306641 -1.0
2.92454504967 1.0
2.94425201416 -1.0
2.94426298141 1.0
2.96373701096 -1.0
3.00292491913 -1.0
3.01609587669 -1.0
3.01613998413 1.0
3.02381896973 -1.0
3.02384090424 1.0
3.03450894356 -1.0
3.03451704979 1.0
3.03568696976 -1.0
3.07418394089 1.0
3.08469891548 -1.0
3.08471393585 1.0
3.0938680172 -1.0
3.09391903877 1.0
3.09469389915 -1.0
3.11349010468 -1.0
3.11351704597 1.0
3.11358809471 1.0
3.17079997063 -1.0
3.23067688942 -1.0
3.24315595627 -1.0
3.2431769371 1.0
3.25416302681 -1.0
3.25417709351 1.0
3.2548289299 -1.0
3.26290202141 -1.0
3.26291394234 1.0
3.26362609863 -1.0
3.27373099327 -1.0
3.27373695374 1.0
3.2738199234 1.0
3.28280305862 -1.0
3.30094504356 -1.0
3.30096793175 1.0
3.32059597969 -1.0
3.35815787315 1.0
6.33273601532 1.0
6.3911819458 -1.0
6.3911960125 1.0
6.41086196899 -1.0
6.46185302734 -1.0
6.46186089516 1.0
7.33290195465 1.0
7.33314609528 1.0
7.35253405571 -1.0
7.35254406929 1.0
7.35263395309 -1.0
7.37212491035 -1.0
8.0034968853 -1.0
8.00353193283 1.0
8.24300408363 -1.0
8.24302506447 1.0
14.5306808949 -1.0
14.5307018757 1.0
