0.0158779621124 -1.0
0.0158910751343 1.0
0.0249910354614 -1.0
0.0250151157379 1.0
0.0267281532288 -1.0
0.0355219841003 -1.0
0.0355291366577 1.0
0.0359330177307 1.0
0.0920841693878 -1.0
0.212507009506 -1.0
0.212794065475 1.0
0.265208959579 -1.0
0.302621126175 1.0
0.58176612854 -1.0
0.581796169281 1.0
0.60143995285 -1.0
0.601449966431 1.0
0.601537942886 1.0
0.660082101822 -1.0
0.660098075867 1.0
0.680005073547 -1.0
1.12259411812 -1.0
1.15669608116 -1.0
1.15672802925 1.0
1.15752506256 1.0
1.16503095627 -1.0
1.16505503654 1.0
1.16524600983 -1.0
1.1717300415 -1.0
1.17173814774 1.0
1.17480301857 -1.0
1.17681312561 -1.0
1.17684006691 1.0
1.17711615562 -1.0
1.17712306976 1.0
1.18776011467 -1.0
1.18778705597 1.0
1.18916511536 -1.0
1.18918704987 1.0
1.19160795212 -1.0
1.19163298607 1.0
1.19633793831 -1.0
1.19806408882 -1.0
1.19808006287 1.0
1.21769809723 -1.0
1.2178580761 1.0
1.27627015114 -1.0
1.27628016472 1.0
1.29588294029 -1.0
1.38028407097 -1.0
1.3953461647 -1.0
1.39538598061 1.0
1.4020049572 -1.0
1.40206003189 1.0
1.40501093864 -1.0
1.40501904488 1.0
1.40512394905 -1.0
1.40890812874 1.0
1.41495108604 -1.0
1.41617798805 -1.0
1.41619801521 1.0
1.42128109932 -1.0
1.42675709724 -1.0
1.42677903175 1.0
1.42894101143 -1.0
1.42896199226 1.0
1.436191082 -1.0
1.45416212082 -1.0
1.45418405533 1.0
1.46825408936 1.0
1.47365498543 -1.0
1.48413014412 -1.0
1.48417305946 1.0
1.48540115356 -1.0
1.48554706573 1.0
1.49551200867 -1.0
1.49552202225 1.0
1.50371313095 -1.0
1.51519203186 -1.0
1.5426299572 1.0
1.56224799156 -1.0
1.56228208542 1.0
1.58932805061 -1.0
1.61460804939 -1.0
1.61465001106 1.0
1.63450598717 -1.0
1.63453102112 1.0
1.63471913338 1.0
1.65399193764 -1.0
1.69065713882 1.0
1.69244599342 -1.0
1.69246697426 1.0
1.73293805122 -1.0
1.77066612244 1.0
1.79034113884 -1.0
1.82664513588 1.0
1.84626102448 -1.0
1.88265109062 1.0
1.902312994 -1.0
1.93867015839 1.0
1.95838403702 -1.0
1.99464201927 1.0
2.00923109055 -1.0
2.00925898552 1.0
2.00943899155 -1.0
2.01446294785 -1.0
2.01447701454 1.0
2.01587295532 -1.0
2.01589202881 1.0
2.017111063 -1.0
2.0171289444 1.0
2.01950597763 -1.0
2.01951313019 1.0
2.02042913437 -1.0
2.02365612984 -1.0
2.0236620903 1.0
2.02950406075 -1.0
2.02967309952 1.0
2.03301405907 -1.0
2.03365802765 -1.0
2.03367614746 1.0
2.03403711319 -1.0
2.03529500961 -1.0
2.0353000164 1.0
2.03556799889 -1.0
2.0358440876 -1.0
2.03584814072 1.0
2.03704714775 -1.0
2.03706812859 1.0
2.0394051075 -1.0
2.03941011429 1.0
2.04960203171 -1.0
2.04969215393 1.0
2.05183410645 -1.0
2.05185604095 1.0
2.05208110809 -1.0
2.05208802223 1.0
2.0527369976 -1.0
2.05333805084 -1.0
2.05334401131 1.0
2.05483794212 -1.0
2.05951094627 -1.0
2.05952000618 1.0
2.07911396027 -1.0
2.07912302017 1.0
2.09893298149 -1.0
2.13865303993 1.0
2.15988397598 -1.0
2.18412399292 1.0
2.24436616898 -1.0
2.44037103653 -1.0
2.47866511345 1.0
2.48733901978 -1.0
2.48736906052 1.0
2.49829506874 -1.0
2.49830293655 1.0
2.51778912544 -1.0
2.51779699326 1.0
2.53295111656 -1.0
2.53295898438 1.0
2.53739094734 -1.0
2.5373980999 1.0
2.55713295937 -1.0
2.55714011192 1.0
2.60403394699 1.0
2.62355113029 -1.0
2.70929503441 1.0
2.72878694534 -1.0
2.72880411148 1.0
2.74848508835 -1.0
2.8050160408 -1.0
2.80503106117 1.0
2.82463908195 -1.0
2.82464814186 1.0
2.83138012886 -1.0
2.83139109612 1.0
2.84415006638 -1.0
2.84415912628 1.0
2.84956598282 -1.0
2.84958004951 1.0
2.86364006996 -1.0
2.8636469841 1.0
2.86376214027 1.0
2.86945104599 -1.0
2.86947417259 1.0
2.88344812393 -1.0
2.88345599174 -1.0
2.88805103302 -1.0
2.88805913925 1.0
2.89022803307 -1.0
2.90758013725 -1.0
2.90759396553 1.0
3.02573204041 -1.0
3.06265997887 1.0
3.06444096565 -1.0
3.06445002556 1.0
3.0646879673 -1.0
3.06469416618 1.0
3.07561612129 -1.0
3.07562303543 1.0
3.08242416382 -1.0
3.08243107796 1.0
3.09425210953 -1.0
3.09425997734 1.0
3.10195708275 -1.0
3.10197997093 1.0
3.10205101967 1.0
3.12156105042 -1.0
3.12469005585 -1.0
3.12471199036 1.0
3.14419198036 -1.0
3.1826300621 1.0
6.89900898933 -1.0
6.89903306961 1.0
7.14366316795 1.0
7.14393806458 1.0
7.1441590786 1.0
7.16358995438 -1.0
7.16359901428 1.0
7.18317604065 -1.0
7.85615301132 -1.0
7.8561770916 1.0
8.03415608406 -1.0
8.03417801857 1.0
14.5785269737 -1.0
14.5785601139 1.0
14.5980839729 -1.0
14.5981049538 1.0
