0.033539056778 -1.0
0.0335500240326 1.0
0.0929770469666 -1.0
0.35987496376 -1.0
0.36056303978 1.0
0.380101919174 -1.0
0.637959957123 1.0
0.657528877258 -1.0
0.658222913742 -1.0
0.658764839172 1.0
0.68922495842 -1.0
0.689311027527 1.0
0.745172977448 -1.0
0.81977391243 -1.0
0.820196866989 1.0
0.840325832367 -1.0
1.13999700546 -1.0
1.17846488953 1.0
1.1986489296 -1.0
1.19866204262 1.0
1.19903302193 1.0
1.21865487099 -1.0
1.21866488457 1.0
1.23839688301 -1.0
1.53204298019 -1.0
1.53233289719 1.0
1.55187606812 -1.0
1.63872694969 1.0
1.65841698647 -1.0
1.65861797333 -1.0
1.65899205208 1.0
1.6903090477 -1.0
1.69069886208 1.0
1.71038985252 -1.0
1.75046300888 1.0
1.77013206482 -1.0
1.77015805244 1.0
1.92061185837 -1.0
1.92062902451 1.0
2.02808690071 -1.0
2.02810287476 1.0
2.02891397476 1.0
2.08509397507 -1.0
2.48489904404 -1.0
2.50575494766 -1.0
2.5057990551 1.0
2.52569794655 -1.0
2.52670788765 1.0
2.54631686211 -1.0
2.54632687569 1.0
2.5660469532 -1.0
2.59538602829 -1.0
2.59659695625 -1.0
2.59661984444 1.0
2.60150289536 -1.0
2.60150885582 1.0
2.60297894478 -1.0
2.60913801193 -1.0
2.60914492607 1.0
2.60933089256 -1.0
2.61185383797 -1.0
2.61186099052 1.0
2.61630892754 -1.0
2.61633205414 1.0
2.7016890049 -1.0
2.70282292366 -1.0
2.70284891129 1.0
2.70902299881 -1.0
2.70904684067 1.0
2.70937085152 -1.0
2.70937800407 1.0
2.70947289467 1.0
2.70996689796 -1.0
2.72244501114 -1.0
2.72245883942 1.0
2.72347784042 1.0
2.74316501617 -1.0
2.74317383766 1.0
2.80120897293 -1.0
2.80122804642 1.0
2.82096099854 -1.0
2.89360904694 -1.0
2.89786100388 -1.0
2.89791083336 1.0
2.90401697159 -1.0
2.90404200554 1.0
2.90437483788 -1.0
2.90438199043 1.0
2.90572190285 -1.0
2.90574002266 1.0
2.91753697395 -1.0
2.94864988327 -1.0
2.94865703583 1.0
2.95695185661 -1.0
2.95697999001 1.0
2.95704698563 1.0
2.96840500832 -1.0
2.9768550396 -1.0
2.97686290741 1.0
2.99651384354 -1.0
3.00246191025 -1.0
3.01058983803 -1.0
3.01061296463 1.0
3.01086497307 -1.0
3.01086902618 1.0
3.01094293594 1.0
3.03018689156 -1.0
3.06647896767 1.0
3.0691409111 -1.0
3.06914997101 1.0
3.10982894897 -1.0
3.10989284515 1.0
3.25404596329 -1.0
3.29048895836 1.0
3.34940695763 -1.0
3.38653492928 1.0
3.39632987976 -1.0
3.39635705948 1.0
3.39772605896 -1.0
3.40637803078 -1.0
3.40639305115 1.0
3.43460083008 1.0
3.49313998222 -1.0
3.49315285683 1.0
3.51289200783 -1.0
3.53338098526 -1.0
3.57048583031 1.0
3.63939285278 -1.0
3.67847895622 1.0
3.69806885719 -1.0
3.7344648838 1.0
3.79384589195 -1.0
3.8304669857 1.0
3.89243292809 -1.0
3.89376497269 -1.0
3.89378905296 1.0
3.89420890808 -1.0
3.89422893524 1.0
3.90027689934 -1.0
3.9002840519 1.0
3.90052890778 -1.0
3.90266990662 -1.0
3.90267705917 1.0
3.91051697731 -1.0
3.91052484512 1.0
3.91347694397 -1.0
3.91348385811 1.0
3.91358184814 1.0
3.93337798119 -1.0
3.94118785858 -1.0
3.94123291969 1.0
3.94923186302 -1.0
3.94927597046 1.0
3.96089601517 -1.0
3.96561789513 -1.0
3.96562504768 1.0
3.98524594307 -1.0
3.99470496178 -1.0
3.99471306801 1.0
4.00145292282 -1.0
4.00147485733 1.0
4.00288796425 -1.0
4.00289487839 1.0
4.00300002098 1.0
4.00811696053 -1.0
4.00812387466 1.0
4.00884890556 -1.0
4.0088570118 1.0
4.01108503342 -1.0
4.01439404488 -1.0
4.01440095901 1.0
4.06101083755 -1.0
4.06102204323 1.0
4.06936502457 -1.0
4.08059191704 -1.0
4.08060002327 1.0
4.1043639183 1.0
4.16134786606 -1.0
4.67393803596 -1.0
4.71048402786 1.0
4.77559494972 -1.0
4.77561783791 1.0
4.78226590157 -1.0
4.78227496147 1.0
4.7842810154 -1.0
4.78428697586 1.0
4.79534888268 -1.0
4.79535603523 1.0
4.84203004837 1.0
4.86158895493 -1.0
4.94825291634 1.0
4.96809101105 -1.0
4.96810483932 1.0
4.98771905899 -1.0
5.06303501129 1.0
5.08260393143 -1.0
5.13712787628 -1.0
5.13714003563 1.0
5.15708589554 -1.0
5.15710091591 1.0
5.16356086731 -1.0
5.16357088089 1.0
5.16490983963 -1.0
5.16491603851 1.0
5.17671394348 -1.0
5.17672085762 1.0
5.17683005333 1.0
5.19620394707 -1.0
5.19624185562 1.0
5.19638490677 -1.0
5.19639086723 -1.0
5.23447990417 1.0
5.25406694412 -1.0
5.25407791138 1.0
5.26239800453 -1.0
5.26240491867 1.0
5.27392101288 -1.0
5.27392792702 1.0
5.41286087036 -1.0
5.41287398338 1.0
5.42056298256 -1.0
5.42057394981 1.0
5.42153406143 -1.0
5.42154288292 1.0
5.43244600296 -1.0
5.43245887756 1.0
5.45239186287 -1.0
5.45241594315 1.0
5.4577460289 -1.0
5.45776987076 1.0
5.47247600555 -1.0
5.47249984741 1.0
5.47257304192 1.0
5.49213695526 -1.0
5.51559305191 -1.0
5.531208992 -1.0
5.53123497963 1.0
5.55073595047 -1.0
5.59045791626 1.0
8.85306286812 -1.0
8.85309004784 1.0
9.06419301033 1.0
9.06443405151 1.0
9.06459498405 1.0
9.08414697647 -1.0
9.08415484428 1.0
9.10367488861 -1.0
10.1424510479 -1.0
10.1424739361 1.0
10.4395229816 -1.0
10.4395439625 1.0
15.2656030655 -1.0
15.2656240463 1.0
15.2853970528 -1.0
15.2854039669 1.0
