0.0161900520325 -1.0
0.0162031650543 1.0
0.0360100269318 -1.0
0.112154006958 -1.0
0.112502098083 1.0
0.132301092148 -1.0
0.155839204788 -1.0
0.156159162521 1.0
0.175783157349 -1.0
0.175801038742 1.0
0.187362194061 -1.0
0.187389135361 1.0
0.195706129074 -1.0
0.216867208481 1.0
0.229104995728 -1.0
0.229130029678 1.0
0.236520051956 -1.0
0.236527204514 1.0
0.269409179688 -1.0
0.269420146942 1.0
0.29869222641 -1.0
0.305823087692 -1.0
0.305852174759 1.0
0.308794021606 -1.0
0.324629068375 -1.0
0.324637174606 1.0
0.325300216675 -1.0
0.362190008163 1.0
0.388597011566 -1.0
0.388619184494 1.0
0.388904094696 1.0
0.446217060089 -1.0
0.446231126785 1.0
0.502267122269 -1.0
0.544058084488 -1.0
0.58219909668 1.0
0.683254003525 -1.0
0.683275222778 1.0
0.872120141983 -1.0
0.910199165344 1.0
1.01415705681 -1.0
1.01503419876 1.0
1.03509116173 -1.0
1.03510117531 1.0
1.05463910103 -1.0
1.16219520569 -1.0
1.20220208168 1.0
1.43502521515 -1.0
1.43504714966 1.0
1.43927717209 -1.0
1.43928909302 1.0
1.44243812561 -1.0
1.44244813919 1.0
1.44324922562 -1.0
1.44325900078 1.0
1.45466113091 -1.0
1.45467400551 1.0
1.46421813965 1.0
1.48383307457 -1.0
1.48384618759 1.0
1.50415301323 -1.0
1.53671002388 -1.0
1.54666209221 -1.0
1.54670906067 1.0
1.54752707481 -1.0
1.5475461483 1.0
1.5500600338 -1.0
1.55007004738 1.0
1.55434203148 -1.0
1.55435109138 1.0
1.55445504189 1.0
1.56735301018 -1.0
1.56739616394 1.0
1.61104106903 -1.0
1.61105298996 1.0
1.67028307915 -1.0
1.7233850956 1.0
1.74302005768 -1.0
1.81921505928 1.0
1.87829613686 -1.0
2.07187819481 -1.0
2.11019420624 1.0
2.16881918907 -1.0
2.16884207726 1.0
2.17744112015 -1.0
2.17745399475 1.0
2.1785390377 -1.0
2.17854809761 1.0
2.18707799911 -1.0
2.18708610535 1.0
2.18718004227 1.0
2.18924403191 -1.0
2.20701313019 -1.0
2.22619199753 1.0
2.27620911598 -1.0
2.27623009682 1.0
2.27719712257 -1.0
2.27720618248 1.0
2.283203125 -1.0
2.28320813179 1.0
2.2848880291 -1.0
2.28490614891 1.0
2.29576301575 -1.0
2.29577207565 1.0
2.30835914612 -1.0
2.30836820602 1.0
2.30860304832 -1.0
2.30860900879 1.0
2.31341910362 -1.0
2.31342601776 1.0
2.31351518631 1.0
2.31532812119 -1.0
2.35421609879 1.0
2.37034606934 -1.0
2.37400317192 -1.0
2.37406015396 1.0
2.41584920883 -1.0
2.42454218864 -1.0
2.42457914352 1.0
2.44423413277 -1.0
2.44428300858 1.0
2.44452214241 1.0
2.47084403038 -1.0
2.4708571434 1.0
2.53041219711 -1.0
2.93382406235 -1.0
2.97022104263 1.0
3.04117918015 -1.0
3.04120111465 1.0
3.05017113686 -1.0
3.05018019676 1.0
3.06108617783 -1.0
3.06109309196 1.0
3.16131711006 -1.0
3.16133022308 1.0
3.1745300293 -1.0
3.17454004288 1.0
3.17931318283 -1.0
3.17932200432 1.0
3.17975902557 -1.0
3.17976617813 1.0
3.18087601662 -1.0
3.1808822155 1.0
3.26905703545 -1.0
3.26907420158 1.0
3.27653121948 -1.0
3.27654218674 1.0
3.27755117416 -1.0
3.27755713463 1.0
3.27963519096 -1.0
3.27964305878 1.0
3.28050422668 -1.0
3.28051114082 1.0
3.28061199188 1.0
3.28062415123 -1.0
3.28409004211 -1.0
3.28411412239 1.0
3.28868317604 -1.0
3.28869009018 1.0
3.29622006416 -1.0
3.29623103142 1.0
3.297342062 -1.0
3.29734921455 1.0
3.29966115952 -1.0
3.29969215393 1.0
3.30044603348 -1.0
3.30045413971 1.0
3.3200981617 -1.0
3.37524008751 -1.0
3.38615012169 -1.0
3.38619613647 1.0
3.3911550045 -1.0
3.39118814468 1.0
3.39398908615 -1.0
3.39410209656 1.0
3.40586614609 -1.0
3.41359019279 -1.0
3.43079400063 1.0
3.45039200783 -1.0
4.67185306549 -1.0
4.7102022171 1.0
4.7795882225 -1.0
4.77961206436 1.0
4.78747701645 -1.0
4.78749608994 1.0
4.78839421272 -1.0
4.78840112686 1.0
4.79916906357 -1.0
4.79917812347 1.0
4.84769105911 1.0
4.86732506752 -1.0
4.95703101158 1.0
4.97659420967 -1.0
4.97661018372 1.0
4.99621200562 -1.0
5.09072518349 1.0
5.11042308807 -1.0
5.14442420006 -1.0
5.14443516731 1.0
5.1886742115 -1.0
5.18868303299 1.0
5.19374704361 -1.0
5.19375705719 1.0
5.1957821846 -1.0
5.19579005241 1.0
5.19653320312 -1.0
5.19654011726 1.0
5.20839214325 -1.0
5.20840001106 1.0
5.24289321899 -1.0
5.24290418625 1.0
5.24301505089 1.0
5.25146913528 -1.0
5.26255702972 -1.0
5.26258301735 1.0
5.30281615257 -1.0
5.4204761982 -1.0
5.43080019951 -1.0
5.43085408211 1.0
5.4334230423 -1.0
5.43344712257 1.0
5.45063900948 -1.0
5.47910499573 -1.0
5.47912216187 1.0
5.49867010117 -1.0
5.53820204735 1.0
5.55770802498 -1.0
5.55772900581 1.0
5.65718412399 -1.0
5.65720319748 1.0
5.65887904167 -1.0
5.65888905525 1.0
5.67672204971 -1.0
5.67676401138 1.0
5.67686414719 1.0
5.69652819633 -1.0
6.09066104889 1.0
6.11018300056 -1.0
6.11019706726 1.0
6.12978720665 -1.0
6.1394162178 -1.0
6.17820620537 1.0
7.09116315842 1.0
7.15065813065 -1.0
7.18251109123 -1.0
7.18253302574 1.0
8.09223818779 1.0
8.11186218262 -1.0
8.11187314987 1.0
8.13139104843 -1.0
10.1488091946 -1.0
10.1488370895 1.0
10.4248871803 -1.0
10.4249110222 1.0
15.3276000023 -1.0
15.3276259899 1.0
15.3760771751 -1.0
15.3760991096 1.0
