0.0031840801239 -1.0
0.00320601463318 1.0
0.00698590278625 -1.0
0.017548084259 -1.0
0.0175559520721 1.0
0.0178909301758 1.0
0.0773770809174 -1.0
0.248378038406 1.0
0.305491924286 -1.0
0.305504083633 1.0
0.338950872421 -1.0
0.339199066162 1.0
0.397417068481 -1.0
0.446620941162 -1.0
0.486541032791 1.0
0.569932937622 -1.0
0.569952964783 1.0
0.687279939651 -1.0
0.687304019928 1.0
1.01938390732 -1.0
1.0194029808 1.0
1.12158799171 -1.0
1.1216070652 1.0
1.12246894836 1.0
1.14201188087 -1.0
1.60786485672 -1.0
1.61477899551 -1.0
1.61482596397 1.0
1.6182808876 -1.0
1.61830592155 1.0
1.62033200264 -1.0
1.62034106255 1.0
1.63426303864 -1.0
1.6357049942 1.0
1.65601205826 -1.0
1.65602302551 1.0
1.67560505867 -1.0
1.71083402634 -1.0
1.7189450264 -1.0
1.71896791458 1.0
1.7196149826 -1.0
1.71997404099 -1.0
1.71999287605 1.0
1.72033905983 -1.0
1.72034502029 1.0
1.72516894341 -1.0
1.7275249958 -1.0
1.72753190994 1.0
1.72762489319 1.0
1.73864793777 -1.0
1.73868989944 1.0
1.7602789402 -1.0
1.79854488373 1.0
1.8187918663 -1.0
1.81881403923 1.0
1.82736086845 -1.0
1.82737088203 1.0
1.83842396736 -1.0
1.83842992783 1.0
1.83855295181 1.0
1.89747405052 -1.0
1.9986948967 -1.0
2.0023958683 -1.0
2.00242900848 1.0
2.00332403183 -1.0
2.00334787369 1.0
2.00628304482 -1.0
2.01035404205 -1.0
2.01036286354 1.0
2.02208995819 -1.0
2.0583820343 -1.0
2.0583999157 1.0
2.06666898727 -1.0
2.06670403481 1.0
2.07816386223 -1.0
2.11453485489 1.0
2.11459994316 -1.0
2.11464691162 1.0
2.11684203148 -1.0
2.11684894562 1.0
2.1169219017 1.0
2.13414001465 -1.0
2.13678908348 -1.0
2.17053985596 1.0
2.21623301506 -1.0
2.21629786491 1.0
2.36961007118 -1.0
2.37804198265 -1.0
2.37807893753 1.0
2.39767503738 -1.0
2.39771795273 1.0
2.39794206619 1.0
2.41750001907 -1.0
2.41751289368 1.0
2.43708491325 -1.0
3.06439685822 -1.0
3.10251307487 1.0
3.22611904144 -1.0
3.22614192963 1.0
3.2272040844 -1.0
3.22721290588 1.0
3.23299908638 -1.0
3.23300790787 1.0
3.23464107513 -1.0
3.23464894295 1.0
3.24595689774 -1.0
3.24596905708 1.0
3.26543402672 -1.0
3.26544499397 1.0
3.26945900917 -1.0
3.26946687698 1.0
3.28505301476 -1.0
3.28506207466 1.0
3.35316300392 -1.0
3.35318207741 1.0
3.35497999191 -1.0
3.35498785973 1.0
3.35540699959 -1.0
3.35541391373 1.0
3.35551595688 1.0
3.35664606094 -1.0
3.35666894913 1.0
3.35694408417 -1.0
3.35695099831 1.0
3.3613910675 -1.0
3.36308908463 -1.0
3.36309599876 1.0
3.37316894531 -1.0
3.37317800522 1.0
3.3749499321 -1.0
3.37497806549 1.0
3.37530088425 -1.0
3.3753080368 1.0
3.37531304359 -1.0
3.37531590462 1.0
3.37873888016 -1.0
3.37876605988 1.0
3.39446687698 -1.0
3.43370389938 -1.0
3.43451595306 1.0
3.45943689346 -1.0
3.45950198174 1.0
3.46241998672 -1.0
3.46245002747 1.0
3.46737504005 -1.0
3.46738290787 1.0
3.46928596497 -1.0
3.46937298775 1.0
3.47906899452 -1.0
3.48892998695 -1.0
3.51851892471 1.0
3.5230948925 1.0
3.5428609848 -1.0
4.01713085175 -1.0
4.01716399193 1.0
4.11072897911 -1.0
4.1107468605 1.0
4.11883497238 -1.0
4.11884498596 1.0
4.1193010807 -1.0
4.11930894852 1.0
4.13035202026 -1.0
4.1303589344 1.0
4.17802405357 1.0
4.1977159977 -1.0
4.28423404694 1.0
4.30391001701 -1.0
4.30393600464 1.0
4.32355093956 -1.0
4.47460508347 -1.0
4.47462487221 1.0
4.48251104355 -1.0
4.4825220108 1.0
4.48311495781 -1.0
4.48312306404 1.0
4.49430799484 -1.0
4.49431991577 1.0
4.4944498539 1.0
4.51422595978 -1.0
4.5264749527 -1.0
4.53449296951 -1.0
4.53452396393 1.0
4.55403208733 -1.0
4.59055805206 1.0
4.60049295425 -1.0
4.60051202774 1.0
4.61075901985 -1.0
4.61076807976 1.0
4.81703996658 -1.0
4.81707406044 1.0
4.85913491249 -1.0
4.85915207863 1.0
4.86626887321 -1.0
4.86628007889 1.0
4.86774492264 -1.0
4.86776304245 1.0
4.87634396553 -1.0
4.87635302544 1.0
4.87874507904 -1.0
4.87875294685 1.0
4.93429207802 -1.0
4.93431091309 1.0
5.0417599678 -1.0
5.04997897148 -1.0
5.05001497269 1.0
5.05824685097 1.0
5.07007288933 -1.0
5.10651707649 1.0
5.11763191223 -1.0
5.11765193939 1.0
5.1375939846 -1.0
7.13491201401 -1.0
7.13493895531 1.0
7.38092899323 -1.0
7.38094902039 1.0
9.6963789463 -1.0
9.69640302658 1.0
9.8346118927 -1.0
9.8346350193 1.0
15.1899149418 -1.0
15.1899368763 1.0
15.2096140385 -1.0
15.209624052 1.0
