0.000893115997314 -1.0
0.0372240543365 1.0
0.0551578998566 -1.0
0.0551679134369 1.0
0.114267110825 -1.0
0.114322900772 1.0
0.134692907333 -1.0
0.134750127792 1.0
0.140125989914 -1.0
0.140208959579 -1.0
0.14022397995 1.0
0.154453992844 -1.0
0.154536008835 1.0
0.190495967865 -1.0
0.190551042557 1.0
0.191004991531 1.0
0.246773004532 -1.0
0.248250007629 1.0
0.292441129684 -1.0
0.29268693924 1.0
0.3509349823 -1.0
0.441113948822 1.0
0.489727973938 -1.0
0.53720998764 1.0
0.644000053406 -1.0
0.681215047836 1.0
0.755908966064 -1.0
0.801209926605 1.0
0.969429016113 -1.0
0.970313072205 1.0
1.02700090408 -1.0
1.02702093124 1.0
1.04711508751 -1.0
1.07607603073 -1.0
1.12121891975 1.0
1.41050505638 -1.0
1.41052699089 1.0
1.41787290573 -1.0
1.41788697243 1.0
1.41896700859 -1.0
1.41897702217 1.0
1.43033790588 -1.0
1.43035197258 1.0
1.43960595131 1.0
1.45774412155 -1.0
1.46610212326 -1.0
1.46611094475 1.0
1.48684406281 -1.0
1.52114200592 -1.0
1.52116012573 1.0
1.52267694473 -1.0
1.52320790291 -1.0
1.52321505547 1.0
1.52357912064 -1.0
1.5235850811 1.0
1.53013896942 -1.0
1.54100608826 -1.0
1.54103302956 1.0
1.54119610786 1.0
1.54317998886 -1.0
1.54318809509 1.0
1.54425311089 1.0
1.56419610977 -1.0
1.56420898438 1.0
1.62296509743 -1.0
1.6981959343 1.0
1.71784591675 -1.0
1.79422307014 1.0
1.80755400658 -1.0
1.81511592865 -1.0
1.81514692307 1.0
1.82238292694 -1.0
1.82241296768 1.0
1.83600711823 -1.0
1.85640501976 -1.0
1.85646390915 -1.0
1.85647010803 1.0
1.86175298691 -1.0
1.86175990105 1.0
1.86397790909 -1.0
1.8761909008 -1.0
1.87621498108 1.0
1.90908908844 -1.0
1.92558693886 -1.0
1.92559599876 1.0
1.92568302155 1.0
1.9280269146 -1.0
1.94581413269 -1.0
1.94584608078 1.0
1.98285412788 -1.0
2.01247310638 -1.0
2.04004192352 -1.0
2.04009389877 1.0
2.05955791473 -1.0
2.05982804298 1.0
2.11898994446 -1.0
2.11901092529 1.0
2.1317820549 -1.0
2.16922092438 1.0
2.1749560833 -1.0
2.23861098289 -1.0
2.23863005638 1.0
2.28513813019 -1.0
2.28515505791 1.0
2.34572911263 -1.0
2.34574103355 1.0
2.44787812233 -1.0
2.44790005684 1.0
2.49481201172 -1.0
2.49566507339 -1.0
2.4956870079 1.0
2.51514291763 -1.0
2.51520395279 1.0
2.55844306946 -1.0
2.55848193169 1.0
2.56396007538 -1.0
2.56398296356 1.0
2.56447792053 -1.0
2.56449508667 1.0
2.56609797478 -1.0
2.56610393524 1.0
2.56619000435 1.0
2.56737303734 -1.0
2.57818293571 -1.0
2.57819104195 1.0
2.58604598045 -1.0
2.59792113304 -1.0
2.60151195526 -1.0
2.60153508186 1.0
2.60197305679 -1.0
2.60806202888 -1.0
2.60808897018 1.0
2.60929203033 -1.0
2.60929894447 1.0
2.60939407349 1.0
2.60956192017 -1.0
2.61559200287 -1.0
2.61561393738 1.0
2.6211400032 -1.0
2.66119599342 1.0
2.66692996025 -1.0
2.67011094093 -1.0
2.67015790939 1.0
2.6707649231 -1.0
2.67138409615 -1.0
2.67139101028 1.0
2.67192912102 -1.0
2.67195391655 1.0
2.67493891716 -1.0
2.67494702339 1.0
2.68065810204 -1.0
2.68068194389 1.0
2.70150709152 -1.0
2.70154190063 1.0
2.70160889626 1.0
2.70371007919 -1.0
2.70373606682 1.0
2.72106289864 -1.0
2.75719308853 1.0
2.75892591476 -1.0
2.77720808983 -1.0
2.77726411819 1.0
2.80163097382 1.0
2.85893392563 -1.0
3.26976013184 -1.0
3.30921697617 1.0
3.37501001358 -1.0
3.37503790855 1.0
3.38369011879 -1.0
3.38370108604 1.0
3.38475799561 -1.0
3.38476490974 1.0
3.39554691315 -1.0
3.39555311203 1.0
3.39563894272 1.0
3.41554498672 -1.0
3.44349598885 1.0
3.46338009834 -1.0
3.54854607582 1.0
3.56822299957 -1.0
3.5682349205 1.0
3.5877969265 -1.0
3.91960096359 -1.0
3.95723199844 1.0
3.96251296997 -1.0
3.96252799034 1.0
3.96773695946 -1.0
3.96774601936 1.0
3.97606396675 -1.0
3.97607302666 1.0
3.97691392899 -1.0
3.97693300247 1.0
4.02684593201 -1.0
4.02688193321 1.0
4.03518795967 -1.0
4.03519392014 1.0
4.03526711464 1.0
4.04637694359 -1.0
4.05480098724 -1.0
4.07976508141 -1.0
4.07977390289 1.0
4.08033394814 -1.0
4.08034205437 1.0
4.08308196068 -1.0
4.08310198784 1.0
4.09928107262 -1.0
4.1372089386 1.0
4.14251589775 -1.0
4.14252710342 1.0
4.15665197372 -1.0
4.15666007996 1.0
5.07623696327 1.0
5.13522791862 -1.0
7.07715296745 1.0
7.09678602219 -1.0
7.52342700958 -1.0
7.52345108986 1.0
8.07743096352 1.0
8.09717392921 -1.0
8.09719109535 1.0
8.11689305305 -1.0
8.81028699875 -1.0
8.8103120327 1.0
9.02286601067 -1.0
9.02288293839 1.0
14.6696410179 -1.0
14.6696588993 1.0
14.7185740471 -1.0
14.7185940742 1.0
