0.00344896316528 -1.0
0.00345897674561 1.0
0.0118629932404 -1.0
0.0250909328461 -1.0
0.0251169204712 1.0
0.045380115509 -1.0
0.0839760303497 1.0
0.103780031204 -1.0
0.103904008865 1.0
0.106585979462 1.0
0.163665056229 -1.0
0.163679122925 1.0
0.171708106995 -1.0
0.207987070084 1.0
0.21968793869 -1.0
0.230345010757 -1.0
0.24684214592 -1.0
0.246875047684 1.0
0.248862028122 1.0
0.261114120483 -1.0
0.266448020935 -1.0
0.266477108002 1.0
0.297444105148 -1.0
0.297455072403 1.0
0.355546951294 -1.0
0.355561971664 1.0
0.411504983902 -1.0
0.517108917236 1.0
0.57165312767 -1.0
0.615973949432 1.0
0.75550198555 -1.0
0.755522012711 1.0
0.895124912262 -1.0
0.895153045654 1.0
0.993695020676 -1.0
0.993710041046 1.0
1.01331710815 -1.0
1.01332592964 1.0
1.01407694817 1.0
1.07550001144 -1.0
1.45156812668 -1.0
1.46528196335 -1.0
1.46531701088 1.0
1.46704506874 -1.0
1.4670689106 1.0
1.47835302353 1.0
1.48545312881 -1.0
1.498016119 -1.0
1.49802708626 1.0
1.51480007172 -1.0
1.51483201981 1.0
1.51768708229 -1.0
1.5599899292 1.0
1.56427192688 -1.0
1.56428313255 1.0
1.56532692909 -1.0
1.56533312798 1.0
1.56580901146 -1.0
1.56581497192 1.0
1.56686091423 -1.0
1.56686806679 1.0
1.57224106789 -1.0
1.57224798203 1.0
1.5799279213 -1.0
1.57993602753 1.0
1.58008098602 1.0
1.58417892456 -1.0
1.58420205116 1.0
1.58482098579 -1.0
1.62400197983 1.0
1.63968610764 -1.0
1.9192481041 -1.0
1.91927194595 1.0
1.9310131073 -1.0
1.93103694916 1.0
1.93276810646 -1.0
1.93277597427 1.0
1.93882703781 -1.0
1.93883514404 1.0
1.97436904907 -1.0
1.97437906265 1.0
1.98036503792 -1.0
1.98037409782 1.0
1.99396014214 -1.0
1.99396705627 1.0
2.02978205681 -1.0
2.02979493141 1.0
2.03174710274 -1.0
2.03175401688 1.0
2.03254914284 -1.0
2.03255391121 1.0
2.03265404701 1.0
2.03323602676 -1.0
2.03325510025 1.0
2.0373570919 -1.0
2.03736495972 1.0
2.03855514526 -1.0
2.04935407639 -1.0
2.04936313629 1.0
2.05239200592 -1.0
2.05240106583 1.0
2.07238698006 -1.0
2.12036395073 -1.0
2.15457606316 -1.0
2.1545920372 1.0
2.17419099808 -1.0
2.1743850708 1.0
2.19415998459 -1.0
2.19416713715 1.0
2.21435213089 -1.0
2.66318106651 -1.0
2.70000910759 1.0
2.77671909332 -1.0
2.77673792839 1.0
2.77768301964 -1.0
2.7777030468 1.0
2.78408098221 -1.0
2.78408908844 1.0
2.78506708145 -1.0
2.78507494926 1.0
2.79637503624 -1.0
2.79638314247 1.0
2.81627893448 -1.0
2.81628608704 1.0
2.82113313675 -1.0
2.82114005089 1.0
2.83623600006 -1.0
2.8362429142 1.0
2.87008810043 -1.0
2.87009811401 1.0
2.87734007835 -1.0
2.87734794617 1.0
2.87859892845 -1.0
2.87860512733 1.0
2.8848900795 -1.0
2.88489603996 1.0
2.88611197472 -1.0
2.88611793518 1.0
2.88700699806 -1.0
2.88701510429 1.0
2.88732790947 -1.0
2.88733410835 1.0
2.88743114471 1.0
2.88986992836 -1.0
2.88988208771 1.0
2.89727401733 -1.0
2.89728212357 1.0
2.89828014374 -1.0
2.90720391273 -1.0
2.90721106529 1.0
2.9095659256 -1.0
2.92525410652 -1.0
2.92527699471 1.0
2.9265370369 -1.0
2.92655897141 1.0
2.94490408897 -1.0
2.9788749218 -1.0
2.9788839817 1.0
2.98456692696 -1.0
2.98459005356 1.0
2.98662209511 -1.0
2.98671507835 1.0
2.99850702286 -1.0
3.0359749794 1.0
3.04382300377 -1.0
3.04857993126 1.0
3.10800695419 -1.0
3.53811597824 -1.0
3.53813791275 1.0
3.64308404922 -1.0
3.6430990696 1.0
3.65159511566 -1.0
3.65160608292 1.0
3.66266298294 -1.0
3.66267108917 1.0
3.68551898003 -1.0
3.68552994728 1.0
3.69424891472 -1.0
3.69425702095 1.0
3.70557308197 -1.0
3.70557999611 1.0
3.75290608406 1.0
3.77245807648 -1.0
3.8604850769 1.0
3.87992405891 -1.0
3.87994098663 1.0
3.89943408966 -1.0
4.0462141037 -1.0
4.04623103142 1.0
4.05339598656 -1.0
4.05340695381 1.0
4.05475711823 -1.0
4.05476593971 1.0
4.06591296196 -1.0
4.06592702866 1.0
4.09453105927 -1.0
4.0945379734 1.0
4.10441398621 -1.0
4.10442209244 1.0
4.11408495903 -1.0
4.11409091949 1.0
4.14603209496 -1.0
4.14604210854 1.0
4.15669703484 -1.0
4.15670394897 1.0
4.16560411453 -1.0
4.16561102867 1.0
4.36791706085 -1.0
4.36793398857 1.0
4.37071990967 -1.0
4.37072992325 1.0
4.37678694725 -1.0
4.3767991066 1.0
4.37695407867 1.0
4.38757491112 -1.0
4.39674592018 -1.0
4.42401814461 1.0
4.46670794487 -1.0
4.46673297882 1.0
4.48672413826 -1.0
4.48893213272 -1.0
4.48895406723 1.0
4.50845694542 -1.0
4.50847911835 1.0
4.50855612755 1.0
4.5287771225 -1.0
5.09339213371 1.0
5.11301803589 -1.0
5.11302709579 1.0
5.13258695602 -1.0
6.98371005058 -1.0
7.01999902725 1.0
7.12787294388 -1.0
7.1278860569 1.0
9.09275507927 -1.0
9.09277391434 1.0
9.37191200256 -1.0
9.37194609642 1.0
15.509526968 -1.0
15.5095491409 1.0
15.5657150745 -1.0
15.5657291412 1.0
