0.0010769367218 -1.0
0.00723814964294 1.0
0.0103809833527 -1.0
0.0466051101685 1.0
0.065062046051 -1.0
0.065092086792 1.0
0.125462055206 -1.0
0.133512973785 -1.0
0.15194106102 -1.0
0.152023077011 1.0
0.158527135849 -1.0
0.174829959869 -1.0
0.174852132797 1.0
0.177983999252 1.0
0.23726606369 -1.0
0.237296104431 1.0
0.242970943451 -1.0
0.286617040634 1.0
0.293221950531 -1.0
0.293246984482 1.0
0.30618596077 -1.0
0.31713104248 -1.0
0.317217111588 1.0
0.31751203537 1.0
0.335817098618 -1.0
0.340168952942 -1.0
0.340247154236 1.0
0.377146959305 -1.0
0.487023115158 -1.0
0.526611089706 1.0
0.631315946579 -1.0
0.670720100403 1.0
0.760131120682 -1.0
0.802631139755 1.0
0.906795024872 -1.0
0.950600147247 1.0
1.01313614845 -1.0
1.013931036 1.0
1.03347802162 -1.0
1.45109701157 -1.0
1.46419000626 -1.0
1.46424913406 1.0
1.46574807167 -1.0
1.46577215195 1.0
1.47844314575 1.0
1.48394012451 -1.0
1.49810194969 -1.0
1.49811315536 1.0
1.51777815819 -1.0
1.51961994171 -1.0
1.51964402199 1.0
1.53908610344 -1.0
1.563393116 -1.0
1.56344294548 1.0
1.56435513496 -1.0
1.56492805481 -1.0
1.56493496895 1.0
1.56590008736 -1.0
1.5659070015 1.0
1.56600403786 1.0
1.57617998123 -1.0
1.58338713646 -1.0
1.58341693878 1.0
1.62519311905 -1.0
1.62521409988 1.0
1.62749099731 -1.0
1.63625097275 -1.0
1.63628196716 1.0
1.65613412857 -1.0
1.69461297989 1.0
1.84215903282 -1.0
1.84218096733 1.0
1.85258603096 -1.0
1.85260105133 1.0
1.8554289341 -1.0
1.85543894768 1.0
1.86165499687 -1.0
1.86168313026 1.0
1.89215898514 -1.0
1.89220905304 1.0
1.89267015457 -1.0
1.89269304276 1.0
1.89331316948 -1.0
1.89333200455 1.0
1.89809298515 -1.0
1.90039205551 -1.0
1.90040016174 1.0
1.91177797318 -1.0
1.91180300713 1.0
1.94978094101 -1.0
1.94984507561 1.0
1.95692396164 -1.0
1.95695900917 1.0
1.95820593834 -1.0
1.95822501183 1.0
1.95834803581 1.0
1.96933794022 -1.0
2.00663208961 1.0
2.01719498634 -1.0
2.04226398468 -1.0
2.0423309803 1.0
2.06480097771 -1.0
2.07355999947 -1.0
2.07363915443 1.0
2.09336614609 -1.0
2.09341716766 1.0
2.09365010262 1.0
2.11311006546 -1.0
2.11312198639 1.0
2.13271307945 -1.0
2.39907813072 -1.0
2.43861699104 1.0
2.54118299484 -1.0
2.54120612144 1.0
2.54998898506 -1.0
2.54999804497 1.0
2.56104302406 -1.0
2.5610499382 1.0
2.60867094994 -1.0
2.60869002342 1.0
2.62044596672 -1.0
2.62045693398 1.0
2.62833499908 -1.0
2.62834310532 1.0
2.62847399712 1.0
2.64785814285 -1.0
2.64805197716 -1.0
2.64918994904 -1.0
2.6492099762 1.0
2.66329407692 -1.0
2.66332697868 1.0
2.66870713234 -1.0
2.68106412888 -1.0
2.68107295036 1.0
2.70066094398 -1.0
2.71914315224 -1.0
2.71915197372 1.0
2.71976208687 -1.0
2.71978211403 1.0
2.72286605835 -1.0
2.72287416458 1.0
2.72297310829 1.0
2.72561597824 -1.0
2.73881411552 -1.0
2.73882102966 1.0
2.75445199013 -1.0
2.75448203087 1.0
2.75553202629 -1.0
2.75657010078 -1.0
2.75657701492 1.0
2.75847315788 -1.0
2.7710609436 -1.0
2.77106904984 1.0
2.78183102608 -1.0
2.78277516365 -1.0
2.78278398514 1.0
2.79066705704 -1.0
2.79095196724 -1.0
2.79097294807 1.0
2.79106712341 1.0
2.81097102165 -1.0
2.84942698479 -1.0
2.85058808327 1.0
2.8552031517 1.0
2.91325497627 -1.0
3.38079309464 -1.0
3.38081598282 1.0
3.48945713043 -1.0
3.4894759655 1.0
3.49778008461 -1.0
3.49779295921 1.0
3.50902509689 -1.0
3.50903916359 1.0
3.50918698311 1.0
3.52880811691 -1.0
3.59552502632 -1.0
3.60417509079 -1.0
3.60419797897 1.0
3.62394309044 -1.0
3.66258597374 1.0
3.67242598534 1.0
3.72930502892 -1.0
3.7799141407 1.0
3.79973006248 -1.0
3.79975008965 1.0
3.81934714317 -1.0
4.00657916069 -1.0
4.00659608841 1.0
4.01422309875 -1.0
4.01423311234 1.0
4.01707601547 -1.0
4.0170841217 1.0
4.02617812157 -1.0
4.02618694305 1.0
4.05221796036 -1.0
4.05224108696 1.0
4.06061816216 -1.0
4.06063008308 1.0
4.07175302505 -1.0
4.07177305222 1.0
4.10747599602 -1.0
4.10749316216 1.0
4.12322306633 -1.0
4.1232380867 1.0
4.12712597847 -1.0
4.12713313103 1.0
4.25468802452 -1.0
4.25470805168 1.0
4.2628531456 -1.0
4.26286101341 1.0
4.26318097115 -1.0
4.26318907738 1.0
4.27479696274 -1.0
4.27480697632 1.0
4.30519199371 -1.0
4.30521011353 1.0
4.31333994865 -1.0
4.31334996223 1.0
4.32471513748 -1.0
4.32478308678 1.0
4.35492897034 -1.0
4.35499715805 1.0
4.36326408386 -1.0
4.36329698563 1.0
4.37456703186 -1.0
4.37461304665 1.0
4.37471008301 1.0
4.3945069313 -1.0
5.02287912369 1.0
5.04260897636 -1.0
5.04263305664 1.0
5.06219506264 -1.0
7.01813793182 -1.0
7.05462503433 1.0
7.17584013939 -1.0
7.17586708069 1.0
9.03640604019 -1.0
9.03642606735 1.0
9.26058506966 -1.0
9.26060700417 1.0
15.3044321537 -1.0
15.3044519424 1.0
15.359306097 -1.0
15.3593161106 1.0
