0.0154781341553 -1.0
0.0154960155487 1.0
0.0625319480896 -1.0
0.0770189762115 1.0
0.135470151901 -1.0
0.245582103729 1.0
0.292663097382 -1.0
0.292680978775 1.0
0.312366962433 -1.0
0.312389135361 1.0
0.371350049973 -1.0
0.371371030807 1.0
0.427437067032 -1.0
0.438346147537 -1.0
0.450770139694 -1.0
0.450819015503 1.0
0.463526010513 -1.0
0.463567018509 1.0
0.47027015686 -1.0
0.470373153687 1.0
0.527604103088 -1.0
0.527625083923 1.0
0.58343911171 -1.0
0.594326972961 -1.0
0.62780213356 -1.0
0.627824068069 1.0
0.645967006683 -1.0
0.647683143616 -1.0
0.647690057755 1.0
0.667251110077 -1.0
0.706153154373 1.0
0.7594871521 -1.0
0.798190116882 1.0
0.866527080536 -1.0
0.910187005997 1.0
0.973477125168 -1.0
0.974399089813 1.0
1.03159213066 -1.0
1.44106316566 -1.0
1.44664216042 -1.0
1.44668602943 1.0
1.45198512077 -1.0
1.45201206207 1.0
1.45356202126 -1.0
1.45357108116 1.0
1.46617412567 -1.0
1.46911001205 1.0
1.48905801773 -1.0
1.48906898499 1.0
1.50867009163 -1.0
1.54154205322 -1.0
1.55338811874 -1.0
1.55344295502 1.0
1.55421304703 -1.0
1.55431008339 1.0
1.55490708351 -1.0
1.55492711067 1.0
1.55902099609 -1.0
1.56089615822 -1.0
1.56090307236 1.0
1.57325410843 -1.0
1.57329702377 1.0
1.59311795235 -1.0
1.59313607216 1.0
1.60167193413 -1.0
1.60169911385 1.0
1.61264610291 -1.0
1.650192976 1.0
1.82912611961 -1.0
1.82914710045 1.0
1.83370804787 -1.0
1.8337199688 1.0
1.83404898643 -1.0
1.83405709267 1.0
1.83438110352 -1.0
1.83438801765 1.0
1.83969902992 -1.0
1.84222793579 -1.0
1.84225416183 1.0
1.84236502647 -1.0
1.84250712395 -1.0
1.84251213074 1.0
1.84922194481 -1.0
1.84924507141 1.0
1.93797802925 -1.0
1.93806314468 1.0
1.94711208344 -1.0
1.94714808464 1.0
1.95562410355 -1.0
1.95564508438 1.0
1.9557800293 1.0
1.95765113831 -1.0
1.99418902397 1.0
2.01148796082 -1.0
2.04606413841 -1.0
2.04613614082 1.0
2.15322613716 -1.0
2.16175103188 -1.0
2.16179513931 1.0
2.18122816086 -1.0
2.18127799034 1.0
2.18152809143 1.0
2.20102906227 -1.0
2.20104002953 1.0
2.22128415108 -1.0
2.51935100555 -1.0
2.55818915367 1.0
2.62668895721 -1.0
2.62670993805 1.0
2.63519310951 -1.0
2.63520503044 1.0
2.64632296562 -1.0
2.64633512497 1.0
2.6464650631 1.0
2.66595816612 -1.0
2.72087407112 -1.0
2.72822713852 -1.0
2.7282640934 1.0
2.72894310951 -1.0
2.7289659977 1.0
2.72938799858 -1.0
2.72939515114 1.0
2.73147797585 -1.0
2.73486304283 -1.0
2.7348690033 1.0
2.74821400642 -1.0
2.74826097488 1.0
2.82897615433 -1.0
2.83053994179 -1.0
2.83054995537 1.0
2.83090996742 -1.0
2.83092999458 1.0
2.83166193962 -1.0
2.83166909218 1.0
2.83176398277 1.0
2.83600497246 -1.0
2.83603000641 1.0
2.83788013458 -1.0
2.85023498535 -1.0
2.85026597977 1.0
2.850659132 -1.0
2.85066699982 1.0
2.85124993324 -1.0
2.85125613213 1.0
2.85569906235 -1.0
2.85572504997 1.0
2.85582494736 1.0
2.91157913208 -1.0
2.91160202026 1.0
2.9675590992 -1.0
2.96757912636 1.0
3.02357506752 -1.0
3.46845793724 -1.0
3.50618910789 1.0
3.56896805763 -1.0
3.56901097298 1.0
3.57742714882 -1.0
3.5774371624 1.0
3.58899712563 -1.0
3.58900213242 1.0
3.61532497406 -1.0
3.61533498764 1.0
3.62384104729 -1.0
3.62384915352 1.0
3.63506197929 -1.0
3.63506793976 1.0
3.68369793892 1.0
3.70356297493 -1.0
3.79656410217 1.0
3.81638097763 -1.0
3.81640195847 1.0
3.83653616905 -1.0
4.03456497192 -1.0
4.0345749855 1.0
4.04231214523 -1.0
4.04232311249 1.0
4.04294204712 -1.0
4.04295110703 1.0
4.05591797829 -1.0
4.05592513084 1.0
4.08222198486 -1.0
4.0822429657 1.0
4.0905380249 -1.0
4.09054803848 1.0
4.10297513008 -1.0
4.10298109055 1.0
4.13460016251 -1.0
4.13460612297 1.0
4.14295911789 -1.0
4.14296603203 1.0
4.15478396416 -1.0
4.15479016304 1.0
4.47277593613 -1.0
4.47279500961 1.0
4.47953605652 -1.0
4.47954702377 1.0
4.4804520607 -1.0
4.48046112061 1.0
4.48170399666 -1.0
4.48172903061 1.0
4.49234104156 -1.0
4.4923479557 1.0
4.57264399529 -1.0
4.57267403603 1.0
4.58188700676 -1.0
4.58189511299 1.0
4.59216594696 -1.0
4.59217309952 1.0
4.59226703644 1.0
4.61189293861 -1.0
5.11174893379 1.0
5.11201500893 1.0
5.13127398491 -1.0
5.13128399849 1.0
5.13146805763 -1.0
5.15092515945 -1.0
6.88378095627 -1.0
6.92218613625 1.0
7.02900505066 -1.0
7.02904295921 1.0
9.0391600132 -1.0
9.03918004036 1.0
9.34499597549 -1.0
9.34501600266 1.0
15.5070559978 -1.0
15.5070779324 1.0
15.5490529537 -1.0
15.5490760803 1.0
15.5690660477 -1.0
15.5690760612 1.0
