0.0138790607452 -1.0
0.0138940811157 1.0
0.0213029384613 -1.0
0.0604429244995 1.0
0.0698480606079 -1.0
0.0698571205139 1.0
0.126085996628 -1.0
0.136922121048 -1.0
0.150052070618 -1.0
0.150084972382 1.0
0.169929981232 -1.0
0.170035123825 1.0
0.179116010666 1.0
0.210793018341 -1.0
0.210807085037 1.0
0.257733106613 -1.0
0.257757902145 1.0
0.283179044724 -1.0
0.315330028534 -1.0
0.31534409523 1.0
0.333799123764 -1.0
0.333852052689 1.0
0.33488702774 -1.0
0.372422933578 1.0
0.553046941757 -1.0
0.553113937378 1.0
0.602967977524 -1.0
0.603770971298 1.0
0.662127971649 -1.0
2.31241607666 -1.0
2.3301410675 -1.0
2.3301680088 1.0
2.33027791977 -1.0
2.33967590332 -1.0
2.3396859169 1.0
2.33980703354 -1.0
2.33982110023 1.0
2.34174704552 1.0
2.34542798996 -1.0
2.3454990387 -1.0
2.34552311897 1.0
2.34557104111 -1.0
2.34565711021 -1.0
2.345662117 1.0
2.34964394569 -1.0
2.3497030735 -1.0
2.34970808029 1.0
2.35104894638 -1.0
2.35933208466 -1.0
2.35934591293 1.0
2.35935997963 -1.0
2.35954093933 -1.0
2.35954594612 1.0
2.35963797569 -1.0
2.36117601395 -1.0
2.36119890213 1.0
2.36131310463 -1.0
2.36131811142 1.0
2.37238502502 -1.0
2.37239313126 -1.0
2.37241292 1.0
2.37253594398 -1.0
2.38125610352 -1.0
2.38127303123 1.0
2.39240002632 -1.0
2.39240813255 1.0
2.40133309364 -1.0
2.40247607231 1.0
2.42222690582 -1.0
2.42224311829 1.0
2.4781639576 -1.0
2.54242491722 -1.0
2.54271101952 1.0
2.56234693527 -1.0
2.59815406799 -1.0
2.63643503189 1.0
2.64178490639 -1.0
2.64412999153 -1.0
2.64415502548 1.0
2.64509391785 -1.0
2.6451280117 1.0
2.64935803413 -1.0
2.64937806129 1.0
2.65211200714 -1.0
2.6521320343 1.0
2.65221500397 1.0
2.65442609787 -1.0
2.65609192848 -1.0
2.65610098839 1.0
2.66414809227 -1.0
2.66417002678 1.0
2.67563390732 -1.0
2.67564296722 1.0
2.69359612465 -1.0
2.69518899918 -1.0
2.69519591331 1.0
2.72754907608 -1.0
2.76442909241 1.0
2.7956609726 -1.0
2.83244395256 1.0
2.85285806656 -1.0
2.87076497078 -1.0
2.8708050251 1.0
2.89047408104 -1.0
2.89050102234 1.0
2.89068007469 1.0
2.91011309624 -1.0
2.94846701622 1.0
2.95013594627 -1.0
2.95015001297 1.0
3.00613713264 -1.0
3.06457901001 -1.0
3.10445094109 1.0
3.10632395744 -1.0
3.10635590553 1.0
3.12412810326 -1.0
3.12417697906 1.0
3.32029795647 -1.0
3.3203561306 1.0
3.32653808594 -1.0
3.32656502724 1.0
3.33589506149 -1.0
3.33591508865 1.0
3.33740401268 -1.0
3.33741211891 1.0
3.34002399445 -1.0
3.34011793137 1.0
3.34072613716 -1.0
3.34074401855 1.0
3.34101104736 -1.0
3.34109306335 1.0
3.34546899796 -1.0
3.34548807144 1.0
3.34613800049 -1.0
3.35078811646 -1.0
3.35079312325 1.0
3.352216959 -1.0
3.3532230854 -1.0
3.35322904587 1.0
3.35808300972 -1.0
3.35810613632 1.0
3.35962510109 -1.0
3.36076307297 -1.0
3.36076998711 1.0
3.36078691483 -1.0
3.36079001427 1.0
3.36131310463 -1.0
3.3613319397 1.0
3.36896800995 -1.0
3.36897611618 1.0
3.38150405884 -1.0
3.38476204872 -1.0
3.38476991653 1.0
3.40436911583 -1.0
3.44445109367 1.0
3.46421599388 -1.0
3.46432495117 1.0
3.48927903175 1.0
3.54611611366 -1.0
3.90803790092 -1.0
3.93509697914 -1.0
3.93514895439 1.0
3.93660306931 -1.0
3.93662309647 1.0
3.95467710495 -1.0
3.99240899086 1.0
4.00258708 1.0
4.01233911514 -1.0
4.01235103607 1.0
4.02213096619 -1.0
4.10978293419 1.0
4.11964011192 -1.0
4.11964893341 1.0
4.12930393219 -1.0
4.12931513786 1.0
4.1365249157 -1.0
4.13655400276 1.0
4.13924002647 -1.0
4.14529395103 -1.0
4.14531493187 1.0
4.15729308128 -1.0
4.15731906891 1.0
4.15740799904 1.0
4.16671800613 -1.0
4.18349695206 -1.0
4.18350696564 1.0
4.20323991776 -1.0
4.24043512344 1.0
4.41742801666 -1.0
4.4174489975 1.0
4.43210911751 -1.0
4.43211913109 1.0
4.43695902824 -1.0
4.43704891205 1.0
4.43707990646 1.0
4.43773698807 -1.0
4.43776011467 1.0
4.44829201698 -1.0
4.4483089447 1.0
4.45740699768 -1.0
4.48255205154 -1.0
4.48256111145 1.0
4.50212812424 -1.0
4.54041194916 1.0
5.15642905235 1.0
5.21454000473 -1.0
5.21455693245 1.0
5.23432993889 -1.0
8.15725708008 1.0
8.15750193596 1.0
8.17689704895 -1.0
8.17690610886 1.0
8.17707705498 -1.0
8.19644999504 -1.0
8.92206597328 -1.0
8.9220969677 1.0
9.21814012527 -1.0
9.21817612648 1.0
9.51010203362 -1.0
9.51012206078 1.0
15.2879140377 -1.0
15.2879419327 1.0
15.3440070152 -1.0
15.3440299034 1.0
