0.00549006462097 -1.0
0.0184869766235 -1.0
0.0185499191284 1.0
0.037134885788 -1.0
0.0380570888519 -1.0
0.0380630493164 1.0
0.0447850227356 1.0
0.105089902878 -1.0
0.10510802269 1.0
0.110564947128 -1.0
0.150207042694 1.0
0.164964914322 -1.0
0.169773101807 -1.0
0.170002937317 1.0
0.183162927628 -1.0
0.18319106102 1.0
0.189644098282 -1.0
0.202246904373 -1.0
0.202254056931 1.0
0.221852064133 -1.0
0.258202075958 1.0
0.343729972839 -1.0
0.343787908554 1.0
0.449085950851 -1.0
0.449863910675 1.0
0.509025096893 -1.0
0.737884044647 -1.0
0.74502491951 -1.0
0.745059967041 1.0
0.747560977936 -1.0
0.747591018677 1.0
0.758394002914 -1.0
0.75840306282 1.0
0.764632940292 -1.0
0.768455982208 -1.0
0.768465042114 1.0
0.769423961639 -1.0
0.775898933411 -1.0
0.775907039642 1.0
0.777136087418 1.0
0.778913021088 -1.0
0.785353899002 -1.0
0.785377025604 1.0
0.788465976715 -1.0
0.788567066193 1.0
0.796799898148 -1.0
0.796808004379 1.0
0.799046039581 -1.0
0.799074888229 1.0
0.801186084747 -1.0
0.80819606781 -1.0
0.808204889297 1.0
0.81155705452 -1.0
0.811574935913 1.0
0.827776908875 -1.0
0.827861070633 1.0
0.828980922699 1.0
0.848741054535 -1.0
0.848749876022 1.0
0.905174970627 -1.0
0.960835933685 -1.0
0.961098909378 1.0
0.980611085892 -1.0
1.02795505524 -1.0
1.02815294266 1.0
1.04773807526 -1.0
1.04774594307 1.0
1.06733107567 -1.0
1.06939888 -1.0
1.07923007011 1.0
1.08832597733 -1.0
1.09198498726 -1.0
1.09200692177 1.0
1.09806704521 -1.0
1.09807395935 1.0
1.09864401817 -1.0
1.09866499901 1.0
1.09883999825 -1.0
1.09884500504 1.0
1.10943603516 -1.0
1.10945606232 1.0
1.11847901344 -1.0
1.13225793839 -1.0
1.13226604462 1.0
1.13236188889 1.0
1.13530397415 -1.0
1.13532495499 1.0
1.13950300217 -1.0
1.13952302933 1.0
1.14611792564 -1.0
1.15192294121 -1.0
1.15193009377 1.0
1.15635609627 -1.0
1.17143702507 -1.0
1.17144608498 1.0
1.20340895653 -1.0
1.24222397804 1.0
1.26212000847 -1.0
1.29820895195 1.0
1.31782793999 -1.0
1.32979393005 -1.0
1.32982587814 1.0
1.34942603111 -1.0
1.34951400757 1.0
1.35434103012 1.0
1.39699006081 -1.0
1.39700508118 1.0
1.45306491852 -1.0
1.47564506531 -1.0
1.51423192024 1.0
1.52346396446 -1.0
1.52350497246 1.0
1.53380489349 -1.0
1.53383088112 1.0
1.59031891823 -1.0
1.59038591385 1.0
1.59172296524 -1.0
1.59174799919 1.0
1.59707188606 -1.0
1.59709405899 1.0
1.60113692284 -1.0
1.60114502907 1.0
1.60733795166 -1.0
1.60734510422 1.0
1.60775995255 -1.0
1.60785007477 1.0
1.61014890671 -1.0
1.61106991768 -1.0
1.61108899117 1.0
1.61142086983 -1.0
1.61143708229 1.0
1.62229990959 -1.0
1.62230801582 1.0
1.62468004227 -1.0
1.62468695641 1.0
1.62478303909 -1.0
1.62523508072 -1.0
1.62524008751 1.0
1.62687206268 -1.0
1.62688493729 1.0
1.62704896927 -1.0
1.62746691704 -1.0
1.6274740696 1.0
1.63057398796 -1.0
1.63768792152 -1.0
1.63771295547 1.0
1.65254402161 -1.0
1.65255403519 1.0
1.65733098984 -1.0
1.65740895271 1.0
1.69922304153 -1.0
1.73823094368 1.0
1.7578189373 -1.0
1.78254294395 1.0
1.84112787247 -1.0
1.99424099922 -1.0
2.03420996666 1.0
2.05391287804 -1.0
2.05889201164 -1.0
2.05891990662 1.0
2.06905293465 -1.0
2.07903003693 -1.0
2.07903790474 1.0
2.1273419857 1.0
2.14700889587 -1.0
2.23169708252 1.0
2.24886488914 -1.0
2.24890398979 1.0
2.25123906136 -1.0
2.25124788284 1.0
2.25801706314 -1.0
2.25804305077 1.0
2.25933289528 -1.0
2.25935602188 1.0
2.26837110519 -1.0
2.27663588524 -1.0
2.27664494514 1.0
2.29629087448 -1.0
2.31503391266 -1.0
2.31504201889 1.0
2.33461403847 -1.0
2.33470702171 1.0
2.39323687553 -1.0
2.55832791328 -1.0
2.56588888168 -1.0
2.565928936 1.0
2.57901787758 -1.0
2.57904601097 1.0
2.58538889885 -1.0
2.5995528698 -1.0
2.5995619297 1.0
2.6190199852 -1.0
2.61913990974 1.0
2.63868308067 -1.0
2.67090606689 -1.0
2.68126296997 -1.0
2.68129301071 1.0
2.70092201233 -1.0
2.73821091652 1.0
5.08232998848 1.0
5.1493370533 -1.0
6.08287405968 1.0
6.10241603851 -1.0
6.15839290619 -1.0
6.15842199326 1.0
7.0831720829 1.0
7.0834209919 1.0
7.10296106339 -1.0
7.10299110413 1.0
7.10308408737 -1.0
7.12280488014 -1.0
7.40351200104 -1.0
7.40354204178 1.0
7.58891296387 -1.0
7.58893799782 1.0
15.1168909073 -1.0
15.1169140339 1.0
15.1731081009 -1.0
15.1731219292 1.0
