0.00311493873596 -1.0
0.00512194633484 1.0
0.0646138191223 -1.0
0.0646259784698 1.0
0.120623826981 -1.0
0.12334895134 -1.0
0.123615980148 1.0
0.180600881577 -1.0
0.258722782135 1.0
0.3076608181 -1.0
0.307934999466 1.0
0.327587842941 -1.0
0.367261886597 1.0
0.386790990829 -1.0
0.387169837952 1.0
0.394620895386 -1.0
0.394641876221 1.0
0.406770944595 -1.0
0.443240880966 1.0
0.454846858978 -1.0
0.457656860352 1.0
0.462781906128 -1.0
0.467753887177 -1.0
0.467775821686 1.0
0.487401008606 -1.0
0.487415790558 1.0
0.507099866867 -1.0
0.509952783585 1.0
0.529493808746 -1.0
0.567262887955 1.0
0.574245929718 -1.0
0.58699297905 -1.0
0.587000846863 -1.0
0.587020874023 1.0
0.637710809708 -1.0
0.637766838074 1.0
0.784821987152 -1.0
0.796316862106 -1.0
0.796352863312 1.0
0.801922798157 -1.0
0.801946878433 1.0
0.816298961639 -1.0
0.81630897522 1.0
0.816315889359 -1.0
0.816450834274 1.0
0.825311899185 1.0
0.83599281311 -1.0
0.83629488945 -1.0
0.836313009262 1.0
0.841706991196 -1.0
0.842595815659 -1.0
0.842612981796 1.0
0.846710920334 -1.0
0.84671998024 1.0
0.85578584671 -1.0
0.857925891876 -1.0
0.857932806015 1.0
0.877628803253 -1.0
0.877636909485 1.0
0.898115873337 -1.0
0.907845973969 -1.0
0.907866954803 1.0
0.927433013916 -1.0
0.927644968033 1.0
0.98476600647 -1.0
0.984783887863 1.0
1.00477600098 -1.0
1.00757980347 -1.0
1.0078458786 1.0
1.03774094582 -1.0
1.03807091713 1.0
1.09664082527 -1.0
1.09664988518 1.0
1.15310692787 -1.0
1.17569088936 -1.0
1.17778682709 1.0
1.23072886467 -1.0
1.23074483871 1.0
1.25213289261 -1.0
1.25802397728 -1.0
1.25804686546 1.0
1.26113891602 -1.0
1.26235890388 -1.0
1.26236581802 1.0
1.26263785362 -1.0
1.26376581192 -1.0
1.26377081871 1.0
1.26393985748 -1.0
1.27095985413 -1.0
1.27096486092 1.0
1.27777099609 -1.0
1.27777791023 1.0
1.2778968811 1.0
1.29145097733 -1.0
1.29147195816 1.0
1.29742193222 -1.0
1.30118894577 -1.0
1.30121397972 1.0
1.31292295456 -1.0
1.31824994087 -1.0
1.3182618618 1.0
1.32077789307 -1.0
1.35927295685 1.0
1.37895894051 -1.0
1.37900781631 1.0
1.39840292931 -1.0
1.43527889252 1.0
1.44326496124 -1.0
1.45336294174 -1.0
1.45338988304 1.0
1.45486783981 -1.0
1.45488500595 1.0
1.48352885246 1.0
1.48452401161 -1.0
1.52327489853 1.0
1.5406730175 -1.0
1.54068183899 1.0
1.5966989994 -1.0
1.63208293915 -1.0
1.67122888565 1.0
1.69083499908 -1.0
1.70475101471 -1.0
1.70477581024 1.0
1.72441482544 -1.0
1.72445392609 1.0
1.78042984009 -1.0
1.78051781654 1.0
1.78268194199 -1.0
1.78270888329 1.0
1.79079389572 -1.0
1.79081678391 1.0
1.79555797577 -1.0
1.79556798935 1.0
1.79566478729 1.0
1.79792881012 -1.0
1.79793596268 1.0
1.8004128933 -1.0
1.8092019558 -1.0
1.80920886993 1.0
1.81216096878 -1.0
1.81217098236 1.0
1.82905483246 -1.0
1.82906579971 1.0
1.83001494408 -1.0
1.83003687859 1.0
1.83648586273 -1.0
1.83957791328 -1.0
1.83960294724 1.0
1.84271788597 -1.0
1.84375 -1.0
1.84375691414 1.0
1.84517192841 -1.0
1.84517884254 1.0
1.84858584404 -1.0
1.85177779198 -1.0
1.85180187225 1.0
1.86117696762 -1.0
1.8611869812 1.0
1.87150096893 -1.0
1.87159585953 1.0
1.90186882019 -1.0
1.92687392235 1.0
1.98477292061 -1.0
2.18697285652 -1.0
2.2232708931 1.0
2.24315190315 -1.0
2.24317097664 1.0
2.25136685371 -1.0
2.25137591362 1.0
2.25732588768 -1.0
2.25733280182 1.0
2.26302480698 -1.0
2.26303195953 1.0
2.26310801506 1.0
2.28269481659 -1.0
2.31113195419 1.0
2.33084487915 -1.0
2.41663694382 1.0
2.43646597862 -1.0
2.43649697304 1.0
2.45595979691 -1.0
2.49054288864 -1.0
2.49650096893 -1.0
2.49652290344 1.0
2.50641989708 -1.0
2.50644397736 1.0
2.51609778404 -1.0
2.52177000046 -1.0
2.52177786827 1.0
2.54136300087 -1.0
2.55603289604 -1.0
2.55604100227 1.0
2.57565784454 -1.0
2.57576084137 1.0
2.63281989098 -1.0
2.71776390076 -1.0
2.72176885605 -1.0
2.72179579735 1.0
2.72807383537 -1.0
2.728099823 1.0
2.73485589027 -1.0
2.73486399651 1.0
2.7415368557 -1.0
2.74166679382 1.0
2.74890089035 -1.0
2.74892187119 1.0
2.76131892204 -1.0
2.79923987389 1.0
4.78424596786 1.0
4.78460979462 1.0
4.80451798439 -1.0
4.80452680588 1.0
4.8609650135 -1.0
5.78468298912 1.0
5.78493595123 1.0
5.80430388451 -1.0
5.80431389809 1.0
5.80439400673 -1.0
5.82388591766 -1.0
5.84994888306 -1.0
5.84995985031 1.0
6.3037109375 -1.0
6.30373978615 1.0
6.78561496735 1.0
6.78584599495 1.0
6.80544781685 -1.0
6.80546092987 1.0
6.86105585098 -1.0
7.49288201332 -1.0
7.49290800095 1.0
7.72004580498 -1.0
7.72006988525 1.0
14.9878349304 -1.0
14.9878559113 1.0
15.0376617908 -1.0
15.0376689434 1.0
15.057215929 -1.0
15.0572259426 1.0
