0.017707824707 -1.0
0.0336220264435 -1.0
0.0726318359375 1.0
0.0885088443756 -1.0
0.088928937912 1.0
0.0922288894653 -1.0
0.128650903702 1.0
0.147271871567 -1.0
0.147280931473 1.0
0.148291826248 -1.0
0.148339033127 1.0
0.203356981277 -1.0
0.203364849091 1.0
0.209632873535 -1.0
0.248629808426 1.0
0.259243011475 -1.0
0.268281936646 -1.0
0.268877983093 1.0
0.327245950699 -1.0
0.339432954788 -1.0
0.380594968796 1.0
0.405522823334 -1.0
0.444622993469 1.0
0.464643955231 -1.0
0.464978933334 1.0
0.523209810257 -1.0
0.53771686554 -1.0
0.538496017456 1.0
0.581128835678 -1.0
0.61751294136 -1.0
0.617527008057 1.0
0.617645025253 -1.0
0.637014865875 -1.0
0.637023925781 1.0
0.65663599968 -1.0
0.659464836121 1.0
0.715366840363 -1.0
0.7153840065 1.0
0.771245956421 -1.0
0.776291847229 -1.0
0.816630840302 1.0
0.836772918701 -1.0
0.843904972076 -1.0
0.843935012817 1.0
0.844661951065 -1.0
0.84468793869 1.0
0.860777854919 -1.0
0.860786914825 1.0
0.863394021988 -1.0
0.863416910172 1.0
0.865005016327 1.0
0.880227804184 -1.0
0.880466938019 -1.0
0.880496025085 1.0
0.882931947708 -1.0
0.88303899765 1.0
0.887161016464 -1.0
0.887172937393 1.0
0.890903949738 -1.0
0.890931844711 1.0
0.89200091362 -1.0
0.89999294281 -1.0
0.900013923645 1.0
0.901012897491 -1.0
0.902743816376 -1.0
0.902752876282 1.0
0.922304868698 -1.0
0.922313928604 1.0
0.923318862915 -1.0
0.923342943192 1.0
0.941177845001 -1.0
0.941926002502 -1.0
0.941933870316 1.0
0.971841812134 -1.0
0.971853017807 1.0
1.03130483627 -1.0
1.0596818924 -1.0
1.05995583534 1.0
1.07812285423 -1.0
1.07817387581 1.0
1.07846093178 -1.0
1.07866191864 -1.0
1.07868289948 1.0
1.07961201668 -1.0
1.08485603333 -1.0
1.08487486839 1.0
1.09608793259 -1.0
1.10489296913 -1.0
1.10490703583 1.0
1.10644602776 -1.0
1.10646986961 1.0
1.12154102325 -1.0
1.12454485893 -1.0
1.1245508194 1.0
1.1257019043 1.0
1.12791585922 -1.0
1.12793898582 1.0
1.14077186584 -1.0
1.14079785347 1.0
1.14399194717 -1.0
1.16734886169 -1.0
1.16736793518 1.0
1.1869738102 -1.0
1.19254803658 1.0
1.21226191521 -1.0
1.24863386154 1.0
1.26774191856 -1.0
1.2681388855 -1.0
1.26815986633 1.0
1.27773594856 -1.0
1.27776288986 1.0
1.27783989906 1.0
1.28776502609 -1.0
1.30997991562 1.0
1.32959485054 -1.0
1.32961702347 1.0
1.3491590023 -1.0
1.3886179924 1.0
1.53629183769 -1.0
1.57262301445 1.0
1.59543681145 -1.0
1.61136984825 -1.0
1.61140680313 1.0
1.63116693497 -1.0
1.63120985031 1.0
1.63840389252 -1.0
1.63844585419 1.0
1.64159393311 -1.0
1.64160299301 1.0
1.64604997635 -1.0
1.6510989666 -1.0
1.65110492706 1.0
1.65324187279 -1.0
1.65326189995 1.0
1.65393090248 -1.0
1.65395402908 1.0
1.65621995926 -1.0
1.65631484985 1.0
1.66692686081 -1.0
1.66694998741 1.0
1.67057800293 -1.0
1.68861484528 -1.0
1.68864583969 1.0
1.69234395027 -1.0
1.69235301018 1.0
1.69244980812 -1.0
1.69894099236 -1.0
1.69894981384 1.0
1.70539689064 -1.0
1.70540499687 1.0
1.70881390572 -1.0
1.70882081985 1.0
1.70893001556 1.0
1.71129488945 -1.0
1.71131801605 1.0
1.72351098061 -1.0
1.72353482246 1.0
1.72847390175 -1.0
1.76462888718 1.0
1.76735496521 -1.0
1.76736497879 1.0
1.78425598145 -1.0
1.78430080414 1.0
1.82329392433 -1.0
1.82330703735 1.0
1.87936282158 -1.0
2.14152884483 -1.0
2.14154887199 1.0
2.17323899269 -1.0
2.17326188087 1.0
2.18422603607 -1.0
2.18423485756 1.0
2.19292497635 -1.0
2.19293785095 1.0
2.21319103241 -1.0
2.21320986748 1.0
2.21508789062 -1.0
2.21509695053 1.0
2.23291087151 -1.0
2.23291897774 1.0
2.26152586937 -1.0
2.26153588295 1.0
2.31199789047 1.0
2.33173203468 -1.0
2.41711902618 1.0
2.42760396004 -1.0
2.42761492729 1.0
2.43335795403 -1.0
2.43337798119 1.0
2.44738388062 -1.0
2.44739603996 1.0
2.44740390778 -1.0
2.45257091522 -1.0
2.45258784294 1.0
2.47226881981 -1.0
2.47227787971 1.0
2.4919090271 -1.0
2.4967918396 -1.0
2.49679899216 1.0
2.51650691032 -1.0
2.5526239872 1.0
2.71119403839 -1.0
2.71126294136 1.0
2.71652388573 -1.0
2.71654891968 1.0
2.72171998024 -1.0
2.72174501419 1.0
2.73131489754 -1.0
2.73133802414 1.0
2.74261498451 -1.0
2.74264001846 1.0
2.75137400627 -1.0
2.75139784813 1.0
2.81045985222 -1.0
2.81050491333 1.0
2.82088088989 -1.0
2.82090592384 1.0
2.83023500443 -1.0
2.83025288582 1.0
4.95210695267 1.0
4.95238399506 1.0
4.97212696075 -1.0
4.97214388847 1.0
5.03154587746 -1.0
5.95260596275 1.0
5.97253680229 -1.0
5.9725458622 1.0
5.99202394485 -1.0
6.19017386436 -1.0
6.19020199776 1.0
6.95282387733 1.0
6.95309090614 1.0
6.9724650383 -1.0
6.97248482704 1.0
6.97271990776 -1.0
6.99200201035 -1.0
7.47929787636 -1.0
7.47933602333 1.0
7.71278381348 -1.0
7.71280384064 1.0
14.9759030342 -1.0
14.9759278297 1.0
15.9578518867 -1.0
15.9578719139 1.0
16.0161528587 -1.0
16.0161678791 1.0
16.0357108116 -1.0
16.0357248783 1.0
28.2799189091 1.0
28.2999038696 -1.0
28.3001918793 -1.0
28.3002018929 1.0
28.3006699085 1.0
28.3347079754 -1.0
28.335162878 1.0
28.3932788372 -1.0
29.6662528515 -1.0
29.7046229839 1.0
