0.062285900116 -1.0
0.0789330005646 -1.0
0.0794100761414 1.0
0.138570070267 -1.0
0.14835691452 -1.0
0.18533205986 1.0
0.211678981781 -1.0
0.212620973587 1.0
0.233330011368 -1.0
0.234055042267 1.0
0.26313996315 -1.0
0.263151884079 1.0
0.282810926437 -1.0
0.282983064651 1.0
0.333206892014 -1.0
0.333219051361 1.0
0.390336990356 -1.0
0.392006874084 -1.0
0.429338932037 1.0
0.454108953476 -1.0
0.48484992981 1.0
0.512594938278 -1.0
0.549345970154 1.0
0.569098949432 -1.0
0.569921970367 1.0
0.618247032166 -1.0
0.618270874023 1.0
0.675019979477 -1.0
0.675034999847 1.0
0.688402891159 -1.0
0.725317955017 1.0
0.734327077866 -1.0
0.811121940613 -1.0
0.811474084854 1.0
0.830591917038 -1.0
0.830624103546 1.0
0.83104300499 -1.0
0.832155942917 -1.0
0.832164049149 1.0
0.835100889206 -1.0
0.84464097023 -1.0
0.84465098381 1.0
0.845551967621 -1.0
0.850296020508 -1.0
0.850305080414 1.0
0.851680040359 -1.0
0.859284877777 1.0
0.8657579422 -1.0
0.865781068802 1.0
0.872988939285 -1.0
0.873090028763 -1.0
0.873095035553 1.0
0.877842903137 -1.0
0.877862930298 1.0
0.878887891769 -1.0
0.878895998001 1.0
0.883625030518 -1.0
0.883644104004 1.0
0.898709058762 -1.0
0.898744106293 1.0
0.898870944977 -1.0
0.898875951767 1.0
0.902673006058 -1.0
0.902698040009 1.0
0.918554067612 -1.0
0.918735980988 1.0
0.938384056091 -1.0
0.938405036926 1.0
0.961265087128 -1.0
0.961276054382 1.0
0.997477054596 -1.0
0.997515916824 1.0
0.997601032257 1.0
1.05148506165 -1.0
1.08933210373 1.0
1.10885190964 -1.0
1.10895705223 1.0
1.11217498779 1.0
1.12846207619 -1.0
1.16534900665 1.0
1.1704249382 -1.0
1.17043304443 1.0
1.18513703346 -1.0
1.22133302689 1.0
1.22665500641 -1.0
1.24113798141 -1.0
1.26241707802 -1.0
1.26245808601 1.0
1.26571106911 -1.0
1.26573705673 1.0
1.26614308357 -1.0
1.26614999771 1.0
1.27044606209 -1.0
1.27045297623 1.0
1.27056097984 1.0
1.27201509476 -1.0
1.2720220089 1.0
1.27212905884 -1.0
1.27270197868 -1.0
1.27270793915 1.0
1.28264808655 -1.0
1.28267097473 1.0
1.28563594818 -1.0
1.28565788269 1.0
1.30928587914 -1.0
1.31224393845 -1.0
1.31225204468 1.0
1.3230650425 -1.0
1.32308888435 1.0
1.33183693886 -1.0
1.33903288841 -1.0
1.33904099464 1.0
1.33911895752 1.0
1.35877490044 -1.0
1.39733600616 1.0
1.39868187904 -1.0
1.39868998528 1.0
1.45837497711 -1.0
1.59602999687 -1.0
1.59609508514 1.0
1.61592006683 -1.0
1.65333199501 1.0
1.67299389839 -1.0
1.68834710121 -1.0
1.6883919239 1.0
1.70797395706 -1.0
1.70802092552 1.0
1.72051596642 -1.0
1.72054290771 1.0
1.72473597527 -1.0
1.72977399826 -1.0
1.7297809124 1.0
1.73627090454 -1.0
1.73629188538 1.0
1.7503759861 -1.0
1.75044107437 1.0
1.76230692863 -1.0
1.76233005524 1.0
1.76512503624 -1.0
1.77022504807 -1.0
1.77023100853 1.0
1.77049589157 -1.0
1.77051496506 1.0
1.77068901062 -1.0
1.77789306641 -1.0
1.77790188789 1.0
1.77856206894 -1.0
1.77910208702 -1.0
1.77910900116 1.0
1.77933096886 -1.0
1.77942800522 1.0
1.78129887581 -1.0
1.78132295609 1.0
1.78970503807 -1.0
1.7915930748 -1.0
1.79159998894 1.0
1.79908490181 -1.0
1.79909205437 1.0
1.81155395508 -1.0
1.81155991554 -1.0
1.81158900261 1.0
1.81185507774 -1.0
1.81187200546 1.0
1.81633496284 -1.0
1.81636095047 1.0
1.8217959404 -1.0
1.83127999306 -1.0
1.83128809929 1.0
1.83465504646 -1.0
1.83468294144 1.0
1.8511068821 -1.0
1.85121893883 1.0
1.91664505005 -1.0
2.04795694351 -1.0
2.07311701775 1.0
2.13060593605 -1.0
2.31988096237 -1.0
2.35734009743 1.0
2.36240887642 -1.0
2.36242103577 1.0
2.37703704834 -1.0
2.37704610825 1.0
2.42708706856 -1.0
2.42709493637 1.0
2.43765807152 -1.0
2.43766498566 1.0
2.44676589966 -1.0
2.44677209854 1.0
2.48108792305 -1.0
2.48109602928 1.0
2.52879810333 1.0
2.54849410057 -1.0
2.63707995415 1.0
2.64773392677 -1.0
2.65591406822 -1.0
2.6559510231 1.0
2.65712594986 -1.0
2.65713405609 1.0
2.65861988068 -1.0
2.65863800049 1.0
2.67564892769 -1.0
2.67716288567 -1.0
2.67717409134 1.0
2.69674897194 -1.0
2.70939803123 -1.0
2.70940709114 1.0
2.72905492783 -1.0
2.72915291786 1.0
2.78652501106 -1.0
2.92486310005 -1.0
2.92876195908 -1.0
2.92879295349 1.0
2.93567800522 -1.0
2.93570303917 1.0
2.94837188721 -1.0
2.95605111122 -1.0
2.95605802536 1.0
2.97738289833 -1.0
3.01733493805 1.0
3.03745102882 -1.0
3.03747200966 -1.0
3.03752803802 1.0
3.05701088905 -1.0
3.05704498291 1.0
3.05713891983 1.0
3.07664895058 -1.0
5.26977205276 1.0
5.28940105438 -1.0
5.28941106796 1.0
5.30930995941 -1.0
6.21328997612 -1.0
6.25331687927 1.0
6.26998090744 1.0
6.27025294304 1.0
6.29027605057 -1.0
6.29028391838 1.0
6.29050803185 -1.0
6.31004595757 -1.0
6.41555190086 -1.0
6.4155728817 1.0
7.27024292946 1.0
7.28981304169 -1.0
7.65245509148 -1.0
7.6524848938 1.0
8.07805800438 -1.0
8.07808494568 1.0
15.1570611 -1.0
15.1570808887 1.0
