0.0 -1.0
0.000587940216064 1.0
0.0201148986816 -1.0
0.039647102356 -1.0
0.0597589015961 -1.0
0.100058078766 -1.0
0.148629903793 -1.0
0.154992103577 -1.0
0.174690008163 -1.0
0.175498962402 1.0
0.204669952393 -1.0
0.22775387764 -1.0
0.247355937958 -1.0
0.267354011536 -1.0
0.299930095673 -1.0
0.32048201561 -1.0
0.320915937424 1.0
0.340576887131 -1.0
0.360720872879 -1.0
0.410132884979 -1.0
0.466985940933 -1.0
0.468709945679 -1.0
0.505232095718 1.0
0.524720907211 -1.0
0.558120965958 -1.0
0.616950035095 -1.0
0.66964507103 -1.0
0.727469921112 -1.0
0.749866962433 -1.0
0.750277996063 1.0
0.769991874695 -1.0
0.801938056946 -1.0
0.912046909332 -1.0
0.920142889023 -1.0
0.939550876617 -1.0
0.959282875061 -1.0
0.978969097137 -1.0
0.980365991592 -1.0
0.980381011963 1.0
1.00005888939 -1.0
1.01956009865 -1.0
1.07948994637 -1.0
1.10256290436 -1.0
1.27356791496 -1.0
1.33310198784 -1.0
1.33384895325 1.0
1.35347890854 -1.0
1.48884892464 -1.0
1.4891679287 -1.0
1.54744696617 -1.0
1.58842110634 -1.0
1.60854792595 -1.0
1.66741108894 -1.0
1.79344105721 -1.0
2.12350893021 -1.0
2.12353897095 1.0
2.14348506927 -1.0
2.14371204376 -1.0
2.16295599937 -1.0
2.42954087257 -1.0
2.44939303398 -1.0
2.57463502884 -1.0
2.75429487228 -1.0
2.75431394577 1.0
2.77187490463 -1.0
2.77377104759 -1.0
2.77632904053 -1.0
2.78599095345 -1.0
2.79119300842 -1.0
2.79348802567 -1.0
2.7934949398 1.0
2.8133020401 -1.0
2.82388591766 -1.0
2.82956695557 -1.0
2.83434891701 -1.0
2.84412097931 -1.0
2.89593791962 -1.0
2.93408894539 -1.0
2.95106887817 -1.0
2.95107698441 1.0
2.95293307304 -1.0
2.97214698792 -1.0
2.97237300873 -1.0
3.17700505257 -1.0
3.29436993599 -1.0
3.30376601219 -1.0
3.32338905334 -1.0
3.35511994362 -1.0
3.35514998436 1.0
3.46773910522 -1.0
3.77139997482 -1.0
3.78576993942 -1.0
3.78673005104 -1.0
3.79107904434 -1.0
3.79173207283 -1.0
3.79173994064 1.0
3.81054592133 -1.0
3.81555008888 -1.0
3.82634806633 -1.0
3.82657003403 -1.0
3.83533906937 -1.0
3.84274101257 -1.0
3.86220097542 -1.0
3.9169280529 -1.0
3.92081189156 -1.0
3.92081809044 1.0
3.94033288956 -1.0
3.95815205574 -1.0
3.95987296104 -1.0
3.97385191917 -1.0
3.97945690155 -1.0
4.30444002151 -1.0
4.30446505547 1.0
4.32072591782 -1.0
4.32392597198 -1.0
4.32512903214 -1.0
4.33550190926 -1.0
4.34215402603 -1.0
4.34366106987 -1.0
4.34366703033 1.0
4.35142087936 -1.0
4.3608789444 -1.0
4.36118507385 -1.0
4.36311602592 -1.0
4.36561393738 -1.0
4.38147997856 -1.0
4.38277387619 -1.0
4.42122292519 1.0
4.44077396393 -1.0
4.45992207527 -1.0
4.46028804779 -1.0
4.95606589317 1.0
4.97597098351 -1.0
4.99549293518 -1.0
7.57958889008 -1.0
7.71579408646 -1.0
15.1401329041 -1.0
15.2007660866 -1.0
15.2203569412 -1.0
15.220375061 1.0
