0.0 1.0
0.0133900642395 -1.0
0.0558390617371 -1.0
0.111779928207 -1.0
0.216825962067 -1.0
0.236929893494 -1.0
0.30859208107 -1.0
0.329571008682 -1.0
0.32986497879 1.0
0.33394408226 -1.0
0.349618911743 -1.0
0.36541390419 -1.0
0.369149923325 -1.0
0.427766084671 -1.0
0.4631960392 -1.0
0.519946098328 -1.0
0.556467056274 1.0
0.573484897614 -1.0
0.575973987579 -1.0
0.586821079254 -1.0
0.595854043961 -1.0
0.616446018219 -1.0
0.741811037064 -1.0
0.756470918655 -1.0
0.756514072418 1.0
0.762475013733 -1.0
0.774019956589 -1.0
0.777158975601 -1.0
0.786766052246 -1.0
0.798765897751 -1.0
0.819873094559 -1.0
0.876108884811 -1.0
0.912474870682 1.0
0.932101964951 -1.0
0.940497875214 -1.0
0.951279878616 -1.0
0.960211038589 -1.0
0.976119995117 -1.0
0.979701042175 -1.0
1.07950997353 -1.0
1.11841201782 -1.0
1.14206409454 -1.0
1.14223504066 1.0
1.16168189049 -1.0
1.19985294342 -1.0
1.22000002861 -1.0
1.25224089622 -1.0
1.25786709785 -1.0
1.27743697166 -1.0
1.34999394417 -1.0
1.64553689957 -1.0
1.64556288719 1.0
1.65041303635 -1.0
1.6640329361 -1.0
1.66533589363 -1.0
1.66595888138 -1.0
1.66921401024 -1.0
1.6725730896 -1.0
1.67632198334 -1.0
1.6765089035 -1.0
1.67651391029 1.0
1.68372797966 -1.0
1.68497109413 -1.0
1.70473504066 -1.0
1.76404690742 -1.0
1.78986001015 -1.0
1.8096549511 -1.0
1.8290810585 -1.0
1.82909607887 1.0
1.85490703583 -1.0
1.8595290184 -1.0
1.87433886528 -1.0
2.12885499001 -1.0
2.1317820549 -1.0
2.13288593292 -1.0
2.13289308548 1.0
2.13325190544 -1.0
2.13775897026 -1.0
2.14839291573 -1.0
2.15958189964 -1.0
2.16469097137 -1.0
2.16615390778 -1.0
2.16616106033 1.0
2.16716694832 -1.0
2.16781997681 -1.0
2.18754887581 -1.0
2.20723605156 -1.0
2.22679305077 -1.0
2.25723409653 -1.0
2.25724196434 1.0
2.30053901672 -1.0
2.31042790413 -1.0
2.32011389732 -1.0
4.93519091606 -1.0
4.99205708504 -1.0
5.60601902008 -1.0
5.60604095459 1.0
5.80552506447 -1.0
15.2619400024 -1.0
15.2833359241 -1.0
15.31310606 -1.0
