0.0 -1.0
0.000519037246704 1.0
0.0591850280762 -1.0
0.100464105606 -1.0
0.135596036911 -1.0
0.21101808548 -1.0
0.267250061035 -1.0
0.323223114014 -1.0
0.323372125626 -1.0
0.338390111923 -1.0
0.357908010483 -1.0
0.365431070328 1.0
0.385208129883 -1.0
0.443209171295 -1.0
0.475686073303 -1.0
0.534696102142 -1.0
0.551650047302 -1.0
0.566341161728 -1.0
0.571347951889 -1.0
0.758310079575 -1.0
0.758382081985 1.0
0.882928133011 -1.0
1.00921010971 -1.0
1.01363706589 -1.0
1.01462101936 -1.0
1.03314995766 -1.0
1.04432415962 -1.0
1.05267810822 -1.0
1.08768415451 -1.0
1.08770513535 1.0
1.10729813576 -1.0
1.15593314171 -1.0
1.16655111313 -1.0
1.20631098747 -1.0
1.20969700813 -1.0
1.20979118347 -1.0
1.22590303421 -1.0
1.61938595772 -1.0
1.6194190979 1.0
1.67526316643 -1.0
1.68900799751 -1.0
1.69767308235 -1.0
1.71747612953 -1.0
1.77586197853 -1.0
1.87838506699 -1.0
1.89394903183 -1.0
1.89395713806 1.0
1.89828300476 -1.0
1.97190499306 -1.0
2.3904299736 -1.0
2.39414095879 -1.0
2.39637804031 -1.0
2.39877605438 -1.0
2.40991806984 -1.0
2.40992712975 1.0
2.4106900692 -1.0
2.42687416077 -1.0
2.42937612534 -1.0
2.46734905243 -1.0
2.46960401535 -1.0
2.48638010025 -1.0
2.52111697197 -1.0
2.52113103867 1.0
2.53476715088 -1.0
2.54086017609 -1.0
2.56027507782 -1.0
2.57998800278 -1.0
2.62083101273 -1.0
2.64036417007 -1.0
2.64038515091 1.0
2.64700698853 -1.0
2.65993905067 -1.0
2.99703216553 -1.0
3.00428915024 -1.0
3.00626015663 -1.0
3.00738811493 -1.0
3.01716017723 -1.0
3.01716709137 1.0
3.01717305183 -1.0
3.01718497276 -1.0
3.03678202629 -1.0
3.03885006905 -1.0
3.05624103546 -1.0
3.08220100403 -1.0
3.08221316338 1.0
3.10166096687 -1.0
3.17585611343 -1.0
3.17608118057 -1.0
3.19537711143 -1.0
3.21480703354 -1.0
3.25378799438 -1.0
3.25385117531 1.0
4.96626210213 -1.0
4.96640515327 -1.0
4.98618102074 -1.0
5.77495908737 -1.0
5.89679908752 -1.0
5.94682002068 1.0
5.96690106392 -1.0
15.1204409599 -1.0
15.2023379803 -1.0
15.2221260071 -1.0
