0.0 -1.0
0.000729084014893 -1.0
0.000770092010498 1.0
0.0601570606232 -1.0
0.146320104599 -1.0
0.203949928284 -1.0
0.259225130081 -1.0
0.316048145294 -1.0
0.350655078888 -1.0
0.350924968719 1.0
0.407971143723 -1.0
0.4295129776 -1.0
0.444519042969 -1.0
0.44459104538 -1.0
0.464240074158 -1.0
0.484313964844 -1.0
0.52791595459 -1.0
0.578956127167 -1.0
0.618443012238 1.0
0.638169050217 -1.0
0.655817985535 -1.0
0.655833005905 -1.0
0.670356988907 -1.0
0.675363063812 -1.0
0.753036975861 -1.0
0.905538082123 -1.0
0.911462068558 -1.0
0.912003993988 -1.0
0.931118965149 -1.0
0.941327095032 -1.0
0.94137096405 1.0
0.941986083984 -1.0
0.94206404686 -1.0
0.96114397049 -1.0
0.983677148819 -1.0
1.00322294235 -1.0
1.06193709373 -1.0
1.0619931221 -1.0
1.08173108101 -1.0
1.08181595802 1.0
1.10695195198 -1.0
1.12693810463 -1.0
1.1903181076 -1.0
1.25004506111 -1.0
1.32794594765 -1.0
1.48429203033 -1.0
1.52644705772 1.0
1.55325102806 -1.0
1.58483409882 -1.0
1.60443711281 -1.0
1.63150691986 -1.0
1.68473005295 -1.0
1.70946097374 -1.0
1.72931599617 -1.0
1.78075003624 1.0
1.83999705315 -1.0
2.20165205002 -1.0
2.21516299248 -1.0
2.22152614594 -1.0
2.22197008133 -1.0
2.23684692383 -1.0
2.23695802689 -1.0
2.2370929718 -1.0
2.24206113815 -1.0
2.24206709862 1.0
2.28009605408 -1.0
2.3017449379 -1.0
2.3213660717 -1.0
2.35857105255 -1.0
2.37832212448 -1.0
2.3981590271 -1.0
2.40337014198 -1.0
2.40337896347 1.0
2.41777992249 -1.0
2.43654704094 -1.0
2.43717193604 -1.0
2.83183503151 -1.0
2.84664702415 -1.0
2.85555005074 -1.0
2.85557603836 1.0
2.86718893051 -1.0
2.87266898155 -1.0
2.87512302399 -1.0
2.90828204155 -1.0
2.92798709869 -1.0
2.94754600525 -1.0
2.94756793976 1.0
2.9867310524 -1.0
3.03001999855 -1.0
3.03023910522 -1.0
3.04624605179 -1.0
3.10694408417 -1.0
3.10697007179 1.0
5.12048506737 -1.0
5.17629098892 -1.0
5.62234592438 -1.0
5.7833070755 -1.0
15.3563849926 -1.0
15.3564040661 1.0
15.4358260632 -1.0
15.4552900791 -1.0
