0.0 -1.0
0.192093133926 1.0
0.248504161835 -1.0
0.391421079636 -1.0
0.448099136353 -1.0
0.644888162613 -1.0
0.66498208046 -1.0
0.684663057327 -1.0
0.917189121246 -1.0
0.917199134827 1.0
0.937613010406 -1.0
0.972086191177 -1.0
0.994973182678 -1.0
1.00284314156 -1.0
1.00457000732 -1.0
1.00621700287 -1.0
1.00637102127 -1.0
1.01469302177 -1.0
1.0184481144 -1.0
1.03812408447 -1.0
1.04090714455 -1.0
1.04091620445 1.0
1.05152916908 -1.0
1.06054902077 -1.0
1.08003902435 -1.0
1.10087609291 -1.0
1.12052297592 -1.0
1.17740297318 -1.0
1.20687818527 -1.0
1.20702314377 -1.0
1.20702815056 1.0
1.34429812431 -1.0
1.36383008957 -1.0
1.36966609955 -1.0
1.38357901573 -1.0
1.43755817413 -1.0
1.49347305298 -1.0
1.49869608879 1.0
1.51859903336 -1.0
1.54092502594 -1.0
1.54097414017 -1.0
1.56706309319 -1.0
1.62508201599 -1.0
1.64490509033 -1.0
1.64555001259 -1.0
1.66462111473 -1.0
1.66465115547 1.0
1.77629303932 -1.0
1.78556704521 -1.0
1.84433102608 -1.0
1.89404797554 -1.0
1.90826511383 -1.0
1.90831398964 -1.0
1.92800402641 -1.0
1.99220013618 -1.0
1.99222111702 1.0
2.04248309135 -1.0
2.11115002632 -1.0
2.11132311821 -1.0
2.11149716377 -1.0
2.12574315071 -1.0
2.13090705872 -1.0
2.15084719658 -1.0
2.15148019791 1.0
2.16619515419 -1.0
2.17139601707 -1.0
2.17489910126 -1.0
2.19180107117 -1.0
2.19201016426 -1.0
2.19445300102 -1.0
2.24191713333 -1.0
2.24206614494 1.0
2.2445101738 -1.0
2.26162409782 -1.0
2.29846119881 -1.0
2.41127109528 -1.0
2.7367041111 -1.0
2.77434515953 -1.0
2.77738499641 -1.0
2.77739214897 1.0
2.79407906532 -1.0
2.79920005798 -1.0
2.79938197136 -1.0
2.81360006332 -1.0
2.8145210743 -1.0
2.81470012665 -1.0
2.81470513344 1.0
2.81485414505 -1.0
2.83307003975 -1.0
2.85252213478 -1.0
2.85654616356 -1.0
2.8720831871 -1.0
2.89317703247 -1.0
2.89318919182 1.0
2.91272807121 -1.0
3.20188808441 -1.0
4.55629205704 -1.0
4.57580804825 -1.0
9.37726211548 1.0
9.39738106728 -1.0
9.39755296707 -1.0
9.39755702019 -1.0
9.39776206017 -1.0
9.39798903465 -1.0
9.45666003227 -1.0
9.4623529911 -1.0
9.47632002831 -1.0
9.56719303131 -1.0
9.56720614433 1.0
9.58803606033 -1.0
10.3432610035 -1.0
10.4308331013 -1.0
10.4504921436 -1.0
14.4832191467 -1.0
15.4638411999 1.0
15.4834771156 -1.0
15.5030121803 -1.0
19.3986201286 -1.0
19.3986439705 -1.0
19.3986470699 -1.0
19.4185140133 -1.0
19.4190402031 -1.0
19.4194180965 1.0
19.4549691677 -1.0
19.5133299828 -1.0
19.5335190296 -1.0
19.6652600765 -1.0
19.7976770401 -1.0
24.6857390404 -1.0
25.6663219929 1.0
25.6861691475 -1.0
25.7056920528 -1.0
