0.0 -1.0
2.31266021729e-05 1.0
0.048376083374 -1.0
0.0633151531219 -1.0
0.069885969162 -1.0
0.0829441547394 -1.0
0.148959159851 -1.0
0.178445100784 -1.0
0.18106007576 1.0
0.239773988724 -1.0
0.26712012291 -1.0
0.323889970779 -1.0
0.356328010559 -1.0
0.385380029678 -1.0
0.43271613121 1.0
0.450571060181 -1.0
0.493777990341 -1.0
0.506541967392 -1.0
0.53759598732 -1.0
0.596918106079 -1.0
0.616775035858 -1.0
0.618509054184 -1.0
0.62445807457 -1.0
0.624480962753 1.0
0.644307136536 -1.0
0.702488183975 -1.0
0.722400188446 -1.0
0.746294975281 -1.0
0.759725093842 1.0
0.765907049179 -1.0
0.815848112106 -1.0
0.822653055191 -1.0
0.872900009155 -1.0
0.879670143127 -1.0
0.899790048599 -1.0
0.919388055801 -1.0
0.958769083023 1.0
0.971029043198 -1.0
0.978306055069 -1.0
0.978854179382 -1.0
0.988748073578 -1.0
0.99004817009 -1.0
0.997802019119 -1.0
1.01563596725 -1.0
1.015802145 -1.0
1.01581716537 1.0
1.01750206947 -1.0
1.04137015343 -1.0
1.0614130497 -1.0
1.08866119385 -1.0
1.10251498222 -1.0
1.10814118385 -1.0
1.12797904015 -1.0
1.13674807549 -1.0
1.156676054 -1.0
1.17660117149 -1.0
1.19639611244 -1.0
1.23474311829 1.0
1.25506496429 -1.0
1.31240606308 -1.0
1.331854105 -1.0
1.33236813545 -1.0
1.35231804848 -1.0
1.41034913063 -1.0
1.41074800491 1.0
1.43068909645 -1.0
1.49049711227 -1.0
1.50071501732 -1.0
1.52041006088 -1.0
1.57998013496 -1.0
1.63832998276 -1.0
1.65805912018 -1.0
1.65808701515 1.0
1.67774105072 -1.0
1.71596813202 -1.0
1.73917198181 -1.0
1.74999499321 -1.0
1.77472305298 -1.0
1.79439115524 -1.0
1.7944149971 1.0
1.85815906525 -1.0
1.87642216682 -1.0
1.91625499725 -1.0
1.94421219826 -1.0
1.96158599854 -1.0
1.98120713234 -1.0
2.0154531002 -1.0
2.01547908783 1.0
2.1457760334 -1.0
2.1594350338 -1.0
2.16456818581 -1.0
2.16531300545 -1.0
2.18085408211 -1.0
2.18103909492 -1.0
2.20233917236 -1.0
2.20262718201 -1.0
2.2147500515 -1.0
2.21475505829 1.0
2.22188615799 -1.0
2.22402906418 -1.0
2.24357199669 -1.0
2.30232214928 -1.0
2.32404017448 -1.0
2.3436050415 -1.0
2.39869499207 -1.0
2.39872097969 1.0
2.4021191597 -1.0
2.41836118698 -1.0
2.73766899109 -1.0
2.75729513168 -1.0
2.77224111557 -1.0
2.77506518364 -1.0
2.77717113495 -1.0
2.77718400955 1.0
2.78433012962 -1.0
2.79613018036 -1.0
2.79666519165 -1.0
2.79692196846 -1.0
2.79848313332 -1.0
2.81658911705 -1.0
2.81659412384 1.0
2.8360581398 -1.0
2.83854913712 -1.0
2.85582017899 -1.0
2.8952190876 -1.0
2.9149889946 -1.0
2.95576810837 -1.0
2.95580601692 1.0
2.97386002541 -1.0
2.97541999817 -1.0
5.11666917801 -1.0
5.17209601402 -1.0
5.3613820076 -1.0
5.49301719666 -1.0
5.49304199219 1.0
6.11646103859 -1.0
6.11647415161 -1.0
6.11658000946 -1.0
6.13600802422 -1.0
7.11670613289 -1.0
7.28891205788 1.0
7.30863904953 -1.0
7.32844805717 -1.0
7.34696602821 -1.0
7.38512516022 -1.0
7.4444360733 -1.0
16.0506281853 -1.0
16.1403770447 -1.0
16.1404070854 1.0
16.1598410606 -1.0
16.2284770012 -1.0
