0.0 -1.0
1.09672546387e-05 1.0
0.0198268890381 -1.0
0.052857875824 -1.0
0.109597921371 -1.0
0.13552904129 -1.0
0.169991016388 -1.0
0.19001698494 -1.0
0.249569892883 -1.0
0.267245054245 -1.0
0.305506944656 -1.0
0.305513858795 1.0
0.328355073929 -1.0
0.329211950302 -1.0
0.342375040054 -1.0
0.357606887817 -1.0
0.361996889114 -1.0
0.451519966125 -1.0
0.509646892548 -1.0
0.594626903534 -1.0
0.731600999832 -1.0
0.854430913925 -1.0
0.893965005875 1.0
0.979470968246 -1.0
0.993083000183 -1.0
0.998224020004 -1.0
1.01258397102 -1.0
1.01408004761 -1.0
1.01423692703 -1.0
1.03242397308 -1.0
1.03866386414 -1.0
1.06998491287 1.0
1.08964800835 -1.0
1.12988901138 -1.0
1.14550805092 -1.0
1.16506385803 -1.0
1.17950487137 -1.0
1.18468594551 -1.0
1.25036501884 -1.0
1.7712829113 -1.0
1.77131199837 1.0
1.82395386696 -1.0
1.84968900681 -1.0
1.86954593658 -1.0
1.92755889893 -1.0
1.98575997353 -1.0
2.0482070446 -1.0
2.04823088646 1.0
2.11904597282 -1.0
2.52694702148 -1.0
2.53319001198 -1.0
2.53357005119 -1.0
2.53438591957 -1.0
2.54671096802 -1.0
2.54733991623 -1.0
2.54734706879 1.0
2.55386590958 -1.0
2.55397891998 -1.0
2.56629800797 -1.0
2.60530591011 -1.0
2.6249768734 -1.0
2.68044304848 -1.0
2.68205785751 -1.0
2.70159697533 -1.0
2.70160794258 1.0
2.72123384476 -1.0
2.74074792862 -1.0
2.76199483871 -1.0
3.11011099815 -1.0
3.13017606735 -1.0
3.14160084724 -1.0
3.1416079998 1.0
3.14663290977 -1.0
3.14729094505 -1.0
3.14967703819 -1.0
3.16104197502 -1.0
3.16124296188 -1.0
3.16141295433 -1.0
3.16141891479 1.0
3.1692609787 -1.0
3.1848180294 -1.0
3.18817806244 -1.0
3.18885803223 -1.0
3.23029398918 -1.0
3.26733994484 -1.0
3.26734805107 1.0
3.28683686256 -1.0
3.33076286316 -1.0
3.34449195862 -1.0
3.35030007362 -1.0
5.25893187523 1.0
5.27830386162 -1.0
5.29785895348 -1.0
5.72664904594 -1.0
5.92101287842 -1.0
14.9437038898 -1.0
14.9631960392 -1.0
14.9827489853 -1.0
14.9827558994 1.0
