0.0 -1.0
1.09672546387e-05 1.0
0.0259227752686 -1.0
0.0453867912292 -1.0
0.121974945068 -1.0
0.179476976395 -1.0
0.235361814499 -1.0
0.271565914154 1.0
0.28945684433 -1.0
0.291175842285 -1.0
0.345542907715 -1.0
0.347045898438 -1.0
0.405529975891 -1.0
0.411015987396 -1.0
0.430985927582 -1.0
0.563033819199 -1.0
0.571657896042 -1.0
0.571684837341 1.0
0.591194868088 -1.0
0.67339682579 -1.0
0.71802687645 -1.0
0.733803987503 -1.0
0.738242864609 -1.0
0.738792896271 -1.0
0.740298986435 -1.0
0.740309000015 1.0
0.743677854538 -1.0
0.748119831085 -1.0
0.759995937347 -1.0
0.774861812592 -1.0
0.792055845261 -1.0
0.811639785767 -1.0
0.871112823486 -1.0
0.881910800934 -1.0
0.892424821854 -1.0
0.901619911194 -1.0
0.901627779007 1.0
0.90163397789 -1.0
0.921249866486 -1.0
0.923357009888 -1.0
0.940757989883 -1.0
1.00990080833 -1.0
1.01849389076 -1.0
1.02941799164 -1.0
1.02944087982 1.0
1.07056498528 -1.0
1.07855677605 -1.0
1.09017300606 -1.0
1.13595795631 -1.0
1.14157390594 -1.0
1.15585780144 -1.0
1.19776082039 -1.0
1.24069881439 -1.0
1.24725079536 -1.0
1.24728178978 1.0
1.26689291 -1.0
1.39077997208 -1.0
1.62864398956 -1.0
1.64171695709 -1.0
1.64348292351 -1.0
1.64829778671 -1.0
1.64830589294 1.0
1.64916777611 -1.0
1.65034794807 -1.0
1.66328477859 -1.0
1.66774892807 -1.0
1.66782879829 -1.0
1.67805695534 -1.0
1.68731498718 -1.0
1.69914078712 -1.0
1.70673084259 -1.0
1.77436280251 -1.0
1.81163692474 1.0
1.83105492592 -1.0
1.85063481331 -1.0
1.86006593704 -1.0
1.87016391754 -1.0
2.12942481041 -1.0
2.13803386688 -1.0
2.1380507946 1.0
2.13973784447 -1.0
2.14270877838 -1.0
2.14910292625 -1.0
2.16202783585 -1.0
2.16664481163 -1.0
2.16865181923 -1.0
2.16866183281 1.0
2.17473983765 -1.0
2.1882109642 -1.0
2.20763492584 -1.0
2.21465086937 -1.0
2.22708296776 -1.0
2.27128791809 -1.0
2.271296978 1.0
2.33986186981 -1.0
2.34526586533 -1.0
2.35926699638 -1.0
4.98166298866 -1.0
4.98167085648 1.0
5.03776979446 -1.0
5.56639790535 -1.0
5.75512385368 -1.0
5.98171782494 -1.0
6.24345588684 -1.0
15.8335828781 -1.0
15.8336079121 1.0
15.8941040039 -1.0
