0.0 -1.0
0.03959608078 1.0
0.0442111492157 -1.0
0.100227117538 -1.0
0.165680170059 -1.0
0.185700178146 -1.0
0.252361059189 -1.0
0.286377191544 -1.0
0.306066036224 -1.0
0.368298053741 -1.0
0.368321180344 1.0
0.424257993698 -1.0
0.428743124008 -1.0
0.458886146545 -1.0
0.466729164124 -1.0
0.474063158035 -1.0
0.478449106216 -1.0
0.532239198685 -1.0
0.568376064301 -1.0
0.840166091919 -1.0
0.840187072754 1.0
0.918048143387 -1.0
0.919958114624 -1.0
0.924232006073 -1.0
0.930361032486 -1.0
0.937610149384 -1.0
0.948540210724 -1.0
0.948549032211 1.0
0.950105190277 -1.0
0.95011305809 -1.0
0.968132019043 -1.0
0.978704214096 -1.0
0.995805978775 -1.0
0.996229171753 -1.0
0.998337030411 -1.0
1.01788902283 -1.0
1.03756308556 -1.0
1.09345316887 -1.0
1.09346818924 1.0
1.09532809258 -1.0
1.52694416046 -1.0
1.57319021225 -1.0
1.60622906685 -1.0
1.68428015709 -1.0
1.70381903648 -1.0
1.70382714272 1.0
1.76351618767 -1.0
1.87235713005 -1.0
2.23148703575 -1.0
2.25191307068 -1.0
2.26095819473 -1.0
2.26664710045 -1.0
2.26666998863 1.0
2.26961112022 -1.0
2.2862610817 -1.0
2.28790402412 -1.0
2.2903881073 -1.0
2.29070115089 -1.0
2.30734419823 -1.0
2.3097281456 -1.0
2.32930898666 -1.0
2.35181117058 -1.0
2.37179708481 -1.0
2.41160416603 1.0
2.43149900436 -1.0
2.45214104652 -1.0
2.47164702415 -1.0
2.51896905899 -1.0
2.538626194 -1.0
2.83374118805 -1.0
2.83376216888 1.0
2.85342311859 -1.0
2.8628680706 -1.0
2.87364411354 -1.0
2.87924313545 -1.0
2.89298605919 -1.0
2.89340209961 -1.0
2.89340806007 1.0
2.91089510918 -1.0
2.91213297844 -1.0
2.91276717186 -1.0
2.93384218216 -1.0
2.95065617561 -1.0
2.95326113701 -1.0
2.95328211784 1.0
2.98606204987 -1.0
3.04310297966 -1.0
3.06854915619 -1.0
3.08856701851 -1.0
5.23656606674 -1.0
5.23658800125 1.0
5.25602912903 -1.0
5.71048617363 -1.0
5.83627414703 -1.0
15.08131814 -1.0
15.1326160431 -1.0
