0.0 -1.0
0.0617380142212 -1.0
0.0622408390045 1.0
0.0822329521179 -1.0
0.140321969986 -1.0
0.142555952072 -1.0
0.2394759655 -1.0
0.295949935913 -1.0
0.312732934952 1.0
0.327457904816 -1.0
0.369051933289 -1.0
0.36908698082 -1.0
0.38440990448 -1.0
0.444068908691 -1.0
0.444090843201 1.0
0.467656850815 -1.0
0.499315023422 -1.0
0.556272029877 -1.0
0.565088033676 -1.0
0.575825929642 -1.0
0.595530986786 -1.0
0.595559835434 1.0
0.718346834183 -1.0
0.847971916199 -1.0
0.979364871979 -1.0
0.982260942459 -1.0
1.00176692009 -1.0
1.00860095024 -1.0
1.0211918354 -1.0
1.05796003342 -1.0
1.05796980858 1.0
1.07741880417 -1.0
1.10232281685 -1.0
1.11970281601 -1.0
1.12177085876 -1.0
1.13616585732 -1.0
1.14126300812 -1.0
1.16092181206 -1.0
1.22018885612 -1.0
1.239787817 -1.0
1.23983597755 1.0
1.41268181801 -1.0
1.46557784081 -1.0
1.49111390114 -1.0
1.51072502136 -1.0
1.56925392151 -1.0
1.64738583565 -1.0
1.72855591774 -1.0
1.72863197327 1.0
1.83996987343 -1.0
2.18911480904 -1.0
2.19592785835 -1.0
2.19701480865 -1.0
2.19790101051 -1.0
2.20947003365 -1.0
2.26444602013 -1.0
2.26446986198 -1.0
2.28402495384 -1.0
2.28971886635 -1.0
2.28972792625 1.0
2.30933499336 -1.0
2.36667299271 -1.0
2.3683989048 -1.0
2.39056396484 -1.0
2.46258592606 -1.0
2.79987382889 -1.0
2.79989600182 1.0
2.80502986908 -1.0
2.80545401573 -1.0
2.806224823 -1.0
2.81965398788 -1.0
2.86486983299 -1.0
2.86630392075 -1.0
2.86632490158 1.0
2.87837696075 -1.0
2.88596701622 -1.0
2.90004682541 -1.0
2.9195868969 -1.0
2.9775018692 -1.0
3.05595493317 -1.0
5.07797384262 1.0
5.13618087769 -1.0
5.15567684174 -1.0
5.76366782188 -1.0
5.92348003387 -1.0
14.9145889282 -1.0
14.9682159424 -1.0
