0.0 1.0
0.0132319927216 -1.0
0.0580430030823 -1.0
0.114041090012 -1.0
0.180304050446 -1.0
0.238055944443 -1.0
0.282516956329 -1.0
0.31911611557 -1.0
0.319151163101 1.0
0.338874101639 -1.0
0.398168087006 -1.0
0.417282104492 -1.0
0.454060077667 -1.0
0.473484992981 -1.0
0.511100053787 -1.0
0.526412963867 -1.0
0.530518054962 -1.0
0.612010955811 -1.0
0.653867959976 1.0
0.749267101288 -1.0
1.01214194298 -1.0
1.01217412949 -1.0
1.03160595894 -1.0
1.09053111076 -1.0
1.09056997299 1.0
1.11014795303 -1.0
1.15644216537 -1.0
1.16802811623 -1.0
1.17329096794 -1.0
1.2467751503 -1.0
1.51120209694 -1.0
1.5112221241 1.0
1.5899541378 -1.0
1.66795897484 -1.0
1.7119410038 -1.0
1.74714303017 -1.0
1.85825514793 -1.0
2.2324681282 -1.0
2.23320508003 1.0
2.25283312798 -1.0
2.27226805687 -1.0
2.31137704849 -1.0
2.33357596397 -1.0
2.33373808861 -1.0
2.33402514458 -1.0
2.3531460762 -1.0
2.35315203667 1.0
2.35337901115 -1.0
2.38958096504 -1.0
2.47927594185 -1.0
2.49637699127 -1.0
2.49902796745 -1.0
2.84955501556 -1.0
2.91073107719 -1.0
2.91074204445 1.0
2.92796015739 -1.0
2.93028116226 -1.0
2.9499270916 -1.0
2.94993901253 -1.0
3.00190496445 -1.0
3.02138209343 -1.0
3.02138900757 1.0
3.047052145 -1.0
3.04706406593 -1.0
3.0497200489 -1.0
3.06640601158 -1.0
3.08594512939 -1.0
5.13576197624 1.0
5.19438314438 -1.0
5.2140750885 -1.0
5.71080708504 -1.0
5.93743801117 -1.0
15.5373630524 -1.0
15.5569009781 -1.0
