0.0 -1.0
1.09672546387e-05 1.0
0.0249938964844 -1.0
0.0767729282379 -1.0
0.0812160968781 -1.0
0.133441925049 -1.0
0.137402057648 -1.0
0.182410955429 -1.0
0.182426929474 1.0
0.203154087067 -1.0
0.261579990387 -1.0
0.269768953323 -1.0
0.329535961151 -1.0
0.347031116486 -1.0
0.381155967712 -1.0
0.381325960159 -1.0
0.381619930267 1.0
0.400778055191 -1.0
0.437467098236 -1.0
0.457076072693 -1.0
0.513487100601 -1.0
0.519812107086 -1.0
0.577367067337 -1.0
0.606199026108 -1.0
0.606328964233 -1.0
0.621514081955 -1.0
0.621630907059 1.0
0.625672101974 -1.0
0.677578926086 -1.0
0.763966083527 -1.0
0.78422999382 -1.0
0.803820133209 -1.0
1.15670704842 -1.0
1.15699195862 1.0
1.17658400536 -1.0
1.22604203224 -1.0
1.30580306053 -1.0
1.32886099815 -1.0
1.32920408249 -1.0
1.3856549263 -1.0
1.38804602623 -1.0
1.40805506706 -1.0
1.45010709763 -1.0
1.46252012253 -1.0
1.46254992485 1.0
1.46767306328 -1.0
1.4734609127 -1.0
1.47896194458 -1.0
1.48229598999 -1.0
1.49361801147 -1.0
1.49565601349 -1.0
1.49772691727 -1.0
1.50024294853 -1.0
1.50240492821 -1.0
1.5054769516 -1.0
1.50548410416 1.0
1.52717089653 -1.0
1.58580207825 -1.0
1.61508393288 -1.0
1.78738999367 -1.0
1.83387708664 -1.0
1.88003206253 -1.0
1.88008403778 1.0
1.94730091095 -1.0
2.06167411804 -1.0
2.34924507141 -1.0
2.35846090317 -1.0
2.36408901215 -1.0
2.3663020134 -1.0
2.36857008934 -1.0
2.36857700348 1.0
2.3687889576 -1.0
2.36959695816 -1.0
2.37344193459 -1.0
2.37355899811 -1.0
2.37849497795 -1.0
2.38925004005 -1.0
2.39440011978 -1.0
2.39734005928 -1.0
2.39935493469 -1.0
2.40909910202 -1.0
2.43586611748 -1.0
2.47372198105 1.0
2.49439096451 -1.0
2.84762001038 -1.0
2.85726690292 -1.0
2.85988211632 -1.0
2.86691498756 -1.0
2.86713004112 -1.0
2.86713600159 1.0
2.87206912041 -1.0
2.88370609283 -1.0
2.88678503036 -1.0
2.89013910294 -1.0
2.89437890053 -1.0
2.89908790588 -1.0
2.89910697937 1.0
2.90633893013 -1.0
2.94585204124 -1.0
2.96544694901 -1.0
2.9881310463 -1.0
3.01573204994 -1.0
4.50591802597 1.0
4.5618391037 -1.0
4.58145689964 -1.0
5.52584409714 -1.0
5.52610301971 -1.0
5.54549694061 -1.0
6.15871310234 -1.0
6.28527712822 -1.0
6.28529596329 1.0
15.014521122 -1.0
15.0660130978 -1.0
15.0856249332 -1.0
