0.0 -1.0
0.0350708961487 -1.0
0.0350818634033 1.0
0.0350959300995 -1.0
0.0547630786896 -1.0
0.113565921783 -1.0
0.136539936066 -1.0
0.196815013885 -1.0
0.205213069916 -1.0
0.205275058746 -1.0
0.221122026443 -1.0
0.221129894257 1.0
0.225107908249 -1.0
0.269921064377 -1.0
0.329447984695 -1.0
0.386242866516 -1.0
0.534050941467 -1.0
0.61014509201 -1.0
0.648609876633 1.0
0.711963891983 -1.0
0.714350938797 -1.0
0.7144780159 -1.0
0.715360879898 -1.0
0.716258049011 -1.0
0.716816902161 -1.0
0.716825008392 1.0
0.727175951004 -1.0
0.731565952301 -1.0
0.753591060638 -1.0
0.758636951447 -1.0
0.773788928986 -1.0
0.795651912689 -1.0
0.808384895325 -1.0
0.808412075043 1.0
0.82818198204 -1.0
0.874451875687 -1.0
0.88432097435 -1.0
0.917346954346 -1.0
0.936934947968 -1.0
0.962368965149 -1.0
0.962409973145 1.0
0.981962919235 -1.0
1.05311393738 -1.0
1.23509788513 -1.0
1.31593108177 -1.0
1.31596589088 -1.0
1.33655905724 -1.0
1.35880303383 -1.0
1.35884690285 -1.0
1.35886001587 1.0
1.46957302094 -1.0
1.84034585953 -1.0
1.85253405571 -1.0
1.85256385803 -1.0
1.86049509048 -1.0
1.86122608185 -1.0
1.88113307953 -1.0
1.88634800911 -1.0
1.88637208939 1.0
1.89670991898 -1.0
1.90185809135 -1.0
1.90580487251 -1.0
1.90624809265 -1.0
1.90993595123 -1.0
1.9125919342 -1.0
1.91435408592 -1.0
1.92698693275 -1.0
1.96961903572 -1.0
1.98489809036 -1.0
1.98490691185 1.0
2.00584697723 -1.0
2.02595686913 -1.0
2.19917488098 -1.0
2.20796108246 -1.0
2.20808696747 -1.0
2.20894289017 -1.0
2.2113199234 -1.0
2.21132707596 1.0
2.21145486832 -1.0
2.2186999321 -1.0
2.22241187096 -1.0
2.23855400085 -1.0
2.24674987793 -1.0
2.2518119812 -1.0
2.25814294815 -1.0
2.28331589699 -1.0
2.2833480835 1.0
2.32801389694 -1.0
5.23024988174 -1.0
5.6908788681 -1.0
5.82334709167 -1.0
14.979172945 -1.0
14.9989168644 -1.0
14.9989280701 1.0
