0.0 -1.0
0.0144929885864 -1.0
0.0145230293274 1.0
0.0510680675507 -1.0
0.0936191082001 -1.0
0.108941078186 -1.0
0.149641990662 -1.0
0.173711061478 -1.0
0.244436979294 -1.0
0.244853019714 1.0
0.298697948456 -1.0
0.34499001503 -1.0
0.401647090912 -1.0
0.432988166809 -1.0
0.553642988205 -1.0
0.583568096161 -1.0
0.641165971756 -1.0
0.64152097702 1.0
0.697672128677 -1.0
0.712348937988 -1.0
0.728395938873 -1.0
0.728413105011 -1.0
0.732706069946 -1.0
0.732752084732 -1.0
0.733246088028 -1.0
0.748005151749 -1.0
0.755779027939 -1.0
0.767580986023 -1.0
0.767605066299 1.0
0.780127048492 -1.0
0.787397146225 -1.0
0.801311969757 -1.0
0.820907115936 -1.0
0.872425079346 -1.0
0.87689614296 -1.0
0.906754970551 -1.0
0.911442041397 -1.0
0.915668010712 -1.0
0.915676116943 1.0
0.926373958588 -1.0
0.958433151245 -1.0
0.977869033813 -1.0
1.00601696968 -1.0
1.0260310173 -1.0
1.05622196198 -1.0
1.07833909988 -1.0
1.10020303726 -1.0
1.11970710754 -1.0
1.12603116035 -1.0
1.12603902817 1.0
1.14569997787 -1.0
1.14739394188 -1.0
1.16723704338 -1.0
1.1914639473 -1.0
1.21115708351 -1.0
1.2688741684 -1.0
1.32173800468 -1.0
1.57473015785 -1.0
1.57475304604 1.0
1.57697200775 -1.0
1.57759213448 -1.0
1.57878398895 -1.0
1.57962298393 -1.0
1.59431409836 -1.0
1.5943210125 -1.0
1.5949139595 -1.0
1.60097193718 -1.0
1.60401797295 -1.0
1.60403609276 1.0
1.60410094261 -1.0
1.6138920784 -1.0
1.63333296776 -1.0
1.64362311363 -1.0
1.66316199303 -1.0
1.72074103355 -1.0
1.77928495407 -1.0
1.78350305557 -1.0
1.78350996971 1.0
1.79878497124 -1.0
2.05154800415 -1.0
2.0586271286 -1.0
2.06509399414 -1.0
2.0657980442 -1.0
2.07111001015 -1.0
2.07111597061 1.0
2.07708716393 -1.0
2.08858203888 -1.0
2.09025597572 -1.0
2.09054994583 -1.0
2.09139204025 -1.0
2.0917930603 -1.0
2.09180116653 1.0
2.11011600494 -1.0
2.12989902496 -1.0
2.15437316895 -1.0
2.19472193718 -1.0
2.19829106331 -1.0
2.21432900429 -1.0
2.21435308456 1.0
3.50377011299 -1.0
3.52017116547 -1.0
4.99028801918 1.0
5.01024198532 -1.0
5.06643795967 -1.0
5.57810711861 -1.0
5.72379112244 -1.0
6.00990200043 -1.0
6.02944517136 -1.0
15.1847710609 -1.0
15.1847939491 1.0
15.1929090023 -1.0
15.2043590546 -1.0
