0.0 -1.0
0.0977230072021 1.0
0.155296802521 -1.0
0.167735815048 -1.0
0.222564935684 -1.0
0.242174863815 -1.0
0.268378019333 -1.0
0.268558979034 -1.0
0.26864695549 -1.0
0.289597988129 -1.0
0.289723873138 1.0
0.339658975601 -1.0
0.362034797668 -1.0
0.362051010132 -1.0
0.362102031708 -1.0
0.418371915817 -1.0
0.477789878845 -1.0
0.477804899216 1.0
0.495978832245 -1.0
0.496030807495 -1.0
0.497354984283 -1.0
0.554388999939 -1.0
0.573982000351 -1.0
0.594019889832 -1.0
0.708635807037 -1.0
0.746846914291 1.0
0.747589826584 -1.0
0.751384973526 -1.0
0.753082990646 -1.0
0.766541957855 -1.0
0.775817871094 -1.0
0.781757831573 -1.0
0.786113977432 -1.0
0.793254852295 -1.0
0.797012805939 -1.0
0.797046899796 1.0
0.801932811737 -1.0
0.805621862411 -1.0
0.825268030167 -1.0
0.84508395195 -1.0
0.850030899048 -1.0
0.869848012924 -1.0
0.885866880417 -1.0
0.905813932419 -1.0
0.971853017807 -1.0
0.9718978405 1.0
1.11696696281 -1.0
1.19674396515 -1.0
1.19676184654 -1.0
1.23807692528 -1.0
1.28170394897 -1.0
1.28173589706 -1.0
1.39529180527 -1.0
1.84310102463 -1.0
1.84312987328 1.0
1.86394691467 -1.0
1.87386679649 -1.0
1.87392783165 -1.0
1.88573002815 -1.0
1.89184188843 -1.0
1.89459395409 -1.0
1.89807701111 -1.0
1.90332579613 -1.0
1.90809392929 -1.0
1.90809988976 1.0
1.91762590408 -1.0
1.92794680595 -1.0
1.93251681328 -1.0
1.93258285522 -1.0
1.94745898247 -1.0
1.97088980675 -1.0
1.99051785469 -1.0
2.19267988205 -1.0
2.21513199806 -1.0
2.21514201164 1.0
2.21529483795 -1.0
2.21552801132 -1.0
2.21570396423 -1.0
2.2159819603 -1.0
2.21620702744 -1.0
2.21998095512 -1.0
2.22009801865 -1.0
2.2350859642 -1.0
2.23511195183 1.0
2.24348402023 -1.0
2.24354481697 -1.0
2.24548983574 -1.0
2.25472283363 -1.0
2.28254294395 -1.0
2.287940979 -1.0
2.30302381516 -1.0
2.34387588501 -1.0
5.07586789131 1.0
5.13607382774 -1.0
5.58527779579 -1.0
5.88810181618 -1.0
6.09577393532 -1.0
6.1159799099 -1.0
6.14926695824 -1.0
14.6019539833 -1.0
14.6019859314 1.0
15.6064548492 -1.0
