0.0 -1.0
1.31130218506e-05 1.0
0.0572760105133 -1.0
0.0741219520569 -1.0
0.113192081451 -1.0
0.168687105179 -1.0
0.209743976593 -1.0
0.209762096405 -1.0
0.222789049149 -1.0
0.222887039185 1.0
0.227869033813 -1.0
0.271112918854 -1.0
0.329263925552 -1.0
0.341565132141 -1.0
0.361443996429 -1.0
0.374588012695 -1.0
0.435416936874 -1.0
0.450340986252 -1.0
0.465996980667 -1.0
0.470009088516 -1.0
0.470015048981 1.0
0.628885984421 -1.0
0.731115102768 -1.0
0.744709014893 -1.0
0.748359918594 -1.0
0.750952959061 -1.0
0.752284049988 -1.0
0.75491809845 -1.0
0.764811038971 -1.0
0.777137994766 -1.0
0.784513950348 -1.0
0.784536123276 1.0
0.814870119095 -1.0
0.871534109116 -1.0
0.876629114151 -1.0
0.891593933105 -1.0
0.91126704216 -1.0
0.930845022202 -1.0
0.930905103683 1.0
0.951251029968 -1.0
1.12092590332 -1.0
1.16366291046 -1.0
1.20494198799 -1.0
1.25550794601 -1.0
1.31023001671 1.0
1.36997199059 -1.0
1.62863397598 -1.0
1.64467406273 -1.0
1.6469950676 -1.0
1.64819502831 -1.0
1.64895510674 -1.0
1.65636610985 -1.0
1.66051697731 -1.0
1.66400408745 -1.0
1.66624498367 -1.0
1.66625094414 1.0
1.66856598854 -1.0
1.67091012001 -1.0
1.6856610775 -1.0
1.69177889824 -1.0
1.71611094475 -1.0
1.77591609955 -1.0
1.79519200325 -1.0
1.79542994499 -1.0
1.79543495178 1.0
2.24575805664 -1.0
2.27863502502 -1.0
2.29514789581 -1.0
2.29892897606 -1.0
2.33020496368 -1.0
2.33969712257 -1.0
2.35319590569 -1.0
2.35964798927 -1.0
2.35965490341 1.0
2.36578392982 -1.0
2.37976193428 -1.0
2.38172507286 -1.0
2.39717912674 -1.0
2.39932107925 -1.0
2.43860793114 -1.0
2.4556210041 -1.0
2.47691106796 -1.0
2.47691702843 1.0
5.39153695107 -1.0
5.63036108017 -1.0
5.74587607384 -1.0
15.1865999699 -1.0
15.2124650478 -1.0
15.2124760151 1.0
19.5055510998 -1.0
19.7268099785 -1.0
19.7464959621 -1.0
23.5080850124 -1.0
23.5092759132 -1.0
23.539755106 -1.0
23.5402190685 1.0
23.5765810013 -1.0
