0.0 -1.0
1.00135803223e-05 1.0
0.019847869873 -1.0
0.0210058689117 -1.0
0.0419418811798 -1.0
0.0998408794403 -1.0
0.150830030441 -1.0
0.170584917068 -1.0
0.231940031052 -1.0
0.231950998306 1.0
0.257988929749 -1.0
0.278125047684 -1.0
0.335875988007 -1.0
0.337998867035 -1.0
0.366039037704 -1.0
0.385611057281 -1.0
0.44408082962 -1.0
0.444090843201 1.0
0.474912881851 -1.0
0.532378911972 -1.0
0.551931858063 -1.0
0.580906867981 -1.0
0.581074953079 -1.0
0.60055398941 -1.0
0.601556062698 1.0
0.621252059937 -1.0
0.729388952255 -1.0
0.749003887177 -1.0
0.865103960037 -1.0
0.874819040298 -1.0
0.877348899841 -1.0
0.879215955734 -1.0
0.884217023849 -1.0
0.884225845337 1.0
0.88596701622 -1.0
0.894378900528 -1.0
0.911035060883 -1.0
0.913816928864 -1.0
0.971995830536 -1.0
0.972219944 -1.0
0.991512060165 -1.0
0.992003917694 -1.0
0.992029905319 1.0
1.01172804832 -1.0
1.01946401596 -1.0
1.03540205956 -1.0
1.03934502602 -1.0
1.07263898849 -1.0
1.13569903374 -1.0
1.19591093063 -1.0
1.2069709301 -1.0
1.24463891983 1.0
1.25218391418 -1.0
1.2645368576 -1.0
1.29290986061 -1.0
1.33429288864 -1.0
1.40513205528 -1.0
1.41644692421 -1.0
1.45263385773 1.0
1.46412706375 -1.0
1.4836359024 -1.0
1.66663694382 -1.0
1.66947102547 -1.0
1.67014694214 -1.0
1.67110800743 -1.0
1.67131304741 -1.0
1.6786968708 -1.0
1.68616890907 -1.0
1.68618798256 1.0
1.68696403503 -1.0
1.68828487396 -1.0
1.69295692444 -1.0
1.70606589317 -1.0
1.71298694611 -1.0
1.73256397247 -1.0
1.79219889641 -1.0
1.81666088104 -1.0
1.81666994095 1.0
1.83063602448 -1.0
1.83649301529 -1.0
1.85597085953 -1.0
1.88113999367 -1.0
1.97939801216 -1.0
1.98205804825 1.0
2.03998494148 -1.0
2.05955600739 -1.0
2.08648991585 -1.0
2.10614395142 -1.0
2.11113095284 -1.0
2.11422991753 -1.0
2.11815500259 -1.0
2.12112593651 -1.0
2.12113189697 1.0
2.12145495415 -1.0
2.12821888924 -1.0
2.13199591637 -1.0
2.13322687149 -1.0
2.1350569725 -1.0
2.14771795273 -1.0
2.15445685387 -1.0
2.16732382774 -1.0
2.19186496735 -1.0
2.23397994041 -1.0
2.24849200249 -1.0
2.24851489067 1.0
2.26868796349 -1.0
2.39909791946 -1.0
2.40820503235 -1.0
2.42796492577 -1.0
2.51566004753 -1.0
4.45641994476 -1.0
4.45643496513 1.0
4.47588086128 -1.0
4.76722288132 -1.0
5.41752290726 -1.0
5.41782188416 -1.0
5.43713092804 -1.0
5.74856591225 -1.0
5.76814699173 -1.0
5.76815795898 1.0
5.78782892227 -1.0
5.87388896942 -1.0
6.41753387451 -1.0
6.41777801514 -1.0
6.43727493286 -1.0
7.39797592163 1.0
7.41758203506 -1.0
7.43755698204 -1.0
7.66982698441 -1.0
15.7912738323 -1.0
15.8108170033 -1.0
15.9030349255 -1.0
