0.0 -1.0
9.77516174316e-06 1.0
0.0560138225555 -1.0
0.106760978699 -1.0
0.106787919998 -1.0
0.106992006302 -1.0
0.167987823486 -1.0
0.168000936508 1.0
0.21381688118 -1.0
0.214086771011 -1.0
0.214176893234 -1.0
0.214330911636 -1.0
0.233532905579 -1.0
0.253116846085 -1.0
0.312029838562 -1.0
0.338194847107 -1.0
0.338454961777 1.0
0.35818696022 -1.0
0.419985771179 -1.0
0.45955991745 -1.0
0.470359802246 -1.0
0.484676837921 -1.0
0.543989896774 -1.0
0.573697805405 -1.0
0.577787876129 -1.0
0.597406864166 -1.0
0.598535776138 1.0
0.656003952026 -1.0
0.675181865692 -1.0
0.685519933701 -1.0
0.705060005188 -1.0
0.731329917908 -1.0
0.731472969055 -1.0
0.731479883194 -1.0
0.732103824615 -1.0
0.733217954636 -1.0
0.742040872574 -1.0
0.75097489357 -1.0
0.751121997833 -1.0
0.77028298378 -1.0
0.770295858383 1.0
0.774701833725 -1.0
0.79012799263 -1.0
0.809839963913 -1.0
0.853084802628 -1.0
0.866459846497 -1.0
0.886061906815 -1.0
0.90563082695 -1.0
0.905666828156 1.0
0.925469875336 -1.0
0.951731920242 -1.0
1.06026077271 -1.0
1.11203885078 -1.0
1.15455579758 -1.0
1.1742348671 -1.0
1.23441386223 -1.0
1.23450279236 1.0
1.23853087425 -1.0
1.25405597687 -1.0
1.36830878258 -1.0
1.38782978058 -1.0
1.50753498077 -1.0
1.52759099007 -1.0
1.68761587143 -1.0
1.68797278404 1.0
1.70760989189 -1.0
1.76801800728 -1.0
1.77258896828 -1.0
1.77377581596 -1.0
1.7796998024 -1.0
1.77982783318 -1.0
1.7885248661 -1.0
1.78868293762 -1.0
1.78976488113 -1.0
1.80821490288 -1.0
1.80822491646 1.0
1.81336784363 -1.0
1.82828593254 -1.0
1.83721899986 -1.0
1.84782981873 -1.0
1.86739492416 -1.0
1.92374777794 -1.0
1.92645287514 -1.0
1.94521999359 -1.0
1.94522690773 1.0
1.94523382187 -1.0
1.94629096985 -1.0
2.00821781158 -1.0
2.0083668232 -1.0
2.06417298317 -1.0
2.07693600655 -1.0
2.07695293427 -1.0
2.07699990273 1.0
2.0770368576 -1.0
2.1128180027 -1.0
2.11808991432 -1.0
2.1210668087 -1.0
2.12275886536 -1.0
2.12280297279 -1.0
2.12529492378 -1.0
2.12544798851 -1.0
2.13239693642 -1.0
2.1324429512 1.0
2.13364887238 -1.0
2.13645982742 -1.0
2.13818287849 -1.0
2.15206384659 -1.0
2.15707778931 -1.0
2.17178678513 -1.0
2.19150280952 -1.0
2.19936490059 -1.0
2.21113777161 -1.0
2.21117591858 1.0
2.25221896172 -1.0
2.32311797142 -1.0
2.46800494194 -1.0
2.46802091599 -1.0
2.46807384491 -1.0
2.57618999481 -1.0
2.5762219429 -1.0
2.68381786346 -1.0
4.67637991905 1.0
4.69657588005 -1.0
4.71632790565 -1.0
5.07217097282 -1.0
5.69610285759 -1.0
5.69611287117 1.0
5.69700884819 -1.0
5.71581888199 -1.0
6.6967318058 -1.0
6.71645092964 -1.0
7.69743585587 -1.0
7.71704983711 -1.0
7.95805096626 -1.0
16.0416669846 -1.0
16.0416879654 1.0
16.1811637878 -1.0
16.2887217999 -1.0
