0.0 -1.0
1.12056732178e-05 1.0
0.0319662094116 -1.0
0.0885200500488 -1.0
0.108263015747 -1.0
0.126397132874 -1.0
0.146177053452 -1.0
0.231083154678 -1.0
0.250248193741 -1.0
0.250429153442 1.0
0.254570007324 -1.0
0.270169019699 -1.0
0.327886104584 -1.0
0.362243175507 -1.0
0.382086038589 -1.0
0.443858146667 -1.0
0.462073087692 -1.0
0.471216201782 -1.0
0.492449045181 -1.0
0.49383020401 1.0
0.552128076553 -1.0
0.563148021698 -1.0
0.568797111511 -1.0
0.588782072067 -1.0
0.645510196686 -1.0
0.703757047653 -1.0
0.772457122803 -1.0
0.772495985031 1.0
0.775123119354 -1.0
0.775571107864 -1.0
0.776398181915 -1.0
0.777242183685 -1.0
0.784483194351 -1.0
0.793308019638 -1.0
0.79332613945 -1.0
0.795953989029 -1.0
0.795961141586 1.0
0.813042163849 -1.0
0.818660020828 -1.0
0.833065032959 -1.0
0.860616207123 -1.0
0.936470985413 -1.0
0.956116199493 -1.0
0.982402086258 -1.0
0.98241519928 1.0
1.003013134 -1.0
1.14822006226 -1.0
1.16825413704 -1.0
1.1742670536 -1.0
1.18860721588 -1.0
1.20834898949 -1.0
1.23898601532 -1.0
1.23900818825 1.0
1.25853919983 -1.0
1.36800312996 -1.0
1.43942213058 -1.0
1.45440506935 -1.0
1.51180315018 -1.0
1.64284420013 -1.0
1.64358210564 1.0
1.64715909958 -1.0
1.64843511581 -1.0
1.6520690918 -1.0
1.66182398796 -1.0
1.6632142067 -1.0
1.68288803101 -1.0
1.68823504448 -1.0
1.70797204971 -1.0
1.76695013046 -1.0
1.76702213287 1.0
1.78672719002 -1.0
1.79820299149 -1.0
1.81780910492 -1.0
1.85215210915 -1.0
1.8715929985 -1.0
1.94004416466 -1.0
2.04547405243 -1.0
2.04553103447 1.0
2.0502011776 -1.0
2.05032420158 -1.0
2.05113506317 -1.0
2.05562019348 -1.0
2.06056904793 -1.0
2.06559109688 -1.0
2.06980419159 -1.0
2.07043814659 -1.0
2.07081913948 -1.0
2.08531999588 -1.0
2.08532619476 1.0
2.08739900589 -1.0
2.1052441597 -1.0
2.14405107498 -1.0
2.16282105446 -1.0
2.18316721916 -1.0
2.20568609238 -1.0
2.21111917496 -1.0
2.23197817802 -1.0
2.23200416565 1.0
2.25163602829 -1.0
2.31104707718 -1.0
2.37774515152 -1.0
2.44001817703 -1.0
2.48542404175 -1.0
2.66358613968 -1.0
2.66364216805 1.0
2.77343916893 -1.0
2.91429305077 -1.0
4.43350601196 -1.0
4.45314311981 -1.0
4.7850830555 -1.0
5.41465902328 1.0
5.43521118164 -1.0
5.45608401299 -1.0
5.72040009499 -1.0
6.43551301956 -1.0
6.43553519249 1.0
6.43554115295 -1.0
6.43554401398 -1.0
6.4550549984 -1.0
7.43492221832 -1.0
7.45465517044 -1.0
7.6981511116 -1.0
16.0478579998 -1.0
16.0678060055 -1.0
16.1566460133 -1.0
16.1566660404 1.0
