0.0 -1.0
1.78813934326e-05 1.0
2.50339508057e-05 -1.0
0.000158071517944 -1.0
0.0588569641113 -1.0
0.0929539203644 -1.0
0.14904499054 -1.0
0.149054050446 1.0
0.169836997986 -1.0
0.227077007294 -1.0
0.240174055099 -1.0
0.259870052338 -1.0
0.302633047104 -1.0
0.341300010681 -1.0
0.341552019119 1.0
0.360980033875 -1.0
0.381234884262 -1.0
0.399019956589 -1.0
0.439007043839 -1.0
0.460834980011 -1.0
0.533061981201 -1.0
0.589070081711 -1.0
0.592602968216 1.0
0.597286939621 -1.0
0.612552881241 -1.0
0.67106795311 -1.0
0.704845905304 -1.0
0.797837018967 -1.0
0.828667879105 -1.0
0.834598064423 -1.0
0.834631919861 1.0
0.848645925522 -1.0
0.868206977844 -1.0
0.889297008514 -1.0
0.996994018555 -1.0
1.09398508072 -1.0
1.09449100494 1.0
1.11427402496 -1.0
1.17111206055 -1.0
1.19825196266 -1.0
1.25714087486 -1.0
1.27784395218 -1.0
1.37558889389 -1.0
1.43318390846 -1.0
1.4911980629 -1.0
1.50876903534 1.0
1.54681992531 -1.0
1.60512089729 -1.0
1.66314888 -1.0
1.69616293907 -1.0
1.71482801437 -1.0
1.71625304222 -1.0
1.71654701233 -1.0
1.7341799736 -1.0
1.73450803757 -1.0
1.73452401161 -1.0
1.73472499847 -1.0
1.73473000526 1.0
1.75410509109 -1.0
1.77416491508 -1.0
1.82911300659 -1.0
1.84928488731 -1.0
1.85728287697 -1.0
1.85746693611 -1.0
1.86932396889 -1.0
1.89725804329 -1.0
1.8972671032 1.0
1.91686296463 -1.0
1.95511388779 -1.0
1.95727491379 -1.0
1.97299194336 -1.0
1.99255394936 -1.0
2.02628993988 -1.0
2.06523704529 -1.0
2.06525397301 1.0
2.0849840641 -1.0
2.10503005981 -1.0
2.12365889549 -1.0
2.12461709976 -1.0
2.16315102577 -1.0
2.16316103935 1.0
2.16499900818 -1.0
2.18116307259 -1.0
2.21939086914 -1.0
2.23162007332 -1.0
2.25473594666 -1.0
2.31126403809 -1.0
2.52329206467 -1.0
2.55629706383 -1.0
2.55714607239 1.0
2.55746102333 -1.0
2.56891989708 -1.0
2.56941008568 -1.0
2.57719802856 -1.0
2.59538006783 -1.0
2.59680700302 -1.0
2.6308619976 -1.0
2.63278102875 -1.0
2.65040493011 -1.0
2.65042090416 1.0
2.71296906471 -1.0
3.00327205658 -1.0
3.00634694099 -1.0
3.00707507133 -1.0
3.01614403725 -1.0
3.02603793144 -1.0
3.02848696709 -1.0
3.04264187813 -1.0
3.04275202751 1.0
3.04667687416 -1.0
3.04716300964 -1.0
3.0480659008 -1.0
3.09927201271 -1.0
3.10496902466 -1.0
3.16589403152 -1.0
5.01950788498 1.0
5.03876590729 -1.0
5.03914499283 -1.0
5.05873703957 -1.0
5.29030609131 -1.0
6.03877687454 -1.0
6.03878593445 1.0
6.03935408592 -1.0
6.05840492249 -1.0
6.54496097565 -1.0
6.74576401711 -1.0
7.03909897804 -1.0
7.05867791176 -1.0
7.29624390602 -1.0
15.6913208961 -1.0
15.6913409233 1.0
16.6781420708 -1.0
16.7856359482 -1.0
16.805325985 -1.0
