0.0 -1.0
0.0378382205963 1.0
0.0572772026062 -1.0
0.100596189499 -1.0
0.161721229553 -1.0
0.219178199768 -1.0
0.283965110779 -1.0
0.30465722084 -1.0
0.363280057907 -1.0
0.363288164139 1.0
0.419537067413 -1.0
0.4254591465 -1.0
0.479220151901 -1.0
0.481448173523 -1.0
0.535223007202 -1.0
0.537300109863 -1.0
0.582802057266 -1.0
0.591207027435 -1.0
0.591234207153 1.0
0.610757112503 -1.0
0.651415109634 -1.0
0.659944057465 -1.0
0.671135187149 -1.0
0.721377134323 -1.0
0.722895145416 -1.0
0.722920179367 1.0
0.72956609726 -1.0
0.735482215881 -1.0
0.746602058411 -1.0
0.751865148544 -1.0
0.752229213715 -1.0
0.756268024445 -1.0
0.803361177444 -1.0
0.812493085861 -1.0
0.814181089401 -1.0
0.814202070236 1.0
0.834000110626 -1.0
0.863377094269 -1.0
0.873820066452 -1.0
0.881339073181 -1.0
0.886121034622 -1.0
0.893822193146 -1.0
0.91150021553 -1.0
0.914050102234 -1.0
0.940965175629 -1.0
0.940991163254 1.0
0.945405006409 -1.0
0.960906028748 -1.0
0.980772018433 -1.0
1.26618123055 -1.0
1.34425616264 -1.0
1.34929418564 -1.0
1.36407709122 -1.0
1.36410021782 1.0
1.65532207489 -1.0
1.89129710197 -1.0
1.99929618835 -1.0
2.27775621414 -1.0
2.28529119492 -1.0
2.28531718254 1.0
2.28696608543 -1.0
2.29763317108 -1.0
2.29865717888 -1.0
2.31064200401 -1.0
2.31552815437 -1.0
2.31731104851 -1.0
2.35232806206 -1.0
2.37194299698 -1.0
2.42796206474 -1.0
2.42797112465 1.0
2.43345999718 -1.0
2.44929718971 -1.0
2.45306515694 -1.0
2.48487710953 -1.0
2.50044322014 -1.0
2.50436401367 -1.0
2.50436902046 1.0
2.81268811226 -1.0
2.81833720207 -1.0
2.82198214531 -1.0
2.82221722603 -1.0
2.82718205452 -1.0
2.83241820335 -1.0
2.83242416382 1.0
2.84145617485 -1.0
2.84601521492 -1.0
2.84798812866 -1.0
2.85127019882 -1.0
2.85212111473 -1.0
2.86644721031 -1.0
2.86645817757 1.0
2.88617420197 -1.0
2.94548511505 -1.0
2.96514701843 -1.0
2.96979308128 -1.0
2.9849050045 -1.0
3.02184414864 1.0
3.03538107872 -1.0
3.04147815704 -1.0
3.06151103973 -1.0
3.07917022705 -1.0
3.13533616066 -1.0
3.14424610138 -1.0
4.97927117348 1.0
4.99860811234 -1.0
4.99882006645 -1.0
5.01836013794 -1.0
5.58746910095 -1.0
5.75024914742 -1.0
5.99912118912 -1.0
6.01863622665 -1.0
6.10391712189 -1.0
6.1039390564 1.0
15.6605842113 -1.0
15.6804480553 -1.0
15.7206590176 -1.0
