0.0 -1.0
0.022665977478 -1.0
0.0231771469116 1.0
0.0800139904022 -1.0
0.136059999466 -1.0
0.221934080124 -1.0
0.280095100403 -1.0
0.336032152176 -1.0
0.364524126053 -1.0
0.430000066757 -1.0
0.43025302887 1.0
0.450184106827 -1.0
0.508491039276 -1.0
0.512515068054 -1.0
0.567862987518 -1.0
0.570152997971 -1.0
0.643886089325 -1.0
0.646548986435 -1.0
0.646574020386 1.0
0.663510084152 -1.0
0.667021989822 -1.0
0.682665109634 -1.0
0.68310713768 -1.0
0.732338190079 -1.0
0.742190122604 -1.0
0.781778097153 -1.0
0.781813144684 1.0
0.786368131638 -1.0
0.801468133926 -1.0
0.821125984192 -1.0
0.83632516861 -1.0
0.840697050095 -1.0
0.843770027161 -1.0
0.85616517067 -1.0
0.860152959824 -1.0
0.898478031158 1.0
0.916129112244 -1.0
0.972138166428 -1.0
0.984834194183 -1.0
1.00456905365 -1.0
1.03338217735 -1.0
1.05296015739 -1.0
1.07248210907 -1.0
1.13850498199 -1.0
1.13854598999 1.0
1.24806118011 -1.0
1.29826402664 -1.0
1.31096696854 -1.0
1.31785917282 -1.0
1.323387146 -1.0
1.3377161026 -1.0
1.46000504494 -1.0
1.46006917953 1.0
1.46222901344 -1.0
1.46247506142 -1.0
1.46285605431 -1.0
1.47077703476 -1.0
1.47092318535 -1.0
1.47967910767 -1.0
1.48049998283 -1.0
1.49816012383 -1.0
1.49989914894 -1.0
1.49993109703 1.0
1.50007200241 -1.0
1.53776502609 -1.0
1.59991717339 -1.0
1.61956715584 -1.0
1.6756310463 -1.0
1.90360617638 -1.0
1.90684008598 -1.0
1.90689206123 1.0
1.90835404396 -1.0
1.90860104561 -1.0
1.90925598145 -1.0
1.91006302834 -1.0
1.91041207314 -1.0
1.92646408081 -1.0
1.94463396072 -1.0
1.94484114647 -1.0
1.94588303566 -1.0
1.98243403435 -1.0
1.98247504234 1.0
2.04055809975 -1.0
5.12558698654 -1.0
5.14507317543 -1.0
5.51016497612 -1.0
5.51019406319 1.0
5.67264509201 -1.0
6.16451406479 -1.0
6.18411302567 -1.0
6.19709897041 -1.0
15.6266629696 -1.0
15.6901350021 -1.0
15.690144062 1.0
15.7096850872 -1.0
