0.0 -1.0
0.00939393043518 -1.0
0.00942087173462 1.0
0.0292160511017 -1.0
0.0489618778229 -1.0
0.0886340141296 -1.0
0.10133600235 -1.0
0.120839834213 -1.0
0.178951025009 -1.0
0.241858005524 1.0
0.268450975418 -1.0
0.288039922714 -1.0
0.326742887497 -1.0
0.382822990417 -1.0
0.422081947327 -1.0
0.558719873428 -1.0
0.595283031464 1.0
0.620653867722 -1.0
0.667693853378 -1.0
0.700312852859 -1.0
0.722620010376 -1.0
0.722854852676 -1.0
0.722862005234 -1.0
0.72342300415 -1.0
0.723443031311 1.0
0.728719949722 -1.0
0.7423620224 -1.0
0.758741855621 -1.0
0.759238004684 -1.0
0.773056030273 -1.0
0.792528867722 -1.0
0.797065973282 -1.0
0.797158956528 1.0
0.812245845795 -1.0
0.854809045792 -1.0
0.870897054672 -1.0
0.877398014069 -1.0
0.89052605629 -1.0
0.906443834305 -1.0
0.910048961639 -1.0
0.914433956146 -1.0
0.91726899147 -1.0
0.917292833328 1.0
0.929503917694 -1.0
0.949239969254 -1.0
1.17306184769 -1.0
1.21133804321 -1.0
1.23127388954 -1.0
1.29728198051 -1.0
1.2973279953 1.0
1.41484093666 -1.0
1.62063884735 -1.0
1.62248492241 -1.0
1.62258005142 -1.0
1.62749290466 -1.0
1.62831282616 -1.0
1.64021492004 -1.0
1.64101004601 -1.0
1.64101696014 1.0
1.64685893059 -1.0
1.64714884758 -1.0
1.65881299973 -1.0
1.6602640152 -1.0
1.66059184074 -1.0
1.66059589386 -1.0
1.69665598869 -1.0
1.78506088257 -1.0
2.07497096062 -1.0
2.07499194145 1.0
2.07861804962 -1.0
2.07894587517 -1.0
2.09249901772 -1.0
2.09353804588 -1.0
2.09437203407 -1.0
2.09460091591 -1.0
2.09460687637 1.0
2.11343884468 -1.0
2.11443686485 -1.0
2.117208004 -1.0
2.13410782814 -1.0
2.15385293961 -1.0
2.24108195305 -1.0
2.2410929203 1.0
5.2021420002 -1.0
5.20249795914 -1.0
5.25914001465 -1.0
5.56553196907 -1.0
5.56555294991 1.0
5.70192599297 -1.0
6.20248699188 -1.0
6.22198486328 -1.0
15.3924529552 -1.0
15.4120948315 -1.0
15.4316048622 -1.0
15.4316148758 1.0
