0.0 -1.0
1.38282775879e-05 1.0
0.0592968463898 -1.0
0.246966838837 -1.0
0.303363800049 -1.0
0.35951089859 -1.0
0.444003820419 -1.0
0.523260831833 -1.0
0.65669798851 -1.0
0.656710863113 1.0
0.661482810974 -1.0
0.662438869476 -1.0
0.670494794846 -1.0
0.670614004135 -1.0
0.67622089386 -1.0
0.68886590004 1.0
0.694671869278 -1.0
0.695750951767 -1.0
0.70846581459 -1.0
0.732609987259 -1.0
0.798225879669 -1.0
0.799257993698 -1.0
0.817800998688 -1.0
0.837272882462 -1.0
0.837298870087 1.0
0.847574949265 -1.0
0.857078790665 -1.0
0.969174861908 -1.0
1.00755190849 -1.0
1.05035996437 -1.0
1.10866189003 -1.0
1.14598798752 -1.0
1.14604187012 1.0
1.16553878784 -1.0
1.20344495773 -1.0
1.22311687469 -1.0
1.41353178024 -1.0
1.4723098278 -1.0
1.48193097115 -1.0
1.48261594772 -1.0
1.48266601562 1.0
1.48482298851 -1.0
1.49312782288 -1.0
1.49328780174 -1.0
1.49757289886 -1.0
1.50157189369 -1.0
1.50213599205 -1.0
1.51624798775 -1.0
1.51763486862 -1.0
1.52067780495 -1.0
1.52069997787 1.0
1.52123498917 -1.0
1.55390501022 -1.0
1.5583729744 -1.0
1.57393789291 -1.0
1.63167881966 -1.0
1.63392782211 -1.0
1.66221380234 -1.0
1.72088289261 -1.0
1.74144697189 -1.0
1.77893996239 1.0
1.7986497879 -1.0
1.93379998207 -1.0
1.93609499931 -1.0
1.93650579453 -1.0
1.93700790405 -1.0
1.93735384941 -1.0
1.94645595551 -1.0
1.94720482826 -1.0
1.95582079887 -1.0
1.95899295807 -1.0
1.9716489315 -1.0
1.97169089317 1.0
1.97533988953 -1.0
2.00948381424 -1.0
2.08002185822 -1.0
2.1088578701 -1.0
2.16677188873 -1.0
2.23173999786 -1.0
2.41892194748 1.0
2.43861699104 -1.0
2.49859380722 -1.0
2.51883792877 -1.0
2.57470679283 -1.0
2.61083698273 -1.0
2.63041901588 -1.0
2.65494585037 -1.0
2.66058897972 -1.0
2.66061496735 1.0
2.67475700378 -1.0
2.75564980507 -1.0
2.77278399467 -1.0
2.78817296028 -1.0
2.80782699585 -1.0
5.27120089531 -1.0
5.29081892967 -1.0
5.52050089836 -1.0
5.52052283287 1.0
5.69056200981 -1.0
6.2714548111 -1.0
6.29095983505 -1.0
8.27213788033 -1.0
8.2918639183 -1.0
17.1124680042 -1.0
17.1124908924 1.0
17.132049799 -1.0
