0.0 -1.0
0.0119690895081 -1.0
0.0119771957397 1.0
0.0316820144653 -1.0
0.0416250228882 -1.0
0.0513010025024 -1.0
0.0640881061554 -1.0
0.0710179805756 -1.0
0.12988114357 -1.0
0.185559034348 -1.0
0.244400978088 -1.0
0.264311075211 -1.0
0.26432800293 1.0
0.290644168854 -1.0
0.330438137054 -1.0
0.375051021576 -1.0
0.428128004074 -1.0
0.478134155273 -1.0
0.497963190079 -1.0
0.497973203659 1.0
0.530081987381 -1.0
0.549718141556 -1.0
0.570207118988 -1.0
0.6102039814 -1.0
0.645852088928 -1.0
0.704269170761 -1.0
0.74045419693 1.0
0.760241031647 -1.0
0.780098199844 -1.0
0.804030179977 -1.0
0.820380210876 -1.0
0.840037107468 -1.0
0.896130084991 -1.0
0.915743112564 -1.0
0.915771007538 1.0
0.935268163681 -1.0
0.968466997147 -1.0
1.02795314789 -1.0
1.24571800232 -1.0
1.42174601555 -1.0
1.69512701035 -1.0
1.69515800476 1.0
1.79642510414 -1.0
1.81629610062 -1.0
1.84156298637 -1.0
1.89763212204 -1.0
2.11084198952 -1.0
2.13868904114 -1.0
2.15829920769 -1.0
2.180727005 -1.0
2.18073606491 1.0
2.20029520988 -1.0
2.20346307755 -1.0
2.24664998055 -1.0
2.26149010658 -1.0
2.31778311729 -1.0
2.33732914925 -1.0
2.48239016533 -1.0
2.52044320107 1.0
2.63504505157 -1.0
2.65502715111 -1.0
2.66319608688 -1.0
2.67476701736 -1.0
2.67589211464 -1.0
2.69432401657 -1.0
2.69433116913 1.0
2.71169805527 -1.0
2.71454906464 -1.0
2.71800518036 -1.0
3.68962907791 -1.0
4.10958313942 -1.0
4.13967609406 -1.0
4.23151111603 -1.0
4.2315261364 1.0
4.23220920563 -1.0
4.25128316879 -1.0
4.27101111412 -1.0
4.80175113678 -1.0
4.82150411606 -1.0
4.8769659996 -1.0
4.87697911263 1.0
4.87768507004 -1.0
4.87812709808 -1.0
4.88017416 -1.0
4.89653205872 -1.0
4.90955114365 -1.0
4.91632914543 -1.0
4.91633605957 1.0
5.1143951416 -1.0
5.24797105789 -1.0
5.27958297729 -1.0
5.33222103119 -1.0
5.368735075 -1.0
5.4180932045 1.0
5.43779110909 -1.0
5.80173301697 -1.0
5.80185317993 -1.0
5.80218315125 -1.0
5.82145118713 -1.0
6.30520009995 -1.0
6.32579302788 -1.0
6.32580304146 1.0
6.34556818008 -1.0
6.80260419846 -1.0
6.82245206833 -1.0
7.0914080143 -1.0
7.12293100357 -1.0
7.14259505272 -1.0
7.33541798592 -1.0
7.56423020363 -1.0
7.56425118446 1.0
7.59503507614 -1.0
7.80288600922 -1.0
7.82245016098 -1.0
8.47897815704 -1.0
8.49860906601 -1.0
8.51072406769 -1.0
8.51073002815 1.0
8.51815700531 -1.0
9.20984697342 -1.0
9.21014618874 -1.0
9.21248817444 -1.0
9.22961211205 -1.0
9.23312807083 -1.0
9.2382941246 -1.0
9.23831605911 1.0
9.25791406631 -1.0
9.31642508507 -1.0
9.44260215759 -1.0
9.47418618202 -1.0
9.66527318954 -1.0
9.92255020142 -1.0
9.92256903648 1.0
9.96255397797 -1.0
10.6590871811 -1.0
10.663724184 -1.0
10.6789941788 -1.0
10.698579073 -1.0
10.7307760715 -1.0
10.730782032 1.0
11.3825461864 -1.0
11.4191040993 -1.0
11.4198250771 -1.0
11.4389882088 -1.0
11.8693900108 -1.0
11.906730175 -1.0
11.9067389965 1.0
13.1302092075 -1.0
13.167383194 -1.0
13.3818991184 -1.0
13.3893880844 -1.0
13.3904561996 -1.0
13.3918740749 -1.0
13.3918800354 1.0
13.4014670849 -1.0
13.4130439758 -1.0
13.4210062027 -1.0
16.4794859886 -1.0
16.5328161716 -1.0
16.7986831665 -1.0
16.7987010479 1.0
16.8472611904 -1.0
17.7263190746 -1.0
17.7829351425 -1.0
17.7905771732 -1.0
17.8105401993 -1.0
17.8554580212 -1.0
17.8924400806 1.0
